-5.8, -0.4, 0.4, 0.7, -2.9, -6.0, -3.9, -4.6, -2.0, 1.8, -1.6, 1.8, -2.7, 0.3, 1.7, 3.6, -0.8, -3.5, -1.6, -4.1, -5.2, 0.7, -4.1, 1.2, 2.3, -4.7, -7.0, 1.4, 3.7, 0.2, -2.7, 0.4, -7.0, 0.9, 6.3, -2.2
parameter ends

state | action | reward
[1.25] | [-6.33  5.81 -1.65] | 0.8727556690727057
1.2493645337381205 | [-6.96 17.44 17.35] | 0.21754937182040246
1.2485908322866384 | [-15.04  30.42  16.79] | -0.6095675416022936
1.2468767282232787 | [-23.01  43.43  16.4 ] | -1.9079450001094267
1.2441033233902958 | [-30.88  56.51  16.22] | -3.6777118485103095
1.2401057144155043 | [-38.6   69.67  16.26] | -5.919772861747903
1.2346756318026813 | [-46.18  82.93  16.55] | -9.635173723208531
Total reward: -20.659865934285357
