0.3, -4.6, -0.4, -0.1, -0.7, 6.0, 0.1, -5.7, -0.1
parameter ends

state | action | reward
[-0.43] | 2 | -1.0
-0.4267232120037079 | 2 | -1.0
-0.42615392804145813 | 2 | -1.0
-0.4253051280975342 | 2 | -1.0
-0.42418286204338074 | 2 | -1.0
-0.42279523611068726 | 2 | -1.0
-0.42115214467048645 | 2 | -1.0
-0.41926535964012146 | 2 | -1.0
-0.4171483814716339 | 2 | -1.0
-0.4148162603378296 | 2 | -1.0
-0.41228562593460083 | 2 | -1.0
-0.40957438945770264 | 2 | -1.0
-0.4067017734050751 | 2 | -1.0
-0.4036880135536194 | 2 | -1.0
-0.4005542993545532 | 2 | -1.0
-0.3973226249217987 | 2 | -1.0
-0.39401552081108093 | 2 | -1.0
-0.3906560242176056 | 2 | -1.0
-0.3872673511505127 | 2 | -1.0
-0.3838728666305542 | 2 | -1.0
-0.38049593567848206 | 2 | -1.0
-0.37715962529182434 | 2 | -1.0
-0.3738865852355957 | 2 | -1.0
-0.37069904804229736 | 2 | -1.0
-0.3676184415817261 | 2 | -1.0
-0.3646654784679413 | 2 | -1.0
-0.36185982823371887 | 2 | -1.0
-0.3592202067375183 | 2 | -1.0
-0.3567640483379364 | 2 | -1.0
-0.35450756549835205 | 2 | -1.0
-0.35246556997299194 | 2 | -1.0
-0.35065144300460815 | 2 | -1.0
-0.3490769863128662 | 2 | -1.0
-0.34775248169898987 | 2 | -1.0
-0.346686452627182 | 2 | -1.0
-0.34588587284088135 | 2 | -1.0
-0.34535589814186096 | 2 | -1.0
-0.34509992599487305 | 2 | -1.0
-0.3451196253299713 | 2 | -1.0
-0.3454148769378662 | 2 | -1.0
-0.3459837734699249 | 2 | -1.0
-0.3468226194381714 | 2 | -1.0
-0.3479260206222534 | 2 | -1.0
-0.349286824464798 | 2 | -1.0
-0.3508961796760559 | 2 | -1.0
-0.35274362564086914 | 2 | -1.0
-0.35481709241867065 | 2 | -1.0
-0.35710304975509644 | 2 | -1.0
-0.3595864176750183 | 2 | -1.0
-0.3622508645057678 | 2 | -1.0
-0.36507871747016907 | 2 | -1.0
-0.368051141500473 | 2 | -1.0
-0.37114831805229187 | 2 | -1.0
-0.3743493854999542 | 2 | -1.0
-0.37763282656669617 | 2 | -1.0
-0.3809763789176941 | 2 | -1.0
-0.384357213973999 | 2 | -1.0
-0.3877522945404053 | 2 | -1.0
-0.3911382257938385 | 2 | -1.0
-0.39449167251586914 | 2 | -1.0
-0.3977894186973572 | 2 | -1.0
-0.4010084569454193 | 2 | -1.0
-0.4041263461112976 | 2 | -1.0
-0.4071212410926819 | 2 | -1.0
-0.40997201204299927 | 2 | -1.0
-0.41265860199928284 | 2 | -1.0
-0.41516196727752686 | 2 | -1.0
-0.41746431589126587 | 2 | -1.0
-0.4195493161678314 | 2 | -1.0
-0.42140206694602966 | 2 | -1.0
-0.42300933599472046 | 2 | -1.0
-0.42435961961746216 | 2 | -1.0
-0.42544326186180115 | 2 | -1.0
-0.42625248432159424 | 2 | -1.0
-0.42678147554397583 | 2 | -1.0
-0.4270264208316803 | 2 | -1.0
-0.42698556184768677 | 2 | -1.0
-0.4266591966152191 | 2 | -1.0
-0.42604967951774597 | 2 | -1.0
-0.4251613914966583 | 2 | -1.0
-0.42400068044662476 | 2 | -1.0
-0.4225758910179138 | 2 | -1.0
-0.4208972454071045 | 2 | -1.0
-0.41897672414779663 | 2 | -1.0
-0.41682806611061096 | 2 | -1.0
-0.41446653008461 | 2 | -1.0
-0.41190895438194275 | 2 | -1.0
-0.40917348861694336 | 2 | -1.0
-0.40627944469451904 | 2 | -1.0
-0.40324723720550537 | 2 | -1.0
-0.40009817481040955 | 2 | -1.0
-0.39685431122779846 | 2 | -1.0
-0.39353832602500916 | 2 | -1.0
-0.39017319679260254 | 2 | -1.0
-0.3867822587490082 | 2 | -1.0
-0.3833889067173004 | 2 | -1.0
-0.38001635670661926 | 2 | -1.0
-0.3766877055168152 | 2 | -1.0
-0.37342554330825806 | 2 | -1.0
-0.37025195360183716 | 2 | -1.0
-0.36718833446502686 | 2 | -1.0
-0.36425524950027466 | 2 | -1.0
-0.3614721894264221 | 2 | -1.0
-0.35885775089263916 | 2 | -1.0
-0.35642915964126587 | 2 | -1.0
-0.35420241951942444 | 2 | -1.0
-0.3521921932697296 | 2 | -1.0
-0.35041162371635437 | 2 | -1.0
-0.34887227416038513 | 2 | -1.0
-0.34758418798446655 | 2 | -1.0
-0.3465557098388672 | 2 | -1.0
-0.3457935154438019 | 2 | -1.0
-0.3453024923801422 | 2 | -1.0
-0.34508585929870605 | 2 | -1.0
-0.34514495730400085 | 2 | -1.0
-0.34547945857048035 | 2 | -1.0
-0.34608718752861023 | 2 | -1.0
-0.34696418046951294 | 2 | -1.0
-0.3481048345565796 | 2 | -1.0
-0.34950169920921326 | 2 | -1.0
-0.35114574432373047 | 2 | -1.0
-0.35302627086639404 | 2 | -1.0
-0.35513097047805786 | 2 | -1.0
-0.3574460446834564 | 2 | -1.0
-0.3599563241004944 | 2 | -1.0
-0.3626452088356018 | 2 | -1.0
-0.36549490690231323 | 2 | -1.0
-0.3684864044189453 | 2 | -1.0
-0.3715997040271759 | 2 | -1.0
-0.37481388449668884 | 2 | -1.0
-0.3781072795391083 | 2 | -1.0
-0.38145753741264343 | 2 | -1.0
-0.3848418593406677 | 2 | -1.0
-0.3882370591163635 | 2 | -1.0
-0.3916197717189789 | 2 | -1.0
-0.3949666917324066 | 2 | -1.0
-0.3982545733451843 | 2 | -1.0
-0.40146052837371826 | 2 | -1.0
-0.40456217527389526 | 2 | -1.0
-0.4075377583503723 | 2 | -1.0
-0.4103662967681885 | 2 | -1.0
-0.413027822971344 | 2 | -1.0
-0.41550353169441223 | 2 | -1.0
-0.41777580976486206 | 2 | -1.0
-0.41982850432395935 | 2 | -1.0
-0.42164695262908936 | 2 | -1.0
-0.4232181906700134 | 2 | -1.0
-0.424530953168869 | 2 | -1.0
-0.4255758225917816 | 2 | -1.0
-0.4263453185558319 | 2 | -1.0
-0.4268338978290558 | 2 | -1.0
-0.4270380735397339 | 2 | -1.0
-0.4269563853740692 | 2 | -1.0
-0.42658939957618713 | 2 | -1.0
-0.42593973875045776 | 2 | -1.0
-0.42501208186149597 | 2 | -1.0
-0.4238131046295166 | 2 | -1.0
-0.4223513901233673 | 2 | -1.0
-0.42063742876052856 | 2 | -1.0
-0.4186834394931793 | 2 | -1.0
-0.416503369808197 | 2 | -1.0
-0.41411280632019043 | 2 | -1.0
-0.41152867674827576 | 2 | -1.0
-0.4087693393230438 | 2 | -1.0
-0.4058542847633362 | 2 | -1.0
-0.40280404686927795 | 2 | -1.0
-0.3996400833129883 | 2 | -1.0
-0.3963845372200012 | 2 | -1.0
-0.3930600881576538 | 2 | -1.0
-0.3896898627281189 | 2 | -1.0
-0.38629716634750366 | 2 | -1.0
-0.38290533423423767 | 2 | -1.0
-0.3795376718044281 | 2 | -1.0
-0.3762171268463135 | 2 | -1.0
-0.37296628952026367 | 2 | -1.0
-0.3698071241378784 | 2 | -1.0
-0.36676090955734253 | 2 | -1.0
-0.3638480603694916 | 2 | -1.0
-0.36108800768852234 | 2 | -1.0
-0.35849907994270325 | 2 | -1.0
-0.35609835386276245 | 2 | -1.0
-0.3539017140865326 | 2 | -1.0
-0.35192352533340454 | 2 | -1.0
-0.35017672181129456 | 2 | -1.0
-0.34867268800735474 | 2 | -1.0
-0.34742119908332825 | 2 | -1.0
-0.3464304208755493 | 2 | -1.0
-0.34570667147636414 | 2 | -1.0
-0.34525471925735474 | 2 | -1.0
-0.34507739543914795 | 2 | -1.0
-0.34517592191696167 | 2 | -1.0
-0.345549613237381 | 2 | -1.0
-0.34619608521461487 | 2 | -1.0
-0.34711113572120667 | 2 | -1.0
-0.3482888638973236 | 2 | -1.0
-0.34972164034843445 | 2 | -1.0
-0.3514001667499542 | 2 | -1.0
-0.35331347584724426 | 2 | -1.0
-0.3554491102695465 | 2 | -1.0
-0.35779306292533875 | 2 | -1.0
[-0.42] | 2 | -1.0
-0.4150850474834442 | 2 | -1.0
-0.4146827161312103 | 2 | -1.0
-0.4140828251838684 | 2 | -1.0
-0.4132895767688751 | 2 | -1.0
-0.41230863332748413 | 2 | -1.0
-0.41114693880081177 | 2 | -1.0
-0.4098127484321594 | 2 | -1.0
-0.4083154499530792 | 2 | -1.0
-0.4066656529903412 | 2 | -1.0
-0.4048749804496765 | 2 | -1.0
-0.4029560387134552 | 2 | -1.0
-0.4009222686290741 | 2 | -1.0
-0.3987879753112793 | 2 | -1.0
-0.3965680003166199 | 2 | -1.0
-0.3942779004573822 | 2 | -1.0
-0.39193353056907654 | 2 | -1.0
-0.38955119252204895 | 2 | -1.0
-0.38714733719825745 | 2 | -1.0
-0.3847385048866272 | 2 | -1.0
-0.38234126567840576 | 2 | -1.0
-0.37997204065322876 | 2 | -1.0
-0.3776469826698303 | 2 | -1.0
-0.3753819167613983 | 2 | -1.0
-0.3731922209262848 | 2 | -1.0
-0.37109267711639404 | 2 | -1.0
-0.36909744143486023 | 2 | -1.0
-0.3672199249267578 | 2 | -1.0
-0.365472674369812 | 2 | -1.0
-0.3638674020767212 | 2 | -1.0
-0.36241480708122253 | 2 | -1.0
-0.36112451553344727 | 2 | -1.0
-0.36000511050224304 | 2 | -1.0
-0.359063982963562 | 2 | -1.0
-0.3583073616027832 | 2 | -1.0
-0.35774022340774536 | 2 | -1.0
-0.3573663532733917 | 2 | -1.0
-0.3571881949901581 | 2 | -1.0
-0.35720688104629517 | 2 | -1.0
-0.3574223518371582 | 2 | -1.0
-0.3578331470489502 | 2 | -1.0
-0.35843655467033386 | 2 | -1.0
-0.35922864079475403 | 2 | -1.0
-0.36020413041114807 | 2 | -1.0
-0.36135661602020264 | 2 | -1.0
-0.3626784086227417 | 2 | -1.0
-0.36416077613830566 | 2 | -1.0
-0.3657938539981842 | 2 | -1.0
-0.3675667643547058 | 2 | -1.0
-0.3694676160812378 | 2 | -1.0
-0.371483713388443 | 2 | -1.0
-0.373601496219635 | 2 | -1.0
-0.37580665946006775 | 2 | -1.0
-0.37808430194854736 | 2 | -1.0
-0.38041895627975464 | 2 | -1.0
-0.3827947676181793 | 2 | -1.0
-0.38519546389579773 | 2 | -1.0
-0.38760462403297424 | 2 | -1.0
-0.3900056779384613 | 2 | -1.0
-0.39238208532333374 | 2 | -1.0
-0.39471739530563354 | 2 | -1.0
-0.3969953954219818 | 2 | -1.0
-0.3992002606391907 | 2 | -1.0
-0.4013166129589081 | 2 | -1.0
-0.40332964062690735 | 2 | -1.0
-0.4052252471446991 | 2 | -1.0
-0.406990110874176 | 2 | -1.0
-0.40861180424690247 | 2 | -1.0
-0.41007891297340393 | 2 | -1.0
-0.4113810658454895 | 2 | -1.0
-0.412509024143219 | 2 | -1.0
-0.4134548008441925 | 2 | -1.0
-0.4142117500305176 | 2 | -1.0
-0.41477441787719727 | 2 | -1.0
-0.4151388704776764 | 2 | -1.0
-0.41530248522758484 | 2 | -1.0
-0.4152640998363495 | 2 | -1.0
-0.4150240123271942 | 2 | -1.0
-0.4145839214324951 | 2 | -1.0
-0.4139469265937805 | 2 | -1.0
-0.41311755776405334 | 2 | -1.0
-0.41210174560546875 | 2 | -1.0
-0.4109066128730774 | 2 | -1.0
-0.40954068303108215 | 2 | -1.0
-0.40801361203193665 | 2 | -1.0
-0.40633612871170044 | 2 | -1.0
-0.40452009439468384 | 2 | -1.0
-0.40257829427719116 | 2 | -1.0
-0.4005243182182312 | 2 | -1.0
-0.3983725905418396 | 2 | -1.0
-0.39613810181617737 | 2 | -1.0
-0.39383646845817566 | 2 | -1.0
-0.3914836347103119 | 2 | -1.0
-0.3890959322452545 | 2 | -1.0
-0.38668984174728394 | 2 | -1.0
-0.3842819333076477 | 2 | -1.0
-0.3818887770175934 | 2 | -1.0
-0.37952667474746704 | 2 | -1.0
-0.3772118091583252 | 2 | -1.0
-0.37495991587638855 | 2 | -1.0
-0.37278619408607483 | 2 | -1.0
-0.37070539593696594 | 2 | -1.0
-0.3687314987182617 | 2 | -1.0
-0.3668777644634247 | 2 | -1.0
-0.3651566207408905 | 2 | -1.0
-0.36357954144477844 | 2 | -1.0
-0.36215704679489136 | 2 | -1.0
-0.36089858412742615 | 2 | -1.0
-0.35981249809265137 | 2 | -1.0
-0.35890594124794006 | 2 | -1.0
-0.35818496346473694 | 2 | -1.0
-0.35765427350997925 | 2 | -1.0
-0.35731741786003113 | 2 | -1.0
-0.3571765720844269 | 2 | -1.0
-0.3572326898574829 | 2 | -1.0
-0.3574853837490082 | 2 | -1.0
-0.35793301463127136 | 2 | -1.0
-0.3585726022720337 | 2 | -1.0
-0.3593999445438385 | 2 | -1.0
-0.36040955781936646 | 2 | -1.0
-0.3615947961807251 | 2 | -1.0
-0.3629477918148041 | 2 | -1.0
-0.3644595742225647 | 2 | -1.0
-0.3661200702190399 | 2 | -1.0
-0.3679181933403015 | 2 | -1.0
-0.36984196305274963 | 2 | -1.0
-0.37187841534614563 | 2 | -1.0
-0.37401390075683594 | 2 | -1.0
-0.3762339949607849 | 2 | -1.0
-0.37852367758750916 | 2 | -1.0
-0.3808673918247223 | 2 | -1.0
-0.3832491636276245 | 2 | -1.0
-0.3856527507305145 | 2 | -1.0
-0.38806164264678955 | 2 | -1.0
-0.3904592990875244 | 2 | -1.0
-0.39282914996147156 | 2 | -1.0
-0.39515480399131775 | 2 | -1.0
-0.39742013812065125 | 2 | -1.0
-0.39960935711860657 | 2 | -1.0
-0.4017072021961212 | 2 | -1.0
-0.40369901061058044 | 2 | -1.0
-0.40557077527046204 | 2 | -1.0
-0.4073093831539154 | 2 | -1.0
-0.4089025855064392 | 2 | -1.0
-0.4103391468524933 | 2 | -1.0
-0.41160887479782104 | 2 | -1.0
-0.4127028286457062 | 2 | -1.0
-0.4136132299900055 | 2 | -1.0
-0.41433367133140564 | 2 | -1.0
-0.41485896706581116 | 2 | -1.0
-0.41518542170524597 | 2 | -1.0
-0.41531074047088623 | 2 | -1.0
-0.4152339994907379 | 2 | -1.0
-0.4149557650089264 | 2 | -1.0
-0.41447797417640686 | 2 | -1.0
-0.4138040840625763 | 2 | -1.0
-0.41293883323669434 | 2 | -1.0
-0.41188836097717285 | 2 | -1.0
-0.41066011786460876 | 2 | -1.0
-0.40926283597946167 | 2 | -1.0
-0.4077063202857971 | 2 | -1.0
-0.40600159764289856 | 2 | -1.0
-0.40416067838668823 | 2 | -1.0
-0.4021964967250824 | 2 | -1.0
-0.40012285113334656 | 2 | -1.0
-0.39795422554016113 | 2 | -1.0
-0.39570578932762146 | 2 | -1.0
-0.3933931589126587 | 2 | -1.0
-0.39103245735168457 | 2 | -1.0
-0.38863998651504517 | 2 | -1.0
-0.38623228669166565 | 2 | -1.0
-0.3838259279727936 | 2 | -1.0
-0.38143739104270935 | 2 | -1.0
-0.3790830373764038 | 2 | -1.0
-0.3767789304256439 | 2 | -1.0
-0.3745407164096832 | 2 | -1.0
-0.3723835349082947 | 2 | -1.0
-0.37032198905944824 | 2 | -1.0
-0.3683699071407318 | 2 | -1.0
-0.36654043197631836 | 2 | -1.0
-0.36484578251838684 | 2 | -1.0
-0.3632972836494446 | 2 | -1.0
-0.36190521717071533 | 2 | -1.0
-0.36067888140678406 | 2 | -1.0
-0.3596263527870178 | 2 | -1.0
-0.35875463485717773 | 2 | -1.0
-0.35806944966316223 | 2 | -1.0
-0.35757532715797424 | 2 | -1.0
-0.3572755455970764 | 2 | -1.0
-0.35717207193374634 | 2 | -1.0
-0.3572655916213989 | 2 | -1.0
-0.35755544900894165 | 2 | -1.0
-0.3580397963523865 | 2 | -1.0
-0.35871538519859314 | 2 | -1.0
-0.35957780480384827 | 2 | -1.0
-0.3606213331222534 | 2 | -1.0
-0.36183905601501465 | 2 | -1.0
-0.3632229268550873 | 2 | -1.0
-0.3647637367248535 | 2 | -1.0
-0.366451233625412 | 2 | -1.0
[-0.48] | 2 | -1.0
-0.48308035731315613 | 2 | -1.0
-0.4816814064979553 | 2 | -1.0
-0.47959601879119873 | 2 | -1.0
-0.47683969140052795 | 2 | -1.0
-0.47343289852142334 | 2 | -1.0
-0.46940094232559204 | 2 | -1.0
-0.46477368474006653 | 2 | -1.0
-0.4595853090286255 | 2 | -1.0
-0.4538741111755371 | 2 | -1.0
-0.4476820230484009 | 2 | -1.0
-0.44105440378189087 | 2 | -1.0
-0.43403956294059753 | 2 | -1.0
-0.42668837308883667 | 2 | -1.0
-0.4190537929534912 | 2 | -1.0
-0.41119053959846497 | 2 | -1.0
-0.4031544327735901 | 2 | -1.0
-0.395002156496048 | 2 | -1.0
-0.38679057359695435 | 2 | -1.0
-0.37857651710510254 | 2 | -1.0
-0.37041613459587097 | 2 | -1.0
-0.36236459016799927 | 2 | -1.0
-0.3544757068157196 | 2 | -1.0
-0.3468015193939209 | 2 | -1.0
-0.3393920361995697 | 2 | -1.0
-0.3322948217391968 | 2 | -1.0
-0.32555490732192993 | 2 | -1.0
-0.31921449303627014 | 2 | -1.0
-0.31331267952919006 | 2 | -1.0
-0.30788546800613403 | 2 | -1.0
-0.30296552181243896 | 2 | -1.0
-0.2985821068286896 | 2 | -1.0
-0.294761061668396 | 2 | -1.0
-0.29152458906173706 | 2 | -1.0
-0.288891464471817 | 2 | -1.0
-0.28687673807144165 | 2 | -1.0
-0.2854918837547302 | 2 | -1.0
-0.28474482893943787 | 2 | -1.0
-0.28463974595069885 | 0 | -1.0
-0.2871772348880768 | 0 | -1.0
-0.2923429310321808 | 0 | -1.0
-0.3001072406768799 | 0 | -1.0
-0.31042492389678955 | 0 | -1.0
-0.3232346177101135 | 0 | -1.0
-0.33845821022987366 | 0 | -1.0
-0.35600003600120544 | 0 | -1.0
-0.37574654817581177 | 0 | -1.0
-0.39756596088409424 | 0 | -1.0
-0.4213082492351532 | 0 | -1.0
-0.4468057453632355 | 0 | -1.0
-0.4738740921020508 | 0 | -1.0
-0.5023139715194702 | 0 | -1.0
-0.5319133996963501 | 0 | -1.0
-0.5624505281448364 | 2 | -1.0
-0.5916968584060669 | 2 | -1.0
-0.6194360256195068 | 2 | -1.0
-0.6454662680625916 | 2 | -1.0
-0.6696027517318726 | 2 | -1.0
-0.6916788220405579 | 2 | -1.0
-0.7115470767021179 | 2 | -1.0
-0.7290792465209961 | 2 | -1.0
-0.7441660761833191 | 2 | -1.0
-0.7567167282104492 | 2 | -1.0
-0.7666581273078918 | 2 | -1.0
-0.7739338278770447 | 2 | -1.0
-0.7785035967826843 | 2 | -1.0
-0.7803425788879395 | 2 | -1.0
-0.7794407606124878 | 2 | -1.0
-0.7758030891418457 | 2 | -1.0
-0.7694492340087891 | 2 | -1.0
-0.760414183139801 | 2 | -1.0
-0.7487487196922302 | 2 | -1.0
-0.7345201373100281 | 2 | -1.0
-0.7178131341934204 | 2 | -1.0
-0.6987305283546448 | 2 | -1.0
-0.6773939728736877 | 2 | -1.0
-0.6539445519447327 | 2 | -1.0
-0.6285421848297119 | 2 | -1.0
-0.6013656854629517 | 2 | -1.0
-0.5726112723350525 | 2 | -1.0
-0.542490541934967 | 2 | -1.0
-0.5112282037734985 | 2 | -1.0
-0.4790585935115814 | 2 | -1.0
-0.44622206687927246 | 2 | -1.0
-0.4129606783390045 | 2 | -1.0
-0.3795139193534851 | 2 | -1.0
-0.34611445665359497 | 2 | -1.0
-0.3129841089248657 | 2 | -1.0
-0.2803303599357605 | 2 | -1.0
-0.24834340810775757 | 2 | -1.0
-0.21719413995742798 | 2 | -1.0
-0.18703266978263855 | 2 | -1.0
-0.15798787772655487 | 2 | -1.0
-0.13016751408576965 | 2 | -1.0
-0.10365892946720123 | 2 | -1.0
-0.0785304456949234 | 2 | -1.0
-0.05483289435505867 | 0 | -1.0
-0.0346015989780426 | 0 | -1.0
-0.017856845632195473 | 0 | -1.0
-0.004608504939824343 | 0 | -1.0
0.00514007406309247 | 0 | -1.0
0.011388950981199741 | 0 | -1.0
0.014139286242425442 | 0 | -1.0
0.013391870073974133 | 0 | -1.0
0.009146471507847309 | 0 | -1.0
0.0014020142843946815 | 0 | -1.0
-0.009842420928180218 | 0 | -1.0
-0.024585766717791557 | 0 | -1.0
-0.04282231628894806 | 0 | -1.0
-0.06453826278448105 | 0 | -1.0
-0.08970749378204346 | 0 | -1.0
-0.11828674376010895 | 0 | -1.0
-0.15021023154258728 | 0 | -1.0
-0.185384139418602 | 0 | -1.0
-0.2236812859773636 | 0 | -1.0
-0.2649363577365875 | 0 | -1.0
-0.3089424967765808 | 0 | -1.0
-0.3554495573043823 | 0 | -1.0
-0.4041649401187897 | 0 | -1.0
-0.45475703477859497 | 0 | -1.0
-0.5068617463111877 | 0 | -1.0
-0.5600919723510742 | 0 | -1.0
-0.6140490174293518 | 0 | -1.0
-0.668336033821106 | 0 | -1.0
-0.7225712537765503 | 0 | -1.0
-0.7764012813568115 | 2 | -1.0
-0.8275118470191956 | 2 | -1.0
-0.8756459951400757 | 2 | -1.0
-0.9206039905548096 | 2 | -1.0
-0.9622401595115662 | 2 | -1.0
-1.0004570484161377 | 2 | -1.0
-1.035198450088501 | 2 | -1.0
-1.066441535949707 | 2 | -1.0
-1.0941888093948364 | 2 | -1.0
-1.118460774421692 | 2 | -1.0
-1.1392897367477417 | 2 | -1.0
-1.1567134857177734 | 2 | -1.0
-1.1707708835601807 | 2 | -1.0
-1.1814981698989868 | 2 | -1.0
-1.1889257431030273 | 2 | -1.0
-1.1930757761001587 | 2 | -1.0
-1.193961501121521 | 2 | -1.0
-1.1915855407714844 | 2 | -1.0
-1.1859405040740967 | 2 | -1.0
-1.1770089864730835 | 2 | -1.0
-1.164764642715454 | 2 | -1.0
-1.1491742134094238 | 2 | -1.0
-1.1301997900009155 | 2 | -1.0
-1.1078025102615356 | 2 | -1.0
-1.0819464921951294 | 2 | -1.0
-1.0526039600372314 | 2 | -1.0
-1.0197618007659912 | 2 | -1.0
-0.9834281206130981 | 2 | -1.0
-0.9436399936676025 | 2 | -1.0
-0.9004716277122498 | 2 | -1.0
-0.8540415167808533 | 2 | -1.0
-0.804519534111023 | 2 | -1.0
-0.7521312832832336 | 2 | -1.0
-0.6971602439880371 | 2 | -1.0
-0.6399455666542053 | 2 | -1.0
-0.580875813961029 | 2 | -1.0
-0.5203786492347717 | 2 | -1.0
-0.4589056372642517 | 2 | -1.0
-0.3969147503376007 | 2 | -1.0
-0.33485129475593567 | 2 | -1.0
-0.27312901616096497 | 2 | -1.0
-0.2121133953332901 | 2 | -1.0
-0.15210847556591034 | 2 | -1.0
-0.09334774315357208 | 2 | -1.0
-0.03598962351679802 | 2 | -1.0
0.019883055239915848 | 2 | -1.0
0.0742601826786995 | 2 | -1.0
0.12719908356666565 | 2 | -1.0
0.17881782352924347 | 0 | -1.0
0.22728773951530457 | 0 | -1.0
0.27281665802001953 | 0 | -1.0
0.31563717126846313 | 0 | -1.0
0.355997234582901 | 0 | -1.0
0.39415255188941956 | 0 | -1.0
0.430361270904541 | 0 | -1.0
0.4648797810077667 | 0 | -1.0
0.4979601800441742 | 0 | -1.0
[-0.43] | 2 | -1.0
-0.4313265383243561 | 2 | -1.0
-0.4306907057762146 | 2 | -1.0
-0.429742693901062 | 2 | -1.0
-0.4284893572330475 | 2 | -1.0
-0.4269396960735321 | 2 | -1.0
-0.42510485649108887 | 2 | -1.0
-0.42299801111221313 | 2 | -1.0
-0.42063426971435547 | 2 | -1.0
-0.4180305600166321 | 2 | -1.0
-0.4152054190635681 | 2 | -1.0
-0.41217899322509766 | 2 | -1.0
-0.40897274017333984 | 2 | -1.0
-0.4056093096733093 | 2 | -1.0
-0.4021124839782715 | 2 | -1.0
-0.3985067307949066 | 2 | -1.0
-0.3948173224925995 | 2 | -1.0
-0.3910699188709259 | 2 | -1.0
-0.38729047775268555 | 2 | -1.0
-0.3835051357746124 | 2 | -1.0
-0.37973982095718384 | 2 | -1.0
-0.37602025270462036 | 2 | -1.0
-0.37237173318862915 | 2 | -1.0
-0.36881887912750244 | 2 | -1.0
-0.36538565158843994 | 2 | -1.0
-0.3620949387550354 | 2 | -1.0
-0.35896867513656616 | 2 | -1.0
-0.3560275435447693 | 2 | -1.0
-0.3532909154891968 | 2 | -1.0
-0.3507767617702484 | 2 | -1.0
-0.3485014736652374 | 2 | -1.0
-0.3464798331260681 | 2 | -1.0
-0.34472498297691345 | 2 | -1.0
-0.343248188495636 | 2 | -1.0
-0.34205901622772217 | 2 | -1.0
-0.34116506576538086 | 2 | -1.0
-0.3405720591545105 | 2 | -1.0
-0.3402838408946991 | 2 | -1.0
-0.3403021991252899 | 2 | -1.0
-0.3406270444393158 | 2 | -1.0
-0.3412562906742096 | 2 | -1.0
-0.34218594431877136 | 2 | -1.0
-0.3434099853038788 | 2 | -1.0
-0.3449205756187439 | 2 | -1.0
-0.3467080295085907 | 2 | -1.0
-0.348760724067688 | 2 | -1.0
-0.35106542706489563 | 2 | -1.0
-0.3536071181297302 | 2 | -1.0
-0.35636916756629944 | 2 | -1.0
-0.35933351516723633 | 2 | -1.0
-0.3624805808067322 | 2 | -1.0
-0.365789532661438 | 2 | -1.0
-0.36923831701278687 | 2 | -1.0
-0.3728038966655731 | 2 | -1.0
-0.3764622211456299 | 2 | -1.0
-0.38018861413002014 | 2 | -1.0
-0.3839576840400696 | 2 | -1.0
-0.3877437114715576 | 2 | -1.0
-0.3915206789970398 | 2 | -1.0
-0.3952625095844269 | 2 | -1.0
-0.3989432454109192 | 2 | -1.0
-0.4025372862815857 | 2 | -1.0
-0.4060194194316864 | 2 | -1.0
-0.4093652665615082 | 2 | -1.0
-0.4125511646270752 | 2 | -1.0
-0.41555461287498474 | 2 | -1.0
-0.4183542728424072 | 2 | -1.0
-0.4209302067756653 | 2 | -1.0
-0.4232640564441681 | 2 | -1.0
-0.42533907294273376 | 2 | -1.0
-0.4271404445171356 | 2 | -1.0
-0.4286551773548126 | 2 | -1.0
-0.42987242341041565 | 2 | -1.0
-0.43078336119651794 | 2 | -1.0
-0.431381493806839 | 2 | -1.0
-0.4316624402999878 | 2 | -1.0
-0.4316242039203644 | 2 | -1.0
-0.43126705288887024 | 2 | -1.0
-0.4305935502052307 | 2 | -1.0
-0.42960861325263977 | 2 | -1.0
-0.4283192753791809 | 2 | -1.0
-0.4267348349094391 | 2 | -1.0
-0.4248667061328888 | 2 | -1.0
-0.4227282702922821 | 2 | -1.0
-0.42033490538597107 | 2 | -1.0
-0.41770365834236145 | 2 | -1.0
-0.4148533344268799 | 2 | -1.0
-0.4118042290210724 | 2 | -1.0
-0.40857794880867004 | 2 | -1.0
-0.40519729256629944 | 2 | -1.0
-0.4016861021518707 | 2 | -1.0
-0.39806902408599854 | 2 | -1.0
-0.39437130093574524 | 2 | -1.0
-0.3906186819076538 | 2 | -1.0
-0.3868371844291687 | 2 | -1.0
-0.38305285573005676 | 2 | -1.0
-0.3792916536331177 | 2 | -1.0
-0.375579297542572 | 2 | -1.0
-0.371940940618515 | 2 | -1.0
-0.3684011697769165 | 2 | -1.0
-0.36498379707336426 | 2 | -1.0
-0.36171162128448486 | 2 | -1.0
-0.3586064577102661 | 2 | -1.0
-0.35568881034851074 | 2 | -1.0
-0.3529779016971588 | 2 | -1.0
-0.3504914939403534 | 2 | -1.0
-0.3482458293437958 | 2 | -1.0
-0.34625548124313354 | 2 | -1.0
-0.34453335404396057 | 2 | -1.0
-0.3430905342102051 | 2 | -1.0
-0.341936320066452 | 2 | -1.0
-0.34107813239097595 | 2 | -1.0
-0.3405214548110962 | 2 | -1.0
-0.34026986360549927 | 2 | -1.0
-0.3403249680995941 | 2 | -1.0
-0.3406863808631897 | 2 | -1.0
-0.34135186672210693 | 2 | -1.0
-0.3423170745372772 | 2 | -1.0
-0.3435758650302887 | 2 | -1.0
-0.3451201617717743 | 2 | -1.0
-0.34693998098373413 | 2 | -1.0
-0.34902361035346985 | 2 | -1.0
-0.35135748982429504 | 2 | -1.0
-0.3539264500141144 | 2 | -1.0
-0.3567137122154236 | 2 | -1.0
-0.359701007604599 | 2 | -1.0
-0.3628685772418976 | 2 | -1.0
-0.3661954402923584 | 2 | -1.0
-0.3696594536304474 | 2 | -1.0
-0.37323740124702454 | 2 | -1.0
-0.3769052028656006 | 2 | -1.0
-0.3806380331516266 | 2 | -1.0
-0.3844105005264282 | 2 | -1.0
-0.38819682598114014 | 2 | -1.0
-0.3919709324836731 | 2 | -1.0
-0.39570683240890503 | 2 | -1.0
-0.39937853813171387 | 2 | -1.0
-0.40296047925949097 | 2 | -1.0
-0.4064275920391083 | 2 | -1.0
-0.40975549817085266 | 2 | -1.0
-0.4129207134246826 | 2 | -1.0
-0.415900856256485 | 2 | -1.0
-0.4186747670173645 | 2 | -1.0
-0.42122265696525574 | 2 | -1.0
-0.4235263764858246 | 2 | -1.0
-0.42556941509246826 | 2 | -1.0
-0.427337110042572 | 2 | -1.0
-0.4288167655467987 | 2 | -1.0
-0.4299977421760559 | 2 | -1.0
-0.43087154626846313 | 2 | -1.0
-0.4314318895339966 | 2 | -1.0
-0.43167468905448914 | 2 | -1.0
-0.4315982162952423 | 2 | -1.0
-0.4312030076980591 | 2 | -1.0
-0.43049195408821106 | 2 | -1.0
-0.42947015166282654 | 2 | -1.0
-0.4281449615955353 | 2 | -1.0
-0.42652592062950134 | 2 | -1.0
-0.4246246814727783 | 2 | -1.0
-0.4224548935890198 | 2 | -1.0
-0.4200321137905121 | 2 | -1.0
-0.4173736274242401 | 2 | -1.0
-0.4144984185695648 | 2 | -1.0
-0.41142693161964417 | 2 | -1.0
-0.40818095207214355 | 2 | -1.0
-0.4047833979129791 | 2 | -1.0
-0.4012582302093506 | 2 | -1.0
-0.39763012528419495 | 2 | -1.0
-0.3939244747161865 | 2 | -1.0
-0.3901670575141907 | 2 | -1.0
-0.3863838315010071 | 2 | -1.0
-0.38260090351104736 | 2 | -1.0
-0.3788442313671112 | 2 | -1.0
-0.37513938546180725 | 2 | -1.0
-0.3715115487575531 | 2 | -1.0
-0.36798518896102905 | 2 | -1.0
-0.3645840287208557 | 2 | -1.0
-0.36133071780204773 | 2 | -1.0
-0.35824695229530334 | 2 | -1.0
-0.35535305738449097 | 2 | -1.0
-0.3526681065559387 | 2 | -1.0
-0.35020971298217773 | 2 | -1.0
-0.3479938805103302 | 2 | -1.0
-0.346034973859787 | 2 | -1.0
-0.34434571862220764 | 2 | -1.0
-0.34293699264526367 | 2 | -1.0
-0.34181785583496094 | 2 | -1.0
-0.34099552035331726 | 2 | -1.0
-0.3404752016067505 | 2 | -1.0
-0.3402602970600128 | 2 | -1.0
-0.3403521180152893 | 2 | -1.0
-0.3407500982284546 | 2 | -1.0
-0.3414517045021057 | 2 | -1.0
-0.34245243668556213 | 2 | -1.0
-0.3437458574771881 | 2 | -1.0
-0.34532371163368225 | 2 | -1.0
-0.3471757471561432 | 2 | -1.0
-0.34929007291793823 | 2 | -1.0
-0.35165292024612427 | 2 | -1.0
-0.35424894094467163 | 2 | -1.0
[-0.43] | 2 | -1.0
-0.4302903413772583 | 2 | -1.0
-0.4296695291996002 | 2 | -1.0
-0.4287438988685608 | 2 | -1.0
-0.42752009630203247 | 2 | -1.0
-0.426006942987442 | 2 | -1.0
-0.4242153465747833 | 2 | -1.0
-0.4221580922603607 | 2 | -1.0
-0.4198499917984009 | 2 | -1.0
-0.4173074960708618 | 2 | -1.0
-0.41454872488975525 | 2 | -1.0
-0.41159331798553467 | 2 | -1.0
-0.408462256193161 | 2 | -1.0
-0.40517765283584595 | 2 | -1.0
-0.40176260471343994 | 2 | -1.0
-0.39824116230010986 | 2 | -1.0
-0.3946378529071808 | 2 | -1.0
-0.3909778296947479 | 2 | -1.0
-0.3872864246368408 | 2 | -1.0
-0.38358911871910095 | 2 | -1.0
-0.37991124391555786 | 2 | -1.0
-0.37627798318862915 | 2 | -1.0
-0.37271401286125183 | 2 | -1.0
-0.36924341320991516 | 2 | -1.0
-0.3658895492553711 | 2 | -1.0
-0.36267489194869995 | 2 | -1.0
-0.3596208095550537 | 2 | -1.0
-0.3567475378513336 | 2 | -1.0
-0.35407406091690063 | 2 | -1.0
-0.3516179025173187 | 2 | -1.0
-0.34939515590667725 | 2 | -1.0
-0.34742024540901184 | 2 | -1.0
-0.3457060158252716 | 2 | -1.0
-0.34426355361938477 | 2 | -1.0
-0.3431021273136139 | 2 | -1.0
-0.3422292470932007 | 2 | -1.0
-0.34165051579475403 | 2 | -1.0
-0.34136962890625 | 2 | -1.0
-0.34138840436935425 | 2 | -1.0
-0.34170669317245483 | 2 | -1.0
-0.3423224985599518 | 2 | -1.0
-0.34323179721832275 | 2 | -1.0
-0.3444288372993469 | 2 | -1.0
-0.3459058701992035 | 2 | -1.0
-0.3476533591747284 | 2 | -1.0
-0.3496600091457367 | 2 | -1.0
-0.35191279649734497 | 2 | -1.0
-0.3543970584869385 | 2 | -1.0
-0.35709652304649353 | 2 | -1.0
-0.35999348759651184 | 2 | -1.0
-0.3630687892436981 | 2 | -1.0
-0.3663020730018616 | 2 | -1.0
-0.3696717917919159 | 2 | -1.0
-0.3731553852558136 | 2 | -1.0
-0.3767293691635132 | 2 | -1.0
-0.3803695738315582 | 2 | -1.0
-0.38405123353004456 | 2 | -1.0
-0.38774919509887695 | 2 | -1.0
-0.3914380669593811 | 2 | -1.0
-0.3950923979282379 | 2 | -1.0
-0.39868679642677307 | 2 | -1.0
-0.4021962881088257 | 2 | -1.0
-0.4055962860584259 | 2 | -1.0
-0.4088629484176636 | 2 | -1.0
-0.4119732081890106 | 2 | -1.0
-0.4149051308631897 | 2 | -1.0
-0.4176378846168518 | 2 | -1.0
-0.4201520085334778 | 2 | -1.0
-0.4224295914173126 | 2 | -1.0
-0.42445436120033264 | 2 | -1.0
-0.42621177434921265 | 2 | -1.0
-0.4276892840862274 | 2 | -1.0
-0.42887619137763977 | 2 | -1.0
-0.4297640025615692 | 2 | -1.0
-0.4303463399410248 | 2 | -1.0
-0.4306189715862274 | 2 | -1.0
-0.43057993054389954 | 2 | -1.0
-0.430229514837265 | 2 | -1.0
-0.4295702576637268 | 2 | -1.0
-0.42860689759254456 | 2 | -1.0
-0.4273463785648346 | 2 | -1.0
-0.4257977604866028 | 2 | -1.0
-0.42397215962409973 | 2 | -1.0
-0.421882688999176 | 2 | -1.0
-0.4195443093776703 | 2 | -1.0
-0.41697371006011963 | 2 | -1.0
-0.41418924927711487 | 2 | -1.0
-0.41121068596839905 | 2 | -1.0
-0.40805917978286743 | 2 | -1.0
-0.40475693345069885 | 2 | -1.0
-0.4013272821903229 | 2 | -1.0
-0.3977942168712616 | 2 | -1.0
-0.3941824436187744 | 2 | -1.0
-0.39051708579063416 | 2 | -1.0
-0.3868235647678375 | 2 | -1.0
-0.3831273019313812 | 2 | -1.0
-0.3794536590576172 | 2 | -1.0
-0.37582769989967346 | 2 | -1.0
-0.37227410078048706 | 2 | -1.0
-0.36881688237190247 | 2 | -1.0
-0.3654792308807373 | 2 | -1.0
-0.36228349804878235 | 2 | -1.0
-0.3592509329319 | 2 | -1.0
-0.3564016819000244 | 2 | -1.0
-0.353754460811615 | 2 | -1.0
-0.35132667422294617 | 2 | -1.0
-0.3491341769695282 | 2 | -1.0
-0.3471912145614624 | 2 | -1.0
-0.34551042318344116 | 2 | -1.0
-0.3441026508808136 | 2 | -1.0
-0.34297698736190796 | 2 | -1.0
-0.34214064478874207 | 2 | -1.0
-0.3415990173816681 | 2 | -1.0
-0.341355562210083 | 2 | -1.0
-0.34141185879707336 | 2 | -1.0
-0.3417675495147705 | 2 | -1.0
-0.3424203097820282 | 2 | -1.0
-0.34336599707603455 | 2 | -1.0
-0.34459853172302246 | 2 | -1.0
-0.34610995650291443 | 2 | -1.0
-0.3478905260562897 | 2 | -1.0
-0.34992873668670654 | 2 | -1.0
-0.3522113263607025 | 2 | -1.0
-0.35472342371940613 | 2 | -1.0
-0.35744860768318176 | 2 | -1.0
-0.3603689670562744 | 2 | -1.0
-0.36346518993377686 | 2 | -1.0
-0.36671674251556396 | 2 | -1.0
-0.3701019585132599 | 2 | -1.0
-0.3735981583595276 | 2 | -1.0
-0.3771817684173584 | 2 | -1.0
-0.38082852959632874 | 2 | -1.0
-0.38451361656188965 | 2 | -1.0
-0.38821184635162354 | 2 | -1.0
-0.3918977677822113 | 2 | -1.0
-0.39554598927497864 | 2 | -1.0
-0.3991311192512512 | 2 | -1.0
-0.40262824296951294 | 2 | -1.0
-0.4060128331184387 | 2 | -1.0
-0.40926116704940796 | 2 | -1.0
-0.41235029697418213 | 2 | -1.0
-0.41525840759277344 | 2 | -1.0
-0.4179648160934448 | 2 | -1.0
-0.4204502999782562 | 2 | -1.0
-0.42269712686538696 | 2 | -1.0
-0.4246891736984253 | 2 | -1.0
-0.4264122247695923 | 2 | -1.0
-0.42785391211509705 | 2 | -1.0
-0.4290038049221039 | 2 | -1.0
-0.4298537075519562 | 2 | -1.0
-0.43039748072624207 | 2 | -1.0
-0.430631160736084 | 2 | -1.0
-0.4305531084537506 | 2 | -1.0
-0.4301638603210449 | 2 | -1.0
-0.42946624755859375 | 2 | -1.0
-0.4284652769565582 | 2 | -1.0
-0.4271681606769562 | 2 | -1.0
-0.42558422684669495 | 2 | -1.0
-0.42372483015060425 | 2 | -1.0
-0.42160335183143616 | 2 | -1.0
-0.419234961271286 | 2 | -1.0
-0.41663658618927 | 2 | -1.0
-0.41382673382759094 | 2 | -1.0
-0.41082534193992615 | 2 | -1.0
-0.40765371918678284 | 2 | -1.0
-0.40433424711227417 | 2 | -1.0
-0.4008903205394745 | 2 | -1.0
-0.39734604954719543 | 2 | -1.0
-0.3937261998653412 | 2 | -1.0
-0.39005592465400696 | 2 | -1.0
-0.38636064529418945 | 2 | -1.0
-0.38266581296920776 | 2 | -1.0
-0.3789967894554138 | 2 | -1.0
-0.3753785789012909 | 2 | -1.0
-0.37183573842048645 | 2 | -1.0
-0.3683921992778778 | 2 | -1.0
-0.3650710880756378 | 2 | -1.0
-0.3618946373462677 | 2 | -1.0
-0.35888397693634033 | 2 | -1.0
-0.3560589849948883 | 2 | -1.0
-0.3534383177757263 | 2 | -1.0
-0.3510391116142273 | 2 | -1.0
-0.34887710213661194 | 2 | -1.0
-0.34696629643440247 | 2 | -1.0
-0.34531912207603455 | 2 | -1.0
-0.3439461886882782 | 2 | -1.0
-0.34285634756088257 | 2 | -1.0
-0.34205663204193115 | 2 | -1.0
-0.34155216813087463 | 2 | -1.0
-0.34134620428085327 | 2 | -1.0
-0.34144002199172974 | 2 | -1.0
-0.3418330252170563 | 2 | -1.0
-0.3425227105617523 | 2 | -1.0
-0.3435046672821045 | 2 | -1.0
-0.3447725772857666 | 2 | -1.0
-0.34631824493408203 | 2 | -1.0
-0.3481317460536957 | 2 | -1.0
-0.350201278924942 | 2 | -1.0
-0.3525134325027466 | 2 | -1.0
-0.3550531268119812 | 2 | -1.0
[-0.41] | 2 | -1.0
-0.4088764786720276 | 2 | -1.0
-0.40856245160102844 | 2 | -1.0
-0.4080941379070282 | 2 | -1.0
-0.4074748754501343 | 2 | -1.0
-0.40670904517173767 | 2 | -1.0
-0.40580204129219055 | 2 | -1.0
-0.4047602415084839 | 2 | -1.0
-0.40359094738960266 | 2 | -1.0
-0.40230241417884827 | 2 | -1.0
-0.4009036421775818 | 2 | -1.0
-0.3994044363498688 | 2 | -1.0
-0.3978153169155121 | 2 | -1.0
-0.39614731073379517 | 2 | -1.0
-0.394412100315094 | 2 | -1.0
-0.3926216959953308 | 2 | -1.0
-0.3907885253429413 | 2 | -1.0
-0.38892531394958496 | 2 | -1.0
Total reward: -200.0
