-2.7, 2.0, -5.4, 2.7, -4.2, -3.1, -0.5, 2.8, 5.9, 6.0, 5.1, -2.0, 1.6, -1.4, 0.8, 1.6, -0.4, 4.7
parameter ends

state | action | reward
[-0.06] | [-0.76  3.73] | -0.14099170196994243
-0.03241130794474441 | [-4.32  1.  ] | -0.30056801289206103
0.0414196269691606 | [-6.81 -2.02] | -0.29886678211917095
0.1303327585128886 | [-6.31 -5.96] | -0.11154201139733208
0.22167915789392617 | [-6.01 -8.8 ] | 0.12148558810535742
0.3174009549152827 | [ -5.57 -10.82] | 0.37247000361595456
0.4164137427056262 | [ -4.78 -11.9 ] | 0.6125426262966156
0.5168245558145237 | [ -3.63 -12.14] | 0.8249773600189219
0.6169643552022507 | [ -2.2  -11.75] | 1.003119047828274
0.7156746465072629 | [ -0.57 -10.93] | 1.1056131241019018
0.8073745553458374 | [ 1.4  -9.56] | 0.9556223181366125
0.8709429867547885 | [ 3.99 -7.43] | 0.5374790912629059
0.8935559616036532 | [ 6.15 -5.04] | -0.011307767737396241
0.8758873564877193 | [ 8.05 -2.06] | -0.6149169204755164
0.8181212705035414 | [10.04  1.51] | -0.9110068949608686
0.7382949335882975 | [10.5   7.56] | -0.880713801071328
0.6521678434218667 | [10.92 11.72] | -0.7912832902903717
0.5609984536303063 | [11.23 15.14] | -0.648842032227721
0.4664734433800214 | [11.35 18.13] | -0.4729512483702038
0.36969957833510075 | [11.22 20.69] | -0.28302930756969985
0.27120931621299027 | [10.82 22.82] | -0.08808844602419255
0.17144079817230354 | [10.17 24.53] | 0.10697022077565642
0.0708945023223877 | [ 9.26 25.85] | 0.2979518798896163
-0.029898469304270297 | [ 8.14 26.79] | 0.4807259212295913
-0.13043989499564995 | [ 6.84 27.38] | 0.6514660854540322
-0.23029679252713203 | [ 5.38 27.64] | 0.8068583067125645
-0.3291013267659586 | [ 3.82 27.59] | 0.9441336154757345
-0.4265458003219343 | [ 2.18 27.26] | 1.0611862268356473
-0.522414807525887 | [ 0.5  26.69] | 1.1015971364830877
-0.6089593243960699 | [-1.72 24.51] | 0.8544211507066238
-0.6587226838766727 | [-5.01 17.99] | 0.30546612653663213
-0.6551922390546285 | [-7.46 10.54] | -0.33697982057188336
-0.6015876104191006 | [-9.58  2.53] | -0.8746169573275139
-0.508019616273738 | [-11.44  -4.37] | -0.9291942439753376
-0.4048487071091389 | [-11.27  -8.3 ] | -0.6881990897394622
-0.30615969110913877 | [-11.26 -10.85] | -0.4634799816403057
-0.20773491550833845 | [-11.28 -12.92] | -0.23331352547697848
-0.10788466772151034 | [-11.13 -14.55] | 0.0011482824543948486
-0.0062132047637957315 | [-10.64 -15.61] | 0.2359069537737484
0.09690705774773398 | [ -9.81 -16.1 ] | 0.4662027387543979
0.2008655878430688 | [ -8.68 -16.11] | 0.6875266925221817
0.30509323858667386 | [ -7.31 -15.74] | 0.8959427459335142
0.4091113539253022 | [ -5.76 -15.07] | 1.0877126308071816
0.5124959611574831 | [ -4.06 -14.16] | 1.2587006208044458
0.6148399387109674 | [ -2.23 -13.05] | 1.4034260801981184
0.7157523902799197 | [ -0.33 -11.76] | 1.4574227793566428
0.8074175769575949 | [ 1.93 -9.87] | 1.2651663076687867
0.8699660158650792 | [ 4.44 -7.46] | 0.816926684039689
0.8922882524807115 | [ 6.46 -4.92] | 0.23146616714312498
0.8741203894672773 | [ 8.21 -1.87] | -0.4042647152631288
0.8156762645744816 | [10.09  1.73] | -0.7361651208895733
0.7348002065482764 | [10.47  7.92] | -0.7258659079227783
0.6478455555142798 | [10.84 12.11] | -0.6446648504311495
0.5563989262597133 | [11.12 15.56] | -0.5103766682646707
0.46199184433125284 | [11.21 18.56] | -0.3474813872013818
0.36543203845271305 | [11.04 21.08] | -0.1729288453745134
0.26712711618638557 | [10.6  23.15] | 0.006611297141802669
0.16753180477354823 | [ 9.9  24.77] | 0.1871099347432691
0.06720451407484167 | [ 8.94 25.98] | 0.36447562583011517
-0.033283982722164554 | [ 7.78 26.8 ] | 0.5345311272184701
-0.13342844327808995 | [ 6.44 27.27] | 0.6934742975295233
-0.2328124690859283 | [ 4.96 27.42] | 0.8380758789926185
-0.33109471797909096 | [ 3.38 27.29] | 0.9656615379656862
-0.4279989190188145 | [ 1.74 26.89] | 1.0742925701860209
-0.5233405651053393 | [ 0.08 26.26] | 1.0561767590909277
-0.6026744072446834 | [-2.6  22.83] | 0.7370376907198193
-0.6400067285434964 | [-5.76 16.06] | 0.1559618710924165
-0.623816485592784 | [-8.21  8.21] | -0.46844375230384006
-0.558741418652352 | [-10.35   0.31] | -0.8520533346784643
-0.4626664952948904 | [-11.58  -5.77] | -0.8063028870879487
-0.3614679357969217 | [-11.48  -9.07] | -0.5743766029125715
-0.2631082829548014 | [-11.48 -11.41] | -0.3491847599076787
-0.16429555082369923 | [-11.47 -13.36] | -0.11786788401738141
-0.06376739061609832 | [-11.23 -14.84] | 0.11646994402270354
0.03856376297331601 | [-10.64 -15.74] | 0.34951370151171185
0.14219471711420906 | [ -9.7  -16.08] | 0.5766593766599682
0.24652041004172387 | [ -8.48 -15.97] | 0.7938863988721265
0.35102479104282963 | [ -7.03 -15.51] | 0.9976568080679796
0.4552813161358194 | [ -5.42 -14.77] | 1.184385760581004
0.558901966557697 | [ -3.66 -13.82] | 1.3497321076745004
0.6615006036323816 | [ -1.78 -12.67] | 1.4877619913722868
0.7626904074069548 | [  0.17 -11.35] | 1.484236770280471
0.8493688598836624 | [ 2.6  -9.22] | 1.2198926338354648
0.9034040331252933 | [ 4.89 -6.99] | 0.7367695442515507
0.9182328129130826 | [ 6.73 -4.51] | 0.12482630847444101
0.8928565473189416 | [ 8.38 -1.51] | -0.5150065299510294
0.8282170416082411 | [10.22  2.04] | -0.8258127576742283
0.7428172596119323 | [10.62  8.21] | -0.7905534603705485
0.6528076262304597 | [10.98 12.38] | -0.6917360268758364
0.5593612067671574 | [11.24 15.81] | -0.5450762805707954
0.46366585002078475 | [11.3  18.79] | -0.3741807609633513
0.36624255695002794 | [11.11 21.3 ] | -0.19421094793739424
0.2673195542450965 | [10.65 23.36] | -0.010512039519226427
0.16725015528275522 | [ 9.92 24.98] | 0.17361485614274802
0.0665341115962621 | [ 8.96 26.2 ] | 0.3544300674960579
-0.034293559132123355 | [ 7.78 27.03] | 0.527897911455504
-0.13474846102807608 | [ 6.42 27.52] | 0.6902235244317552
-0.2344234587346346 | [ 4.93 27.69] | 0.8380876150091573
-0.33297729491015393 | [ 3.33 27.56] | 0.9686418189742055
-0.4301290688665103 | [ 1.67 27.17] | 1.0797159858166128
-0.5256878918794384 | [-1.29e-02  2.65e+01] | 1.0581296023310771
-0.6041002744779254 | [-2.77 22.91] | 0.7434587162539981
-0.6402466015501305 | [-5.88 16.26] | 0.17805647886366482
-0.623873466427114 | [-8.3   8.47] | -0.4353762553190978
-0.5591022696103568 | [-10.45   0.57] | -0.8492302581945098
-0.4613058058119741 | [-11.93  -5.67] | -0.8218445600533252
-0.3578913994631988 | [-11.74  -8.98] | -0.5783468174361396
-0.25863899646205113 | [-11.7  -11.28] | -0.34882305633588184
-0.1595450535186573 | [-11.66 -13.21] | -0.11551849087665195
-0.05898981511965802 | [-11.42 -14.69] | 0.11990794095161093
0.04331013813822897 | [-10.84 -15.62] | 0.3537881687193037
0.14694434330224013 | [ -9.91 -16.  ] | 0.5818721025676714
0.2513424983262366 | [ -8.7  -15.92] | 0.8003432047820063
0.35600382125543384 | [ -7.25 -15.49] | 1.0058160587222011
0.46051327830489996 | [ -5.64 -14.77] | 1.1948337399932096
0.5644947009565396 | [ -3.88 -13.84] | 1.3632763985575092
0.6675705603344714 | [ -2.   -12.71] | 1.5053110977919617
0.7693544859810572 | [ -0.04 -11.42] | 1.525087387964139
0.8590253920417407 | [ 2.32 -9.44] | 1.290155234837538
0.9181293732673431 | [ 4.62 -7.28] | 0.8227968666521916
0.9383952754129224 | [ 6.44 -4.97] | 0.2202836029185537
0.9190632960984347 | [ 8.02 -2.16] | -0.4316471225151959
0.8602872797256785 | [9.76 1.19] | -0.7832235625979089
0.7791359584047249 | [10.15  7.43] | -0.7831174856760136
0.69190397181689 | [10.54 11.64] | -0.7070884740459507
0.6004027524841474 | [10.84 15.09] | -0.5773322572895849
0.5061599048556019 | [10.96 18.09] | -0.4194654599420412
0.40993280757151085 | [10.83 20.62] | -0.25045125077195085
0.3120701729108871 | [10.44 22.68] | -0.07643985562071855
0.21297711963736582 | [ 9.78 24.31] | 0.09911087835928323
0.11318019500964124 | [ 8.88 25.53] | 0.27248523246409084
0.013233452843360038 | [ 7.78 26.36] | 0.43968389388611995
-0.08636745490820205 | [ 6.5  26.85] | 0.5969919801347823
-0.18521559806222948 | [ 5.09 27.02] | 0.7412678920015443
-0.2829826305164545 | [ 3.57 26.91] | 0.8699574533123127
-0.3794077454944656 | [ 1.99 26.55] | 0.9812314275389318
-0.47432085914201194 | [ 0.39 25.96] | 1.007618241139469
-0.5578320142399166 | [-1.97 23.42] | 0.7459382785876909
-0.6016385997352337 | [-5.46 16.52] | 0.1975484772819569
-0.5900543621271223 | [-8.12  8.63] | -0.4049725590061889
-0.5282556742689345 | [-10.41   0.62] | -0.8155341587913255
-0.432000951120975 | [-11.96  -5.66] | -0.7892091302592444
-0.32942346534632705 | [-11.74  -8.94] | -0.5468800816285415
-0.2306188173877009 | [-11.69 -11.25] | -0.3172151821270824
-0.13163268950714063 | [-11.65 -13.17] | -0.08206321722666302
-0.030946703897547286 | [-11.41 -14.66] | 0.15594132408282924
0.0716181113123573 | [-10.82 -15.58] | 0.392278677528032
0.1755823399356754 | [ -9.87 -15.95] | 0.6223838143542472
0.2803487422712847 | [ -8.63 -15.85] | 0.8425104287916267
0.3854170090724264 | [ -7.16 -15.41] | 1.049465082391956
0.4903850683424398 | [ -5.52 -14.69] | 1.2399626958925145
0.59489378719942 | [ -3.73 -13.74] | 1.4099891137194924
0.6985812894952634 | [ -1.83 -12.62] | 1.5535788478532482
0.8010658776416284 | [  0.16 -11.33] | 1.5542777388823414
0.8896479369302792 | [ 2.53 -9.31] | 1.2988782744595624
0.9468221274140648 | [ 4.7  -7.31] | 0.8301977435708566
0.9662568379274328 | [ 6.39 -5.13] | 0.22738462305913157
0.9469682652244245 | [ 7.87 -2.48] | -0.4271566040582129
0.8889621990321633 | [9.53 0.74] | -0.8216842008599569
0.8069313945715856 | [10.13  6.64] | -0.855140377662842
0.7176241697915483 | [10.54 11.06] | -0.7744585835772119
0.6247866589602706 | [10.86 14.59] | -0.6409243512200559
0.52973550578934 | [11.   17.65] | -0.47868749022918133
0.43311418228906773 | [10.89 20.24] | -0.30626930910506295
0.33510738575223586 | [10.53 22.37] | -0.12988349978882746
0.235971500811859 | [ 9.92 24.07] | 0.04768481619682968
0.1361374715226827 | [ 9.06 25.35] | 0.22331295770687154
0.03611463849309339 | [ 7.99 26.25] | 0.3932825768414919
-0.06361364959235094 | [ 6.74 26.81] | 0.5539229193532405
-0.16263792234943505 | [ 5.35 27.04] | 0.7020260298699211
-0.26062309336085465 | [ 3.85 26.99] | 0.8349350824405858
-0.357297206268029 | [ 2.28 26.67] | 0.9506334359280383
-0.4524755734177337 | [ 0.69 26.13] | 1.0160317521332378
-0.5410140283618852 | [-1.31 24.48] | 0.8078129074005663
-0.5929452401776774 | [-5.   17.66] | 0.29159408257053476
-0.5889194410260824 | [-7.77  9.93] | -0.305917232749991
-0.5337367372075641 | [-10.13   1.82] | -0.785074833642541
-0.4390105021975167 | [-12.09  -4.94] | -0.806945855784049
-0.3354962779524075 | [-11.82  -8.5 ] | -0.5612273404191079
-0.23660389211760036 | [-11.74 -10.88] | -0.33262328075061826
-0.13784639908639232 | [-11.7  -12.85] | -0.09840927457609097
-0.03748035670636657 | [-11.49 -14.4 ] | 0.1394410501238772
0.0648128456837148 | [-10.95 -15.4 ] | 0.376208191696838
0.1686038663139976 | [-10.03 -15.83] | 0.6071536403443094
0.27328864008473575 | [ -8.82 -15.79] | 0.8283925109830484
0.37834781006021523 | [ -7.37 -15.39] | 1.0366996978427059
0.4833667327689783 | [ -5.75 -14.69] | 1.2288479660921505
0.5879825822995166 | [ -3.97 -13.78] | 1.4010095536396052
0.6918351487688916 | [ -2.08 -12.68] | 1.5475511185980515
0.7945462027659951 | [ -0.09 -11.41] | 1.5759955102901355
0.8860484782726337 | [ 2.23 -9.52] | 1.3532855464866582
0.9481804949934396 | [ 4.45 -7.51] | 0.8992087368387472
0.9724607405840422 | [ 6.18 -5.42] | 0.30721601815154237
0.9582620275064171 | [ 7.64 -2.87] | -0.3524290943802655
0.9050868963994908 | [9.24 0.22] | -0.8258864791634127
0.8238744193180135 | [10.22  5.43] | -0.9257563623504419
0.7324724590811603 | [10.63 10.31] | -0.8401741753077101
0.6382435669449729 | [10.96 14.02] | -0.7033293036184954
0.542186779768315 | [11.13 17.2 ] | -0.5347168870490199
0.444891934374624 | [11.07 19.92] | -0.3553173973878828
0.34641381984571795 | [10.74 22.18] | -0.17249844175366177
0.24686317173787972 | [10.16 24.  ] | 0.011264111679437222
0.14657596784800506 | [ 9.33 25.4 ] | 0.19332603637527052
0.0460214970004429 | [ 8.28 26.42] | 0.3701748640787104
-0.05432088483141462 | [ 7.04 27.07] | 0.5380798954867354
-0.15402795449477558 | [ 5.65 27.4 ] | 0.6936150648679985
-0.25274398844136026 | [ 4.14 27.42] | 0.8338238737473178
-0.3501701170016817 | [ 2.55 27.17] | 0.9562547500203167
-0.4460875945014622 | [ 0.92 26.67] | 1.0516593707567685
-0.539051867783489 | [-0.83 25.71] | 0.9128580384250757
-0.60122720961232 | [-4.38 19.64] | 0.46261357724365704
-0.6107156308991408 | [-7.2  12.38] | -0.12660184092313123
-0.5687007877116644 | [-9.58  4.27] | -0.6599443666017909
-0.4834587932671011 | [-11.68  -3.04] | -0.7544667185418161
-0.38486936133905264 | [-11.61  -7.36] | -0.55148703726119
-0.28852303487659325 | [-11.65 -10.1 ] | -0.34632252612407066
-0.1913569779036495 | [-11.68 -12.25] | -0.12666908046047345
-0.09227293715435658 | [-11.53 -13.91] | 0.10094497432446034
0.008881849410638812 | [-11.05 -14.99] | 0.3297612936398112
0.11163039259920485 | [-10.21 -15.5 ] | 0.5540619660830517
0.215308540005441 | [ -9.07 -15.52] | 0.7690899587939405
0.3193217413907712 | [ -7.68 -15.16] | 0.9709237965139437
0.42318605680490967 | [ -6.11 -14.5 ] | 1.1559255971224371
0.5264843428619296 | [ -4.39 -13.61] | 1.3201753428326939
0.6288186881019648 | [ -2.55 -12.52] | 1.4586321088218652
0.7298048770269284 | [ -0.62 -11.26] | 1.5304042373745042
0.8248277339872523 | [ 1.52 -9.61] | 1.3470564056564993
0.8925983127656264 | [ 4.12 -7.27] | 0.8791915061672716
0.9191833002307851 | [ 6.13 -4.94] | 0.2715128145459237
0.9048951455516987 | [ 7.82 -2.15] | -0.40066624999666384
0.84955965308302 | [9.59 1.2 ] | -0.7668940364452841
0.7707195948767452 | [9.96 7.47] | -0.7737494666444036
0.6850458082514584 | [10.35 11.71] | -0.7046575044291382
0.5944064072647179 | [10.65 15.21] | -0.5794514735994258
0.5005025333538622 | [10.78 18.26] | -0.4238856060611616
0.4042676246253543 | [10.65 20.82] | -0.2553161388541799
0.3062173543171036 | [10.25 22.9 ] | -0.08054576423915809
0.20688833770755066 | [ 9.57 24.53] | 0.09627117478517283
0.10688786386139365 | [ 8.65 25.73] | 0.27092116541124384
0.006805864240386074 | [ 7.52 26.54] | 0.4391572969207459
-0.09285334409567784 | [ 6.22 27.01] | 0.5971733056189454
-0.19168472929826189 | [ 4.78 27.15] | 0.7417876703717122
-0.28936284260406414 | [ 3.25 27.02] | 0.8703919678399771
-0.3856358152824913 | [ 1.66 26.63] | 0.9811694907088353
-0.48034528235597623 | [ 0.05 26.01] | 0.9723990774712142
-0.5583655021522862 | [-2.7  22.49] | 0.6770994352855957
-0.593426260677224 | [-6.02 15.6 ] | 0.13232300604448882
-0.5743664944041875 | [-8.64  7.61] | -0.44298041148968914
-0.5066546810396664 | [-10.93  -0.27] | -0.7130115539381959
-0.41317934336385914 | [-11.7   -5.87] | -0.6187490223475914
-0.3160629721715265 | [-11.7   -9.04] | -0.4143326975656755
-0.21923813354920885 | [-11.73 -11.36] | -0.19858427383218683
-0.1208773669064146 | [-11.68 -13.23] | 0.028109578153590505
-0.020410749291791114 | [-11.34 -14.56] | 0.25832312334132346
0.08190741183261165 | [-10.64 -15.3 ] | 0.4859707723366274
0.1854453184327095 | [ -9.61 -15.51] | 0.7059434379253764
0.28956968184939014 | [ -8.3 -15.3] | 0.9141589015414617
0.39376239859837425 | [ -6.79 -14.75] | 1.1070590508282372
0.4975957350232098 | [ -5.12 -13.95] | 1.2810002384867656
0.6006769781051227 | [ -3.31 -12.94] | 1.4315129952256296
0.7026191529327163 | [ -1.4  -11.75] | 1.5530052638009408
0.8030443252075415 | [  0.57 -10.41] | 1.4771054218435515
0.8840761859015289 | [ 3.14 -8.16] | 1.11288506899706
0.9280796359657498 | [ 5.32 -6.02] | 0.5621802348320284
0.9321251381284201 | [ 7.04 -3.55] | -0.1010279015589766
0.895010275316064 | [ 8.67 -0.55] | -0.7065955784238998
0.8217916583179462 | [10.2   3.61] | -0.9308001684202056
0.7321896659986258 | [10.58  9.27] | -0.8586174728209235
0.6393057399883442 | [10.92 13.29] | -0.7344063279305469
0.5439100881891135 | [11.13 16.67] | -0.5707707894779862
0.4468017762701636 | [11.13 19.59] | -0.3901916608649263
0.34821166065748554 | [10.87 22.05] | -0.20344813239589182
0.24831689580357033 | [10.33 24.04] | -0.01419009906966981
0.1474973759809841 | [ 9.53 25.59] | 0.1745210116612606
0.046263062696797815 | [ 8.49 26.73] | 0.3589049050103133
-0.05487113526483205 | [ 7.24 27.49] | 0.5349624641224446
-0.15545219459949977 | [ 5.83 27.91] | 0.6989562462804362
-0.2550973616313739 | [ 4.29 28.01] | 0.8475454822762284
-0.3534776900454516 | [ 2.66 27.82] | 0.9777169254591864
-0.4503349193017771 | [ 0.97 27.36] | 1.0847697217028556
-0.5450405878636881 | [-0.77 26.57] | 0.9819382007523292
-0.6115610697737616 | [-4.18 20.97] | 0.5803644511794265
-0.628112145826885 | [-6.96 14.1 ] | 0.016182391436782646
-0.5944027126763114 | [-9.3   6.15] | -0.5366401070959232
-0.516142444961156 | [-11.47  -1.41] | -0.6848122842040487
-0.4214673761518544 | [-11.53  -6.34] | -0.5211949128198134
-0.3271321018970416 | [-11.65  -9.36] | -0.33803100731846525
-0.2311975059284473 | [-11.72 -11.64] | -0.13184986857038516
-0.13312529546607085 | [-11.6  -13.36] | 0.08600557297851505
-0.03291664964161923 | [-11.15 -14.5 ] | 0.3066540777756427
0.06892558163446201 | [-10.37 -15.06] | 0.5236456466989617
0.17170975770366223 | [ -9.28 -15.13] | 0.7316836232775631
0.27479570608898646 | [ -7.94 -14.8 ] | 0.9264072728138784
0.37765488628880933 | [ -6.42 -14.17] | 1.1039634480606784
0.4798394659182851 | [ -4.75 -13.3 ] | 1.2605300520999152
0.5809382399395244 | [ -2.96 -12.23] | 1.3917711281122744
0.680579565128693 | [ -1.1 -11. ] | 1.493760688172573
0.7784417482280656 | [ 0.8  -9.63] | 1.3576664168874135
0.8527133174193343 | [ 3.62 -7.14] | 0.9021001212351096
0.8848551013960518 | [ 5.91 -4.72] | 0.28451614467542546
0.8741873156014046 | [ 7.79 -1.84] | -0.40441149064805165
0.8207170592534567 | [9.67 1.61] | -0.7672661103269494
0.7432164107777806 | [10.02  7.84] | -0.7663286410206127
0.6586096331506736 | [10.4 12.1] | -0.6963742362234965
0.5684637688496236 | [10.69 15.65] | -0.5700414025091144
0.47453283604992325 | [10.81 18.75] | -0.411563945752654
0.3778913270886404 | [10.66 21.36] | -0.23820062694975985
0.2792237464412745 | [10.22 23.47] | -0.057446505486335606
0.17920499497648626 | [ 9.5  25.12] | 0.1256851379117923
0.07852350360177293 | [ 8.52 26.32] | 0.30638078958986426
-0.02219709509388754 | [ 7.33 27.13] | 0.4800789666665387
-0.12244201016181311 | [ 5.96 27.59] | 0.642776196816239
-0.22179911379321904 | [ 4.47 27.72] | 0.7910671809237547
-0.31993036849777073 | [ 2.87 27.57] | 0.9220039891789954
-0.416574853834814 | [ 1.22 27.14] | 1.0334892291714315
-0.5115645987350329 | [-0.45 26.47] | 0.9761757049429663
-0.5829379317712214 | [-3.66 21.69] | 0.630406386109644
-0.6072997683570007 | [-6.65 14.88] | 0.08676063729329814
-0.5801760264539175 | [-9.13  6.92] | -0.46672420056391123
-0.5068334908817517 | [-11.37  -0.79] | -0.6546289016757998
-0.41368333314559375 | [-11.66  -5.98] | -0.518650594755483
-0.3191761438723868 | [-11.76  -9.09] | -0.33417219170262313
-0.22331426906316842 | [-11.83 -11.4 ] | -0.12766241530765657
-0.1253456885384986 | [-11.73 -13.18] | 0.09143659956907416
-0.025172703109609323 | [-11.32 -14.38] | 0.31390775792568254
0.07674831385376946 | [-10.56 -15.  ] | 0.5331436785362014
0.17973025099358333 | [ -9.48 -15.12] | 0.7438219960043841
0.2831279825154871 | [ -8.15 -14.83] | 0.9416413375469693
0.3864124702485948 | [ -6.63 -14.23] | 1.1228278682831392
0.4891404998272703 | [ -4.95 -13.38] | 1.2836106735462347
0.5909047776210538 | [ -3.15 -12.34] | 1.4196053315712587
0.6913234932818493 | [ -1.27 -11.13] | 1.5262938053813673
0.790052540336687 | [ 0.66 -9.77] | 1.4134261560500798
0.8673047732713635 | [ 3.37 -7.42] | 0.9904695784676255
0.9046644478227835 | [ 5.64 -5.14] | 0.38834890755856616
0.8999771996128814 | [ 7.45 -2.46] | -0.30413006425843325
0.8526541490551112 | [9.22 0.79] | -0.7316005802345791
0.7783646377149913 | [9.74 6.78] | -0.7861366173999199
0.6946519836279423 | [10.13 11.23] | -0.7305048272220802
0.6052084945311578 | [10.46 14.85] | -0.6148434209988581
0.5118852536899414 | [10.62 18.01] | -0.4633962296727969
0.4158563144115789 | [10.54 20.68] | -0.29577591554877086
0.3177938626330295 | [10.16 22.85] | -0.12014243094297672
0.21833328113274358 | [ 9.51 24.55] | 0.05867175968137392
0.11814443086648906 | [ 8.6  25.81] | 0.2360595596498462
0.01785430362961677 | [ 7.47 26.67] | 0.40751603324032026
-0.08201209555828537 | [ 6.17 27.16] | 0.5690435627459098
-0.18103733112740178 | [ 4.73 27.34] | 0.7172898353242795
-0.27888643628185916 | [ 3.19 27.22] | 0.8494448918391453
-0.3753007916794329 | [ 1.6  26.85] | 0.9634742283559139
-0.47011716478240073 | [-0.03 26.24] | 0.9578133048834248
-0.5472662177349397 | [-2.86 22.57] | 0.6775661912367545
-0.5811887638531371 | [-6.16 15.77] | 0.15906820690613804
-0.5618069717131217 | [-8.82  7.82] | -0.39357052540781157
-0.49420728725521174 | [-11.16  -0.06] | -0.6786573562527912
-0.39923544343053435 | [-12.15  -5.79] | -0.5979832820409793
-0.3002199554460828 | [-12.06  -8.91] | -0.3855783986288356
-0.20259549333638244 | [-12.03 -11.16] | -0.16649503958600828
-0.10395905598449529 | [-11.94 -12.99] | 0.06200189975854488
-0.003429116024831178 | [-11.6  -14.32] | 0.2931487427147331
0.09891367140415444 | [-10.9  -15.08] | 0.5212563115982652
0.2025183780005638 | [ -9.86 -15.31] | 0.7415282808786402
0.30678631318291094 | [ -8.54 -15.11] | 0.9501460158314523
0.4112196160686442 | [ -7.01 -14.58] | 1.1437649647477732
0.5154076705048216 | [ -5.32 -13.8 ] | 1.3189012415284502
0.6189739101795192 | [ -3.5  -12.81] | 1.4713169140330813
0.7215397529019523 | [ -1.57 -11.65] | 1.5953427062329713
0.8227235749110285 | [  0.43 -10.34] | 1.5350012582543404
0.9064247996318189 | [ 2.92 -8.22] | 1.1915843946707352
0.955000165161388 | [ 5.07 -6.25] | 0.6496967612264326
0.964233347486571 | [ 6.72 -4.02] | -0.015424258894029543
0.9328261897448245 | [ 8.22 -1.28] | -0.6916969985725874
0.8623985086134076 | [9.97 2.06] | -0.9949551882957339
0.7725947190020837 | [10.36  8.27] | -0.9320685076529784
0.6796363430222029 | [10.72 12.48] | -0.8144758011235982
0.5842348331111745 | [10.97 15.95] | -0.6549070835809949
0.48720980781692713 | [11.02 18.96] | -0.47610513600099225
0.38880425441003014 | [10.82 21.5 ] | -0.2906640630619204
0.28912977249669763 | [10.35 23.58] | -0.1022826164935997
0.18850510799990772 | [ 9.61 25.21] | 0.0864171904858087
0.0874112516505253 | [ 8.63 26.43] | 0.2719320966195353
-0.013640776267066747 | [ 7.44 27.27] | 0.45031261259790367
-0.11419139031835332 | [ 6.08 27.76] | 0.6177607083816441
-0.21385079249441674 | [ 4.58 27.93] | 0.7708589354974756
-0.31228524098980626 | [ 2.99 27.81] | 0.9065062759201309
-0.40922746353536166 | [ 1.33 27.41] | 1.022340342122768
-0.5044996411542154 | [-0.35 26.77] | 0.9869846906581123
-0.5778948041477697 | [-3.45 22.33] | 0.6748217357604903
-0.606063302458169 | [-6.48 15.7 ] | 0.1530730048070056
-0.5832117297672328 | [-8.97  7.85] | -0.3990050114564214
-0.513649975504839 | [-11.25   0.05] | -0.6985766716237235
-0.4166280760824443 | [-12.34  -5.76] | -0.6255029866123347
-0.3158083297437371 | [-12.22  -8.89] | -0.40763466633766776
-0.2173582945559429 | [-12.16 -11.1 ] | -0.18691141222196236
-0.11847903054209907 | [-12.06 -12.91] | 0.04146212751829097
-0.0180173314190677 | [-11.72 -14.24] | 0.27177925099770484
0.08413428253920681 | [-11.03 -15.01] | 0.4990651338132508
0.1875228434477498 | [-10.   -15.27] | 0.7187900036224252
0.291584289630705 | [ -8.71 -15.09] | 0.9271372257418443
0.3958257812449141 | [ -7.2  -14.59] | 1.1207025958721086
0.4998322436724753 | [ -5.52 -13.82] | 1.2959748461687277
0.6032218818815399 | [ -3.71 -12.84] | 1.4488111315376329
0.7056121743699825 | [ -1.8 -11.7] | 1.5737650979255569
0.8066226060572109 | [  0.18 -10.4 ] | 1.5410559017608674
0.892701722188624 | [ 2.63 -8.36] | 1.2288951865913755
0.9454497466817628 | [ 4.88 -6.35] | 0.6946256415600193
0.9583445751240419 | [ 6.6  -4.14] | 0.03198893477264013
0.9302802850601608 | [ 8.12 -1.41] | -0.6524684925174309
0.8625182312484194 | [9.86 1.91] | -0.9695844295236531
0.7745653351626797 | [10.25  8.13] | -0.9179363156503142
0.682814540754851 | [10.61 12.35] | -0.8083230455923248
0.5881629724367481 | [10.87 15.84] | -0.6541969444748079
0.4915877989877792 | [10.94 18.87] | -0.4788759243479647
0.39345808400498766 | [10.75 21.42] | -0.29573041357933494
0.2939676246174815 | [10.29 23.5 ] | -0.10898850967152997
0.19348436918834921 | [ 9.56 25.14] | 0.07842330597045499
0.09251724567094612 | [ 8.58 26.36] | 0.2628388785775716
-0.00840800741326845 | [ 7.4  27.19] | 0.4402327952448841
-0.10882524080617381 | [ 6.05 27.68] | 0.6067874291162451
-0.2083430835584136 | [ 4.56 27.85] | 0.7591032381987577
-0.30662946531255647 | [ 2.97 27.72] | 0.8941256977097992
-0.4034218152927392 | [ 1.32 27.32] | 1.009575168318534
-0.4985478900027364 | [-0.35 26.67] | 0.9749073068028105
-0.5717445806029356 | [-3.46 22.23] | 0.6636326529302671
-0.5995108104543037 | [-6.51 15.55] | 0.14345218955535735
-0.5760105364112214 | [-9.03  7.67] | -0.40344882773596796
-0.5057981481624845 | [-11.33  -0.12] | -0.677145388830307
-0.4096308227720357 | [-12.25  -5.8 ] | -0.591099878556869
-0.31011543921532897 | [-12.17  -8.91] | -0.3802873925316407
-0.21218906415545846 | [-12.14 -11.13] | -0.16221319643991527
-0.11348135051554684 | [-12.03 -12.93] | 0.06467355405447034
-0.013053059767386643 | [-11.67 -14.23] | 0.29374449102787287
0.08908966921932694 | [-10.96 -14.97] | 0.5196220419046694
0.1924449646182962 | [ -9.92 -15.19] | 0.7376128567572756
0.2964329670568502 | [ -8.61 -14.99] | 0.9438294596937664
0.40055511911779823 | [ -7.09 -14.46] | 1.1348168549418247
0.5043922312966068 | [ -5.41 -13.68] | 1.307020853505305
0.6075580687152307 | [ -3.59 -12.69] | 1.4562374141272367
0.7096678424206154 | [ -1.68 -11.53] | 1.5770871637837476
0.8103437660749231 | [  0.3  -10.22] | 1.524685940364311
0.8945838547530565 | [ 2.8  -8.13] | 1.1862605278554499
0.944130455273926 | [ 5.03 -6.11] | 0.6353854684530724
0.9535279637455985 | [ 6.74 -3.84] | -0.03873106628539013
0.9216009197635466 | [ 8.28 -1.05] | -0.7201155772180456
0.8501981308882836 | [10.06  2.34] | -1.0136602261971766
0.7597197699870942 | [10.44  8.52] | -0.9399844370310271
0.6664308330959845 | [10.79 12.72] | -0.8165245913994813
0.5707992544012463 | [11.02 16.2 ] | -0.6530424175105924
0.4735333635556477 | [11.06 19.22] | -0.4711810972309267
0.37483334190159284 | [10.84 21.78] | -0.28270919563344415
0.2748267614951234 | [10.34 23.86] | -0.09117564556244123
0.17386217769160567 | [ 9.58 25.5 ] | 0.10064718072775156
0.07243860960403367 | [ 8.57 26.72] | 0.2891166740089862
-0.028928459551523577 | [ 7.35 27.56] | 0.4702165545860931
-0.12978049960608884 | [ 5.96 28.04] | 0.6400962544393627
-0.2297270173355736 | [ 4.43 28.21] | 0.7952400638465201
-0.32842899278183835 | [ 2.81 28.08] | 0.9323494323857728
-0.4256131129258973 | [ 1.12 27.67] | 1.0488653189952666
-0.5210922930988711 | [-0.59 27.  ] | 0.9925380597192796
-0.5916960883008481 | [-3.86 22.03] | 0.6565979815986318
-0.6152153032024233 | [-6.74 15.42] | 0.13372171884099385
-0.5888808374597507 | [-9.16  7.6 ] | -0.41036895749167906
-0.5169220719865867 | [-11.41  -0.12] | -0.682089090158045
-0.41966823909375744 | [-12.34  -5.8 ] | -0.5953793686598335
-0.3194491071183229 | [-12.26  -8.9 ] | -0.3840864474435808
-0.2211451425282835 | [-12.22 -11.1 ] | -0.16608165751802503
-0.12231529997763524 | [-12.1  -12.88] | 0.06003920388248693
-0.021927546412151843 | [-11.74 -14.16] | 0.2879353157677014
0.08009385537366578 | [-11.03 -14.9 ] | 0.5125660094863094
0.18329483980909553 | [ -9.99 -15.12] | 0.7293725271451189
0.2871143717306134 | [ -8.69 -14.93] | 0.9344539503062245
0.3910566496845173 | [ -7.18 -14.41] | 1.124303885168151
0.4946994475880534 | [ -5.51 -13.63] | 1.2953415150049796
0.5976529398582001 | [ -3.7  -12.65] | 1.443416061761713
0.6995303775076737 | [ -1.8  -11.49] | 1.5633347719008042
0.7999572448826212 | [  0.17 -10.19] | 1.5239759565065556
0.8852913616582113 | [ 2.64 -8.14] | 1.1985416500396269
0.9367330184251178 | [ 4.94 -6.09] | 0.6466028220408514
0.9475142656719889 | [ 6.7  -3.82] | -0.030363790934659844
0.9165986294177116 | [ 8.27 -1.02] | -0.7170351176607684
0.8457905764598116 | [10.06  2.38] | -1.0121589970188891
0.755729447083666 | [10.43  8.56] | -0.9385288674060809
0.6627578330880967 | [10.77 12.77] | -0.8157561503204377
0.5673169443729871 | [11.   16.25] | -0.6527792994741587
0.4701288052867269 | [11.04 19.29] | -0.47102849229921273
0.37142351521172795 | [10.81 21.85] | -0.28224769323791254
0.2713650774982837 | [10.31 23.94] | -0.09012738545072668
0.17033113026388846 | [ 9.54 25.57] | 0.102392971238537
0.06883718639328852 | [ 8.52 26.79] | 0.2915635568036312
-0.03259467508509091 | [ 7.3  27.63] | 0.4733196295357356
-0.13350413478910528 | [ 5.9  28.12] | 0.6437858577381674
-0.23349983716989112 | [ 4.36 28.28] | 0.7994154455481908
-0.33224132590098965 | [ 2.73 28.15] | 0.9368489119689712
-0.42945477516033154 | [ 1.04 27.73] | 1.0534862570876828
-0.5249515342824668 | [-0.68 27.05] | 0.9894921694308534
-0.5944111394274315 | [-4.01 21.88] | 0.6446707615537683
-0.6159619883558911 | [-6.85 15.25] | 0.12217180549665924
-0.5879966547857391 | [-9.25  7.42] | -0.4163654595961114
-0.5148364664313378 | [-11.5   -0.26] | -0.6667134479109835
-0.41784099939900193 | [-12.31  -5.83] | -0.569294800006182
-0.3184038745533363 | [-12.26  -8.91] | -0.36334882390420215
-0.22038388380409343 | [-12.23 -11.11] | -0.14751029735329674
-0.12165038534660208 | [-12.11 -12.87] | 0.07706347272013653
-0.02130725850973451 | [-11.72 -14.12] | 0.3034448856139075
0.08065847184225991 | [-11.   -14.83] | 0.5263931384015049
0.18377028013764476 | [ -9.95 -15.03] | 0.7412637403995874
0.28746078919431417 | [ -8.64 -14.82] | 0.9440937515546338
0.391230453189844 | [ -7.13 -14.28] | 1.1313227348401824
0.49465292668530075 | [ -5.45 -13.49] | 1.299337123980069
0.5973342560457625 | [ -3.65 -12.5 ] | 1.443979770079354
0.6988867347895558 | [ -1.75 -11.33] | 1.560224182363365
0.7989413452171777 | [  0.21 -10.03] | 1.509876781477731
0.8832039641795746 | [ 2.72 -7.95] | 1.1679606334664514
0.9327752993235203 | [ 5.02 -5.88] | 0.6020428294724876
0.9412409111690816 | [ 6.79 -3.57] | -0.08491486013948947
0.9075921891875485 | [ 8.39 -0.71] | -0.7398550731572456
0.8357301590793516 | [9.99 3.12] | -0.9952305037514079
0.7462304451862971 | [10.36  8.99] | -0.9208923393429754
0.6535259436406716 | [10.7 13.1] | -0.7969271055011733
0.5582092120193978 | [10.92 16.55] | -0.6333973354276884
0.46104446964488666 | [10.94 19.55] | -0.4521193361219752
0.3622913822377318 | [10.7  22.07] | -0.26385707986461954
0.26217929338039514 | [10.17 24.11] | -0.07228901760285568
0.16113659870585947 | [ 9.37 25.7 ] | 0.11938640847782339
0.059701527839729165 | [ 8.33 26.87] | 0.3072551092939514
-0.04160085818476317 | [ 7.08 27.66] | 0.487218569494826
-0.1423156001337194 | [ 5.67 28.1 ] | 0.6554376034616602
-0.2420580114352706 | [ 4.13 28.22] | 0.8084179748893083
-0.3404953866426091 | [ 2.49 28.04] | 0.9428744992215699
-0.43736973705469195 | [ 0.8  27.59] | 1.0412805089919743
-0.5295306366888924 | [-1.14 26.36] | 0.9207670583896288
-0.5890116769293654 | [-4.71 20.26] | 0.5170717559504149
-0.5966427053264209 | [-7.46 13.23] | -0.016601104871936372
-0.5550173754452615 | [-9.88  5.25] | -0.5139696277880541
-0.47086886853452553 | [-12.12  -2.12] | -0.6190789833878108
-0.37265973004398767 | [-12.07  -6.69] | -0.4369444204145162
-0.2763655817831812 | [-12.09  -9.48] | -0.24160556184873566
-0.17935558841907595 | [-12.07 -11.59] | -0.02803939003193382
-0.08064677610917814 | [-11.87 -13.19] | 0.1939930093186574
0.01998963387206731 | [-11.34 -14.23] | 0.4165036171036818
0.12216638558920932 | [-10.48 -14.72] | 0.6335165515222425
0.2252590401751909 | [ -9.32 -14.73] | 0.8401713964739334
0.32867242420813664 | [ -7.91 -14.36] | 1.0324674155930793
0.4319077963217648 | [ -6.33 -13.7 ] | 1.2067704564689963
0.5345351042269804 | [ -4.6 -12.8] | 1.3593426408894498
0.6361505179271163 | [ -2.76 -11.72] | 1.4858121469178214
0.7363760761326889 | [ -0.84 -10.49] | 1.565111478498393
0.8329910955948544 | [ 1.19 -9.01] | 1.368840518529723
0.9028645983196146 | [ 3.94 -6.69] | 0.8546693537559834
0.9295293567378908 | [ 6.01 -4.48] | 0.20372706753736694
0.9138947734712041 | [ 7.69 -1.81] | -0.507440283765114
0.8561108196062861 | [9.44 1.44] | -0.8717146485577574
0.7752227861247534 | [9.8  7.71] | -0.8589943750210866
0.6881887727033076 | [10.18 11.99] | -0.7786809179520923
0.5964732282759746 | [10.48 15.54] | -0.6450843935110888
0.5016111367899327 | [10.59 18.64] | -0.48290372245526786
0.40445675894619093 | [10.44 21.24] | -0.30807713804459286
0.3055494313272229 | [10.01 23.35] | -0.12688201165531676
0.2054774310304658 | [ 9.29 24.99] | 0.05641143865192981
0.10487581627305319 | [ 8.33 26.19] | 0.23737357175794704
0.004333124964508429 | [ 7.16 27.  ] | 0.41162622756785155
-0.09565966075489327 | [ 5.82 27.46] | 0.5752537648921645
-0.19470670327731224 | [ 4.35 27.6 ] | 0.7248965528788393
-0.29248294267591324 | [ 2.78 27.44] | 0.8576187450203476
-0.3887453041791116 | [ 1.16 27.03] | 0.9714158942853606
-0.4833414606086733 | [-0.47 26.37] | 0.925517525133148
-0.5537942373447854 | [-3.76 21.53] | 0.6014889998374435
-0.5766593685588451 | [-6.84 14.66] | 0.08659640960079631
-0.5479040948146399 | [-9.43  6.65] | -0.4321384019895484
-0.4732122612153881 | [-11.76  -1.03] | -0.5751167120183878
-0.38079590136969793 | [-11.82  -5.96] | -0.4211791687075508
-0.28776097512023435 | [-11.95  -9.01] | -0.24306625191532247
-0.1924964711706463 | [-12.01 -11.28] | -0.03890583274762023
-0.0947087231127802 | [-11.87 -13.  ] | 0.17860528586592614
0.00544489874098434 | [-11.4  -14.13] | 0.39912680320339666
0.10737605947609807 | [-10.59 -14.67] | 0.6155003521775512
0.2103512192048529 | [ -9.46 -14.73] | 0.8222888076091323
0.3137157109631604 | [ -8.09 -14.39] | 1.0152378188537294
0.41694184483831764 | [ -6.53 -13.76] | 1.1906391859865957
0.5195893818036076 | [ -4.82 -12.89] | 1.3447775297200248
0.6212538333800388 | [ -2.99 -11.83] | 1.4733737367124515
0.7215578472719979 | [ -1.09 -10.61] | 1.5721767298705311
0.8201624910455297 | [ 0.85 -9.26] | 1.4161776355279494
0.8948812776930429 | [ 3.61 -6.92] | 0.9350842180144371
0.9275263691768967 | [ 5.77 -4.75] | 0.29809086670472235
0.917880371666962 | [ 7.48 -2.17] | -0.41682002012608566
0.8656181949588669 | [9.2 1. ] | -0.8091804543731307
0.7887853167566384 | [9.55 7.3 ] | -0.8240411109589927
0.7044487361593154 | [ 9.94 11.59] | -0.7634078434558429
0.6145123849956505 | [10.26 15.16] | -0.6442316286319074
0.5208340758851763 | [10.41 18.27] | -0.4923626631025367
0.42451859585463136 | [10.3  20.89] | -0.32534311277354644
0.32625513416718455 | [ 9.9  23.01] | -0.150431684597984
0.22671553516850823 | [ 9.23 24.64] | 0.027623801335998913
0.1265837164401876 | [ 8.3  25.84] | 0.20414945020783498
0.026476965220843016 | [ 7.16 26.65] | 0.3746447688671811
-0.07310000714197752 | [ 5.86 27.1 ] | 0.5351756222745823
-0.1717498623890242 | [ 4.43 27.24] | 0.6824614545982536
-0.2691548353542022 | [ 2.9 27.1] | 0.8137387130940227
-0.36508157303509065 | [ 1.32 26.69] | 0.9271623524523489
-0.4593883328662175 | [-0.28 26.06] | 0.9010942562921942
-0.5320277967982147 | [-3.41 21.68] | 0.601383413041865
-0.558367580621892 | [-6.67 14.74] | 0.09399954902477509
-0.5317933279819197 | [-9.36  6.67] | -0.4207990946793671
-0.45837469204352815 | [-11.74  -1.05] | -0.5612122066418326
-0.36676905171642993 | [-11.79  -5.95] | -0.4070165927313258
-0.2742215623995944 | [-11.92  -9.01] | -0.22864351771956348
-0.1791757323444435 | [-11.99 -11.29] | -0.023710258314521934
-0.08141238788593352 | [-11.85 -13.02] | 0.19503376665055752
0.018832223872284955 | [-11.38 -14.14] | 0.4168969789173027
0.1209119676481992 | [-10.56 -14.68] | 0.6344744385330172
0.22406402797302116 | [ -9.42 -14.73] | 0.8422842324675125
0.32762536220682625 | [ -8.04 -14.39] | 1.0361241676812292
0.43106966920277245 | [ -6.46 -13.75] | 1.212336943742339
0.5339604394022176 | [ -4.74 -12.87] | 1.3672089834323384
0.6358956727063675 | [ -2.89 -11.81] | 1.4963584582715423
0.736496254000261 | [ -0.97 -10.59] | 1.5924394084539069
0.8350940201451522 | [ 1.   -9.21] | 1.415690149849839
0.9081467986884253 | [ 3.76 -6.87] | 0.9136505241383732
0.9381200582593793 | [ 5.83 -4.73] | 0.273178992951365
0.9262043499330224 | [ 7.49 -2.17] | -0.44031959463912035
0.8721168925977885 | [9.18 0.98] | -0.8314160306337385
0.7937706066576886 | [9.55 7.27] | -0.8433355655993672
0.7082525760823868 | [ 9.94 11.57] | -0.7770823760185193
0.6175685630749526 | [10.26 15.14] | -0.6537757156602528
0.5234650620079399 | [10.4  18.25] | -0.49941371151876524
0.4269374772290655 | [10.29 20.86] | -0.33116967017586935
0.3285903588599085 | [ 9.89 22.97] | -0.15583693753289252
0.22903957563182825 | [ 9.21 24.6 ] | 0.022196782649644378
0.12893588918012577 | [ 8.29 25.79] | 0.198482988867021
0.028878355405371647 | [ 7.15 26.6 ] | 0.3686482359196236
-0.0706381544823014 | [ 5.85 27.05] | 0.52883201933421
-0.16922203817749212 | [ 4.42 27.18] | 0.6758053690046817
-0.266559571094045 | [ 2.9  27.04] | 0.8068530622427418
-0.36242073392846014 | [ 1.33 26.64] | 0.920175338269898
-0.4566664342636947 | [-0.26 26.01] | 0.8955808765741295
-0.5294339082729885 | [-3.39 21.66] | 0.5974953232897822
-0.5559516942788613 | [-6.66 14.7 ] | 0.09059102242808388
-0.5293875369980184 | [-9.36  6.63] | -0.4230783282219307
-0.4559098240653698 | [-11.74  -1.1 ] | -0.5618394413873713
-0.3642676495580097 | [-11.8   -5.98] | -0.4066259417385144
-0.271700223217731 | [-11.92  -9.03] | -0.22759585770903704
-0.1766337921657254 | [-11.99 -11.31] | -0.022155125253961128
-0.07884223640654812 | [-11.85 -13.03] | 0.19703461917430443
0.021436920853735785 | [-11.38 -14.15] | 0.41929716657914395
0.12355469355432513 | [-10.56 -14.69] | 0.6372250243387179
0.22674728138112615 | [ -9.41 -14.74] | 0.8453481695056566
0.3303524503196225 | [ -8.03 -14.4 ] | 1.0394818218556903
0.433845281021421 | [ -6.45 -13.75] | 1.2159799976151382
0.5367904250396743 | [ -4.72 -12.88] | 1.3711291763963858
0.6387865120308245 | [ -2.88 -11.81] | 1.5005257046009715
0.7394540254055788 | [ -0.95 -10.59] | 1.594537694804595
0.8378746142454868 | [ 1.03 -9.2 ] | 1.4156909193487677
0.9106456958175997 | [ 3.78 -6.87] | 0.9137574263385618
0.9404740163472952 | [ 5.83 -4.75] | 0.2734864858471195
0.9285020837185168 | [ 7.48 -2.19] | -0.4399019392787068
0.87442895762601 | [9.17 0.95] | -0.8362754400780025
0.7958755443848551 | [9.56 7.18] | -0.8520574602030964
0.7100178810636696 | [ 9.95 11.51] | -0.7844038304847676
0.6191198038266978 | [10.27 15.09] | -0.6600107046462613
0.5248877548648513 | [10.42 18.21] | -0.5046785859212432
0.42828968363366976 | [10.31 20.83] | -0.3357032979646987
0.32990210076202775 | [ 9.91 22.94] | -0.159817096206476
0.23032047743644127 | [ 9.23 24.59] | 0.018699642306904657
0.13018450767928477 | [ 8.31 25.79] | 0.19546998176830893
0.030088985440497488 | [ 7.18 26.6 ] | 0.36614764395433547
-0.06947179064755499 | [ 5.88 27.06] | 0.5268714808941006
-0.168105256764304 | [ 4.45 27.21] | 0.674399577665329
-0.2654960881018231 | [ 2.93 27.07] | 0.8059959502906295
-0.3614116707608314 | [ 1.36 26.67] | 0.9198235868142073
-0.45571082104374344 | [-0.24 26.05] | 0.8989785083423403
-0.5289720757575885 | [-3.33 21.78] | 0.6061417618690275
-0.5563591251047564 | [-6.61 14.85] | 0.10144975472266389
-0.5306670107279111 | [-9.32  6.79] | -0.41375880870921355
-0.45790666379660055 | [-11.7   -0.96] | -0.5610982505650584
-0.3663919635121619 | [-11.81  -5.91] | -0.41129944610858493
-0.27368278772183524 | [-11.93  -8.98] | -0.23212397739131926
-0.17858478675729644 | [-11.99 -11.26] | -0.02676174419000524
-0.08081395485426614 | [-11.86 -12.99] | 0.19244244682509093
0.019429383134205058 | [-11.4  -14.13] | 0.41480101567854366
0.12151723646065513 | [-10.58 -14.68] | 0.6329059197441924
0.22469181712236214 | [ -9.44 -14.74] | 0.8412736740926884
0.32829025756676106 | [ -8.06 -14.4 ] | 1.0357083219125134
0.4317857288386963 | [ -6.48 -13.76] | 1.2125636694754043
0.534741643415655 | [ -4.76 -12.89] | 1.3681370601250529
0.6367561376879203 | [ -2.91 -11.83] | 1.4980500437534228
0.7374489466894824 | [ -0.99 -10.61] | 1.5969492206757319
0.8363793008974332 | [ 0.97 -9.25] | 1.4269601088636925
0.9102980874357834 | [ 3.72 -6.93] | 0.9319396313426132
0.9415122126414229 | [ 5.79 -4.81] | 0.295143074203676
0.9309760647995087 | [ 7.43 -2.28] | -0.4187552179734749
0.8782784040736178 | [9.11 0.83] | -0.8363467469505818
0.8000208298365531 | [9.6  6.89] | -0.8691655768389972
0.7137145015988404 | [ 9.99 11.31] | -0.8002430865365048
0.6225399678366696 | [10.31 14.93] | -0.674874818067677
0.5281251680398534 | [10.47 18.08] | -0.5178787499465255
0.4314116712216343 | [10.37 20.74] | -0.3472307525582862
0.3329319295229689 | [ 9.98 22.89] | -0.16976781125237828
0.2332457433978802 | [ 9.32 24.57] | 0.010372103475617844
0.13297547338157856 | [ 8.41 25.82] | 0.18891855261021304
0.03271281277069113 | [ 7.28 26.66] | 0.36153987187480785
-0.0670437133122607 | [ 5.99 27.15] | 0.5243268963904257
-0.16589474083067768 | [ 4.56 27.32] | 0.6739602803396488
-0.2635171283126435 | [ 3.03 27.2 ] | 0.8076022796018633
-0.35966733324787603 | [ 1.45 26.82] | 0.9232540307024084
-0.45419502062121586 | [-0.16 26.21] | 0.9139095278505918
-0.5290281091599955 | [-3.16 22.21] | 0.6376790139450059
-0.5592047591347618 | [-6.45 15.37] | 0.14072550076249277
-0.5364455562696694 | [-9.16  7.37] | -0.37967696363585757
-0.4661833817759713 | [-11.57  -0.44] | -0.5957339465470767
-0.3723780213672133 | [-12.19  -5.82] | -0.4843002047008664
-0.275805105731251 | [-12.17  -8.87] | -0.28677860631762536
-0.17910290880019156 | [-12.16 -11.1 ] | -0.07323286545016502
-0.08075938095579507 | [-12.04 -12.87] | 0.15167520339080254
0.019685293302933116 | [-11.63 -14.1 ] | 0.379141619835734
0.12194877012763314 | [-10.86 -14.75] | 0.6026817480765729
0.22540886170517915 | [ -9.76 -14.9 ] | 0.8172660896303164
0.32945028231253837 | [ -8.4  -14.64] | 1.0189968154743059
0.433569654611733 | [ -6.84 -14.06] | 1.2044563211469919
0.5373497406354052 | [ -5.12 -13.23] | 1.3700927470514421
0.6404055131375228 | [ -3.27 -12.21] | 1.5116124043223271
0.7423546277721607 | [ -1.32 -11.03] | 1.623690046439277
0.8428225982241365 | [ 0.67 -9.71] | 1.5122363771676268
0.9226200663832923 | [ 3.26 -7.54] | 1.0983962374534548
0.9641960286305408 | [ 5.33 -5.61] | 0.5086804761358805
0.9655659865161178 | [ 6.93 -3.35] | -0.1905818853140802
0.92548488567808 | [ 8.44 -0.56] | -0.8212724045370379
0.8493790331582517 | [9.91 3.45] | -1.0440034628018093
0.7575689678046968 | [10.3   9.17] | -0.9576275281958783
0.6632540195649274 | [10.64 13.23] | -0.8237943149731092
0.5669501718507116 | [10.85 16.64] | -0.6541932825193723
0.46923301783498983 | [10.86 19.61] | -0.47031319870748967
0.37019685114346423 | [10.6  22.08] | -0.28128908893429794
0.26997746636259995 | [10.06 24.09] | -0.08988092611800727
0.16894864836307302 | [ 9.26 25.65] | 0.10117016659371311
0.06761429078348921 | [ 8.22 26.8 ] | 0.28818002733475734
-0.0335228002697566 | [ 6.98 27.56] | 0.46717401734676506
-0.13402221508668025 | [ 5.58 27.99] | 0.6343941467353881
-0.23350932355739684 | [ 4.05 28.09] | 0.7864137402096294
-0.33166117018679947 | [ 2.42 27.91] | 0.9200418355934925
-0.428233688506774 | [ 0.75 27.44] | 1.0147531961218994
-0.5193731044227615 | [-1.23 26.1 ] | 0.8917756829180751
-0.5771429898527539 | [-4.82 19.94] | 0.4890571287914517
-0.582746921828213 | [-7.61 12.81] | -0.038210668416630726
-0.5389155914078845 | [-10.07   4.8 ] | -0.5193211639989971
-0.45300048180756164 | [-12.32  -2.51] | -0.607966750174612
-0.3538082098436963 | [-12.22  -6.9 ] | -0.41751522677282943
-0.2570144000890483 | [-12.21  -9.6 ] | -0.2173300944529232
-0.1597079273385969 | [-12.16 -11.65] | -0.000725916489982964
-0.060760951929273846 | [-11.94 -13.23] | 0.22343896969995736
0.04009969178067944 | [-11.4  -14.24] | 0.4475138222945243
0.14249982348027707 | [-10.51 -14.71] | 0.6656726045891339
0.24582685101848592 | [ -9.32 -14.7 ] | 0.8732310757151764
0.34950112951247975 | [ -7.89 -14.32] | 1.0663501782318183
0.4530388402734349 | [ -6.28 -13.64] | 1.2414865938346538
0.5560210773708143 | [ -4.53 -12.75] | 1.3949055209184142
0.6580499181816347 | [ -2.66 -11.66] | 1.522099365289548
0.7587441510858939 | [ -0.72 -10.43] | 1.5890115101367135
0.8545403768782583 | [ 1.39 -8.89] | 1.3800518973700915
0.9231971207748245 | [ 4.03 -6.68] | 0.8655057845911631
0.9495770065464143 | [ 6.   -4.58] | 0.2134454208962708
0.9342191765511375 | [ 7.59 -2.02] | -0.5016383733358745
0.8770923936526832 | [9.27 1.12] | -0.8783581522240871
0.7966345828685043 | [9.63 7.41] | -0.8751478518713105
0.7097947708497764 | [10.02 11.69] | -0.800152377051522
0.618249296533162 | [10.33 15.25] | -0.6705752143094833
0.5235982985894255 | [10.46 18.34] | -0.5120359697543816
0.4267109246831987 | [10.34 20.95] | -0.34083807890837325
0.3281110515209245 | [ 9.93 23.05] | -0.16317957759207327
0.22836598812680192 | [ 9.24 24.68] | 0.01688010865792658
0.12809748188683254 | [ 8.31 25.89] | 0.19505812084221585
0.027888293089624355 | [ 7.18 26.7 ] | 0.36704643263749664
-0.07177410983660522 | [ 5.87 27.16] | 0.5289831029502271
-0.17049941899304435 | [ 4.44 27.31] | 0.6775932538484029
-0.2679714064247943 | [ 2.91 27.17] | 0.8100770249658782
-0.36395621165236125 | [ 1.32 26.77] | 0.9245439276244396
-0.45831096156573736 | [-0.28 26.14] | 0.90174165133139
-0.5311131354030576 | [-3.41 21.79] | 0.608070120642896
-0.5578406025774554 | [-6.65 14.89] | 0.10626326144326192
-0.5318474651326894 | [-9.35  6.85] | -0.40665344021250244
-0.45898502018926834 | [-11.73  -0.89] | -0.5611297647335428
-0.3669297744169637 | [-11.9  -5.9] | -0.41591284584604427
-0.2735850629961278 | [-12.    -8.95] | -0.2343268411130557
-0.1782102318474153 | [-12.05 -11.21] | -0.02789413408100368
-0.08034727128222655 | [-11.91 -12.95] | 0.19189472264703028
0.01991093328506663 | [-11.45 -14.09] | 0.4146336770518966
0.12199745846139248 | [-10.63 -14.65] | 0.6330872298744533
0.2251808020562283 | [ -9.5  -14.72] | 0.8418552196573592
0.3288077058160969 | [ -8.12 -14.39] | 1.0367836552056768
0.4323549843246386 | [ -6.55 -13.76] | 1.2142530884902796
0.5353881242648558 | [ -4.82 -12.89] | 1.370582804206215
0.6375066812759426 | [ -2.98 -11.84] | 1.5014227192945313
0.7383291319404016 | [ -1.05 -10.63] | 1.6021533947116537
0.8375024975547639 | [ 0.91 -9.28] | 1.4415070323871457
0.9124817657654365 | [ 3.64 -6.98] | 0.9579179570917945
0.9454764425197246 | [ 5.71 -4.91] | 0.32528039108738893
0.9368467503657492 | [ 7.35 -2.43] | -0.39019562440188305
0.8860192744380075 | [9.   0.63] | -0.8430964986606334
0.8079156215790524 | [9.64 6.4 ] | -0.9035146753653717
0.7206158774905539 | [10.03 10.99] | -0.8310402838684838
0.6288317573277125 | [10.35 14.67] | -0.7032367654366244
0.5340258905774221 | [10.52 17.87] | -0.5430793124430835
0.43707498413477247 | [10.44 20.59] | -0.3694835810137616
0.33842762833948464 | [10.08 22.8 ] | -0.18940185992646408
0.23857703546355713 | [ 9.43 24.54] | -0.006687042009163716
0.13811097682311724 | [ 8.53 25.84] | 0.1746100473988107
0.03761103451105932 | [ 7.42 26.74] | 0.3502210556680466
-0.062421358259153396 | [ 6.13 27.27] | 0.5161913684243449
-0.1615787317139499 | [ 4.7  27.48] | 0.6691009718290661
-0.2595277027800196 | [ 3.16 27.4 ] | 0.8059715906080869
-0.35600966090644764 | [ 1.57 27.04] | 0.9245655970900575
-0.4508605762528722 | [-0.05 26.45] | 0.9314578417472591
-0.527840044993711 | [-2.92 22.8 ] | 0.6796631452350883
-0.5618278810973523 | [-6.25 16.1 ] | 0.19669653125862788
-0.5431570929921475 | [-8.96  8.21] | -0.3274815705879124
-0.47649467481624186 | [-11.39   0.31] | -0.6399959920278864
-0.37943021951788863 | [-12.76  -5.66] | -0.5814230336243105
-0.2774825548796757 | [-12.53  -8.75] | -0.3568948780483323
-0.17865622658736013 | [-12.41 -10.91] | -0.13306869481971972
-0.07960603874725411 | [-12.27 -12.68] | 0.09829591245076219
0.021027606631123866 | [-11.92 -14.01] | 0.3313854357307386
0.12341739907861649 | [-11.21 -14.8 ] | 0.5608991011618731
0.22712938224180992 | [-10.17 -15.06] | 0.7824015325558333
0.33161297777099874 | [ -8.84 -14.89] | 0.9924365479364764
0.436398618241312 | [ -7.29 -14.39] | 1.1879852978245498
0.5411009818611705 | [ -5.58 -13.63] | 1.3658199596261837
0.6453692987820946 | [ -3.74 -12.67] | 1.5220164816422181
0.7488454207942995 | [ -1.78 -11.54] | 1.65102287947403
0.8511522760375706 | [  0.25 -10.27] | 1.6130736564568535
0.9383965347803328 | [ 2.66 -8.32] | 1.300068983284167
0.9930103975103093 | [ 4.74 -6.55] | 0.7775489704026856
1.0093588616761977 | [ 6.3  -4.65] | 0.12136990223641567
0.9862182318363423 | [ 7.63 -2.28] | -0.5793878474032192
0.923910351565558 | [9.17 0.69] | -0.9877405526177645
0.837928885830786 | [9.79 6.55] | -1.0061054436192658
0.7455599522121333 | [10.2  11.06] | -0.9069691865635185
0.6505839520292613 | [10.51 14.67] | -0.7598467703244007
0.5540043354523012 | [10.65 17.8 ] | -0.5884815606944264
0.4562103070840448 | [10.54 20.44] | -0.40947784443438195
0.3572706192712187 | [10.17 22.6 ] | -0.2274140367788267
0.25741532673949297 | [ 9.54 24.31] | -0.04437130041738503
0.15706916107364755 | [ 8.66 25.61] | 0.1367163939587936
0.05672523419356132 | [ 7.57 26.51] | 0.3121675034910647
-0.04315720527465609 | [ 6.31 27.07] | 0.47829457426237676
-0.14218960073686893 | [ 4.91 27.3 ] | 0.6318074072294974
-0.24004829297232377 | [ 3.41 27.25] | 0.7698397583407565
-0.33647678524910707 | [ 1.84 26.92] | 0.8901892526008023
-0.4313112095607163 | [ 0.24 26.36] | 0.9270833993841683
-0.5126824007075614 | [-2.29 23.53] | 0.7141644682525248
-0.5538229902527683 | [-5.8  16.85] | 0.24595491680395537
-0.5412030786284261 | [-8.61  9.03] | -0.28337217013030275
-0.4793203179471521 | [-11.09   1.03] | -0.6842935885352756
-0.3803297888567435 | [-13.12  -5.49] | -0.6719603939651745
-0.27438658374718244 | [-12.69  -8.66] | -0.42322375478803365
-0.1741572773519797 | [-12.48 -10.8 ] | -0.19115251841409073
-0.07468846157305871 | [-12.33 -12.58] | 0.04544569761864517
0.026061699014891665 | [-12.01 -13.99] | 0.28359367577782546
0.12856787044863863 | [-11.36 -14.88] | 0.5185186063542845
0.23250626709277417 | [-10.36 -15.23] | 0.7460438608614818
0.337354686396305 | [ -9.06 -15.13] | 0.9630060068224386
0.44265955981717514 | [ -7.53 -14.68] | 1.1667420336536207
0.54805892456019 | [ -5.83 -13.97] | 1.3543705887721516
0.6532334354101295 | [ -3.99 -13.05] | 1.52232571524279
0.7578597911916776 | [ -2.04 -11.96] | 1.6653753237462467
0.8615840336634725 | [  0.01 -10.72] | 1.6726165266499509
0.9534378396277557 | [ 2.32 -8.91] | 1.4224427406493882
1.0159840450557334 | [ 4.37 -7.23] | 0.9548458531691476
1.0419515248797993 | [ 5.9  -5.57] | 0.3488549757478783
1.0306407194432397 | [ 7.13 -3.49] | -0.33992327029606384
0.981034749383448 | [ 8.47 -0.86] | -0.9739457050172999
0.8971505370559157 | [10.09  2.6 ] | -1.2021633385580175
0.7986814177946021 | [10.55  8.65] | -1.0857908044827043
0.7000478071982127 | [10.9  12.78] | -0.929971216630122
0.6011725483173482 | [11.11 16.19] | -0.7449317531642623
0.5021326988873749 | [11.11 19.14] | -0.5510115030828884
0.40257110736727375 | [10.86 21.62] | -0.35637284846587314
0.3022275073837931 | [10.36 23.67] | -0.16175443200563527
0.20120113325290157 | [ 9.61 25.29] | 0.03189699435401214
0.09984433534032928 | [ 8.63 26.52] | 0.2219597166860397
-0.00140462975577485 | [ 7.45 27.38] | 0.4048956467411776
-0.10212323687797958 | [ 6.09 27.9 ] | 0.5770398128338473
-0.20193627135334477 | [ 4.6  28.11] | 0.7349456957123516
-0.3005116190999829 | [ 3.01 28.01] | 0.875350764769562
-0.3975791229635133 | [ 1.35 27.63] | 0.9956807735102445
-0.49295528344709794 | [-0.33 27.  ] | 0.9763045839365421
-0.5670493288710838 | [-3.4  22.72] | 0.6921397438525791
-0.5967657682904756 | [-6.44 16.21] | 0.19693874313078516
-0.5760332003537488 | [-8.97  8.44] | -0.34004327585500754
-0.5085670419896213 | [-11.29   0.62] | -0.6991729480079532
-0.4088422785655983 | [-12.94  -5.6 ] | -0.6626066137486881
-0.3038976010827395 | [-12.64  -8.75] | -0.4245733044603298
-0.20379839809450334 | [-12.48 -10.89] | -0.19629492344880922
-0.10436521125778207 | [-12.34 -12.66] | 0.036478901319475274
-0.003776917372527406 | [-12.01 -14.02] | 0.2703122280330697
0.09842362947746423 | [-11.35 -14.87] | 0.5009685721534213
0.20194435561554747 | [-10.35 -15.19] | 0.7243627732157337
0.3062811274341664 | [ -9.06 -15.07] | 0.9370242523724388
0.4109699713160632 | [ -7.55 -14.61] | 1.1358631290370633
0.5156200075630369 | [ -5.88 -13.89] | 1.317633080829084
0.6198750980189416 | [ -4.06 -12.95] | 1.478499985338356
0.7233741946177779 | [ -2.13 -11.85] | 1.6131578503561745
0.8257396435496511 | [ -0.12 -10.59] | 1.6233658620665379
0.9169719564135611 | [ 2.22 -8.76] | 1.3667361646657548
0.9784616654040521 | [ 4.44 -6.9 ] | 0.8702321461262977
1.0013376772440465 | [ 6.1 -5. ] | 0.23555666572159162
0.9848852036879747 | [ 7.47 -2.66] | -0.46389944591771526
0.9287537701450209 | [8.98 0.26] | -0.9489433055715953
0.8448983255462498 | [9.9  5.47] | -1.0345752832699275
0.7517079451198404 | [10.31 10.37] | -0.935643119599979
0.6562452214173379 | [10.64 14.12] | -0.7891417867499431
0.5593136650271961 | [10.8  17.35] | -0.6146761748083625
0.46131369632553276 | [10.73 20.11] | -0.4315720140227189
0.36223020294819436 | [10.4  22.38] | -0.24559049749889392
0.26219125551755224 | [ 9.8  24.21] | -0.058644239475497156
0.1615620913859495 | [ 8.96 25.6 ] | 0.1266684434656504
0.06082000234078863 | [ 7.89 26.61] | 0.30679179684884245
-0.0395663366656558 | [ 6.64 27.25] | 0.47797215895992284
-0.1391894935457216 | [ 5.24 27.56] | 0.636749466564564
-0.23770500207060594 | [ 3.73 27.57] | 0.7800524185160352
-0.3348267123807877 | [ 2.13 27.3 ] | 0.90528839176659
-0.4303584131298354 | [ 0.51 26.78] | 0.9709534262729247
-0.5166650214717698 | [-1.72 24.72] | 0.7988601477437903
-0.5661221745126803 | [-5.3  18.26] | 0.3529717074701964
-0.5621587042029071 | [-8.1 10.7] | -0.18583683770913645
-0.5083500879368591 | [-10.58   2.63] | -0.6304618640534951
-0.41486262819011793 | [-12.72  -4.28] | -0.6612507656531544
-0.3116658977179309 | [-12.44  -7.97] | -0.433945857529324
-0.21285347191812215 | [-12.31 -10.34] | -0.2135962286057967
-0.11429613354428318 | [-12.21 -12.25] | 0.015455548941841056
-0.014303004432612045 | [-11.95 -13.74] | 0.2484459087512589
0.08752893412458465 | [-11.35 -14.69] | 0.47962394804734215
0.1908514534402853 | [-10.4  -15.09] | 0.7040843474082744
0.2950958714623253 | [ -9.15 -15.04] | 0.9179405057189146
0.3997479217064942 | [ -7.67 -14.62] | 1.117971352247166
0.504387507955273 | [ -6.01 -13.92] | 1.300959132897166
0.6086454264125692 | [ -4.21 -13.01] | 1.4631806958133402
0.7121565825617026 | [ -2.29 -11.92] | 1.599543043285187
0.8145431876873334 | [ -0.29 -10.67] | 1.6301459318870495
0.9076168011129598 | [ 2.   -8.92] | 1.3960057216180142
0.9721557161854318 | [ 4.29 -7.01] | 0.9081873945231121
0.9977767755074377 | [ 6.   -5.11] | 0.2812250745939815
0.9840721541674926 | [ 7.39 -2.79] | -0.4182414315250652
0.9304636388801759 | [8.89 0.1 ] | -0.9308227234678524
0.8476501326153052 | [9.92 5.08] | -1.041418900935023
0.7543890756947487 | [10.33 10.12] | -0.9436002671054083
0.6589130046495947 | [10.66 13.93] | -0.7984866586554531
0.5619545404801892 | [10.84 17.2 ] | -0.6239884319716604
0.46393103784493817 | [10.78 19.99] | -0.4401443476346321
0.36481879009544804 | [10.47 22.31] | -0.2532429773924375
0.26472368843899524 | [ 9.89 24.17] | -0.0652196459566333
0.16399773960760491 | [ 9.05 25.6 ] | 0.12139732244637023
0.06311622776994696 | [ 7.99 26.64] | 0.30307230188088286
-0.03744773084299213 | [ 6.75 27.31] | 0.4760172818410165
-0.13728009432348814 | [ 5.35 27.65] | 0.6367056086417171
-0.23602955672632697 | [ 3.83 27.68] | 0.781986046212584
-0.33340067663249795 | [ 2.23 27.44] | 0.9091247296215129
-0.42918556505061944 | [ 0.6  26.93] | 0.9843627816560722
-0.5171297146565096 | [-1.53 25.13] | 0.8267019524119525
-0.5693292168930527 | [-5.13 18.73] | 0.3908242168243536
-0.5682740916801307 | [-7.94 11.28] | -0.14786346354190147
-0.5173130704038296 | [-10.42   3.21] | -0.6053246945165935
-0.42587607065848404 | [-12.59  -3.82] | -0.6519117073852657
-0.3237434010037222 | [-12.36  -7.7 ] | -0.43360053063662035
-0.22547570394698385 | [-12.26 -10.16] | -0.21816570902230906
-0.12725901114115626 | [-12.18 -12.11] | 0.007821481019016793
-0.027545262144218367 | [-11.93 -13.63] | 0.23868705445291383
0.07403472141736257 | [-11.35 -14.6 ] | 0.4682292018656543
0.17712263678768364 | [-10.42 -15.02] | 0.6912841204555952
0.2811344712006445 | [ -9.19 -14.97] | 0.9037283281075759
0.38553592942243187 | [ -7.72 -14.57] | 1.1021576767958003
0.48988791810832677 | [ -6.07 -13.88] | 1.283250346943452
0.593805801743367 | [ -4.28 -12.97] | 1.4432541309661922
0.696913006082341 | [ -2.38 -11.88] | 1.5771857636545286
0.7988279407098541 | [ -0.39 -10.63] | 1.6159158490270062
0.8923933775815408 | [ 1.87 -8.92] | 1.3873166742946514
0.9576966498485313 | [ 4.25 -6.92] | 0.8925133108527545
0.9832407973453969 | [ 6.03 -4.96] | 0.25867223820918467
0.9687825540690228 | [ 7.47 -2.55] | -0.44421282640642823
0.9139054590995885 | [9.02 0.42] | -0.9113931868513415
0.8317951826762909 | [9.83 5.88] | -0.9832440927187104
0.7406364337645146 | [10.23 10.63] | -0.8935163118345032
0.6464488384555889 | [10.56 14.34] | -0.7534394379639685
0.5502778068055892 | [10.72 17.55] | -0.5842064082742554
0.4526772163429815 | [10.65 20.27] | -0.4048738928861203
0.3537829522348055 | [10.3  22.52] | -0.2214670012334857
0.2538451221712797 | [ 9.69 24.31] | -0.036518235996702675
0.15330454237317093 | [ 8.83 25.67] | 0.14688195819893338
0.05267466430721741 | [ 7.75 26.63] | 0.3249292654976796
-0.047564142500463265 | [ 6.48 27.23] | 0.49380114352483445
-0.14700456651694874 | [ 5.07 27.5 ] | 0.6500612857614941
-0.2453066771608361 | [ 3.56 27.48] | 0.7906925040025738
-0.34219387007670155 | [ 1.96 27.18] | 0.9132395766138434
-0.437482046115331 | [ 0.34 26.64] | 0.9608780471385644
-0.5209668858732731 | [-2.08 24.1 ] | 0.7626638731799241
-0.5657540346391984 | [-5.58 17.56] | 0.30071902921340987
-0.5572128681604398 | [-8.36  9.87] | -0.23835205789359531
-0.49920585671296225 | [-10.82   1.84] | -0.6653086700170748
-0.4028317334781969 | [-12.9   -4.89] | -0.6753344337797305
-0.2981535648642971 | [-12.55  -8.33] | -0.4363959476760224
-0.1985787322350533 | [-12.39 -10.59] | -0.2098738704527547
Total reward: 274.88841798871806
