-1.9, 1.7, -6.0, 4.9, -3.3, -2.7, -0.1, 5.1, 5.8, 5.7, 5.5, -1.2, 2.3, -1.4, 1.0, 0.5, -1.1, 4.8
parameter ends

state | action | reward
[0.05] | [-0.86  5.71] | 0.10462528393610492
0.0815977664865061 | [-5.71  1.16] | 0.1594192830587795
0.15975856206592848 | [-8.67 -2.97] | 0.18174751172362164
0.2512396957694923 | [-7.4  -4.64] | 0.31909621072181604
0.3432259133283814 | [-6.56 -5.6 ] | 0.5205939286800636
0.43869668184786814 | [-5.62 -5.92] | 0.739752371893408
0.536911420354653 | [-4.37 -5.63] | 0.9406631985312375
0.6360953931685229 | [-2.81 -4.88] | 1.1059868404814401
0.7346274717666679 | [-1.03 -3.85] | 1.2319339568085734
0.8314047700723194 | [ 0.84 -2.68] | 1.0697963729544429
0.9028308892441694 | [ 4.03 -1.55] | 0.5662840871215737
0.9304297363295121 | [ 6.45 -0.87] | -0.06809386786119927
0.9152286336295484 | [ 8.18 -0.1 ] | -0.6523796540016031
0.8632399568743885 | [9.18 1.77] | -0.9048450871411832
0.7913297229431829 | [9.4  4.83] | -0.9134772037733412
0.7100736164135923 | [9.74 7.62] | -0.8515739110998031
0.6218432954784913 | [10.05 10.38] | -0.7282463549746578
0.5290499785015427 | [10.18 13.05] | -0.56974797342648
0.43323784894638456 | [10.05 15.51] | -0.3947185579441041
0.3354017987121624 | [ 9.63 17.69] | -0.21261418972299098
0.23635251532588386 | [ 8.94 19.55] | -0.02952560233579933
0.13680881554960372 | [ 8.   21.09] | 0.14952925883521398
0.03738276669052293 | [ 6.86 22.3 ] | 0.3202836782582342
-0.06143474963380323 | [ 5.56 23.19] | 0.4793098353264024
-0.1592621074687435 | [ 4.14 23.79] | 0.6239729618307123
-0.25580487555911824 | [ 2.63 24.1 ] | 0.7522853622196786
-0.35086799453291434 | [ 1.09 24.16] | 0.863280108261636
-0.44434511540319754 | [-0.46 24.01] | 0.8147933954537545
-0.5126460168785767 | [-4.52 18.39] | 0.486519391143592
-0.5310304724688105 | [-8.51 10.13] | -0.028638733386906538
-0.4955779192145865 | [-11.76   1.08] | -0.5198479570749963
-0.41458115856252364 | [-14.28  -6.8 ] | -0.6186291877044225
-0.31846301712098113 | [-13.63  -8.51] | -0.4273676095397039
-0.22344631192371517 | [-13.28  -9.59] | -0.2235589931675019
-0.1269305783857574 | [-12.98 -10.28] | 0.00022671530895907246
-0.02812175253544432 | [-12.52 -10.61] | 0.2340047943992807
0.07296406153956234 | [-11.73 -10.56] | 0.46785403515229945
0.17575420553459842 | [-10.56 -10.16] | 0.694378986754058
0.2795260983967219 | [-9.09 -9.46] | 0.9082720532458259
0.383646387125152 | [-7.38 -8.52] | 1.105607228223745
0.48760464087803546 | [-5.51 -7.39] | 1.2829365466596814
0.590966505803084 | [-3.51 -6.13] | 1.4365919305865216
0.6933248356100921 | [-1.42 -4.76] | 1.5618988761447379
0.7942928216929867 | [ 0.7  -3.33] | 1.4700136946851505
0.8740224659574393 | [ 3.82 -1.64] | 1.083081384220382
0.9149467352462904 | [ 6.25 -0.65] | 0.5230526609280216
0.9161437260075167 | [7.76 0.24] | -0.05173572143778348
0.881937742392556 | [8.37 1.86] | -0.4014794370253527
0.8247316154849369 | [8.49 4.21] | -0.533167960767499
0.7542919688483635 | [8.78 6.56] | -0.5595669101367536
0.6747866204555789 | [9.07 8.92] | -0.5222182782247501
0.5890034538758521 | [ 9.2  11.12] | -0.4514736610561721
0.4986437475250877 | [ 9.09 13.04] | -0.3602523758947347
0.40501617476709895 | [ 8.73 14.65] | -0.25395015865908993
0.3093014358337847 | [ 8.13 15.98] | -0.13707690651284365
0.21251651665006135 | [ 7.33 17.05] | -0.01449760687630227
0.11544169219199493 | [ 6.39 17.89] | 0.10926426908618933
0.01861956986208356 | [ 5.33 18.54] | 0.2305370377168536
-0.07758690957500965 | [ 4.19 19.02] | 0.3464882399378014
-0.1729239168205742 | [ 2.99 19.34] | 0.45491269262551665
-0.26719320259194546 | [ 1.76 19.52] | 0.554095964925896
-0.36022689602921676 | [ 0.51 19.57] | 0.5755234962264384
-0.4423635348287704 | [-1.85 17.24] | 0.2673149509037774
-0.4788291541121269 | [-7.02  7.5 ] | -0.31090688981749776
-0.45141009542605354 | [-10.79  -2.03] | -0.5865202507925983
-0.38926750017483297 | [-11.27  -5.61] | -0.539485440401235
-0.314062498081025 | [-11.82  -8.21] | -0.4333707561667937
-0.22830967348967132 | [-12.18  -9.91] | -0.2636916718228369
-0.1350642756222017 | [-12.25 -10.88] | -0.050811637255415015
-0.036723207700714376 | [-11.91 -11.25] | 0.1820072869347269
0.06485920885025495 | [-11.14 -11.13] | 0.41883786734999257
0.168272977756163 | [ -9.99 -10.64] | 0.6494111930111205
0.27250118949420243 | [-8.55 -9.85] | 0.867153189405383
0.37682588011342383 | [-6.89 -8.84] | 1.067473785514542
0.48071660189609533 | [-5.06 -7.66] | 1.2465302446895772
0.583737095196823 | [-3.12 -6.35] | 1.4002431103680058
0.6854953884303315 | [-1.09 -4.95] | 1.52375549463702
0.7856368020377719 | [ 0.97 -3.5 ] | 1.4010974654175474
0.861111080440551 | [ 4.23 -1.68] | 0.9736874694547472
0.8946951459453603 | [ 6.58 -0.62] | 0.4003628376895701
0.8882148932801852 | [8.08 0.44] | -0.15383638063902902
0.847359395594449 | [8.58 2.4 ] | -0.4562260276613698
0.7854636393706869 | [8.74 4.86] | -0.5573218007515865
0.7112681458834791 | [9.03 7.31] | -0.5581343694789876
0.6287789290879734 | [9.27 9.73] | -0.5000551256787451
0.5406507330148685 | [ 9.31 11.93] | -0.41200727565194717
0.44853882100598447 | [ 9.1  13.83] | -0.30639153486729964
0.35373446554165094 | [ 8.62 15.39] | -0.18913631211868595
0.25735877260632223 | [ 7.92 16.66] | -0.0650695514166806
0.16032432821849665 | [ 7.04 17.66] | 0.061259387005710084
0.06329655294186787 | [ 6.02 18.42] | 0.1860095781084058
-0.03327659798889772 | [ 4.91 19.  ] | 0.30620184078478746
-0.12909580576478183 | [ 3.73 19.4 ] | 0.41954226835126684
-0.22394416335135248 | [ 2.5  19.66] | 0.5242181591496848
-0.31764502662796323 | [ 1.24 19.77] | 0.6188513099754178
-0.41004942599282734 | [-0.03 19.75] | 0.5462159881023627
-0.4811067116751548 | [-3.54 14.77] | 0.13402223046507097
-0.5003396978163107 | [-8.12  5.11] | -0.4676695839291238
-0.45898551908787566 | [-11.54  -4.2 ] | -0.7099549416384011
-0.38706893301029954 | [-11.82  -7.25] | -0.6193234389194946
-0.3055367950893035 | [-12.19  -9.42] | -0.48123152442289846
-0.2159907926812707 | [-12.42 -10.83] | -0.2911983525430633
-0.12051970462171868 | [-12.39 -11.62] | -0.06702190717554905
-0.020800355311565412 | [-11.98 -11.88] | 0.17232154084832968
0.08172232375846829 | [-11.15 -11.71] | 0.4137907713999721
0.18587375625835428 | [ -9.95 -11.18] | 0.6488431325679593
0.2907880817660162 | [ -8.47 -10.38] | 0.8719118062191633
0.3958500565041763 | [-6.77 -9.36] | 1.0789373865849254
0.5005995306462006 | [-4.92 -8.16] | 1.2662755278150486
0.6046477171922781 | [-2.95 -6.84] | 1.4297690411125852
0.7076266084592838 | [-0.88 -5.41] | 1.553194718989392
0.8078590776651019 | [ 1.31 -3.87] | 1.4375569943741695
0.883520799568049 | [ 4.37 -2.15] | 1.0407359376174405
0.9192751555498597 | [ 6.58 -1.15] | 0.49587607988949406
0.916004198560051 | [ 8.24 -0.33] | -0.13087033299297535
0.8743837078356279 | [9.27 1.2 ] | -0.5339180259238419
0.807983609136023 | [9.33 4.04] | -0.6427103354109702
0.7301815500033674 | [9.55 6.7 ] | -0.6336332173858883
0.6450596880025066 | [9.77 9.29] | -0.5561457158630069
0.5552659542859583 | [ 9.83 11.71] | -0.44588625327103815
0.46227930650234367 | [ 9.65 13.83] | -0.3209750597234278
0.36707073786341815 | [ 9.2  15.61] | -0.18852762424135752
0.2704923544878767 | [ 8.51 17.05] | -0.052673277258516005
0.1733053614276316 | [ 7.63 18.2 ] | 0.0829614691120745
0.07611743565680561 | [ 6.59 19.08] | 0.2152125257940334
-0.020635474592723777 | [ 5.45 19.74] | 0.3415734251166891
-0.11665423262149478 | [ 4.22 20.19] | 0.46010590718601646
-0.21172407192350756 | [ 2.95 20.47] | 0.5692631819251797
-0.3056761153519838 | [ 1.64 20.59] | 0.6678663285146719
-0.39837716714489607 | [ 0.32 20.57] | 0.6597006799639334
-0.4767490445823426 | [-2.47 17.35] | 0.3198482908385308
-0.5083637367049091 | [-7.32  7.81] | -0.27632033533227207
-0.47811629179765813 | [-10.91  -1.71] | -0.566080514084748
-0.41438788988660336 | [-11.28  -5.36] | -0.5241500087405521
-0.33845407689254947 | [-11.75  -7.98] | -0.4222777581849123
-0.2524928457953186 | [-12.08  -9.71] | -0.2572464048762467
-0.15935352650064744 | [-12.12 -10.7 ] | -0.04999844326521361
-0.06131690690021614 | [-11.75 -11.09] | 0.1765011553926272
0.03981916780649149 | [-10.97 -10.99] | 0.40664346328940076
0.14266008096913557 | [ -9.81 -10.51] | 0.6302228278307959
0.24618240410866 | [-8.37 -9.72] | 0.8405766108365884
0.34965232447302175 | [-6.72 -8.71] | 1.032998187516458
0.4525204935073972 | [-4.92 -7.53] | 1.2035673992938118
0.5543332314613071 | [-2.99 -6.22] | 1.3481605804959726
0.6546995000765929 | [-1.01 -4.82] | 1.4626221983839043
0.7532890548262806 | [ 1.   -3.39] | 1.3277361190044834
0.8259952971207809 | [ 4.4  -1.43] | 0.8764643816438473
0.8548290329186594 | [ 6.87 -0.19] | 0.30679969067421325
0.8438371530232937 | [8.14 1.36] | -0.1376157945253685
0.8036455262452545 | [8.27 3.72] | -0.3451962885021646
0.7458360667670206 | [8.52 5.93] | -0.43134828227714467
0.6753027623103001 | [8.85 8.2 ] | -0.43700857071303917
0.5957728136638549 | [ 9.08 10.4 ] | -0.3959674564387351
0.509707989043572 | [ 9.11 12.38] | -0.3266199217995637
0.4188830220807448 | [ 8.88 14.07] | -0.2366260769072752
0.324819070135156 | [ 8.4  15.48] | -0.13125723072225087
0.22883610742581068 | [ 7.7  16.62] | -0.016106411387632594
0.13198059675733934 | [ 6.83 17.52] | 0.10334740368472399
0.03500115490661078 | [ 5.82 18.22] | 0.22251041181997908
-0.06160121831466936 | [ 4.71 18.74] | 0.3378550424596096
-0.15749128297325082 | [ 3.54 19.11] | 0.4467173506431375
-0.25242703925956195 | [ 2.33 19.33] | 0.5470590791549079
-0.34621298597323313 | [ 1.08 19.42] | 0.6373778332377117
-0.438681726659001 | [-0.18 19.38] | 0.5174335208443439
-0.506682632076175 | [-3.95 13.51] | 0.03884862467469182
-0.5204147032276444 | [-8.34  3.67] | -0.5962276809362039
-0.47415116785902356 | [-11.6   -5.56] | -0.8304646846172563
-0.3986870710865495 | [-11.86  -8.35] | -0.7211942798534218
-0.31475606886203494 | [-12.2  -10.36] | -0.5708144510612322
-0.2236847120799609 | [-12.42 -11.67] | -0.37299237652950723
-0.12721008280607904 | [-12.4  -12.41] | -0.1436870572689654
-0.02676487543049333 | [-11.99 -12.66] | 0.10012114961388764
0.07633847048772742 | [-11.17 -12.48] | 0.34654736585670975
0.18101508785589598 | [ -9.98 -11.96] | 0.5877415748784972
0.28647342432556855 | [ -8.52 -11.17] | 0.8185960851741096
0.39216152359872997 | [ -6.84 -10.17] | 1.0353613333667158
0.4976729790175105 | [-5.01 -8.98] | 1.2345955552158727
0.6026658246541017 | [-3.05 -7.66] | 1.4123289410160362
0.7068086233253256 | [-0.98 -6.22] | 1.5608272148847835
0.8095235902102013 | [ 1.17 -4.69] | 1.4833891542374131
0.8893226067583564 | [ 4.15 -2.9 ] | 1.1393612499151449
0.9308901855378461 | [ 6.32 -1.85] | 0.65284976049551
0.9356109029268826 | [ 7.96 -1.03] | 0.0369374297131904
0.901446584799292 | [9.42e+00 6.99e-03] | -0.5310998689166725
0.833894957073048 | [10.23  2.35] | -0.7714730693649131
0.7498620998281946 | [10.34  5.57] | -0.7588926269069982
0.6599957446189885 | [10.51  8.48] | -0.6622866827257916
0.5667382284289356 | [10.57 11.22] | -0.5200766538554732
0.4715459289209842 | [10.43 13.68] | -0.36186531352847207
0.3750096224087949 | [10.03 15.82] | -0.20035750038099348
0.27751410553121536 | [ 9.39 17.6 ] | -0.04008120211097777
0.17950597310151273 | [ 8.52 19.05] | 0.11621472728515148
0.08146272321641444 | [ 7.46 20.18] | 0.2659718935883515
-0.016191628798319483 | [ 6.27 21.02] | 0.406932539985845
-0.1131243568485264 | [ 4.96 21.6 ] | 0.5373138707031142
-0.20908492826578637 | [ 3.59 21.95] | 0.6557664291477978
-0.3038818468429708 | [ 2.18 22.1 ] | 0.7613704733361285
-0.3973831854431238 | [ 0.74 22.07] | 0.8223647735463185
-0.4848320940780889 | [-1.22 20.81] | 0.5745463206623613
-0.5320509075435308 | [-6.3 11.7] | 0.009317739103720094
-0.5175071574453312 | [-10.01   2.22] | -0.569750198119842
-0.45073815177492166 | [-12.79  -6.34] | -0.732405625906084
-0.36309898912600147 | [-12.49  -8.55] | -0.5708234690449399
-0.2726760116240866 | [-12.44 -10.06] | -0.3862118904083262
-0.17838435194924057 | [-12.37 -11.04] | -0.17096894803420237
-0.08045853755768312 | [-12.1  -11.58] | 0.06254493030703057
0.02046397007970755 | [-11.47 -11.66] | 0.301590390351519
0.12344810158192679 | [-10.44 -11.35] | 0.5368251855790066
0.22757591334582536 | [ -9.08 -10.7 ] | 0.7617569342581104
0.33211592293746023 | [-7.47 -9.79] | 0.9718497453053749
0.4365144491420402 | [-5.67 -8.68] | 1.1634046049151372
0.5403236714235282 | [-3.74 -7.41] | 1.3326444925388545
0.6431374168630445 | [-1.71 -6.02] | 1.4745864250763228
0.7445715516043638 | [ 0.38 -4.56] | 1.4523793742550044
0.8287419349369932 | [ 3.33 -2.66] | 1.1627943542598607
0.8777984538100464 | [ 5.93 -1.31] | 0.6690869698694037
0.8871259728163536 | [ 7.87 -0.28] | 0.07264108109808767
0.8577654868824055 | [8.97 1.3 ] | -0.343514300486153
0.8019115976185507 | [9.05 3.94] | -0.49084434212350087
0.7323014982517684 | [9.29 6.39] | -0.5190278995400189
0.6533598754831158 | [9.57 8.85] | -0.47437396762697354
0.568107222555296 | [ 9.72 11.19] | -0.39169222375363016
0.4783386611354489 | [ 9.65 13.26] | -0.289280888894555
0.38527416853205776 | [ 9.31 15.03] | -0.17438596089393515
0.28998927596853097 | [ 8.73 16.49] | -0.05141602796809697
0.19345830278672646 | [ 7.94 17.67] | 0.07536158950487934
0.09647629637362798 | [ 6.97 18.58] | 0.20193729733532745
-0.0003775685624622417 | [ 5.89 19.27] | 0.3250116651174757
-0.09670899782755493 | [ 4.71 19.76] | 0.4420334919133653
-0.19224683559813247 | [ 3.47 20.08] | 0.5510035755539875
-0.28678693023307 | [ 2.18 20.25] | 0.6503457280986024
-0.3801631376991243 | [ 0.88 20.27] | 0.7212050714383237
-0.46987073862208406 | [-0.71 19.61] | 0.490590357785874
-0.5240693248832041 | [-5.44 11.21] | -0.08159085352357999
-0.5176787554273168 | [-9.39  1.44] | -0.6951442281136371
-0.45585870919878246 | [-12.29  -7.27] | -0.867825161330956
-0.3707803927148003 | [-12.21  -9.45] | -0.7069480723827177
-0.28137677308741715 | [-12.3  -11.01] | -0.5228664240023575
-0.18729563194038426 | [-12.34 -12.04] | -0.30557001346728635
-0.08910897804552759 | [-12.18 -12.61] | -0.06681028014815332
0.012363244533915421 | [-11.64 -12.74] | 0.1805147293383264
0.11609052628924858 | [-10.69 -12.47] | 0.42684318767124396
0.22113648512717335 | [ -9.4  -11.87] | 0.6657096478550227
0.32679988367709534 | [ -7.84 -11.01] | 0.8928096790587421
0.43258222056655726 | [-6.09 -9.94] | 1.1047677499633048
0.5381031903772028 | [-4.2 -8.7] | 1.2982053166930958
0.6430270735688933 | [-2.18 -7.33] | 1.4686350483022637
0.7470163088936486 | [-0.07 -5.85] | 1.5287179928767405
0.8398620796147636 | [ 2.55 -4.04] | 1.3579478910993141
0.903907968487808 | [ 5.15 -2.59] | 0.9715103815245902
0.9313436276996925 | [ 7.08 -1.62] | 0.4367884125524479
0.9214223723224496 | [ 8.61 -0.71] | -0.1811652237939524
0.8736524430454794 | [9.9  0.78] | -0.6103048011317256
0.8000874553424623 | [10.15  3.77] | -0.7143202603769478
0.7160462250278238 | [10.33  6.7 ] | -0.6743519353004865
0.6266411035451133 | [10.5   9.45] | -0.5673128640165409
0.5340591937630589 | [10.52 12.02] | -0.42864095055950385
0.439421843732364 | [10.3  14.28] | -0.2796560001664757
0.3432762785689646 | [ 9.83 16.21] | -0.12814875026228884
0.24611504165395162 | [ 9.12 17.81] | 0.022481875254183555
0.14847326967124114 | [ 8.2  19.08] | 0.16950597479416668
0.05085603008367742 | [ 7.12 20.06] | 0.3103764174621543
-0.04632678891721437 | [ 5.92 20.78] | 0.44297318788196466
-0.1427704218184263 | [ 4.62 21.26] | 0.5656584476443614
-0.23824942745912453 | [ 3.27 21.54] | 0.6771734806941822
-0.33259100717087337 | [ 1.88 21.64] | 0.7766558698181212
-0.4256719969705379 | [ 0.48 21.57] | 0.7905050414385205
-0.5077495327861493 | [-1.99 19.08] | 0.46677489221506374
-0.5459833606219244 | [-6.83  9.68] | -0.15139492709503624
-0.5226088876174558 | [-10.37   0.06] | -0.6208113288546183
-0.45601598499001866 | [-11.94  -6.26] | -0.6924413320070889
-0.37294919522617836 | [-12.    -8.62] | -0.5575898334782358
-0.2840386704241146 | [-12.12 -10.23] | -0.38158326288066935
-0.1899825627142608 | [-12.13 -11.24] | -0.16936034118168425
-0.0918243832116598 | [-11.84 -11.73] | 0.061612062858800935
0.009328500842160102 | [-11.16 -11.76] | 0.29772711368946964
0.11234535424747626 | [-10.09 -11.38] | 0.5294087248434722
0.21626807734134126 | [ -8.71 -10.68] | 0.7500866332717663
0.320368945763242 | [-7.1  -9.73] | 0.95507719389108
0.42409702320863374 | [-5.31 -8.58] | 1.1404816838503196
0.5269980900474761 | [-3.4  -7.28] | 1.3021853397051248
0.6286633427741104 | [-1.39 -5.88] | 1.4351515101744845
0.7287248488883341 | [ 0.65 -4.41] | 1.3769205157074917
0.8079293613027004 | [ 3.79 -2.36] | 1.0361174404852305
0.848429658592607 | [ 6.38 -0.92] | 0.5116337817563229
0.8481633145330254 | [8.3  0.33] | -0.04157409870147458
0.8117587680880224 | [8.98 2.51] | -0.35181256507773206
0.7533129881851909 | [9.14 5.06] | -0.4553345003578035
0.6820646505463641 | [9.42 7.51] | -0.4588700997937873
0.6019576942744893 | [9.69 9.96] | -0.39991037495269055
0.5157651568391424 | [ 9.78 12.24] | -0.3087728861986405
0.42518426673978627 | [ 9.62 14.24] | -0.19987900083546306
0.3314867059135005 | [ 9.2  15.93] | -0.07984528871289828
0.23580221703834778 | [ 8.53 17.3 ] | 0.04646822907253728
0.1391057473689684 | [ 7.66 18.39] | 0.17454160877548186
0.04215201680970512 | [ 6.62 19.21] | 0.3005057444140336
-0.05452961000449019 | [ 5.47 19.82] | 0.4213659144726859
-0.15058366785369565 | [ 4.24 20.23] | 0.5348543240142829
-0.24576198307395591 | [ 2.96 20.48] | 0.6391978841989452
-0.33987337273902385 | [ 1.64 20.56] | 0.7330652297429465
-0.43276606912313037 | [ 0.3  20.51] | 0.7042370771100309
-0.5109425462340151 | [-2.5  17.08] | 0.3119616315419578
-0.5417464338310124 | [-7.24  7.27] | -0.34348819018340093
-0.5103335329546899 | [-10.68  -2.38] | -0.6536092999104837
-0.44562526822376813 | [-11.06  -5.99] | -0.6114998050602083
-0.36896131218566414 | [-11.54  -8.61] | -0.5111290058548019
-0.28247827562595007 | [-11.89 -10.36] | -0.3473150090309603
-0.18894409732735765 | [-11.96 -11.39] | -0.14051387771110396
-0.09057539310585128 | [-11.64 -11.82] | 0.08693448990453681
0.01085709346154052 | [-10.89 -11.76] | 0.31967761787389437
0.1139758613261071 | [ -9.77 -11.3 ] | 0.5475265522208724
0.21777483280114096 | [ -8.37 -10.54] | 0.7637487443688764
0.3215364420187498 | [-6.75 -9.54] | 0.9635329247872569
0.4247237543166785 | [-4.97 -8.36] | 1.1428096991925105
0.5268903477958213 | [-3.07 -7.04] | 1.2971312834231146
0.6276450361630328 | [-1.09 -5.62] | 1.421744688338889
0.7266475885554282 | [ 0.91 -4.15] | 1.32485910395639
0.8012932849569557 | [ 4.24 -2.01] | 0.9292872834709022
0.8337945390978253 | [ 6.77 -0.56] | 0.38488388528390804
0.8258296076480461 | [8.41 0.97] | -0.08765417585138705
0.7866571975596288 | [8.58 3.5 ] | -0.30796369028745707
0.7294490611384067 | [8.81 5.78] | -0.3948514995274523
0.6594751873679611 | [9.13 8.1 ] | -0.3971593791533782
0.58052439368702 | [ 9.37 10.37] | -0.3503825552868596
0.4950862974639026 | [ 9.42 12.42] | -0.275979993403545
0.4048566524157398 | [ 9.21 14.19] | -0.18271903751635
0.31126635281557247 | [ 8.75 15.66] | -0.07564468719150273
0.2155930006916162 | [ 8.06 16.86] | 0.0402237437424958
0.11889046578642126 | [ 7.19 17.79] | 0.15984746601836064
0.02193846240019133 | [ 6.18 18.52] | 0.278885880329281
-0.07473102228831209 | [ 5.06 19.05] | 0.3939538275297536
-0.17076212974898475 | [ 3.87 19.42] | 0.5024705402112024
-0.2659024607719523 | [ 2.64 19.63] | 0.6024361444808659
-0.35995215637875494 | [ 1.37 19.71] | 0.6923449913902614
-0.4527420359480756 | [ 0.08 19.66] | 0.608139558114181
-0.5261682680619512 | [-3.13 15.02] | 0.14332821295899065
-0.5486557536331625 | [-7.64  5.02] | -0.5377641088853097
-0.5094688340482406 | [-10.93  -4.51] | -0.8197407778442832
-0.43888164823148823 | [-11.28  -7.67] | -0.7415478664753835
-0.35808662894633425 | [-11.72  -9.98] | -0.6146080829132794
-0.2688937881618068 | [-12.03 -11.51] | -0.43212934078490534
-0.17354502747315503 | [-12.09 -12.41] | -0.21191506282490433
-0.07382342564999339 | [-11.76 -12.77] | 0.02677440516615783
0.028759326607420522 | [-11.01 -12.67] | 0.27046665712505447
0.1329927451997673 | [ -9.89 -12.2 ] | 0.510140729730324
0.2379933912219795 | [ -8.49 -11.44] | 0.7398395738885132
0.3431380037751281 | [ -6.87 -10.45] | 0.9552465338318091
0.4479631808039733 | [-5.09 -9.27] | 1.1525645053367575
0.5520793024800815 | [-3.17 -7.95] | 1.3274732411228851
0.6551188729938955 | [-1.15 -6.5 ] | 1.474020991240176
0.7567185965018776 | [ 0.92 -4.99] | 1.4106383125839763
0.8355881831655386 | [ 4.03 -2.94] | 1.0747225367741198
0.8753919793752599 | [ 6.39 -1.6 ] | 0.5810687472771365
0.8765606969493452 | [ 8.21 -0.46] | -0.013257553908616129
0.839117955354619 | [9.46 1.22] | -0.4244299270962781
0.7756676665359574 | [9.56 4.12] | -0.5450241120950411
0.7001193631619067 | [9.78 6.76] | -0.5430079216254534
0.6167522442380675 | [10.01  9.34] | -0.4706273826283289
0.5283219166414598 | [10.08 11.75] | -0.3640079683608949
0.4363797295241413 | [ 9.91 13.87] | -0.24234598177411618
0.3419171485864704 | [ 9.49 15.66] | -0.11314767681793039
0.245805008940552 | [ 8.82 17.12] | 0.019492827942726568
0.14884435534609353 | [ 7.95 18.27] | 0.15204002328992341
0.05169607340027886 | [ 6.92 19.15] | 0.2813556739726493
-0.045154339088700216 | [ 5.78 19.79] | 0.4049246020599431
-0.14137212441276342 | [ 4.55 20.24] | 0.5208023431590403
-0.2367216048291391 | [ 3.26 20.51] | 0.6274337213154735
-0.3310204770663592 | [ 1.94 20.62] | 0.7236074465938095
-0.42412226928803126 | [ 0.61 20.58] | 0.7466432866719767
-0.5083717433214388 | [-1.56 18.61] | 0.40128990157272537
-0.5487279909015818 | [-6.56  8.72] | -0.2574069807490028
-0.5253627345573967 | [-10.13  -1.03] | -0.5989009269069616
-0.4665514143875849 | [-10.6  -5. ] | -0.5894548869865075
-0.3938628250267655 | [-11.17  -7.9 ] | -0.5148634453609344
-0.3098745080325581 | [-11.59  -9.86] | -0.3687044588394689
-0.2178990391734989 | [-11.73 -11.04] | -0.17279057801104367
-0.12060039436630994 | [-11.46 -11.56] | 0.0476600100222514
-0.020010706163718264 | [-10.76 -11.55] | 0.27528655505959004
0.0823403233262959 | [ -9.7  -11.12] | 0.4986381794140412
0.18534753266227733 | [ -8.34 -10.38] | 0.7102039636000852
0.2882255273782586 | [-6.76 -9.39] | 0.9047652981051707
0.3903929365618702 | [-5.03 -8.22] | 1.0781510251221884
0.4913803518122613 | [-3.18 -6.91] | 1.226162301476063
0.5908043803507814 | [-1.27 -5.52] | 1.3450602248491423
0.6883619636611154 | [ 0.66 -4.08] | 1.2666212423787042
0.7635132487916763 | [ 3.97 -1.87] | 0.8897853096155751
0.7972605713344562 | [ 6.73 -0.22] | 0.36015522738581496
0.7905002923333002 | [8.24 1.64] | -0.05727328746719884
0.7543279741219407 | [8.44 4.11] | -0.25511481679889525
0.6999819477421422 | [8.72 6.36] | -0.3396501635941746
0.6320484744243203 | [9.07 8.66] | -0.3437471566702977
0.5543681252205586 | [ 9.32 10.9 ] | -0.2989831465459113
0.4696124659784502 | [ 9.36 12.93] | -0.22483871984976517
0.3797134271993539 | [ 9.14 14.68] | -0.13037877222865554
0.2862966949635003 | [ 8.66 16.14] | -0.02169284601671318
0.190759484436922 | [ 7.94 17.31] | 0.09537943822577541
0.0942100068394808 | [ 7.04 18.23] | 0.21544008362086647
-0.0025567873697318576 | [ 6.   18.92] | 0.33410749394356304
-0.0990097346330337 | [ 4.85 19.42] | 0.4480805720610148
-0.19479691057704848 | [ 3.64 19.75] | 0.5548788343902061
-0.2896684073141795 | [ 2.37 19.93] | 0.6525982907386052
-0.3834266565077411 | [ 1.08 19.97] | 0.7398577234049721
-0.4759088299908571 | [-0.22 19.88] | 0.5927593392476738
-0.5431665160314941 | [-4.04 13.68] | 0.06746312315610671
-0.5557493831929274 | [-8.26  3.75] | -0.6128087053680145
-0.5087352360302322 | [-11.36  -5.57] | -0.867736503949478
-0.43295856989600195 | [-11.59  -8.42] | -0.7626494549652277
-0.3489888724646865 | [-11.92 -10.49] | -0.6170859530113296
-0.25797417440218146 | [-12.15 -11.86] | -0.4236339123902008
-0.16158128904292637 | [-12.15 -12.67] | -0.19807451610281948
-0.061230584116955825 | [-11.78 -12.98] | 0.0429380258288821
0.04175540950263901 | [-10.98 -12.85] | 0.28754153237102226
0.14627547268479377 | [ -9.82 -12.35] | 0.5276887233983106
0.25152057414456236 | [ -8.39 -11.58] | 0.7580225792131472
0.35692055938787987 | [ -6.74 -10.58] | 0.9745662534424278
0.46204913757239285 | [-4.94 -9.39] | 1.173675840648458
0.5665418946816673 | [-3.   -8.06] | 1.3510187770938562
0.670045862273199 | [-0.96 -6.61] | 1.4975561373380364
0.7718115744723969 | [ 1.15 -5.06] | 1.4279648488296357
0.8502112851629182 | [ 4.21 -3.07] | 1.0903810407263816
0.8896384113334243 | [ 6.47 -1.8 ] | 0.6043768233576597
0.8912825012186223 | [ 8.22 -0.71] | 0.007493146227067123
0.8542203348278841 | [9.61 0.8 ] | -0.44537537108860814
0.789206478025947 | [9.86 3.66] | -0.589658043754291
0.7114167406724844 | [10.05  6.44] | -0.5840517431395859
0.626416390727001 | [10.27  9.1 ] | -0.5040145029566908
0.5368778403391175 | [10.34 11.6 ] | -0.38670593034637935
0.44429781879758334 | [10.19 13.83] | -0.2547331972771704
0.34950704092598317 | [ 9.78 15.72] | -0.11684213017337283
0.2532108009716381 | [ 9.13 17.28] | 0.022926459781408642
0.15610181359991998 | [ 8.26 18.52] | 0.16137291713234414
0.058794328848393224 | [ 7.23 19.48] | 0.2955986721830639
-0.03823433890643546 | [ 6.07 20.18] | 0.4232307031802475
-0.13464325585627315 | [ 4.82 20.67] | 0.5424411592840176
-0.23019006267179382 | [ 3.51 20.96] | 0.6517916749836109
-0.3246898098382813 | [ 2.16 21.08] | 0.7501849135332092
-0.41799943779965165 | [ 0.79 21.05] | 0.8057212394057603
-0.5060665474849304 | [-1.02 19.94] | 0.5003008487971717
-0.5527001191758955 | [-6.17 10.15] | -0.14515416537698345
-0.5352747993412461 | [-9.82  0.39] | -0.6848622641460396
-0.4701551409346022 | [-11.82  -6.8 ] | -0.7976580732479848
-0.38625087410072056 | [-11.84  -9.11] | -0.6531821702092024
-0.29710244785668105 | [-11.96 -10.73] | -0.4744293160150108
-0.20297251015804532 | [-12.   -11.77] | -0.26003811424145834
-0.10471362759592022 | [-11.79 -12.32] | -0.02523780874105489
-0.0033364469719449896 | [-11.18 -12.4 ] | 0.21658236252047486
0.10005041009520159 | [-10.18 -12.08] | 0.4556909847480864
0.20448398474573526 | [ -8.85 -11.42] | 0.6853611724622068
0.30923364016093213 | [ -7.27 -10.49] | 0.9008717602490588
0.4137544549704432 | [-5.51 -9.37] | 1.0983641081243833
0.5176050615415505 | [-3.61 -8.08] | 1.2738375239957354
0.6203850559362267 | [-1.61 -6.67] | 1.4219143324739751
0.7217169089730667 | [ 0.45 -5.17] | 1.4087478015114596
0.8051750639267192 | [ 3.41 -3.13] | 1.1356432996974273
0.8532061037157351 | [ 6.01 -1.61] | 0.6643466864912195
0.8618049989413812 | [ 8.   -0.38] | 0.08555985191681162
0.8316031818621225 | [9.24 1.34] | -0.32491615877792224
0.7747084192235807 | [9.34 4.1 ] | -0.46400720177617083
0.7043408415752141 | [9.58 6.62] | -0.4831925140555006
0.6248852945929989 | [9.85 9.11] | -0.4298272051250071
0.5393224256562885 | [ 9.98 11.47] | -0.3389483513130247
0.44940944511916764 | [ 9.89 13.58] | -0.22968684422775218
0.3563052337550092 | [ 9.53 15.38] | -0.10972331022376879
0.26102612708100636 | [ 8.93 16.86] | 0.016533064797284433
0.16450703692708005 | [ 8.12 18.04] | 0.14505527314593702
0.06752544476985456 | [ 7.13 18.95] | 0.27213739644950113
-0.029343111662613212 | [ 6.02 19.62] | 0.3947603354375695
-0.12570290465430217 | [ 4.81 20.1 ] | 0.5106040902523432
-0.2212814216246845 | [ 3.54 20.39] | 0.6178491269295097
-0.31587472092285374 | [ 2.23 20.53] | 0.7150625710229369
-0.40931876128340894 | [ 0.9  20.53] | 0.7856399262917829
-0.49955665359854995 | [-0.65 19.93] | 0.5451049826188387
-0.5556632543859935 | [-5.2  11.69] | -0.05622516669809334
-0.5520000276396639 | [-9.07  1.84] | -0.7143301217125687
-0.49234794925937725 | [-11.9   -7.06] | -0.9144678825388521
-0.40868376487700425 | [-11.87  -9.39] | -0.7641591136853696
-0.3201651332597966 | [-12.02 -11.08] | -0.5886821816638018
-0.22662060808478635 | [-12.11 -12.21] | -0.37751133420557104
-0.12878241962870704 | [-12.   -12.87] | -0.14264318226603576
-0.02756218857038757 | [-11.52 -13.07] | 0.10271124626344445
0.07595977921120789 | [-10.63 -12.85] | 0.3486020231580961
0.18081031759504465 | [ -9.38 -12.29] | 0.5881003985934434
0.28625612300650527 | [ -7.88 -11.45] | 0.816498797374754
0.3917705628889357 | [ -6.17 -10.4 ] | 1.0301354465847332
0.4969484394993243 | [-4.32 -9.17] | 1.2254359836367412
0.6014313485429371 | [-2.34 -7.79] | 1.397663149980616
0.7048641521977957 | [-0.27 -6.31] | 1.4812595697156945
0.7990861198017086 | [ 2.26 -4.47] | 1.3408829447624626
0.865491363987065 | [ 5.01 -2.77] | 0.9687704664815718
0.8942984881191508 | [ 7.07 -1.58] | 0.4473163428609303
0.8850622426755759 | [ 8.73 -0.44] | -0.14300553851580805
0.8384582986527436 | [9.92 1.39] | -0.5134126902345695
0.7683019281767548 | [10.02  4.42] | -0.5935873112718006
0.6882063924274372 | [10.23  7.16] | -0.5621007055676758
0.60183545118874 | [10.42  9.79] | -0.4672757661770676
0.5114973938380624 | [10.44 12.24] | -0.34319238152565235
0.41839828372735854 | [10.23 14.39] | -0.2078168727104164
0.32326388450042964 | [ 9.76 16.21] | -0.06795091654523991
0.2267673311535693 | [ 9.06 17.71] | 0.07282323015585511
0.12957699265683018 | [ 8.15 18.9 ] | 0.2113962800758959
0.03227805438076579 | [ 7.08 19.81] | 0.34496720666196823
-0.06467917081499601 | [ 5.89 20.46] | 0.4712835191267615
-0.16097275924226095 | [ 4.62 20.9 ] | 0.5886203375776632
-0.25637089236959054 | [ 3.28 21.16] | 0.6956257167317264
-0.35069507727433086 | [ 1.92 21.24] | 0.7913135074348889
-0.4438100065624201 | [ 0.54 21.17] | 0.8020280500181663
-0.5268442101793436 | [-1.8  18.85] | 0.4454706556308073
-0.5658696759632755 | [-6.65  9.1 ] | -0.22123644984614055
-0.5421792006410876 | [-10.13  -0.65] | -0.6216993688235357
-0.48057672677663454 | [-10.93  -5.46] | -0.646531470529663
-0.4042470356019305 | [-11.33  -8.21] | -0.5551268614461092
-0.318504474364018 | [-11.65 -10.09] | -0.40135548002759297
-0.22580205605398637 | [-11.75 -11.24] | -0.20183420460322993
-0.12823514626520222 | [-11.49 -11.77] | 0.02057609177880945
-0.027517676327893675 | [-10.81 -11.79] | 0.24988372200119444
0.07495597644456868 | [ -9.75 -11.39] | 0.4752739793955519
0.17812866518053475 | [ -8.4  -10.67] | 0.6894793188860562
0.2812310076492439 | [-6.82 -9.7 ] | 0.8873652784007121
0.38368702516453534 | [-5.08 -8.53] | 1.064763289282231
0.4850267198744303 | [-3.23 -7.23] | 1.2173643474403806
0.5848562080319403 | [-1.3  -5.82] | 1.341017126298881
0.682855483754287 | [ 0.64 -4.37] | 1.2754314838785152
0.7589474595017102 | [ 3.92 -2.12] | 0.9189940185271601
0.7943362894384227 | [ 6.68 -0.42] | 0.3971991828428079
0.7888781832696099 | [8.36 1.39] | -0.036237341168913674
0.7530544770844623 | [8.56 3.94] | -0.2395454440121437
0.6990416654444251 | [8.83 6.21] | -0.3253836887732058
0.6315092156453798 | [9.17 8.51] | -0.3294720589232194
0.5542864287494255 | [ 9.44 10.77] | -0.28392661308677253
0.4700166856387428 | [ 9.49 12.83] | -0.2093406315685483
0.3805608474262274 | [ 9.29 14.62] | -0.11499733319194398
0.28748177454738155 | [ 8.83 16.12] | -0.006697647750189946
0.1921515527605381 | [ 8.14 17.32] | 0.11002395019213751
0.09568824321133268 | [ 7.25 18.26] | 0.22990671218425668
-0.0010870732301782732 | [ 6.21 18.97] | 0.34858221883726437
-0.09761749970838471 | [ 5.07 19.49] | 0.4627231091070474
-0.1935332307785043 | [ 3.85 19.83] | 0.5698224600465037
-0.2885744668166278 | [ 2.58 20.02] | 0.6679468550305481
-0.3825382332955364 | [ 1.28 20.07] | 0.7556742816370478
-0.4752577714385315 | [-0.03 19.98] | 0.6423730643281185
-0.5465068899202128 | [-3.46 14.74] | 0.1414137421925985
-0.5655780884124917 | [-7.81  4.72] | -0.5587453339821022
-0.5237783821231144 | [-10.97  -4.78] | -0.8426797021417041
-0.45152916452776237 | [-11.26  -7.89] | -0.759227806195411
-0.36978340935136406 | [-11.67 -10.15] | -0.6294024528796401
-0.2800837244174635 | [-11.95 -11.67] | -0.4460058776875168
-0.18447320366027656 | [-12.   -12.57] | -0.22631367357537718
-0.0846229931193448 | [-11.67 -12.94] | 0.011305974077391027
0.01800485964806261 | [-10.91 -12.85] | 0.25387865848511537
0.12222346804910798 | [ -9.79 -12.38] | 0.4926005489015875
0.2271632235203006 | [ -8.39 -11.62] | 0.7215938687523163
0.3322087622200154 | [ -6.77 -10.63] | 0.9365465396359953
0.43689925200924895 | [-4.99 -9.45] | 1.1336133157531123
0.5408429948583273 | [-3.08 -8.12] | 1.3082850510298298
0.643669055072243 | [-1.07 -6.67] | 1.4544517411419016
0.745010821901609 | [ 0.99 -5.14] | 1.3882589965107566
0.8227503904362216 | [ 4.15 -3.01] | 1.047811329958202
0.8605444563404713 | [ 6.51 -1.59] | 0.5549632138576337
0.8595124143466875 | [ 8.37 -0.33] | -0.02497030659118629
0.8203953114192645 | [9.56 1.56] | -0.40633398895780914
0.7564219275275267 | [9.68 4.45] | -0.5130300738905208
0.6807340128368462 | [9.91 7.09] | -0.5038351341726909
0.5973953105345164 | [10.13  9.67] | -0.42722850649620814
0.5090639232727069 | [10.19 12.06] | -0.31809162999299867
0.41722767062947996 | [10.01 14.17] | -0.1946836847054665
0.3228522210813208 | [ 9.58 15.95] | -0.06425334410277231
0.2268002932522209 | [ 8.9  17.41] | 0.06911493424505963
0.12987325769276967 | [ 8.01 18.55] | 0.2018760554215178
0.03273683352015494 | [ 6.97 19.42] | 0.3309131695888178
-0.06411700465415027 | [ 5.8  20.06] | 0.4537535112565744
-0.16034757450588355 | [ 4.55 20.48] | 0.5685011310582022
-0.25571487924599823 | [ 3.25 20.73] | 0.6736494438206637
-0.3500342383713118 | [ 1.91 20.82] | 0.7680474229549783
-0.44315948767953384 | [ 0.55 20.76] | 0.777300574636378
-0.5263813890393446 | [-1.74 18.49] | 0.40811516895737404
-0.5651958506580265 | [-6.62  8.57] | -0.2728057783767474
-0.5406491311099872 | [-10.1   -1.22] | -0.6233166641961744
-0.48100125659681453 | [-10.54  -5.17] | -0.6143617851858619
-0.4077752779456012 | [-11.1   -8.07] | -0.540567668200229
-0.3234728342890427 | [-11.51 -10.04] | -0.3953464267680445
-0.2313296590342425 | [-11.65 -11.22] | -0.20054257851864865
-0.13395093250329215 | [-11.38 -11.76] | 0.018950577938249606
-0.03333817230716691 | [-10.69 -11.76] | 0.2459916921680433
0.06899420266474775 | [ -9.63 -11.34] | 0.4691999224780346
0.17194996654164035 | [ -8.29 -10.6 ] | 0.6810574597392633
0.2747493585799769 | [-6.72 -9.62] | 0.8763089391886336
0.37681412616604215 | [-5.   -8.45] | 1.0507249134851624
0.47767679134215163 | [-3.16 -7.14] | 1.200006228416967
0.5769576977432751 | [-1.26 -5.74] | 1.320401462597921
0.6743579683575551 | [ 0.66 -4.29] | 1.249027220798028
0.749367527958723 | [ 3.97 -2.  ] | 0.8831730133947631
0.7829524455048381 | [ 6.77 -0.24] | 0.36368702307580564
0.7759571588839322 | [8.34 1.7 ] | -0.04608831909534655
0.7395844640218434 | [8.55 4.23] | -0.23757907978667211
0.685176775254748 | [8.84 6.51] | -0.3172201452138144
0.6172406307551185 | [9.19 8.82] | -0.31688978403076473
0.5395919555756776 | [ 9.45 11.09] | -0.2678101265462894
0.4548959087578721 | [ 9.48 13.14] | -0.18979388125227123
0.36507048082949695 | [ 9.26 14.92] | -0.09223438912278797
0.27172570183170885 | [ 8.77 16.4 ] | 0.018648158012185355
0.17624900506771443 | [ 8.04 17.58] | 0.13705762215379955
0.07974618097576296 | [ 7.13 18.5 ] | 0.25772690432810663
-0.016986025119835067 | [ 6.07 19.19] | 0.37642518833907246
-0.11341397258146962 | [ 4.9  19.68] | 0.48998542463498385
-0.2091843090519743 | [ 3.67 20.  ] | 0.5960298127446466
-0.30404684519498865 | [ 2.38 20.16] | 0.6927307874926958
-0.3978051156814267 | [ 1.07 20.18] | 0.7787749616009718
-0.49029921053205006 | [-0.25 20.07] | 0.6199026496955078
-0.5571362383251078 | [-4.09 13.72] | 0.07612037734815907
-0.5690562599256516 | [-8.24  3.76] | -0.6201330429007728
-0.5215937709218685 | [-11.28  -5.59] | -0.8818943843118756
-0.4455953829163363 | [-11.49  -8.45] | -0.7777966812382014
-0.36155068075908436 | [-11.82 -10.54] | -0.6337107586812993
-0.2705247475809739 | [-12.05 -11.93] | -0.4417606023707328
-0.17414759192496732 | [-12.06 -12.77] | -0.21759245461483034
-0.07382854844182055 | [-11.69 -13.09] | 0.022310894492285273
0.02910963733579443 | [-10.9  -12.97] | 0.26612278899996455
0.13356138962381273 | [ -9.75 -12.49] | 0.5057345580153961
0.23871186091178878 | [ -8.33 -11.72] | 0.7356996060647091
0.3439842526691415 | [ -6.69 -10.72] | 0.9519553092199766
0.44894471967395594 | [-4.9  -9.53] | 1.1507782031048348
0.5532203084095932 | [-2.97 -8.2 ] | 1.3276796433768598
0.65645067431301 | [-0.95 -6.74] | 1.472399788104103
0.7577045361129727 | [ 1.17 -5.18] | 1.4044793350021263
0.8353338541131992 | [ 4.25 -3.12] | 1.0686444383269564
0.8737069000352466 | [ 6.54 -1.76] | 0.5825976093198038
0.873925901568815 | [ 8.34 -0.56] | -0.0037517239825540375
0.8357327502137443 | [9.66 1.14] | -0.41459025787031095
0.7715454410218593 | [9.76 4.1 ] | -0.5312002021143147
0.6956358957194091 | [9.98 6.76] | -0.5254006493957174
0.6121983127413433 | [10.2   9.35] | -0.45002638548816176
0.5238862204959678 | [10.27 11.77] | -0.3408043459283925
0.432165170928118 | [10.11 13.91] | -0.2171877810851327
0.33793538907519854 | [ 9.7  15.72] | -0.08663920915641055
0.24199911098860372 | [ 9.05 17.21] | 0.04696384286060897
0.14512668934068876 | [ 8.19 18.4 ] | 0.18025731177101495
0.04798009701106154 | [ 7.16 19.3 ] | 0.3101683747690691
-0.048938822848907125 | [ 6.01 19.97] | 0.43419209315849994
-0.1452777388834054 | [ 4.78 20.43] | 0.5503911353174996
-0.24078863514488102 | [ 3.48 20.7 ] | 0.6572250757773024
-0.3352821683152852 | [ 2.14 20.81] | 0.7534915521432053
-0.4286075215705733 | [ 0.79 20.78] | 0.8049373788375651
-0.5166391829794289 | [-1.01 19.65] | 0.477211891551253
-0.5627784942087352 | [-6.14  9.66] | -0.19651836291178298
-0.5443407458859969 | [-9.74 -0.17] | -0.674149424416928
-0.48265114235808787 | [-11.13  -6.14] | -0.7479706779130874
-0.40364396077527587 | [-11.41  -8.75] | -0.6364607786686605
-0.31670461297949787 | [-11.69 -10.55] | -0.47344234374299726
-0.22347359908728934 | [-11.8  -11.69] | -0.26717057379638565
-0.12556827559610423 | [-11.59 -12.26] | -0.0376577259145342
-0.024433508398486556 | [-10.98 -12.33] | 0.1998869103404913
0.07863890017704699 | [ -9.97 -11.99] | 0.43487277298021654
0.18262039447968642 | [ -8.65 -11.31] | 0.6600908915847685
0.28675087525290455 | [ -7.09 -10.37] | 0.870463345054012
0.390462995104228 | [-5.36 -9.22] | 1.061867207225664
0.49329445511711756 | [-3.49 -7.92] | 1.230011397292249
0.5948360168481815 | [-1.53 -6.51] | 1.3697262177224527
0.6947251102697304 | [ 0.47 -5.02] | 1.3453329315843023
0.7757329954219387 | [ 3.52 -2.87] | 1.0523914109717836
0.8196825131505955 | [ 6.23 -1.2 ] | 0.559592863542574
0.8226605241870097 | [8.33 0.23] | 0.012322121087765378
0.7885869619903417 | [9.16 2.48] | -0.30832841665569
0.7315002645333221 | [9.32 5.1 ] | -0.41503100691300665
0.6612446872944192 | [9.6  7.58] | -0.41942802101919535
0.5818237468142178 | [ 9.86 10.05] | -0.3588943142611217
0.4961246932258339 | [ 9.96 12.36] | -0.2647897528109744
0.40591587489757003 | [ 9.8  14.39] | -0.15294161551800955
0.3124848194150778 | [ 9.38 16.12] | -0.03060913855122028
0.21696424371029377 | [ 8.72 17.52] | 0.0972080040838385
0.12034104078405197 | [ 7.84 18.63] | 0.22604368766927926
0.023390736468726404 | [ 6.79 19.46] | 0.35212966043095256
-0.07333602892349311 | [ 5.63 20.07] | 0.4725814877841342
-0.1694681595680239 | [ 4.38 20.47] | 0.585240112481401
-0.26474873348779315 | [ 3.07 20.7 ] | 0.688427407139941
-0.35898264062102037 | [ 1.73 20.77] | 0.7808927852848686
-0.4520170285367681 | [ 0.38 20.7 ] | 0.7572878042141569
-0.5317908111211953 | [-2.27 17.58] | 0.35425604117993503
-0.5651011129776942 | [-6.99  7.67] | -0.33237970053794574
-0.5358269952595293 | [-10.38  -2.08] | -0.6670795900422518
-0.4726896532778154 | [-10.77  -5.82] | -0.6388962694001987
-0.39709884895691705 | [-11.28  -8.56] | -0.5501311565806335
-0.3112992265827056 | [-11.65 -10.41] | -0.3946390227124753
-0.21820620778392813 | [-11.76 -11.52] | -0.19339018438678465
-0.12016083938371779 | [-11.47 -12.01] | 0.030478734282581656
-0.01901142828554794 | [-10.76 -11.98] | 0.26101604011640467
0.08381645856914718 | [ -9.67 -11.55] | 0.4875593673001292
0.18728433112808077 | [ -8.3 -10.8] | 0.7030171857647155
0.29065161566382197 | [-6.72 -9.81] | 0.9023417517868229
0.39336499782548034 | [-4.97 -8.63] | 1.0813289019781724
0.4949682726389455 | [-3.1  -7.31] | 1.235457892038965
0.5950737480997691 | [-1.17 -5.9 ] | 1.3602891766283043
0.6933571108893268 | [ 0.79 -4.43] | 1.2826165711070827
0.7682710925232962 | [ 4.12 -2.15] | 0.911900894220255
0.8015267634254155 | [ 6.79 -0.49] | 0.38535692182156345
0.7940856271639548 | [8.48 1.27] | -0.05799166922982413
0.7560672503826604 | [8.67 3.87] | -0.2612307048316406
0.7001912331300914 | [8.93 6.17] | -0.3421903027054131
0.6312604819783517 | [9.26 8.5 ] | -0.3409174542354002
0.553056041869246 | [ 9.5  10.77] | -0.29082797761719453
0.46813148641567376 | [ 9.54 12.84] | -0.21290723449957993
0.37825723190603827 | [ 9.33 14.63] | -0.11635343107997294
0.2849217481117775 | [ 8.85 16.12] | -0.006724331400752848
0.1894408958399143 | [ 8.15 17.32] | 0.11070678122825936
0.09289275143404624 | [ 7.25 18.25] | 0.23089965226943998
-0.003928236539485579 | [ 6.21 18.96] | 0.34964596035572415
-0.10048175362540471 | [ 5.07 19.47] | 0.4637227070838175
-0.19640773883119955 | [ 3.85 19.81] | 0.5706870884098498
-0.291451916360182 | [ 2.58 20.  ] | 0.6686443638579477
-0.3854143418414809 | [ 1.28 20.04] | 0.7561946561658721
-0.47812962883279087 | [-0.03 19.96] | 0.6411141266106299
-0.549352781067409 | [-3.45 14.7 ] | 0.13638201272531167
-0.5683680525431839 | [-7.79  4.68] | -0.5675194849523532
-0.5264989167937418 | [-10.94  -4.84] | -0.8525619719006051
-0.4541897638188205 | [-11.24  -7.94] | -0.768962463681038
-0.37239671009076897 | [-11.64 -10.2 ] | -0.6391546289362029
-0.28266348557740995 | [-11.93 -11.72] | -0.4557580156581337
-0.1870298000950884 | [-11.98 -12.62] | -0.23596920949020292
-0.08716204848220609 | [-11.65 -12.99] | 0.0018728301934932967
0.015481365656534175 | [-10.9 -12.9] | 0.24479641323013476
0.11971557760918318 | [ -9.79 -12.44] | 0.48398299677609413
0.22467169129759584 | [ -8.39 -11.68] | 0.7135369782424802
0.329734402732752 | [ -6.78 -10.69] | 0.9291342730178069
0.43444283524981614 | [-5.   -9.51] | 1.126925558489144
0.5384054356823413 | [-3.09 -8.18] | 1.3024036442805624
0.6412515369291115 | [-1.09 -6.73] | 1.4494471829821087
0.7426146910126143 | [ 0.97 -5.2 ] | 1.3870057798578304
0.8206060553831743 | [ 4.13 -3.06] | 1.0518570181598184
0.8588777762920161 | [ 6.49 -1.63] | 0.5625489998812543
0.858367447751386 | [ 8.36 -0.36] | -0.01653207141797973
0.8196866383577296 | [9.57 1.52] | -0.40128068382061016
0.7559440634372038 | [9.69 4.42] | -0.5098084822331266
0.6804147926791461 | [9.92 7.07] | -0.501570231157755
0.5971907378828801 | [10.14  9.64] | -0.4254978571230853
0.5089452743785348 | [10.21 12.04] | -0.31660462162410397
0.4171763933288129 | [10.03 14.15] | -0.1933463088426759
0.322851239194012 | [ 9.59 15.94] | -0.06304307849295068
0.22683209034533164 | [ 8.92 17.39] | 0.07021593497985033
0.1299215665943234 | [ 8.04 18.54] | 0.20289288541132697
0.03278836265032961 | [ 6.99 19.41] | 0.3318723337788489
-0.06407223125761773 | [ 5.83 20.05] | 0.45467950437262294
-0.16031695948332048 | [ 4.58 20.48] | 0.5694171848186417
-0.2557042882831683 | [ 3.28 20.73] | 0.6745779451610315
-0.3500486600298468 | [ 1.94 20.82] | 0.7690067643193687
-0.4432030251795831 | [ 0.58 20.76] | 0.7827890414016998
-0.5270002706953837 | [-1.65 18.62] | 0.41636251597996454
-0.5666811397032053 | [-6.56  8.68] | -0.2667927865512302
-0.5428355104614071 | [-10.04  -1.12] | -0.6207267017367666
-0.48369942167976476 | [-10.49  -5.1 ] | -0.6147627300692414
-0.41081685138256674 | [-11.06  -8.02] | -0.543425907128789
-0.32672741444507164 | [-11.48 -10.02] | -0.3999166421524469
-0.2347132406900069 | [-11.62 -11.21] | -0.20616926997060572
-0.1374190325735832 | [-11.36 -11.76] | 0.01268363014900235
-0.036870338711907244 | [-10.68 -11.77] | 0.2393225028159947
0.06540468082211959 | [ -9.63 -11.35] | 0.46225245719709185
0.1683015830153294 | [ -8.28 -10.62] | 0.6738860922911811
0.2710355662092888 | [-6.72 -9.63] | 0.8689316995226519
0.3730254655787958 | [-5.   -8.46] | 1.0431485768650355
0.4738027357763916 | [-3.17 -7.15] | 1.1922531188078804
0.5729890302309104 | [-1.28 -5.76] | 1.3125593945737488
0.6702886343964929 | [ 0.64 -4.31] | 1.2439006720856094
0.7454151283464081 | [ 3.94 -2.01] | 0.8815460565099785
0.7792345142955523 | [ 6.76 -0.23] | 0.3643867645255709
0.7724412217265063 | [8.33 1.74] | -0.04218355871649032
0.7363304999129694 | [8.55 4.27] | -0.23253768218883286
0.6821494227019065 | [8.85 6.55] | -0.31198407404253403
0.614372734433552 | [9.2  8.86] | -0.3115878603032905
0.5368231850504568 | [ 9.45 11.13] | -0.2623272195358775
0.4521832249791481 | [ 9.49 13.19] | -0.1839973611035951
0.3623880769703552 | [ 9.26 14.97] | -0.0860807841127221
0.2690604696457024 | [ 8.77 16.45] | 0.02511119155331757
0.17359560810611563 | [ 8.04 17.63] | 0.14373107702993895
0.07710331760135017 | [ 7.13 18.55] | 0.2644992378419393
-0.019617915474143505 | [ 6.06 19.23] | 0.3831944457979329
-0.11603387319950098 | [ 4.89 19.72] | 0.4966661820628298
-0.2117911059979406 | [ 3.66 20.04] | 0.602552075333146
-0.3066394772170791 | [ 2.37 20.2 ] | 0.6990385058099347
-0.40038285969215315 | [ 1.05 20.21] | 0.7848265860030437
-0.4928620587289716 | [-0.27 20.1 ] | 0.6211989648758384
-0.5593153779467896 | [-4.15 13.64] | 0.07224438683375656
-0.5706087084880733 | [-8.27  3.69] | -0.625116881719036
-0.5226632629565097 | [-11.3   -5.65] | -0.8857744351367004
-0.4463584132265716 | [-11.49  -8.5 ] | -0.7801945524831745
-0.36213539476414347 | [-11.82 -10.57] | -0.6351910140470448
-0.2710113209262054 | [-12.05 -11.96] | -0.44277046107527435
-0.1745803607301037 | [-12.05 -12.79] | -0.21843457904994415
-0.07423132520145659 | [-11.68 -13.11] | 0.021494878005852435
0.02872312645036882 | [-10.89 -12.99] | 0.26528108237218995
0.1331828886091281 | [ -9.74 -12.51] | 0.5048616525091139
0.23833655101288626 | [ -8.32 -11.74] | 0.7348135160888906
0.34360948542076036 | [ -6.68 -10.74] | 0.9510839042986924
0.4485690491783948 | [-4.88 -9.55] | 1.1499497893829829
0.5528427616906517 | [-2.96 -8.21] | 1.3269062377373975
0.6560703117531603 | [-0.94 -6.75] | 1.4707322394381608
0.757183730088777 | [ 1.19 -5.18] | 1.4022414829382688
0.8346012984180747 | [ 4.26 -3.12] | 1.0666430388345707
0.8727956647290444 | [ 6.55 -1.76] | 0.5807203848623886
0.8728356276158993 | [ 8.35 -0.55] | -0.0046909998696158485
0.8344971141841665 | [9.67 1.16] | -0.41367108243701206
0.7702376293133814 | [9.77 4.12] | -0.5292565665500311
0.6942926300267602 | [9.99 6.79] | -0.5228573678460613
0.610840129547644 | [10.21  9.37] | -0.4470835909449542
0.5225250933619001 | [10.29 11.79] | -0.33758331941098774
0.4308068908351277 | [10.12 13.93] | -0.21375910116485924
0.3365817543671553 | [ 9.71 15.74] | -0.08305767595171806
0.2406494392066751 | [ 9.06 17.23] | 0.05064778431650928
0.14377909705916708 | [ 8.19 18.42] | 0.1839966315510288
0.04663250704222868 | [ 7.17 19.32] | 0.31392011888283106
-0.05028811829632093 | [ 6.02 19.99] | 0.43791779947806175
-0.14662993600953872 | [ 4.78 20.45] | 0.554057006948071
-0.24214451825188094 | [ 3.48 20.72] | 0.6608019063523897
-0.33664228044335004 | [ 2.15 20.83] | 0.7569552082079719
-0.42997237837526286 | [ 0.79 20.79] | 0.808014987395992
-0.5179916072407783 | [-1.01 19.66] | 0.4790531933719884
-0.5641175084472291 | [-6.14  9.67] | -0.19639158466253867
-0.5456799511968802 | [-9.73 -0.16] | -0.6756526603065535
-0.48397330150802836 | [-11.13  -6.14] | -0.7502026084689257
-0.4049449690237593 | [-11.41  -8.76] | -0.6387820737345006
-0.31799858877090537 | [-11.68 -10.56] | -0.4759064834545619
-0.224767080630572 | [-11.79 -11.7 ] | -0.2697730447133061
-0.1268642965279623 | [-11.59 -12.28] | -0.04036739201530869
-0.025733646576384953 | [-10.97 -12.35] | 0.1971138325259989
0.07733330025497998 | [ -9.97 -12.  ] | 0.4320796583217917
0.18130777712634977 | [ -8.65 -11.32] | 0.6573147816085988
0.28542938594555994 | [ -7.09 -10.39] | 0.867734486126861
0.3891304794889935 | [-5.36 -9.24] | 1.0592102762815918
0.4919484696374312 | [-3.49 -7.94] | 1.2274433532371107
0.5934740158618537 | [-1.53 -6.53] | 1.3672612846428622
0.6933447199298216 | [ 0.47 -5.04] | 1.3435995890108607
0.77436133068612 | [ 3.52 -2.88] | 1.0517160195852866
0.8183335149644381 | [ 6.23 -1.21] | 0.5597477911373533
0.82132034059407 | [8.33 0.23] | 0.013716764024156846
0.7872829983499589 | [9.17 2.5 ] | -0.30576681773725317
0.7302652949518578 | [9.33 5.11] | -0.41218599439306003
0.6600712187985082 | [9.61 7.59] | -0.41649858637309034
0.5807010882360807 | [ 9.87 10.06] | -0.35596830498340404
0.4950417427863818 | [ 9.96 12.37] | -0.261897388864108
0.4048621720621447 | [ 9.81 14.41] | -0.1500858021860348
0.3114512461239514 | [ 9.39 16.13] | -0.027790999706571916
0.21594326438850558 | [ 8.72 17.53] | 0.09998302746374862
0.11932681018895949 | [ 7.84 18.64] | 0.22876647146319967
0.022379020415478942 | [ 6.8  19.47] | 0.35478915746801154
-0.07434814370637768 | [ 5.63 20.08] | 0.47516626350410096
-0.17048265694166004 | [ 4.38 20.48] | 0.5877393329035583
-0.2657670259439839 | [ 3.08 20.71] | 0.6908312083901164
-0.3600058040121649 | [ 1.74 20.78] | 0.7831925830476152
-0.453045923544436 | [ 0.38 20.71] | 0.7593326470653811
-0.5328428154547646 | [-2.26 17.59] | 0.3552174151611767
-0.566183935179654 | [-6.98  7.67] | -0.33302050915251813
-0.5369323118041024 | [-10.37  -2.08] | -0.6685987254349647
-0.47381083557224946 | [-10.76  -5.83] | -0.6407398205955829
-0.3982307994472442 | [-11.27  -8.57] | -0.5522700820541532
-0.3124378273919085 | [-11.64 -10.42] | -0.39699797278508897
-0.21934893103059525 | [-11.75 -11.53] | -0.19589971542506965
-0.12130670289110358 | [-11.46 -12.02] | 0.027880602933647122
-0.020160640364679887 | [-10.75 -12.  ] | 0.2583824921615011
0.08266291493546575 | [ -9.67 -11.57] | 0.48493336546433863
0.18612499867574384 | [ -8.3  -10.82] | 0.7004324388020776
0.2894847318926069 | [-6.71 -9.83] | 0.8998249670825758
0.3921885792744559 | [-4.97 -8.65] | 1.078901399247009
0.493780209949527 | [-3.1  -7.33] | 1.2331346301836308
0.5938720831657385 | [-1.17 -5.91] | 1.3580870553920994
0.6921402376191339 | [ 0.79 -4.45] | 1.2812482926618411
0.7670710794700146 | [ 4.12 -2.16] | 0.9117170749829833
0.8003658033045828 | [ 6.79 -0.49] | 0.3859848197232061
0.7929500784906937 | [8.49 1.27] | -0.056846390207189505
0.7549512258095186 | [8.67 3.88] | -0.25971539756331397
0.6990973166059655 | [8.93 6.18] | -0.34042857889049216
0.6301847812515342 | [9.26 8.51] | -0.33892633225937707
0.5519943579856545 | [ 9.51 10.78] | -0.2885836317436477
0.4670813700266425 | [ 9.55 12.85] | -0.21041521448401698
0.3772169600645311 | [ 9.34 14.64] | -0.1136520777519706
0.28388958190101976 | [ 8.86 16.14] | -0.003868917841849333
0.18841504998009645 | [ 8.16 17.34] | 0.11365908788007847
0.09187165118783164 | [ 7.26 18.27] | 0.23389822676627608
-0.004945805139081189 | [ 6.22 18.98] | 0.3526496511043619
-0.10149668414935563 | [ 5.07 19.49] | 0.46669952686641997
-0.19742073704481317 | [ 3.85 19.83] | 0.5736123917903286
-0.29246362018115263 | [ 2.58 20.02] | 0.6714989364137639
-0.38642542273299474 | [ 1.28 20.06] | 0.7589641748292408
-0.4791409466815156 | [-0.03 19.97] | 0.6431042906722066
-0.5503312255782026 | [-3.46 14.7 ] | 0.1371259709349055
-0.5692966346012593 | [-7.79  4.68] | -0.5679000891455169
-0.5273935886119272 | [-10.94  -4.84] | -0.853447129536785
-0.45506669452777526 | [-11.23  -7.94] | -0.7699376678167815
-0.37326685953771754 | [-11.63 -10.2 ] | -0.6402457621190284
-0.2835320589548284 | [-11.92 -11.72] | -0.4569637867754689
-0.18789923528062827 | [-11.98 -12.63] | -0.23728258921767703
-0.08803383939927356 | [-11.65 -13.  ] | 0.0004703167397346157
0.014605783666503048 | [-10.9  -12.91] | 0.24332632344620087
0.11883450498023129 | [ -9.78 -12.45] | 0.48246326537411777
0.22378306285965047 | [ -8.38 -11.69] | 0.7119797174784239
0.3288357338620501 | [ -6.77 -10.7 ] | 0.9275458292306097
0.4335311610819484 | [-5.   -9.52] | 1.125306812429339
0.5374772533879956 | [-3.09 -8.19] | 1.300744795866731
0.6403029449557337 | [-1.08 -6.74] | 1.4477361260459018
0.7416416755434625 | [ 0.97 -5.21] | 1.3854494684856924
0.8195920513994428 | [ 4.13 -3.06] | 1.050409027065257
0.8577957836727731 | [ 6.5  -1.62] | 0.5611658958325455
0.857193497377124 | [ 8.36 -0.35] | -0.016976225427241223
0.8184526383469234 | [9.57 1.54] | -0.39977669451798203
0.7547216202651411 | [9.69 4.44] | -0.5075668913774936
0.6792145670527533 | [9.93 7.09] | -0.49902185047728415
0.5960121688883625 | [10.15  9.66] | -0.42280794531510535
0.5077845406690688 | [10.21 12.06] | -0.3138594992373691
0.4160281974017914 | [10.03 14.17] | -0.19056864591970904
0.32171105712303555 | [ 9.6  15.95] | -0.06024262289841521
0.22569671750987377 | [ 8.92 17.41] | 0.0730237982965004
0.12878892154177105 | [ 8.04 18.56] | 0.20568679327169231
0.031657166678564094 | [ 6.99 19.43] | 0.33462888567730054
-0.06520270737655867 | [ 5.83 20.06] | 0.4573760230671788
-0.16144707300959704 | [ 4.58 20.49] | 0.5720327857024935
-0.2568341499024149 | [ 3.27 20.74] | 0.677093883330181
-0.3511782420549481 | [ 1.93 20.83] | 0.7714074014131455
-0.44433230670381574 | [ 0.57 20.77] | 0.7840492839130768
-0.5280318526683031 | [-1.67 18.6 ] | 0.4159439268408643
-0.5675629635045586 | [-6.57  8.66] | -0.26846483896138296
-0.5435959659019091 | [-10.04  -1.14] | -0.6226837625239885
-0.484371318632315 | [-10.49  -5.12] | -0.6165019957315898
-0.4114298060887971 | [-11.06  -8.04] | -0.5450137600141187
-0.3273042118986279 | [-11.48 -10.03] | -0.40141703181606875
-0.23526881131730057 | [-11.62 -11.23] | -0.20763845147574628
-0.13796183500571418 | [-11.36 -11.77] | 0.011227509056427054
-0.037405163088607404 | [-10.68 -11.78] | 0.2378875053393024
0.06487504270704214 | [ -9.62 -11.37] | 0.46085897076464066
0.16777553940809217 | [ -8.28 -10.63] | 0.6725589427832473
0.27051227348424245 | [-6.72 -9.65] | 0.8676958654803287
0.3725045010261854 | [-5.   -8.48] | 1.0420258287412898
0.4732838699691026 | [-3.17 -7.17] | 1.1912568888954256
0.5724721020853583 | [-1.27 -5.77] | 1.3116946635518505
0.6697733903690507 | [ 0.64 -4.32] | 1.2433179864848793
0.7448885201975155 | [ 3.95 -2.02] | 0.8814707913478588
0.7786912679191302 | [ 6.76 -0.24] | 0.3647432891265212
0.7718754642560873 | [8.34 1.73] | -0.041807839084871186
0.735730111744315 | [8.56 4.27] | -0.23194139299008465
0.6815247879688341 | [8.85 6.55] | -0.3111291565570364
0.6137331098320757 | [9.21 8.87] | -0.31047355700511975
0.5361760425785781 | [ 9.46 11.14] | -0.26095927494006704
0.4515343456303406 | [ 9.5 13.2] | -0.18241257142345613
0.3617407475013984 | [ 9.27 14.98] | -0.08433144989728836
0.2684156922566423 | [ 8.78 16.46] | 0.026972679502707576
0.17295297573961363 | [ 8.05 17.64] | 0.145659964472455
0.07646190422496305 | [ 7.13 18.56] | 0.2664600542288059
-0.020259029642035235 | [ 6.07 19.25] | 0.38516009477140767
-0.11667544552045502 | [ 4.9  19.74] | 0.4986163653245511
-0.21243377100137023 | [ 3.66 20.05] | 0.6044715891205975
-0.30728382703980067 | [ 2.37 20.21] | 0.7009158300023265
-0.4010295198253211 | [ 1.06 20.22] | 0.7866532292981464
-0.49351176408210107 | [-0.27 20.11] | 0.6228132803047736
-0.5599847418164552 | [-4.14 13.65] | 0.0732556905525669
-0.5713114884477822 | [-8.27  3.7 ] | -0.6250288593918122
-0.5233960582055238 | [-11.29  -5.64] | -0.8862744864052746
-0.4471144139702568 | [-11.49  -8.49] | -0.7809417535382219
-0.3629084524258134 | [-11.81 -10.57] | -0.636150232838678
-0.2717957475516538 | [-12.04 -11.96] | -0.44388870379235323
-0.1753725128200674 | [-12.05 -12.79] | -0.21966685748770218
-0.07502938479856316 | [-11.68 -13.12] | 0.020185128663072132
0.02791971541495233 | [-10.89 -13.  ] | 0.26392157415146433
0.1323737121163514 | [ -9.74 -12.51] | 0.5034700790561105
0.23752037076248544 | [ -8.31 -11.74] | 0.7333984746104901
0.34278433698880495 | [ -6.68 -10.74] | 0.9496468918273275
0.4477323025840004 | [-4.88 -9.56] | 1.148486801388251
0.5519911531159649 | [-2.96 -8.22] | 1.3254045350483816
0.6552001009982904 | [-0.94 -6.76] | 1.4692182009594597
0.7562953435809622 | [ 1.18 -5.19] | 1.4009046031592598
0.8336854056527379 | [ 4.26 -3.13] | 1.065394698799326
0.8718288227706601 | [ 6.56 -1.76] | 0.5794685539730924
0.8717929270607657 | [ 8.36 -0.54] | -0.0052697339546428175
0.8333987757439257 | [9.67 1.19] | -0.4125289041257812
0.7691451646144947 | [9.77 4.14] | -0.5274293074532722
0.6932160290170594 | [10.   6.8] | -0.5207514922264592
0.6097784196736401 | [10.22  9.39] | -0.44483755752388127
0.5214749365177598 | [10.29 11.81] | -0.3352719455064661
0.4297639675134377 | [10.13 13.94] | -0.21140186542954326
0.3355427347407373 | [ 9.71 15.76] | -0.08066325306521502
0.23961239689513064 | [ 9.06 17.25] | 0.053063870512824116
0.1427431582494177 | [ 8.19 18.43] | 0.18641213778761076
0.045597404811699944 | [ 7.17 19.34] | 0.3163106736020765
-0.05132233774462046 | [ 6.02 20.  ] | 0.44026005686192216
-0.14766305606593486 | [ 4.78 20.46] | 0.5563297503250307
-0.24317621246230015 | [ 3.48 20.73] | 0.6629862434171735
-0.33767215974144466 | [ 2.14 20.84] | 0.759035433785364
-0.43100011383436637 | [ 0.78 20.8 ] | 0.8088981229223823
-0.5188971472737214 | [-1.03 19.63] | 0.4783190382369945
-0.5648407626613062 | [-6.15  9.64] | -0.19819550492304344
-0.5462563080483783 | [-9.73 -0.19] | -0.6744844311373965
-0.4846349346539305 | [-11.1   -6.11] | -0.7470769320217383
-0.4057895817439003 | [-11.39  -8.74] | -0.6370305412696677
-0.3189272202617186 | [-11.67 -10.55] | -0.47483914213200823
-0.22573171230966932 | [-11.78 -11.69] | -0.2691230630537323
-0.1278468217561568 | [-11.58 -12.27] | -0.04005448279266417
-0.02673322700328218 | [-10.96 -12.34] | 0.19710577315797542
0.07631035411314208 | [ -9.96 -11.99] | 0.4317376246646026
0.1802526834829312 | [ -8.64 -11.31] | 0.6566095979461831
0.284332286487181 | [ -7.08 -10.37] | 0.8666241034271763
0.3879806434517438 | [-5.35 -9.23] | 1.0576424974288687
0.4907343238854153 | [-3.48 -7.93] | 1.2253530041219296
0.5921840131716192 | [-1.53 -6.51] | 1.364609310736973
0.6919686896090688 | [ 0.47 -5.03] | 1.3399512289287208
0.7728122388872593 | [ 3.53 -2.86] | 1.0464547452045685
0.8164910438901253 | [ 6.25 -1.18] | 0.5530682636133631
Total reward: 232.7639062999073
