0.4, -0.2, 2.7, 1.1, 6.0, -1.7, 0.7, 0.8, 1.0, -3.8, 2.8, -4.3, 1.1, -0.7, -4.5, -2.5, -4.9, -2.5
parameter ends

state | action | reward
[3.35] | 1 | -0.5
3.977388869602383 | 1 | -0.5
5.0592784242936295 | 1 | -0.5
10.607238545036166 | 1 | -0.5
10.074188466778725 | 1 | -0.5
7.273423277757888 | 1 | -0.5
1.4815526701258699 | 1 | -0.5
1.5949871477968116 | 1 | -0.5
1.7995519437396634 | 1 | -0.5
2.2167339517557707 | 1 | -0.5
2.9328844731650547 | 1 | -0.5
4.635402253191717 | 1 | -0.5
8.587816318760463 | 1 | -0.5
8.536561414157742 | 1 | -0.5
5.148484458139572 | 1 | -0.5
3.048686115253842 | 1 | -0.5
2.107886924439598 | 1 | -0.5
1.6817941949767552 | 1 | -0.5
1.4080620072960006 | 1 | -0.5
1.3042652449507113 | 1 | -0.5
1.1961007720486498 | 1 | -0.5
1.1585627674540158 | 1 | -0.5
1.2234233702997803 | 1 | -0.5
1.3142589459143217 | 1 | -0.5
1.466012939154392 | 1 | -0.5
1.832128068637652 | 1 | -0.5
2.4571122854506955 | 1 | -0.5
2.828011753527938 | 1 | -0.5
2.626502681245801 | 1 | -0.5
2.5753748960833645 | 1 | -0.5
2.669789334345678 | 1 | -0.5
2.835412356723645 | 1 | -0.5
3.231677667537894 | 1 | -0.5
3.975644068234122 | 1 | -0.5
5.072935956924296 | 1 | -0.5
10.526603976230776 | 1 | -0.5
10.05233990465443 | 1 | -0.5
8.17399866277298 | 1 | -0.5
1.394947967694112 | 1 | -0.5
1.4881966561975346 | 1 | -0.5
1.729140738221463 | 1 | -0.5
1.9728847724957155 | 1 | -0.5
2.5381815175755804 | 1 | -0.5
3.4766293698894546 | 1 | -0.5
8.735776724189744 | 1 | -0.5
8.541551051719898 | 1 | -0.5
8.595975775655166 | 1 | -0.5
4.364927410657107 | 1 | -0.5
2.6293748915974455 | 1 | -0.5
1.976492384289822 | 1 | -0.5
1.564023820897993 | 1 | -0.5
1.3488022457948938 | 1 | -0.5
1.2278969524704555 | 1 | -0.5
1.2250441661020721 | 1 | -0.5
1.1885464361310634 | 1 | -0.5
1.3031880956114608 | 1 | -0.5
1.4264880355197256 | 1 | -0.5
1.7437847381052474 | 1 | -0.5
2.335572165061249 | 1 | -0.5
2.7817730047515226 | 1 | -0.5
2.599740899998494 | 1 | -0.5
2.5518907729788634 | 1 | -0.5
2.6110505360049436 | 1 | -0.5
2.7951184441557535 | 1 | -0.5
3.0746960519843074 | 1 | -0.5
3.55386701830636 | 1 | -0.5
4.475390438341799 | 1 | -0.5
6.967903606158248 | 1 | -0.5
10.08638500426144 | 1 | -0.5
9.909551969486168 | 1 | -0.5
1.4465507306473937 | 1 | -0.5
1.567166656670094 | 1 | -0.5
1.7350922527638168 | 1 | -0.5
2.1630379287093953 | 1 | -0.5
2.7039547443824126 | 1 | -0.5
4.161067768585928 | 1 | -0.5
8.687405982618511 | 1 | -0.5
8.589761235241069 | 1 | -0.5
4.892507306364119 | 1 | -0.5
2.721854344337772 | 1 | -0.5
2.0159500449656846 | 1 | -0.5
1.604576538947255 | 1 | -0.5
1.3891635254483774 | 1 | -0.5
1.2340303175106921 | 1 | -0.5
1.1399107488931166 | 1 | -0.5
1.1210688655525323 | 1 | -0.5
1.2465888522335906 | 1 | -0.5
1.374682935984616 | 1 | -0.5
1.6773387337331103 | 1 | -0.5
2.1736976555299816 | 1 | -0.5
2.795188051521847 | 1 | -0.5
2.621638966004656 | 1 | -0.5
2.5568705895674655 | 1 | -0.5
2.60679104577706 | 1 | -0.5
2.7982969972251457 | 1 | -0.5
3.0634308428551797 | 1 | -0.5
3.5046528548196485 | 1 | -0.5
4.500932621547154 | 1 | -0.5
6.871838654942363 | 1 | -0.5
10.10147752113608 | 1 | -0.5
9.968435959688033 | 1 | -0.5
1.4705432690716065 | 1 | -0.5
1.5765933568256014 | 1 | -0.5
1.8306475980915258 | 1 | -0.5
2.196430137522654 | 1 | -0.5
2.7677581060719407 | 1 | -0.5
3.929677436590014 | 1 | -0.5
8.699877505413394 | 1 | -0.5
8.514175762527396 | 1 | -0.5
5.824669249673926 | 1 | -0.5
3.287370832684984 | 1 | -0.5
2.197229838870513 | 1 | -0.5
1.598750350433065 | 1 | -0.5
1.3246107113156975 | 1 | -0.5
1.1988437047503637 | 1 | -0.5
1.1442495235878267 | 1 | -0.5
1.1138587617607552 | 1 | -0.5
1.147731744446219 | 1 | -0.5
1.2477932402827052 | 1 | -0.5
1.3879685641536716 | 1 | -0.5
1.7865471879635373 | 1 | -0.5
2.5341903512484856 | 1 | -0.5
2.7166213504803247 | 1 | -0.5
2.5868981604086336 | 1 | -0.5
2.5482401815861433 | 1 | -0.5
2.69807847737219 | 1 | -0.5
2.8934799328953535 | 1 | -0.5
3.3414111504527986 | 1 | -0.5
4.197891529267701 | 1 | -0.5
5.593099043222745 | 1 | -0.5
10.281248466698754 | 1 | -0.5
9.999244737114472 | 1 | -0.5
1.555568932175903 | 1 | -0.5
1.554405009992648 | 1 | -0.5
1.6459215000570369 | 1 | -0.5
1.8808601081102094 | 1 | -0.5
2.3957064866143196 | 1 | -0.5
3.1934620912813796 | 1 | -0.5
5.166555458139639 | 1 | -0.5
8.542278923303552 | 1 | -0.5
8.494587871848978 | 1 | -0.5
5.088807270311664 | 1 | -0.5
2.8568242653142044 | 1 | -0.5
2.166886542280901 | 1 | -0.5
1.5659364624386916 | 1 | -0.5
1.3546406712630363 | 1 | -0.5
1.2498863437855665 | 1 | -0.5
1.125947081690533 | 1 | -0.5
1.0418657282256583 | 1 | -0.5
1.0806864817244344 | 1 | -0.5
1.137196496621966 | 1 | -0.5
1.286749419365853 | 1 | -0.5
1.4334729875530574 | 1 | -0.5
1.8223578401766374 | 1 | -0.5
2.473797018711778 | 1 | -0.5
2.7463495685551402 | 1 | -0.5
2.6066759505623707 | 1 | -0.5
2.6256029245385415 | 1 | -0.5
2.7041757109301003 | 1 | -0.5
2.917539319175644 | 1 | -0.5
3.268853575900961 | 1 | -0.5
4.053418245808105 | 1 | -0.5
5.593772468245196 | 1 | -0.5
10.61321641056053 | 1 | -0.5
10.079804839966302 | 1 | -0.5
8.99634213460707 | 1 | -0.5
1.5206663690360924 | 1 | -0.5
1.6671157296990324 | 1 | -0.5
1.9529560210117944 | 1 | -0.5
2.460825704596782 | 1 | -0.5
3.3899910678347744 | 1 | -0.5
8.750130563115425 | 1 | -0.5
8.457357196339732 | 1 | -0.5
8.388819824609664 | 1 | -0.5
3.425096354278609 | 1 | -0.5
2.1825274925946343 | 1 | -0.5
1.6280882495670956 | 1 | -0.5
1.3340065787406423 | 1 | -0.5
1.1177382609564888 | 1 | -0.5
1.1011653115105104 | 1 | -0.5
1.039280166008992 | 1 | -0.5
1.090500659231145 | 1 | -0.5
1.181678545760446 | 1 | -0.5
1.3487060455730393 | 1 | -0.5
1.5211054334526806 | 1 | -0.5
1.9495109684982634 | 1 | -0.5
2.857467595316662 | 1 | -0.5
2.7882097149717784 | 1 | -0.5
2.6751549587303396 | 1 | -0.5
2.71318180010338 | 1 | -0.5
2.861562341944343 | 1 | -0.5
3.1833947780393 | 1 | -0.5
3.8332086926036624 | 1 | -0.5
4.917456996121294 | 1 | -0.5
6.91945686991017 | 1 | -0.5
10.146710157701865 | 1 | -0.5
9.941012228231045 | 1 | -0.5
1.4484847277963577 | 1 | -0.5
1.5880454710139245 | 1 | -0.5
1.8012969685472544 | 1 | -0.5
2.198770417461816 | 1 | -0.5
2.9981960774698138 | 1 | -0.5
4.383801438223282 | 1 | -0.5
8.48981460379134 | 1 | -0.5
8.399915232907938 | 1 | -0.5
3.8465264130213206 | 1 | -0.5
2.4065258898156787 | 1 | -0.5
1.8020841977167223 | 1 | -0.5
1.4457491253769772 | 1 | -0.5
1.2570474546387778 | 1 | -0.5
1.2080444608602887 | 1 | -0.5
1.127403669834082 | 1 | -0.5
1.1635300006850144 | 1 | -0.5
1.2518932493552892 | 1 | -0.5
1.373979056376958 | 1 | -0.5
1.6734505367411225 | 1 | -0.5
2.1791690662520247 | 1 | -0.5
2.97358741830522 | 1 | -0.5
2.799894010069094 | 1 | -0.5
2.754831466506228 | 1 | -0.5
2.8303457398345113 | 1 | -0.5
3.0978343191400497 | 1 | -0.5
3.476019359402108 | 1 | -0.5
4.272319696223929 | 1 | -0.5
5.785712262272679 | 1 | -0.5
10.407254252156084 | 1 | -0.5
10.025501482821037 | 1 | -0.5
1.4117441548785283 | 1 | -0.5
1.519767274743693 | 1 | -0.5
1.6007086505328887 | 1 | -0.5
1.8190378961219802 | 1 | -0.5
2.340064627845947 | 1 | -0.5
3.416560846397178 | 1 | -0.5
8.638348854154119 | 1 | -0.5
8.354798486681 | 1 | -0.5
7.430639568204113 | 1 | -0.5
3.608473466504816 | 1 | -0.5
2.5847970512079073 | 1 | -0.5
1.9701019015306365 | 1 | -0.5
1.629204371233848 | 1 | -0.5
1.3643241229084992 | 1 | -0.5
1.2818334314610877 | 1 | -0.5
1.2644725938044519 | 1 | -0.5
1.245056390923325 | 1 | -0.5
1.2649506703700597 | 1 | -0.5
1.3996067886882948 | 1 | -0.5
1.5519079152183817 | 1 | -0.5
1.888880268539715 | 1 | -0.5
2.431873739779695 | 1 | -0.5
3.0041794391310064 | 1 | -0.5
2.81631523804376 | 1 | -0.5
2.7383422370799817 | 1 | -0.5
2.8019318108955362 | 1 | -0.5
3.0401391887751137 | 1 | -0.5
3.41173635803136 | 1 | -0.5
4.06663597923906 | 1 | -0.5
5.347546100353698 | 1 | -0.5
10.581363386755251 | 1 | -0.5
10.129064288907669 | 1 | -0.5
2.215379956447738 | 1 | -0.5
1.5041295676122053 | 1 | -0.5
1.6488070837097106 | 1 | -0.5
1.8087909772444604 | 1 | -0.5
2.2377310361127978 | 1 | -0.5
2.868076954680565 | 1 | -0.5
4.348324597246577 | 1 | -0.5
8.5554622370496 | 1 | -0.5
8.434029720187384 | 1 | -0.5
6.551188320797921 | 1 | -0.5
3.2819089979102367 | 1 | -0.5
2.368764555895756 | 1 | -0.5
1.798839901789068 | 1 | -0.5
1.5064279157244782 | 1 | -0.5
1.310824991075169 | 1 | -0.5
1.1980747549080346 | 1 | -0.5
1.165153862416983 | 1 | -0.5
1.1765103038885403 | 1 | -0.5
1.225241863862484 | 1 | -0.5
1.359772777869523 | 1 | -0.5
1.680294277832364 | 1 | -0.5
2.1894825492057666 | 1 | -0.5
2.886229436580954 | 1 | -0.5
2.7210579653709748 | 1 | -0.5
2.6902350142676945 | 1 | -0.5
2.7738577942091487 | 1 | -0.5
2.9540877130603076 | 1 | -0.5
3.297279666748809 | 1 | -0.5
4.086273990728312 | 1 | -0.5
5.376787308764467 | 1 | -0.5
10.52873368385369 | 1 | -0.5
10.004701356344679 | 1 | -0.5
2.0325890881746256 | 1 | -0.5
1.4499655426459097 | 1 | -0.5
1.608380985975233 | 1 | -0.5
1.8068164822612287 | 1 | -0.5
2.2720086635203645 | 1 | -0.5
3.2722428657660627 | 1 | -0.5
5.358367341901851 | 1 | -0.5
8.483141456862407 | 1 | -0.5
8.489102805065889 | 1 | -0.5
4.931943359481136 | 1 | -0.5
2.8059328236320202 | 1 | -0.5
1.9510775402744405 | 1 | -0.5
1.534624694745102 | 1 | -0.5
1.3035112218498983 | 1 | -0.5
1.19511508504495 | 1 | -0.5
1.1340548784520568 | 1 | -0.5
1.1370179389403563 | 1 | -0.5
1.2024730985219194 | 1 | -0.5
1.3284958950153853 | 1 | -0.5
1.596111341267236 | 1 | -0.5
1.9878541022091472 | 1 | -0.5
2.9003309307563794 | 1 | -0.5
2.7906166622137865 | 1 | -0.5
2.6556093783842627 | 1 | -0.5
2.7238667347419536 | 1 | -0.5
2.8288094777495467 | 1 | -0.5
3.1684571669708594 | 1 | -0.5
3.707841940006522 | 1 | -0.5
4.723880374683781 | 1 | -0.5
6.497202285281513 | 1 | -0.5
10.256075603275296 | 1 | -0.5
9.88911819731925 | 1 | -0.5
1.3914276352905153 | 1 | -0.5
1.471140225580523 | 1 | -0.5
1.6464803522001483 | 1 | -0.5
1.8724431566708382 | 1 | -0.5
2.24059227009873 | 1 | -0.5
3.103802374733681 | 1 | -0.5
5.122925382653201 | 1 | -0.5
8.457384488491497 | 1 | -0.5
8.581141042463752 | 1 | -0.5
3.926551716483909 | 1 | -0.5
2.6331745257779624 | 1 | -0.5
1.9592742022255496 | 1 | -0.5
1.6551045247908482 | 1 | -0.5
1.4152571084421925 | 1 | -0.5
1.303736747071211 | 1 | -0.5
1.2542897325416456 | 1 | -0.5
1.2686841717264026 | 1 | -0.5
1.333850460293198 | 1 | -0.5
1.4730659294070005 | 1 | -0.5
1.7290475015760876 | 1 | -0.5
2.1349565889519324 | 1 | -0.5
2.890886306573427 | 1 | -0.5
2.6562664693920035 | 1 | -0.5
2.6001873299056943 | 1 | -0.5
2.5815546770678375 | 1 | -0.5
2.7509466017201274 | 1 | -0.5
3.085617569196547 | 1 | -0.5
3.704295334629028 | 1 | -0.5
4.9087369680484985 | 1 | -0.5
6.897247547224544 | 1 | -0.5
10.043121568587331 | 1 | -0.5
9.799530776592423 | 1 | -0.5
1.5562672499550265 | 1 | -0.5
1.3741132691355304 | 1 | -0.5
1.514162054414867 | 1 | -0.5
1.76791472108734 | 1 | -0.5
2.2908284349441717 | 1 | -0.5
3.129273668000867 | 1 | -0.5
5.425471355501303 | 1 | -0.5
8.54090789425159 | 1 | -0.5
8.663619386808696 | 1 | -0.5
3.9954077019111014 | 1 | -0.5
2.5572063597090184 | 1 | -0.5
2.0029920022449237 | 1 | -0.5
1.608612458985381 | 1 | -0.5
1.4029838701565893 | 1 | -0.5
1.2880750840325776 | 1 | -0.5
1.2473108121496952 | 1 | -0.5
1.2363681245218145 | 1 | -0.5
1.279956657986288 | 1 | -0.5
1.4915709249628786 | 1 | -0.5
1.6918957989542633 | 1 | -0.5
2.1627560377300226 | 1 | -0.5
2.8033090061196773 | 1 | -0.5
2.563848163281327 | 1 | -0.5
2.516240722957658 | 1 | -0.5
2.4967672752880317 | 1 | -0.5
2.6519624999450224 | 1 | -0.5
2.9264955765230245 | 1 | -0.5
3.412167273468285 | 1 | -0.5
4.44098869998878 | 1 | -0.5
6.637417355337838 | 1 | -0.5
9.988505026295973 | 1 | -0.5
5.940333569479521 | 1 | -0.5
1.439140563198198 | 1 | -0.5
1.5981175727233246 | 1 | -0.5
1.8894541624495915 | 1 | -0.5
2.2387509331845314 | 1 | -0.5
3.14084413538091 | 1 | -0.5
5.083374443994716 | 1 | -0.5
8.661929394224222 | 1 | -0.5
8.606730717730704 | 1 | -0.5
4.600128562751703 | 1 | -0.5
2.7398408300365547 | 1 | -0.5
1.903661074921469 | 1 | -0.5
1.4722425313467806 | 1 | -0.5
1.3478315216402212 | 1 | -0.5
1.2200407565124445 | 1 | -0.5
1.1853491830913558 | 1 | -0.5
1.1843514809193962 | 1 | -0.5
1.2303663389471537 | 1 | -0.5
1.3598160269741202 | 1 | -0.5
1.5884815710713884 | 1 | -0.5
2.0059894767943938 | 1 | -0.5
2.7696569292819238 | 1 | -0.5
2.5768734694388695 | 1 | -0.5
2.482109939101301 | 1 | -0.5
2.523726793661277 | 1 | -0.5
2.631074493975646 | 1 | -0.5
2.929846757535188 | 1 | -0.5
3.3808949712563354 | 1 | -0.5
4.406660034496059 | 1 | -0.5
5.923054863349832 | 1 | -0.5
10.312346335624671 | 1 | -0.5
9.909806532266726 | 1 | -0.5
1.583647476481291 | 1 | -0.5
1.564695215930528 | 1 | -0.5
1.6862749122384781 | 1 | -0.5
1.9547227952978794 | 1 | -0.5
2.3888669080005673 | 1 | -0.5
3.2903900348108763 | 1 | -0.5
5.377968725913808 | 1 | -0.5
8.584057163501084 | 1 | -0.5
8.541777509688977 | 1 | -0.5
4.285058438436962 | 1 | -0.5
2.5051609702856723 | 1 | -0.5
1.811566306942135 | 1 | -0.5
1.4630042905445186 | 1 | -0.5
1.2427900432462444 | 1 | -0.5
1.1966931767719144 | 1 | -0.5
1.1403507996189348 | 1 | -0.5
1.1713421009986316 | 1 | -0.5
1.2678237362579612 | 1 | -0.5
1.4576738768571122 | 1 | -0.5
1.7921657171854657 | 1 | -0.5
2.5399274444709206 | 1 | -0.5
2.747977465950328 | 1 | -0.5
2.6511184972030555 | 1 | -0.5
2.667055225286163 | 1 | -0.5
2.7925511200280133 | 1 | -0.5
3.0994988027447516 | 1 | -0.5
3.6294882347410877 | 1 | -0.5
4.29007067121109 | 1 | -0.5
5.983664458507526 | 1 | -0.5
10.276714184872153 | 1 | -0.5
9.986474597365545 | 1 | -0.5
1.4526989807598987 | 1 | -0.5
1.5734865583399218 | 1 | -0.5
1.744980772840682 | 1 | -0.5
2.0542269395203747 | 1 | -0.5
2.6210901925844925 | 1 | -0.5
3.99722161318456 | 1 | -0.5
8.715534748381637 | 1 | -0.5
8.478266229034611 | 1 | -0.5
5.317004868660988 | 1 | -0.5
2.952710192238992 | 1 | -0.5
2.0989396134724654 | 1 | -0.5
1.6383383896493404 | 1 | -0.5
1.4035340787897568 | 1 | -0.5
1.2444022986955274 | 1 | -0.5
1.225925183295359 | 1 | -0.5
1.2075827533584156 | 1 | -0.5
1.2964506237054725 | 1 | -0.5
1.411256166720313 | 1 | -0.5
1.708043258567335 | 1 | -0.5
2.1671836087496943 | 1 | -0.5
2.9337902356015375 | 1 | -0.5
2.67568107582883 | 1 | -0.5
2.5931821846767495 | 1 | -0.5
2.6464558811227397 | 1 | -0.5
2.8038021993389197 | 1 | -0.5
3.0775484582369614 | 1 | -0.5
3.6503489071696573 | 1 | -0.5
4.7320531150714515 | 1 | -0.5
10.602334064565696 | 1 | -0.5
10.057437967237503 | 1 | -0.5
9.863939454763145 | 1 | -0.5
1.3910353929854649 | 1 | -0.5
1.4833454264719304 | 1 | -0.5
1.64968770273045 | 1 | -0.5
1.9265418647671722 | 1 | -0.5
2.3819884892865884 | 1 | -0.5
3.595014618248508 | 1 | -0.5
8.864025002108239 | 1 | -0.5
8.598514410849576 | 1 | -0.5
8.66551614758685 | 1 | -0.5
4.040257244464798 | 1 | -0.5
2.6641388522820577 | 1 | -0.5
1.9455244745909719 | 1 | -0.5
1.6561263010835479 | 1 | -0.5
1.434624982964737 | 1 | -0.5
1.2726559277569494 | 1 | -0.5
1.2756479853289588 | 1 | -0.5
1.2787409270878696 | 1 | -0.5
1.4196769190475238 | 1 | -0.5
1.622810055737546 | 1 | -0.5
1.9248005198661857 | 1 | -0.5
2.628364939628991 | 1 | -0.5
2.613222325236988 | 1 | -0.5
2.524800469368729 | 1 | -0.5
2.460540909167979 | 1 | -0.5
2.54276668591618 | 1 | -0.5
2.743707186430871 | 1 | -0.5
3.1573547234348305 | 1 | -0.5
3.64486795980349 | 1 | -0.5
4.812189095545677 | 1 | -0.5
10.504361359406545 | 1 | -0.5
9.965581190134595 | 1 | -0.5
8.07636549116258 | 1 | -0.5
1.41456820087932 | 1 | -0.5
1.45724622385244 | 1 | -0.5
1.5878751493336734 | 1 | -0.5
1.8576976315955513 | 1 | -0.5
2.4295436145251434 | 1 | -0.5
3.667746307002529 | 1 | -0.5
8.743396833755723 | 1 | -0.5
8.589167100294416 | 1 | -0.5
7.141463357508069 | 1 | -0.5
3.6631032679839715 | 1 | -0.5
2.6470844367817623 | 1 | -0.5
1.9328632476942198 | 1 | -0.5
1.5523826694014147 | 1 | -0.5
1.4540981506440953 | 1 | -0.5
1.3135218204766796 | 1 | -0.5
1.2847714016825176 | 1 | -0.5
1.3003129625352232 | 1 | -0.5
1.4179012265343784 | 1 | -0.5
1.564790867614828 | 1 | -0.5
1.8708339295515002 | 1 | -0.5
2.529770813483427 | 1 | -0.5
2.7775957645126246 | 1 | -0.5
2.5686070290797884 | 1 | -0.5
2.527440895571209 | 1 | -0.5
2.5360332736052533 | 1 | -0.5
2.7188270329645903 | 1 | -0.5
3.0895581444642275 | 1 | -0.5
3.586751650571362 | 1 | -0.5
4.6497803274860825 | 1 | -0.5
6.996528965891659 | 1 | -0.5
10.000499687789333 | 1 | -0.5
9.797286222662505 | 1 | -0.5
2.516647810982896 | 1 | -0.5
1.3613363371456149 | 1 | -0.5
1.4971400080630688 | 1 | -0.5
1.716903325614303 | 1 | -0.5
2.202062695634437 | 1 | -0.5
3.082834714484233 | 1 | -0.5
5.0419008001735595 | 1 | -0.5
8.720092695880659 | 1 | -0.5
8.696106483304787 | 1 | -0.5
4.749542531680935 | 1 | -0.5
2.7243562075634378 | 1 | -0.5
2.0894346125547503 | 1 | -0.5
1.7004058915225544 | 1 | -0.5
1.5294084693768362 | 1 | -0.5
1.3668664744525343 | 1 | -0.5
1.2903955147997197 | 1 | -0.5
1.2988013490026946 | 1 | -0.5
1.4187915049827053 | 1 | -0.5
1.61763282867558 | 1 | -0.5
1.9449289640790899 | 1 | -0.5
2.4196233029180907 | 1 | -0.5
2.6412413960240566 | 1 | -0.5
2.5100726475564863 | 1 | -0.5
2.4402747973515773 | 1 | -0.5
2.524353442919837 | 1 | -0.5
2.663976291373407 | 1 | -0.5
2.9822262337489 | 1 | -0.5
3.6520500718985685 | 1 | -0.5
4.990790817670144 | 1 | -0.5
10.35819243055533 | 1 | -0.5
9.853247917950096 | 1 | -0.5
3.422436060401776 | 1 | -0.5
1.3749408270500998 | 1 | -0.5
1.4624395213387626 | 1 | -0.5
1.652658015470086 | 1 | -0.5
1.90630411214524 | 1 | -0.5
2.2839055203784824 | 1 | -0.5
2.9953729532671334 | 1 | -0.5
4.711566134576289 | 1 | -0.5
8.591992320728849 | 1 | -0.5
8.66654500985584 | 1 | -0.5
4.38837320669103 | 1 | -0.5
2.816227384521238 | 1 | -0.5
2.120978980160188 | 1 | -0.5
1.7238187511076208 | 1 | -0.5
1.4891241334834604 | 1 | -0.5
1.363898332435258 | 1 | -0.5
1.3375315225569226 | 1 | -0.5
1.2897444114756325 | 1 | -0.5
1.3564326628969463 | 1 | -0.5
1.4931536344208731 | 1 | -0.5
1.7401587661747833 | 1 | -0.5
2.1254951101634694 | 1 | -0.5
2.905499433887082 | 1 | -0.5
2.6307404954137916 | 1 | -0.5
2.5285563151350976 | 1 | -0.5
2.573894422848507 | 1 | -0.5
2.758366601634445 | 1 | -0.5
3.1343294857210036 | 1 | -0.5
3.710375417643162 | 1 | -0.5
4.939745982936644 | 1 | -0.5
6.975760591012921 | 1 | -0.5
10.021270827950927 | 1 | -0.5
8.10307938929518 | 1 | -0.5
1.3791965189339823 | 1 | -0.5
1.528646195551996 | 1 | -0.5
1.6971806099625926 | 1 | -0.5
2.096273729150682 | 1 | -0.5
2.7191833860226287 | 1 | -0.5
4.1153437954471235 | 1 | -0.5
8.747259750715399 | 1 | -0.5
8.717357096318702 | 1 | -0.5
5.57097951990848 | 1 | -0.5
3.3571294570654415 | 1 | -0.5
2.3560852474741476 | 1 | -0.5
1.8179574839604489 | 1 | -0.5
1.5476144071605435 | 1 | -0.5
1.4205724261895065 | 1 | -0.5
1.3367891081379157 | 1 | -0.5
1.3410065653210965 | 1 | -0.5
1.368090701300315 | 1 | -0.5
1.5224477341656852 | 1 | -0.5
1.8143827688064307 | 1 | -0.5
2.511471295678832 | 1 | -0.5
2.587355035388647 | 1 | -0.5
2.459227020225209 | 1 | -0.5
2.4115608097534014 | 1 | -0.5
2.45637044434271 | 1 | -0.5
2.596802893662987 | 1 | -0.5
2.909241425674899 | 1 | -0.5
3.733922335119512 | 1 | -0.5
4.996302630779047 | 1 | -0.5
10.304857113840335 | 1 | -0.5
9.792870397236154 | 1 | -0.5
3.323514954185599 | 1 | -0.5
1.2798870107284683 | 1 | -0.5
1.4447923980395754 | 1 | -0.5
1.6801072816648535 | 1 | -0.5
2.2061203416608617 | 1 | -0.5
3.3730322430045283 | 1 | -0.5
8.966357070039598 | 1 | -0.5
8.738938671042552 | 1 | -0.5
7.80857995921703 | 1 | -0.5
3.97817517191246 | 1 | -0.5
2.608040318560205 | 1 | -0.5
2.0643102833337297 | 1 | -0.5
1.7153437155571025 | 1 | -0.5
1.5815907633669137 | 1 | -0.5
1.4745053069807796 | 1 | -0.5
1.4659690843176119 | 1 | -0.5
1.4982473105494285 | 1 | -0.5
1.6339561627803132 | 1 | -0.5
1.8873492863137078 | 1 | -0.5
2.4577128871125984 | 1 | -0.5
2.664475124019606 | 1 | -0.5
2.447977975598972 | 1 | -0.5
2.393781740512777 | 1 | -0.5
2.422004772727891 | 1 | -0.5
2.5868261930943928 | 1 | -0.5
2.819736668387973 | 1 | -0.5
3.3472609126429016 | 1 | -0.5
4.386544327579046 | 1 | -0.5
6.701458753966227 | 1 | -0.5
9.99082176518079 | 1 | -0.5
9.781456402197657 | 1 | -0.5
2.125242306301216 | 1 | -0.5
1.4480690337659263 | 1 | -0.5
1.5890668325595436 | 1 | -0.5
1.9160510262496253 | 1 | -0.5
2.558096813038926 | 1 | -0.5
3.6976838888504564 | 1 | -0.5
8.999218180842837 | 1 | -0.5
8.735161355087415 | 1 | -0.5
8.20905758271495 | 1 | -0.5
4.197091970751569 | 1 | -0.5
2.5526111736641286 | 1 | -0.5
1.9957948672359505 | 1 | -0.5
1.5914530956430701 | 1 | -0.5
1.392295117276468 | 1 | -0.5
1.3270347022618192 | 1 | -0.5
1.2613801022231983 | 1 | -0.5
1.2927218545470895 | 1 | -0.5
1.3629447738608398 | 1 | -0.5
1.537619724610433 | 1 | -0.5
1.7775028283460155 | 1 | -0.5
2.347663698487593 | 1 | -0.5
2.633607598111165 | 1 | -0.5
2.462328891198203 | 1 | -0.5
2.3636014146993083 | 1 | -0.5
2.4186698742795834 | 1 | -0.5
2.596586786480453 | 1 | -0.5
2.9861445503517663 | 1 | -0.5
3.3194389061258325 | 1 | -0.5
4.136129259957517 | 1 | -0.5
6.253189309240891 | 1 | -0.5
9.991812914425804 | 1 | -0.5
9.838097730326092 | 1 | -0.5
1.4742726598587828 | 1 | -0.5
1.4090857588708656 | 1 | -0.5
1.6065949869786007 | 1 | -0.5
1.8933218246957628 | 1 | -0.5
2.509493563021909 | 1 | -0.5
3.741907446886503 | 1 | -0.5
8.870813148751058 | 1 | -0.5
8.634963849772516 | 1 | -0.5
6.886964141099436 | 1 | -0.5
3.5056060672788467 | 1 | -0.5
2.3999322940455126 | 1 | -0.5
1.8406496175111349 | 1 | -0.5
1.5395991231398454 | 1 | -0.5
1.3160734831617331 | 1 | -0.5
1.204137674045813 | 1 | -0.5
1.2111530999051143 | 1 | -0.5
1.2176936145794215 | 1 | -0.5
1.3175849984185277 | 1 | -0.5
1.5191063760473469 | 1 | -0.5
1.827989175140821 | 1 | -0.5
2.374303498192238 | 1 | -0.5
2.5743711332923125 | 1 | -0.5
2.382886066029473 | 1 | -0.5
2.3287194776473243 | 1 | -0.5
2.4219074546787085 | 1 | -0.5
2.5933603828244665 | 1 | -0.5
2.847297530864133 | 1 | -0.5
3.389731013359717 | 1 | -0.5
4.345888088216071 | 1 | -0.5
6.5087626974550155 | 1 | -0.5
10.061403441453706 | 1 | -0.5
9.881457925476667 | 1 | -0.5
2.483504720601725 | 1 | -0.5
1.4210632372806253 | 1 | -0.5
1.6248036942506108 | 1 | -0.5
1.8843191262525534 | 1 | -0.5
2.4468150879306756 | 1 | -0.5
3.599575181556594 | 1 | -0.5
8.748010269221387 | 1 | -0.5
8.672617087126211 | 1 | -0.5
6.95440199338611 | 1 | -0.5
4.117023883150875 | 1 | -0.5
2.793877740168799 | 1 | -0.5
2.015627405069581 | 1 | -0.5
1.6786116360071244 | 1 | -0.5
1.4678503779010055 | 1 | -0.5
1.379043235975337 | 1 | -0.5
1.2873774536968037 | 1 | -0.5
1.291269843772898 | 1 | -0.5
1.387282516686881 | 1 | -0.5
1.6426802684958215 | 1 | -0.5
1.9144299081218712 | 1 | -0.5
2.352225019262862 | 1 | -0.5
2.7180258580640366 | 1 | -0.5
2.55305115576111 | 1 | -0.5
2.4647004462738424 | 1 | -0.5
2.53054351673146 | 1 | -0.5
2.672150480377464 | 1 | -0.5
3.0558980002309104 | 1 | -0.5
3.45399448179764 | 1 | -0.5
4.302688655738519 | 1 | -0.5
6.600018000748482 | 1 | -0.5
10.091662418921212 | 1 | -0.5
6.717883423925839 | 1 | -0.5
1.5510043119700352 | 1 | -0.5
1.6234588852928238 | 1 | -0.5
1.813835901139723 | 1 | -0.5
2.2860902077178733 | 1 | -0.5
2.9270217528974047 | 1 | -0.5
4.538125061265571 | 1 | -0.5
8.782455087602898 | 1 | -0.5
8.722502732444685 | 1 | -0.5
4.923032931512442 | 1 | -0.5
2.928981381930334 | 1 | -0.5
2.0751115005434713 | 1 | -0.5
1.6964299355554358 | 1 | -0.5
1.453057940269234 | 1 | -0.5
1.2881000144115045 | 1 | -0.5
1.1890542171868308 | 1 | -0.5
1.1282433995782004 | 1 | -0.5
1.177380802618234 | 1 | -0.5
1.2804002257280165 | 1 | -0.5
1.4720037914597184 | 1 | -0.5
1.7992706711423154 | 1 | -0.5
2.417504968504345 | 1 | -0.5
2.557178814680523 | 1 | -0.5
2.4040945824213007 | 1 | -0.5
2.4376095598187204 | 1 | -0.5
2.4954075110144607 | 1 | -0.5
2.689819647527204 | 1 | -0.5
3.0558632103999464 | 1 | -0.5
3.728794953519085 | 1 | -0.5
5.151373559594169 | 1 | -0.5
10.434444498321724 | 1 | -0.5
9.95274937112291 | 1 | -0.5
4.670507255368442 | 1 | -0.5
1.4719842100218024 | 1 | -0.5
1.576384286951991 | 1 | -0.5
1.8911774014707359 | 1 | -0.5
2.439210960874371 | 1 | -0.5
3.383302277499474 | 1 | -0.5
8.963559928463674 | 1 | -0.5
8.669888949620816 | 1 | -0.5
8.774056831331347 | 1 | -0.5
3.7788115738807764 | 1 | -0.5
2.3324682074239345 | 1 | -0.5
1.7016281682808456 | 1 | -0.5
1.4199019276392504 | 1 | -0.5
1.2351471023181257 | 1 | -0.5
1.1733315437754943 | 1 | -0.5
1.152106612962107 | 1 | -0.5
1.2230433435355732 | 1 | -0.5
1.289277768988219 | 1 | -0.5
1.491903639737353 | 1 | -0.5
1.8973554454990196 | 1 | -0.5
2.7311164251131306 | 1 | -0.5
2.571314073106047 | 1 | -0.5
2.486189894517776 | 1 | -0.5
2.445987423081497 | 1 | -0.5
2.5792720007918097 | 1 | -0.5
2.8624541684557148 | 1 | -0.5
3.280980815122054 | 1 | -0.5
3.9705601212776336 | 1 | -0.5
5.412148501235765 | 1 | -0.5
10.342296819616628 | 1 | -0.5
9.904785283193124 | 1 | -0.5
4.1249315564540545 | 1 | -0.5
1.4094626852409133 | 1 | -0.5
1.542592454025639 | 1 | -0.5
1.8036229284991707 | 1 | -0.5
2.260710968667066 | 1 | -0.5
3.2701617048971126 | 1 | -0.5
8.886152714126782 | 1 | -0.5
8.603534949216726 | 1 | -0.5
8.70995495606266 | 1 | -0.5
4.086703811888947 | 1 | -0.5
2.6167281263894373 | 1 | -0.5
2.0553732653357843 | 1 | -0.5
1.7602847825715335 | 1 | -0.5
1.5415352415306942 | 1 | -0.5
1.3995426067707053 | 1 | -0.5
1.3355193438622304 | 1 | -0.5
1.3662043457510575 | 1 | -0.5
1.4279569669508938 | 1 | -0.5
1.598912400344411 | 1 | -0.5
1.7888216188876138 | 1 | -0.5
2.308082740086121 | 1 | -0.5
2.8226575039080273 | 1 | -0.5
2.610504875403618 | 1 | -0.5
2.5372464221863433 | 1 | -0.5
2.570839989031008 | 1 | -0.5
2.6876239650813574 | 1 | -0.5
2.909932349025218 | 1 | -0.5
3.306198290960249 | 1 | -0.5
4.255495578305876 | 1 | -0.5
6.265967763225523 | 1 | -0.5
10.02411002178104 | 1 | -0.5
9.734371621805396 | 1 | -0.5
1.4705368938124208 | 1 | -0.5
1.3248808406600634 | 1 | -0.5
1.4567335860476787 | 1 | -0.5
1.7941862256185537 | 1 | -0.5
2.3741898003926405 | 1 | -0.5
3.534605559172405 | 1 | -0.5
8.670601978273561 | 1 | -0.5
8.62562110385632 | 1 | -0.5
7.065724715312154 | 1 | -0.5
3.8776905494013323 | 1 | -0.5
2.580023395420286 | 1 | -0.5
1.9832053732461281 | 1 | -0.5
1.6651704204571462 | 1 | -0.5
1.5224079054547166 | 1 | -0.5
1.3878564814790717 | 1 | -0.5
1.3532288745906829 | 1 | -0.5
1.3719504256387345 | 1 | -0.5
1.4539273471814675 | 1 | -0.5
1.6071875213845521 | 1 | -0.5
1.920450465861349 | 1 | -0.5
2.4218962138577824 | 1 | -0.5
2.811494463816227 | 1 | -0.5
2.647663890420828 | 1 | -0.5
2.5355033959948923 | 1 | -0.5
2.55035785571643 | 1 | -0.5
2.706017358058166 | 1 | -0.5
2.9101683944848085 | 1 | -0.5
3.3685602441387528 | 1 | -0.5
4.263195354912851 | 1 | -0.5
5.848441347218547 | 1 | -0.5
10.0354053779996 | 1 | -0.5
9.698818664033329 | 1 | -0.5
2.607034894925767 | 1 | -0.5
1.2124549520124248 | 1 | -0.5
1.393424998774179 | 1 | -0.5
1.6334607515360589 | 1 | -0.5
1.9772910629140095 | 1 | -0.5
2.645210549936807 | 1 | -0.5
4.838117437362987 | 1 | -0.5
8.652263610953613 | 1 | -0.5
8.656370997768214 | 1 | -0.5
5.674860014317742 | 1 | -0.5
3.1313551765937073 | 1 | -0.5
2.389181875338877 | 1 | -0.5
1.9310530285786993 | 1 | -0.5
1.6602814818548108 | 1 | -0.5
1.520391951839864 | 1 | -0.5
1.4431061253624584 | 1 | -0.5
1.4408666832748454 | 1 | -0.5
1.4531704339229128 | 1 | -0.5
1.5799113459558511 | 1 | -0.5
1.7787064906798293 | 1 | -0.5
2.125679512560748 | 1 | -0.5
2.798876677104972 | 1 | -0.5
2.6429383640606656 | 1 | -0.5
2.5172361434974024 | 1 | -0.5
2.527317761037394 | 1 | -0.5
2.571651134297458 | 1 | -0.5
2.8560541985702317 | 1 | -0.5
3.2865195756429904 | 1 | -0.5
4.171049206973133 | 1 | -0.5
5.929583989144163 | 1 | -0.5
10.048696955770534 | 1 | -0.5
9.745760029613415 | 1 | -0.5
2.5814113074655585 | 1 | -0.5
1.2585379246803574 | 1 | -0.5
1.3579425584248028 | 1 | -0.5
1.5774202478711126 | 1 | -0.5
1.9140525293668778 | 1 | -0.5
2.5411367907077094 | 1 | -0.5
4.119768685410896 | 1 | -0.5
8.66919883319571 | 1 | -0.5
8.539233977396705 | 1 | -0.5
6.57342143413971 | 1 | -0.5
3.741213419656679 | 1 | -0.5
2.3802180208857924 | 1 | -0.5
1.9101900084270065 | 1 | -0.5
1.5253238574204286 | 1 | -0.5
1.42251101087407 | 1 | -0.5
1.318122614492288 | 1 | -0.5
1.3567010958529306 | 1 | -0.5
1.4043519749109672 | 1 | -0.5
1.5859423388716125 | 1 | -0.5
1.8128284463826112 | 1 | -0.5
2.226399942854318 | 1 | -0.5
2.875804743569147 | 1 | -0.5
2.6268086091433935 | 1 | -0.5
2.539516799429698 | 1 | -0.5
2.605868317360279 | 1 | -0.5
2.783890169240904 | 1 | -0.5
3.0631632989188717 | 1 | -0.5
3.590070817835412 | 1 | -0.5
4.390172593697248 | 1 | -0.5
6.358432901624637 | 1 | -0.5
10.024957988998471 | 1 | -0.5
9.810284548474643 | 1 | -0.5
1.3105035213460405 | 1 | -0.5
1.406050410711879 | 1 | -0.5
1.5424881317145116 | 1 | -0.5
1.8892347589852163 | 1 | -0.5
2.4762502471915986 | 1 | -0.5
3.4950177064645245 | 1 | -0.5
8.720181029125413 | 1 | -0.5
8.476901107428029 | 1 | -0.5
8.454859192502063 | 1 | -0.5
3.4687485502534376 | 1 | -0.5
2.306506978269704 | 1 | -0.5
1.7127908691269238 | 1 | -0.5
1.490206968287041 | 1 | -0.5
1.4080643401423998 | 1 | -0.5
1.2674296399949347 | 1 | -0.5
1.2556470928773023 | 1 | -0.5
1.338167698418907 | 1 | -0.5
1.4860276261776382 | 1 | -0.5
1.733593146830326 | 1 | -0.5
2.294235330738669 | 1 | -0.5
2.8381449176368565 | 1 | -0.5
2.656952860076456 | 1 | -0.5
2.582084450802152 | 1 | -0.5
2.609838249787309 | 1 | -0.5
2.774845090583937 | 1 | -0.5
3.0407220993727053 | 1 | -0.5
3.7032163504294067 | 1 | -0.5
4.900252066954521 | 1 | -0.5
10.36187076776137 | 1 | -0.5
9.857365815840563 | 1 | -0.5
3.3095034065820284 | 1 | -0.5
1.3560177045498918 | 1 | -0.5
1.4164321759675493 | 1 | -0.5
1.6656745907945474 | 1 | -0.5
1.9498802393147323 | 1 | -0.5
2.664563300953309 | 1 | -0.5
3.8759943253663045 | 1 | -0.5
8.854389554767932 | 1 | -0.5
8.5687590856331 | 1 | -0.5
7.252589098092517 | 1 | -0.5
3.633213573152405 | 1 | -0.5
2.5812134025760014 | 1 | -0.5
1.9796408323182038 | 1 | -0.5
1.6493356535279053 | 1 | -0.5
1.4648125110182046 | 1 | -0.5
Total reward: -500.0
