0.7, -4.9, -0.3, -0.1, -1.2, 6.0, 0.5, -5.7, 1.2
parameter ends

state | action | reward
[-0.5] | 2 | -1.0
-0.5034703612327576 | 2 | -1.0
-0.5017657279968262 | 2 | -1.0
-0.4992246925830841 | 2 | -1.0
-0.4958662986755371 | 2 | -1.0
-0.491715669631958 | 2 | -1.0
-0.48680379986763 | 2 | -1.0
-0.4811673164367676 | 2 | -1.0
-0.474848210811615 | 2 | -1.0
-0.46789345145225525 | 2 | -1.0
-0.4603545367717743 | 2 | -1.0
-0.45228710770606995 | 2 | -1.0
-0.44375044107437134 | 2 | -1.0
-0.4348069131374359 | 2 | -1.0
-0.42552149295806885 | 2 | -1.0
-0.4159610867500305 | 2 | -1.0
-0.4061940014362335 | 2 | -1.0
-0.3962893784046173 | 2 | -1.0
-0.3863165080547333 | 2 | -1.0
-0.37634438276290894 | 2 | -1.0
-0.36644113063812256 | 2 | -1.0
-0.35667335987091064 | 2 | -1.0
-0.34710583090782166 | 2 | -1.0
-0.3378010392189026 | 2 | -1.0
-0.328818678855896 | 2 | -1.0
-0.3202154338359833 | 2 | -1.0
-0.3120446801185608 | 2 | -1.0
-0.304356187582016 | 2 | -1.0
-0.29719600081443787 | 2 | -1.0
-0.29060623049736023 | 2 | -1.0
-0.2846250832080841 | 2 | -1.0
-0.27928656339645386 | 2 | -1.0
-0.2746207118034363 | 2 | -1.0
-0.2706533372402191 | 2 | -1.0
-0.2674061357975006 | 2 | -1.0
-0.2648967504501343 | 2 | -1.0
-0.26313862204551697 | 2 | -1.0
-0.2621411085128784 | 2 | -1.0
-0.2619095742702484 | 2 | -1.0
-0.26244524121284485 | 2 | -1.0
-0.2637452185153961 | 2 | -1.0
-0.26580262184143066 | 2 | -1.0
-0.2686064541339874 | 2 | -1.0
-0.27214157581329346 | 2 | -1.0
-0.2763887643814087 | 2 | -1.0
-0.28132468461990356 | 2 | -1.0
-0.2869218587875366 | 2 | -1.0
-0.2931486666202545 | 2 | -1.0
-0.2999694049358368 | 2 | -1.0
-0.30734437704086304 | 2 | -1.0
-0.3152298331260681 | 2 | -1.0
-0.32357823848724365 | 2 | -1.0
-0.3323383927345276 | 2 | -1.0
-0.3414555788040161 | 2 | -1.0
-0.35087186098098755 | 2 | -1.0
-0.3605264127254486 | 2 | -1.0
-0.3703557848930359 | 2 | -1.0
-0.38029441237449646 | 2 | -1.0
-0.3902750313282013 | 2 | -1.0
-0.4002291262149811 | 2 | -1.0
-0.410087525844574 | 2 | -1.0
-0.4197808802127838 | 2 | -1.0
-0.429240345954895 | 2 | -1.0
-0.4383980929851532 | 2 | -1.0
-0.4471879005432129 | 2 | -1.0
-0.4555458128452301 | 2 | -1.0
-0.46341055631637573 | 2 | -1.0
-0.4707242548465729 | 2 | -1.0
-0.47743287682533264 | 2 | -1.0
-0.4834866225719452 | 2 | -1.0
-0.4888404905796051 | 2 | -1.0
-0.49345454573631287 | 2 | -1.0
-0.49729442596435547 | 2 | -1.0
-0.5003313422203064 | 2 | -1.0
-0.5025426149368286 | 2 | -1.0
-0.5039117336273193 | 2 | -1.0
-0.5044284462928772 | 2 | -1.0
-0.504088819026947 | 2 | -1.0
-0.5028954148292542 | 2 | -1.0
-0.5008572340011597 | 2 | -1.0
-0.4979894459247589 | 2 | -1.0
-0.4943135380744934 | 2 | -1.0
-0.4898569881916046 | 2 | -1.0
-0.4846530854701996 | 2 | -1.0
-0.4787406027317047 | 2 | -1.0
-0.4721635580062866 | 2 | -1.0
-0.46497073769569397 | 2 | -1.0
-0.4572153389453888 | 2 | -1.0
-0.4489545524120331 | 2 | -1.0
-0.44024893641471863 | 2 | -1.0
-0.43116194009780884 | 2 | -1.0
-0.42175939679145813 | 2 | -1.0
-0.41210877895355225 | 2 | -1.0
-0.402278870344162 | 2 | -1.0
-0.3923388719558716 | 2 | -1.0
-0.3823581039905548 | 2 | -1.0
-0.37240520119667053 | 2 | -1.0
-0.36254778504371643 | 2 | -1.0
-0.3528518080711365 | 2 | -1.0
-0.3433811366558075 | 2 | -1.0
-0.3341972231864929 | 2 | -1.0
-0.3253585994243622 | 2 | -1.0
-0.316920667886734 | 2 | -1.0
-0.30893540382385254 | 2 | -1.0
-0.3014511168003082 | 2 | -1.0
-0.2945123016834259 | 2 | -1.0
-0.2881595492362976 | 2 | -1.0
-0.28242939710617065 | 2 | -1.0
-0.27735430002212524 | 2 | -1.0
-0.2729625403881073 | 2 | -1.0
-0.2692784070968628 | 2 | -1.0
-0.26632189750671387 | 2 | -1.0
-0.2641090452671051 | 2 | -1.0
-0.262651652097702 | 2 | -1.0
-0.2619574964046478 | 2 | -1.0
-0.2620302736759186 | 2 | -1.0
-0.26286959648132324 | 2 | -1.0
-0.26447099447250366 | 2 | -1.0
-0.26682594418525696 | 2 | -1.0
-0.26992180943489075 | 2 | -1.0
-0.27374181151390076 | 2 | -1.0
-0.2782651484012604 | 2 | -1.0
-0.28346681594848633 | 2 | -1.0
-0.28931766748428345 | 2 | -1.0
-0.29578453302383423 | 2 | -1.0
-0.3028300106525421 | 2 | -1.0
-0.3104128837585449 | 2 | -1.0
-0.31848782300949097 | 2 | -1.0
-0.3270058333873749 | 2 | -1.0
-0.3359143137931824 | 2 | -1.0
-0.3451572060585022 | 2 | -1.0
-0.35467541217803955 | 2 | -1.0
-0.3644070029258728 | 2 | -1.0
-0.3742876350879669 | 2 | -1.0
-0.38425105810165405 | 2 | -1.0
-0.3942294120788574 | 2 | -1.0
-0.40415385365486145 | 2 | -1.0
-0.41395506262779236 | 2 | -1.0
-0.4235638678073883 | 2 | -1.0
-0.4329117238521576 | 2 | -1.0
-0.4419313967227936 | 2 | -1.0
-0.4505574405193329 | 2 | -1.0
-0.4587269127368927 | 2 | -1.0
-0.46637988090515137 | 2 | -1.0
-0.4734598696231842 | 2 | -1.0
-0.47991448640823364 | 2 | -1.0
-0.48569580912590027 | 2 | -1.0
-0.49076077342033386 | 2 | -1.0
-0.4950716495513916 | 2 | -1.0
-0.49859619140625 | 2 | -1.0
-0.5013080835342407 | 2 | -1.0
-0.5031870603561401 | 2 | -1.0
-0.5042189955711365 | 2 | -1.0
-0.5043962001800537 | 2 | -1.0
-0.5037173628807068 | 2 | -1.0
-0.5021875500679016 | 2 | -1.0
-0.49981817603111267 | 2 | -1.0
-0.4966270327568054 | 2 | -1.0
-0.49263796210289 | 2 | -1.0
-0.48788073658943176 | 2 | -1.0
-0.4823909103870392 | 2 | -1.0
-0.4762093424797058 | 2 | -1.0
-0.46938198804855347 | 2 | -1.0
-0.46195951104164124 | 2 | -1.0
-0.4539966583251953 | 2 | -1.0
-0.4455520510673523 | 2 | -1.0
-0.4366874694824219 | 2 | -1.0
-0.42746734619140625 | 2 | -1.0
-0.41795825958251953 | 2 | -1.0
-0.4082282781600952 | 2 | -1.0
-0.3983464241027832 | 2 | -1.0
-0.3883819878101349 | 2 | -1.0
-0.3784041106700897 | 2 | -1.0
-0.3684810698032379 | 2 | -1.0
-0.358679860830307 | 2 | -1.0
-0.34906572103500366 | 2 | -1.0
-0.3397015631198883 | 2 | -1.0
-0.330647736787796 | 2 | -1.0
-0.32196158170700073 | 2 | -1.0
-0.31369712948799133 | 2 | -1.0
-0.30590495467185974 | 2 | -1.0
-0.298631876707077 | 2 | -1.0
-0.29192084074020386 | 2 | -1.0
-0.2858108580112457 | 2 | -1.0
-0.28033679723739624 | 2 | -1.0
-0.27552950382232666 | 2 | -1.0
-0.27141571044921875 | 2 | -1.0
-0.2680179476737976 | 2 | -1.0
-0.2653546631336212 | 2 | -1.0
-0.26344019174575806 | 2 | -1.0
-0.2622847557067871 | 2 | -1.0
-0.2618945240974426 | 2 | -1.0
-0.26227155327796936 | 2 | -1.0
-0.26341384649276733 | 2 | -1.0
-0.26531532406806946 | 2 | -1.0
-0.26796582341194153 | 2 | -1.0
-0.27135106921195984 | 2 | -1.0
-0.27545273303985596 | 2 | -1.0
-0.2802482843399048 | 2 | -1.0
-0.2857110798358917 | 2 | -1.0
[-0.42] | 2 | -1.0
-0.42436325550079346 | 2 | -1.0
-0.42382797598838806 | 2 | -1.0
-0.4230298399925232 | 2 | -1.0
-0.4219745993614197 | 2 | -1.0
-0.4206697940826416 | 2 | -1.0
-0.4191247224807739 | 2 | -1.0
-0.4173504412174225 | 2 | -1.0
-0.41535961627960205 | 2 | -1.0
-0.4131663739681244 | 2 | -1.0
-0.41078633069992065 | 2 | -1.0
-0.4082362949848175 | 2 | -1.0
-0.4055343270301819 | 2 | -1.0
-0.40269944071769714 | 2 | -1.0
-0.39975154399871826 | 2 | -1.0
-0.3967112600803375 | 2 | -1.0
-0.39359983801841736 | 2 | -1.0
-0.39043888449668884 | 2 | -1.0
-0.38725027441978455 | 2 | -1.0
-0.3840560019016266 | 2 | -1.0
-0.3808779716491699 | 2 | -1.0
-0.37773796916007996 | 2 | -1.0
-0.3746573328971863 | 2 | -1.0
-0.37165695428848267 | 2 | -1.0
-0.36875709891319275 | 2 | -1.0
-0.3659772276878357 | 2 | -1.0
-0.3633359670639038 | 2 | -1.0
-0.36085087060928345 | 2 | -1.0
-0.3585384786128998 | 2 | -1.0
-0.3564140796661377 | 2 | -1.0
-0.354491651058197 | 2 | -1.0
-0.35278379917144775 | 2 | -1.0
-0.35130172967910767 | 2 | -1.0
-0.35005509853363037 | 2 | -1.0
-0.3490520417690277 | 2 | -1.0
-0.3482990860939026 | 2 | -1.0
-0.3478010892868042 | 2 | -1.0
-0.3475613296031952 | 2 | -1.0
-0.34758129715919495 | 2 | -1.0
-0.3478609025478363 | 2 | -1.0
-0.3483983278274536 | 2 | -1.0
-0.3491900861263275 | 2 | -1.0
-0.3502310514450073 | 2 | -1.0
-0.35151442885398865 | 2 | -1.0
-0.35303187370300293 | 2 | -1.0
-0.35477346181869507 | 2 | -1.0
-0.35672780871391296 | 2 | -1.0
-0.35888203978538513 | 2 | -1.0
-0.3612219989299774 | 2 | -1.0
-0.3637321889400482 | 2 | -1.0
-0.3663959503173828 | 2 | -1.0
-0.36919549107551575 | 2 | -1.0
-0.37211209535598755 | 2 | -1.0
-0.3751261234283447 | 2 | -1.0
-0.37821725010871887 | 2 | -1.0
-0.38136452436447144 | 2 | -1.0
-0.3845464587211609 | 2 | -1.0
-0.3877412974834442 | 2 | -1.0
-0.3909270763397217 | 2 | -1.0
-0.39408183097839355 | 2 | -1.0
-0.39718371629714966 | 2 | -1.0
-0.4002111554145813 | 2 | -1.0
-0.4031430184841156 | 2 | -1.0
-0.40595874190330505 | 2 | -1.0
-0.408638596534729 | 2 | -1.0
-0.4111636281013489 | 2 | -1.0
-0.4135160446166992 | 2 | -1.0
-0.41567912697792053 | 2 | -1.0
-0.41763758659362793 | 2 | -1.0
-0.4193774163722992 | 2 | -1.0
-0.42088621854782104 | 2 | -1.0
-0.4221532344818115 | 2 | -1.0
-0.42316940426826477 | 2 | -1.0
-0.4239274561405182 | 2 | -1.0
-0.4244219660758972 | 2 | -1.0
-0.42464935779571533 | 2 | -1.0
-0.4246080219745636 | 2 | -1.0
-0.4242982566356659 | 2 | -1.0
-0.4237222671508789 | 2 | -1.0
-0.4228842258453369 | 2 | -1.0
-0.42179006338119507 | 2 | -1.0
-0.4204476773738861 | 2 | -1.0
-0.4188666045665741 | 2 | -1.0
-0.41705819964408875 | 2 | -1.0
-0.41503527760505676 | 2 | -1.0
-0.4128122925758362 | 2 | -1.0
-0.4104049801826477 | 2 | -1.0
-0.4078304171562195 | 2 | -1.0
-0.4051067531108856 | 2 | -1.0
-0.4022531807422638 | 2 | -1.0
-0.39928972721099854 | 2 | -1.0
-0.3962371349334717 | 2 | -1.0
-0.39311668276786804 | 2 | -1.0
-0.3899500370025635 | 2 | -1.0
-0.38675910234451294 | 2 | -1.0
-0.38356590270996094 | 2 | -1.0
-0.3803923428058624 | 2 | -1.0
-0.37726008892059326 | 2 | -1.0
-0.37419041991233826 | 2 | -1.0
-0.3712041974067688 | 2 | -1.0
-0.3683215379714966 | 2 | -1.0
-0.3655617833137512 | 2 | -1.0
-0.3629434108734131 | 2 | -1.0
-0.3604838252067566 | 2 | -1.0
-0.3581993579864502 | 2 | -1.0
-0.35610511898994446 | 2 | -1.0
-0.3542148768901825 | 2 | -1.0
-0.3525410592556 | 2 | -1.0
-0.3510945737361908 | 2 | -1.0
-0.34988489747047424 | 2 | -1.0
-0.34891989827156067 | 2 | -1.0
-0.3482058644294739 | 2 | -1.0
-0.3477473855018616 | 2 | -1.0
-0.3475474715232849 | 2 | -1.0
-0.34760740399360657 | 2 | -1.0
-0.3479268252849579 | 2 | -1.0
-0.34850358963012695 | 2 | -1.0
-0.3493340313434601 | 2 | -1.0
-0.3504127264022827 | 2 | -1.0
-0.35173267126083374 | 2 | -1.0
-0.3532852530479431 | 2 | -1.0
-0.35506030917167664 | 2 | -1.0
-0.3570462465286255 | 2 | -1.0
-0.35923001170158386 | 2 | -1.0
-0.3615971505641937 | 2 | -1.0
-0.3641320765018463 | 2 | -1.0
-0.3668178617954254 | 2 | -1.0
-0.3696366548538208 | 2 | -1.0
-0.3725695312023163 | 2 | -1.0
-0.3755967617034912 | 2 | -1.0
-0.37869787216186523 | 2 | -1.0
-0.3818518817424774 | 2 | -1.0
-0.38503721356391907 | 2 | -1.0
-0.3882320821285248 | 2 | -1.0
-0.3914145529270172 | 2 | -1.0
-0.39456260204315186 | 2 | -1.0
-0.3976544439792633 | 2 | -1.0
-0.40066853165626526 | 2 | -1.0
-0.4035838544368744 | 2 | -1.0
-0.40637996792793274 | 2 | -1.0
-0.40903720259666443 | 2 | -1.0
-0.4115368723869324 | 2 | -1.0
-0.4138612151145935 | 2 | -1.0
-0.4159938395023346 | 2 | -1.0
-0.4179195463657379 | 2 | -1.0
-0.4196246266365051 | 2 | -1.0
-0.42109692096710205 | 2 | -1.0
-0.4223259389400482 | 2 | -1.0
-0.42330288887023926 | 2 | -1.0
-0.4240207374095917 | 2 | -1.0
-0.4244743585586548 | 2 | -1.0
-0.42466050386428833 | 2 | -1.0
-0.42457783222198486 | 2 | -1.0
-0.4242269694805145 | 2 | -1.0
-0.4236103892326355 | 2 | -1.0
-0.42273253202438354 | 2 | -1.0
-0.4215996563434601 | 2 | -1.0
-0.42021992802619934 | 2 | -1.0
-0.41860315203666687 | 2 | -1.0
-0.4167608618736267 | 2 | -1.0
-0.4147062599658966 | 2 | -1.0
-0.41245386004447937 | 2 | -1.0
-0.4100196957588196 | 2 | -1.0
-0.4074209928512573 | 2 | -1.0
-0.4046761095523834 | 2 | -1.0
-0.4018042981624603 | 2 | -1.0
-0.3988257944583893 | 2 | -1.0
-0.3957613706588745 | 2 | -1.0
-0.392632395029068 | 2 | -1.0
-0.38946059346199036 | 2 | -1.0
-0.38626790046691895 | 2 | -1.0
-0.3830763101577759 | 2 | -1.0
-0.37990766763687134 | 2 | -1.0
-0.37678366899490356 | 2 | -1.0
-0.3737255036830902 | 2 | -1.0
-0.3707539141178131 | 2 | -1.0
-0.3678888976573944 | 2 | -1.0
-0.36514970660209656 | 2 | -1.0
-0.3625546097755432 | 2 | -1.0
-0.3601209223270416 | 2 | -1.0
-0.35786473751068115 | 2 | -1.0
-0.355800986289978 | 2 | -1.0
-0.35394322872161865 | 2 | -1.0
-0.352303683757782 | 2 | -1.0
-0.3508930206298828 | 2 | -1.0
-0.34972047805786133 | 2 | -1.0
-0.3487936854362488 | 2 | -1.0
-0.3481186628341675 | 2 | -1.0
-0.3476997911930084 | 2 | -1.0
-0.3475397825241089 | 2 | -1.0
-0.34763967990875244 | 2 | -1.0
-0.34799879789352417 | 2 | -1.0
-0.3486148715019226 | 2 | -1.0
-0.349483847618103 | 2 | -1.0
-0.35060012340545654 | 2 | -1.0
-0.35195642709732056 | 2 | -1.0
-0.35354387760162354 | 2 | -1.0
-0.35535216331481934 | 2 | -1.0
-0.35736939311027527 | 2 | -1.0
-0.3595822751522064 | 2 | -1.0
[-0.52] | 2 | -1.0
-0.5165550708770752 | 2 | -1.0
-0.5146535634994507 | 2 | -1.0
-0.5118191242218018 | 2 | -1.0
-0.5080730319023132 | 2 | -1.0
-0.5034433603286743 | 2 | -1.0
-0.4979647099971771 | 2 | -1.0
-0.4916781485080719 | 2 | -1.0
-0.48463064432144165 | 2 | -1.0
-0.4768747091293335 | 2 | -1.0
-0.4684680700302124 | 2 | -1.0
-0.45947304368019104 | 2 | -1.0
-0.4499559700489044 | 2 | -1.0
-0.4399867653846741 | 2 | -1.0
-0.4296380579471588 | 2 | -1.0
-0.4189848005771637 | 2 | -1.0
-0.4081033170223236 | 2 | -1.0
-0.3970707952976227 | 2 | -1.0
-0.38596463203430176 | 2 | -1.0
-0.3748616576194763 | 2 | -1.0
-0.3638375401496887 | 2 | -1.0
-0.3529662787914276 | 2 | -1.0
-0.3423196077346802 | 2 | -1.0
-0.33196648955345154 | 2 | -1.0
-0.3219727575778961 | 2 | -1.0
-0.3124006688594818 | 2 | -1.0
-0.3033086955547333 | 2 | -1.0
-0.29475122690200806 | 2 | -1.0
-0.28677842020988464 | 2 | -1.0
-0.2794360816478729 | 2 | -1.0
-0.27276554703712463 | 2 | -1.0
-0.26680368185043335 | 2 | -1.0
-0.2615828216075897 | 2 | -1.0
-0.257130891084671 | 2 | -1.0
-0.253471314907074 | 2 | -1.0
-0.2506231367588043 | 2 | -1.0
-0.24860095977783203 | 2 | -1.0
-0.24741515517234802 | 2 | -1.0
-0.24707172811031342 | 2 | -1.0
-0.2475724220275879 | 2 | -1.0
-0.2489147037267685 | 2 | -1.0
-0.25109174847602844 | 2 | -1.0
-0.25409242510795593 | 2 | -1.0
-0.25790125131607056 | 2 | -1.0
-0.2624984085559845 | 2 | -1.0
-0.2678596079349518 | 2 | -1.0
-0.27395614981651306 | 2 | -1.0
-0.28075483441352844 | 2 | -1.0
-0.2882179617881775 | 2 | -1.0
-0.29630333185195923 | 2 | -1.0
-0.3049643635749817 | 2 | -1.0
-0.3141500651836395 | 2 | -1.0
-0.3238053023815155 | 2 | -1.0
-0.33387085795402527 | 2 | -1.0
-0.344283789396286 | 2 | -1.0
-0.35497763752937317 | 2 | -1.0
-0.36588290333747864 | 2 | -1.0
-0.37692737579345703 | 2 | -1.0
-0.38803672790527344 | 2 | -1.0
-0.399135023355484 | 2 | -1.0
-0.41014525294303894 | 2 | -1.0
-0.4209900498390198 | 2 | -1.0
-0.43159228563308716 | 2 | -1.0
-0.4418758749961853 | 2 | -1.0
-0.4517662525177002 | 2 | -1.0
-0.46119120717048645 | 2 | -1.0
-0.47008150815963745 | 2 | -1.0
-0.47837144136428833 | 2 | -1.0
-0.48599955439567566 | 2 | -1.0
-0.4929090738296509 | 2 | -1.0
-0.4990484416484833 | 2 | -1.0
-0.5043717622756958 | 2 | -1.0
-0.5088391900062561 | 2 | -1.0
-0.5124173164367676 | 2 | -1.0
-0.5150792598724365 | 2 | -1.0
-0.5168050527572632 | 2 | -1.0
-0.5175818800926208 | 2 | -1.0
-0.517403781414032 | 2 | -1.0
-0.5162721276283264 | 2 | -1.0
-0.514195442199707 | 2 | -1.0
-0.5111892819404602 | 2 | -1.0
-0.507276177406311 | 2 | -1.0
-0.5024853944778442 | 2 | -1.0
-0.49685290455818176 | 2 | -1.0
-0.49042078852653503 | 2 | -1.0
-0.483237087726593 | 2 | -1.0
-0.4753553569316864 | 2 | -1.0
-0.4668341875076294 | 2 | -1.0
-0.45773670077323914 | 2 | -1.0
-0.4481299817562103 | 2 | -1.0
-0.4380844533443451 | 2 | -1.0
-0.42767325043678284 | 2 | -1.0
-0.4169716238975525 | 2 | -1.0
-0.40605610609054565 | 2 | -1.0
-0.3950040340423584 | 2 | -1.0
-0.38389265537261963 | 2 | -1.0
-0.3727986812591553 | 2 | -1.0
-0.3617975115776062 | 2 | -1.0
-0.35096272826194763 | 2 | -1.0
-0.3403656482696533 | 2 | -1.0
-0.33007460832595825 | 2 | -1.0
-0.3201548457145691 | 2 | -1.0
-0.3106679320335388 | 2 | -1.0
-0.3016715943813324 | 2 | -1.0
-0.2932194173336029 | 2 | -1.0
-0.28536081314086914 | 2 | -1.0
-0.278140664100647 | 2 | -1.0
-0.27159956097602844 | 2 | -1.0
-0.2657734751701355 | 2 | -1.0
-0.2606939971446991 | 2 | -1.0
-0.2563880980014801 | 2 | -1.0
-0.25287842750549316 | 2 | -1.0
-0.25018322467803955 | 2 | -1.0
-0.24831628799438477 | 2 | -1.0
-0.24728715419769287 | 2 | -1.0
-0.2471010684967041 | 2 | -1.0
-0.24775893986225128 | 2 | -1.0
-0.24925746023654938 | 2 | -1.0
-0.25158897042274475 | 2 | -1.0
-0.2547415792942047 | 2 | -1.0
-0.2586989998817444 | 2 | -1.0
-0.2634405195713043 | 2 | -1.0
-0.26894110441207886 | 2 | -1.0
-0.275171160697937 | 2 | -1.0
-0.2820966839790344 | 2 | -1.0
-0.2896791100502014 | 2 | -1.0
-0.29787546396255493 | 2 | -1.0
-0.30663827061653137 | 2 | -1.0
-0.3159157931804657 | 2 | -1.0
-0.3256521224975586 | 2 | -1.0
-0.335787296295166 | 2 | -1.0
-0.3462577164173126 | 2 | -1.0
-0.3569963276386261 | 2 | -1.0
-0.36793309450149536 | 2 | -1.0
-0.3789953589439392 | 2 | -1.0
-0.39010846614837646 | 2 | -1.0
-0.4011961817741394 | 2 | -1.0
-0.41218143701553345 | 2 | -1.0
-0.42298686504364014 | 2 | -1.0
-0.43353545665740967 | 2 | -1.0
-0.44375133514404297 | 2 | -1.0
-0.45356035232543945 | 2 | -1.0
-0.4628908038139343 | 2 | -1.0
-0.4716740846633911 | 2 | -1.0
-0.47984519600868225 | 2 | -1.0
-0.48734351992607117 | 2 | -1.0
-0.4941132366657257 | 2 | -1.0
-0.500103771686554 | 2 | -1.0
-0.5052704215049744 | 2 | -1.0
-0.5095744132995605 | 2 | -1.0
-0.5129836201667786 | 2 | -1.0
-0.5154723525047302 | 2 | -1.0
-0.5170220732688904 | 2 | -1.0
-0.5176210999488831 | 2 | -1.0
-0.5172650218009949 | 2 | -1.0
-0.5159563422203064 | 2 | -1.0
-0.5137050151824951 | 2 | -1.0
-0.5105279088020325 | 2 | -1.0
-0.5064488053321838 | 2 | -1.0
-0.5014982223510742 | 2 | -1.0
-0.49571332335472107 | 2 | -1.0
-0.48913729190826416 | 2 | -1.0
-0.4818192720413208 | 2 | -1.0
-0.4738137722015381 | 2 | -1.0
-0.46518027782440186 | 2 | -1.0
-0.45598268508911133 | 2 | -1.0
-0.44628873467445374 | 2 | -1.0
-0.43616941571235657 | 2 | -1.0
-0.42569833993911743 | 2 | -1.0
-0.41495102643966675 | 2 | -1.0
-0.40400418639183044 | 2 | -1.0
-0.392935186624527 | 2 | -1.0
-0.38182127475738525 | 2 | -1.0
-0.3707389235496521 | 2 | -1.0
-0.3597632646560669 | 2 | -1.0
-0.34896746277809143 | 2 | -1.0
-0.33842232823371887 | 2 | -1.0
-0.3281956613063812 | 2 | -1.0
-0.31835201382637024 | 2 | -1.0
-0.308952271938324 | 2 | -1.0
-0.3000534176826477 | 2 | -1.0
-0.2917082607746124 | 2 | -1.0
-0.2839653789997101 | 2 | -1.0
-0.27686887979507446 | 2 | -1.0
-0.2704584300518036 | 2 | -1.0
-0.2647692561149597 | 2 | -1.0
-0.2598320245742798 | 2 | -1.0
-0.25567296147346497 | 2 | -1.0
-0.25231385231018066 | 2 | -1.0
-0.2497721016407013 | 2 | -1.0
-0.24806073307991028 | 2 | -1.0
-0.24718846380710602 | 2 | -1.0
-0.24715973436832428 | 2 | -1.0
-0.2479746788740158 | 2 | -1.0
-0.2496291548013687 | 2 | -1.0
-0.25211477279663086 | 2 | -1.0
-0.2554187476634979 | 2 | -1.0
-0.25952398777008057 | 2 | -1.0
-0.26440903544425964 | 2 | -1.0
-0.27004796266555786 | 2 | -1.0
[-0.53] | 2 | -1.0
-0.5253263115882874 | 2 | -1.0
-0.5232927203178406 | 2 | -1.0
-0.5202614665031433 | 2 | -1.0
-0.5162551999092102 | 2 | -1.0
-0.5113040208816528 | 2 | -1.0
-0.5054450631141663 | 2 | -1.0
-0.4987221658229828 | 2 | -1.0
-0.49118566513061523 | 2 | -1.0
-0.48289188742637634 | 2 | -1.0
-0.4739026725292206 | 2 | -1.0
-0.4642847776412964 | 2 | -1.0
-0.45410940051078796 | 2 | -1.0
-0.4434514045715332 | 2 | -1.0
-0.4323887526988983 | 2 | -1.0
-0.421001672744751 | 2 | -1.0
-0.4093720018863678 | 2 | -1.0
-0.3975823223590851 | 2 | -1.0
-0.38571545481681824 | 2 | -1.0
-0.3738534450531006 | 2 | -1.0
-0.36207711696624756 | 2 | -1.0
-0.3504653871059418 | 2 | -1.0
-0.33909451961517334 | 2 | -1.0
-0.3280378580093384 | 2 | -1.0
-0.31736522912979126 | 2 | -1.0
-0.3071424961090088 | 2 | -1.0
-0.29743149876594543 | 2 | -1.0
-0.2882895767688751 | 2 | -1.0
-0.27976951003074646 | 2 | -1.0
-0.2719193696975708 | 2 | -1.0
-0.26478251814842224 | 2 | -1.0
-0.25839754939079285 | 2 | -1.0
-0.25279828906059265 | 2 | -1.0
-0.24801388382911682 | 2 | -1.0
-0.24406883120536804 | 2 | -1.0
-0.2409830242395401 | 2 | -1.0
-0.23877185583114624 | 2 | -1.0
-0.23744627833366394 | 2 | -1.0
-0.23701277375221252 | 2 | -1.0
-0.2374734878540039 | 2 | -1.0
-0.23882615566253662 | 2 | -1.0
-0.2410641312599182 | 2 | -1.0
-0.24417635798454285 | 2 | -1.0
-0.24814727902412415 | 2 | -1.0
-0.25295689702033997 | 2 | -1.0
-0.2585805058479309 | 2 | -1.0
-0.26498889923095703 | 2 | -1.0
-0.272148072719574 | 2 | -1.0
-0.28001925349235535 | 2 | -1.0
-0.2885590195655823 | 2 | -1.0
-0.2977190613746643 | 2 | -1.0
-0.30744650959968567 | 2 | -1.0
-0.3176838755607605 | 2 | -1.0
-0.3283692002296448 | 2 | -1.0
-0.33943647146224976 | 2 | -1.0
-0.3508157432079315 | 2 | -1.0
-0.36243367195129395 | 2 | -1.0
-0.3742137551307678 | 2 | -1.0
-0.3860771059989929 | 2 | -1.0
-0.3979428708553314 | 2 | -1.0
-0.40972888469696045 | 2 | -1.0
-0.4213523864746094 | 2 | -1.0
-0.4327307939529419 | 2 | -1.0
-0.4437822997570038 | 2 | -1.0
-0.45442670583724976 | 2 | -1.0
-0.4645862281322479 | 2 | -1.0
-0.4741860032081604 | 2 | -1.0
-0.4831550121307373 | 2 | -1.0
-0.49142661690711975 | 2 | -1.0
-0.4989391565322876 | 2 | -1.0
-0.50563645362854 | 2 | -1.0
-0.5114684104919434 | 2 | -1.0
-0.5163913369178772 | 2 | -1.0
-0.5203682780265808 | 2 | -1.0
-0.5233694911003113 | 2 | -1.0
-0.5253723859786987 | 2 | -1.0
-0.5263620018959045 | 2 | -1.0
-0.5263308882713318 | 2 | -1.0
-0.5252792835235596 | 2 | -1.0
-0.5232150554656982 | 2 | -1.0
-0.5201537013053894 | 2 | -1.0
-0.5161182284355164 | 2 | -1.0
-0.5111388564109802 | 2 | -1.0
-0.5052528977394104 | 2 | -1.0
-0.4985044300556183 | 2 | -1.0
-0.4909440279006958 | 2 | -1.0
-0.48262813687324524 | 2 | -1.0
-0.473618745803833 | 2 | -1.0
-0.46398282051086426 | 2 | -1.0
-0.45379161834716797 | 2 | -1.0
-0.44312015175819397 | 2 | -1.0
-0.43204641342163086 | 2 | -1.0
-0.42065075039863586 | 2 | -1.0
-0.4090149700641632 | 2 | -1.0
-0.39722174406051636 | 2 | -1.0
-0.38535377383232117 | 2 | -1.0
-0.3734931945800781 | 2 | -1.0
-0.3617207407951355 | 2 | -1.0
-0.35011520981788635 | 2 | -1.0
-0.3387528657913208 | 2 | -1.0
-0.327706903219223 | 2 | -1.0
-0.31704699993133545 | 2 | -1.0
-0.3068389594554901 | 2 | -1.0
-0.29714447259902954 | 2 | -1.0
-0.2880207300186157 | 2 | -1.0
-0.2795203626155853 | 2 | -1.0
-0.27169132232666016 | 2 | -1.0
-0.26457682251930237 | 2 | -1.0
-0.2582153081893921 | 2 | -1.0
-0.2526404559612274 | 2 | -1.0
-0.24788126349449158 | 2 | -1.0
-0.2439620941877365 | 2 | -1.0
-0.24090272188186646 | 2 | -1.0
-0.23871839046478271 | 2 | -1.0
-0.23741988837718964 | 2 | -1.0
-0.23701360821723938 | 2 | -1.0
-0.23750153183937073 | 2 | -1.0
-0.23888127505779266 | 2 | -1.0
-0.241146057844162 | 2 | -1.0
-0.24428467452526093 | 2 | -1.0
-0.24828146398067474 | 2 | -1.0
-0.2531162202358246 | 2 | -1.0
-0.25876420736312866 | 2 | -1.0
-0.2651959955692291 | 2 | -1.0
-0.2723774313926697 | 2 | -1.0
-0.28026965260505676 | 2 | -1.0
-0.2888290286064148 | 2 | -1.0
-0.29800716042518616 | 2 | -1.0
-0.30775099992752075 | 2 | -1.0
-0.3180029094219208 | 2 | -1.0
-0.32870087027549744 | 2 | -1.0
-0.33977869153022766 | 2 | -1.0
-0.35116636753082275 | 2 | -1.0
-0.3627903461456299 | 2 | -1.0
-0.3745741546154022 | 2 | -1.0
-0.38643878698349 | 2 | -1.0
-0.3983033299446106 | 2 | -1.0
-0.41008561849594116 | 2 | -1.0
-0.42170289158821106 | 2 | -1.0
-0.4330725371837616 | 2 | -1.0
-0.4441128075122833 | 2 | -1.0
-0.4547435939311981 | 2 | -1.0
-0.4648871421813965 | 2 | -1.0
-0.47446873784065247 | 2 | -1.0
-0.48341748118400574 | 2 | -1.0
-0.49166688323020935 | 2 | -1.0
-0.4991553723812103 | 2 | -1.0
-0.505827009677887 | 2 | -1.0
-0.5116319060325623 | 2 | -1.0
-0.5165265202522278 | 2 | -1.0
-0.5204741954803467 | 2 | -1.0
-0.5234453082084656 | 2 | -1.0
-0.5254175066947937 | 2 | -1.0
-0.5263761281967163 | 2 | -1.0
-0.5263139009475708 | 2 | -1.0
-0.5252313017845154 | 2 | -1.0
-0.5231364965438843 | 2 | -1.0
-0.5200451016426086 | 2 | -1.0
-0.5159803628921509 | 2 | -1.0
-0.510972797870636 | 2 | -1.0
-0.5050598978996277 | 2 | -1.0
-0.4982859492301941 | 2 | -1.0
-0.49070167541503906 | 2 | -1.0
-0.4823637306690216 | 2 | -1.0
-0.47333425283432007 | 2 | -1.0
-0.46368032693862915 | 2 | -1.0
-0.45347338914871216 | 2 | -1.0
-0.4427885115146637 | 2 | -1.0
-0.4317037761211395 | 2 | -1.0
-0.42029958963394165 | 2 | -1.0
-0.4086577892303467 | 2 | -1.0
-0.3968610465526581 | 2 | -1.0
-0.3849921226501465 | 2 | -1.0
-0.3731330633163452 | 2 | -1.0
-0.3613645136356354 | 2 | -1.0
-0.3497653007507324 | 2 | -1.0
-0.33841150999069214 | 2 | -1.0
-0.32737627625465393 | 2 | -1.0
-0.31672918796539307 | 2 | -1.0
-0.30653589963912964 | 2 | -1.0
-0.2968579828739166 | 2 | -1.0
-0.2877524495124817 | 2 | -1.0
-0.27927184104919434 | 2 | -1.0
-0.27146393060684204 | 2 | -1.0
-0.2643718421459198 | 2 | -1.0
-0.25803378224372864 | 2 | -1.0
-0.2524833679199219 | 2 | -1.0
-0.2477494180202484 | 2 | -1.0
-0.24385616183280945 | 2 | -1.0
-0.24082322418689728 | 2 | -1.0
-0.23866572976112366 | 2 | -1.0
-0.2373943328857422 | 2 | -1.0
-0.2370152622461319 | 2 | -1.0
-0.2375304102897644 | 2 | -1.0
-0.23893721401691437 | 2 | -1.0
-0.24122878909111023 | 2 | -1.0
-0.24439379572868347 | 2 | -1.0
-0.24841642379760742 | 2 | -1.0
-0.25327634811401367 | 2 | -1.0
-0.2589486539363861 | 2 | -1.0
[-0.49] | 2 | -1.0
-0.4843882918357849 | 2 | -1.0
-0.4829697906970978 | 2 | -1.0
-0.480855256319046 | 2 | -1.0
-0.47806042432785034 | 2 | -1.0
-0.47460606694221497 | 2 | -1.0
-0.4705178141593933 | 2 | -1.0
-0.46582600474357605 | 2 | -1.0
-0.46056532859802246 | 2 | -1.0
-0.4547745883464813 | 2 | -1.0
-0.44849634170532227 | 2 | -1.0
-0.4417766332626343 | 2 | -1.0
-0.43466445803642273 | 2 | -1.0
-0.4272114038467407 | 2 | -1.0
-0.41947120428085327 | 2 | -1.0
-0.4114993214607239 | 2 | -1.0
-0.40335243940353394 | 2 | -1.0
-0.39508798718452454 | 2 | -1.0
-0.38676363229751587 | 2 | -1.0
-0.37843698263168335 | 2 | -1.0
-0.3701649308204651 | 2 | -1.0
-0.3620034456253052 | 2 | -1.0
-0.3540070056915283 | 2 | -1.0
-0.34622836112976074 | 2 | -1.0
-0.338718056678772 | 2 | -1.0
-0.3315243721008301 | 2 | -1.0
-0.32469284534454346 | 2 | -1.0
-0.3182661235332489 | 2 | -1.0
-0.31228387355804443 | 2 | -1.0
-0.30678239464759827 | 2 | -1.0
-0.30179479718208313 | 2 | -1.0
-0.29735067486763 | 2 | -1.0
-0.29347607493400574 | 2 | -1.0
-0.2901935279369354 | 2 | -1.0
-0.28752192854881287 | 2 | -1.0
-0.28547656536102295 | 2 | -1.0
-0.2840690612792969 | 2 | -1.0
-0.28330737352371216 | 2 | -1.0
-0.28319576382637024 | 2 | -1.0
-0.28373488783836365 | 2 | -1.0
-0.28492170572280884 | 2 | -1.0
-0.28674954175949097 | 2 | -1.0
-0.28920796513557434 | 2 | -1.0
-0.29228299856185913 | 2 | -1.0
-0.2959569990634918 | 2 | -1.0
-0.3002086281776428 | 2 | -1.0
-0.3050130605697632 | 2 | -1.0
-0.3103419244289398 | 2 | -1.0
-0.3161632716655731 | 2 | -1.0
-0.3224419355392456 | 2 | -1.0
-0.3291393518447876 | 2 | -1.0
-0.3362138569355011 | 2 | -1.0
-0.3436208963394165 | 2 | -1.0
-0.35131314396858215 | 2 | -1.0
-0.3592407703399658 | 2 | -1.0
-0.3673517405986786 | 2 | -1.0
-0.37559211254119873 | 2 | -1.0
-0.38390639424324036 | 2 | -1.0
-0.39223799109458923 | 2 | -1.0
-0.40052950382232666 | 2 | -1.0
-0.40872320532798767 | 2 | -1.0
-0.41676148772239685 | 2 | -1.0
-0.4245874285697937 | 2 | -1.0
-0.4321450889110565 | 2 | -1.0
-0.43938004970550537 | 2 | -1.0
-0.44623997807502747 | 2 | -1.0
-0.45267489552497864 | 2 | -1.0
-0.4586377441883087 | 2 | -1.0
-0.4640847146511078 | 2 | -1.0
-0.46897566318511963 | 2 | -1.0
-0.47327446937561035 | 2 | -1.0
-0.4769492745399475 | 2 | -1.0
-0.47997280955314636 | 2 | -1.0
-0.4823226034641266 | 2 | -1.0
-0.4839811623096466 | 2 | -1.0
-0.4849361777305603 | 2 | -1.0
-0.48518049716949463 | 2 | -1.0
-0.4847123324871063 | 2 | -1.0
-0.48353514075279236 | 2 | -1.0
-0.4816577136516571 | 2 | -1.0
-0.479093998670578 | 2 | -1.0
-0.47586309909820557 | 2 | -1.0
-0.4719889760017395 | 2 | -1.0
-0.4675004184246063 | 2 | -1.0
-0.46243056654930115 | 2 | -1.0
-0.4568169414997101 | 2 | -1.0
-0.4507008194923401 | 2 | -1.0
-0.44412708282470703 | 2 | -1.0
-0.4371437728404999 | 2 | -1.0
-0.4298016130924225 | 2 | -1.0
-0.42215368151664734 | 2 | -1.0
-0.41425490379333496 | 2 | -1.0
-0.4061615765094757 | 2 | -1.0
-0.39793092012405396 | 2 | -1.0
-0.3896206021308899 | 2 | -1.0
-0.3812882900238037 | 2 | -1.0
-0.372991144657135 | 2 | -1.0
-0.3647855520248413 | 2 | -1.0
-0.3567264974117279 | 2 | -1.0
-0.34886735677719116 | 2 | -1.0
-0.34125950932502747 | 2 | -1.0
-0.33395200967788696 | 2 | -1.0
-0.32699134945869446 | 2 | -1.0
-0.3204212486743927 | 2 | -1.0
-0.3142823576927185 | 2 | -1.0
-0.3086121678352356 | 2 | -1.0
-0.30344489216804504 | 2 | -1.0
-0.29881131649017334 | 2 | -1.0
-0.29473876953125 | 2 | -1.0
-0.29125091433525085 | 2 | -1.0
-0.28836798667907715 | 2 | -1.0
-0.2861064374446869 | 2 | -1.0
-0.28447917103767395 | 2 | -1.0
-0.28349539637565613 | 2 | -1.0
-0.28316065669059753 | 2 | -1.0
-0.283476859331131 | 2 | -1.0
-0.2844422161579132 | 2 | -1.0
-0.28605127334594727 | 2 | -1.0
-0.2882949113845825 | 2 | -1.0
-0.29116037487983704 | 2 | -1.0
-0.2946312427520752 | 2 | -1.0
-0.2986874580383301 | 2 | -1.0
-0.30330541729927063 | 2 | -1.0
-0.3084578812122345 | 2 | -1.0
-0.31411421298980713 | 2 | -1.0
-0.3202402591705322 | 2 | -1.0
-0.3267986476421356 | 2 | -1.0
-0.3337487578392029 | 2 | -1.0
-0.3410470187664032 | 2 | -1.0
-0.34864696860313416 | 2 | -1.0
-0.35649964213371277 | 2 | -1.0
-0.3645537495613098 | 2 | -1.0
-0.3727559447288513 | 2 | -1.0
-0.3810512125492096 | 2 | -1.0
-0.38938331604003906 | 2 | -1.0
-0.39769506454467773 | 2 | -1.0
-0.4059287905693054 | 2 | -1.0
-0.41402682662010193 | 2 | -1.0
-0.4219319224357605 | 2 | -1.0
-0.4295877516269684 | 2 | -1.0
-0.4369393587112427 | 2 | -1.0
-0.4439336359500885 | 2 | -1.0
-0.45051971077919006 | 2 | -1.0
-0.4566494822502136 | 2 | -1.0
-0.4622780382633209 | 2 | -1.0
-0.4673638939857483 | 2 | -1.0
-0.47186949849128723 | 2 | -1.0
-0.4757615327835083 | 2 | -1.0
-0.4790111184120178 | 2 | -1.0
-0.48159411549568176 | 2 | -1.0
-0.48349130153656006 | 2 | -1.0
-0.48468858003616333 | 2 | -1.0
-0.48517704010009766 | 2 | -1.0
-0.48495298624038696 | 2 | -1.0
-0.48401814699172974 | 2 | -1.0
-0.4823794662952423 | 2 | -1.0
-0.48004913330078125 | 2 | -1.0
-0.4770445227622986 | 2 | -1.0
-0.4733878970146179 | 2 | -1.0
-0.4691064655780792 | 2 | -1.0
-0.4642318785190582 | 2 | -1.0
-0.45880019664764404 | 2 | -1.0
-0.45285147428512573 | 2 | -1.0
-0.44642937183380127 | 2 | -1.0
-0.43958085775375366 | 2 | -1.0
-0.4323558509349823 | 2 | -1.0
-0.4248066544532776 | 2 | -1.0
-0.4169875979423523 | 2 | -1.0
-0.40895456075668335 | 2 | -1.0
-0.40076449513435364 | 2 | -1.0
-0.3924749791622162 | 2 | -1.0
-0.3841437101364136 | 2 | -1.0
-0.3758281469345093 | 2 | -1.0
-0.36758488416671753 | 2 | -1.0
-0.3594695031642914 | 2 | -1.0
-0.3515359163284302 | 2 | -1.0
-0.3438362777233124 | 2 | -1.0
-0.3364204168319702 | 2 | -1.0
-0.3293358087539673 | 2 | -1.0
-0.32262706756591797 | 2 | -1.0
-0.3163359463214874 | 2 | -1.0
-0.3105010688304901 | 2 | -1.0
-0.30515772104263306 | 2 | -1.0
-0.30033794045448303 | 2 | -1.0
-0.2960701882839203 | 2 | -1.0
-0.2923794388771057 | 2 | -1.0
-0.28928709030151367 | 2 | -1.0
-0.28681087493896484 | 2 | -1.0
-0.2849649488925934 | 2 | -1.0
-0.283759742975235 | 2 | -1.0
-0.2832021117210388 | 2 | -1.0
-0.2832951843738556 | 2 | -1.0
-0.28403839468955994 | 2 | -1.0
-0.28542762994766235 | 2 | -1.0
-0.2874549627304077 | 2 | -1.0
-0.29010891914367676 | 2 | -1.0
-0.29337430000305176 | 2 | -1.0
-0.29723232984542847 | 2 | -1.0
-0.30166059732437134 | 2 | -1.0
-0.3066331148147583 | 2 | -1.0
Total reward: -200.0
