2.7, 4.6, -2.7, -1.4, -1.5, -3.4, -1.4, -3.9, -1.5, 1.8
parameter ends

state | action | reward
[-0.08] | [-1.55] | 9.192158883064579
-0.1350105755125802 | [21.39] | 9.330162952056897
-0.18962163670301294 | [4.34] | 9.311637391277824
-0.14314773002605657 | [-11.07] | 9.271239867237963
-0.0990582160024805 | [12.29] | 9.30972124774562
-0.0566179791971353 | [-3.46] | 9.111853049758626
-0.015647766111435694 | [19.91] | 9.1431164543045
0.02413575075160524 | [6.55] | 8.978712689524684
0.16792251278089715 | [-13.21] | -1.2183584812554722
Total reward: 72.43024405371521
2.7, 4.6, -2.7, -1.4, -1.5, -3.4, -1.4, -3.9, -1.5, 1.8
parameter ends

state | action | reward
[-0.08] | [-1.66] | 9.20516106412389
-0.1402473828081605 | [20.77] | 9.343389514043812
-0.19802946281519726 | [2.35] | 9.285087398659549
-0.1536853590218958 | [-15.69] | 9.326840734585197
-0.11102812148058094 | [7.49] | 9.30723140426685
-0.0689382659613313 | [-13.28] | 9.290651068421463
-0.026773336497123018 | [9.85] | 9.284539952113036
0.016180470862221297 | [-11.93] | 9.225933524786418
0.06061557029317408 | [11.27] | 9.201762471215048
0.10696902613716625 | [-11.46] | 9.098876314661139
0.15608109966309155 | [11.75] | 9.003528367374788
0.20787489959130848 | [-12.52] | -1.1472215543928481
Total reward: 100.42578025985834
2.7, 4.6, -2.7, -1.4, -1.5, -3.4, -1.4, -3.9, -1.5, 1.8
parameter ends

state | action | reward
[-0.1] | [-0.46] | 9.320957777812074
-0.1260657833119402 | [10.04] | 9.318627808337279
-0.12561539133246466 | [-11.37] | 9.30484784578768
-0.1251390436334284 | [11.41] | 9.320317557169856
-0.12432989764310522 | [-10.02] | 9.276496879627492
-0.12307382119387493 | [13.17] | 9.309685424110059
-0.121142850441027 | [-7.84] | 9.209185837430486
-0.11849928439647134 | [16.34] | 9.260460844482461
-0.11499774601583278 | [-3.73] | 9.046217706132751
-0.11071939740400699 | [21.49] | 9.086175411099935
-0.10557943006478944 | [2.67] | -1.2548779027316932
Total reward: 91.19809518925838
2.7, 4.6, -2.7, -1.4, -1.5, -3.4, -1.4, -3.9, -1.5, 1.8
parameter ends

state | action | reward
[0.06] | [-2.28] | 9.203019795853699
0.014346554463056469 | [20.06] | 9.345922201273698
-0.030386031276318635 | [1.22] | 9.272135619311689
0.028117059448513067 | [-17.45] | 9.330712471537097
0.08556401902390715 | [5.69] | 9.281438796161925
0.14310771234658312 | [-16.04] | 9.305131815434276
0.20171085993993576 | [5.87] | 9.23345057014003
0.2620470532957495 | [-17.09] | 9.264302441985846
0.3253968631624154 | [1.47] | 9.113217561742147
0.3914123140398152 | [-19.92] | 9.10828395722484
0.46124896510661567 | [-9.44] | 9.091092472562629
0.44516098302472346 | [-5.01] | 9.123694345128564
0.3464043684267086 | [-2.75] | 9.196489342301156
0.16278319116953746 | [1.07] | 9.148934209199341
-0.01747147106041582 | [-10.82] | 9.106464844410784
-0.19546558525743574 | [-6.56] | 9.020951085609417
-0.4702409242150058 | [6.42] | -1.2293634606140693
Total reward: 145.9158780692631
2.7, 4.6, -2.7, -1.4, -1.5, -3.4, -1.4, -3.9, -1.5, 1.8
parameter ends

state | action | reward
[-0.03] | [-0.19] | 9.341925960528272
-0.04341884180762012 | [5.11] | 9.28274368599349
-0.017886656675278022 | [-15.87] | 9.339178530410127
0.0065097104416221956 | [6.18] | 9.280531937199067
0.03064432934839207 | [-16.75] | 9.347307359487752
0.05514319680388449 | [3.07] | 9.230026600541798
0.08070304593344489 | [-20.54] | 9.318518624717942
0.1082416841181551 | [-5.89] | 9.29075130950381
0.035056036989209914 | [8.89] | 9.230313390558157
-0.036276535180565075 | [-14.17] | 9.226114157566851
-0.10694581344072829 | [3.44] | 8.99037632719156
-0.17750662945704407 | [-20.5] | -1.0546822742135415
Total reward: 100.82310560948527
2.7, 4.6, -2.7, -1.4, -1.5, -3.4, -1.4, -3.9, -1.5, 1.8
parameter ends

state | action | reward
[0.04] | [-1.09] | 9.192506671687134
-0.020267015431443595 | [21.97] | 9.330301206324624
-0.07900663413186747 | [4.76] | 9.30024731148528
-0.035693426447964 | [-11.3] | 9.26689030485658
0.005817449173739689 | [12.37] | 9.287764784775339
0.04643319669884945 | [-5.1] | 9.101272454763288
0.08648330115238624 | [19.27] | 9.125218865685515
0.12642889317558487 | [2.33] | -1.1874937674942188
Total reward: 63.416707832083546
2.7, 4.6, -2.7, -1.4, -1.5, -3.4, -1.4, -3.9, -1.5, 1.8
parameter ends

state | action | reward
[0.07] | [-0.72] | 9.255780312761956
0.029745056012906432 | [16.72] | 9.336011890872962
-0.00025518611854535205 | [1.02] | 9.282737742917789
0.07037362726935911 | [-15.46] | 9.31413303607559
0.13904063459864158 | [7.8] | 9.297935886501474
0.20704325698749776 | [-12.03] | 9.232620967109964
0.27509565909239714 | [11.98] | 9.228884213226786
0.34396020145221246 | [-9.27] | 9.061861093833995
0.41434252903419555 | [15.52] | 9.015812131701846
0.4865501895163289 | [-7.58] | -1.278472841327017
Total reward: 81.74730443367535
2.7, 4.6, -2.7, -1.4, -1.5, -3.4, -1.4, -3.9, -1.5, 1.8
parameter ends

state | action | reward
[-0.04] | [-0.52] | 9.304869009316453
-0.06560554868629775 | [11.66] | 9.338310288748858
-0.061934721635859516 | [-8.49] | 9.264394575831114
-0.05921275328845915 | [15.2] | 9.33902653652475
-0.0576455754312995 | [-2.42] | 9.159757567773939
-0.05752049289028137 | [21.07] | 9.2279142094847
-0.059295078708745785 | [8.88] | 9.17935564713706
0.04034639642052656 | [-4.88] | 8.963335068884383
0.13899078485930189 | [15.97] | -1.1673025884515718
Total reward: 72.60966031524967
2.7, 4.6, -2.7, -1.4, -1.5, -3.4, -1.4, -3.9, -1.5, 1.8
parameter ends

state | action | reward
[0.07] | [-2.04] | 9.205624699913683
0.022069653437728685 | [20.37] | 9.345555603986053
-0.023134521729505027 | [1.76] | 9.27792356273584
0.034356210620812455 | [-16.74] | 9.330296881669868
0.0905427658712348 | [6.37] | 9.289645036244863
0.14661918838152108 | [-15.16] | 9.301407672841192
0.20349350775744218 | [7.09] | 9.245331687781404
0.2618900026642915 | [-15.75] | 9.256592775270498
0.323008168393155 | [4.12] | 9.127217410591596
0.38675825698671534 | [-18.32] | 9.128276253311759
0.4544477148510446 | [-4.85] | 9.099887663211065
0.434715667462843 | [5.09] | 9.006283638976218
0.42020249159186285 | [-12.54] | -1.0459591184065422
Total reward: 109.56808376812748
2.7, 4.6, -2.7, -1.4, -1.5, -3.4, -1.4, -3.9, -1.5, 1.8
parameter ends

state | action | reward
[-0.01] | [-1.84] | 9.188039266320711
-0.054119792451756334 | [21.18] | 9.324554590760645
-0.0961330499071837 | [4.65] | 9.317510122638653
-0.037796142656887834 | [-9.95] | 9.255667846076827
0.01786882460961703 | [13.09] | 9.29845189458652
0.07154991524019849 | [-1.19] | 9.070582771108327
0.12345358682490028 | [21.09] | 9.076321772654065
0.17387179432137329 | [9.63] | -1.0781496582618295
Total reward: 63.45297860588392
2.7, 4.6, -2.7, -1.4, -1.5, -3.4, -1.4, -3.9, -1.5, 1.8
parameter ends

state | action | reward
[-0.07] | [-0.88] | 9.204777500166609
-0.11348935608855683 | [19.76] | 9.292413581807589
-0.1496569810539543 | [6.89] | 9.30731143152345
-0.08873294958530692 | [-3.17] | 9.17425258943004
-0.03124898534282359 | [16.8] | 9.17057763244988
0.023457270520411386 | [8.64] | 9.09098407238907
0.1778872309487573 | [-4.58] | -1.1614952265683438
Total reward: 54.0788215811983
2.7, 4.6, -2.7, -1.4, -1.5, -3.4, -1.4, -3.9, -1.5, 1.8
parameter ends

state | action | reward
[0.02] | [-0.06] | 9.355216576573788
0.006002921953425491 | [2.48] | 9.247677198267832
0.0455182947792563 | [-19.41] | 9.353367171505237
0.08520828916319076 | [0.86] | 9.237802479297667
0.11902221073702686 | [-19.53] | 9.315326970172961
0.14840924150982562 | [-5.74] | 9.311952931357721
0.07949458759519883 | [7.02] | 9.24311834983692
0.01358524433375562 | [-15.07] | 9.272559879902815
-0.050220698128602026 | [-1.83] | 9.109944788190855
-0.21706845273278927 | [19.08] | 9.09291696139613
-0.38396647647996746 | [-1.83] | -1.2936679803225812
Total reward: 91.24621532617935
2.7, 4.6, -2.7, -1.4, -1.5, -3.4, -1.4, -3.9, -1.5, 1.8
parameter ends

state | action | reward
[-0.09] | [-0.6] | 9.287960580606647
-0.12566358331825586 | [13.6] | 9.345468699999735
-0.13920394892774196 | [-5.44] | 9.230971839387657
-0.15457884197762878 | [17.94] | 9.314630919626381
-0.17251405050906965 | [4.24] | 9.300122588396231
-0.09089563336795221 | [-9.86] | 9.224414773150556
-0.01143907029009653 | [12.62] | 9.225610464671966
0.0670870360840638 | [-3.9] | 8.965892985539266
0.14517707416407416 | [19.47] | -1.0883621559037089
Total reward: 72.80671069547475
2.7, 4.6, -2.7, -1.4, -1.5, -3.4, -1.4, -3.9, -1.5, 1.8
parameter ends

state | action | reward
[-0.09] | [-1.26] | 9.175924440921623
-0.13556498882914284 | [21.74] | 9.311220666169591
-0.1812565101812696 | [5.76] | 9.32179969711431
-0.12830541535193102 | [-7.56] | 9.23768770604884
-0.07868167034923297 | [14.53] | 9.282228069374987
-0.03185409210467089 | [3.05] | 9.218748778206452
0.11570749459331386 | [-13.28] | 9.122466241701352
0.2625620844314042 | [7.91] | 8.948420818052766
0.40968409639042624 | [-15.81] | -1.2711720676213265
Total reward: 72.3473243499686
2.7, 4.6, -2.7, -1.4, -1.5, -3.4, -1.4, -3.9, -1.5, 1.8
parameter ends

state | action | reward
[-0.03] | [-2.] | 9.202913604762603
-0.07937673957650421 | [20.61] | 9.341053815123475
-0.1290716753167642 | [2.55] | 9.2924977939854
-0.07680268725830484 | [-14.93] | 9.315178332813023
-0.026329905776742574 | [8.46] | 9.313727327199599
0.023400572909983937 | [-11.34] | 9.249742213426279
0.07288929815189352 | [12.63] | 9.276790629888042
0.12273895715085875 | [-7.53] | 9.10551762701106
0.17329495238569173 | [17.4] | 9.126975174595799
0.2249025086834557 | [-2.86] | -1.2032144187285445
Total reward: 82.02118210007674
2.7, 4.6, -2.7, -1.4, -1.5, -3.4, -1.4, -3.9, -1.5, 1.8
parameter ends

state | action | reward
[0.08] | [-0.44] | 9.305982883825317
0.05241479345609425 | [9.45] | 9.290882389760757
0.0529257742873453 | [-12.08] | 9.294674455763968
0.051444766028662256 | [10.45] | 9.295930989696627
0.04804535980698166 | [-11.15] | 9.275526095628033
0.042557077018300304 | [11.6] | 9.297981711929408
0.03465039288345624 | [-8.94] | 9.231732647256699
0.02407453907734339 | [14.14] | 9.287727985752428
0.009976781619960792 | [-2.68] | 9.138756781449565
-0.007323457021098514 | [18.32] | 9.15452025755912
-0.028694418607527895 | [10.38] | 9.143512128393622
0.03798351513970345 | [8.12] | 9.148673370095596
0.19205567650071723 | [5.83] | 9.14952320432655
0.43882890349462356 | [-3.72] | 8.998610419201054
0.6854335803033607 | [6.86] | -1.2141706979339437
Total reward: 127.79986462270482
2.7, 4.6, -2.7, -1.4, -1.5, -3.4, -1.4, -3.9, -1.5, 1.8
parameter ends

state | action | reward
[-0.09] | [-0.65] | 9.258927769094758
-0.11804030904107882 | [15.32] | 9.33577535922097
-0.13066914282178116 | [-1.97] | 9.156432310767169
-0.14472387117841504 | [21.19] | 9.216570009230088
-0.16093792253927106 | [10.24] | 9.184096101552345
-0.07731817739581831 | [-0.24] | 9.055170107771982
0.04394828712899731 | [5.29] | -1.2082426581419003
Total reward: 53.99872899949541
2.7, 4.6, -2.7, -1.4, -1.5, -3.4, -1.4, -3.9, -1.5, 1.8
parameter ends

state | action | reward
[-0.06] | [-1.88] | 9.175644369113199
-0.1061582106966659 | [21.47] | 9.314615792506832
-0.15011313804102963 | [5.15] | 9.302822411217312
-0.09244288019679527 | [-9.12] | 9.211460659242434
-0.036871789673008554 | [14.17] | 9.236503553061707
0.01733061403278595 | [-0.28] | 9.111289922127373
0.10808424214210753 | [8.38] | 8.957978833203645
0.2364972024138291 | [-12.38] | -1.2804893546813219
Total reward: 63.02982618579118
2.7, 4.6, -2.7, -1.4, -1.5, -3.4, -1.4, -3.9, -1.5, 1.8
parameter ends

state | action | reward
[0.01] | [-1.71] | 9.201923375576
-0.04765699570199073 | [21.] | 9.33958005114073
-0.10468667508014716 | [3.08] | 9.29616541103289
-0.0597458387032946 | [-13.92] | 9.307264822031666
-0.016713462687025973 | [9.59] | 9.31904959147954
0.02533525303127332 | [-9.27] | 9.222438655021318
0.06673325267257642 | [15.] | 9.270460686798552
0.10792216940733096 | [-3.23] | 9.029194349662665
0.1490088505973516 | [21.39] | 9.054313742302948
0.19022633398128613 | [4.56] | -1.2463606486268288
Total reward: 81.79403003641949
2.7, 4.6, -2.7, -1.4, -1.5, -3.4, -1.4, -3.9, -1.5, 1.8
parameter ends

state | action | reward
[-0.07] | [-1.77] | 9.186145768669123
-0.11544811070798049 | [21.4] | 9.325328486271045
-0.1641976746404968 | [4.47] | 9.301208998782705
-0.11096039110259348 | [-11.11] | 9.248259110595304
-0.05956769941003146 | [12.54] | 9.271544972975974
-0.00914833819093376 | [-4.16] | 9.051047112007245
0.040604803984731666 | [19.91] | 9.05979619759981
0.09015366309507053 | [3.82] | -1.2469865765394523
Total reward: 63.19634407036176
