7.0, 1.8, -3.5, -0.3, 1.6, -1.0, -4.0, 1.2, 2.5, 1.9
parameter ends

state | action | reward
[-0.04] | 0 | 1.0
-0.037863463163375854 | 1 | 1.0
-0.041330527514219284 | 0 | 1.0
-0.040885429829359055 | 1 | 1.0
-0.04433409497141838 | 0 | 1.0
-0.0438721738755703 | 1 | 1.0
-0.04730569198727608 | 0 | 1.0
-0.046830013394355774 | 1 | 1.0
-0.05025121942162514 | 0 | 1.0
-0.04976445809006691 | 1 | 1.0
-0.053175847977399826 | 0 | 1.0
-0.05268038064241409 | 1 | 1.0
-0.056084178388118744 | 0 | 1.0
-0.05558212101459503 | 1 | 1.0
-0.05898033455014229 | 0 | 1.0
-0.0584736131131649 | 1 | 1.0
-0.0618680864572525 | 0 | 1.0
-0.061358485370874405 | 1 | 1.0
-0.06475094705820084 | 0 | 1.0
-0.06424015760421753 | 1 | 1.0
-0.06763225793838501 | 0 | 1.0
-0.06712192296981812 | 1 | 1.0
-0.07051528990268707 | 0 | 1.0
-0.07000704109668732 | 1 | 1.0
-0.07340330630540848 | 0 | 1.0
-0.07289880514144897 | 1 | 1.0
-0.07629965245723724 | 0 | 1.0
-0.07580063492059708 | 1 | 1.0
-0.07920785993337631 | 0 | 1.0
-0.07871617376804352 | 1 | 1.0
-0.08213168382644653 | 0 | 1.0
-0.08164934813976288 | 1 | 1.0
-0.0850752517580986 | 0 | 1.0
-0.08460447937250137 | 1 | 1.0
-0.08804310113191605 | 0 | 1.0
-0.08758638054132462 | 1 | 1.0
-0.09104035049676895 | 0 | 1.0
-0.09060048311948776 | 1 | 1.0
-0.09407275170087814 | 0 | 1.0
-0.09365293383598328 | 1 | 1.0
-0.09714687615633011 | 1 | 1.0
-0.09675075113773346 | 0 | 1.0
-0.09246669709682465 | 1 | 1.0
-0.09209846705198288 | 0 | 1.0
-0.0878412127494812 | 1 | 1.0
-0.08749905228614807 | 0 | 1.0
-0.08326715975999832 | 1 | 1.0
-0.0829499289393425 | 0 | 1.0
-0.07874259352684021 | 1 | 1.0
-0.07844977080821991 | 0 | 1.0
-0.07426682859659195 | 1 | 1.0
-0.07399852573871613 | 0 | 1.0
-0.06984040886163712 | 1 | 1.0
-0.06959734112024307 | 0 | 1.0
-0.06546510010957718 | 1 | 1.0
-0.06524860113859177 | 1 | 1.0
-0.061143919825553894 | 0 | 1.0
-0.05315267667174339 | 1 | 1.0
-0.04907792806625366 | 0 | 1.0
-0.04111453890800476 | 1 | 1.0
-0.03706613928079605 | 0 | 1.0
-0.029127437621355057 | 1 | 1.0
-0.02510250173509121 | 0 | 1.0
-0.017185965552926064 | 1 | 1.0
-0.013182231225073338 | 0 | 1.0
-0.005285914056003094 | 1 | 1.0
-0.001301680225878954 | 0 | 1.0
0.006575839128345251 | 1 | 1.0
0.010541765950620174 | 0 | 1.0
0.01840141974389553 | 1 | 1.0
0.022349756211042404 | 0 | 1.0
0.030192023143172264 | 1 | 1.0
0.03412303701043129 | 0 | 1.0
0.041947945952415466 | 1 | 1.0
0.045861467719078064 | 0 | 1.0
0.05366862192749977 | 1 | 1.0
0.05756404623389244 | 0 | 1.0
0.06535260379314423 | 1 | 1.0
0.0692288726568222 | 0 | 1.0
0.0769975334405899 | 1 | 1.0
0.08085314929485321 | 0 | 1.0
0.08860012888908386 | 1 | 1.0
0.09243306517601013 | 0 | 1.0
0.10015607625246048 | 1 | 1.0
0.10396379977464676 | 1 | 1.0
0.11165996640920639 | 0 | 1.0
0.12324262410402298 | 1 | 1.0
0.13090842962265015 | 0 | 1.0
0.14246217906475067 | 1 | 1.0
0.15010006725788116 | 0 | 1.0
0.161626935005188 | 1 | 1.0
0.1692386120557785 | 0 | 1.0
0.18073992431163788 | 1 | 1.0
0.18832643330097198 | 0 | 1.0
0.19980286061763763 | 1 | 1.0
0.20736458897590637 | 0 | 1.0
0.21881619095802307 | 1 | 1.0
0.22635290026664734 | 0 | 1.0
0.23777911067008972 | 1 | 1.0
0.24528995156288147 | 0 | 1.0
0.25668957829475403 | 1 | 1.0
0.26417309045791626 | 0 | 1.0
0.27554425597190857 | 1 | 1.0
0.282998263835907 | 0 | 1.0
0.29433849453926086 | 1 | 1.0
0.30176016688346863 | 0 | 1.0
0.31306615471839905 | 1 | 1.0
0.32045191526412964 | 0 | 1.0
0.33171963691711426 | 1 | 1.0
0.3390650749206543 | 0 | 1.0
0.35028955340385437 | 1 | 1.0
0.35758936405181885 | 1 | 1.0
0.3687646985054016 | 0 | 1.0
0.38381215929985046 | 1 | 1.0
0.39493128657341003 | 0 | 1.0
0.40992167592048645 | 1 | 1.0
0.42098286747932434 | 0 | 1.0
0.43591365218162537 | 1 | 1.0
0.44691380858421326 | 0 | 1.0
0.4617810547351837 | 1 | 1.0
0.47271573543548584 | 1 | 1.0
0.48751401901245117 | 0 | 1.0
0.506172239780426 | 1 | 1.0
0.5208945870399475 | 0 | 1.0
0.539475679397583 | 1 | 1.0
0.554119884967804 | 0 | 1.0
0.5726205110549927 | 1 | 1.0
0.5871826410293579 | 1 | 1.0
0.6055977940559387 | 0 | 1.0
0.6278619766235352 | 1 | 1.0
0.6461844444274902 | 0 | 1.0
0.6683543920516968 | 1 | 1.0
0.686581552028656 | 1 | 1.0
0.7086532711982727 | 0 | 1.0
0.7345657348632812 | 1 | 1.0
0.7565327286720276 | 0 | 1.0
0.7823392748832703 | 1 | 1.0
0.8041993975639343 | 0 | 1.0
Total reward: 138.0
7.0, 1.8, -3.5, -0.3, 1.6, -1.0, -4.0, 1.2, 2.5, 1.9
parameter ends

state | action | reward
[0.03] | 0 | 1.0
0.030137278139591217 | 0 | 1.0
0.025756169110536575 | 1 | 1.0
0.017477577552199364 | 0 | 1.0
0.013104754500091076 | 1 | 1.0
0.004829831421375275 | 0 | 1.0
0.00045630111708305776 | 1 | 1.0
-0.007823731750249863 | 0 | 1.0
-0.012206867337226868 | 1 | 1.0
-0.020500795915722847 | 1 | 1.0
-0.02490254119038582 | 0 | 1.0
-0.025415698066353798 | 1 | 1.0
-0.029845405369997025 | 0 | 1.0
-0.03038822114467621 | 1 | 1.0
-0.0348491407930851 | 0 | 1.0
-0.035425275564193726 | 1 | 1.0
-0.039921365678310394 | 0 | 1.0
-0.04053524509072304 | 1 | 1.0
-0.04507126659154892 | 1 | 1.0
-0.0457281768321991 | 0 | 1.0
-0.042509011924266815 | 1 | 1.0
-0.04321525618433952 | 0 | 1.0
-0.04004573076963425 | 1 | 1.0
-0.04080211743712425 | 0 | 1.0
-0.037683747708797455 | 1 | 1.0
-0.038492292165756226 | 1 | 1.0
-0.03542782738804817 | 0 | 1.0
-0.02849273942410946 | 1 | 1.0
-0.025486262515187263 | 0 | 1.0
-0.01860826462507248 | 1 | 1.0
-0.015658630058169365 | 0 | 1.0
-0.00883741956204176 | 1 | 1.0
-0.005944869015365839 | 1 | 1.0
0.0008184792241081595 | 0 | 1.0
0.011450767517089844 | 1 | 1.0
0.0181537177413702 | 0 | 1.0
0.028727412223815918 | 1 | 1.0
0.03537257760763168 | 0 | 1.0
0.04588940739631653 | 1 | 1.0
0.05247797071933746 | 1 | 1.0
0.06293828040361404 | 0 | 1.0
0.07726898044347763 | 1 | 1.0
0.087671659886837 | 0 | 1.0
0.10194741934537888 | 1 | 1.0
0.11229658126831055 | 0 | 1.0
0.12652064859867096 | 1 | 1.0
0.13681906461715698 | 0 | 1.0
0.1509934365749359 | 1 | 1.0
0.16124258935451508 | 1 | 1.0
0.1753680408000946 | 0 | 1.0
0.19336868822574615 | 1 | 1.0
0.2074447125196457 | 0 | 1.0
0.225398987531662 | 1 | 1.0
0.2394305318593979 | 0 | 1.0
0.257342666387558 | 1 | 1.0
0.2713334858417511 | 0 | 1.0
0.2892066240310669 | 1 | 1.0
0.3031595051288605 | 0 | 1.0
0.3209958076477051 | 1 | 1.0
0.3349124789237976 | 0 | 1.0
0.3527131974697113 | 1 | 1.0
0.366594523191452 | 0 | 1.0
0.38436001539230347 | 1 | 1.0
0.39820596575737 | 0 | 1.0
0.4159356951713562 | 1 | 1.0
0.4297453463077545 | 0 | 1.0
0.4474378824234009 | 1 | 1.0
0.4612094759941101 | 0 | 1.0
0.4788625240325928 | 1 | 1.0
0.49259331822395325 | 0 | 1.0
0.5102035999298096 | 1 | 1.0
0.52388995885849 | 0 | 1.0
0.5414533019065857 | 1 | 1.0
0.5550905466079712 | 0 | 1.0
0.5726015567779541 | 1 | 1.0
0.586184024810791 | 1 | 1.0
0.6036362051963806 | 0 | 1.0
0.6249542236328125 | 1 | 1.0
0.6423397660255432 | 0 | 1.0
0.6635897159576416 | 1 | 1.0
0.680905818939209 | 0 | 1.0
0.7020838260650635 | 1 | 1.0
0.7193261981010437 | 0 | 1.0
0.7404269576072693 | 1 | 1.0
0.7575897574424744 | 1 | 1.0
0.7786062359809875 | 0 | 1.0
0.8034716248512268 | 1 | 1.0
0.824394941329956 | 0 | 1.0
0.8491644263267517 | 1 | 1.0
0.8699901103973389 | 0 | 1.0
0.8946579098701477 | 1 | 1.0
Total reward: 91.0
7.0, 1.8, -3.5, -0.3, 1.6, -1.0, -4.0, 1.2, 2.5, 1.9
parameter ends

state | action | reward
[0.03] | 0 | 1.0
0.03266144171357155 | 1 | 1.0
0.029718320816755295 | 0 | 1.0
0.030665146186947823 | 1 | 1.0
0.02769646979868412 | 0 | 1.0
0.028615880757570267 | 1 | 1.0
0.02561809867620468 | 0 | 1.0
0.026506174355745316 | 1 | 1.0
0.02347508631646633 | 0 | 1.0
0.02432718500494957 | 1 | 1.0
0.02125784568488598 | 1 | 1.0
0.022068515419960022 | 0 | 1.0
0.02675614506006241 | 1 | 1.0
0.02751895971596241 | 0 | 1.0
0.03215837851166725 | 1 | 1.0
0.03287244960665703 | 0 | 1.0
0.037462081760168076 | 1 | 1.0
0.03812534734606743 | 1 | 1.0
0.04266241192817688 | 0 | 1.0
0.051070913672447205 | 1 | 1.0
0.05555133894085884 | 0 | 1.0
0.06390411406755447 | 1 | 1.0
0.0683290958404541 | 0 | 1.0
0.07662650942802429 | 1 | 1.0
0.08099586516618729 | 0 | 1.0
0.08923694491386414 | 1 | 1.0
0.09354916960000992 | 1 | 1.0
0.10173158347606659 | 0 | 1.0
0.1137818768620491 | 1 | 1.0
0.12190183252096176 | 0 | 1.0
0.13389070332050323 | 1 | 1.0
0.14194951951503754 | 0 | 1.0
0.1538773626089096 | 1 | 1.0
0.16187487542629242 | 1 | 1.0
0.17374062538146973 | 0 | 1.0
0.18947269022464752 | 1 | 1.0
0.20127370953559875 | 0 | 1.0
0.21694275736808777 | 1 | 1.0
0.22868146002292633 | 0 | 1.0
0.24428893625736237 | 1 | 1.0
0.2559661865234375 | 1 | 1.0
0.27151206135749817 | 0 | 1.0
0.2909250259399414 | 1 | 1.0
0.30640771985054016 | 0 | 1.0
0.32575979828834534 | 1 | 1.0
0.34118273854255676 | 0 | 1.0
0.3604764938354492 | 1 | 1.0
0.3758416473865509 | 0 | 1.0
0.39507821202278137 | 1 | 1.0
0.41038617491722107 | 0 | 1.0
0.4295652210712433 | 1 | 1.0
0.44481515884399414 | 0 | 1.0
0.4639350473880768 | 1 | 1.0
0.4791247546672821 | 1 | 1.0
0.49818241596221924 | 0 | 1.0
0.5211053490638733 | 1 | 1.0
0.5400962233543396 | 0 | 1.0
0.5629528164863586 | 1 | 1.0
0.5818772315979004 | 0 | 1.0
0.6046669483184814 | 1 | 1.0
0.6235237717628479 | 0 | 1.0
0.6462444067001343 | 1 | 1.0
0.665030837059021 | 0 | 1.0
0.6876786351203918 | 1 | 1.0
0.7063904404640198 | 1 | 1.0
0.7289599776268005 | 0 | 1.0
0.7553833723068237 | 1 | 1.0
0.7778674364089966 | 0 | 1.0
0.8042039275169373 | 1 | 1.0
0.8265999555587769 | 0 | 1.0
0.8528455495834351 | 1 | 1.0
0.8751490116119385 | 1 | 1.0
0.9012979865074158 | 0 | 1.0
0.9312878847122192 | 1 | 1.0
0.9573320746421814 | 0 | 1.0
0.9872148633003235 | 1 | 1.0
Total reward: 76.0
7.0, 1.8, -3.5, -0.3, 1.6, -1.0, -4.0, 1.2, 2.5, 1.9
parameter ends

state | action | reward
[0.] | 0 | 1.0
0.0035174740478396416 | 1 | 1.0
-0.0007622387493029237 | 0 | 1.0
-0.0011529605835676193 | 1 | 1.0
-0.005459967534989119 | 0 | 1.0
-0.0058798277750611305 | 1 | 1.0
-0.010217645205557346 | 0 | 1.0
-0.010670562274754047 | 1 | 1.0
-0.015043404884636402 | 0 | 1.0
-0.015534056350588799 | 1 | 1.0
-0.01994691789150238 | 1 | 1.0
-0.02048083208501339 | 0 | 1.0
-0.017138907685875893 | 1 | 1.0
-0.017722629010677338 | 0 | 1.0
-0.014430965296924114 | 1 | 1.0
-0.015065552666783333 | 0 | 1.0
-0.011825928464531898 | 1 | 1.0
-0.012513655237853527 | 1 | 1.0
-0.009329091757535934 | 0 | 1.0
-0.0022747348994016647 | 1 | 1.0
0.0008503873250447214 | 0 | 1.0
0.007846007123589516 | 1 | 1.0
0.010912503115832806 | 0 | 1.0
0.017849333584308624 | 1 | 1.0
0.020856594666838646 | 1 | 1.0
0.02773316390812397 | 0 | 1.0
0.03847700357437134 | 1 | 1.0
0.045290328562259674 | 0 | 1.0
0.05597243458032608 | 1 | 1.0
0.06272460520267487 | 0 | 1.0
0.07334613800048828 | 1 | 1.0
0.08003775775432587 | 1 | 1.0
0.09059841930866241 | 0 | 1.0
0.1050264984369278 | 1 | 1.0
0.11552443355321884 | 0 | 1.0
0.1298920065164566 | 1 | 1.0
0.1403304487466812 | 0 | 1.0
0.1546398103237152 | 1 | 1.0
0.16502054035663605 | 1 | 1.0
0.1792725920677185 | 0 | 1.0
0.19739481806755066 | 1 | 1.0
0.21158897876739502 | 0 | 1.0
0.22965630888938904 | 1 | 1.0
0.2437972128391266 | 0 | 1.0
0.2618134319782257 | 1 | 1.0
0.2759043872356415 | 0 | 1.0
0.29387199878692627 | 1 | 1.0
0.30791500210762024 | 0 | 1.0
0.32583534717559814 | 1 | 1.0
0.33983126282691956 | 0 | 1.0
0.3577044904232025 | 1 | 1.0
0.3716529607772827 | 0 | 1.0
0.38947802782058716 | 1 | 1.0
0.40337759256362915 | 1 | 1.0
0.42115235328674316 | 0 | 1.0
0.4428001940250397 | 1 | 1.0
0.46052122116088867 | 0 | 1.0
0.48211660981178284 | 1 | 1.0
0.49978581070899963 | 0 | 1.0
0.521329939365387 | 1 | 1.0
0.5389478802680969 | 0 | 1.0
0.5604405999183655 | 1 | 1.0
0.5780066847801208 | 0 | 1.0
0.5994465947151184 | 1 | 1.0
0.6169589161872864 | 0 | 1.0
0.638343334197998 | 1 | 1.0
0.6557987928390503 | 0 | 1.0
0.6771238446235657 | 1 | 1.0
0.694517970085144 | 0 | 1.0
0.7157782912254333 | 1 | 1.0
0.7331053614616394 | 1 | 1.0
0.7542942762374878 | 0 | 1.0
0.779340922832489 | 1 | 1.0
0.8004501461982727 | 0 | 1.0
0.8254150152206421 | 1 | 1.0
0.8464409112930298 | 0 | 1.0
0.8713191747665405 | 1 | 1.0
0.8922564387321472 | 0 | 1.0
0.917041540145874 | 1 | 1.0
0.9378831386566162 | 1 | 1.0
Total reward: 80.0
7.0, 1.8, -3.5, -0.3, 1.6, -1.0, -4.0, 1.2, 2.5, 1.9
parameter ends

state | action | reward
[-0.02] | 0 | 1.0
-0.018225079402327538 | 1 | 1.0
-0.021766064688563347 | 0 | 1.0
-0.0213923417031765 | 1 | 1.0
-0.024909213185310364 | 0 | 1.0
-0.024512531235814095 | 1 | 1.0
-0.028007658198475838 | 0 | 1.0
-0.027590125799179077 | 1 | 1.0
-0.031065307557582855 | 0 | 1.0
-0.03062848187983036 | 0 | 1.0
-0.034084998071193695 | 1 | 1.0
-0.04143419489264488 | 0 | 1.0
-0.04487283155322075 | 1 | 1.0
-0.05220791697502136 | 0 | 1.0
-0.05563569813966751 | 1 | 1.0
-0.06296339631080627 | 0 | 1.0
-0.06638699024915695 | 1 | 1.0
-0.07371379435062408 | 0 | 1.0
-0.07713968306779861 | 1 | 1.0
-0.08447196334600449 | 0 | 1.0
-0.087906613945961 | 1 | 1.0
-0.09525079280138016 | 1 | 1.0
-0.09870079159736633 | 0 | 1.0
-0.09825942665338516 | 1 | 1.0
-0.10173165798187256 | 0 | 1.0
-0.10131282359361649 | 1 | 1.0
-0.10480796545743942 | 0 | 1.0
-0.10441263765096664 | 1 | 1.0
-0.1079319417476654 | 0 | 1.0
-0.10756167769432068 | 1 | 1.0
-0.11110696196556091 | 0 | 1.0
-0.11076392978429794 | 1 | 1.0
-0.11433763056993484 | 1 | 1.0
-0.11402464658021927 | 0 | 1.0
-0.10982695966959 | 1 | 1.0
-0.10954755544662476 | 0 | 1.0
-0.1053820475935936 | 1 | 1.0
-0.10513391345739365 | 0 | 1.0
-0.10099872946739197 | 1 | 1.0
-0.10078033804893494 | 0 | 1.0
-0.09667438268661499 | 1 | 1.0
-0.09648498892784119 | 0 | 1.0
-0.09240790456533432 | 1 | 1.0
-0.09224748611450195 | 0 | 1.0
-0.0881996601819992 | 1 | 1.0
-0.0880689024925232 | 1 | 1.0
-0.08405143767595291 | 0 | 1.0
-0.07614874839782715 | 1 | 1.0
-0.07216349989175797 | 0 | 1.0
-0.06429067999124527 | 1 | 1.0
-0.060333628207445145 | 0 | 1.0
-0.052487120032310486 | 1 | 1.0
-0.04855498671531677 | 0 | 1.0
-0.04073189198970795 | 1 | 1.0
-0.036822061985731125 | 0 | 1.0
-0.02902011014521122 | 1 | 1.0
-0.025130564346909523 | 0 | 1.0
-0.017348026856780052 | 1 | 1.0
-0.013477270491421223 | 0 | 1.0
-0.005712929181754589 | 1 | 1.0
-0.0018599637551233172 | 0 | 1.0
0.005886932834982872 | 1 | 1.0
0.009722648188471794 | 0 | 1.0
0.017452405765652657 | 1 | 1.0
0.02127097360789776 | 0 | 1.0
0.02898346446454525 | 1 | 1.0
0.03278455138206482 | 0 | 1.0
0.04047921672463417 | 1 | 1.0
0.04426206275820732 | 0 | 1.0
0.051937900483608246 | 1 | 1.0
0.05570129677653313 | 0 | 1.0
0.06335685402154922 | 1 | 1.0
0.06709911674261093 | 1 | 1.0
0.07473243772983551 | 0 | 1.0
0.08625519275665283 | 1 | 1.0
0.09386379271745682 | 0 | 1.0
0.10536385327577591 | 1 | 1.0
0.11295132339000702 | 0 | 1.0
0.12443194538354874 | 1 | 1.0
0.13200132548809052 | 0 | 1.0
0.14346525073051453 | 1 | 1.0
0.15101906657218933 | 0 | 1.0
0.16246861219406128 | 1 | 1.0
0.17000897228717804 | 0 | 1.0
0.18144603073596954 | 1 | 1.0
0.18897470831871033 | 0 | 1.0
0.20040084421634674 | 1 | 1.0
0.20791925489902496 | 0 | 1.0
0.21933577954769135 | 1 | 1.0
0.22684510052204132 | 0 | 1.0
0.23825301229953766 | 0 | 1.0
0.24575413763523102 | 1 | 1.0
0.2493494600057602 | 0 | 1.0
0.25684311985969543 | 1 | 1.0
0.26042798161506653 | 0 | 1.0
0.267907977104187 | 1 | 1.0
0.271476149559021 | 0 | 1.0
0.2789360582828522 | 1 | 1.0
0.28248104453086853 | 0 | 1.0
0.28991401195526123 | 1 | 1.0
0.29342883825302124 | 1 | 1.0
0.3008275032043457 | 0 | 1.0
0.3121064603328705 | 1 | 1.0
0.3194626569747925 | 0 | 1.0
0.3306979238986969 | 1 | 1.0
0.3380092680454254 | 0 | 1.0
0.34919777512550354 | 1 | 1.0
0.3564607501029968 | 0 | 1.0
0.36759835481643677 | 1 | 1.0
0.3748084008693695 | 0 | 1.0
0.38588982820510864 | 1 | 1.0
0.3930412232875824 | 1 | 1.0
0.40405988693237305 | 0 | 1.0
0.4189419448375702 | 1 | 1.0
0.42988988757133484 | 0 | 1.0
0.44469955563545227 | 1 | 1.0
0.45557376742362976 | 0 | 1.0
0.47030696272850037 | 1 | 1.0
0.4811027944087982 | 1 | 1.0
0.49575376510620117 | 0 | 1.0
0.514255702495575 | 1 | 1.0
0.5288167595863342 | 0 | 1.0
0.5472269654273987 | 1 | 1.0
0.5616950392723083 | 1 | 1.0
0.5800090432167053 | 0 | 1.0
0.6021649837493896 | 1 | 1.0
0.6203759908676147 | 0 | 1.0
0.6424275040626526 | 1 | 1.0
0.6605330109596252 | 1 | 1.0
Total reward: 129.0
7.0, 1.8, -3.5, -0.3, 1.6, -1.0, -4.0, 1.2, 2.5, 1.9
parameter ends

state | action | reward
[-0.03] | 0 | 1.0
-0.032271724194288254 | 1 | 1.0
-0.036284226924180984 | 0 | 1.0
-0.036401793360710144 | 1 | 1.0
-0.04043059051036835 | 0 | 1.0
-0.0405663400888443 | 1 | 1.0
-0.04461509361863136 | 0 | 1.0
-0.04477294161915779 | 1 | 1.0
-0.04884576052427292 | 0 | 1.0
-0.0490301251411438 | 1 | 1.0
-0.053131647408008575 | 1 | 1.0
-0.05334753170609474 | 0 | 1.0
-0.04968047887086868 | 1 | 1.0
-0.049933627247810364 | 0 | 1.0
-0.04630367085337639 | 1 | 1.0
-0.04659401625394821 | 0 | 1.0
-0.04300162196159363 | 1 | 1.0
-0.04333002492785454 | 0 | 1.0
-0.03977657109498978 | 1 | 1.0
-0.04014481604099274 | 1 | 1.0
-0.036632634699344635 | 0 | 1.0
-0.029242049902677536 | 1 | 1.0
-0.02577449008822441 | 0 | 1.0
-0.018427090719342232 | 1 | 1.0
-0.015001936815679073 | 0 | 1.0
-0.007696134969592094 | 1 | 1.0
-0.004312239587306976 | 0 | 1.0
0.002952511887997389 | 1 | 1.0
0.006295262835919857 | 1 | 1.0
0.013518495485186577 | 0 | 1.0
0.024620776996016502 | 1 | 1.0
0.03180096298456192 | 0 | 1.0
0.04286268353462219 | 1 | 1.0
0.050003889948129654 | 0 | 1.0
0.061028506606817245 | 1 | 1.0
0.06813380122184753 | 0 | 1.0
0.0791238322854042 | 1 | 1.0
0.08619534969329834 | 0 | 1.0
0.09715242683887482 | 1 | 1.0
0.10419142991304398 | 0 | 1.0
0.11511636525392532 | 1 | 1.0
0.12212330847978592 | 0 | 1.0
0.13301609456539154 | 1 | 1.0
0.13999061286449432 | 0 | 1.0
0.15085044503211975 | 1 | 1.0
0.1577913910150528 | 1 | 1.0
0.1686166524887085 | 0 | 1.0
0.18332453072071075 | 1 | 1.0
0.19411274790763855 | 0 | 1.0
0.20878556370735168 | 1 | 1.0
0.21954002976417542 | 0 | 1.0
0.23418055474758148 | 1 | 1.0
0.24490368366241455 | 0 | 1.0
0.25951385498046875 | 1 | 1.0
0.2702072560787201 | 0 | 1.0
0.28478825092315674 | 1 | 1.0
0.295452743768692 | 0 | 1.0
0.3100050389766693 | 1 | 1.0
0.3206407427787781 | 0 | 1.0
0.33516398072242737 | 1 | 1.0
0.34577029943466187 | 0 | 1.0
0.36026352643966675 | 1 | 1.0
0.37083911895751953 | 0 | 1.0
0.38530057668685913 | 1 | 1.0
0.39584335684776306 | 0 | 1.0
0.4102705419063568 | 1 | 1.0
0.42077767848968506 | 0 | 1.0
0.43516725301742554 | 1 | 1.0
0.4456351101398468 | 0 | 1.0
0.45998287200927734 | 1 | 1.0
0.47040683031082153 | 0 | 1.0
0.48470765352249146 | 1 | 1.0
0.49508222937583923 | 0 | 1.0
0.5093298554420471 | 1 | 1.0
0.5196484923362732 | 1 | 1.0
0.5338355898857117 | 0 | 1.0
0.5518871545791626 | 1 | 1.0
0.5660051107406616 | 0 | 1.0
0.5839853882789612 | 1 | 1.0
0.5980303883552551 | 0 | 1.0
0.6159346103668213 | 1 | 1.0
0.6299015283584595 | 1 | 1.0
0.6477233171463013 | 0 | 1.0
0.6693956851959229 | 1 | 1.0
0.687126874923706 | 0 | 1.0
0.7087063193321228 | 1 | 1.0
0.7263431549072266 | 0 | 1.0
0.7478246092796326 | 1 | 1.0
0.7653614282608032 | 1 | 1.0
Total reward: 89.0
7.0, 1.8, -3.5, -0.3, 1.6, -1.0, -4.0, 1.2, 2.5, 1.9
parameter ends

state | action | reward
[-0.03] | 0 | 1.0
-0.028136158362030983 | 1 | 1.0
-0.03190398961305618 | 0 | 1.0
-0.03176455572247505 | 1 | 1.0
-0.03552407771348953 | 0 | 1.0
-0.03537755832076073 | 1 | 1.0
-0.039131224155426025 | 0 | 1.0
-0.03897998481988907 | 1 | 1.0
-0.042730070650577545 | 0 | 1.0
-0.04257632791996002 | 1 | 1.0
-0.046324990689754486 | 0 | 1.0
-0.04617087170481682 | 1 | 1.0
-0.049920205026865005 | 0 | 1.0
-0.04976780340075493 | 1 | 1.0
-0.053519897162914276 | 0 | 1.0
-0.05337132140994072 | 1 | 1.0
-0.05712829902768135 | 0 | 1.0
-0.056985728442668915 | 1 | 1.0
-0.06074981391429901 | 0 | 1.0
-0.06061554700136185 | 1 | 1.0
-0.06438911706209183 | 0 | 1.0
-0.06426563113927841 | 1 | 1.0
-0.06805125623941422 | 0 | 1.0
-0.06794127821922302 | 1 | 1.0
-0.07174181193113327 | 0 | 1.0
-0.07164835929870605 | 1 | 1.0
-0.07546696066856384 | 0 | 1.0
-0.0753934308886528 | 1 | 1.0
-0.07923368364572525 | 1 | 1.0
-0.07918392866849899 | 0 | 1.0
-0.07524637132883072 | 1 | 1.0
-0.07522479444742203 | 0 | 1.0
-0.07131442427635193 | 1 | 1.0
-0.07131940126419067 | 0 | 1.0
-0.06743498891592026 | 1 | 1.0
-0.06746559590101242 | 0 | 1.0
-0.06360656768083572 | 1 | 1.0
-0.06366250663995743 | 0 | 1.0
-0.059828925877809525 | 1 | 1.0
-0.05991056188941002 | 0 | 1.0
-0.05610312521457672 | 1 | 1.0
-0.0562114454805851 | 0 | 1.0
-0.05243149772286415 | 1 | 1.0
-0.052568137645721436 | 1 | 1.0
-0.04881769418716431 | 0 | 1.0
-0.04118192195892334 | 1 | 1.0
-0.0374637246131897 | 0 | 1.0
-0.029858332127332687 | 1 | 1.0
-0.026169227436184883 | 0 | 1.0
-0.018591513857245445 | 1 | 1.0
-0.014929109252989292 | 0 | 1.0
-0.007377080153673887 | 1 | 1.0
-0.0037396815605461597 | 0 | 1.0
0.0037879953160881996 | 1 | 1.0
0.007401436101645231 | 0 | 1.0
0.014905471354722977 | 1 | 1.0
0.018495390191674232 | 0 | 1.0
0.025975896045565605 | 1 | 1.0
0.02954213321208954 | 0 | 1.0
0.03699863329529762 | 1 | 1.0
0.04054044187068939 | 0 | 1.0
0.04797186329960823 | 1 | 1.0
0.05148789659142494 | 1 | 1.0
0.05889255180954933 | 0 | 1.0
0.07018422335386276 | 1 | 1.0
0.07755976915359497 | 0 | 1.0
0.08882442116737366 | 1 | 1.0
0.09617447853088379 | 0 | 1.0
0.1074153259396553 | 1 | 1.0
0.11474284529685974 | 0 | 1.0
0.125962495803833 | 1 | 1.0
0.13326981663703918 | 0 | 1.0
0.14447030425071716 | 1 | 1.0
0.15175925195217133 | 0 | 1.0
0.16294212639331818 | 1 | 1.0
0.17021402716636658 | 0 | 1.0
0.18138037621974945 | 1 | 1.0
0.18863609433174133 | 0 | 1.0
0.19978657364845276 | 1 | 1.0
0.20702658593654633 | 0 | 1.0
0.2181614488363266 | 1 | 1.0
0.22538582980632782 | 0 | 1.0
0.236504927277565 | 1 | 1.0
0.2437133491039276 | 0 | 1.0
0.2548161447048187 | 1 | 1.0
0.2620078921318054 | 0 | 1.0
0.27309346199035645 | 1 | 1.0
0.2802673578262329 | 0 | 1.0
0.2913343608379364 | 1 | 1.0
0.29848888516426086 | 0 | 1.0
0.3095354437828064 | 1 | 1.0
0.3166685700416565 | 0 | 1.0
0.3276924788951874 | 1 | 1.0
0.33480167388916016 | 0 | 1.0
0.3458000421524048 | 1 | 1.0
0.3528822362422943 | 0 | 1.0
0.3638516366481781 | 1 | 1.0
0.3709031045436859 | 0 | 1.0
0.38183948397636414 | 1 | 1.0
0.38885584473609924 | 0 | 1.0
0.39975428581237793 | 1 | 1.0
0.40673041343688965 | 0 | 1.0
0.41758525371551514 | 1 | 1.0
0.4245150685310364 | 0 | 1.0
0.43531960248947144 | 1 | 1.0
0.4421961307525635 | 1 | 1.0
0.4529426693916321 | 0 | 1.0
0.46755504608154297 | 1 | 1.0
0.47823452949523926 | 0 | 1.0
0.49277761578559875 | 1 | 1.0
0.5033861398696899 | 0 | 1.0
0.5178549885749817 | 1 | 1.0
0.5283871293067932 | 1 | 1.0
0.5427752137184143 | 0 | 1.0
0.5610148906707764 | 1 | 1.0
0.5753138661384583 | 0 | 1.0
0.5934621095657349 | 1 | 1.0
0.6076681017875671 | 1 | 1.0
0.6257196664810181 | 0 | 1.0
0.6476126313209534 | 1 | 1.0
0.665560245513916 | 0 | 1.0
0.6873472332954407 | 1 | 1.0
Total reward: 122.0
7.0, 1.8, -3.5, -0.3, 1.6, -1.0, -4.0, 1.2, 2.5, 1.9
parameter ends

state | action | reward
[0.03] | 0 | 1.0
0.029321996495127678 | 1 | 1.0
0.025138478726148605 | 0 | 1.0
0.02485658787190914 | 1 | 1.0
0.02066972851753235 | 0 | 1.0
0.02038268931210041 | 1 | 1.0
0.016188906505703926 | 0 | 1.0
0.015893058851361275 | 1 | 1.0
0.01168864406645298 | 0 | 1.0
0.011380157433450222 | 1 | 1.0
0.007161191664636135 | 0 | 1.0
0.006835971027612686 | 1 | 1.0
0.002598227933049202 | 0 | 1.0
0.002251813653856516 | 1 | 1.0
-0.0020093312487006187 | 0 | 1.0
-0.0023818614427000284 | 1 | 1.0
-0.006671533919870853 | 0 | 1.0
-0.007075676694512367 | 1 | 1.0
-0.011399609968066216 | 1 | 1.0
-0.011841551400721073 | 0 | 1.0
-0.008404702879488468 | 1 | 1.0
-0.008891496807336807 | 0 | 1.0
-0.005500176455825567 | 1 | 1.0
-0.006033250596374273 | 0 | 1.0
-0.002689533168449998 | 1 | 1.0
-0.0032714204862713814 | 1 | 1.0
2.148524254153017e-05 | 0 | 1.0
0.007186698727309704 | 1 | 1.0
0.010424330830574036 | 0 | 1.0
0.017534973099827766 | 1 | 1.0
0.020718179643154144 | 0 | 1.0
0.02777429297566414 | 1 | 1.0
0.03090258687734604 | 1 | 1.0
0.037902895361185074 | 0 | 1.0
0.04877331852912903 | 1 | 1.0
0.05571513622999191 | 0 | 1.0
0.0665287971496582 | 1 | 1.0
0.0734146311879158 | 0 | 1.0
0.08417318016290665 | 1 | 1.0
0.09100417047739029 | 1 | 1.0
0.10170792788267136 | 0 | 1.0
0.1162831261754036 | 1 | 1.0
0.12693101167678833 | 0 | 1.0
0.14145301282405853 | 1 | 1.0
0.15204918384552002 | 0 | 1.0
0.166521355509758 | 1 | 1.0
0.17706866562366486 | 0 | 1.0
0.19149312376976013 | 1 | 1.0
0.20199322700500488 | 0 | 1.0
0.21637089550495148 | 1 | 1.0
0.22682423889636993 | 0 | 1.0
0.24115490913391113 | 1 | 1.0
0.2515608072280884 | 1 | 1.0
0.26584312319755554 | 0 | 1.0
0.2840000092983246 | 1 | 1.0
0.2982313632965088 | 0 | 1.0
0.3163391649723053 | 1 | 1.0
0.3305223882198334 | 0 | 1.0
0.3485831320285797 | 1 | 1.0
0.3627198040485382 | 0 | 1.0
0.3807344436645508 | 1 | 1.0
0.3948250114917755 | 0 | 1.0
0.41279327869415283 | 1 | 1.0
0.4268370270729065 | 0 | 1.0
0.4447575807571411 | 1 | 1.0
0.45875272154808044 | 0 | 1.0
0.4766230583190918 | 1 | 1.0
0.49056655168533325 | 0 | 1.0
0.5083829760551453 | 1 | 1.0
0.522270679473877 | 1 | 1.0
0.5400282740592957 | 0 | 1.0
0.5616523623466492 | 1 | 1.0
0.5793447494506836 | 0 | 1.0
0.6009030938148499 | 1 | 1.0
0.6185290217399597 | 0 | 1.0
0.640019416809082 | 1 | 1.0
0.6575760245323181 | 0 | 1.0
0.6789946556091309 | 1 | 1.0
0.6964776515960693 | 1 | 1.0
0.717819094657898 | 0 | 1.0
0.7430149912834167 | 1 | 1.0
0.7642720341682434 | 0 | 1.0
0.7893821001052856 | 1 | 1.0
0.8105521202087402 | 0 | 1.0
0.8355724811553955 | 1 | 1.0
0.8566510677337646 | 0 | 1.0
0.8815759420394897 | 1 | 1.0
0.9025567770004272 | 1 | 1.0
Total reward: 88.0
7.0, 1.8, -3.5, -0.3, 1.6, -1.0, -4.0, 1.2, 2.5, 1.9
parameter ends

state | action | reward
[0.02] | 0 | 1.0
0.015191690996289253 | 1 | 1.0
0.011196357198059559 | 0 | 1.0
0.01110461913049221 | 1 | 1.0
0.007110049482434988 | 0 | 1.0
0.0070176562294363976 | 1 | 1.0
0.003021016949787736 | 0 | 1.0
0.0029251202940940857 | 1 | 1.0
-0.0010764403268694878 | 0 | 1.0
-0.0011787405237555504 | 1 | 1.0
-0.005188159178942442 | 0 | 1.0
-0.005299887154251337 | 1 | 1.0
-0.009320258162915707 | 0 | 1.0
-0.00944463536143303 | 1 | 1.0
-0.013479283079504967 | 0 | 1.0
-0.013619805686175823 | 1 | 1.0
-0.01767236366868019 | 0 | 1.0
-0.017832884564995766 | 1 | 1.0
-0.021907376125454903 | 0 | 1.0
-0.022092193365097046 | 1 | 1.0
-0.02619311958551407 | 0 | 1.0
-0.02640707604587078 | 1 | 1.0
-0.030539512634277344 | 1 | 1.0
-0.03078809566795826 | 0 | 1.0
-0.027155740186572075 | 1 | 1.0
-0.027445241808891296 | 0 | 1.0
-0.02385399304330349 | 1 | 1.0
-0.02418498881161213 | 0 | 1.0
-0.020636005327105522 | 1 | 1.0
-0.021010082215070724 | 0 | 1.0
-0.017505545169115067 | 1 | 1.0
-0.017925318330526352 | 1 | 1.0
-0.01446846965700388 | 0 | 1.0
-0.007137439213693142 | 1 | 1.0
-0.0037326954770833254 | 0 | 1.0
0.003546991618350148 | 1 | 1.0
0.006900605279952288 | 0 | 1.0
0.014129172079265118 | 1 | 1.0
0.01743137091398239 | 1 | 1.0
0.024607792496681213 | 0 | 1.0
0.035656679421663284 | 1 | 1.0
0.042778611183166504 | 0 | 1.0
0.053774964064359665 | 1 | 1.0
0.06084536761045456 | 0 | 1.0
0.07179135829210281 | 1 | 1.0
0.0788118913769722 | 0 | 1.0
0.08970844000577927 | 1 | 1.0
0.09667953103780746 | 1 | 1.0
0.10752634704113007 | 0 | 1.0
0.12224741280078888 | 1 | 1.0
0.13304294645786285 | 0 | 1.0
0.14771515130996704 | 1 | 1.0
0.15846320986747742 | 0 | 1.0
0.1730896383523941 | 1 | 1.0
0.1837928295135498 | 0 | 1.0
0.1983754187822342 | 1 | 1.0
0.2090352475643158 | 0 | 1.0
0.22357484698295593 | 1 | 1.0
0.23419170081615448 | 0 | 1.0
0.24868808686733246 | 1 | 1.0
0.2592613101005554 | 1 | 1.0
0.27371320128440857 | 0 | 1.0
0.2920420169830322 | 1 | 1.0
0.30644702911376953 | 0 | 1.0
0.32473093271255493 | 1 | 1.0
0.3390921354293823 | 0 | 1.0
0.35733354091644287 | 1 | 1.0
0.3716529309749603 | 0 | 1.0
0.38985320925712585 | 1 | 1.0
0.4041317105293274 | 0 | 1.0
0.42229118943214417 | 1 | 1.0
0.4365287125110626 | 0 | 1.0
0.4546467363834381 | 1 | 1.0
0.46884220838546753 | 0 | 1.0
0.48691707849502563 | 1 | 1.0
0.5010683536529541 | 0 | 1.0
0.5190973281860352 | 1 | 1.0
0.533201277256012 | 0 | 1.0
0.5511806011199951 | 1 | 1.0
0.5652329921722412 | 0 | 1.0
0.5831577181816101 | 1 | 1.0
0.5971531271934509 | 1 | 1.0
0.6150170564651489 | 0 | 1.0
0.636745810508728 | 1 | 1.0
0.6545413732528687 | 0 | 1.0
0.6762003898620605 | 1 | 1.0
0.6939250826835632 | 0 | 1.0
0.7155107855796814 | 1 | 1.0
0.7331604361534119 | 0 | 1.0
0.7546675801277161 | 1 | 1.0
0.7722364664077759 | 1 | 1.0
0.7936582565307617 | 0 | 1.0
0.8189283013343811 | 1 | 1.0
0.840255856513977 | 0 | 1.0
0.8654289841651917 | 1 | 1.0
0.8866580128669739 | 0 | 1.0
0.9117285013198853 | 1 | 1.0
Total reward: 97.0
7.0, 1.8, -3.5, -0.3, 1.6, -1.0, -4.0, 1.2, 2.5, 1.9
parameter ends

state | action | reward
[0.02] | 0 | 1.0
0.01941085234284401 | 1 | 1.0
0.016101693734526634 | 0 | 1.0
0.01670568808913231 | 1 | 1.0
0.013417006470263004 | 0 | 1.0
0.014039825648069382 | 1 | 1.0
0.010768192820250988 | 0 | 1.0
0.011406611651182175 | 1 | 1.0
0.008149057626724243 | 0 | 1.0
0.008800282143056393 | 1 | 1.0
0.005554220173507929 | 0 | 1.0
0.006215811241418123 | 1 | 1.0
0.00297897239215672 | 0 | 1.0
0.0036487828474491835 | 1 | 1.0
0.00041915453039109707 | 0 | 1.0
0.0010952712036669254 | 1 | 1.0
-0.002128954278305173 | 0 | 1.0
-0.0014482620172202587 | 1 | 1.0
-0.004668734967708588 | 0 | 1.0
-0.003985060844570398 | 1 | 1.0
-0.00720331771299243 | 0 | 1.0
-0.006518159992992878 | 1 | 1.0
-0.00973566249012947 | 0 | 1.0
-0.009050463326275349 | 1 | 1.0
-0.01226863544434309 | 0 | 1.0
-0.011584819294512272 | 1 | 1.0
-0.014805084094405174 | 0 | 1.0
-0.014124088920652866 | 1 | 1.0
-0.017347905784845352 | 0 | 1.0
-0.016671225428581238 | 1 | 1.0
-0.019900120794773102 | 0 | 1.0
-0.019229337573051453 | 1 | 1.0
-0.022464949637651443 | 0 | 1.0
-0.021801773458719254 | 1 | 1.0
-0.025045884773135185 | 0 | 1.0
-0.024392198771238327 | 1 | 1.0
-0.027646780014038086 | 0 | 1.0
-0.027004679664969444 | 1 | 1.0
-0.03027193993330002 | 0 | 1.0
-0.02964378334581852 | 1 | 1.0
-0.03292621672153473 | 0 | 1.0
-0.03231468424201012 | 1 | 1.0
-0.03561513125896454 | 0 | 1.0
-0.0350232794880867 | 1 | 1.0
-0.038344983011484146 | 0 | 1.0
-0.03777632862329483 | 1 | 1.0
-0.04112301021814346 | 0 | 1.0
-0.040581587702035904 | 1 | 1.0
-0.043957531452178955 | 1 | 1.0
-0.04344800487160683 | 0 | 1.0
-0.039055611938238144 | 1 | 1.0
-0.03858339041471481 | 0 | 1.0
-0.034227948635816574 | 1 | 1.0
-0.0337926410138607 | 0 | 1.0
-0.02947429195046425 | 1 | 1.0
-0.029076430946588516 | 0 | 1.0
-0.024796217679977417 | 1 | 1.0
-0.024437248706817627 | 1 | 1.0
-0.020197154954075813 | 0 | 1.0
-0.012077834457159042 | 1 | 1.0
-0.007880840450525284 | 0 | 1.0
0.00019704173610080034 | 1 | 1.0
0.00435356330126524 | 0 | 1.0
0.012392026372253895 | 1 | 1.0
0.01650967262685299 | 0 | 1.0
0.024509742856025696 | 1 | 1.0
0.02858912944793701 | 0 | 1.0
0.03655087947845459 | 1 | 1.0
0.04059166461229324 | 1 | 1.0
0.04851421341300011 | 0 | 1.0
0.06031699478626251 | 1 | 1.0
0.06819847226142883 | 0 | 1.0
0.07996247708797455 | 1 | 1.0
0.08780666440725327 | 0 | 1.0
0.09953510016202927 | 1 | 1.0
0.10734480619430542 | 0 | 1.0
0.11903996020555496 | 1 | 1.0
0.12681712210178375 | 0 | 1.0
0.13848043978214264 | 1 | 1.0
0.14622613787651062 | 0 | 1.0
0.15785826742649078 | 1 | 1.0
0.16557280719280243 | 0 | 1.0
0.17717361450195312 | 1 | 1.0
0.18485648930072784 | 0 | 1.0
0.19642505049705505 | 1 | 1.0
0.20407502353191376 | 0 | 1.0
0.2156096249818802 | 1 | 1.0
0.22322462499141693 | 1 | 1.0
0.23472276329994202 | 0 | 1.0
0.2501020133495331 | 1 | 1.0
0.26156023144721985 | 0 | 1.0
0.2769010066986084 | 1 | 1.0
0.2883216142654419 | 0 | 1.0
0.30362561345100403 | 1 | 1.0
0.3150098919868469 | 0 | 1.0
0.3302779495716095 | 1 | 1.0
0.34162628650665283 | 0 | 1.0
0.3568582534790039 | 1 | 1.0
0.3681701719760895 | 0 | 1.0
0.38336503505706787 | 1 | 1.0
0.39463913440704346 | 0 | 1.0
0.40979501605033875 | 1 | 1.0
0.4210290014743805 | 0 | 1.0
0.43614304065704346 | 1 | 1.0
0.4473336637020111 | 0 | 1.0
0.46240201592445374 | 1 | 1.0
0.47354504466056824 | 0 | 1.0
0.48856285214424133 | 1 | 1.0
0.4996529817581177 | 1 | 1.0
0.5146142244338989 | 0 | 1.0
0.5334429144859314 | 1 | 1.0
0.5483402609825134 | 0 | 1.0
0.5671038627624512 | 1 | 1.0
0.5819350481033325 | 0 | 1.0
0.600630521774292 | 1 | 1.0
0.6153918504714966 | 0 | 1.0
0.634014368057251 | 1 | 1.0
0.6487006545066833 | 1 | 1.0
0.6672438979148865 | 0 | 1.0
0.6896399259567261 | 1 | 1.0
0.7080957889556885 | 0 | 1.0
0.7304023504257202 | 1 | 1.0
0.7487674355506897 | 0 | 1.0
0.770979642868042 | 1 | 1.0
0.7892484068870544 | 1 | 1.0
0.8113595843315125 | 0 | 1.0
0.8373080492019653 | 1 | 1.0
Total reward: 127.0
7.0, 1.8, -3.5, -0.3, 1.6, -1.0, -4.0, 1.2, 2.5, 1.9
parameter ends

state | action | reward
[-0.02] | 0 | 1.0
-0.01543961651623249 | 1 | 1.0
-0.018420834094285965 | 0 | 1.0
-0.017507867887616158 | 1 | 1.0
-0.020506663247942924 | 0 | 1.0
-0.0196128748357296 | 1 | 1.0
-0.022632358595728874 | 0 | 1.0
-0.02176111750304699 | 1 | 1.0
-0.024804864078760147 | 0 | 1.0
-0.02396005392074585 | 1 | 1.0
-0.027032185345888138 | 1 | 1.0
-0.026218291372060776 | 0 | 1.0
-0.02152089588344097 | 1 | 1.0
-0.02074313350021839 | 0 | 1.0
-0.016081402078270912 | 1 | 1.0
-0.015339159406721592 | 0 | 1.0
-0.010712984018027782 | 1 | 1.0
-0.010006542317569256 | 0 | 1.0
-0.0054166982881724834 | 1 | 1.0
-0.004747216589748859 | 0 | 1.0
-0.0001953701867023483 | 1 | 1.0
0.00043509871466085315 | 1 | 1.0
0.004946365486830473 | 0 | 1.0
0.013336329720914364 | 1 | 1.0
0.017803428694605827 | 0 | 1.0
0.02615053579211235 | 1 | 1.0
0.03057546727359295 | 0 | 1.0
0.0388810932636261 | 1 | 1.0
0.04326479509472847 | 0 | 1.0
0.05152927711606026 | 1 | 1.0
0.05587165802717209 | 0 | 1.0
0.06409431993961334 | 1 | 1.0
0.06839427351951599 | 1 | 1.0
0.07657342404127121 | 0 | 1.0
0.08862992376089096 | 1 | 1.0
0.0967627689242363 | 0 | 1.0
0.10877471417188644 | 1 | 1.0
0.11686398088932037 | 0 | 1.0
0.12883344292640686 | 1 | 1.0
0.1368807703256607 | 0 | 1.0
0.14880874752998352 | 1 | 1.0
0.15681470930576324 | 0 | 1.0
0.1687011867761612 | 1 | 1.0
0.1766653060913086 | 1 | 1.0
0.1885092705488205 | 0 | 1.0
0.20423142611980438 | 1 | 1.0
0.21603071689605713 | 0 | 1.0
0.23171035945415497 | 1 | 1.0
0.24346843361854553 | 0 | 1.0
0.25910836458206177 | 1 | 1.0
0.27082759141921997 | 0 | 1.0
0.28642961382865906 | 1 | 1.0
0.2981114387512207 | 0 | 1.0
0.3136763870716095 | 1 | 1.0
0.3253211975097656 | 0 | 1.0
0.34084904193878174 | 1 | 1.0
0.35245636105537415 | 0 | 1.0
0.3679460883140564 | 1 | 1.0
0.37951454520225525 | 0 | 1.0
0.39496421813964844 | 1 | 1.0
0.4064915180206299 | 0 | 1.0
0.4218982458114624 | 1 | 1.0
0.4333810806274414 | 0 | 1.0
0.44874098896980286 | 1 | 1.0
0.4601750373840332 | 1 | 1.0
0.47548314929008484 | 0 | 1.0
0.49466216564178467 | 1 | 1.0
0.5099122524261475 | 0 | 1.0
0.5290328860282898 | 1 | 1.0
0.5442240238189697 | 0 | 1.0
0.5632844567298889 | 1 | 1.0
0.5784143209457397 | 0 | 1.0
0.5974113941192627 | 1 | 1.0
0.6124761700630188 | 0 | 1.0
0.6314051747322083 | 1 | 1.0
0.646399736404419 | 1 | 1.0
0.665254533290863 | 0 | 1.0
0.687965452671051 | 1 | 1.0
0.7067380547523499 | 0 | 1.0
0.7293650507926941 | 1 | 1.0
0.7480523586273193 | 0 | 1.0
0.7705909609794617 | 1 | 1.0
0.789188027381897 | 1 | 1.0
0.8116319179534912 | 0 | 1.0
0.8379179239273071 | 1 | 1.0
0.8602587580680847 | 0 | 1.0
0.8864390254020691 | 1 | 1.0
Total reward: 87.0
7.0, 1.8, -3.5, -0.3, 1.6, -1.0, -4.0, 1.2, 2.5, 1.9
parameter ends

state | action | reward
[-0.02] | 0 | 1.0
-0.014636272564530373 | 1 | 1.0
-0.01767849549651146 | 0 | 1.0
-0.01682855747640133 | 1 | 1.0
-0.019892249256372452 | 0 | 1.0
-0.019065627828240395 | 1 | 1.0
-0.022154340520501137 | 0 | 1.0
-0.021354904398322105 | 1 | 1.0
-0.02447274886071682 | 1 | 1.0
-0.02370499074459076 | 0 | 1.0
-0.019054166972637177 | 1 | 1.0
-0.018323320895433426 | 0 | 1.0
-0.013708963990211487 | 1 | 1.0
-0.013014466501772404 | 0 | 1.0
-0.008436525240540504 | 1 | 1.0
-0.007778715807944536 | 0 | 1.0
-0.0032380411867052317 | 1 | 1.0
-0.002618164289742708 | 0 | 1.0
0.0018834811635315418 | 1 | 1.0
0.002463269280269742 | 1 | 1.0
0.006923183333128691 | 0 | 1.0
0.01526106521487236 | 1 | 1.0
0.019675511866807938 | 0 | 1.0
0.02796914428472519 | 1 | 1.0
0.03233994543552399 | 0 | 1.0
0.04059050232172012 | 1 | 1.0
0.04491838440299034 | 0 | 1.0
0.05312597006559372 | 1 | 1.0
0.0574105866253376 | 1 | 1.0
0.06557425111532211 | 0 | 1.0
0.07761534303426743 | 1 | 1.0
0.08573301881551743 | 0 | 1.0
0.09773028641939163 | 1 | 1.0
0.1058054268360138 | 0 | 1.0
0.11776167154312134 | 1 | 1.0
0.12579666078090668 | 0 | 1.0
0.13771365582942963 | 1 | 1.0
0.145709827542305 | 0 | 1.0
0.15758836269378662 | 1 | 1.0
0.16554610431194305 | 0 | 1.0
0.17738600075244904 | 1 | 1.0
0.18530471622943878 | 0 | 1.0
0.19710485637187958 | 1 | 1.0
0.20498301088809967 | 1 | 1.0
0.21674129366874695 | 0 | 1.0
0.23237773776054382 | 1 | 1.0
0.24409103393554688 | 0 | 1.0
0.2596840560436249 | 1 | 1.0
0.2713547646999359 | 0 | 1.0
0.2869061529636383 | 1 | 1.0
0.29853564500808716 | 0 | 1.0
0.31404611468315125 | 1 | 1.0
0.3256347179412842 | 0 | 1.0
0.34110403060913086 | 1 | 1.0
0.35265102982521057 | 0 | 1.0
0.3680778741836548 | 1 | 1.0
0.3795815706253052 | 0 | 1.0
0.39496365189552307 | 1 | 1.0
0.4064212739467621 | 0 | 1.0
0.42175522446632385 | 1 | 1.0
0.43316298723220825 | 1 | 1.0
0.44844433665275574 | 0 | 1.0
0.46759629249572754 | 1 | 1.0
0.48281925916671753 | 0 | 1.0
0.5019127130508423 | 1 | 1.0
0.5170767903327942 | 0 | 1.0
0.5361104011535645 | 1 | 1.0
0.5512136220932007 | 0 | 1.0
0.570184588432312 | 1 | 1.0
0.5852236747741699 | 0 | 1.0
0.6041277050971985 | 1 | 1.0
0.619097888469696 | 1 | 1.0
0.6379293203353882 | 0 | 1.0
0.6606180667877197 | 1 | 1.0
0.6793694496154785 | 0 | 1.0
0.7019767165184021 | 1 | 1.0
0.7206453084945679 | 0 | 1.0
0.7431670427322388 | 1 | 1.0
0.7617484331130981 | 1 | 1.0
0.7841789722442627 | 0 | 1.0
0.8104543685913086 | 1 | 1.0
0.8327859044075012 | 0 | 1.0
0.8589600920677185 | 1 | 1.0
0.8811889886856079 | 0 | 1.0
0.9072569608688354 | 1 | 1.0
Total reward: 85.0
7.0, 1.8, -3.5, -0.3, 1.6, -1.0, -4.0, 1.2, 2.5, 1.9
parameter ends

state | action | reward
[0.02] | 0 | 1.0
0.021717099472880363 | 1 | 1.0
0.017431417480111122 | 0 | 1.0
0.017045654356479645 | 1 | 1.0
0.012753105722367764 | 0 | 1.0
0.012358301319181919 | 1 | 1.0
0.008054611273109913 | 0 | 1.0
0.0076463595032691956 | 1 | 1.0
0.0033270393032580614 | 0 | 1.0
0.0029006574768573046 | 1 | 1.0
-0.0014391025761142373 | 0 | 1.0
-0.0018886820180341601 | 1 | 1.0
-0.006254119798541069 | 0 | 1.0
-0.006732465699315071 | 1 | 1.0
-0.011129358783364296 | 1 | 1.0
-0.01164266187697649 | 0 | 1.0
-0.008275515399873257 | 1 | 1.0
-0.008830764330923557 | 0 | 1.0
-0.005506159737706184 | 1 | 1.0
-0.006104642525315285 | 0 | 1.0
-0.0028244699351489544 | 1 | 1.0
-0.003468511626124382 | 1 | 1.0
-0.00023572392819914967 | 0 | 1.0
0.006871555466204882 | 1 | 1.0
0.010052833706140518 | 0 | 1.0
0.017109541222453117 | 1 | 1.0
0.02024058625102043 | 0 | 1.0
0.02724725753068924 | 1 | 1.0
0.03032810427248478 | 0 | 1.0
0.03728405013680458 | 1 | 1.0
0.04031350836157799 | 1 | 1.0
0.047216810286045074 | 0 | 1.0
0.057991873472929 | 1 | 1.0
0.06483928859233856 | 0 | 1.0
0.07555989176034927 | 1 | 1.0
0.08235346525907516 | 0 | 1.0
0.09302082657814026 | 1 | 1.0
0.09976126253604889 | 1 | 1.0
0.1103753075003624 | 0 | 1.0
0.12486153095960617 | 1 | 1.0
0.13542082905769348 | 0 | 1.0
0.14985479414463043 | 1 | 1.0
0.16036319732666016 | 0 | 1.0
0.17474794387817383 | 1 | 1.0
0.1852080076932907 | 0 | 1.0
0.19954538345336914 | 1 | 1.0
0.20995846390724182 | 0 | 1.0
0.22424912452697754 | 1 | 1.0
0.23461540043354034 | 0 | 1.0
0.24885886907577515 | 1 | 1.0
0.25917738676071167 | 1 | 1.0
0.27337202429771423 | 0 | 1.0
0.29144084453582764 | 1 | 1.0
0.30558374524116516 | 0 | 1.0
0.3236025273799896 | 1 | 1.0
0.33769625425338745 | 0 | 1.0
0.35566675662994385 | 1 | 1.0
0.36971256136894226 | 0 | 1.0
0.38763538002967834 | 1 | 1.0
0.4016333818435669 | 0 | 1.0
0.4195078909397125 | 1 | 1.0
0.4334569573402405 | 0 | 1.0
0.45128142833709717 | 1 | 1.0
0.46517935395240784 | 0 | 1.0
0.48295077681541443 | 1 | 1.0
0.49679407477378845 | 1 | 1.0
0.5145082473754883 | 0 | 1.0
0.5360903739929199 | 1 | 1.0
0.5537417531013489 | 0 | 1.0
0.5752609372138977 | 1 | 1.0
0.5928490161895752 | 0 | 1.0
0.6143039464950562 | 1 | 1.0
0.6318267583847046 | 0 | 1.0
0.6532144546508789 | 1 | 1.0
0.6706686019897461 | 0 | 1.0
0.6919846534729004 | 1 | 1.0
0.7093650698661804 | 1 | 1.0
0.7306035161018372 | 0 | 1.0
0.7556958794593811 | 1 | 1.0
0.7768487930297852 | 0 | 1.0
0.8018538355827332 | 1 | 1.0
0.8229181170463562 | 0 | 1.0
0.8478313088417053 | 1 | 1.0
0.8688018918037415 | 1 | 1.0
0.893616795539856 | 0 | 1.0
0.9222712516784668 | 1 | 1.0
0.9469793438911438 | 0 | 1.0
Total reward: 87.0
7.0, 1.8, -3.5, -0.3, 1.6, -1.0, -4.0, 1.2, 2.5, 1.9
parameter ends

state | action | reward
[0.02] | 0 | 1.0
0.01879577338695526 | 1 | 1.0
0.015186863020062447 | 0 | 1.0
0.015491645783185959 | 1 | 1.0
0.011904404498636723 | 0 | 1.0
0.0122292535379529 | 1 | 1.0
0.008660351857542992 | 0 | 1.0
0.009002158418297768 | 1 | 1.0
0.005448759999126196 | 0 | 1.0
0.005804877262562513 | 1 | 1.0
0.00226456206291914 | 0 | 1.0
0.0026327366940677166 | 1 | 1.0
-0.0008965606102719903 | 0 | 1.0
-0.0005182513268664479 | 0 | 1.0
-0.004038296639919281 | 1 | 1.0
-0.011456234380602837 | 0 | 1.0
-0.014968529343605042 | 1 | 1.0
-0.022382810711860657 | 0 | 1.0
-0.025895334780216217 | 1 | 1.0
-0.03331375494599342 | 1 | 1.0
-0.036834392696619034 | 0 | 1.0
-0.036460261791944504 | 1 | 1.0
-0.039997003972530365 | 0 | 1.0
-0.03963977470993996 | 1 | 1.0
-0.043194226920604706 | 0 | 1.0
-0.042855728417634964 | 1 | 1.0
-0.04642992094159126 | 0 | 1.0
-0.046112433075904846 | 1 | 1.0
-0.04970885068178177 | 0 | 1.0
-0.04941514506936073 | 1 | 1.0
-0.05303679779171944 | 0 | 1.0
-0.05277020111680031 | 1 | 1.0
-0.05642067268490791 | 0 | 1.0
-0.05618514120578766 | 1 | 1.0
-0.05986866354942322 | 1 | 1.0
-0.05966886505484581 | 0 | 1.0
-0.05558842048048973 | 1 | 1.0
-0.05542986840009689 | 0 | 1.0
-0.051390424370765686 | 1 | 1.0
-0.051272936165332794 | 0 | 1.0
-0.04727489501237869 | 1 | 1.0
-0.0471993088722229 | 0 | 1.0
-0.04324408620595932 | 1 | 1.0
-0.043212246149778366 | 1 | 1.0
-0.03930229693651199 | 0 | 1.0
-0.03151637315750122 | 1 | 1.0
-0.027655277401208878 | 0 | 1.0
-0.019916929304599762 | 1 | 1.0
-0.016102798283100128 | 0 | 1.0
-0.008410835638642311 | 1 | 1.0
-0.004642960149794817 | 1 | 1.0
0.00300265452824533 | 0 | 1.0
0.014524685218930244 | 1 | 1.0
0.022122804075479507 | 0 | 1.0
0.03360002860426903 | 1 | 1.0
0.04115498438477516 | 0 | 1.0
0.052591048181056976 | 1 | 1.0
0.060106061398983 | 0 | 1.0
0.07150357961654663 | 1 | 1.0
0.07898085564374924 | 0 | 1.0
0.09034145623445511 | 1 | 1.0
0.09778223186731339 | 0 | 1.0
0.1091066375374794 | 1 | 1.0
0.11651121824979782 | 1 | 1.0
0.12779924273490906 | 0 | 1.0
0.14296939969062805 | 1 | 1.0
0.15421989560127258 | 0 | 1.0
0.16935528814792633 | 1 | 1.0
0.18057288229465485 | 0 | 1.0
0.19567757844924927 | 1 | 1.0
0.20686602592468262 | 0 | 1.0
0.22194330394268036 | 1 | 1.0
0.2331055998802185 | 0 | 1.0
0.2481580525636673 | 1 | 1.0
0.2592964768409729 | 0 | 1.0
0.27432605624198914 | 1 | 1.0
0.2854422628879547 | 0 | 1.0
0.30045029520988464 | 1 | 1.0
0.3115454316139221 | 0 | 1.0
0.3265326917171478 | 1 | 1.0
0.3376072645187378 | 0 | 1.0
0.35257405042648315 | 1 | 1.0
0.363628089427948 | 0 | 1.0
0.3785741627216339 | 1 | 1.0
0.38960716128349304 | 0 | 1.0
0.4045317471027374 | 1 | 1.0
0.41554272174835205 | 0 | 1.0
0.43044450879096985 | 1 | 1.0
0.4414319097995758 | 0 | 1.0
0.45630908012390137 | 1 | 1.0
0.46727079153060913 | 0 | 1.0
0.4821208715438843 | 1 | 1.0
0.49305421113967896 | 0 | 1.0
0.5078741312026978 | 1 | 1.0
0.5187757015228271 | 0 | 1.0
0.5335617065429688 | 1 | 1.0
0.5444273948669434 | 0 | 1.0
0.5591748952865601 | 1 | 1.0
0.5699998736381531 | 0 | 1.0
0.5847033858299255 | 1 | 1.0
0.5954818725585938 | 0 | 1.0
0.610135018825531 | 1 | 1.0
0.6208601593971252 | 0 | 1.0
0.6354554891586304 | 1 | 1.0
0.6461195349693298 | 0 | 1.0
0.6606482863426208 | 1 | 1.0
0.6712422370910645 | 1 | 1.0
0.6856945157051086 | 0 | 1.0
0.7039994597434998 | 1 | 1.0
0.7183636426925659 | 0 | 1.0
0.7365761995315552 | 1 | 1.0
0.7508456110954285 | 1 | 1.0
0.7689576148986816 | 0 | 1.0
Total reward: 113.0
7.0, 1.8, -3.5, -0.3, 1.6, -1.0, -4.0, 1.2, 2.5, 1.9
parameter ends

state | action | reward
[0.04] | 0 | 1.0
0.03748813271522522 | 1 | 1.0
0.033196017146110535 | 0 | 1.0
0.03281613439321518 | 1 | 1.0
0.028542615473270416 | 0 | 1.0
0.028179852291941643 | 0 | 1.0
0.023921892046928406 | 1 | 1.0
0.01576889306306839 | 0 | 1.0
0.011523902416229248 | 1 | 1.0
0.003379201516509056 | 0 | 1.0
-0.000861748936586082 | 1 | 1.0
-0.009006811305880547 | 0 | 1.0
-0.013252442702651024 | 1 | 1.0
-0.021406427025794983 | 1 | 1.0
-0.025665460154414177 | 0 | 1.0
-0.026032915338873863 | 1 | 1.0
-0.030314292758703232 | 0 | 1.0
-0.030705483630299568 | 1 | 1.0
-0.035011909902095795 | 0 | 1.0
-0.03542986512184143 | 1 | 1.0
-0.039764635264873505 | 0 | 1.0
-0.040213003754615784 | 1 | 1.0
-0.044580042362213135 | 0 | 1.0
-0.045063186436891556 | 1 | 1.0
-0.04946715012192726 | 1 | 1.0
-0.0499902106821537 | 0 | 1.0
-0.046635281294584274 | 1 | 1.0
-0.04720434546470642 | 0 | 1.0
-0.04389555752277374 | 1 | 1.0
-0.044511131942272186 | 0 | 1.0
-0.04124964773654938 | 1 | 1.0
-0.04191337153315544 | 1 | 1.0
-0.038701508194208145 | 0 | 1.0
-0.0316162146627903 | 1 | 1.0
-0.02845751866698265 | 0 | 1.0
-0.02142413519322872 | 1 | 1.0
-0.018316805362701416 | 0 | 1.0
-0.011334296315908432 | 1 | 1.0
-0.008277805522084236 | 1 | 1.0
-0.0013463861541822553 | 0 | 1.0
0.009458494372665882 | 1 | 1.0
0.016337305307388306 | 0 | 1.0
0.02709203027188778 | 1 | 1.0
0.03392205759882927 | 0 | 1.0
0.044629693031311035 | 1 | 1.0
0.051413532346487045 | 0 | 1.0
0.062075965106487274 | 1 | 1.0
0.06881504505872726 | 0 | 1.0
0.07943305373191833 | 1 | 1.0
0.08612767606973648 | 1 | 1.0
0.09670092910528183 | 0 | 1.0
0.11115137487649918 | 1 | 1.0
0.12167839705944061 | 0 | 1.0
0.1360851228237152 | 1 | 1.0
0.14656996726989746 | 0 | 1.0
0.1609363555908203 | 1 | 1.0
0.17138196527957916 | 0 | 1.0
0.1857103705406189 | 1 | 1.0
0.19611871242523193 | 0 | 1.0
0.21041053533554077 | 1 | 1.0
0.22078260779380798 | 0 | 1.0
0.23503835499286652 | 1 | 1.0
0.24537424743175507 | 0 | 1.0
0.25959348678588867 | 1 | 1.0
0.2698924243450165 | 0 | 1.0
0.2840738594532013 | 1 | 1.0
0.2943341135978699 | 1 | 1.0
0.3084754943847656 | 0 | 1.0
0.32649606466293335 | 1 | 1.0
0.34059420228004456 | 0 | 1.0
0.3585730195045471 | 1 | 1.0
0.3726302683353424 | 0 | 1.0
0.39056912064552307 | 1 | 1.0
0.4045868217945099 | 0 | 1.0
0.42248645424842834 | 1 | 1.0
0.43646496534347534 | 0 | 1.0
0.45432519912719727 | 1 | 1.0
0.4682639241218567 | 0 | 1.0
0.4860835671424866 | 1 | 1.0
0.4999808669090271 | 0 | 1.0
0.517757773399353 | 1 | 1.0
0.5316110849380493 | 0 | 1.0
0.5493420362472534 | 1 | 1.0
0.563147783279419 | 0 | 1.0
0.5808285474777222 | 1 | 1.0
0.5945820212364197 | 0 | 1.0
0.6122072339057922 | 1 | 1.0
0.6259025931358337 | 0 | 1.0
0.6434655785560608 | 1 | 1.0
0.6570958495140076 | 1 | 1.0
0.674588680267334 | 0 | 1.0
0.6959394812583923 | 1 | 1.0
0.7133526802062988 | 0 | 1.0
0.7346210479736328 | 1 | 1.0
0.7519499659538269 | 0 | 1.0
0.773129940032959 | 1 | 1.0
0.7903681993484497 | 1 | 1.0
0.8114522695541382 | 0 | 1.0
0.8363767862319946 | 1 | 1.0
0.8573550581932068 | 0 | 1.0
Total reward: 100.0
7.0, 1.8, -3.5, -0.3, 1.6, -1.0, -4.0, 1.2, 2.5, 1.9
parameter ends

state | action | reward
[-0.] | 0 | 1.0
-0.0032302422914654016 | 1 | 1.0
-0.007768950890749693 | 0 | 1.0
-0.008408636786043644 | 1 | 1.0
-0.012955610640347004 | 0 | 1.0
-0.013605017215013504 | 1 | 1.0
-0.018163129687309265 | 0 | 1.0
-0.018825259059667587 | 1 | 1.0
-0.023397620767354965 | 0 | 1.0
-0.02407575584948063 | 1 | 1.0
-0.02866579033434391 | 0 | 1.0
-0.029363572597503662 | 1 | 1.0
-0.033975087106227875 | 0 | 1.0
-0.03469659388065338 | 1 | 1.0
-0.039333876222372055 | 0 | 1.0
-0.04008372128009796 | 1 | 1.0
-0.0447516143321991 | 1 | 1.0
-0.045535046607255936 | 0 | 1.0
-0.04243683069944382 | 1 | 1.0
-0.0432598702609539 | 0 | 1.0
-0.04020129144191742 | 1 | 1.0
-0.041064225137233734 | 0 | 1.0
-0.03804612159729004 | 1 | 1.0
-0.03895020857453346 | 0 | 1.0
-0.0359744094312191 | 1 | 1.0
-0.0369219034910202 | 1 | 1.0
-0.0339912548661232 | 0 | 1.0
-0.027184730395674706 | 1 | 1.0
-0.024303195998072624 | 0 | 1.0
-0.017544731497764587 | 1 | 1.0
-0.014710810035467148 | 0 | 1.0
-0.007999607361853123 | 1 | 1.0
-0.005212982650846243 | 0 | 1.0
0.0014505913713946939 | 1 | 1.0
0.004189071711152792 | 1 | 1.0
0.01080348901450634 | 0 | 1.0
0.021291958168148994 | 1 | 1.0
0.027854451909661293 | 0 | 1.0
0.03829272463917732 | 1 | 1.0
0.04480590298771858 | 0 | 1.0
0.05519583821296692 | 1 | 1.0
0.06166107580065727 | 0 | 1.0
0.0720033347606659 | 1 | 1.0
0.07842081040143967 | 1 | 1.0
0.08871489018201828 | 0 | 1.0
0.10288404673337936 | 1 | 1.0
0.11312821507453918 | 0 | 1.0
0.1272497922182083 | 1 | 1.0
0.13744771480560303 | 0 | 1.0
0.15152469277381897 | 1 | 1.0
0.16167888045310974 | 0 | 1.0
0.17571307718753815 | 1 | 1.0
0.1858249455690384 | 0 | 1.0
0.19981715083122253 | 1 | 1.0
0.20988702774047852 | 0 | 1.0
0.2238369882106781 | 1 | 1.0
0.23386415839195251 | 1 | 1.0
0.24777057766914368 | 0 | 1.0
0.2655544877052307 | 1 | 1.0
0.27941495180130005 | 0 | 1.0
0.29715490341186523 | 1 | 1.0
0.31097254157066345 | 0 | 1.0
0.32867100834846497 | 1 | 1.0
0.3424478769302368 | 0 | 1.0
0.36010628938674927 | 1 | 1.0
0.37384340167045593 | 0 | 1.0
0.39146217703819275 | 1 | 1.0
0.40515953302383423 | 0 | 1.0
0.4227381646633148 | 1 | 1.0
0.4363947808742523 | 0 | 1.0
0.45393168926239014 | 1 | 1.0
0.46754568815231323 | 0 | 1.0
0.4850383400917053 | 1 | 1.0
0.49860668182373047 | 0 | 1.0
0.5160515308380127 | 1 | 1.0
0.5295702219009399 | 0 | 1.0
0.546962559223175 | 1 | 1.0
0.5604264736175537 | 1 | 1.0
0.5777603983879089 | 0 | 1.0
0.5989607572555542 | 1 | 1.0
0.6162290573120117 | 0 | 1.0
0.6373626589775085 | 1 | 1.0
0.6545631289482117 | 0 | 1.0
0.6756268739700317 | 1 | 1.0
0.6927558779716492 | 0 | 1.0
0.7137449383735657 | 1 | 1.0
0.7307972311973572 | 1 | 1.0
0.7517054080963135 | 0 | 1.0
0.7764650583267212 | 1 | 1.0
0.7972840666770935 | 0 | 1.0
0.8219524025917053 | 1 | 1.0
0.8426786065101624 | 0 | 1.0
0.8672506809234619 | 1 | 1.0
0.8878785967826843 | 1 | 1.0
0.9123473167419434 | 0 | 1.0
Total reward: 95.0
7.0, 1.8, -3.5, -0.3, 1.6, -1.0, -4.0, 1.2, 2.5, 1.9
parameter ends

state | action | reward
[-0.] | 0 | 1.0
-0.0024273644667118788 | 1 | 1.0
-0.006735403556376696 | 0 | 1.0
-0.007146021351218224 | 1 | 1.0
-0.011465471237897873 | 0 | 1.0
-0.011889071203768253 | 1 | 1.0
-0.016223013401031494 | 0 | 1.0
-0.016662849113345146 | 1 | 1.0
-0.021014682948589325 | 0 | 1.0
-0.02147437445819378 | 1 | 1.0
-0.025847889482975006 | 0 | 1.0
-0.026331501081585884 | 1 | 1.0
-0.030730970203876495 | 0 | 1.0
-0.031243104487657547 | 1 | 1.0
-0.0356733612716198 | 1 | 1.0
-0.03621925786137581 | 0 | 1.0
-0.03288360685110092 | 1 | 1.0
-0.03346928954124451 | 0 | 1.0
-0.030173450708389282 | 1 | 1.0
-0.030799204483628273 | 0 | 1.0
-0.02754402533173561 | 1 | 1.0
-0.028211122378706932 | 0 | 1.0
-0.024998443201184273 | 1 | 1.0
-0.025709141045808792 | 1 | 1.0
-0.022541821002960205 | 0 | 1.0
-0.015498754568397999 | 1 | 1.0
-0.01238077599555254 | 0 | 1.0
-0.005386010278016329 | 1 | 1.0
-0.0023158970288932323 | 0 | 1.0
0.004631336312741041 | 1 | 1.0
0.007653868291527033 | 0 | 1.0
0.01455316785722971 | 1 | 1.0
0.017527233809232712 | 1 | 1.0
0.02437703125178814 | 0 | 1.0
0.035100650042295456 | 1 | 1.0
0.041898127645254135 | 0 | 1.0
0.0525711253285408 | 1 | 1.0
0.05931883305311203 | 0 | 1.0
0.06994299590587616 | 1 | 1.0
0.0766422376036644 | 0 | 1.0
0.08721815794706345 | 1 | 1.0
0.09386902302503586 | 1 | 1.0
0.10439610481262207 | 0 | 1.0
0.11879783123731613 | 1 | 1.0
0.12927423417568207 | 0 | 1.0
0.14362753927707672 | 1 | 1.0
0.15405681729316711 | 0 | 1.0
0.16836455464363098 | 1 | 1.0
0.17874906957149506 | 0 | 1.0
0.19301290810108185 | 1 | 1.0
0.2033538818359375 | 0 | 1.0
0.21757443249225616 | 1 | 1.0
0.22787202894687653 | 0 | 1.0
0.24204881489276886 | 1 | 1.0
0.2523021101951599 | 1 | 1.0
0.26643356680870056 | 0 | 1.0
0.28444141149520874 | 1 | 1.0
0.2985248863697052 | 0 | 1.0
0.31648650765419006 | 1 | 1.0
0.3305248022079468 | 0 | 1.0
0.34844234585762024 | 1 | 1.0
0.36243706941604614 | 0 | 1.0
0.380311518907547 | 1 | 1.0
0.39426326751708984 | 0 | 1.0
0.4120945930480957 | 1 | 1.0
0.4260028302669525 | 0 | 1.0
0.44378989934921265 | 1 | 1.0
0.45765307545661926 | 0 | 1.0
0.475393682718277 | 1 | 1.0
0.4892091453075409 | 0 | 1.0
0.5069000124931335 | 1 | 1.0
0.5206639766693115 | 0 | 1.0
0.538300633430481 | 1 | 1.0
0.552008330821991 | 1 | 1.0
0.5695850849151611 | 0 | 1.0
0.5910274386405945 | 1 | 1.0
0.6085371971130371 | 0 | 1.0
0.6299115419387817 | 1 | 1.0
0.6473522782325745 | 0 | 1.0
0.668655514717102 | 1 | 1.0
0.6860237121582031 | 0 | 1.0
0.707251250743866 | 1 | 1.0
0.7245415449142456 | 1 | 1.0
0.7456870675086975 | 0 | 1.0
0.7706834673881531 | 1 | 1.0
0.7917388081550598 | 0 | 1.0
0.8166428208351135 | 1 | 1.0
0.8376043438911438 | 0 | 1.0
0.8624109029769897 | 1 | 1.0
0.8832730650901794 | 1 | 1.0
Total reward: 90.0
7.0, 1.8, -3.5, -0.3, 1.6, -1.0, -4.0, 1.2, 2.5, 1.9
parameter ends

state | action | reward
[0.02] | 0 | 1.0
0.01992710307240486 | 0 | 1.0
0.01525659766048193 | 1 | 1.0
0.006681067403405905 | 0 | 1.0
0.002003935631364584 | 1 | 1.0
-0.006582626607269049 | 1 | 1.0
-0.0112755186855793 | 0 | 1.0
-0.012078295461833477 | 1 | 1.0
-0.016796357929706573 | 0 | 1.0
-0.017625991255044937 | 1 | 1.0
-0.02237246185541153 | 0 | 1.0
-0.023232556879520416 | 1 | 1.0
-0.028011322021484375 | 0 | 1.0
-0.028906187042593956 | 1 | 1.0
-0.03372185677289963 | 0 | 1.0
-0.034656595438718796 | 1 | 1.0
-0.03951459378004074 | 1 | 1.0
-0.040495190769433975 | 0 | 1.0
-0.037601716816425323 | 1 | 1.0
-0.03863523527979851 | 0 | 1.0
-0.03579547628760338 | 1 | 1.0
-0.036883559077978134 | 1 | 1.0
-0.03409993648529053 | 0 | 1.0
-0.027446912601590157 | 1 | 1.0
-0.024723241105675697 | 0 | 1.0
-0.018129130825400352 | 1 | 1.0
-0.0154640544205904 | 0 | 1.0
-0.00892837718129158 | 1 | 1.0
-0.006321967113763094 | 1 | 1.0
0.0001543462130939588 | 0 | 1.0
0.010498733259737492 | 1 | 1.0
0.01691325008869171 | 0 | 1.0
0.027197696268558502 | 1 | 1.0
0.033553093671798706 | 0 | 1.0
0.043779369443655014 | 1 | 1.0
0.05007687211036682 | 1 | 1.0
0.0602453351020813 | 0 | 1.0
0.0742834061384201 | 1 | 1.0
0.08439293503761292 | 0 | 1.0
0.09837473928928375 | 1 | 1.0
0.10842939466238022 | 0 | 1.0
0.12235811352729797 | 1 | 1.0
0.1323605626821518 | 0 | 1.0
0.14623810350894928 | 1 | 1.0
0.15618973970413208 | 1 | 1.0
0.17001670598983765 | 0 | 1.0
0.18771781027317047 | 1 | 1.0
0.2014935314655304 | 0 | 1.0
0.21914635598659515 | 1 | 1.0
0.2328755408525467 | 0 | 1.0
0.25048401951789856 | 1 | 1.0
0.26417019963264465 | 0 | 1.0
0.28173723816871643 | 1 | 1.0
0.2953827977180481 | 0 | 1.0
0.31291016936302185 | 1 | 1.0
0.3265165388584137 | 0 | 1.0
0.3440050482749939 | 1 | 1.0
0.35757261514663696 | 0 | 1.0
0.37502211332321167 | 1 | 1.0
0.3885503113269806 | 0 | 1.0
0.40595972537994385 | 1 | 1.0
0.41944700479507446 | 0 | 1.0
0.43681421875953674 | 1 | 1.0
0.4502581059932709 | 0 | 1.0
0.46758002042770386 | 1 | 1.0
0.48097699880599976 | 1 | 1.0
0.49824947118759155 | 0 | 1.0
0.5193946361541748 | 1 | 1.0
0.536612331867218 | 0 | 1.0
0.557702898979187 | 1 | 1.0
0.5748657584190369 | 0 | 1.0
0.59590083360672 | 1 | 1.0
0.6130075454711914 | 0 | 1.0
0.6339850425720215 | 1 | 1.0
0.6510328650474548 | 0 | 1.0
0.6719492673873901 | 1 | 1.0
0.6889342665672302 | 0 | 1.0
0.7097846865653992 | 1 | 1.0
0.7267013788223267 | 0 | 1.0
0.7474794387817383 | 1 | 1.0
0.7643210291862488 | 1 | 1.0
0.7850188612937927 | 0 | 1.0
0.809567928314209 | 1 | 1.0
0.8301759362220764 | 0 | 1.0
0.8546319603919983 | 1 | 1.0
0.8751450777053833 | 0 | 1.0
0.8995017409324646 | 1 | 1.0
Total reward: 87.0
7.0, 1.8, -3.5, -0.3, 1.6, -1.0, -4.0, 1.2, 2.5, 1.9
parameter ends

state | action | reward
[0.03] | 0 | 1.0
0.024995407089591026 | 1 | 1.0
0.020520538091659546 | 0 | 1.0
0.019946172833442688 | 1 | 1.0
0.015465717762708664 | 0 | 1.0
0.014883884228765965 | 1 | 1.0
0.010394129902124405 | 0 | 1.0
0.009801005013287067 | 1 | 1.0
0.005298051051795483 | 0 | 1.0
0.004689579363912344 | 1 | 1.0
0.00016925684758462012 | 0 | 1.0
-0.0004589460149873048 | 1 | 1.0
-0.0050011747516691685 | 0 | 1.0
-0.005653922911733389 | 1 | 1.0
-0.010223062708973885 | 0 | 1.0
-0.010905709117650986 | 1 | 1.0
-0.01550733856856823 | 1 | 1.0
-0.016225889325141907 | 0 | 1.0
-0.013064463622868061 | 1 | 1.0
-0.013825749047100544 | 0 | 1.0
-0.01070757582783699 | 1 | 1.0
-0.011512748897075653 | 0 | 1.0
-0.008439594879746437 | 1 | 1.0
-0.009290865622460842 | 1 | 1.0
-0.006265576928853989 | 0 | 1.0
0.000633962161373347 | 1 | 1.0
0.003607355058193207 | 0 | 1.0
0.010455985553562641 | 1 | 1.0
0.013378840871155262 | 0 | 1.0
0.020177174359560013 | 1 | 1.0
0.023049600422382355 | 0 | 1.0
0.029797015711665154 | 1 | 1.0
0.03261788934469223 | 1 | 1.0
0.03931253403425217 | 0 | 1.0
0.04987889155745506 | 1 | 1.0
0.0565175861120224 | 0 | 1.0
0.0670294463634491 | 1 | 1.0
0.07361428439617157 | 0 | 1.0
0.08407294005155563 | 1 | 1.0
0.09060467779636383 | 1 | 1.0
0.10101009160280228 | 0 | 1.0
0.11528775095939636 | 1 | 1.0
0.12563855946063995 | 0 | 1.0
0.13986411690711975 | 1 | 1.0
0.15016421675682068 | 0 | 1.0
0.1643408089876175 | 1 | 1.0
0.17459283769130707 | 0 | 1.0
0.18872235715389252 | 1 | 1.0
0.19892773032188416 | 0 | 1.0
0.21301092207431793 | 1 | 1.0
0.22316989302635193 | 0 | 1.0
0.2372063547372818 | 1 | 1.0
0.2473180592060089 | 1 | 1.0
0.2613062262535095 | 0 | 1.0
0.2791689336299896 | 1 | 1.0
0.2931060492992401 | 0 | 1.0
0.31091946363449097 | 1 | 1.0
0.32480815052986145 | 0 | 1.0
0.3425741493701935 | 1 | 1.0
0.35641583800315857 | 0 | 1.0
0.3741351366043091 | 1 | 1.0
0.3879300653934479 | 0 | 1.0
0.40560224652290344 | 1 | 1.0
0.4193495512008667 | 0 | 1.0
0.43697303533554077 | 1 | 1.0
0.45067062973976135 | 0 | 1.0
0.46824267506599426 | 1 | 1.0
0.4818873405456543 | 1 | 1.0
0.49940404295921326 | 0 | 1.0
0.5207898616790771 | 1 | 1.0
0.5382458567619324 | 0 | 1.0
0.5595712065696716 | 1 | 1.0
0.576966404914856 | 0 | 1.0
0.5982301831245422 | 1 | 1.0
0.6155629754066467 | 0 | 1.0
0.6367627382278442 | 1 | 1.0
0.6540301442146301 | 0 | 1.0
0.6751618981361389 | 1 | 1.0
0.692359447479248 | 0 | 1.0
0.7134177684783936 | 1 | 1.0
0.7305394411087036 | 1 | 1.0
0.7515172362327576 | 0 | 1.0
0.7763465046882629 | 1 | 1.0
0.7972348928451538 | 0 | 1.0
0.821972131729126 | 1 | 1.0
0.8427668809890747 | 0 | 1.0
0.86740642786026 | 1 | 1.0
0.8881013989448547 | 1 | 1.0
Total reward: 88.0
7.0, 1.8, -3.5, -0.3, 1.6, -1.0, -4.0, 1.2, 2.5, 1.9
parameter ends

state | action | reward
[0.01] | 0 | 1.0
0.0129014253616333 | 1 | 1.0
0.008132727816700935 | 0 | 1.0
0.007254663854837418 | 1 | 1.0
0.002461632713675499 | 0 | 1.0
0.00155729113612324 | 1 | 1.0
-0.0032637882977724075 | 0 | 1.0
-0.0041984859853982925 | 1 | 1.0
-0.009051959030330181 | 0 | 1.0
-0.010021782480180264 | 1 | 1.0
-0.014912709593772888 | 0 | 1.0
-0.015923215076327324 | 1 | 1.0
-0.020857466384768486 | 1 | 1.0
-0.02191510982811451 | 0 | 1.0
-0.019099654629826546 | 1 | 1.0
-0.020211977884173393 | 0 | 1.0
-0.017452310770750046 | 1 | 1.0
-0.018621476367115974 | 1 | 1.0
-0.015920564532279968 | 0 | 1.0
-0.009352126158773899 | 1 | 1.0
-0.006714391056448221 | 0 | 1.0
-0.00020848619169555604 | 1 | 1.0
0.0023667532950639725 | 0 | 1.0
0.008809872902929783 | 1 | 1.0
0.01132179144769907 | 1 | 1.0
0.017700375989079475 | 0 | 1.0
0.02794342301785946 | 1 | 1.0
0.034254107624292374 | 0 | 1.0
0.04443049058318138 | 1 | 1.0
0.05067487433552742 | 1 | 1.0
0.06078518554568291 | 0 | 1.0
0.0747600644826889 | 1 | 1.0
0.08480321615934372 | 0 | 1.0
0.09871357679367065 | 1 | 1.0
0.1086934432387352 | 0 | 1.0
0.12254216521978378 | 1 | 1.0
0.1324610561132431 | 1 | 1.0
0.14624953269958496 | 0 | 1.0
0.16390657424926758 | 1 | 1.0
0.17763464152812958 | 0 | 1.0
0.1952345073223114 | 1 | 1.0
0.2089071273803711 | 0 | 1.0
0.22645391523838043 | 1 | 1.0
0.24007469415664673 | 0 | 1.0
0.25757116079330444 | 1 | 1.0
0.2711424231529236 | 0 | 1.0
0.28859013319015503 | 1 | 1.0
0.302112877368927 | 0 | 1.0
0.31951215863227844 | 1 | 1.0
0.3329862654209137 | 1 | 1.0
0.3503362834453583 | 0 | 1.0
0.37156057357788086 | 1 | 1.0
0.38885924220085144 | 0 | 1.0
0.41003429889678955 | 1 | 1.0
0.4272848665714264 | 0 | 1.0
0.448413223028183 | 1 | 1.0
0.4656177759170532 | 0 | 1.0
0.48670077323913574 | 1 | 1.0
0.5038602352142334 | 0 | 1.0
0.5248981714248657 | 1 | 1.0
0.5420123338699341 | 0 | 1.0
0.5630043745040894 | 1 | 1.0
0.5800718665122986 | 0 | 1.0
0.6010159850120544 | 1 | 1.0
0.6180344223976135 | 0 | 1.0
0.6389275789260864 | 1 | 1.0
0.6558934450149536 | 0 | 1.0
0.676731288433075 | 1 | 1.0
0.6936397552490234 | 0 | 1.0
0.7144167423248291 | 1 | 1.0
0.7312618494033813 | 1 | 1.0
0.7519711256027222 | 0 | 1.0
0.7765403985977173 | 1 | 1.0
0.7971735596656799 | 0 | 1.0
0.8216646909713745 | 1 | 1.0
0.8422181010246277 | 0 | 1.0
0.8666263222694397 | 1 | 1.0
0.8870947957038879 | 0 | 1.0
0.9114136099815369 | 1 | 1.0
0.9317901730537415 | 1 | 1.0
0.9560113549232483 | 0 | 1.0
0.9840714335441589 | 1 | 1.0
Total reward: 82.0
