-1.6, -4.5, 4.0, -2.8, -2.2, -2.6, -4.5, 2.3, 2.3, -1.2, 0.2, 0.0, 1.1, -0.8, -2.3, 5.8, 0.4, 2.2
parameter ends

state | action | reward
[2.42] | 2 | -0.5
2.0323585212327138 | 2 | -0.5
1.72619328277333 | 2 | -0.5
1.5919892459927658 | 2 | -0.5
1.576567177931831 | 2 | -0.5
1.5385248260956916 | 2 | -0.5
1.5763481737591554 | 2 | -0.5
1.6935488181028189 | 2 | -0.5
1.8461437868472317 | 2 | -0.5
2.2117679924905467 | 2 | -0.5
5.904746063910927 | 2 | -0.5
5.438758509508792 | 2 | -0.5
5.231804040266787 | 2 | -0.5
5.196788107299502 | 2 | -0.5
5.329091967358964 | 2 | -0.5
4.281278056052591 | 2 | -0.5
3.0947159364313825 | 2 | -0.5
2.490752885920301 | 2 | -0.5
2.1891472926771005 | 2 | -0.5
2.0161839147838414 | 2 | -0.5
1.9049159343203688 | 2 | -0.5
1.8440478298674983 | 2 | -0.5
1.8822518335513618 | 2 | -0.5
1.9873835978059864 | 2 | -0.5
2.1953576232629173 | 2 | -0.5
2.4813221969151504 | 2 | -0.5
3.0213611251132484 | 2 | -0.5
7.343865374027482 | 2 | -0.5
6.975214098971919 | 2 | -0.5
6.7636443889697 | 2 | -0.5
6.792847662309841 | 2 | -0.5
4.290960679507266 | 2 | -0.5
2.980319694113477 | 2 | -0.5
2.2731283718586446 | 2 | -0.5
1.960799091978441 | 2 | -0.5
1.7081997509934908 | 2 | -0.5
1.6353299584602523 | 2 | -0.5
1.6136550588390939 | 2 | -0.5
1.6061903545930323 | 2 | -0.5
1.6439196709055304 | 2 | -0.5
1.814221377769372 | 2 | -0.5
2.079024675158842 | 2 | -0.5
2.557603483204958 | 2 | -0.5
5.789500009427289 | 2 | -0.5
5.380512016089002 | 2 | -0.5
5.229937815706107 | 2 | -0.5
5.267231900968425 | 2 | -0.5
5.4708525594299875 | 2 | -0.5
3.460648073418618 | 2 | -0.5
2.6753773233895095 | 2 | -0.5
2.2179183103374465 | 2 | -0.5
1.989607601976714 | 2 | -0.5
1.8210972924368414 | 2 | -0.5
1.8032730155138994 | 2 | -0.5
1.8589727566393663 | 2 | -0.5
1.8963586363956613 | 2 | -0.5
2.1048325200798486 | 2 | -0.5
2.50414306153936 | 2 | -0.5
3.2134937783918978 | 2 | -0.5
6.96433506956254 | 2 | -0.5
6.627330088536069 | 2 | -0.5
6.5602614394434395 | 2 | -0.5
5.499504616357919 | 2 | -0.5
3.3573162692876437 | 2 | -0.5
2.35407127062973 | 2 | -0.5
1.984775923902487 | 2 | -0.5
1.7972528764683686 | 2 | -0.5
1.691259713366938 | 2 | -0.5
1.5833636103729365 | 2 | -0.5
1.5471941117563628 | 2 | -0.5
1.6161552920057782 | 2 | -0.5
1.673341696024083 | 2 | -0.5
1.8501924225477542 | 2 | -0.5
2.124401093785482 | 2 | -0.5
2.601836983064399 | 2 | -0.5
5.962211300371542 | 2 | -0.5
5.609888479314261 | 2 | -0.5
5.493910731876767 | 2 | -0.5
5.6507578044851385 | 2 | -0.5
4.206826526731319 | 2 | -0.5
3.179208099302251 | 2 | -0.5
2.564232925526491 | 2 | -0.5
2.23178835424028 | 2 | -0.5
2.0657004219040833 | 2 | -0.5
1.9865023585696235 | 2 | -0.5
1.9414047179014933 | 2 | -0.5
1.9895095566975667 | 2 | -0.5
2.086709694089471 | 2 | -0.5
2.3305184702706727 | 2 | -0.5
2.7298693031659087 | 2 | -0.5
3.2443359481637195 | 2 | -0.5
7.1017037396304135 | 2 | -0.5
6.690106774143089 | 2 | -0.5
6.544271180751297 | 2 | -0.5
6.654524775466459 | 2 | -0.5
3.6792765805140277 | 2 | -0.5
2.6576525876617607 | 2 | -0.5
2.0694201322141796 | 2 | -0.5
1.8495781300869443 | 2 | -0.5
1.6771389587591041 | 2 | -0.5
1.56154170944106 | 2 | -0.5
1.571736410237055 | 2 | -0.5
1.6019814239874508 | 2 | -0.5
1.6606073689891516 | 2 | -0.5
1.8770173138726498 | 2 | -0.5
2.17726800430683 | 2 | -0.5
2.628979292800199 | 2 | -0.5
5.866726674487478 | 2 | -0.5
5.487526158176063 | 2 | -0.5
5.388653779741439 | 2 | -0.5
5.520511026958683 | 2 | -0.5
4.257757599394425 | 2 | -0.5
2.9230485686786722 | 2 | -0.5
2.2968298101442155 | 2 | -0.5
1.966587140128457 | 2 | -0.5
1.8111464149612562 | 2 | -0.5
1.7217113332767897 | 2 | -0.5
1.745101099326046 | 2 | -0.5
1.8319037628264558 | 2 | -0.5
1.969130812335198 | 2 | -0.5
2.2341026607512724 | 2 | -0.5
2.689494402666336 | 2 | -0.5
3.355896841420452 | 2 | -0.5
6.857234740338824 | 2 | -0.5
6.526093593266705 | 2 | -0.5
6.46885938253707 | 2 | -0.5
5.5383545560985805 | 2 | -0.5
3.1263087435669963 | 2 | -0.5
2.382563050227446 | 2 | -0.5
1.966154728596432 | 2 | -0.5
1.7675335112946422 | 2 | -0.5
1.6330841004404069 | 2 | -0.5
1.5367789922623234 | 2 | -0.5
1.5842487914767158 | 2 | -0.5
1.586308096778651 | 2 | -0.5
1.7816783677401595 | 2 | -0.5
1.9524388262895787 | 2 | -0.5
2.377180829544634 | 2 | -0.5
6.0770169826014016 | 2 | -0.5
5.641028959961805 | 2 | -0.5
5.491507439086121 | 2 | -0.5
5.551696386615929 | 2 | -0.5
4.786136046823108 | 2 | -0.5
3.376837481026471 | 2 | -0.5
2.5619606342852963 | 2 | -0.5
2.1699219356534245 | 2 | -0.5
1.9876715123694073 | 2 | -0.5
1.8439085147684307 | 2 | -0.5
1.8587466618448898 | 2 | -0.5
1.8587937082858799 | 2 | -0.5
1.939101931995473 | 2 | -0.5
2.191422974510311 | 2 | -0.5
2.4613151951372743 | 2 | -0.5
2.978207225327757 | 2 | -0.5
6.935171228687482 | 2 | -0.5
6.585249599694572 | 2 | -0.5
6.314491082144362 | 2 | -0.5
6.415653577458447 | 2 | -0.5
5.163256010420896 | 2 | -0.5
3.2796824554323503 | 2 | -0.5
2.405841222599864 | 2 | -0.5
1.9711232434041515 | 2 | -0.5
1.749787421542478 | 2 | -0.5
1.6496001341182007 | 2 | -0.5
1.613848526012071 | 2 | -0.5
1.6263633014488268 | 2 | -0.5
1.670706758915502 | 2 | -0.5
1.7988923831514887 | 2 | -0.5
2.0544141790947585 | 2 | -0.5
2.430614154710763 | 2 | -0.5
6.316647039820083 | 2 | -0.5
5.811267436078553 | 2 | -0.5
5.531398326650428 | 2 | -0.5
5.480998038547466 | 2 | -0.5
5.655104493345422 | 2 | -0.5
3.680883681229061 | 2 | -0.5
2.765642103139588 | 2 | -0.5
2.2346022816942726 | 2 | -0.5
2.0208762518531866 | 2 | -0.5
1.8207505105918833 | 2 | -0.5
1.762924001997828 | 2 | -0.5
1.7406995975439103 | 2 | -0.5
1.803235790689459 | 2 | -0.5
1.977444165505766 | 2 | -0.5
2.2789390748672527 | 2 | -0.5
2.791239734354123 | 2 | -0.5
7.074033114955083 | 2 | -0.5
6.558971156590489 | 2 | -0.5
6.382066801041227 | 2 | -0.5
6.524698213731744 | 2 | -0.5
3.597240181317914 | 2 | -0.5
2.6418591594396075 | 2 | -0.5
2.096755122682609 | 2 | -0.5
1.8158188530255532 | 2 | -0.5
1.6782540248817401 | 2 | -0.5
1.610551964564662 | 2 | -0.5
1.6032257616486545 | 2 | -0.5
1.662586257530222 | 2 | -0.5
1.8020238005408198 | 2 | -0.5
1.9721122263636892 | 2 | -0.5
2.376723646530023 | 2 | -0.5
6.162465959670466 | 2 | -0.5
5.729111475779527 | 2 | -0.5
5.51468074840724 | 2 | -0.5
5.519431794567009 | 2 | -0.5
5.188422919475846 | 2 | -0.5
3.3933648673088617 | 2 | -0.5
2.787541189000493 | 2 | -0.5
2.2498296322576152 | 2 | -0.5
2.0364856638726017 | 2 | -0.5
1.8753123493358022 | 2 | -0.5
1.8163501724741455 | 2 | -0.5
1.8333535872468374 | 2 | -0.5
1.9382813879871057 | 2 | -0.5
2.213334362305256 | 2 | -0.5
2.5379115555023004 | 2 | -0.5
3.165333053177629 | 2 | -0.5
6.80041829620185 | 2 | -0.5
6.418495262771776 | 2 | -0.5
6.352521889828079 | 2 | -0.5
5.7911478652503074 | 2 | -0.5
3.475156458022278 | 2 | -0.5
2.4966064264707297 | 2 | -0.5
2.00511993085877 | 2 | -0.5
1.793781853944186 | 2 | -0.5
1.6912858928971228 | 2 | -0.5
1.6107031264935066 | 2 | -0.5
1.632149291712259 | 2 | -0.5
1.6492875088560286 | 2 | -0.5
1.7530210215098032 | 2 | -0.5
1.9478877608323433 | 2 | -0.5
2.2833601758185025 | 2 | -0.5
6.314458719241307 | 2 | -0.5
5.827351283898507 | 2 | -0.5
5.53017093437194 | 2 | -0.5
5.563086880640546 | 2 | -0.5
5.722086365778986 | 2 | -0.5
3.6169590486120984 | 2 | -0.5
2.6405455528369584 | 2 | -0.5
2.202473006656448 | 2 | -0.5
1.9874749089086337 | 2 | -0.5
1.8702346663698786 | 2 | -0.5
1.8269431211399965 | 2 | -0.5
1.884136071324614 | 2 | -0.5
1.9341487755633426 | 2 | -0.5
2.1873464264702966 | 2 | -0.5
2.580555006388173 | 2 | -0.5
3.217473723706187 | 2 | -0.5
6.798515370421431 | 2 | -0.5
6.513311836843172 | 2 | -0.5
6.378043996783377 | 2 | -0.5
6.223810651025869 | 2 | -0.5
3.4400887450219795 | 2 | -0.5
2.3961528537595798 | 2 | -0.5
1.9292626221000115 | 2 | -0.5
1.7537221466159871 | 2 | -0.5
1.6331473003038877 | 2 | -0.5
1.5408878617113013 | 2 | -0.5
1.5275163288131979 | 2 | -0.5
1.5817782231736368 | 2 | -0.5
1.672848678762841 | 2 | -0.5
1.871079557209437 | 2 | -0.5
2.174574982663979 | 2 | -0.5
2.8579898931925456 | 2 | -0.5
5.811253735076597 | 2 | -0.5
5.584771112617426 | 2 | -0.5
5.559040984575022 | 2 | -0.5
5.762256986569635 | 2 | -0.5
3.955148381415787 | 2 | -0.5
2.7940261697628928 | 2 | -0.5
2.389472757767527 | 2 | -0.5
2.1228881091407104 | 2 | -0.5
1.9390804163130142 | 2 | -0.5
1.879123627748442 | 2 | -0.5
1.9000640100416912 | 2 | -0.5
1.9920126833788787 | 2 | -0.5
2.221653068959714 | 2 | -0.5
2.493537234235885 | 2 | -0.5
2.9864086258529166 | 2 | -0.5
7.153731977129532 | 2 | -0.5
6.596001336037898 | 2 | -0.5
6.399735671384737 | 2 | -0.5
6.462961473516733 | 2 | -0.5
4.348539351087945 | 2 | -0.5
2.9004248899542278 | 2 | -0.5
2.450613946860336 | 2 | -0.5
2.019270120123359 | 2 | -0.5
1.774466491292031 | 2 | -0.5
1.6788193816980137 | 2 | -0.5
1.6376086612873066 | 2 | -0.5
1.6237224786393294 | 2 | -0.5
1.6740634528799132 | 2 | -0.5
1.7866486997928137 | 2 | -0.5
1.949403082311491 | 2 | -0.5
2.244541082644287 | 2 | -0.5
2.9297731786626553 | 2 | -0.5
5.972105530951065 | 2 | -0.5
5.69946419765147 | 2 | -0.5
5.652608425672781 | 2 | -0.5
5.861134260520313 | 2 | -0.5
3.6317065599009863 | 2 | -0.5
2.7900765698707324 | 2 | -0.5
2.1966965256711193 | 2 | -0.5
1.9716565101032868 | 2 | -0.5
1.8829216763501215 | 2 | -0.5
1.8619903990539504 | 2 | -0.5
1.864100101074772 | 2 | -0.5
1.9662869356217287 | 2 | -0.5
2.155364497812334 | 2 | -0.5
2.629662945114986 | 2 | -0.5
3.2578243466431696 | 2 | -0.5
6.6953100080064 | 2 | -0.5
6.420760037502316 | 2 | -0.5
6.306664271365554 | 2 | -0.5
6.146599264544781 | 2 | -0.5
3.704943578074308 | 2 | -0.5
2.622786952465515 | 2 | -0.5
1.9948650251602469 | 2 | -0.5
1.8100483108502892 | 2 | -0.5
1.6284407156934537 | 2 | -0.5
1.6147544862701775 | 2 | -0.5
1.557666741111012 | 2 | -0.5
1.5877044196896597 | 2 | -0.5
1.664019579556786 | 2 | -0.5
1.8116130110140942 | 2 | -0.5
2.078755292361498 | 2 | -0.5
2.8574320197874874 | 2 | -0.5
5.967500617534952 | 2 | -0.5
5.675348797195371 | 2 | -0.5
5.61195316187054 | 2 | -0.5
5.833535889103158 | 2 | -0.5
3.669876632537046 | 2 | -0.5
2.678073830541231 | 2 | -0.5
2.2565004701597626 | 2 | -0.5
2.0256711263868925 | 2 | -0.5
1.923554048581249 | 2 | -0.5
1.820127158049356 | 2 | -0.5
1.8431283310382343 | 2 | -0.5
1.901220191617801 | 2 | -0.5
1.9978896153318364 | 2 | -0.5
2.2959949636468 | 2 | -0.5
2.6879677222094966 | 2 | -0.5
3.369815452720336 | 2 | -0.5
6.731721171931991 | 2 | -0.5
6.332820952067284 | 2 | -0.5
6.24438550912982 | 2 | -0.5
5.356281217049353 | 2 | -0.5
3.184198012739721 | 2 | -0.5
2.3115560417791863 | 2 | -0.5
1.8608754121729876 | 2 | -0.5
1.6175197061835531 | 2 | -0.5
1.5415522866824103 | 2 | -0.5
1.5124208677445405 | 2 | -0.5
1.5114219470155081 | 2 | -0.5
1.6537805118410795 | 2 | -0.5
1.7716894135644452 | 2 | -0.5
2.0017286098690983 | 2 | -0.5
2.30145099534581 | 2 | -0.5
6.338237110840838 | 2 | -0.5
5.91379627258365 | 2 | -0.5
5.628604414043914 | 2 | -0.5
5.656435993763412 | 2 | -0.5
5.871238133808427 | 2 | -0.5
3.5254913760026443 | 2 | -0.5
2.709610190284034 | 2 | -0.5
2.2885022168873257 | 2 | -0.5
2.0262772614343 | 2 | -0.5
1.9284164471130463 | 2 | -0.5
1.8424804625393725 | 2 | -0.5
1.8380884905278765 | 2 | -0.5
1.9314919621362248 | 2 | -0.5
2.0898332006977287 | 2 | -0.5
2.314372324628968 | 2 | -0.5
2.8567528055093274 | 2 | -0.5
3.580099276155002 | 2 | -0.5
6.545870274316658 | 2 | -0.5
6.26192598404912 | 2 | -0.5
6.249981900812402 | 2 | -0.5
6.366262552088952 | 2 | -0.5
3.4085677522385835 | 2 | -0.5
2.503813191424374 | 2 | -0.5
2.018344604621496 | 2 | -0.5
1.7695497288238462 | 2 | -0.5
1.6383147428273002 | 2 | -0.5
1.5122831697991639 | 2 | -0.5
1.5100583031623254 | 2 | -0.5
1.524743748833452 | 2 | -0.5
1.6272751917282942 | 2 | -0.5
1.815176145880617 | 2 | -0.5
2.161907857030375 | 2 | -0.5
2.7120793858793695 | 2 | -0.5
5.95822193646837 | 2 | -0.5
5.718109930888502 | 2 | -0.5
5.597031605614758 | 2 | -0.5
5.709706266463138 | 2 | -0.5
5.167757484571109 | 2 | -0.5
3.415179194747544 | 2 | -0.5
2.759263869277953 | 2 | -0.5
2.309016400478865 | 2 | -0.5
2.082432596355825 | 2 | -0.5
1.9702877849740166 | 2 | -0.5
1.920176749985998 | 2 | -0.5
1.9574393243311754 | 2 | -0.5
2.065317307702778 | 2 | -0.5
2.33079042552182 | 2 | -0.5
2.564054755293112 | 2 | -0.5
2.9597694468543203 | 2 | -0.5
6.960131181089727 | 2 | -0.5
6.450179172969331 | 2 | -0.5
6.323978930783393 | 2 | -0.5
5.6009189201138305 | 2 | -0.5
3.2843121460725384 | 2 | -0.5
2.500802202665401 | 2 | -0.5
2.037872909235228 | 2 | -0.5
1.7870344935823705 | 2 | -0.5
1.6296574091495204 | 2 | -0.5
1.537154218878959 | 2 | -0.5
1.5372794250502888 | 2 | -0.5
1.5673816068843922 | 2 | -0.5
1.64886602705476 | 2 | -0.5
1.8335506778607784 | 2 | -0.5
2.179413546668054 | 2 | -0.5
2.6922287819796367 | 2 | -0.5
5.878181063210768 | 2 | -0.5
5.567461409811544 | 2 | -0.5
5.5310751524883806 | 2 | -0.5
5.707779581484233 | 2 | -0.5
4.267834915252888 | 2 | -0.5
3.0594028058372698 | 2 | -0.5
2.438379978729008 | 2 | -0.5
2.1048885085616 | 2 | -0.5
1.928946725744775 | 2 | -0.5
1.8893172610818418 | 2 | -0.5
1.8898428086666594 | 2 | -0.5
1.9049566890901217 | 2 | -0.5
2.058100024987365 | 2 | -0.5
2.3025671634761866 | 2 | -0.5
2.799769890460019 | 2 | -0.5
3.654873485011068 | 2 | -0.5
6.689117226395439 | 2 | -0.5
6.441938930816341 | 2 | -0.5
6.500403378892656 | 2 | -0.5
4.573524341561324 | 2 | -0.5
2.9605130885035402 | 2 | -0.5
2.264093672221898 | 2 | -0.5
1.8792356568187802 | 2 | -0.5
1.7063282948944936 | 2 | -0.5
1.6277727919061693 | 2 | -0.5
1.6344803344156469 | 2 | -0.5
1.6296305626089158 | 2 | -0.5
1.7273883157157124 | 2 | -0.5
1.8790174043602204 | 2 | -0.5
2.192517916079406 | 2 | -0.5
2.710773067643443 | 2 | -0.5
6.031959832786736 | 2 | -0.5
5.679388703921532 | 2 | -0.5
5.482505746196979 | 2 | -0.5
5.545514252494347 | 2 | -0.5
4.624153067001809 | 2 | -0.5
3.0678272738129966 | 2 | -0.5
2.3674549489543826 | 2 | -0.5
2.051709434953054 | 2 | -0.5
1.9144511116022327 | 2 | -0.5
1.795949169408422 | 2 | -0.5
1.8105560019288873 | 2 | -0.5
1.8166307636551375 | 2 | -0.5
1.943097024669448 | 2 | -0.5
2.189349166904822 | 2 | -0.5
2.656199640179939 | 2 | -0.5
3.386385423842691 | 2 | -0.5
6.861904244670679 | 2 | -0.5
6.556598748303416 | 2 | -0.5
6.4814219244179005 | 2 | -0.5
5.254796383922078 | 2 | -0.5
3.257665391152576 | 2 | -0.5
2.377160265146834 | 2 | -0.5
1.9681698991631287 | 2 | -0.5
1.7474526543071423 | 2 | -0.5
1.670084288633351 | 2 | -0.5
1.6139887479948372 | 2 | -0.5
1.6598451940564478 | 2 | -0.5
1.7727011441064477 | 2 | -0.5
1.994652575494158 | 2 | -0.5
2.287525648570098 | 2 | -0.5
6.15779536531221 | 2 | -0.5
5.714827189898549 | 2 | -0.5
5.431926146326762 | 2 | -0.5
5.389137745132654 | 2 | -0.5
5.183299663380906 | 2 | -0.5
3.321463184993336 | 2 | -0.5
2.5672220085021755 | 2 | -0.5
2.2060312498678663 | 2 | -0.5
1.9413941234687846 | 2 | -0.5
1.8143505717036825 | 2 | -0.5
1.7932123495661845 | 2 | -0.5
1.8062704137405705 | 2 | -0.5
1.9337018555686227 | 2 | -0.5
2.1822122696022093 | 2 | -0.5
2.527439390991494 | 2 | -0.5
3.2673374935461306 | 2 | -0.5
6.899005465111309 | 2 | -0.5
6.568473718949405 | 2 | -0.5
6.513465906310793 | 2 | -0.5
4.914912712726702 | 2 | -0.5
2.961136384063451 | 2 | -0.5
2.119231851876092 | 2 | -0.5
1.8145360573650424 | 2 | -0.5
1.6678719742166155 | 2 | -0.5
1.6009253073541094 | 2 | -0.5
1.5124019372988518 | 2 | -0.5
1.5326189577400555 | 2 | -0.5
1.6638677956861267 | 2 | -0.5
1.8324415369714244 | 2 | -0.5
2.131328668896533 | 2 | -0.5
6.28219506856467 | 2 | -0.5
5.724459705859353 | 2 | -0.5
5.436375999841595 | 2 | -0.5
5.3204860904496565 | 2 | -0.5
5.41583392545239 | 2 | -0.5
4.109613825203165 | 2 | -0.5
2.7987168428491356 | 2 | -0.5
2.2564993425136772 | 2 | -0.5
1.9580594006555292 | 2 | -0.5
1.872342701499284 | 2 | -0.5
1.785437873266027 | 2 | -0.5
1.7782465261574463 | 2 | -0.5
1.7758683748531263 | 2 | -0.5
1.9602984306381301 | 2 | -0.5
2.2961207603205 | 2 | -0.5
2.79806018910198 | 2 | -0.5
3.6802079355007997 | 2 | -0.5
6.635193660138815 | 2 | -0.5
6.478392622839468 | 2 | -0.5
6.5048840970298825 | 2 | -0.5
4.844966898728116 | 2 | -0.5
2.9357501494971445 | 2 | -0.5
2.2599815162622123 | 2 | -0.5
1.941134756336064 | 2 | -0.5
1.743570867066509 | 2 | -0.5
1.6126877594863993 | 2 | -0.5
1.570593776982389 | 2 | -0.5
1.6030853826383804 | 2 | -0.5
1.6374923479726808 | 2 | -0.5
1.7908922042022062 | 2 | -0.5
2.0970296949340055 | 2 | -0.5
2.69070520157016 | 2 | -0.5
5.7633945085246046 | 2 | -0.5
5.49533712182435 | 2 | -0.5
5.432443750524649 | 2 | -0.5
5.5646714258259555 | 2 | -0.5
4.356806371952339 | 2 | -0.5
3.2441992315721646 | 2 | -0.5
2.4792493376187807 | 2 | -0.5
2.236116024033533 | 2 | -0.5
1.9982520629798295 | 2 | -0.5
1.9052837360893178 | 2 | -0.5
1.881067575861926 | 2 | -0.5
1.9711929970358637 | 2 | -0.5
2.183944719253745 | 2 | -0.5
2.461297193712594 | 2 | -0.5
2.8704357871160213 | 2 | -0.5
3.8917823615680462 | 2 | -0.5
6.783839754726151 | 2 | -0.5
6.579487820786182 | 2 | -0.5
6.645686640210741 | 2 | -0.5
4.033694361095152 | 2 | -0.5
2.6849323950960806 | 2 | -0.5
2.0755670023565327 | 2 | -0.5
1.8247023986226183 | 2 | -0.5
1.6725139638075088 | 2 | -0.5
1.5384879021642102 | 2 | -0.5
1.5535778391669521 | 2 | -0.5
1.5717462576509078 | 2 | -0.5
1.6341255874001828 | 2 | -0.5
1.8010011546395996 | 2 | -0.5
2.0611306411308536 | 2 | -0.5
2.687661749715998 | 2 | -0.5
5.725097561700589 | 2 | -0.5
5.402417443881115 | 2 | -0.5
5.39711053904906 | 2 | -0.5
5.6197260286280715 | 2 | -0.5
3.6425074221236993 | 2 | -0.5
2.6333265594921684 | 2 | -0.5
2.3167250212708823 | 2 | -0.5
2.038197803396772 | 2 | -0.5
1.8786996368603492 | 2 | -0.5
1.8199459657501282 | 2 | -0.5
1.778760698495223 | 2 | -0.5
1.8614906226268482 | 2 | -0.5
1.9741772884362463 | 2 | -0.5
2.304227426052097 | 2 | -0.5
2.73872677456542 | 2 | -0.5
7.195620429339694 | 2 | -0.5
6.619243244420333 | 2 | -0.5
6.501536008912014 | 2 | -0.5
6.59693012219867 | 2 | -0.5
3.53559931952997 | 2 | -0.5
2.4978013817798748 | 2 | -0.5
1.9953355656215304 | 2 | -0.5
1.6694575574546155 | 2 | -0.5
1.579227109858307 | 2 | -0.5
1.5270888123292488 | 2 | -0.5
1.4797027748527465 | 2 | -0.5
1.550731636149683 | 2 | -0.5
1.625739028101033 | 2 | -0.5
1.8561458358958163 | 2 | -0.5
2.3710835337624996 | 2 | -0.5
6.065895400291967 | 2 | -0.5
5.565080398391647 | 2 | -0.5
5.444462324285298 | 2 | -0.5
5.398268813903355 | 2 | -0.5
5.609936458841146 | 2 | -0.5
4.216404470680786 | 2 | -0.5
3.2128393841032223 | 2 | -0.5
2.543416305647653 | 2 | -0.5
2.242378093247333 | 2 | -0.5
2.0456431807684416 | 2 | -0.5
1.9986813006567055 | 2 | -0.5
1.9971918266283493 | 2 | -0.5
2.0002251860562357 | 2 | -0.5
2.1283914065377094 | 2 | -0.5
2.3570953626902704 | 2 | -0.5
2.6359203588066906 | 2 | -0.5
3.0275398154005644 | 2 | -0.5
7.3599369037023115 | 2 | -0.5
6.776433073113368 | 2 | -0.5
6.597490535788814 | 2 | -0.5
6.583385530424037 | 2 | -0.5
4.201789144103156 | 2 | -0.5
2.5561200707491096 | 2 | -0.5
2.0740496404758084 | 2 | -0.5
1.7708331440030158 | 2 | -0.5
1.5801306155021422 | 2 | -0.5
1.5065662828330366 | 2 | -0.5
1.3973684578830086 | 2 | -0.5
1.4727813877407894 | 2 | -0.5
1.5424785564674255 | 2 | -0.5
1.6545112828660509 | 2 | -0.5
1.9301434415273968 | 2 | -0.5
2.4961978077145006 | 2 | -0.5
5.813205226854248 | 2 | -0.5
5.48703016562199 | 2 | -0.5
5.345187670551758 | 2 | -0.5
5.514309999273316 | 2 | -0.5
4.544786732457202 | 2 | -0.5
3.3148637421132885 | 2 | -0.5
2.520213225547864 | 2 | -0.5
2.1183858077495343 | 2 | -0.5
1.9623162022254124 | 2 | -0.5
1.9140204985923943 | 2 | -0.5
1.8911417346342263 | 2 | -0.5
2.03054075835883 | 2 | -0.5
2.1681225158820694 | 2 | -0.5
2.4093485875789966 | 2 | -0.5
3.037466121862037 | 2 | -0.5
7.129640928861439 | 2 | -0.5
6.6951021089202545 | 2 | -0.5
6.51559366936864 | 2 | -0.5
6.542108553414319 | 2 | -0.5
3.7288814461132445 | 2 | -0.5
2.6919996798077577 | 2 | -0.5
2.1078346230208274 | 2 | -0.5
1.763531105048814 | 2 | -0.5
1.6293437130996564 | 2 | -0.5
1.5420615783049303 | 2 | -0.5
1.5471891838295142 | 2 | -0.5
1.5713741824297545 | 2 | -0.5
1.682987257682892 | 2 | -0.5
1.8202769004848396 | 2 | -0.5
2.0885718193419445 | 2 | -0.5
2.512150737775252 | 2 | -0.5
5.9057509027954795 | 2 | -0.5
5.550077076260669 | 2 | -0.5
5.490481493686979 | 2 | -0.5
5.538486168147749 | 2 | -0.5
5.402268840748592 | 2 | -0.5
3.6371529422250886 | 2 | -0.5
2.715783148207579 | 2 | -0.5
2.3680891522331895 | 2 | -0.5
2.120358905303334 | 2 | -0.5
1.9812571048654695 | 2 | -0.5
1.9068321805969568 | 2 | -0.5
1.8737814995535542 | 2 | -0.5
1.9843139125618658 | 2 | -0.5
2.1774028563498433 | 2 | -0.5
2.453062053219104 | 2 | -0.5
3.0097604179320077 | 2 | -0.5
7.200533225899804 | 2 | -0.5
6.725008882029505 | 2 | -0.5
6.548076485475669 | 2 | -0.5
6.542469005422386 | 2 | -0.5
4.417876367337523 | 2 | -0.5
2.940499184671741 | 2 | -0.5
2.329044605568553 | 2 | -0.5
1.976914309635603 | 2 | -0.5
1.7640670241250493 | 2 | -0.5
1.6880906309716168 | 2 | -0.5
1.6677565446738505 | 2 | -0.5
1.6918499785376768 | 2 | -0.5
1.7298208391642014 | 2 | -0.5
1.975064794176779 | 2 | -0.5
2.3407326520494443 | 2 | -0.5
6.225024595909553 | 2 | -0.5
5.727220354670469 | 2 | -0.5
5.498567001713772 | 2 | -0.5
5.509997273745597 | 2 | -0.5
5.685092870492317 | 2 | -0.5
3.693100099598893 | 2 | -0.5
2.8610868012490105 | 2 | -0.5
2.3384484155958787 | 2 | -0.5
2.0414666269523067 | 2 | -0.5
1.8916206925747365 | 2 | -0.5
1.8576933114761875 | 2 | -0.5
1.8483465830028032 | 2 | -0.5
1.922177284982161 | 2 | -0.5
2.0437131406290714 | 2 | -0.5
2.25275505356473 | 2 | -0.5
2.720842618909061 | 2 | -0.5
3.433124040455951 | 2 | -0.5
6.840189372274364 | 2 | -0.5
6.574969956612022 | 2 | -0.5
6.493184139436769 | 2 | -0.5
4.7854312368480025 | 2 | -0.5
3.0358126714875624 | 2 | -0.5
2.2995627360760222 | 2 | -0.5
1.8711215132377146 | 2 | -0.5
1.6491741397133524 | 2 | -0.5
1.6036290229467025 | 2 | -0.5
1.530728505335398 | 2 | -0.5
1.543118957504884 | 2 | -0.5
1.5689599642652097 | 2 | -0.5
1.7936836062768167 | 2 | -0.5
2.0847910375163656 | 2 | -0.5
2.6911846299137965 | 2 | -0.5
5.684804982156342 | 2 | -0.5
5.427177938374042 | 2 | -0.5
5.4067139001704305 | 2 | -0.5
5.622383720891864 | 2 | -0.5
3.5950346233102826 | 2 | -0.5
2.6365605520303914 | 2 | -0.5
2.1713836302104244 | 2 | -0.5
1.987942222595548 | 2 | -0.5
1.890159043888807 | 2 | -0.5
1.880003545048611 | 2 | -0.5
1.8511312989478361 | 2 | -0.5
1.9429978187653822 | 2 | -0.5
2.0793882259161998 | 2 | -0.5
2.4011651648251395 | 2 | -0.5
3.095672486175087 | 2 | -0.5
7.085418112257351 | 2 | -0.5
6.681509190719979 | 2 | -0.5
6.535348463828255 | 2 | -0.5
6.683301908574971 | 2 | -0.5
4.009017495027759 | 2 | -0.5
2.614338235842731 | 2 | -0.5
2.1617703468343294 | 2 | -0.5
1.8545071272841385 | 2 | -0.5
1.6548256501890002 | 2 | -0.5
1.58904975962491 | 2 | -0.5
1.5331705341653707 | 2 | -0.5
1.607676709737897 | 2 | -0.5
1.6995160420820012 | 2 | -0.5
1.8510493032097723 | 2 | -0.5
2.150576136830196 | 2 | -0.5
2.5899294131322375 | 2 | -0.5
5.751179756730198 | 2 | -0.5
5.3769654058997975 | 2 | -0.5
5.295793394554722 | 2 | -0.5
5.384145950677013 | 2 | -0.5
4.026751076169124 | 2 | -0.5
2.9084780832797574 | 2 | -0.5
2.382750985687698 | 2 | -0.5
2.0854025824622338 | 2 | -0.5
1.9218481421873872 | 2 | -0.5
1.8160709313366838 | 2 | -0.5
1.7996193400167138 | 2 | -0.5
1.844710812724392 | 2 | -0.5
2.0113916429607688 | 2 | -0.5
2.2352883549694256 | 2 | -0.5
2.5330869786750476 | 2 | -0.5
3.420231307375624 | 2 | -0.5
7.013760870803735 | 2 | -0.5
6.709105710925691 | 2 | -0.5
6.668994245805818 | 2 | -0.5
5.40273628703891 | 2 | -0.5
3.111553216564708 | 2 | -0.5
2.2812160524838005 | 2 | -0.5
2.004956184166123 | 2 | -0.5
1.7830887382757274 | 2 | -0.5
1.6800178182741143 | 2 | -0.5
1.682007965419076 | 2 | -0.5
1.66394642910844 | 2 | -0.5
1.7343131955560849 | 2 | -0.5
1.910262025914952 | 2 | -0.5
2.373736918936247 | 2 | -0.5
6.1173625476323865 | 2 | -0.5
5.585055464131962 | 2 | -0.5
5.343067708590194 | 2 | -0.5
5.320026942915706 | 2 | -0.5
5.429697105053873 | 2 | -0.5
4.535268313696565 | 2 | -0.5
3.1501948192428473 | 2 | -0.5
2.5539187761190427 | 2 | -0.5
2.2627338659119633 | 2 | -0.5
2.1234713301801205 | 2 | -0.5
1.9832929641058774 | 2 | -0.5
1.9992783770539788 | 2 | -0.5
2.0682977076753413 | 2 | -0.5
2.1179826496798295 | 2 | -0.5
2.3132405167821015 | 2 | -0.5
2.5686943209224578 | 2 | -0.5
3.1993202515832877 | 2 | -0.5
7.386050745172788 | 2 | -0.5
6.887295383573172 | 2 | -0.5
6.671929141653211 | 2 | -0.5
6.765699847230644 | 2 | -0.5
3.525722019915785 | 2 | -0.5
2.4098153444937074 | 2 | -0.5
1.90050251180607 | 2 | -0.5
1.6758087584492984 | 2 | -0.5
1.5414877446673423 | 2 | -0.5
1.418004504575907 | 2 | -0.5
1.4270916317962723 | 2 | -0.5
1.4479719712776848 | 2 | -0.5
1.5470136826976828 | 2 | -0.5
1.6901628570859477 | 2 | -0.5
1.9936793929541432 | 2 | -0.5
2.503765803755311 | 2 | -0.5
5.669800520109664 | 2 | -0.5
5.353172353780034 | 2 | -0.5
5.2463342867690095 | 2 | -0.5
5.419717722732977 | 2 | -0.5
4.083950155950112 | 2 | -0.5
3.1442741721937884 | 2 | -0.5
2.5133775861315506 | 2 | -0.5
2.2469080944665554 | 2 | -0.5
2.063162097556078 | 2 | -0.5
2.0033777929904484 | 2 | -0.5
2.0048872804396596 | 2 | -0.5
2.1035323152959275 | 2 | -0.5
2.2534078861663227 | 2 | -0.5
2.5634298376054674 | 2 | -0.5
3.100156795925334 | 2 | -0.5
7.337996917709989 | 2 | -0.5
6.955758160120882 | 2 | -0.5
6.684396489494612 | 2 | -0.5
6.756126419025942 | 2 | -0.5
3.7031289546897956 | 2 | -0.5
2.2786046485419185 | 2 | -0.5
1.8395471497703715 | 2 | -0.5
1.557478366860562 | 2 | -0.5
1.3995094364315535 | 2 | -0.5
1.334565007356373 | 2 | -0.5
1.3023763846529286 | 2 | -0.5
1.3704102375875251 | 2 | -0.5
1.4363746451732593 | 2 | -0.5
1.5407362161064242 | 2 | -0.5
1.7179964671148453 | 2 | -0.5
2.2438721119396 | 2 | -0.5
5.584240163716483 | 2 | -0.5
5.241402295810076 | 2 | -0.5
5.159153388717516 | 2 | -0.5
5.346701224512642 | 2 | -0.5
4.636969155103025 | 2 | -0.5
3.241642037648402 | 2 | -0.5
2.548770245022717 | 2 | -0.5
2.268469982521806 | 2 | -0.5
2.0853400003418128 | 2 | -0.5
1.9938477632069997 | 2 | -0.5
2.035196160002926 | 2 | -0.5
2.1160348373887987 | 2 | -0.5
2.2760014856130817 | 2 | -0.5
2.602311991645151 | 2 | -0.5
3.255945788601948 | 2 | -0.5
4.148578835267407 | 2 | -0.5
6.9742570928655265 | 2 | -0.5
6.745698163097421 | 2 | -0.5
6.351335454459247 | 2 | -0.5
3.2929532222536637 | 2 | -0.5
2.438976188325351 | 2 | -0.5
1.833277544559518 | 2 | -0.5
1.5551957088698365 | 2 | -0.5
1.3767901763222974 | 2 | -0.5
1.2992909227749292 | 2 | -0.5
1.3489695621299507 | 2 | -0.5
1.327871249436266 | 2 | -0.5
1.4801560874625717 | 2 | -0.5
1.5759634605020623 | 2 | -0.5
1.8806590804682572 | 2 | -0.5
2.3962432425430085 | 2 | -0.5
5.479168724597882 | 2 | -0.5
5.231325474018679 | 2 | -0.5
5.131660515475797 | 2 | -0.5
5.23466981823828 | 2 | -0.5
4.741035393554365 | 2 | -0.5
3.3248243743277217 | 2 | -0.5
2.7638796720919476 | 2 | -0.5
2.4023429294504406 | 2 | -0.5
2.2104249630958717 | 2 | -0.5
2.127585412053519 | 2 | -0.5
2.083853527025623 | 2 | -0.5
2.152702421514683 | 2 | -0.5
2.265136823981319 | 2 | -0.5
2.468512566065082 | 2 | -0.5
2.969179472374461 | 2 | -0.5
3.6022781470500616 | 2 | -0.5
7.533983917362526 | 2 | -0.5
7.020843371584286 | 2 | -0.5
6.90381891444089 | 2 | -0.5
5.009856683310914 | 2 | -0.5
2.7900567499583815 | 2 | -0.5
1.9237136974962619 | 2 | -0.5
1.5833895119510166 | 2 | -0.5
1.3950947269554608 | 2 | -0.5
1.2663914967979915 | 2 | -0.5
1.2609999395596942 | 2 | -0.5
1.2651667817491339 | 2 | -0.5
1.2750709679269296 | 2 | -0.5
1.4182816065721038 | 2 | -0.5
1.5625472240250096 | 2 | -0.5
1.8451147263327454 | 2 | -0.5
5.601272116305778 | 2 | -0.5
5.179597578615235 | 2 | -0.5
5.017192693712607 | 2 | -0.5
4.975768443929071 | 2 | -0.5
5.174437056856671 | 2 | -0.5
4.500733815913825 | 2 | -0.5
3.4040492412504006 | 2 | -0.5
2.821883306737708 | 2 | -0.5
2.559926775651497 | 2 | -0.5
2.3459395851162337 | 2 | -0.5
2.1561847299797186 | 2 | -0.5
2.178820194566292 | 2 | -0.5
2.188273630865681 | 2 | -0.5
2.301046952770146 | 2 | -0.5
2.5220138417230706 | 2 | -0.5
2.914086526380756 | 2 | -0.5
3.5934498489437736 | 2 | -0.5
7.820669576379266 | 2 | -0.5
7.178185946648389 | 2 | -0.5
6.990558952914112 | 2 | -0.5
7.028538037263441 | 2 | -0.5
3.756244463520536 | 2 | -0.5
2.2307475580540204 | 2 | -0.5
1.742278973626107 | 2 | -0.5
1.44948525545336 | 2 | -0.5
1.3005786221476763 | 2 | -0.5
1.2006227113823462 | 2 | -0.5
1.1775145440925434 | 2 | -0.5
1.1499754028336187 | 2 | -0.5
1.1748139110084947 | 2 | -0.5
1.2386959645011917 | 2 | -0.5
1.370817589271033 | 2 | -0.5
1.5710708898894945 | 2 | -0.5
1.973990348210734 | 2 | -0.5
5.190108170398802 | 2 | -0.5
4.880900203045785 | 2 | -0.5
4.871353026638981 | 2 | -0.5
4.985727637123164 | 2 | -0.5
5.026997255027906 | 2 | -0.5
3.5532239031684436 | 2 | -0.5
2.864759385660277 | 2 | -0.5
2.5184077155014486 | 2 | -0.5
2.305196932816171 | 2 | -0.5
2.2534926467511527 | 2 | -0.5
2.283076938620854 | 2 | -0.5
2.35032378602055 | 2 | -0.5
2.588262068351291 | 2 | -0.5
2.996994649180465 | 2 | -0.5
3.7189511619148794 | 2 | -0.5
7.552559416905812 | 2 | -0.5
7.1196510196688685 | 2 | -0.5
7.019156499379171 | 2 | -0.5
3.459732088196921 | 2 | -0.5
2.1456476456963736 | 2 | -0.5
1.6607095546710335 | 2 | -0.5
1.3361225815867637 | 2 | -0.5
1.1807690469728256 | 2 | -0.5
1.1186645803576822 | 2 | -0.5
1.0973385408506215 | 2 | -0.5
1.0651446131405782 | 2 | -0.5
1.127703563552287 | 2 | -0.5
1.2396257710668728 | 2 | -0.5
1.360139244398929 | 2 | -0.5
1.6587414503335391 | 2 | -0.5
5.395646205293642 | 2 | -0.5
4.963070513813829 | 2 | -0.5
4.846717166416248 | 2 | -0.5
4.865456991265149 | 2 | -0.5
5.050438602243628 | 2 | -0.5
4.14459873638993 | 2 | -0.5
3.249049083048459 | 2 | -0.5
2.7986571098422246 | 2 | -0.5
2.5055075916766287 | 2 | -0.5
2.343680538380641 | 2 | -0.5
2.326637370579437 | 2 | -0.5
2.3203087019853514 | 2 | -0.5
2.3590584935047563 | 2 | -0.5
2.5951171619892124 | 2 | -0.5
2.868290869005789 | 2 | -0.5
Total reward: -500.0
