-0.2, 0.1, 2.1, -1.3, -2.8, 4.8, 2.2, 0.2, -3.6, -1.4, 2.5, -1.8, -1.4, -2.2, 5.4, 0.8, 1.8, -8.2
parameter ends

state | action | reward
[1.95] | 2 | -0.5
2.3379122733124644 | 2 | -0.5
3.2793021893811045 | 2 | -0.5
4.862308449392823 | 2 | -0.5
9.788974807476594 | 2 | -0.5
9.815362388314513 | 2 | -0.5
5.539908603805521 | 2 | -0.5
3.935711436537972 | 2 | -0.5
3.0259711857125677 | 2 | -0.5
2.4929013575652763 | 2 | -0.5
2.249361566547514 | 2 | -0.5
3.161268327838332 | 2 | -0.5
6.668014422697281 | 0 | 5.0
4.924698917863184 | 0 | 5.0
4.276387163920974 | 0 | 5.0
3.1207387588316435 | 0 | 5.0
2.0640072395102647 | 0 | 5.0
2.049537305604238 | 0 | 5.0
2.078135100227496 | 0 | 5.0
2.1387180173351967 | 0 | 5.0
2.130645295011749 | 0 | 5.0
2.160516262250211 | 0 | 5.0
2.218945625329663 | 0 | 5.0
2.2511450170306175 | 0 | 5.0
2.3084419522912736 | 0 | 5.0
2.316202677746084 | 0 | 5.0
2.3168879561377467 | 0 | 5.0
2.35238763107891 | 0 | 5.0
2.414157185718592 | 0 | 5.0
2.4179749263825427 | 2 | -0.5
2.4029372222816776 | 0 | 5.0
2.3765629382274467 | 0 | 5.0
2.3643769256648275 | 0 | 5.0
2.3487756137515285 | 0 | 5.0
2.3748720777321797 | 0 | 5.0
2.341952435818819 | 0 | 5.0
2.3240148629975637 | 2 | -0.5
2.372794819222038 | 0 | 5.0
2.3234673035864 | 0 | 5.0
2.3114260812044503 | 0 | 5.0
2.2527897952483427 | 2 | -0.5
2.3714868843445007 | 0 | 5.0
2.3069655754030967 | 0 | 5.0
2.1602970110546695 | 0 | 5.0
2.1311138577383972 | 2 | -0.5
2.393458000806222 | 1 | -0.5
2.1056895293837696 | 2 | -0.5
2.284771597684826 | 1 | -0.5
2.052839006738945 | 2 | -0.5
2.2471610393157557 | 1 | -0.5
2.0023367927659796 | 2 | -0.5
2.1792651930904516 | 1 | -0.5
1.960279467366822 | 2 | -0.5
2.1416124627724495 | 1 | -0.5
1.9396859926781378 | 2 | -0.5
2.1431057175064545 | 1 | -0.5
1.8707464680887071 | 2 | -0.5
2.0084956838607004 | 2 | -0.5
2.3807610719275445 | 1 | -0.5
2.0142144008529916 | 2 | -0.5
2.343434178078356 | 1 | -0.5
1.9631841620284227 | 2 | -0.5
2.2693275208293087 | 1 | -0.5
1.9490713057871816 | 2 | -0.5
2.2787685341102444 | 1 | -0.5
1.9274178908089838 | 2 | -0.5
2.1974713422235608 | 1 | -0.5
1.8591077861240017 | 2 | -0.5
2.1868096635137446 | 1 | -0.5
1.8347290060713928 | 2 | -0.5
2.0899951629163707 | 1 | -0.5
1.7158957013402285 | 2 | -0.5
1.9265043622812135 | 2 | -0.5
2.167290254675875 | 0 | 5.0
1.9569594248950666 | 2 | -0.5
2.6541860057138416 | 0 | 5.0
2.450808259053362 | 0 | 5.0
2.031305608700476 | 0 | 5.0
1.5750845277101801 | 0 | 5.0
1.16705657278287 | 0 | 5.0
0.8229467350430721 | 0 | 5.0
0.8566845091715346 | 0 | 5.0
0.9747967080078042 | 2 | -0.5
0.9198040413663899 | 0 | 5.0
0.9693228873801658 | 0 | 5.0
1.0601142319063712 | 0 | 5.0
1.1370669337098709 | 0 | 5.0
1.2048881243537013 | 0 | 5.0
1.2368460857814194 | 0 | 5.0
1.3336877642170981 | 0 | 5.0
1.3854780852194495 | 0 | 5.0
1.446739546687836 | 0 | 5.0
1.5339544313558382 | 0 | 5.0
1.6326691352267995 | 0 | 5.0
1.6673870232277157 | 0 | 5.0
1.7354347299399278 | 0 | 5.0
1.847012029619961 | 0 | 5.0
1.8422055907797519 | 0 | 5.0
1.9328601332186726 | 0 | 5.0
1.9874461164462673 | 0 | 5.0
2.0640790947678767 | 0 | 5.0
2.1026183597716406 | 0 | 5.0
2.138392538938062 | 0 | 5.0
2.24207183733537 | 2 | -0.5
2.1021881491837138 | 0 | 5.0
2.092759716609969 | 0 | 5.0
2.150561849147836 | 0 | 5.0
2.1649776796790814 | 0 | 5.0
2.20719816838829 | 0 | 5.0
2.245148094166157 | 2 | -0.5
2.1951251164019503 | 1 | -0.5
2.2433666581072904 | 2 | -0.5
2.2364345604946836 | 1 | -0.5
2.2000161054848024 | 2 | -0.5
2.2103597400657247 | 1 | -0.5
2.2003419448380273 | 1 | -0.5
2.338466483870287 | 2 | -0.5
2.2184207921260413 | 1 | -0.5
2.3611018463272204 | 2 | -0.5
2.239760925801601 | 1 | -0.5
2.281956550043355 | 1 | -0.5
2.506833393695022 | 2 | -0.5
2.3734391897582516 | 1 | -0.5
2.5529315767312113 | 2 | -0.5
2.3748312553171833 | 1 | -0.5
2.573874301144382 | 1 | -0.5
3.057544214396383 | 0 | 5.0
3.2478554931817927 | 1 | -0.5
3.7390958333524624 | 0 | 5.0
3.671793047165938 | 0 | -200.0
Total reward: 87.5
