-0.2, 0.1, 2.1, -1.3, -2.8, 4.8, 2.2, 0.2, -3.6, -1.4, 2.5, -1.8, -1.4, -2.2, 5.4, 0.8, 1.8, -8.2
parameter ends

state | action | reward
[4.81] | 2 | -0.5
5.147331419992829 | 2 | -0.5
5.817456434333188 | 2 | -0.5
2.0552740669894725 | 2 | -0.5
1.8516840658381866 | 2 | -0.5
1.790393390475512 | 2 | -0.5
1.6998577982292138 | 2 | -0.5
1.7586009197958874 | 2 | -0.5
1.79510991783498 | 0 | 5.0
1.7503958065192615 | 1 | -0.5
1.6333875989090547 | 2 | -0.5
1.7108242313256838 | 2 | -0.5
1.8152556489616203 | 1 | -0.5
1.665746235371882 | 2 | -0.5
1.8400117306641797 | 1 | -0.5
1.6747333725553153 | 2 | -0.5
1.7656540749495675 | 1 | -0.5
1.6523220825700395 | 2 | -0.5
1.706550127390524 | 1 | -0.5
1.6257972061335044 | 2 | -0.5
1.6619797053643997 | 2 | -0.5
1.7789285806433626 | 1 | -0.5
1.6942993287945205 | 2 | -0.5
1.7468151339526305 | 1 | -0.5
1.6048742235772935 | 2 | -0.5
1.7343539037839377 | 1 | -0.5
1.5482591491773192 | 2 | -0.5
1.7024361441574516 | 1 | -0.5
1.4972426479288565 | 2 | -0.5
1.638917230345598 | 1 | -0.5
1.5323075537675588 | 2 | -0.5
1.6499621817571961 | 2 | -0.5
1.855275355257432 | 1 | -0.5
1.5643949641311015 | 2 | -0.5
1.7506644912038312 | 1 | -0.5
1.4997747807927844 | 2 | -0.5
1.6807454342587327 | 1 | -0.5
1.4143477615102222 | 2 | -0.5
1.6191542074314975 | 2 | -0.5
1.873066503308801 | 1 | -0.5
1.5514489514493266 | 2 | -0.5
1.8678359775181765 | 1 | -0.5
1.5065543630134535 | 2 | -0.5
1.7678649993524749 | 1 | -0.5
1.4470926236550656 | 2 | -0.5
1.6578111146497088 | 1 | -0.5
1.3652276429493635 | 2 | -0.5
1.5602291953039333 | 2 | -0.5
1.9957559795591504 | 0 | 5.0
1.6801649646146373 | 0 | 5.0
1.3070830138926617 | 0 | 5.0
0.9833900020446593 | 2 | -0.5
1.2848998710565793 | 0 | 5.0
0.8444812165015679 | 0 | 5.0
0.6706407670076782 | 0 | 5.0
0.7230351616485854 | 0 | 5.0
0.8561987507783001 | 0 | 5.0
0.9037919439747538 | 0 | 5.0
1.0032097381031386 | 0 | 5.0
1.1049151095320155 | 0 | 5.0
1.2380143472448801 | 2 | -0.5
1.1026100536082375 | 0 | 5.0
1.19073020510642 | 0 | 5.0
1.2805926831136836 | 0 | 5.0
1.3592685313575332 | 0 | 5.0
1.3936265810239326 | 0 | 5.0
1.4467003590910266 | 0 | 5.0
1.5393896719598088 | 0 | 5.0
1.5757335299896216 | 0 | 5.0
1.6580583178916393 | 2 | -0.5
1.6048252820578623 | 0 | 5.0
1.6487409802051356 | 0 | 5.0
1.6581355114273022 | 0 | 5.0
1.6600145755612752 | 0 | 5.0
1.6735152408082639 | 2 | -0.5
1.716246227149819 | 0 | 5.0
1.653678538881843 | 0 | 5.0
1.6180535476247375 | 0 | 5.0
1.6568923954128805 | 2 | -0.5
1.6723428839401546 | 0 | 5.0
1.6515631380924685 | 2 | -0.5
1.7272309866109075 | 1 | -0.5
1.6114536441818275 | 2 | -0.5
1.6626721827842121 | 1 | -0.5
1.5795104296191103 | 2 | -0.5
1.6894935754741924 | 1 | -0.5
1.5678124400383802 | 2 | -0.5
1.6338832786355206 | 1 | -0.5
1.563330147064765 | 2 | -0.5
1.609050927394727 | 2 | -0.5
1.73148760784577 | 1 | -0.5
1.5465089241079883 | 2 | -0.5
1.7016790432525688 | 1 | -0.5
1.521686646768231 | 2 | -0.5
1.617693937853362 | 1 | -0.5
1.4666404869452867 | 2 | -0.5
1.6184068897114419 | 2 | -0.5
1.715325255164072 | 1 | -0.5
1.4938863361068226 | 2 | -0.5
1.6250044854372672 | 1 | -0.5
1.4757465641462335 | 2 | -0.5
1.607899700930011 | 1 | -0.5
1.3856072479033252 | 2 | -0.5
1.5513307944705919 | 2 | -0.5
1.7620309193369106 | 1 | -0.5
1.4190964241922326 | 2 | -0.5
1.68677253367786 | 1 | -0.5
1.3622754055693203 | 2 | -0.5
1.521833056908399 | 2 | -0.5
1.8094982865884266 | 0 | 5.0
1.5224761176080854 | 0 | 5.0
1.313981573810874 | 0 | 5.0
1.0053393378601505 | 2 | -0.5
1.4455027996890117 | 0 | 5.0
1.0200620960558424 | 0 | 5.0
0.6165482046802504 | 0 | 5.0
0.7418426911043057 | 0 | 5.0
0.7981750911763075 | 0 | 5.0
0.9125413875186856 | 0 | 5.0
1.0501426041857524 | 2 | -0.5
0.9388907539902678 | 0 | 5.0
1.0231738129696144 | 0 | 5.0
1.087783041722855 | 0 | 5.0
1.1441936747384849 | 0 | 5.0
1.2195888365477265 | 0 | 5.0
1.2832309083671596 | 0 | 5.0
1.3277413752866907 | 0 | 5.0
1.4564498183051093 | 0 | 5.0
1.4949287023761302 | 0 | 5.0
1.6073099367399386 | 0 | 5.0
1.7321249633596218 | 0 | 5.0
1.7502332106152974 | 0 | 5.0
1.8574251503873402 | 0 | 5.0
1.9550781374940711 | 0 | 5.0
2.0170317662402852 | 2 | -0.5
1.9473762673056676 | 0 | 5.0
1.9417103146551387 | 0 | 5.0
1.9997553799811874 | 0 | 5.0
2.057750289574456 | 0 | 5.0
2.1038254872291757 | 0 | 5.0
2.1088963052677627 | 0 | 5.0
2.160049468532572 | 2 | -0.5
2.145087516985775 | 0 | 5.0
2.134106305807963 | 1 | -0.5
2.1625109395634805 | 2 | -0.5
2.1489006151367973 | 1 | -0.5
2.174602140768645 | 2 | -0.5
2.136211520430345 | 1 | -0.5
2.2528283954460844 | 2 | -0.5
2.2345213493930896 | 1 | -0.5
2.24065176677915 | 2 | -0.5
2.200061430748218 | 1 | -0.5
2.2206362255154692 | 1 | -0.5
2.431539487551985 | 2 | -0.5
2.2688205014370704 | 1 | -0.5
2.4992151049186067 | 2 | -0.5
2.3087833330110583 | 1 | -0.5
2.487696448614172 | 1 | -0.5
2.8260298863973614 | 0 | 5.0
2.959071956605423 | 1 | -0.5
3.602771828224622 | 0 | 5.0
3.6898228719635178 | 1 | -0.5
3.388802860445482 | 0 | 5.0
3.2209380242810695 | 0 | 5.0
3.1169367858873307 | 0 | 5.0
2.9739305855130582 | 0 | 5.0
2.8084052811848177 | 0 | 5.0
2.657376145608634 | 0 | 5.0
2.548219985599165 | 1 | -0.5
2.3274019822706267 | 0 | 5.0
2.2089066443408747 | 0 | 5.0
2.1558674185146525 | 0 | 5.0
2.1017448412956696 | 0 | 5.0
2.099640688154252 | 0 | 5.0
2.0275531430416183 | 0 | 5.0
1.9545274831778467 | 0 | 5.0
1.9031609290015488 | 0 | 5.0
1.8154081121922265 | 0 | 5.0
1.7258551514799443 | 0 | 5.0
1.6817520870296676 | 0 | 5.0
1.5167392889311506 | 1 | -0.5
1.460605387211721 | 0 | 5.0
1.416701350553591 | 0 | 5.0
1.3513954457081878 | 0 | 5.0
1.3640222333429732 | 0 | 5.0
1.3223986111064845 | 0 | 5.0
1.290191076178463 | 0 | 5.0
1.21184616770324 | 1 | -0.5
1.1896610261566285 | 0 | 5.0
1.1845899679221805 | 0 | 5.0
1.1978446286261972 | 1 | -0.5
1.2156593243960359 | 2 | -0.5
1.1948010796950088 | 2 | -0.5
1.2127277618235341 | 1 | -0.5
1.162301201091333 | 2 | -0.5
1.259556704813721 | 1 | -0.5
1.1991913453217478 | 1 | -0.5
1.1811451160886401 | 2 | -0.5
1.1539749719702408 | 1 | -0.5
1.1257044612324818 | 2 | -0.5
1.152812094427487 | 2 | -0.5
1.2623197779913264 | 1 | -0.5
1.1962378734127326 | 1 | -0.5
1.1033837264656041 | 2 | -0.5
1.119879314002604 | 2 | -0.5
1.2136643049217137 | 1 | -0.5
1.1335776535618338 | 2 | -0.5
1.1651202181596583 | 1 | -0.5
1.06596980004982 | 2 | -0.5
1.1277891790264614 | 2 | -0.5
1.2171888654380094 | 1 | -0.5
1.0607402166511113 | 2 | -0.5
1.1788260480973314 | 1 | -0.5
1.0156606861416182 | 2 | -0.5
1.170166385137335 | 1 | -0.5
0.9900084013450544 | 2 | -0.5
1.0153553853890915 | 2 | -0.5
1.2553062651600357 | 1 | -0.5
0.9729157820269012 | 2 | -0.5
1.1504224925041049 | 1 | -0.5
0.9223897392623188 | 2 | -0.5
1.1058085493125829 | 2 | -0.5
1.388755010829127 | 0 | 5.0
1.0892328426323101 | 0 | 5.0
0.7097945613995735 | 0 | 5.0
0.5211752273036983 | 0 | 5.0
0.6341076956925042 | 0 | 5.0
0.722555665882481 | 2 | -0.5
0.6666352001574826 | 0 | 5.0
0.7671271724126104 | 0 | 5.0
0.8442999248490437 | 0 | 5.0
0.9338792349765128 | 0 | 5.0
0.9989709326543471 | 0 | 5.0
1.0634949048983569 | 0 | 5.0
1.1268600775637538 | 0 | 5.0
1.1624434627225644 | 0 | 5.0
1.2696060223107661 | 0 | 5.0
1.2984537980792172 | 0 | 5.0
1.3691695879697925 | 0 | 5.0
1.4008021474842958 | 0 | 5.0
1.4939420546332332 | 0 | 5.0
1.5236848490190242 | 0 | 5.0
1.557778009132636 | 0 | 5.0
1.6570181632356047 | 2 | -0.5
1.5692724347381217 | 0 | 5.0
1.5805910738987796 | 0 | 5.0
1.5973816467283524 | 0 | 5.0
1.6156293848354644 | 2 | -0.5
1.6551835071149452 | 0 | 5.0
1.5962996482299172 | 0 | 5.0
1.576198329599118 | 0 | 5.0
1.5346594106817313 | 0 | 5.0
1.5511923374404915 | 2 | -0.5
1.5930784380303147 | 1 | -0.5
1.4798174552464003 | 2 | -0.5
1.6064973855942188 | 1 | -0.5
1.5115727106723575 | 2 | -0.5
1.5481794357604504 | 1 | -0.5
1.4795794525838044 | 2 | -0.5
1.5749146139313175 | 1 | -0.5
1.465028075072035 | 2 | -0.5
1.5608830020077786 | 1 | -0.5
1.4727111598022342 | 2 | -0.5
1.568440961823866 | 1 | -0.5
1.4356425073524073 | 2 | -0.5
1.5556026818465325 | 1 | -0.5
1.4638998983597724 | 2 | -0.5
1.4638901403555327 | 2 | -0.5
1.6082344095152903 | 1 | -0.5
1.3708320687738156 | 2 | -0.5
1.5567243795835612 | 1 | -0.5
1.3957899899630648 | 2 | -0.5
1.4774459437690888 | 2 | -0.5
1.6658350522823253 | 1 | -0.5
1.408570420857372 | 2 | -0.5
1.603818159753086 | 1 | -0.5
1.3290181593978136 | 2 | -0.5
1.5693561512472722 | 1 | -0.5
1.2884270480310844 | 2 | -0.5
1.4615141913840504 | 1 | -0.5
1.237297803618507 | 2 | -0.5
1.4761654343788038 | 2 | -0.5
1.849112622540746 | 0 | 5.0
1.4757370553253566 | 0 | 5.0
1.2823366706156274 | 0 | 5.0
0.952849744428895 | 0 | 5.0
0.6615445303344188 | 0 | 5.0
0.7302609344637997 | 2 | -0.5
0.7176686659807875 | 0 | 5.0
0.7610725070816479 | 0 | 5.0
0.8814858704508006 | 0 | 5.0
0.9172334861452045 | 0 | 5.0
1.0073999860494924 | 0 | 5.0
1.0636810326678927 | 0 | 5.0
1.1515460977453886 | 0 | 5.0
1.244273910017473 | 0 | 5.0
1.3148954184034671 | 2 | -0.5
1.223955598052807 | 0 | 5.0
1.2746392159193574 | 0 | 5.0
1.3423404135621897 | 0 | 5.0
1.3930312905805244 | 0 | 5.0
1.4387992383218633 | 0 | 5.0
1.4586349880864287 | 0 | 5.0
1.5073571201195826 | 0 | 5.0
1.536946707091768 | 0 | 5.0
1.595816796777379 | 0 | 5.0
1.6283887047296821 | 0 | 5.0
1.643282133357216 | 0 | 5.0
1.6755236887075733 | 0 | 5.0
1.7452689034043303 | 0 | 5.0
1.7713843749412008 | 0 | 5.0
1.8104836162317064 | 0 | 5.0
1.8682748774549902 | 0 | 5.0
1.8985634918797192 | 0 | 5.0
1.9269953439919834 | 0 | 5.0
1.919909054422667 | 0 | 5.0
1.9763903973945895 | 0 | 5.0
2.0304344310067077 | 0 | 5.0
2.043313180495333 | 0 | 5.0
2.05366345947079 | 0 | 5.0
2.1133954960496415 | 0 | 5.0
2.1457787517178364 | 0 | 5.0
2.15720013439016 | 0 | 5.0
2.2182617511364535 | 0 | 5.0
2.220774592912063 | 0 | 5.0
2.2670494922498534 | 0 | 5.0
2.309869146042087 | 0 | 5.0
2.296230032980333 | 0 | 5.0
2.380988112069031 | 2 | -0.5
2.335912761913693 | 0 | 5.0
2.3374446971332707 | 0 | 5.0
2.3627140383274323 | 0 | 5.0
2.3523177929121104 | 0 | 5.0
2.3164996432593497 | 0 | 5.0
2.347411110952666 | 0 | 5.0
2.30459770607839 | 0 | 5.0
2.3449654626362006 | 0 | 5.0
2.3408352949996365 | 0 | 5.0
2.369530742383257 | 0 | 5.0
2.360423353546338 | 0 | 5.0
2.384418093556093 | 0 | 5.0
2.4039627218085795 | 0 | 5.0
2.4283386104880162 | 0 | 5.0
2.4477701800045137 | 0 | 5.0
2.429989394202373 | 2 | -0.5
2.4584765062241507 | 0 | 5.0
2.4183035026227895 | 0 | 5.0
2.4275617087005594 | 0 | 5.0
2.4235373219716427 | 0 | 5.0
2.401663797770804 | 0 | 5.0
2.3847262275667984 | 0 | 5.0
2.388979157639306 | 0 | 5.0
2.3514586438160183 | 0 | 5.0
2.3525013638559136 | 2 | -0.5
2.442047096454199 | 0 | 5.0
2.350164413963779 | 0 | 5.0
2.260517433657359 | 2 | -0.5
2.4138946794011438 | 0 | 5.0
2.3712869178214095 | 1 | -0.5
2.2559848532063564 | 0 | 5.0
2.156967677169661 | 2 | -0.5
2.3248842354488763 | 1 | -0.5
2.1199498411247153 | 2 | -0.5
2.3410877979389153 | 1 | -0.5
2.0881615094502473 | 2 | -0.5
2.2601574985140878 | 1 | -0.5
1.9934395384922041 | 2 | -0.5
2.1885243316931478 | 1 | -0.5
2.0199100459266144 | 2 | -0.5
2.135352673974217 | 1 | -0.5
1.9926875620311844 | 2 | -0.5
2.0781230460961506 | 2 | -0.5
2.4286120876598702 | 1 | -0.5
2.0316302818484813 | 2 | -0.5
2.3430640709241817 | 1 | -0.5
1.9550079450563769 | 2 | -0.5
2.199483425758725 | 1 | -0.5
1.8046100495641484 | 2 | -0.5
2.0304749456774465 | 2 | -0.5
2.3266092465851873 | 1 | -0.5
1.9532337053728457 | 2 | -0.5
2.254323352101162 | 1 | -0.5
1.9066886221584747 | 2 | -0.5
2.126081535227722 | 2 | -0.5
2.575977870916471 | 0 | 5.0
2.2764736442011495 | 0 | 5.0
2.088924977211651 | 0 | 5.0
1.899024785805521 | 2 | -0.5
2.600044382848284 | 0 | 5.0
2.2119119614447906 | 0 | 5.0
1.8619402449305478 | 0 | 5.0
1.3376920212369017 | 0 | 5.0
0.967877021132375 | 0 | 5.0
0.7901926568472873 | 0 | 5.0
0.8710835190784934 | 0 | 5.0
0.9529600697584508 | 0 | 5.0
1.009330593665411 | 0 | 5.0
1.0887982734827037 | 0 | 5.0
1.096940632602471 | 0 | 5.0
1.1879784193872671 | 0 | 5.0
1.2527588690025675 | 0 | 5.0
1.259360909400915 | 0 | 5.0
1.3708655238183776 | 0 | 5.0
1.4268106359085413 | 0 | 5.0
1.4869610684805405 | 0 | 5.0
1.5474898707052256 | 0 | 5.0
1.6074140301268036 | 0 | 5.0
1.6736194286527022 | 2 | -0.5
1.6184908294415072 | 0 | 5.0
1.6674052822016132 | 0 | 5.0
1.69735385533355 | 0 | 5.0
1.711117752448636 | 0 | 5.0
1.7815879961842362 | 0 | 5.0
1.7807529966728801 | 0 | 5.0
1.8622157180182193 | 0 | 5.0
1.8945545871323037 | 0 | 5.0
1.9472473272034998 | 0 | 5.0
1.9897563429357406 | 0 | 5.0
2.0194756708312545 | 0 | 5.0
2.073416752543975 | 0 | 5.0
2.064695491888402 | 0 | 5.0
2.111411914209656 | 0 | 5.0
2.1674862277319917 | 0 | 5.0
2.161547374699141 | 0 | 5.0
2.2082072887761406 | 0 | 5.0
2.2120799724933127 | 0 | 5.0
2.275552214285568 | 2 | -0.5
2.2405111711820935 | 0 | 5.0
2.2403273981734393 | 0 | 5.0
2.2602765747790308 | 0 | 5.0
2.2742962449578923 | 0 | 5.0
2.2911177236039375 | 0 | 5.0
2.3014270048912704 | 0 | 5.0
2.3058273083382805 | 0 | 5.0
2.2910621240136244 | 0 | 5.0
2.288454037843169 | 0 | 5.0
2.2810176603975387 | 0 | 5.0
2.2721353455587208 | 0 | 5.0
2.286116590583135 | 0 | 5.0
2.2907135412880986 | 0 | 5.0
2.3132195024907753 | 0 | 5.0
2.2804557763848745 | 0 | 5.0
2.282893112033783 | 0 | 5.0
2.3127140304517764 | 0 | 5.0
2.328744626189979 | 0 | 5.0
2.3558796112921647 | 0 | 5.0
2.3256666060065525 | 0 | 5.0
2.352119214455964 | 0 | 5.0
2.3411296554906635 | 0 | 5.0
2.3442581060107996 | 0 | 5.0
2.3845682806664694 | 0 | 5.0
2.401772122961446 | 0 | 5.0
2.3889523138186317 | 0 | 5.0
2.3654074680156234 | 0 | 5.0
2.3686161993543915 | 2 | -0.5
2.473667801727136 | 0 | 5.0
2.4168888417647056 | 0 | 5.0
2.3343072618784966 | 0 | 5.0
2.304773999782744 | 0 | 5.0
2.241709160324107 | 0 | 5.0
2.2408921063824048 | 2 | -0.5
2.3309483575710814 | 0 | 5.0
2.2189926391777126 | 0 | 5.0
2.156942861643111 | 2 | -0.5
2.2961032059151116 | 1 | -0.5
2.052257688000529 | 2 | -0.5
2.2709182368991945 | 1 | -0.5
2.050279160271197 | 2 | -0.5
2.2920166037366316 | 1 | -0.5
2.0357383796091124 | 2 | -0.5
2.2607295204240527 | 1 | -0.5
1.9859831268914427 | 2 | -0.5
2.2263410235748604 | 1 | -0.5
1.923885366341047 | 2 | -0.5
2.236394782580117 | 1 | -0.5
1.9426965106049727 | 2 | -0.5
2.3316168242727033 | 1 | -0.5
1.9885139894897101 | 2 | -0.5
2.2259920291726965 | 1 | -0.5
1.9490136372350249 | 2 | -0.5
2.2331708419649248 | 1 | -0.5
1.8506344775079624 | 2 | -0.5
2.154745535552424 | 1 | -0.5
1.8152910962181135 | 2 | -0.5
2.1021388040097593 | 1 | -0.5
1.813350744952267 | 2 | -0.5
2.0961284681459373 | 1 | -0.5
1.7680665178369241 | 2 | -0.5
2.0761442313214524 | 1 | -0.5
1.7558460406914944 | 2 | -0.5
2.147887006650197 | 1 | -0.5
1.7297102348663445 | 2 | -0.5
2.0928836505853505 | 0 | 5.0
1.8515243356263589 | 2 | -0.5
2.43671810667635 | 0 | 5.0
2.1077256542798226 | 0 | 5.0
1.7062293620745972 | 0 | 5.0
1.358509764033962 | 0 | 5.0
1.0185100408153283 | 0 | 5.0
0.8216527220792047 | 0 | 5.0
0.919027240282281 | 0 | 5.0
0.9861471620453561 | 0 | 5.0
1.0805052680203233 | 0 | 5.0
1.1741018591350365 | 0 | 5.0
1.33809363495946 | 2 | -0.5
1.2738696468583721 | 0 | 5.0
1.3493422684490917 | 0 | 5.0
1.429705944317375 | 0 | 5.0
1.4525213567597368 | 0 | 5.0
1.4746743481430042 | 0 | 5.0
1.5384035444979276 | 0 | 5.0
1.603547275064561 | 0 | 5.0
1.6304247193007966 | 0 | 5.0
1.6690613124442482 | 0 | 5.0
1.7098203862345305 | 0 | 5.0
1.707589534229914 | 0 | 5.0
1.7832894845668374 | 2 | -0.5
1.7702107516157328 | 0 | 5.0
1.7845241837582757 | 0 | 5.0
1.75075208026297 | 0 | 5.0
1.7587688918054145 | 2 | -0.5
1.746968281686218 | 0 | 5.0
1.7792298814017367 | 0 | 5.0
1.7381182008183491 | 0 | 5.0
1.6672665329667187 | 0 | 5.0
1.6354365778815119 | 2 | -0.5
1.7866032459765768 | 1 | -0.5
1.6363650703299648 | 2 | -0.5
1.711182671798738 | 1 | -0.5
1.5938222162728486 | 2 | -0.5
1.708859286329925 | 2 | -0.5
1.8002273607746593 | 1 | -0.5
1.6522911558663458 | 2 | -0.5
1.7231113107954392 | 1 | -0.5
1.5602061791435018 | 2 | -0.5
1.6478516312442373 | 1 | -0.5
1.5411989394504384 | 2 | -0.5
1.638967527754136 | 2 | -0.5
1.8104115513096408 | 1 | -0.5
1.5789498029632563 | 2 | -0.5
1.7685842236791458 | 1 | -0.5
1.5234301066106317 | 2 | -0.5
1.6852442704984665 | 1 | -0.5
1.4388735845048004 | 2 | -0.5
1.6069107173654786 | 2 | -0.5
1.9231848995894754 | 1 | -0.5
1.5949777491270325 | 2 | -0.5
1.9991884979092267 | 1 | -0.5
1.5791858870501783 | 2 | -0.5
1.9879725553695942 | 0 | 5.0
1.6547803981610338 | 0 | 5.0
1.3317258605468383 | 2 | -0.5
1.6582881376452894 | 0 | 5.0
1.3035516407820076 | 0 | 5.0
0.9457254447799535 | 0 | 5.0
0.5621438126229841 | 0 | 5.0
0.609943066049466 | 0 | 5.0
0.7779314161974857 | 0 | 5.0
0.8790455223123242 | 0 | 5.0
0.9647910358846572 | 0 | 5.0
1.037701242403216 | 0 | 5.0
1.1331734134988503 | 0 | 5.0
1.223572451570103 | 0 | 5.0
1.36099985859517 | 2 | -0.5
1.2348028798307638 | 0 | 5.0
1.2569722957988483 | 0 | 5.0
1.3668303282664027 | 0 | 5.0
1.3690051723563665 | 0 | 5.0
1.4516192079848222 | 0 | 5.0
1.4217476146344363 | 0 | 5.0
1.5450624210827042 | 0 | 5.0
1.568599373669336 | 0 | 5.0
1.6115206628623495 | 0 | 5.0
1.692609162568435 | 0 | 5.0
1.7266374655471621 | 0 | 5.0
1.7825313739747595 | 0 | 5.0
1.8311521377489886 | 0 | 5.0
1.8692779490279066 | 0 | 5.0
1.9017364941366386 | 0 | 5.0
2.032797608614197 | 2 | -0.5
1.936970977902279 | 0 | 5.0
1.950018177713717 | 0 | 5.0
1.9828280985133744 | 0 | 5.0
2.00540050660315 | 1 | -0.5
2.0841747782867333 | 2 | -0.5
2.0156533997159176 | 1 | -0.5
2.1177052786539385 | 2 | -0.5
2.042669044235063 | 1 | -0.5
2.13134924939244 | 2 | -0.5
2.041963111075629 | 1 | -0.5
2.2078895734049837 | 1 | -0.5
2.4104762401874056 | 2 | -0.5
2.2774724547992813 | 1 | -0.5
2.545005161522078 | 2 | -0.5
2.25872912518659 | 1 | -0.5
2.5577431216433277 | 1 | -0.5
3.0927162620860598 | 0 | 5.0
3.3153670603768193 | 1 | -0.5
3.5411156755693853 | 0 | 5.0
3.4328667095093044 | 0 | 5.0
3.3271284546461044 | 0 | 5.0
3.2541586163324445 | 1 | -0.5
2.853491531197593 | 0 | 5.0
2.7599414533138633 | 0 | 5.0
2.6898980626446503 | 0 | 5.0
2.606017698562427 | 0 | 5.0
2.4255189246084465 | 0 | 5.0
2.3665654204256823 | 0 | 5.0
2.261172032395297 | 0 | 5.0
2.1540671789820434 | 0 | 5.0
2.074279602230237 | 1 | -0.5
1.9573050321657053 | 0 | 5.0
1.9142725610102043 | 0 | 5.0
1.8704524385252537 | 0 | 5.0
1.8047931733996025 | 0 | 5.0
1.7362478671191144 | 0 | 5.0
1.7568456400442216 | 0 | 5.0
1.6608921467067406 | 0 | 5.0
1.6480833742153134 | 0 | 5.0
1.5169617164633051 | 0 | 5.0
1.5012505600754273 | 0 | 5.0
1.4448995413576777 | 0 | 5.0
1.4110458516368258 | 0 | 5.0
1.3428631377536233 | 0 | 5.0
1.3213952531658368 | 1 | -0.5
1.3127617967891967 | 0 | 5.0
1.3264120467321412 | 0 | 5.0
1.2847174321817036 | 2 | -0.5
1.3278583520950091 | 1 | -0.5
1.2984550786585212 | 2 | -0.5
1.306412079896736 | 1 | -0.5
1.2783003534617778 | 2 | -0.5
1.2956309589477026 | 1 | -0.5
1.271993212424846 | 2 | -0.5
1.2656412585854515 | 1 | -0.5
1.2606873736425346 | 2 | -0.5
1.2422732830923853 | 2 | -0.5
1.3757450373690077 | 1 | -0.5
1.26616748025521 | 2 | -0.5
1.3301496603224685 | 1 | -0.5
1.228368022408002 | 2 | -0.5
1.270898953078269 | 1 | -0.5
1.2578288103410402 | 2 | -0.5
1.2772325122037842 | 1 | -0.5
1.2287706497815187 | 2 | -0.5
1.247420306796655 | 2 | -0.5
1.3897963498337205 | 1 | -0.5
1.223499661182789 | 2 | -0.5
1.282630090485043 | 1 | -0.5
1.144173534220629 | 2 | -0.5
1.2620221311784938 | 2 | -0.5
1.4107731317137155 | 1 | -0.5
1.1523462278404166 | 2 | -0.5
1.3149815184485099 | 1 | -0.5
1.1236106185328023 | 2 | -0.5
1.247492640300273 | 1 | -0.5
1.0621350630460928 | 2 | -0.5
1.1685037212089235 | 2 | -0.5
1.3626253821004624 | 0 | 5.0
1.2573383660474582 | 0 | 5.0
0.9834426006827501 | 0 | 5.0
0.6617747549858769 | 2 | -0.5
0.8596792763482765 | 0 | 5.0
0.4915554787245481 | 0 | 5.0
0.6061258442756343 | 0 | 5.0
0.6944544926318912 | 0 | 5.0
0.7856075426375043 | 0 | 5.0
0.8307454294617896 | 0 | 5.0
0.9389186440159785 | 0 | 5.0
1.0205832487446833 | 2 | -0.5
1.0064254634954484 | 0 | 5.0
1.10219557875564 | 0 | 5.0
1.118832966509039 | 0 | 5.0
1.1208429710379133 | 0 | 5.0
1.2321073058183798 | 0 | 5.0
1.3080778234438857 | 0 | 5.0
1.3279212164700207 | 0 | 5.0
1.3993339033050056 | 0 | 5.0
1.467649987055487 | 0 | 5.0
1.5469328203578394 | 0 | 5.0
1.5891737038502032 | 2 | -0.5
1.5692045940036476 | 0 | 5.0
1.587041685969892 | 0 | 5.0
1.592966830632317 | 0 | 5.0
1.6367339750445025 | 2 | -0.5
1.6457095805108441 | 0 | 5.0
1.6444187597197288 | 0 | 5.0
1.6233886963252118 | 0 | 5.0
1.5968426470672308 | 2 | -0.5
1.681689393462169 | 0 | 5.0
1.583438267806228 | 1 | -0.5
1.5516400485529673 | 2 | -0.5
1.5886133165362373 | 1 | -0.5
1.549833827702049 | 2 | -0.5
1.5977524618604992 | 1 | -0.5
1.525041653842165 | 2 | -0.5
1.587959381514588 | 1 | -0.5
1.4871516134544922 | 2 | -0.5
1.538495129486758 | 2 | -0.5
1.6780347391887933 | 1 | -0.5
1.5314647992066144 | 2 | -0.5
1.623399562606936 | 1 | -0.5
1.4847447852771152 | 2 | -0.5
1.5863697149705716 | 1 | -0.5
1.5090253648646934 | 2 | -0.5
1.5732466914611285 | 1 | -0.5
1.4312820542064744 | 2 | -0.5
1.522256026505584 | 2 | -0.5
1.6649618583570855 | 1 | -0.5
1.440391087672401 | 2 | -0.5
1.5637072187409422 | 1 | -0.5
1.3543834192848683 | 2 | -0.5
1.5400802947915821 | 1 | -0.5
1.3706787662458746 | 2 | -0.5
1.4634641514154931 | 2 | -0.5
1.6567628222617865 | 1 | -0.5
1.3961869974777177 | 2 | -0.5
1.6237578711153386 | 1 | -0.5
1.4006695538469607 | 2 | -0.5
1.6025268251557736 | 1 | -0.5
1.32890024979259 | 2 | -0.5
1.5478471483910436 | 1 | -0.5
1.2767722074177303 | 2 | -0.5
1.3870611603296648 | 2 | -0.5
1.585509115623245 | 0 | 5.0
1.379459166871261 | 0 | 5.0
1.1537883456542621 | 2 | -0.5
1.4626374452811848 | 0 | 5.0
1.0287567983443426 | 0 | 5.0
0.674010928263633 | 0 | 5.0
0.7140846481315658 | 0 | 5.0
0.8272336813006385 | 0 | 5.0
0.8963081368572573 | 0 | 5.0
0.9991825983405175 | 0 | 5.0
1.0672679349047074 | 0 | 5.0
1.2291699087532273 | 2 | -0.5
1.1351499007411172 | 0 | 5.0
1.167488077419306 | 0 | 5.0
1.2457011206744353 | 0 | 5.0
1.2821275862227537 | 0 | 5.0
1.408495090642052 | 0 | 5.0
1.4471312866392076 | 0 | 5.0
1.4992657369402518 | 0 | 5.0
1.5888982721479863 | 2 | -0.5
1.5455099805468318 | 0 | 5.0
1.576062151775815 | 0 | 5.0
1.617423626399977 | 0 | 5.0
1.643951831730964 | 0 | 5.0
1.7105438575857914 | 0 | 5.0
1.759178115742201 | 0 | 5.0
1.8005864214997145 | 0 | 5.0
1.8221246983406225 | 0 | 5.0
1.8461383256713952 | 0 | 5.0
1.8813547981220542 | 0 | 5.0
1.9221524585787575 | 0 | 5.0
2.0115584084789546 | 0 | 5.0
2.06004979348783 | 2 | -0.5
1.991752705152394 | 0 | 5.0
1.9919839392981642 | 0 | 5.0
2.0144196525554974 | 0 | 5.0
1.9760930602478106 | 0 | 5.0
1.9938724129537095 | 0 | 5.0
1.9701153140668972 | 0 | 5.0
1.973845160567904 | 0 | 5.0
1.9457880326722476 | 0 | 5.0
2.003969762072917 | 0 | 5.0
2.0117130429590646 | 0 | 5.0
2.0297519568791604 | 0 | 5.0
1.9605255566342625 | 0 | 5.0
1.985597373127705 | 0 | 5.0
1.9969448471730207 | 0 | 5.0
1.9735593107144005 | 0 | 5.0
1.96697189534054 | 0 | 5.0
1.9786718823038019 | 0 | 5.0
1.9703342283803078 | 0 | 5.0
1.967076472084689 | 0 | 5.0
1.9856262797245736 | 0 | 5.0
1.9946777218756908 | 0 | 5.0
1.9868074396724207 | 0 | 5.0
1.9696111169222696 | 0 | 5.0
2.0214716166309916 | 0 | 5.0
1.9868227902587718 | 0 | 5.0
2.0014444327125656 | 0 | 5.0
2.053896041364125 | 0 | 5.0
2.0190738478922925 | 0 | 5.0
2.0373826890103675 | 0 | 5.0
2.0359903564490005 | 0 | 5.0
2.0596741024872176 | 0 | 5.0
2.05067860539337 | 0 | 5.0
2.0484838541072197 | 0 | 5.0
2.0608452603933762 | 0 | 5.0
2.0733162880117626 | 0 | 5.0
2.1043253496505323 | 0 | 5.0
2.0964507908526517 | 0 | 5.0
2.0951312949959173 | 2 | -0.5
2.1500787606670086 | 0 | 5.0
2.096461599611639 | 0 | 5.0
2.0858749251066966 | 0 | 5.0
2.006140285983894 | 2 | -0.5
2.1800157133901727 | 0 | 5.0
2.0533905147932474 | 1 | -0.5
1.949219267420904 | 2 | -0.5
2.043709357717622 | 1 | -0.5
1.921786097183527 | 2 | -0.5
2.0784238479020956 | 1 | -0.5
1.8806061108721168 | 2 | -0.5
1.957085455818884 | 1 | -0.5
1.8386060484377245 | 2 | -0.5
1.9787036349470035 | 1 | -0.5
1.8286268197508289 | 2 | -0.5
1.9460917739721086 | 1 | -0.5
1.7847451382644957 | 2 | -0.5
1.9459381322742588 | 1 | -0.5
1.8084788986900004 | 2 | -0.5
1.8972549187863663 | 2 | -0.5
2.126933106602304 | 1 | -0.5
1.8255661431736878 | 2 | -0.5
2.084029406946995 | 1 | -0.5
1.8198906346052717 | 2 | -0.5
2.0609379484968535 | 1 | -0.5
1.8158337997007947 | 2 | -0.5
2.010419755762236 | 1 | -0.5
1.7093347876860487 | 2 | -0.5
1.9131163994914384 | 1 | -0.5
1.7484651377618403 | 2 | -0.5
1.8676951612504211 | 2 | -0.5
2.046357579039135 | 1 | -0.5
1.8366899965991164 | 2 | -0.5
2.14465527376153 | 1 | -0.5
1.7168905868345705 | 2 | -0.5
1.9980690408165278 | 1 | -0.5
1.7352266100387608 | 2 | -0.5
1.9522100020655677 | 1 | -0.5
1.6323647745180883 | 2 | -0.5
2.042009147199218 | 1 | -0.5
1.5766888654401965 | 2 | -0.5
1.8311138695953408 | 2 | -0.5
2.39986348840106 | 0 | 5.0
2.097324422417374 | 0 | 5.0
1.7808186771093397 | 0 | 5.0
1.406317799315289 | 0 | 5.0
1.1294727234933803 | 2 | -0.5
1.2782469342197487 | 0 | 5.0
0.7848031306661323 | 0 | 5.0
0.8754291493278117 | 2 | -0.5
0.7688868248785934 | 0 | 5.0
0.8648785793578107 | 0 | 5.0
0.8770905714844937 | 0 | 5.0
0.9506804076088274 | 0 | 5.0
1.0108995767076332 | 0 | 5.0
1.0996455994096186 | 0 | 5.0
1.1833764879296518 | 0 | 5.0
1.2535163634585231 | 0 | 5.0
1.296991981024294 | 0 | 5.0
1.3600289253494289 | 0 | 5.0
1.4224970683159432 | 0 | 5.0
1.5086822966479692 | 0 | 5.0
1.561762398923743 | 0 | 5.0
1.5734949134682008 | 0 | 5.0
1.6703252601408436 | 0 | 5.0
1.7691309924501866 | 2 | -0.5
1.6954756789247645 | 0 | 5.0
1.6771771616845543 | 0 | 5.0
1.6872350956953128 | 0 | 5.0
1.7445453119523038 | 0 | 5.0
1.793808841421527 | 0 | 5.0
1.8375160129883505 | 0 | 5.0
1.9047317091143807 | 0 | 5.0
1.964574262925406 | 0 | 5.0
1.9791234912203652 | 0 | 5.0
2.030790257353043 | 0 | 5.0
2.0634061322937867 | 2 | -0.5
2.0232531510430287 | 0 | 5.0
2.0122697617336076 | 0 | 5.0
1.9897506412197261 | 0 | 5.0
2.0294169478852635 | 0 | 5.0
2.038023896060997 | 0 | 5.0
2.020072728802267 | 0 | 5.0
2.0552262964914787 | 0 | 5.0
2.073309244623154 | 0 | 5.0
2.085600813689299 | 0 | 5.0
2.1245586019250653 | 0 | 5.0
2.077698752798282 | 0 | 5.0
2.086240951627884 | 0 | 5.0
2.100730812885689 | 0 | 5.0
2.0892437434124487 | 0 | 5.0
2.102914382325118 | 0 | 5.0
2.1446166084477696 | 0 | 5.0
2.104615731107103 | 0 | 5.0
2.134964169433355 | 0 | 5.0
2.0949431613603293 | 0 | 5.0
2.0684819288264125 | 0 | 5.0
2.066862264436967 | 0 | 5.0
2.0427574938371893 | 0 | 5.0
2.054325371554272 | 0 | 5.0
2.02820733716329 | 0 | 5.0
2.009952685913027 | 0 | 5.0
1.981240390393933 | 0 | 5.0
1.9816300402616456 | 0 | 5.0
1.9360354180218484 | 0 | 5.0
1.906951787123049 | 0 | 5.0
1.8735290148638473 | 0 | 5.0
1.8263804899541107 | 0 | 5.0
1.844381357128173 | 0 | 5.0
1.8004695910580688 | 0 | 5.0
1.7939116589950528 | 0 | 5.0
1.7558622783579931 | 0 | 5.0
1.7730972987624867 | 0 | 5.0
1.7936640745351577 | 0 | 5.0
1.706520252599074 | 0 | 5.0
1.7134597035161956 | 0 | 5.0
1.7062329800154958 | 0 | 5.0
1.6905728043430348 | 2 | -0.5
1.7366093376751006 | 0 | 5.0
1.6704789574147303 | 1 | -0.5
1.58311634212813 | 2 | -0.5
1.6743841191355457 | 2 | -0.5
1.778665535539281 | 1 | -0.5
1.5927126236603677 | 2 | -0.5
1.7219629527274825 | 1 | -0.5
1.5765057968323313 | 2 | -0.5
1.658248079847497 | 1 | -0.5
1.5542842480636727 | 2 | -0.5
1.6545275770079049 | 1 | -0.5
1.5974373739927255 | 2 | -0.5
1.6367529260498657 | 1 | -0.5
1.5205374690449562 | 2 | -0.5
1.6491772555425304 | 1 | -0.5
1.4884392606962251 | 2 | -0.5
1.5699319778908332 | 2 | -0.5
1.7403697938891924 | 1 | -0.5
1.477628190434168 | 2 | -0.5
1.644690181155844 | 1 | -0.5
1.4579256061779886 | 2 | -0.5
1.636716005774032 | 2 | -0.5
1.8868746776392107 | 1 | -0.5
1.4902379998557354 | 2 | -0.5
1.8381453552660796 | 1 | -0.5
1.4553623202606076 | 2 | -0.5
1.7365634070539908 | 1 | -0.5
1.4506154019518662 | 2 | -0.5
1.735532267814958 | 0 | 5.0
1.4265061536817794 | 2 | -0.5
1.7646398250118347 | 0 | 5.0
1.4896053327297432 | 0 | 5.0
1.109382358396013 | 0 | 5.0
0.7977594006229368 | 0 | 5.0
0.6697280045112499 | 0 | 5.0
0.8030557250237447 | 0 | 5.0
0.8694673936715093 | 0 | 5.0
1.0083053304377536 | 0 | 5.0
1.124344029174161 | 0 | 5.0
1.1558516030865518 | 0 | 5.0
1.2405100324672433 | 0 | 5.0
1.2997065118109472 | 0 | 5.0
1.4281707229453808 | 0 | 5.0
1.498900150155287 | 0 | 5.0
1.5142156909086264 | 0 | 5.0
1.6172117385028038 | 2 | -0.5
1.574408713107935 | 0 | 5.0
1.6142874862308594 | 0 | 5.0
1.5929177343352596 | 0 | 5.0
1.6522038627947617 | 0 | 5.0
1.6880826228494352 | 0 | 5.0
1.6811913049351142 | 0 | 5.0
1.7304804315832376 | 2 | -0.5
1.751955619347957 | 0 | 5.0
1.7195637082030866 | 0 | 5.0
1.6674622856722103 | 0 | 5.0
1.6916943697252775 | 2 | -0.5
1.710390701140313 | 0 | 5.0
1.6434673765488543 | 0 | 5.0
1.5785773444446254 | 1 | -0.5
1.5853018073652831 | 2 | -0.5
1.5920776860439305 | 1 | -0.5
1.5265110190577527 | 2 | -0.5
1.5793392067604022 | 2 | -0.5
1.6695507862444026 | 1 | -0.5
1.5939687391654307 | 2 | -0.5
1.6653135210822994 | 1 | -0.5
1.549284015951658 | 2 | -0.5
1.6133732470630449 | 1 | -0.5
1.4703671086671044 | 2 | -0.5
1.576570909524522 | 1 | -0.5
1.4877190403094394 | 2 | -0.5
1.6024499100787026 | 1 | -0.5
1.4759985551078953 | 2 | -0.5
1.5643945862257298 | 1 | -0.5
1.4770163855303646 | 2 | -0.5
1.554226957142783 | 1 | -0.5
1.4173370030828514 | 2 | -0.5
1.5038785974388083 | 1 | -0.5
1.361015722725346 | 2 | -0.5
1.5047613818858496 | 2 | -0.5
1.731033797423659 | 1 | -0.5
1.4389261709012855 | 2 | -0.5
1.6855675370814207 | 1 | -0.5
1.4151841249632744 | 2 | -0.5
1.6299749022564038 | 1 | -0.5
1.3582999884166143 | 2 | -0.5
Total reward: 2470.0
