3.8, -0.1, -3.4, -1.0, -5.3, 0.8, 2.3, -3.0, -6.0, -5.7, 4.5, -2.9, 0.1, -0.1, -4.2, 3.0, 2.0, 5.0
parameter ends

state | action | reward
[1.74] | 1 | -0.5
1.5812263969306062 | 0 | 5.0
1.4900648519243704 | 0 | 5.0
1.4453873670623456 | 0 | 5.0
1.3638730478624956 | 0 | 5.0
1.3008906587772477 | 0 | 5.0
1.236011692145628 | 1 | -0.5
1.1971870535771552 | 0 | 5.0
1.183583723517827 | 0 | 5.0
1.155991491840908 | 0 | 5.0
1.10868117161066 | 0 | 5.0
1.1257859012525249 | 0 | 5.0
1.119753210949564 | 0 | 5.0
1.084572828458706 | 0 | 5.0
1.072072850366007 | 0 | 5.0
0.997595883636 | 0 | 5.0
0.9509981729694307 | 0 | 5.0
0.9510129759199762 | 0 | 5.0
0.933437458954692 | 0 | 5.0
0.8947680566712606 | 0 | 5.0
0.8775372232876362 | 0 | 5.0
0.863527297920106 | 0 | 5.0
0.8267259852315574 | 0 | 5.0
0.814509940432182 | 0 | 5.0
0.7922889513653589 | 0 | 5.0
0.7925223804202458 | 0 | 5.0
0.7386498216015129 | 0 | 5.0
0.7510512197750826 | 0 | 5.0
0.6989479953825954 | 0 | 5.0
0.7103127405765728 | 0 | 5.0
0.7033835893337406 | 0 | 5.0
0.6831592623209887 | 0 | 5.0
0.6864636972823119 | 0 | 5.0
0.663656371353414 | 0 | 5.0
0.6787598459151047 | 0 | 5.0
0.6831784400213287 | 0 | 5.0
0.7151560161011817 | 0 | 5.0
0.7038801418073661 | 0 | 5.0
0.6707470659197922 | 0 | 5.0
0.6729065108376115 | 0 | 5.0
0.7171938479240687 | 0 | 5.0
0.7201339807693407 | 0 | 5.0
0.7333418849649075 | 0 | 5.0
0.7577529170014204 | 0 | 5.0
0.7453246532383688 | 0 | 5.0
0.759236697526894 | 0 | 5.0
0.7391727653323258 | 0 | 5.0
0.7452329017178636 | 0 | 5.0
0.7769508056053546 | 0 | 5.0
0.7677792378357353 | 0 | 5.0
0.7589750451103146 | 0 | 5.0
0.8028940349858336 | 0 | 5.0
0.7753569813647766 | 0 | 5.0
0.7954289572276996 | 0 | 5.0
0.7374813827794569 | 0 | 5.0
0.7625986518542185 | 0 | 5.0
0.7703888756399115 | 0 | 5.0
0.7555037415007604 | 1 | -0.5
0.7816358088115334 | 0 | 5.0
0.7942355297449696 | 0 | 5.0
0.8293058732303302 | 0 | 5.0
0.8452172591009539 | 0 | 5.0
0.924087766700076 | 1 | -0.5
0.9311220513630603 | 0 | 5.0
1.0773468766580119 | 0 | 5.0
1.074672598912109 | 0 | 5.0
1.184900397059614 | 1 | -0.5
1.315614183743274 | 0 | 5.0
1.4684765349761355 | 0 | 5.0
1.545303917032679 | 0 | 5.0
1.631803131955038 | 1 | -0.5
1.9035878129471953 | 0 | 5.0
2.1168522804674677 | 0 | 5.0
2.353985574233929 | 1 | -0.5
2.9853421332690457 | 0 | 5.0
3.1566262111565573 | 0 | 5.0
3.3840844085022903 | 0 | 5.0
3.2534975081500206 | 0 | 5.0
3.0874893915376336 | 0 | 5.0
2.9824380274416304 | 1 | -0.5
2.5654059448438917 | 0 | 5.0
2.479305860745802 | 0 | 5.0
2.4098408756374377 | 0 | 5.0
2.236467250704408 | 0 | 5.0
2.1658619952927163 | 0 | 5.0
2.043623353471953 | 0 | 5.0
1.9881983029433559 | 0 | 5.0
1.8982270459772197 | 0 | 5.0
1.8170030015693055 | 0 | 5.0
1.753437851209965 | 0 | 5.0
1.6592889436073337 | 0 | 5.0
1.6264485330887355 | 0 | 5.0
1.5052586954824736 | 0 | 5.0
1.4492391460394538 | 0 | 5.0
1.4010766942069681 | 0 | 5.0
1.3557783571775335 | 0 | 5.0
1.258700104495656 | 0 | 5.0
1.2483656856056504 | 0 | 5.0
1.233075181076029 | 0 | 5.0
1.1438019149374892 | 1 | -0.5
1.1092379976034616 | 0 | 5.0
1.1110083878280905 | 0 | 5.0
1.0554421524563145 | 0 | 5.0
1.063877717480354 | 0 | 5.0
1.0850218572445411 | 0 | 5.0
1.0244324592707938 | 0 | 5.0
0.9903255547499179 | 0 | 5.0
0.9510172841007131 | 0 | 5.0
0.9279055286597404 | 0 | 5.0
0.8562861758127606 | 0 | 5.0
0.8464149035479699 | 1 | -0.5
0.8049513245938071 | 0 | 5.0
0.8678820648530863 | 0 | 5.0
0.8882369027584304 | 0 | 5.0
0.8363078225170276 | 0 | 5.0
0.8766271182416429 | 0 | 5.0
0.8861474067886755 | 0 | 5.0
0.871033343017051 | 0 | 5.0
0.8516748482069378 | 0 | 5.0
0.907153090546608 | 0 | 5.0
0.9230248875144893 | 0 | 5.0
0.9433541989497366 | 0 | 5.0
0.900718131320234 | 0 | 5.0
0.9598543195360023 | 0 | 5.0
0.9502222985465073 | 0 | 5.0
1.0219363956203724 | 0 | 5.0
1.0221188385255853 | 0 | 5.0
1.021327041334907 | 0 | 5.0
1.0645117072259758 | 0 | 5.0
1.1009974671046003 | 0 | 5.0
1.1134517445301308 | 0 | 5.0
1.130165061732816 | 0 | 5.0
1.1654374555019393 | 0 | 5.0
1.18031905017082 | 0 | 5.0
1.2107569620460434 | 0 | 5.0
1.2226049147979245 | 0 | 5.0
1.217928557420435 | 0 | 5.0
1.212247442542452 | 0 | 5.0
1.2345521632516896 | 0 | 5.0
1.2605452068398546 | 0 | 5.0
1.2440305043260933 | 0 | 5.0
1.2864237574812385 | 0 | 5.0
1.2786156930021473 | 0 | 5.0
1.3015727468769451 | 0 | 5.0
1.3157047049257196 | 0 | 5.0
1.3433088694763975 | 0 | 5.0
1.3038128537520468 | 0 | 5.0
1.3040125001782414 | 1 | -0.5
1.3340146857874797 | 0 | 5.0
1.4462074926723916 | 0 | 5.0
1.4573564642980612 | 0 | 5.0
1.5314926290764803 | 1 | -0.5
1.659371432366229 | 0 | 5.0
1.7617554282116366 | 0 | 5.0
1.8848947781206142 | 1 | -0.5
2.0850914978058035 | 0 | 5.0
2.250093456988632 | 0 | 5.0
2.3680868115454383 | 1 | -0.5
2.952573358072133 | 0 | 5.0
3.0805730025071014 | 0 | 5.0
3.3094357887260384 | 0 | 5.0
3.500426198283259 | 1 | -0.5
3.0789737256891083 | 0 | 5.0
2.9031247461854597 | 0 | 5.0
2.794171294385136 | 0 | 5.0
2.6933531107181756 | 0 | 5.0
2.6452728820509046 | 0 | 5.0
2.519676198170487 | 0 | 5.0
2.350718092733615 | 1 | -0.5
2.161846482152958 | 0 | 5.0
2.0906398163241664 | 0 | 5.0
2.0127218469455044 | 0 | 5.0
1.9057175947014027 | 0 | 5.0
1.8246747926512223 | 0 | 5.0
1.788224196796059 | 0 | 5.0
1.6898460255719001 | 0 | 5.0
1.6317547903869039 | 0 | 5.0
1.5620437123650475 | 0 | 5.0
1.4772689474705136 | 0 | 5.0
1.3881883104773909 | 1 | -0.5
1.3444375536156297 | 0 | 5.0
1.3638866359094914 | 0 | 5.0
1.2900640522025402 | 0 | 5.0
1.2725780935492088 | 0 | 5.0
1.2934111389007428 | 0 | 5.0
1.2341172514267513 | 0 | 5.0
1.2319416803050913 | 1 | -0.5
1.235819473149373 | 0 | 5.0
1.2312523591097764 | 0 | 5.0
1.2864790072350776 | 1 | -0.5
1.3139815491076587 | 0 | 5.0
1.3544770036525686 | 0 | 5.0
1.4244193100446956 | 0 | 5.0
1.4769387539731063 | 0 | 5.0
1.5478401730528693 | 1 | -0.5
1.6702156521363114 | 0 | 5.0
1.778074499598193 | 0 | 5.0
1.86222472762328 | 1 | -0.5
2.216596795383607 | 0 | 5.0
2.4936597078129084 | 0 | 5.0
2.668869335537514 | 0 | 5.0
2.8509457035916914 | 1 | -0.5
3.482950975239967 | 0 | 5.0
3.4097564942520813 | 0 | 5.0
3.2306440485497667 | 0 | 5.0
3.047671017751673 | 0 | 5.0
2.928037434180512 | 0 | 5.0
2.803572471544602 | 0 | 5.0
2.653965547122977 | 1 | -0.5
2.3415703513763937 | 0 | 5.0
2.2457334693414985 | 0 | 5.0
2.158926452405886 | 0 | 5.0
2.036326657119877 | 0 | 5.0
1.9740663804020366 | 0 | 5.0
1.8372664822903164 | 0 | 5.0
1.7411239655973225 | 0 | 5.0
1.7259141367110795 | 0 | 5.0
1.625280806899228 | 0 | 5.0
1.524685376879451 | 0 | 5.0
1.3983156674482695 | 0 | 5.0
1.3777895933358888 | 0 | 5.0
1.3038573190134735 | 0 | 5.0
1.263708513544458 | 1 | -0.5
1.1645126201277625 | 0 | 5.0
1.141282802954427 | 0 | 5.0
1.1088775940240143 | 0 | 5.0
1.0618341557570061 | 0 | 5.0
1.0214745522623703 | 0 | 5.0
0.980671786652701 | 1 | -0.5
0.9662832115363875 | 0 | 5.0
0.9421645314888868 | 0 | 5.0
0.9310813639263764 | 0 | 5.0
0.9363538379364925 | 0 | 5.0
0.9396918105311061 | 1 | -0.5
0.9591463674517942 | 0 | 5.0
0.9904226976813341 | 0 | 5.0
0.9881327284709721 | 0 | 5.0
1.0024818532505086 | 0 | 5.0
9.51580962654974 | 0 | 5.0
9.580542462142994 | 0 | 5.0
9.568877902105411 | 0 | 5.0
9.602573672205391 | 0 | 5.0
9.560926877076158 | 0 | 5.0
9.58227885143871 | 0 | 5.0
9.524271720330768 | 0 | 5.0
9.551455774071306 | 0 | 5.0
9.623529075987062 | 0 | 5.0
9.612005050161274 | 0 | 5.0
9.6507206997084 | 0 | 5.0
9.640073825079837 | 0 | 5.0
9.632453267170904 | 0 | 5.0
9.673365456541926 | 0 | -200.0
Total reward: 912.0
