-0.2, 0.1, 2.1, -1.3, -2.8, 5.0, 2.2, 0.2, -3.6, -1.4, 2.5, -1.8, -1.4, -2.2, 5.4, 0.8, 1.8, -8.2
parameter ends

state | action | reward
[3.39] | 2 | -0.5
3.8256648192575895 | 2 | -0.5
4.54729560095125 | 2 | -0.5
5.981434616194534 | 2 | -0.5
9.335559923023341 | 2 | -0.5
10.202152388032218 | 2 | -0.5
1.6291340433050927 | 2 | -0.5
1.6890025154399368 | 2 | -0.5
1.7971350933193906 | 2 | -0.5
1.9332841877071596 | 2 | -0.5
2.2730163163818684 | 2 | -0.5
2.8987112007781364 | 0 | 5.0
2.645530481055846 | 0 | 5.0
2.2757757823324134 | 2 | -0.5
3.5794270866286104 | 0 | 5.0
2.89444343859911 | 0 | 5.0
2.5108291889801353 | 0 | 5.0
2.009799205216087 | 0 | 5.0
1.4104539767795086 | 0 | 5.0
0.8290013495115309 | 0 | 5.0
0.8371670917757197 | 0 | 5.0
0.9613131829506739 | 0 | 5.0
0.9945899842435328 | 0 | 5.0
1.048700885850984 | 0 | 5.0
1.1133642434280524 | 0 | 5.0
1.1820279662214124 | 0 | 5.0
1.3004295511120256 | 0 | 5.0
1.2953662168647424 | 0 | 5.0
1.3474057436866989 | 0 | 5.0
1.3917771119548668 | 0 | 5.0
1.4621767028833037 | 0 | 5.0
1.5098513276905672 | 0 | 5.0
1.5745939120710675 | 0 | 5.0
1.6076015412506868 | 0 | 5.0
1.6867398785314256 | 2 | -0.5
1.667774032675603 | 0 | 5.0
1.6893681647834122 | 0 | 5.0
1.6695451459725192 | 0 | 5.0
1.736515200059936 | 2 | -0.5
1.7245101387791302 | 0 | 5.0
1.739329276283889 | 0 | 5.0
1.6716084180781126 | 0 | 5.0
1.6650339426493694 | 2 | -0.5
1.7549126947202158 | 0 | 5.0
1.6844859195684034 | 0 | 5.0
1.6479758313301798 | 0 | 5.0
1.581658751930229 | 2 | -0.5
1.6921325514668324 | 1 | -0.5
1.5690457019037447 | 2 | -0.5
1.648747019011288 | 1 | -0.5
1.5039467295670312 | 2 | -0.5
1.6015078676538537 | 1 | -0.5
1.5036987157113748 | 2 | -0.5
1.5519207703787636 | 2 | -0.5
1.6694747755736459 | 1 | -0.5
1.4879758549750834 | 2 | -0.5
1.6051713615451852 | 1 | -0.5
1.4873373658118627 | 2 | -0.5
1.7323535579388543 | 1 | -0.5
1.5304755663537015 | 2 | -0.5
1.6641485630816495 | 1 | -0.5
1.4852402770778692 | 2 | -0.5
1.5664420123392628 | 1 | -0.5
1.3665069656127606 | 2 | -0.5
1.5588002468781954 | 2 | -0.5
1.8072647186609982 | 1 | -0.5
1.496039677092617 | 2 | -0.5
1.6788340678531597 | 1 | -0.5
1.4187471083962417 | 2 | -0.5
1.5403518536314547 | 2 | -0.5
1.9090883255981435 | 0 | 5.0
1.644708837274448 | 0 | 5.0
1.4152310597404976 | 0 | 5.0
1.1036382684187462 | 0 | 5.0
0.8090601512494401 | 2 | -0.5
1.0751036260311801 | 0 | 5.0
0.7083431140279289 | 0 | 5.0
0.6525904116876093 | 0 | 5.0
0.7278765371441452 | 0 | 5.0
0.8567543172076306 | 0 | 5.0
0.9925103319098577 | 0 | 5.0
1.037859469671062 | 0 | 5.0
1.1413452532550605 | 2 | -0.5
1.1053864068484136 | 0 | 5.0
1.116156680427818 | 0 | 5.0
1.194756182583921 | 0 | 5.0
1.2555345577558576 | 0 | 5.0
1.2552668438703802 | 0 | 5.0
1.2819271147433835 | 0 | 5.0
1.383635410325036 | 0 | 5.0
1.3692284624895943 | 0 | 5.0
1.4426210858546704 | 0 | 5.0
1.4441544844497396 | 0 | 5.0
1.5087122056787192 | 0 | 5.0
1.603451181077213 | 0 | 5.0
1.6377010873319577 | 0 | 5.0
1.732182746724416 | 0 | 5.0
1.751546054458505 | 2 | -0.5
1.709375029422309 | 0 | 5.0
1.7410029196931671 | 0 | 5.0
1.7752169965811693 | 0 | 5.0
1.7569296558621457 | 0 | 5.0
1.8201355412099087 | 0 | 5.0
1.852040809480633 | 0 | 5.0
1.8245576915005965 | 0 | 5.0
1.8063732812021849 | 0 | 5.0
1.8535817863162967 | 0 | 5.0
1.896439590572063 | 0 | 5.0
1.879849222950496 | 0 | 5.0
1.8785157796307883 | 0 | 5.0
1.9252640087507376 | 0 | 5.0
1.9118135292871812 | 0 | 5.0
1.9369519640161403 | 0 | 5.0
1.922820311084566 | 0 | 5.0
1.92221471645987 | 0 | 5.0
1.9014678323666754 | 0 | 5.0
1.9152994716330396 | 0 | 5.0
1.9288162352169307 | 0 | 5.0
1.9150082529146906 | 0 | 5.0
1.9209699444301938 | 0 | 5.0
1.8998823723720313 | 0 | 5.0
1.911942331354893 | 0 | 5.0
1.8732946830317774 | 0 | 5.0
1.897767242391006 | 0 | 5.0
1.868340459518823 | 0 | 5.0
1.830711754567278 | 0 | 5.0
1.7882492395424543 | 0 | 5.0
1.788954940604857 | 0 | 5.0
1.7359255046799755 | 0 | 5.0
1.7556850738124428 | 0 | 5.0
1.7240013445206588 | 0 | 5.0
1.6950173432286102 | 0 | 5.0
1.6567442305252578 | 0 | 5.0
1.6123625249266418 | 0 | 5.0
1.6491894707757455 | 0 | 5.0
1.6500659495163186 | 0 | 5.0
1.6022417773644397 | 0 | 5.0
1.6142697356318918 | 0 | 5.0
1.6047832874918941 | 0 | 5.0
1.6035685703583509 | 0 | 5.0
1.6033107436266927 | 0 | 5.0
1.5666358747919527 | 0 | 5.0
1.6054324160365432 | 0 | 5.0
1.5450204476326261 | 2 | -0.5
1.567065278695768 | 0 | 5.0
1.5678932839629047 | 0 | 5.0
1.4798518505483547 | 2 | -0.5
1.5804696099873725 | 1 | -0.5
1.4883307758010704 | 2 | -0.5
1.582719481972974 | 1 | -0.5
1.526365311088351 | 2 | -0.5
1.536958598851248 | 1 | -0.5
1.4107826043448692 | 2 | -0.5
1.5583733698428064 | 1 | -0.5
1.4059815984682784 | 2 | -0.5
1.5191123781502247 | 1 | -0.5
1.422795974619063 | 2 | -0.5
1.42780487038097 | 2 | -0.5
1.6243871395842266 | 1 | -0.5
1.4276363017396625 | 2 | -0.5
1.5720019898350908 | 1 | -0.5
1.3918447371841889 | 2 | -0.5
1.5208580766337636 | 1 | -0.5
1.3493510154202581 | 2 | -0.5
1.488633789113693 | 1 | -0.5
1.3070675891744785 | 2 | -0.5
1.3801956432620381 | 2 | -0.5
1.6210936831227964 | 1 | -0.5
1.352081128252298 | 2 | -0.5
1.575455073503794 | 1 | -0.5
1.3011971304474281 | 2 | -0.5
1.4565096182931063 | 1 | -0.5
1.2413399601333952 | 2 | -0.5
1.403601650496244 | 2 | -0.5
1.8569652507045662 | 0 | 5.0
1.5568004546673904 | 0 | 5.0
1.2340923319752526 | 0 | 5.0
0.9581591459110845 | 0 | 5.0
0.7159044763293526 | 0 | 5.0
0.6403577215744651 | 2 | -0.5
0.651325691863562 | 0 | 5.0
0.6873711136212571 | 0 | 5.0
0.7601181812387827 | 0 | 5.0
0.8280931962260848 | 0 | 5.0
0.915948167907113 | 0 | 5.0
0.9631229317427502 | 0 | 5.0
1.0360220185177527 | 0 | 5.0
1.0999179988991798 | 0 | 5.0
1.1836877683818354 | 0 | 5.0
1.2254974518477673 | 0 | 5.0
1.302593127200896 | 0 | 5.0
1.2777100907413885 | 0 | 5.0
1.4309296907085414 | 0 | 5.0
1.4996202448860227 | 0 | 5.0
1.5271604027945627 | 2 | -0.5
1.4963983954046856 | 0 | 5.0
1.5510158005185235 | 0 | 5.0
1.522683537013882 | 0 | 5.0
1.5481120629823106 | 0 | 5.0
1.6506544746842828 | 0 | 5.0
1.6586784383377697 | 0 | 5.0
1.708142009896105 | 0 | 5.0
1.7336247299976641 | 0 | 5.0
1.7885914373274534 | 0 | 5.0
1.8108673744132573 | 0 | 5.0
1.8860223800048024 | 0 | 5.0
1.899439989788572 | 0 | 5.0
1.9002825281509015 | 0 | 5.0
1.9620428012713884 | 0 | 5.0
2.0065966975610143 | 0 | 5.0
2.0003244016542547 | 0 | 5.0
2.053520919456869 | 0 | 5.0
2.0443808985603744 | 0 | 5.0
2.089623846986883 | 0 | 5.0
2.132112832291846 | 0 | 5.0
2.147980904661909 | 0 | 5.0
2.216991793876858 | 2 | -0.5
2.164531169685592 | 0 | 5.0
2.145084467843057 | 0 | 5.0
2.140122096119845 | 0 | 5.0
2.150460189788093 | 0 | 5.0
2.1479522016778736 | 0 | 5.0
2.1311923669718946 | 0 | 5.0
2.112999818177899 | 0 | 5.0
2.1271363484926327 | 0 | 5.0
2.11739714298991 | 0 | 5.0
2.1535146348812213 | 0 | 5.0
2.1259257701718575 | 0 | 5.0
2.1053345092286926 | 0 | 5.0
2.098640080635811 | 0 | 5.0
2.0769017974572503 | 0 | 5.0
2.093879619391496 | 0 | 5.0
2.04621886837555 | 0 | 5.0
2.0656156391284637 | 0 | 5.0
2.0582277568416907 | 0 | 5.0
2.0145856362645422 | 0 | 5.0
1.9874954762149866 | 0 | 5.0
2.0110017979975274 | 0 | 5.0
1.9691639605191222 | 0 | 5.0
1.9748502813286832 | 0 | 5.0
1.963233880504616 | 0 | 5.0
1.9100390613755498 | 0 | 5.0
1.8935779171200968 | 0 | 5.0
1.93089458357981 | 0 | 5.0
1.9168756959047335 | 0 | 5.0
1.8600491940100974 | 2 | -0.5
1.9261226763048462 | 0 | 5.0
1.8936313186784641 | 0 | 5.0
1.797691981162022 | 0 | 5.0
1.7966145252531796 | 2 | -0.5
1.9244020534421356 | 1 | -0.5
1.8003143893895315 | 2 | -0.5
1.8675288799786538 | 1 | -0.5
1.7159669312244186 | 2 | -0.5
1.8433434167344622 | 1 | -0.5
1.6828985536844594 | 2 | -0.5
1.7701266585697666 | 1 | -0.5
1.626489173200325 | 2 | -0.5
1.7407527059556602 | 2 | -0.5
1.9470756831270435 | 1 | -0.5
1.7080926606021798 | 2 | -0.5
1.8671165184028156 | 1 | -0.5
1.6997104535336944 | 2 | -0.5
1.8824667691859336 | 1 | -0.5
1.666719790582922 | 2 | -0.5
1.9013230133803583 | 1 | -0.5
1.629748029381537 | 2 | -0.5
1.9070113672176303 | 1 | -0.5
1.6610149351044017 | 2 | -0.5
1.8397064602727164 | 1 | -0.5
1.5787826092931938 | 2 | -0.5
1.7233536739900557 | 1 | -0.5
1.4691003916013612 | 2 | -0.5
1.704208841022641 | 2 | -0.5
2.0030765067310665 | 1 | -0.5
1.6202853721673458 | 2 | -0.5
1.9630044873839447 | 0 | 5.0
1.7476249881603172 | 0 | 5.0
1.5006674888184015 | 0 | 5.0
1.1924962301499973 | 2 | -0.5
1.6347902566941779 | 0 | 5.0
1.1995321574934175 | 0 | 5.0
0.6656735471026218 | 0 | 5.0
0.6940843824245416 | 0 | 5.0
0.8294245056004514 | 0 | 5.0
0.9060824472329605 | 0 | 5.0
0.9749020821892762 | 0 | 5.0
1.03751416379089 | 0 | 5.0
1.1032799146981207 | 0 | 5.0
1.1588929430651995 | 0 | 5.0
1.2802120094934928 | 2 | -0.5
1.2522586884156297 | 0 | 5.0
1.2466478206057725 | 0 | 5.0
1.2954957539636733 | 0 | 5.0
1.3323750793965947 | 0 | 5.0
1.3811436181499233 | 0 | 5.0
1.4072421002265678 | 0 | 5.0
1.3958303614820176 | 0 | 5.0
1.4272464847810937 | 0 | 5.0
1.4596053712735866 | 0 | 5.0
1.4719842922111932 | 0 | 5.0
1.455308345455116 | 0 | 5.0
1.512484884357501 | 0 | 5.0
1.485121587317606 | 0 | 5.0
1.5357797791005572 | 0 | 5.0
1.5468574294764657 | 2 | -0.5
1.5550778675292132 | 0 | 5.0
1.5078070504348313 | 0 | 5.0
1.4848677512887747 | 1 | -0.5
1.4823492146586397 | 2 | -0.5
1.4946595428922977 | 0 | 5.0
1.4601284974366135 | 2 | -0.5
1.4910703142604986 | 1 | -0.5
1.415569579815554 | 2 | -0.5
1.5104931056629753 | 1 | -0.5
1.449539310975491 | 2 | -0.5
1.4903176184260158 | 1 | -0.5
1.341382856879184 | 2 | -0.5
1.4543723191737132 | 1 | -0.5
1.3712868897027195 | 2 | -0.5
1.4767675433373535 | 1 | -0.5
1.3961064581322926 | 2 | -0.5
1.410748805072264 | 2 | -0.5
1.5569981787129605 | 1 | -0.5
1.4076846860276406 | 2 | -0.5
1.5303336436643056 | 1 | -0.5
1.3529369517856256 | 2 | -0.5
1.4418236900616217 | 1 | -0.5
1.290222127305496 | 2 | -0.5
1.382578401760429 | 2 | -0.5
1.596013717282396 | 1 | -0.5
1.3714105737417555 | 2 | -0.5
1.530386998447346 | 1 | -0.5
1.3104473108766446 | 2 | -0.5
1.505106935796699 | 1 | -0.5
1.2768237763425079 | 2 | -0.5
1.459107910873649 | 1 | -0.5
1.219057930289433 | 2 | -0.5
1.438159304586464 | 1 | -0.5
1.1868411936052394 | 2 | -0.5
1.3801007945491082 | 1 | -0.5
1.162839372903426 | 2 | -0.5
1.4032645597352664 | 1 | -0.5
1.1491931428950344 | 2 | -0.5
1.3372656978184432 | 0 | 5.0
1.0881015055635146 | 2 | -0.5
1.4583429634129357 | 0 | 5.0
1.1072612308464862 | 0 | 5.0
0.7292518873955004 | 0 | 5.0
0.6773478474975606 | 0 | 5.0
0.7492475666233529 | 0 | 5.0
0.9079102602875447 | 2 | -0.5
0.8706581366321477 | 0 | 5.0
0.899551748188868 | 0 | 5.0
0.9878555111374322 | 0 | 5.0
1.0178092466157456 | 0 | 5.0
1.1458228805509292 | 0 | 5.0
1.1510477229983131 | 0 | 5.0
1.2814992696782719 | 0 | 5.0
1.3609286863325123 | 0 | 5.0
1.4195216563132562 | 0 | 5.0
1.5424750829728942 | 0 | 5.0
1.547506679960941 | 0 | 5.0
1.6227874676784595 | 0 | 5.0
1.6421290913798576 | 0 | 5.0
1.7413555027405345 | 0 | 5.0
1.763332228365032 | 0 | 5.0
1.8623862172369035 | 0 | 5.0
1.8846772061478172 | 0 | 5.0
1.9483219520661041 | 0 | 5.0
2.045424140702271 | 0 | 5.0
2.113935000300932 | 2 | -0.5
2.0282498522446457 | 0 | 5.0
2.0671764484848576 | 0 | 5.0
2.1342050920215745 | 2 | -0.5
2.0866649618116577 | 0 | 5.0
2.0655965943587495 | 1 | -0.5
2.1528604184752247 | 2 | -0.5
2.047063322729301 | 1 | -0.5
2.1049480778327823 | 2 | -0.5
2.064130279947103 | 1 | -0.5
2.108651788835728 | 2 | -0.5
2.08187508516757 | 1 | -0.5
2.107281315977126 | 1 | -0.5
2.264154862288342 | 2 | -0.5
2.1474588605188507 | 1 | -0.5
2.291333015354371 | 2 | -0.5
2.1553140501027666 | 1 | -0.5
2.3045370072057314 | 2 | -0.5
2.2195075751239486 | 1 | -0.5
2.417013904119404 | 1 | -0.5
2.796346250373949 | 2 | -0.5
2.46774205225098 | 1 | -0.5
2.7649487798109407 | 2 | -0.5
2.5275372313635978 | 1 | -0.5
2.881209380635285 | 1 | -0.5
3.451059349420231 | 0 | 5.0
3.676126189279123 | 0 | 5.0
3.7497826464619997 | 1 | -0.5
3.1653431949443704 | 0 | 5.0
3.050216357489958 | 0 | 5.0
3.0215663210940966 | 0 | 5.0
2.926323239505071 | 0 | 5.0
2.7597377075900003 | 0 | 5.0
2.650146241898015 | 1 | -0.5
2.4200138107651408 | 0 | 5.0
2.365492764763698 | 0 | 5.0
2.2546001670281877 | 0 | 5.0
2.0980174134646994 | 0 | 5.0
2.0363088456525027 | 0 | 5.0
1.9883396842939645 | 1 | -0.5
1.8625876167372064 | 0 | 5.0
1.8020388136825136 | 0 | 5.0
1.7440755729876958 | 0 | 5.0
1.69722606795237 | 0 | 5.0
1.6870991480605129 | 0 | 5.0
1.6019090376229408 | 0 | 5.0
1.573478295444545 | 0 | 5.0
1.5453147016301327 | 0 | 5.0
1.5093635859696455 | 0 | 5.0
1.4000749486644444 | 0 | 5.0
1.3984266466669852 | 0 | 5.0
1.3515981229034972 | 1 | -0.5
1.2952174288617888 | 0 | 5.0
1.269957196260704 | 0 | 5.0
1.2655128514436735 | 0 | 5.0
1.239848318125582 | 0 | 5.0
1.2133465113768314 | 1 | -0.5
1.2435584816263956 | 2 | -0.5
1.2341759351592219 | 2 | -0.5
1.2868296976430045 | 1 | -0.5
1.229559509744933 | 2 | -0.5
1.250231133234695 | 1 | -0.5
1.212360159173244 | 2 | -0.5
1.275878112764668 | 1 | -0.5
1.240941154062268 | 2 | -0.5
1.228528412263252 | 1 | -0.5
1.1622929633194516 | 2 | -0.5
1.2101186930975165 | 1 | -0.5
1.1481699197614588 | 2 | -0.5
1.2191547684274175 | 1 | -0.5
1.081485419068864 | 2 | -0.5
1.2038185074849654 | 1 | -0.5
1.1153463725420383 | 2 | -0.5
1.1571699022872863 | 2 | -0.5
1.1933559501675297 | 1 | -0.5
1.1221539114455745 | 2 | -0.5
1.2043491834028475 | 2 | -0.5
1.400335839866472 | 1 | -0.5
1.1729159177241844 | 2 | -0.5
1.3403097467422909 | 1 | -0.5
1.1203901727842607 | 2 | -0.5
1.2358542204208571 | 1 | -0.5
1.0490917023416872 | 2 | -0.5
1.0847298002506276 | 2 | -0.5
1.338663135966124 | 1 | -0.5
1.0723624422929139 | 2 | -0.5
1.2463920318343438 | 1 | -0.5
1.0060552433281074 | 2 | -0.5
1.2214298957437977 | 1 | -0.5
1.0219852264311813 | 2 | -0.5
1.1866137455756909 | 2 | -0.5
1.4708388284682448 | 0 | 5.0
1.2579471553291213 | 0 | 5.0
0.849958121592817 | 0 | 5.0
0.49820450009456013 | 0 | 5.0
0.6107017965826476 | 0 | 5.0
0.6819168966161758 | 2 | -0.5
0.6696608186956572 | 0 | 5.0
0.7622437160340121 | 0 | 5.0
0.8254078766432842 | 0 | 5.0
0.8792870072479665 | 0 | 5.0
0.9729546027830593 | 0 | 5.0
1.0090772824549912 | 0 | 5.0
1.0977476924893652 | 0 | 5.0
1.1766323659215336 | 0 | 5.0
1.2555534720256882 | 0 | 5.0
1.336653447571858 | 0 | 5.0
1.4041689553835064 | 0 | 5.0
1.4593789293932788 | 2 | -0.5
1.4207258388125945 | 0 | 5.0
1.4261400771788497 | 0 | 5.0
1.535466121365214 | 0 | 5.0
1.5296567589691579 | 0 | 5.0
1.627020975969078 | 2 | -0.5
1.563823320642937 | 0 | 5.0
1.5814549532284004 | 0 | 5.0
1.6200741134456202 | 0 | 5.0
1.620391410726333 | 2 | -0.5
1.6515298019824745 | 0 | 5.0
1.6028154732203008 | 0 | 5.0
1.5828820760471205 | 2 | -0.5
1.6695957312153162 | 1 | -0.5
1.5479259537571683 | 2 | -0.5
1.6038796264463173 | 1 | -0.5
1.5278204010203722 | 2 | -0.5
1.60173489357754 | 1 | -0.5
1.5518483359345616 | 2 | -0.5
1.5648159233611956 | 1 | -0.5
1.462201674851552 | 2 | -0.5
1.5341227939427322 | 2 | -0.5
1.6337380788886853 | 1 | -0.5
1.4267234472880137 | 2 | -0.5
1.5847235873525 | 1 | -0.5
1.4255785171767854 | 2 | -0.5
1.5376261912884037 | 1 | -0.5
1.4284734202729759 | 2 | -0.5
1.5465827976156994 | 1 | -0.5
1.442956654677166 | 2 | -0.5
1.5299047943916635 | 1 | -0.5
1.3753318912232755 | 2 | -0.5
1.5215870011512787 | 2 | -0.5
1.7474321761972813 | 1 | -0.5
1.4238161572171522 | 2 | -0.5
1.6623451950553356 | 1 | -0.5
1.4023729732679073 | 2 | -0.5
1.5698022815409782 | 1 | -0.5
1.3262855480876596 | 2 | -0.5
1.538598048639134 | 1 | -0.5
1.2900490099953206 | 2 | -0.5
1.5080612130861941 | 1 | -0.5
1.2088599426444118 | 2 | -0.5
1.3770489561249875 | 2 | -0.5
1.7004400003441555 | 0 | 5.0
1.4876572794695182 | 0 | 5.0
1.1870656356534115 | 0 | 5.0
0.8708235624252824 | 2 | -0.5
1.1655007453042547 | 0 | 5.0
0.7190798078773856 | 0 | 5.0
0.6479916986105271 | 0 | 5.0
0.7579001541499781 | 0 | 5.0
0.8135747699509038 | 0 | 5.0
0.9332932269628746 | 0 | 5.0
0.9838810720699055 | 0 | 5.0
1.0546547427286717 | 0 | 5.0
1.1547277601369972 | 0 | 5.0
1.2097452467707432 | 0 | 5.0
1.2593221029599948 | 0 | 5.0
1.3501483430814119 | 0 | 5.0
1.432417239837084 | 0 | 5.0
1.459055612463722 | 0 | 5.0
1.5370982869020724 | 2 | -0.5
1.4720356140519077 | 0 | 5.0
1.5164602746209688 | 0 | 5.0
1.5644234660871705 | 0 | 5.0
1.5607459392381395 | 0 | 5.0
1.6152633412559998 | 0 | 5.0
1.643767604716381 | 0 | 5.0
1.6694650430726334 | 0 | 5.0
1.6954492763925038 | 0 | 5.0
1.7347936924265588 | 0 | 5.0
1.7540443340083147 | 0 | 5.0
1.8197840756017436 | 0 | 5.0
1.806902382140499 | 0 | 5.0
1.8577810160439887 | 0 | 5.0
1.8744270688712443 | 0 | 5.0
1.9150162092063465 | 0 | 5.0
1.9090988173057766 | 0 | 5.0
1.9788954256290188 | 0 | 5.0
1.9681520487850355 | 0 | 5.0
2.039233145270578 | 0 | 5.0
2.0362325914752 | 0 | 5.0
2.0700690224576417 | 0 | 5.0
2.1132364380589355 | 0 | 5.0
2.1444755992630253 | 0 | 5.0
2.1774820458081776 | 0 | 5.0
2.1758066988770137 | 0 | 5.0
2.218862848710998 | 0 | 5.0
2.250404487012147 | 0 | 5.0
2.3249215026391377 | 2 | -0.5
2.2685948753982603 | 0 | 5.0
2.22957280779731 | 0 | 5.0
2.2604907014486444 | 0 | 5.0
2.2646014279111237 | 0 | 5.0
2.2657059423104515 | 0 | 5.0
2.25011551727404 | 0 | 5.0
2.2682059460336097 | 0 | 5.0
2.271423314971305 | 0 | 5.0
2.2878395654498602 | 0 | 5.0
2.2958131771089825 | 0 | 5.0
2.3225557740301612 | 0 | 5.0
2.2900376224297694 | 0 | 5.0
2.2912076983910468 | 0 | 5.0
2.272790847936198 | 0 | 5.0
2.2759174877587838 | 0 | 5.0
2.2885691201392584 | 0 | 5.0
2.3129203769167432 | 0 | 5.0
2.3336287837956253 | 2 | -0.5
2.3507891982550446 | 0 | 5.0
2.312890928061086 | 0 | 5.0
2.3391827563825043 | 0 | 5.0
2.313942085922874 | 0 | 5.0
2.3035058875634937 | 0 | 5.0
2.2970984117637556 | 2 | -0.5
2.367867776386583 | 0 | 5.0
2.3176392979228395 | 0 | 5.0
2.2710422531184324 | 0 | 5.0
2.20752093864491 | 2 | -0.5
2.3719612635057548 | 0 | 5.0
2.303495712863852 | 1 | -0.5
2.075293665261338 | 2 | -0.5
2.2395442357647792 | 1 | -0.5
2.044885547334643 | 2 | -0.5
2.1942334780543287 | 1 | -0.5
2.0147384676129296 | 2 | -0.5
2.2246064981098495 | 1 | -0.5
2.0766259376905514 | 2 | -0.5
2.2101237817165553 | 1 | -0.5
2.0293154640395676 | 2 | -0.5
2.1870566370017084 | 1 | -0.5
1.9836398328764235 | 2 | -0.5
2.140938315430294 | 2 | -0.5
2.3869186749880575 | 1 | -0.5
2.172602441534462 | 2 | -0.5
2.396696278792375 | 1 | -0.5
2.0869071986307106 | 2 | -0.5
2.33910987645978 | 1 | -0.5
1.986376973963253 | 2 | -0.5
2.230008445831395 | 1 | -0.5
1.9229851648462462 | 2 | -0.5
2.154445033740392 | 1 | -0.5
1.926308804794111 | 2 | -0.5
2.13957782293766 | 2 | -0.5
2.5455549042578833 | 1 | -0.5
2.08858685145827 | 2 | -0.5
2.567959286173703 | 1 | -0.5
2.1175257810927106 | 2 | -0.5
2.60000554632876 | 0 | 5.0
2.2246978326692837 | 0 | 5.0
2.0151220336098152 | 0 | 5.0
1.7703445825196764 | 2 | -0.5
2.314237805709238 | 0 | 5.0
1.8738266343259304 | 0 | 5.0
1.4367032202009642 | 0 | 5.0
1.0161742483800738 | 0 | 5.0
0.8467829828783601 | 0 | 5.0
0.9578554002952717 | 2 | -0.5
0.9538467320629708 | 0 | 5.0
0.985799435759288 | 0 | 5.0
1.1048494753573144 | 0 | 5.0
1.153054617481376 | 0 | 5.0
1.1849119328738704 | 0 | 5.0
1.2782247930353294 | 0 | 5.0
1.3324822464261903 | 0 | 5.0
1.3974394623561777 | 0 | 5.0
1.463668209436073 | 0 | 5.0
1.5034613747081482 | 0 | 5.0
1.5852921700301932 | 0 | 5.0
1.6750379892964185 | 0 | 5.0
1.6952755550401097 | 0 | 5.0
1.7650715614799932 | 2 | -0.5
1.71217142668553 | 0 | 5.0
1.706866232852471 | 0 | 5.0
1.7285760190166368 | 0 | 5.0
1.703687615508222 | 0 | 5.0
1.7435972197115925 | 0 | 5.0
1.790904089523504 | 0 | 5.0
1.7273960864901363 | 0 | 5.0
1.7399872093531863 | 0 | 5.0
1.7565511101772344 | 0 | 5.0
1.7796544706144646 | 0 | 5.0
1.7931556578612726 | 0 | 5.0
1.7438958275961074 | 0 | 5.0
1.7580783710670038 | 0 | 5.0
1.7634061384192958 | 0 | 5.0
1.7688425499636948 | 0 | 5.0
1.7561937829468919 | 0 | 5.0
1.7843829767567376 | 0 | 5.0
1.7686430536303286 | 0 | 5.0
1.753457991228605 | 0 | 5.0
1.7692399135971404 | 0 | 5.0
1.7823101619622523 | 0 | 5.0
1.7697115416945397 | 0 | 5.0
1.7504302405323608 | 0 | 5.0
1.7645874740767358 | 0 | 5.0
1.7294693469142686 | 0 | 5.0
1.7391686542514657 | 0 | 5.0
1.6900000151861807 | 0 | 5.0
1.72484315354628 | 0 | 5.0
1.7450201472480926 | 0 | 5.0
1.7000166549233797 | 0 | 5.0
1.7176229657829263 | 0 | 5.0
1.7021341372915682 | 0 | 5.0
1.6271305494213297 | 0 | 5.0
1.6063081670632577 | 0 | 5.0
1.6170790643767443 | 0 | 5.0
1.586277194928236 | 0 | 5.0
1.5528052843467486 | 0 | 5.0
1.5672940444145402 | 0 | 5.0
1.5256044638447464 | 0 | 5.0
1.5028395551357836 | 0 | 5.0
1.5228092452391342 | 0 | 5.0
1.4746843904661875 | 0 | 5.0
1.4346780990447132 | 0 | 5.0
1.4271009583921583 | 0 | 5.0
1.429473220872209 | 0 | 5.0
1.3753402264690204 | 0 | 5.0
1.3995667445905307 | 0 | 5.0
1.3561142881395094 | 0 | 5.0
1.3323537553491718 | 0 | 5.0
1.338755969237655 | 0 | 5.0
1.317805347910488 | 0 | 5.0
1.2684360589118546 | 0 | 5.0
1.277735251761458 | 0 | 5.0
1.2446778901423081 | 1 | -0.5
1.2610529001575197 | 2 | -0.5
1.2711909710280715 | 1 | -0.5
1.2242128441910611 | 2 | -0.5
1.256779818167968 | 1 | -0.5
1.2394681252382156 | 2 | -0.5
1.2925268360776516 | 1 | -0.5
1.2288060080824676 | 2 | -0.5
1.2601338497436207 | 2 | -0.5
1.3511249639674925 | 1 | -0.5
1.2604284451823895 | 2 | -0.5
1.3060346067532695 | 1 | -0.5
1.2321688799243453 | 2 | -0.5
1.2859906414501858 | 1 | -0.5
1.235798530748094 | 2 | -0.5
1.316336120972401 | 1 | -0.5
1.1626849803602428 | 2 | -0.5
1.247932990927795 | 2 | -0.5
1.346286105104601 | 1 | -0.5
1.1559933419324688 | 2 | -0.5
1.3352162967132444 | 1 | -0.5
1.1651183831833696 | 2 | -0.5
1.3226422148928059 | 1 | -0.5
1.1460447345311298 | 2 | -0.5
1.277655886109059 | 1 | -0.5
1.0742011120242354 | 2 | -0.5
1.2008138602525917 | 2 | -0.5
1.4448613827232213 | 1 | -0.5
1.1423021013021137 | 2 | -0.5
1.3373012254154344 | 1 | -0.5
1.0906638908837183 | 2 | -0.5
1.297839233901902 | 1 | -0.5
0.9740517170040953 | 2 | -0.5
1.1967716263902881 | 2 | -0.5
1.4425319840459314 | 0 | 5.0
1.2425299175073008 | 0 | 5.0
1.0040291722522048 | 0 | 5.0
0.6734174854878321 | 0 | 5.0
0.5538528263065081 | 0 | 5.0
0.7089389965810433 | 0 | 5.0
0.8212993879008822 | 2 | -0.5
0.7408236203180698 | 0 | 5.0
0.8560279932936687 | 0 | 5.0
0.9035328795655432 | 0 | 5.0
1.0096566161152456 | 0 | 5.0
1.0929631275193024 | 0 | 5.0
1.1636331301717482 | 0 | 5.0
1.2912381501664194 | 2 | -0.5
1.2240892365268687 | 0 | 5.0
1.2431697026514383 | 0 | 5.0
1.3225939850943556 | 0 | 5.0
1.3492885132900339 | 0 | 5.0
1.4580797028122554 | 0 | 5.0
1.5437043754853512 | 0 | 5.0
1.5751231217209416 | 0 | 5.0
1.619953872878898 | 2 | -0.5
1.5544751741715277 | 0 | 5.0
1.5725963229937858 | 0 | 5.0
1.6021362434376056 | 0 | 5.0
1.6345580694032105 | 0 | 5.0
1.6602134082356277 | 2 | -0.5
1.6047517386172219 | 0 | 5.0
1.6400410422171379 | 0 | 5.0
1.6146947028456424 | 0 | 5.0
1.5962746691850374 | 2 | -0.5
1.6523058403025648 | 1 | -0.5
1.554242601180358 | 2 | -0.5
1.6330945606254454 | 1 | -0.5
1.523068989393688 | 2 | -0.5
1.5868273026652808 | 1 | -0.5
1.549467590438818 | 2 | -0.5
1.5434180777902395 | 1 | -0.5
1.492411070460161 | 2 | -0.5
1.5108764314914809 | 2 | -0.5
1.587341933703088 | 1 | -0.5
1.4316976768550387 | 2 | -0.5
1.5942412530463772 | 1 | -0.5
1.4555153015090196 | 2 | -0.5
1.5344583995783392 | 1 | -0.5
1.4649037072215918 | 2 | -0.5
1.5875910147267909 | 1 | -0.5
1.451184047972516 | 2 | -0.5
1.5379065426397727 | 1 | -0.5
1.3883879458893194 | 2 | -0.5
1.4660714030608761 | 2 | -0.5
1.7145332999160658 | 1 | -0.5
1.4291181093539398 | 2 | -0.5
1.5964910864423472 | 1 | -0.5
1.3981235763041642 | 2 | -0.5
1.5424464482465983 | 1 | -0.5
1.3080330268433071 | 2 | -0.5
1.4672510299628676 | 1 | -0.5
1.292653820919042 | 2 | -0.5
1.43915232064308 | 2 | -0.5
1.7237271276901536 | 1 | -0.5
1.4237759793753775 | 2 | -0.5
1.7229295595840377 | 0 | 5.0
1.4869843312939288 | 0 | 5.0
1.2420644281510997 | 2 | -0.5
1.5728990906174531 | 0 | 5.0
1.2418032064648097 | 0 | 5.0
0.8264495245395098 | 0 | 5.0
0.575099121540763 | 0 | 5.0
0.7120534063042764 | 0 | 5.0
0.7806665558164491 | 2 | -0.5
0.7815272828151778 | 0 | 5.0
0.8062423123451478 | 0 | 5.0
0.9145143091766788 | 0 | 5.0
0.9767080069213383 | 0 | 5.0
1.056270261877572 | 0 | 5.0
1.092173207849747 | 0 | 5.0
1.167809672543952 | 0 | 5.0
1.2424935989205257 | 0 | 5.0
1.3037160983471252 | 0 | 5.0
1.3356484262718737 | 0 | 5.0
1.4067548207095977 | 0 | 5.0
1.489914115962235 | 0 | 5.0
1.5449744749124017 | 0 | 5.0
1.6090647605116144 | 0 | 5.0
1.7054044280124168 | 0 | 5.0
1.7757075525065495 | 0 | 5.0
1.8612630107064363 | 0 | 5.0
1.9001433129368492 | 0 | 5.0
2.0282042945782286 | 2 | -0.5
1.9521427069328066 | 0 | 5.0
1.9277915786722344 | 0 | 5.0
2.011879197766349 | 0 | 5.0
2.0075010589045688 | 0 | 5.0
2.012956497958787 | 0 | 5.0
2.0750944653306145 | 2 | -0.5
2.0407694804288274 | 1 | -0.5
2.073310538093053 | 2 | -0.5
2.0694539434584063 | 1 | -0.5
2.076732299252443 | 1 | -0.5
2.139574595272665 | 2 | -0.5
2.104060889777914 | 1 | -0.5
2.213411602019476 | 2 | -0.5
2.0813900440793964 | 1 | -0.5
2.139931740139266 | 2 | -0.5
2.118567478439061 | 1 | -0.5
2.265749978493338 | 1 | -0.5
2.540100672285656 | 2 | -0.5
2.3131507993291773 | 1 | -0.5
2.6313653113231954 | 2 | -0.5
2.3552944077489983 | 1 | -0.5
2.5424392582021427 | 2 | -0.5
2.3845054828650647 | 1 | -0.5
2.5822716615155055 | 1 | -0.5
3.0780549560837076 | 0 | 5.0
3.3022370890330657 | 1 | -0.5
3.684555787371293 | 0 | 5.0
3.51234153316481 | 0 | 5.0
3.412578856112105 | 0 | 5.0
3.215137065952188 | 0 | 5.0
3.0961790704854972 | 1 | -0.5
2.666753342323766 | 0 | 5.0
2.5765036002833503 | 0 | 5.0
2.556794833680977 | 0 | 5.0
2.4094644102673963 | 0 | 5.0
2.3531436145476055 | 0 | 5.0
2.23554316915718 | 0 | 5.0
2.1404119254343277 | 1 | -0.5
1.993152312525816 | 0 | 5.0
1.9557324758479107 | 0 | 5.0
1.848051052180124 | 0 | 5.0
1.807613714698176 | 0 | 5.0
1.772319304448424 | 0 | 5.0
1.7289338880688951 | 0 | 5.0
1.6660922900518116 | 0 | 5.0
1.6051526483846772 | 0 | 5.0
1.5425211534275265 | 0 | 5.0
1.4631506377700272 | 0 | 5.0
1.4107037131725875 | 0 | 5.0
1.4164166053997151 | 1 | -0.5
1.3259098409270056 | 0 | 5.0
1.3115206266940793 | 0 | 5.0
1.3133701397253559 | 0 | 5.0
1.300406235309296 | 0 | 5.0
1.3225924810322098 | 0 | 5.0
1.2770745375800852 | 0 | 5.0
1.2419840657524475 | 2 | -0.5
1.3000957079242692 | 1 | -0.5
1.2378449020295885 | 2 | -0.5
1.256134190877717 | 1 | -0.5
1.2154643775403255 | 2 | -0.5
1.2644187325410625 | 2 | -0.5
1.3339444907729228 | 1 | -0.5
1.2164429725227806 | 2 | -0.5
1.3251452947330626 | 1 | -0.5
1.2259518898820967 | 2 | -0.5
1.2488397894127616 | 1 | -0.5
1.2079236632914658 | 2 | -0.5
1.236148507912838 | 2 | -0.5
1.3568636354382844 | 1 | -0.5
1.1767975414045095 | 2 | -0.5
1.3067938468620603 | 1 | -0.5
1.1400317382082372 | 2 | -0.5
1.2299724766271658 | 1 | -0.5
1.087765947792904 | 2 | -0.5
1.2230846198801255 | 2 | -0.5
1.448466570280731 | 1 | -0.5
1.1768503890045743 | 2 | -0.5
1.409889708227569 | 0 | 5.0
1.2084517699831057 | 0 | 5.0
0.8591699908324764 | 2 | -0.5
1.1045611954513452 | 0 | 5.0
0.7773847931070653 | 0 | 5.0
0.5091440773951996 | 0 | 5.0
0.6020447616779151 | 0 | 5.0
0.7166853748872962 | 0 | 5.0
0.8328589756604892 | 2 | -0.5
0.765853424254877 | 0 | 5.0
0.8712003531293273 | 0 | 5.0
0.9467194352902224 | 0 | 5.0
0.9903051825042857 | 0 | 5.0
1.0538688745539757 | 0 | 5.0
1.1114876207200308 | 0 | 5.0
1.192364952145062 | 0 | 5.0
1.242963463655234 | 0 | 5.0
1.279317842440519 | 0 | 5.0
1.3374719251011702 | 0 | 5.0
1.4192539988636443 | 0 | 5.0
1.5359792568283304 | 2 | -0.5
1.4427199303122902 | 0 | 5.0
1.477428360428487 | 0 | 5.0
1.5039470075368138 | 0 | 5.0
1.4929990559244457 | 0 | 5.0
1.5196550606643813 | 0 | 5.0
1.5291040783547836 | 0 | 5.0
1.5270080931164467 | 0 | 5.0
1.5763972204884258 | 0 | 5.0
1.5408358705079697 | 2 | -0.5
1.5761468238847178 | 0 | 5.0
1.5577594856928736 | 0 | 5.0
1.5240065992126717 | 2 | -0.5
1.585790354045235 | 1 | -0.5
1.4902276200360598 | 2 | -0.5
1.5635183574929725 | 1 | -0.5
1.4903079258682836 | 2 | -0.5
1.5235157766736704 | 1 | -0.5
1.4390710842610401 | 2 | -0.5
1.533800503681757 | 1 | -0.5
1.4302278065671676 | 2 | -0.5
1.4824566990066523 | 2 | -0.5
1.5745951641469385 | 1 | -0.5
1.437272789932091 | 2 | -0.5
1.5241912935088733 | 1 | -0.5
1.408589442055752 | 2 | -0.5
1.4252377019256381 | 2 | -0.5
1.6032606677667405 | 1 | -0.5
1.4333054818592694 | 2 | -0.5
1.5241831724803636 | 1 | -0.5
1.4246451539827105 | 2 | -0.5
1.5090495980979908 | 1 | -0.5
1.4193519761236346 | 2 | -0.5
1.4611750714742608 | 2 | -0.5
1.581502123445365 | 1 | -0.5
1.3938904321700958 | 2 | -0.5
1.5205068149053849 | 1 | -0.5
1.3419313956123111 | 2 | -0.5
1.4770332367438799 | 2 | -0.5
1.6851275979863232 | 1 | -0.5
1.422657854273146 | 2 | -0.5
1.7567714449701262 | 1 | -0.5
1.3462132889079572 | 2 | -0.5
1.5779883937953054 | 1 | -0.5
1.3533930805377907 | 2 | -0.5
1.5554371724143485 | 1 | -0.5
1.2239441652959562 | 2 | -0.5
1.425996048890767 | 2 | -0.5
1.6650487174492088 | 0 | 5.0
1.31337028300736 | 0 | 5.0
1.1129259296898877 | 2 | -0.5
1.4365595190910998 | 0 | 5.0
1.110128022831511 | 0 | 5.0
0.5892151350752479 | 0 | 5.0
0.6616535672264913 | 0 | 5.0
0.7612211904589469 | 0 | 5.0
0.8881150801820163 | 2 | -0.5
0.821751303114665 | 0 | 5.0
0.8697619086944882 | 0 | 5.0
0.9423008870238226 | 0 | 5.0
1.0295825290605582 | 0 | 5.0
1.004678225798371 | 0 | 5.0
1.0595743996104339 | 0 | 5.0
1.1347729576250918 | 0 | 5.0
1.2005228075209076 | 0 | 5.0
1.2614679375576314 | 0 | 5.0
1.326340265310311 | 0 | 5.0
1.3356937706483794 | 0 | 5.0
1.4531200157717181 | 0 | 5.0
1.4500699026240964 | 0 | 5.0
1.5086429216031885 | 0 | 5.0
1.5649719869379477 | 0 | 5.0
1.6057586056169326 | 0 | 5.0
1.6291348117055322 | 0 | 5.0
Total reward: 2602.0
