-1.6, -4.5, 4.0, -2.8, -2.2, -2.6, -4.5, 2.3, 2.3, -1.2, 0.2, 0.0, 1.1, -0.8, -2.3, 5.8, 0.4, 2.2
parameter ends

state | action | reward
[1.65] | 2 | -0.5
1.5343823421319744 | 2 | -0.5
1.520518864870445 | 2 | -0.5
1.5832427364661197 | 2 | -0.5
1.6713243040474335 | 2 | -0.5
1.8532374288767406 | 2 | -0.5
2.25123452776867 | 2 | -0.5
2.8291673678187137 | 2 | -0.5
4.072243380750396 | 2 | -0.5
11.20244870927495 | 2 | -0.5
11.08114445216726 | 2 | -0.5
8.252318530232365 | 2 | -0.5
4.474633598552553 | 2 | -0.5
3.1317744373927416 | 2 | -0.5
2.5657209912476104 | 2 | -0.5
2.2411082019213406 | 2 | -0.5
2.0635804332750705 | 2 | -0.5
1.9448897502033489 | 2 | -0.5
1.9060511345715607 | 2 | -0.5
1.9471434258662086 | 2 | -0.5
2.067149977692605 | 2 | -0.5
2.223769646234898 | 2 | -0.5
2.511573454754133 | 2 | -0.5
3.1054000136552387 | 2 | -0.5
4.542071921911614 | 2 | -0.5
7.692260819764473 | 2 | -0.5
9.345940430395604 | 2 | -0.5
9.53523726155729 | 2 | -0.5
3.504201138896787 | 2 | -0.5
2.3486160359759403 | 2 | -0.5
1.784578408847578 | 2 | -0.5
1.6429668382747462 | 2 | -0.5
1.5197158878472963 | 2 | -0.5
1.4419142811595826 | 2 | -0.5
1.41171569420197 | 2 | -0.5
1.4379747584938276 | 2 | -0.5
1.572944772784337 | 2 | -0.5
1.7494952049412122 | 2 | -0.5
2.0724725851361323 | 2 | -0.5
2.6657856302958405 | 2 | -0.5
4.374065917753216 | 2 | -0.5
11.040634420759671 | 2 | -0.5
10.973209726949536 | 2 | -0.5
5.736794079454275 | 2 | -0.5
3.7318231392650154 | 2 | -0.5
2.7384726533137282 | 2 | -0.5
2.392832871791555 | 2 | -0.5
2.0964125272644294 | 2 | -0.5
2.0473312321684642 | 2 | -0.5
1.9997627980302486 | 2 | -0.5
2.0249791166211306 | 2 | -0.5
2.0511789463172923 | 2 | -0.5
2.244684754709351 | 2 | -0.5
2.5047893218015007 | 2 | -0.5
3.2744640565327052 | 2 | -0.5
4.699356022605034 | 2 | -0.5
9.388320364613646 | 2 | -0.5
9.425321989928067 | 2 | -0.5
4.889140515217283 | 2 | -0.5
2.7878257059253038 | 2 | -0.5
1.9905281178774534 | 2 | -0.5
1.7028901837377979 | 2 | -0.5
1.498987208204394 | 2 | -0.5
1.392590883469693 | 2 | -0.5
1.3436421834328725 | 2 | -0.5
1.3674930674463794 | 2 | -0.5
1.459690171979701 | 2 | -0.5
1.5909516759126905 | 2 | -0.5
1.811013451885285 | 2 | -0.5
2.2895454998591527 | 2 | -0.5
3.318838771731551 | 2 | -0.5
7.359551476257044 | 2 | -0.5
10.974226505788138 | 2 | -0.5
7.811952037560691 | 2 | -0.5
4.383154494066166 | 2 | -0.5
3.22130034921583 | 2 | -0.5
2.618178319805018 | 2 | -0.5
2.312579441068927 | 2 | -0.5
2.123573792622237 | 2 | -0.5
2.035710710198607 | 2 | -0.5
2.0214729027090788 | 2 | -0.5
2.0691329219985324 | 2 | -0.5
2.2693007019064932 | 2 | -0.5
2.516917032027981 | 2 | -0.5
3.0829750036175163 | 2 | -0.5
4.268181133814706 | 2 | -0.5
7.318304677873003 | 2 | -0.5
9.354300879938105 | 2 | -0.5
9.448758405549704 | 2 | -0.5
4.356514041938725 | 2 | -0.5
2.5807920917250216 | 2 | -0.5
2.035389835163843 | 2 | -0.5
1.6884112524745725 | 2 | -0.5
1.5033051629221876 | 2 | -0.5
1.4392909692655373 | 2 | -0.5
1.3739789093327641 | 2 | -0.5
1.3833124091795006 | 2 | -0.5
1.5040450200676727 | 2 | -0.5
1.6413993510171287 | 2 | -0.5
1.9396342714831383 | 2 | -0.5
2.489722043356692 | 2 | -0.5
3.6745715840207938 | 2 | -0.5
7.836827397726745 | 2 | -0.5
10.996184382939648 | 2 | -0.5
8.058316729401836 | 2 | -0.5
4.288101194893588 | 2 | -0.5
3.2101369957410624 | 2 | -0.5
2.5557705501371824 | 2 | -0.5
2.2373377403441275 | 2 | -0.5
2.106744555672424 | 2 | -0.5
2.058545112073764 | 2 | -0.5
2.0307481935499103 | 2 | -0.5
2.083359116646309 | 2 | -0.5
2.1803386916876146 | 2 | -0.5
2.486975165785696 | 2 | -0.5
2.9535548790104387 | 2 | -0.5
3.6889898125141363 | 2 | -0.5
5.767714055035393 | 2 | -0.5
9.484932719971438 | 2 | -0.5
9.494139373718756 | 2 | -0.5
3.9524079356774804 | 2 | -0.5
2.587586256021555 | 2 | -0.5
1.9853435210746548 | 2 | -0.5
1.6420719844512306 | 2 | -0.5
1.5088873882050842 | 2 | -0.5
1.4039545168369894 | 2 | -0.5
1.3840367335791712 | 2 | -0.5
1.4182649061799204 | 2 | -0.5
1.432968456213474 | 2 | -0.5
1.532963307207582 | 2 | -0.5
1.7425670741793466 | 2 | -0.5
2.0537525268404657 | 2 | -0.5
2.5349602655627796 | 2 | -0.5
3.682886321438461 | 2 | -0.5
6.828845128367411 | 2 | -0.5
11.036182190499561 | 2 | -0.5
8.585099983101196 | 2 | -0.5
4.515479264300676 | 2 | -0.5
3.346621501011812 | 2 | -0.5
2.698824015089034 | 2 | -0.5
2.3144762584016427 | 2 | -0.5
2.1302917289442522 | 2 | -0.5
2.004651771078765 | 2 | -0.5
1.9751959496277636 | 2 | -0.5
2.0796454602498815 | 2 | -0.5
2.2017593807492464 | 2 | -0.5
2.5942116717392163 | 2 | -0.5
3.171840149476479 | 2 | -0.5
4.325059380254789 | 2 | -0.5
7.275888502777408 | 2 | -0.5
9.409731432399644 | 2 | -0.5
9.568369528019494 | 2 | -0.5
3.4728952062040794 | 2 | -0.5
2.4458791357904746 | 2 | -0.5
1.8526119125858342 | 2 | -0.5
1.6460722475697742 | 2 | -0.5
1.4721988819126977 | 2 | -0.5
1.4294847144740186 | 2 | -0.5
1.4008706211928035 | 2 | -0.5
1.4172224073376782 | 2 | -0.5
1.5272513279770659 | 2 | -0.5
1.6703980541555783 | 2 | -0.5
1.9040253012624684 | 2 | -0.5
2.434190290908577 | 2 | -0.5
3.791909704243439 | 2 | -0.5
8.006467664682617 | 2 | -0.5
10.985077509256675 | 2 | -0.5
7.230960923632131 | 2 | -0.5
4.24391184345811 | 2 | -0.5
3.181326331706623 | 2 | -0.5
2.5364706924946496 | 2 | -0.5
2.2338111001145284 | 2 | -0.5
2.015942385506311 | 2 | -0.5
1.9641577604383893 | 2 | -0.5
2.0002617580299167 | 2 | -0.5
2.128507338459724 | 2 | -0.5
2.2813424942222227 | 2 | -0.5
2.588921527656247 | 2 | -0.5
3.176350874932015 | 2 | -0.5
4.6223948187774235 | 2 | -0.5
7.399768589463462 | 2 | -0.5
9.363766015730711 | 2 | -0.5
9.410618527638764 | 2 | -0.5
4.2878439989333454 | 2 | -0.5
2.707112646227201 | 2 | -0.5
2.106964573593979 | 2 | -0.5
1.769442827782053 | 2 | -0.5
1.5972891408651861 | 2 | -0.5
1.4599033989922678 | 2 | -0.5
1.3963850601352983 | 2 | -0.5
1.4551795036375292 | 2 | -0.5
1.4964158173717383 | 2 | -0.5
1.6840234128762683 | 2 | -0.5
1.935959225768347 | 2 | -0.5
2.39257213352939 | 2 | -0.5
3.344169390171727 | 2 | -0.5
5.839336211918406 | 2 | -0.5
10.963256725886888 | 2 | -0.5
8.273431216996586 | 2 | -0.5
4.4269900988734525 | 2 | -0.5
3.3518130357959737 | 2 | -0.5
2.5455104677354385 | 2 | -0.5
2.2735323476912446 | 2 | -0.5
2.0700561936879227 | 2 | -0.5
2.003350625633714 | 2 | -0.5
1.977563485498687 | 2 | -0.5
2.0429958503913936 | 2 | -0.5
2.1744553151169703 | 2 | -0.5
2.4873038845398474 | 2 | -0.5
2.881542955783898 | 2 | -0.5
3.741809016310955 | 2 | -0.5
5.912740412440279 | 2 | -0.5
9.512718227585511 | 2 | -0.5
9.493523860602853 | 2 | -0.5
4.003170073878095 | 2 | -0.5
2.706745133104492 | 2 | -0.5
1.9844257533012946 | 2 | -0.5
1.6432742802810245 | 2 | -0.5
1.5072690152847898 | 2 | -0.5
1.4305417987583902 | 2 | -0.5
1.385687772812739 | 2 | -0.5
1.408730066070008 | 2 | -0.5
1.46533211386703 | 2 | -0.5
1.5616609515209585 | 2 | -0.5
1.7736358695370151 | 2 | -0.5
2.0913976376300822 | 2 | -0.5
2.8113093910737503 | 2 | -0.5
4.992849055960836 | 2 | -0.5
11.048879226993922 | 2 | -0.5
11.082325830037382 | 2 | -0.5
6.090258102489778 | 2 | -0.5
4.101670025419723 | 2 | -0.5
3.0288560862268037 | 2 | -0.5
2.5787951949478294 | 2 | -0.5
2.334409849317555 | 2 | -0.5
2.164447932773075 | 2 | -0.5
2.1390968454690316 | 2 | -0.5
2.154877141359728 | 2 | -0.5
2.3165959351145817 | 2 | -0.5
2.513366812961979 | 2 | -0.5
3.1313228341906094 | 2 | -0.5
4.022151454402622 | 2 | -0.5
6.470357425253937 | 2 | -0.5
9.408145079394327 | 2 | -0.5
9.364111001652514 | 2 | -0.5
4.325703239000857 | 2 | -0.5
2.6723953342572786 | 2 | -0.5
1.9627476836388946 | 2 | -0.5
1.568881201273776 | 2 | -0.5
1.4607866200318391 | 2 | -0.5
1.3210925027672853 | 2 | -0.5
1.2709703454265346 | 2 | -0.5
1.2884437276707144 | 2 | -0.5
1.3042603784522462 | 2 | -0.5
1.420328666568115 | 2 | -0.5
1.6257058086797223 | 2 | -0.5
1.9513583755364121 | 2 | -0.5
2.7323663422203666 | 2 | -0.5
5.177401975221606 | 2 | -0.5
11.031279326211228 | 2 | -0.5
8.383250388335657 | 2 | -0.5
5.145903015341964 | 2 | -0.5
3.4712237748573216 | 2 | -0.5
2.8896854058810875 | 2 | -0.5
2.5033672126027655 | 2 | -0.5
2.3086133283900954 | 2 | -0.5
2.108484494969727 | 2 | -0.5
2.122744882775331 | 2 | -0.5
2.1962979085626024 | 2 | -0.5
2.3363744110867426 | 2 | -0.5
2.58484830877619 | 2 | -0.5
3.0563443867252182 | 2 | -0.5
4.244304062103079 | 2 | -0.5
6.499531613277864 | 2 | -0.5
9.494554159348171 | 2 | -0.5
9.401656517854258 | 2 | -0.5
4.534483888621181 | 2 | -0.5
2.593011980498857 | 2 | -0.5
1.901713268016247 | 2 | -0.5
1.6178826853417838 | 2 | -0.5
1.4616927247078242 | 2 | -0.5
1.3385698444366174 | 2 | -0.5
1.3394019623048699 | 2 | -0.5
1.3585077871318911 | 2 | -0.5
1.382834620037769 | 2 | -0.5
1.543356805120344 | 2 | -0.5
1.7010557909621926 | 2 | -0.5
1.9969717071966704 | 2 | -0.5
2.5598669451093823 | 2 | -0.5
3.8598953450527427 | 2 | -0.5
11.023505139578008 | 2 | -0.5
10.973382643478773 | 2 | -0.5
6.309064499466613 | 2 | -0.5
4.073010884339515 | 2 | -0.5
3.113472928642033 | 2 | -0.5
2.570148784998382 | 2 | -0.5
2.238565347283475 | 2 | -0.5
2.14593000435917 | 2 | -0.5
2.0565303774830785 | 2 | -0.5
2.0981796363100327 | 2 | -0.5
2.1965116915511262 | 2 | -0.5
2.499532827761158 | 2 | -0.5
2.8863661680690833 | 2 | -0.5
3.5997827321270552 | 2 | -0.5
4.804702724752821 | 2 | -0.5
8.836193797497929 | 2 | -0.5
9.467447168760435 | 2 | -0.5
5.2592749065531175 | 2 | -0.5
3.0521581524378774 | 2 | -0.5
2.088617248334747 | 2 | -0.5
1.710196761972058 | 2 | -0.5
1.4396890576254462 | 2 | -0.5
1.3595010771177565 | 2 | -0.5
1.3089206509515108 | 2 | -0.5
1.314144302280267 | 2 | -0.5
1.3694642112022797 | 2 | -0.5
1.4606443804416924 | 2 | -0.5
1.657408184925585 | 2 | -0.5
2.0241382397267778 | 2 | -0.5
2.6455708942431015 | 2 | -0.5
4.1744030640564525 | 2 | -0.5
10.956583352313897 | 2 | -0.5
10.993188956657557 | 2 | -0.5
6.556772453812241 | 2 | -0.5
4.135781289244762 | 2 | -0.5
3.1532928130071616 | 2 | -0.5
2.6303119246936335 | 2 | -0.5
2.3562482037123074 | 2 | -0.5
2.180807108828776 | 2 | -0.5
2.1287294751124843 | 2 | -0.5
2.1515475690859183 | 2 | -0.5
2.305255550994987 | 2 | -0.5
2.5312851256464355 | 2 | -0.5
3.0048870814485116 | 2 | -0.5
3.7731683521612776 | 2 | -0.5
5.425898832912153 | 2 | -0.5
9.658956436534337 | 2 | -0.5
9.496331926035438 | 2 | -0.5
9.604251685115822 | 2 | -0.5
3.6025002717638444 | 2 | -0.5
2.502831361475202 | 2 | -0.5
1.8980310798008846 | 2 | -0.5
1.5998157369348285 | 2 | -0.5
1.4735402947891805 | 2 | -0.5
1.3651355101913205 | 2 | -0.5
1.3405106050462432 | 2 | -0.5
1.376210262759664 | 2 | -0.5
1.434561541203442 | 2 | -0.5
1.554087684736424 | 2 | -0.5
1.7474932707211517 | 2 | -0.5
2.1620790359492816 | 2 | -0.5
3.137678374254242 | 2 | -0.5
6.3555449348226905 | 2 | -0.5
11.055593907514428 | 2 | -0.5
11.127252994598495 | 2 | -0.5
5.190103179267662 | 2 | -0.5
3.580799162870784 | 2 | -0.5
2.9061144552141083 | 2 | -0.5
2.421974841881057 | 2 | -0.5
2.187731158446743 | 2 | -0.5
2.10745256468775 | 2 | -0.5
2.1080518985175773 | 2 | -0.5
2.1651252771816623 | 2 | -0.5
2.288135462384395 | 2 | -0.5
2.5575726782428263 | 2 | -0.5
3.0532792887510354 | 2 | -0.5
3.9233280369874675 | 2 | -0.5
6.478091985106188 | 2 | -0.5
9.476835472066409 | 2 | -0.5
9.46248244137963 | 2 | -0.5
3.756771443541981 | 2 | -0.5
2.4126694245152653 | 2 | -0.5
1.8484724465713704 | 2 | -0.5
1.5747790995078756 | 2 | -0.5
1.390861325240496 | 2 | -0.5
1.2874079062503707 | 2 | -0.5
1.259202483357351 | 2 | -0.5
1.2844182981530272 | 2 | -0.5
1.3711992347213628 | 2 | -0.5
1.4533785444205367 | 2 | -0.5
1.602821348504392 | 2 | -0.5
1.9271270975394263 | 2 | -0.5
2.442006463300729 | 2 | -0.5
3.7215184045227323 | 2 | -0.5
11.098719042571172 | 2 | -0.5
11.020900760619854 | 2 | -0.5
7.694054953163261 | 2 | -0.5
4.58281838062423 | 2 | -0.5
3.4597289001303992 | 2 | -0.5
2.813994430565305 | 2 | -0.5
2.431566961349478 | 2 | -0.5
2.291547991904653 | 2 | -0.5
2.171432912977458 | 2 | -0.5
2.155033749324313 | 2 | -0.5
2.2563905162235933 | 2 | -0.5
2.446452703723673 | 2 | -0.5
2.829765682173473 | 2 | -0.5
3.5826737050663118 | 2 | -0.5
5.067804162562386 | 2 | -0.5
8.646072680450631 | 2 | -0.5
9.371451561057063 | 2 | -0.5
9.476229769162314 | 2 | -0.5
3.2852508796141104 | 2 | -0.5
2.295137970397885 | 2 | -0.5
1.845366887809353 | 2 | -0.5
1.59031868027448 | 2 | -0.5
1.414623106390428 | 2 | -0.5
1.360553006309298 | 2 | -0.5
1.3369714814445128 | 2 | -0.5
1.342391043879303 | 2 | -0.5
1.4375649095308942 | 2 | -0.5
1.5995857649942646 | 2 | -0.5
1.8411857549918254 | 2 | -0.5
2.3892018554456715 | 2 | -0.5
3.324686164514947 | 2 | -0.5
6.439502280040113 | 2 | -0.5
11.019510474759922 | 2 | -0.5
11.163322840371418 | 2 | -0.5
5.834810684051073 | 2 | -0.5
4.126918218671026 | 2 | -0.5
2.9829111069354997 | 2 | -0.5
2.4762259105832842 | 2 | -0.5
2.260761559752807 | 2 | -0.5
2.137797962946749 | 2 | -0.5
2.1455522502407844 | 2 | -0.5
2.183213281783051 | 2 | -0.5
2.3495085880633932 | 2 | -0.5
2.7550388541819184 | 2 | -0.5
3.360180427057287 | 2 | -0.5
4.405553521099723 | 2 | -0.5
7.209631065155638 | 2 | -0.5
9.524162731945841 | 2 | -0.5
9.511526327537414 | 2 | -0.5
3.3180148226001767 | 2 | -0.5
2.2406129686238545 | 2 | -0.5
1.8021455601892398 | 2 | -0.5
1.543280122226151 | 2 | -0.5
1.386622591703417 | 2 | -0.5
1.3823160390357065 | 2 | -0.5
1.3012841548375154 | 2 | -0.5
1.3308302372033027 | 2 | -0.5
1.3706853256915532 | 2 | -0.5
1.5100793782981752 | 2 | -0.5
1.6991025314384567 | 2 | -0.5
2.101364249185983 | 2 | -0.5
3.1048264052412686 | 2 | -0.5
6.093195128987609 | 2 | -0.5
10.906002291505247 | 2 | -0.5
9.751057328075492 | 2 | -0.5
5.085921764419989 | 2 | -0.5
3.592769773764048 | 2 | -0.5
2.7994383475566895 | 2 | -0.5
2.3733027088834144 | 2 | -0.5
2.199542503444704 | 2 | -0.5
2.114002527918758 | 2 | -0.5
2.068423545808428 | 2 | -0.5
2.0613786157562943 | 2 | -0.5
2.222644445566085 | 2 | -0.5
2.4647701750811897 | 2 | -0.5
2.7696326475312514 | 2 | -0.5
3.537338395576388 | 2 | -0.5
5.115826841189362 | 2 | -0.5
9.660649325650631 | 2 | -0.5
9.50505490440244 | 2 | -0.5
4.57295219192973 | 2 | -0.5
2.615287123482016 | 2 | -0.5
1.9901555802566806 | 2 | -0.5
1.6160388872584632 | 2 | -0.5
1.4635364906280166 | 2 | -0.5
1.3445690659049163 | 2 | -0.5
1.3295904873873514 | 2 | -0.5
1.383385200956002 | 2 | -0.5
1.4425897610040668 | 2 | -0.5
1.5396472513876465 | 2 | -0.5
1.7918568115904774 | 2 | -0.5
2.3273234850939377 | 2 | -0.5
3.3955434348200355 | 2 | -0.5
10.918190190519281 | 2 | -0.5
10.79967008719591 | 2 | -0.5
7.958390656819134 | 2 | -0.5
4.256492482517867 | 2 | -0.5
3.094092325401034 | 2 | -0.5
2.4982765100045987 | 2 | -0.5
2.236845113818462 | 2 | -0.5
2.098004165551776 | 2 | -0.5
1.9887699034969015 | 2 | -0.5
1.9951192325983722 | 2 | -0.5
2.116346979547563 | 2 | -0.5
2.354990523189279 | 2 | -0.5
2.656718050012169 | 2 | -0.5
3.2790091905716374 | 2 | -0.5
4.5062903421197404 | 2 | -0.5
7.1589313224879945 | 2 | -0.5
9.600792959009913 | 2 | -0.5
9.701690695138247 | 2 | -0.5
3.555510920960391 | 2 | -0.5
2.5231131313421398 | 2 | -0.5
2.0358233535055645 | 2 | -0.5
1.780155574232664 | 2 | -0.5
1.5432298996632314 | 2 | -0.5
1.5158033855594544 | 2 | -0.5
1.4193122530933004 | 2 | -0.5
1.4387489159945186 | 2 | -0.5
1.4887576431166825 | 2 | -0.5
1.650919099233755 | 2 | -0.5
1.857808482755299 | 2 | -0.5
2.2946862255692055 | 2 | -0.5
3.5097726507434555 | 2 | -0.5
7.430730510390289 | 2 | -0.5
10.740092853791321 | 2 | -0.5
8.558758117321284 | 2 | -0.5
4.630255071389152 | 2 | -0.5
3.1668613171032747 | 2 | -0.5
2.6213958902450276 | 2 | -0.5
2.287724158608474 | 2 | -0.5
2.0905127195504085 | 2 | -0.5
1.9433334597141594 | 2 | -0.5
1.8918723956289807 | 2 | -0.5
1.912507649454033 | 2 | -0.5
1.9346110407392962 | 2 | -0.5
2.0657512451250772 | 2 | -0.5
2.3672519693257397 | 2 | -0.5
2.7744882496992878 | 2 | -0.5
3.6241305337069627 | 2 | -0.5
5.59181616979531 | 2 | -0.5
9.781746929520596 | 2 | -0.5
9.70987665369982 | 2 | -0.5
6.30372509231994 | 2 | -0.5
3.3744827922875924 | 2 | -0.5
2.3914958363385224 | 2 | -0.5
1.9579116669692969 | 2 | -0.5
1.759198686644956 | 2 | -0.5
1.698380540529673 | 2 | -0.5
1.6822156991114405 | 2 | -0.5
1.6640107350570588 | 2 | -0.5
1.6789811387633637 | 2 | -0.5
1.7799138653966802 | 2 | -0.5
1.9905076908199852 | 2 | -0.5
2.3106532250230405 | 2 | -0.5
2.9790604446152313 | 2 | -0.5
4.1194865726953624 | 2 | -0.5
11.01003798928988 | 2 | -0.5
10.806545497764816 | 2 | -0.5
6.843449085792422 | 2 | -0.5
4.0574140780997885 | 2 | -0.5
2.8370912348364414 | 2 | -0.5
2.403758898915815 | 2 | -0.5
2.036932913278821 | 2 | -0.5
1.8534787997894666 | 2 | -0.5
1.8083803922586008 | 2 | -0.5
1.8054688785709467 | 2 | -0.5
1.9213319009211127 | 2 | -0.5
2.206184146180996 | 2 | -0.5
2.6950516395745345 | 2 | -0.5
3.4175244487324714 | 2 | -0.5
5.353768288205373 | 2 | -0.5
9.632218793811402 | 2 | -0.5
9.58697116231023 | 2 | -0.5
5.895145700899241 | 2 | -0.5
3.435627485985756 | 2 | -0.5
2.4534972668358273 | 2 | -0.5
1.9979963266306304 | 2 | -0.5
1.784688019254458 | 2 | -0.5
1.6978651956795954 | 2 | -0.5
1.6437137067131449 | 2 | -0.5
1.6207087546825123 | 2 | -0.5
1.6638870144078304 | 2 | -0.5
1.7176198021470426 | 2 | -0.5
1.9248307791112536 | 2 | -0.5
2.2873154452358073 | 2 | -0.5
2.9603936944351767 | 2 | -0.5
4.555408950831991 | 2 | -0.5
10.986753240418581 | 2 | -0.5
10.912645485389517 | 2 | -0.5
7.2647958458756685 | 2 | -0.5
4.128162611187158 | 2 | -0.5
2.8497420219425713 | 2 | -0.5
2.3263459258241563 | 2 | -0.5
2.1106044257496444 | 2 | -0.5
1.9788067131130873 | 2 | -0.5
1.8931256729954067 | 2 | -0.5
1.9248100666579917 | 2 | -0.5
2.0111741308188513 | 2 | -0.5
2.1876777159487255 | 2 | -0.5
2.6004689392116274 | 2 | -0.5
3.2932122198741243 | 2 | -0.5
4.675585558874352 | 2 | -0.5
9.636568881894963 | 2 | -0.5
9.558872223656712 | 2 | -0.5
6.12009753080339 | 2 | -0.5
3.5495275605194654 | 2 | -0.5
2.485821445918017 | 2 | -0.5
2.0724816463042854 | 2 | -0.5
1.8282326720335158 | 2 | -0.5
1.6527530397404062 | 2 | -0.5
1.5696303347624232 | 2 | -0.5
1.53260913484243 | 2 | -0.5
1.6254900312904168 | 2 | -0.5
1.682772612386925 | 2 | -0.5
1.8398274998323063 | 2 | -0.5
2.0935933738372805 | 2 | -0.5
2.4664192358897856 | 2 | -0.5
3.304374720247916 | 2 | -0.5
5.536264880993802 | 2 | -0.5
10.7686531777182 | 2 | -0.5
10.875908163250177 | 2 | -0.5
5.171489540447857 | 2 | -0.5
3.5082915563356276 | 2 | -0.5
2.8618498947748363 | 2 | -0.5
2.3862217643880337 | 2 | -0.5
2.1709071528701624 | 2 | -0.5
2.0096797180919292 | 2 | -0.5
1.942511996793768 | 2 | -0.5
1.9846611579271045 | 2 | -0.5
2.086026783982944 | 2 | -0.5
2.3487457780171876 | 2 | -0.5
2.878342084156083 | 2 | -0.5
3.6391238150285816 | 2 | -0.5
5.114166454756669 | 2 | -0.5
9.809935420586367 | 2 | -0.5
9.709280379251926 | 2 | -0.5
4.434920310572565 | 2 | -0.5
2.9526675948360936 | 2 | -0.5
2.2001212933429004 | 2 | -0.5
1.9130498043123507 | 2 | -0.5
1.7342834132877731 | 2 | -0.5
1.6298666630381144 | 2 | -0.5
1.5301298805989085 | 2 | -0.5
1.5528663899645692 | 2 | -0.5
1.5912405677356387 | 2 | -0.5
1.6732413447690515 | 2 | -0.5
1.8932885381126476 | 2 | -0.5
2.2696214742424243 | 2 | -0.5
3.0394817475080207 | 2 | -0.5
4.656109112691094 | 2 | -0.5
10.877107641094655 | 2 | -0.5
10.860803606567542 | 2 | -0.5
6.330163137790501 | 2 | -0.5
3.93494997288479 | 2 | -0.5
2.837613272225536 | 2 | -0.5
2.337049695541282 | 2 | -0.5
2.151068196841392 | 2 | -0.5
2.0278664668887103 | 2 | -0.5
1.9219938105454395 | 2 | -0.5
1.9096063572222224 | 2 | -0.5
2.070670675715103 | 2 | -0.5
2.2192838303782363 | 2 | -0.5
2.6646938181395496 | 2 | -0.5
3.6153467362353395 | 2 | -0.5
5.3045282289849816 | 2 | -0.5
9.747927679415287 | 2 | -0.5
9.602190562857285 | 2 | -0.5
6.345888453903174 | 2 | -0.5
3.1837441067340078 | 2 | -0.5
2.2895197592785044 | 2 | -0.5
1.8178215074467317 | 2 | -0.5
1.571531926704031 | 2 | -0.5
1.4205944398368184 | 2 | -0.5
1.3937460500207102 | 2 | -0.5
1.457027501762631 | 2 | -0.5
1.4555787397025572 | 2 | -0.5
1.6420342154644993 | 2 | -0.5
1.8416289652081852 | 2 | -0.5
2.29376345486163 | 2 | -0.5
3.285424759587561 | 2 | -0.5
5.195045728286027 | 2 | -0.5
10.736077135696327 | 2 | -0.5
10.842283894249679 | 2 | -0.5
4.671536200538511 | 2 | -0.5
3.3424835193703357 | 2 | -0.5
2.627445770537278 | 2 | -0.5
2.226598788561465 | 2 | -0.5
2.0306786909269072 | 2 | -0.5
1.9573839802171475 | 2 | -0.5
1.9592813340001973 | 2 | -0.5
1.9770424329667287 | 2 | -0.5
2.1141571464235955 | 2 | -0.5
2.3105912657207393 | 2 | -0.5
2.6934198986584317 | 2 | -0.5
3.4121028200046366 | 2 | -0.5
4.985467488332935 | 2 | -0.5
9.830058203317583 | 2 | -0.5
9.72215339719455 | 2 | -0.5
9.86098933476435 | 2 | -0.5
3.754863589394101 | 2 | -0.5
2.3810664755202953 | 2 | -0.5
1.8487877103942936 | 2 | -0.5
1.6161110265696372 | 2 | -0.5
1.5161896357302573 | 2 | -0.5
1.4185569062751693 | 2 | -0.5
1.413980323052291 | 2 | -0.5
1.5108985575709621 | 2 | -0.5
1.6525262726644063 | 2 | -0.5
1.7911950238589025 | 2 | -0.5
2.1123984040074495 | 2 | -0.5
2.578472358483032 | 2 | -0.5
4.062857309990891 | 2 | -0.5
10.705523055446854 | 2 | -0.5
10.789713409889963 | 2 | -0.5
5.394943419572187 | 2 | -0.5
3.5438040015628327 | 2 | -0.5
2.7786629493067188 | 2 | -0.5
2.2640794397480755 | 2 | -0.5
2.069184046604989 | 2 | -0.5
1.9583767626082738 | 2 | -0.5
1.9345257812774017 | 2 | -0.5
1.9959620035368535 | 2 | -0.5
2.0371044635594133 | 2 | -0.5
2.1906047321881394 | 2 | -0.5
2.4177544439414453 | 2 | -0.5
2.9444426692871875 | 2 | -0.5
3.848659576522294 | 2 | -0.5
6.303673109525304 | 2 | -0.5
9.858243519496106 | 2 | -0.5
9.916062254401576 | 2 | -0.5
3.8688344167955067 | 2 | -0.5
2.7173726702292518 | 2 | -0.5
2.0281869354705595 | 2 | -0.5
1.7516948588579206 | 2 | -0.5
1.619594186191115 | 2 | -0.5
1.5213431194081524 | 2 | -0.5
1.5344489321379318 | 2 | -0.5
1.5630590432263487 | 2 | -0.5
1.6309791372976965 | 2 | -0.5
1.8050654263729475 | 2 | -0.5
2.136229657799231 | 2 | -0.5
2.8198029994930383 | 2 | -0.5
4.62651903201566 | 2 | -0.5
10.631806217325652 | 2 | -0.5
9.478895525809854 | 2 | -0.5
4.326847774605874 | 2 | -0.5
3.060306334255139 | 2 | -0.5
2.522482407714686 | 2 | -0.5
2.18148680832545 | 2 | -0.5
1.9763661904663112 | 2 | -0.5
1.8312171738544034 | 2 | -0.5
1.8348877973052553 | 2 | -0.5
1.8549604329500178 | 2 | -0.5
1.9029193989981363 | 2 | -0.5
2.0966957925619645 | 2 | -0.5
2.3120380568364745 | 2 | -0.5
2.762583573177164 | 2 | -0.5
3.751590172773023 | 2 | -0.5
5.697009650545512 | 2 | -0.5
9.878785719409766 | 2 | -0.5
9.870710936860924 | 2 | -0.5
4.628485632930275 | 2 | -0.5
3.0927779089927507 | 2 | -0.5
2.3744663390746594 | 2 | -0.5
1.9599625186853504 | 2 | -0.5
1.7521543987422776 | 2 | -0.5
1.638174061136621 | 2 | -0.5
1.597976587215335 | 2 | -0.5
1.593641338924942 | 2 | -0.5
1.6874209426935536 | 2 | -0.5
1.8900983113925152 | 2 | -0.5
2.1700408334789483 | 2 | -0.5
2.9338777717330693 | 2 | -0.5
4.410303769884237 | 2 | -0.5
10.725653488728303 | 2 | -0.5
10.62925847431323 | 2 | -0.5
7.23815307510788 | 2 | -0.5
4.4481049240816155 | 2 | -0.5
3.2154487736412647 | 2 | -0.5
2.5905767149941115 | 2 | -0.5
2.3106396003600933 | 2 | -0.5
2.0735864579868992 | 2 | -0.5
1.956563124620358 | 2 | -0.5
1.8940658054002881 | 2 | -0.5
1.9266976471097446 | 2 | -0.5
2.08354478275977 | 2 | -0.5
2.3006343287441586 | 2 | -0.5
2.6956809201013767 | 2 | -0.5
3.493730361511922 | 2 | -0.5
5.052322108562513 | 2 | -0.5
9.934254706512425 | 2 | -0.5
9.779804922545669 | 2 | -0.5
5.981239417347177 | 2 | -0.5
3.450128810020154 | 2 | -0.5
2.4983535415569813 | 2 | -0.5
2.0328761414782974 | 2 | -0.5
1.7491585937042682 | 2 | -0.5
1.5841077312648637 | 2 | -0.5
1.5529654823727335 | 2 | -0.5
1.507718921603027 | 2 | -0.5
1.5631976684227866 | 2 | -0.5
1.5975631012018552 | 2 | -0.5
1.813491540163703 | 2 | -0.5
2.167019483787531 | 2 | -0.5
2.5727876491111634 | 2 | -0.5
3.3660768030149324 | 2 | -0.5
6.609035637171603 | 2 | -0.5
10.641565218539874 | 2 | -0.5
9.589365830339933 | 2 | -0.5
4.981151263470089 | 2 | -0.5
3.0623442421821556 | 2 | -0.5
2.526418842275745 | 2 | -0.5
2.1709200287112873 | 2 | -0.5
1.9399834331448418 | 2 | -0.5
1.8260291678182519 | 2 | -0.5
1.8446172895888544 | 2 | -0.5
1.867921772648819 | 2 | -0.5
1.9776089920466586 | 2 | -0.5
2.224082532690883 | 2 | -0.5
2.7213564649577564 | 2 | -0.5
3.413605161839026 | 2 | -0.5
4.49275673907372 | 2 | -0.5
9.68832461093973 | 2 | -0.5
9.746394354017363 | 2 | -0.5
5.199746333700288 | 2 | -0.5
3.2868957628805564 | 2 | -0.5
2.415006923489521 | 2 | -0.5
1.9989296624123458 | 2 | -0.5
1.750152087860764 | 2 | -0.5
1.60551739985528 | 2 | -0.5
1.5552013073013347 | 2 | -0.5
1.498979010881328 | 2 | -0.5
1.5654047068634194 | 2 | -0.5
1.7087412159914814 | 2 | -0.5
1.8988762651448845 | 2 | -0.5
2.2506844753268713 | 2 | -0.5
2.9886892268530674 | 2 | -0.5
4.21685440840706 | 2 | -0.5
10.92245247344294 | 2 | -0.5
10.85022502837367 | 2 | -0.5
5.883446682314839 | 2 | -0.5
3.7643724127496387 | 2 | -0.5
2.9443941359602457 | 2 | -0.5
2.5000277639653157 | 2 | -0.5
2.225958572834397 | 2 | -0.5
2.077876322436716 | 2 | -0.5
2.0396794384538275 | 2 | -0.5
2.042347761620216 | 2 | -0.5
2.0886960722392236 | 2 | -0.5
2.345007455747801 | 2 | -0.5
2.730434766735512 | 2 | -0.5
3.3662762542686617 | 2 | -0.5
4.820796700590129 | 2 | -0.5
9.637183804103195 | 2 | -0.5
9.665835142976007 | 2 | -0.5
9.824027758376241 | 2 | -0.5
3.207511703017624 | 2 | -0.5
2.3385239579301533 | 2 | -0.5
1.8348563656845411 | 2 | -0.5
1.6367029725687294 | 2 | -0.5
1.4472413600486926 | 2 | -0.5
1.3954396854240745 | 2 | -0.5
1.361813034876752 | 2 | -0.5
1.3955341233860483 | 2 | -0.5
1.4428807721353256 | 2 | -0.5
1.6398805426434109 | 2 | -0.5
1.9568846071266146 | 2 | -0.5
2.4909361920110076 | 2 | -0.5
3.662085344445428 | 2 | -0.5
7.75831850005078 | 2 | -0.5
10.726199873829446 | 2 | -0.5
6.670776080307179 | 2 | -0.5
3.961078352993579 | 2 | -0.5
3.0881662048582883 | 2 | -0.5
2.5357126745874203 | 2 | -0.5
2.2884437434690796 | 2 | -0.5
2.1260205757045756 | 2 | -0.5
2.0377275794697787 | 2 | -0.5
2.0606196348298176 | 2 | -0.5
2.0835233332594165 | 2 | -0.5
2.2547879326616087 | 2 | -0.5
2.503749055936523 | 2 | -0.5
3.0477682049887282 | 2 | -0.5
3.963150693522945 | 2 | -0.5
6.883539482961786 | 2 | -0.5
9.780315330788339 | 2 | -0.5
9.781083996113937 | 2 | -0.5
4.182543210095922 | 2 | -0.5
2.6582448945713333 | 2 | -0.5
2.0840618183159907 | 2 | -0.5
1.672440217402281 | 2 | -0.5
1.5506735907769558 | 2 | -0.5
1.413235670648192 | 2 | -0.5
1.400949955863167 | 2 | -0.5
1.4037161451572364 | 2 | -0.5
1.4575212612755921 | 2 | -0.5
1.5612631511187616 | 2 | -0.5
1.7977670679608524 | 2 | -0.5
2.133819615309963 | 2 | -0.5
2.8562093311102124 | 2 | -0.5
4.870784469467538 | 2 | -0.5
10.64794822478492 | 2 | -0.5
10.768694307592266 | 2 | -0.5
5.726553023965129 | 2 | -0.5
3.894992510122647 | 2 | -0.5
3.0520348303073326 | 2 | -0.5
2.5561784827362204 | 2 | -0.5
2.2371228931238534 | 2 | -0.5
2.063074652701462 | 2 | -0.5
2.032515878491702 | 2 | -0.5
2.0610508510655805 | 2 | -0.5
2.1094529393415895 | 2 | -0.5
2.2314966840970563 | 2 | -0.5
2.6008547563767332 | 2 | -0.5
3.2287681442897154 | 2 | -0.5
4.361984882947812 | 2 | -0.5
8.073914376290604 | 2 | -0.5
9.784345320996492 | 2 | -0.5
9.91534290649351 | 2 | -0.5
3.4622469368420736 | 2 | -0.5
2.3764031830048413 | 2 | -0.5
1.848700445047951 | 2 | -0.5
1.6085988794809025 | 2 | -0.5
1.5380935033873755 | 2 | -0.5
1.4281211514704721 | 2 | -0.5
1.4110352925449956 | 2 | -0.5
1.4231778016096426 | 2 | -0.5
1.5044381831480493 | 2 | -0.5
1.6601817231048932 | 2 | -0.5
1.9572902863436932 | 2 | -0.5
2.57796472974049 | 2 | -0.5
3.8506985705070016 | 2 | -0.5
10.795554567660444 | 2 | -0.5
10.761984568914102 | 2 | -0.5
5.829682919450775 | 2 | -0.5
3.7870740907246785 | 2 | -0.5
2.7738774923577196 | 2 | -0.5
2.370005934765915 | 2 | -0.5
2.1764581879978717 | 2 | -0.5
2.037274574038494 | 2 | -0.5
1.991265540811022 | 2 | -0.5
2.008441470488472 | 2 | -0.5
2.108720514370062 | 2 | -0.5
2.292379899439983 | 2 | -0.5
2.6187642927209103 | 2 | -0.5
3.1846618336746078 | 2 | -0.5
4.468504086578978 | 2 | -0.5
7.812350868982 | 2 | -0.5
9.675148910282108 | 2 | -0.5
6.435957659734773 | 2 | -0.5
3.2713126063242735 | 2 | -0.5
2.4127718095395023 | 2 | -0.5
1.9135735563642442 | 2 | -0.5
1.654320131608233 | 2 | -0.5
1.5205418449929187 | 2 | -0.5
1.4825536833937518 | 2 | -0.5
1.4051639247391332 | 2 | -0.5
1.404902691023992 | 2 | -0.5
1.455784492285185 | 2 | -0.5
1.5703872170579296 | 2 | -0.5
1.8032788914988616 | 2 | -0.5
2.2012265996847593 | 2 | -0.5
2.8742832561289484 | 2 | -0.5
4.431556134630131 | 2 | -0.5
10.851231480501447 | 2 | -0.5
10.893175898352244 | 2 | -0.5
5.957730489407183 | 2 | -0.5
4.008504865564404 | 2 | -0.5
2.884685861874223 | 2 | -0.5
2.4420515714923043 | 2 | -0.5
2.175559516527788 | 2 | -0.5
2.0466790949287015 | 2 | -0.5
2.0075583164025175 | 2 | -0.5
2.0626422629690704 | 2 | -0.5
2.1041446079614934 | 2 | -0.5
2.315714261066343 | 2 | -0.5
2.6267974360338173 | 2 | -0.5
3.208833477242385 | 2 | -0.5
4.137931800420411 | 2 | -0.5
6.481702577398789 | 2 | -0.5
9.626484834378982 | 2 | -0.5
9.6967865114611 | 2 | -0.5
3.630460987739277 | 2 | -0.5
2.3562497714477546 | 2 | -0.5
1.8945344179057595 | 2 | -0.5
1.568033115874339 | 2 | -0.5
1.4173849106691967 | 2 | -0.5
1.3612361827260644 | 2 | -0.5
1.3394795825473804 | 2 | -0.5
1.3063996537628555 | 2 | -0.5
1.4663914985817565 | 2 | -0.5
1.5715533583171408 | 2 | -0.5
1.8018085764019391 | 2 | -0.5
2.1509628356777557 | 2 | -0.5
3.0036643628359734 | 2 | -0.5
6.076360749122303 | 2 | -0.5
10.763673833562647 | 2 | -0.5
9.829158145773285 | 2 | -0.5
5.214115977238029 | 2 | -0.5
3.608668684013694 | 2 | -0.5
2.8010174239140984 | 2 | -0.5
2.469240568537264 | 2 | -0.5
2.3304648520906137 | 2 | -0.5
2.157652730794285 | 2 | -0.5
2.143457825832325 | 2 | -0.5
2.2025053955488687 | 2 | -0.5
2.349049929739427 | 2 | -0.5
2.6333137908849853 | 2 | -0.5
3.0894408632261925 | 2 | -0.5
4.3399452532426235 | 2 | -0.5
7.634980859564195 | 2 | -0.5
9.682908455518016 | 2 | -0.5
5.5266086502048895 | 2 | -0.5
3.0600371281764858 | 2 | -0.5
2.0534227232678632 | 2 | -0.5
Total reward: -500.0
