-2.9, 1.9, -5.9, 3.2, -4.5, -3.0, -0.2, 2.6, 5.5, 6.0, 4.7, -1.5, 2.0, -1.3, 1.2, 1.3, -0.6, 4.9
parameter ends

state | action | reward
[0.06] | [-0.62  5.11] | 0.09694219882012084
0.08159976332454781 | [-3.92  2.8 ] | 0.12851006485389044
0.15480466206274826 | [-7.08 -0.72] | 0.17244923239672755
0.2468539453423031 | [-7.38 -3.91] | 0.32498184808033836
0.3412609535122747 | [-7.38 -6.24] | 0.5425592840062792
0.4388533727331147 | [-7.18 -7.86] | 0.7813067224844976
0.5393341590872314 | [-6.56 -8.71] | 1.0060357131372297
0.6411919890355241 | [-5.46 -8.84] | 1.1966083957785993
0.7428628788753565 | [-3.98 -8.4 ] | 1.3461126084864086
0.8431763841330363 | [-2.26 -7.57] | 1.4546263246751021
0.9413904475111322 | [-0.42 -6.49] | 1.444775204211013
1.0304390962651737 | [ 1.7  -5.18] | 1.1050653093263203
1.0896708476611219 | [ 3.94 -3.99] | 0.4769914286811252
1.107428585769817 | [ 5.62 -2.61] | -0.25134648282819094
1.0843423940890782 | [ 7.02 -0.84] | -0.9800900779140169
1.0225393957464748 | [8.52 1.73] | -1.2967253784112027
0.9409143757538685 | [9.7 6.7] | -1.2612398568162255
0.8537848978564686 | [10.65 10.32] | -1.1864341868231258
0.7619455070242687 | [11.46 13.47] | -1.0618852058663608
0.6668498316819722 | [12.08 16.34] | -0.9039276516184037
0.5694154951586072 | [12.41 18.89] | -0.729177384425805
0.4700889485903248 | [12.43 21.11] | -0.5435081447385467
0.3692914547239849 | [12.13 22.99] | -0.3496867810946022
0.26752665038066176 | [11.55 24.54] | -0.1509438455780142
0.16532569551290596 | [10.71 25.76] | 0.048659148923026446
0.0631821815659972 | [ 9.65 26.67] | 0.24477553283197895
-0.0384729682725242 | [ 8.4  27.27] | 0.43315936109154696
-0.13926334809865654 | [ 6.99 27.57] | 0.6097361941072914
-0.23884794779164814 | [ 5.46 27.58] | 0.7702247870224428
-0.33693904053549983 | [ 3.83 27.3 ] | 0.9106760426065388
-0.433321289311192 | [ 2.15 26.76] | 1.0288272676676868
-0.5278362877328209 | [ 0.44 25.98] | 1.0799907433858678
-0.6129918947721927 | [-1.84 23.79] | 0.8981514795821323
-0.6647106711935448 | [-5.25 18.14] | 0.457025855437025
-0.6687861947084255 | [-8.16 11.5 ] | -0.08821206698430677
-0.6268610016325765 | [-10.9    4.15] | -0.5876411221579201
-0.5445229867090567 | [-13.59  -2.8 ] | -0.7029980443351745
-0.44741035167053916 | [-14.33  -6.58] | -0.5349380687881985
-0.3513159519288692 | [-14.82  -8.98] | -0.35200669709075716
-0.2544103413141469 | [-15.15 -10.8 ] | -0.14866749480053565
-0.15599817745140285 | [-15.27 -12.23] | 0.06549018267351278
-0.05575463969389534 | [-15.02 -13.22] | 0.28359017526083535
0.04614725189473992 | [-14.37 -13.77] | 0.5011739817092065
0.1492461602852484 | [-13.36 -13.92] | 0.7142198375092359
0.25305386936812574 | [-12.07 -13.73] | 0.9190775628631082
0.35715439865392284 | [-10.58 -13.27] | 1.1123098857512634
0.461197124869633 | [ -8.91 -12.57] | 1.290360462007979
0.5648578741520283 | [ -7.11 -11.68] | 1.4492758914170074
0.6678027562174444 | [ -5.21 -10.62] | 1.5842152741445212
0.7696805271486834 | [-3.22 -9.42] | 1.6894851222420517
0.8701310108338849 | [-1.19 -8.1 ] | 1.7607148118494904
0.9687922498550823 | [ 0.84 -6.67] | 1.5579638595363767
1.0450824772499534 | [ 3.34 -4.96] | 1.0227215696813312
1.0817302024389175 | [ 5.21 -3.45] | 0.3454530120280438
1.0783945824911523 | [ 6.63 -1.71] | -0.4143034092516263
1.0343307377176014 | [8.02 0.48] | -0.9397853934086474
0.9616911756933313 | [9.22 5.  ] | -1.0643291584375891
0.8778142493812936 | [10.17  9.05] | -1.0290920432408792
0.7886378030805832 | [10.97 12.35] | -0.9356821368397893
0.6958233788277605 | [11.62 15.31] | -0.801781335383467
0.6005085819999368 | [12.   17.92] | -0.6487531392783421
0.5031825738541347 | [12.06 20.15] | -0.4843865803928306
0.40425444170640223 | [11.81 22.  ] | -0.31143005681595337
0.3042471363971101 | [11.27 23.49] | -0.13289390455251987
0.20374431965094505 | [10.47 24.63] | 0.047094971848586645
0.10329514234653925 | [ 9.45 25.45] | 0.22402217228528715
0.003364565947439186 | [ 8.25 25.95] | 0.3936417545095353
-0.09566787278433177 | [ 6.9  26.16] | 0.5522042252246265
-0.19348744603440107 | [ 5.43 26.1 ] | 0.6962955924803519
-0.2898532404575753 | [ 3.89 25.79] | 0.8232420970406205
-0.38461251643109023 | [ 2.31 25.26] | 0.9318516633089089
-0.4776692962038478 | [ 0.72 24.52] | 0.9967422884591012
-0.5647746835288648 | [-1.24 22.93] | 0.8129150670384548
-0.6179257085766875 | [-5.11 16.71] | 0.34260780149858566
-0.6186979232069868 | [-8.32  9.63] | -0.21129840337026812
-0.5708289972309272 | [-11.3    2.05] | -0.6831347606796496
-0.48255671970647807 | [-14.04  -4.75] | -0.7449141572872577
-0.38177325207774343 | [-14.56  -7.9 ] | -0.5369026149574364
-0.28376337511061417 | [-14.9   -9.98] | -0.33003683004524864
-0.18565637984918218 | [-15.15 -11.64] | -0.11178572646580415
-0.08617647405534574 | [-15.21 -12.98] | 0.11207434312935591
0.01508090350035629 | [-14.88 -13.89] | 0.3372180106988903
0.11788282923236805 | [-14.11 -14.36] | 0.5602856742716175
0.2217810795779577 | [-12.99 -14.42] | 0.7783244103166255
0.32637625543405935 | [-11.6  -14.15] | 0.9887084394075425
0.4313608568589676 | [-10.01 -13.63] | 1.1886954797214209
0.5364766216668932 | [ -8.27 -12.89] | 1.3750440821687424
0.6414683603652765 | [ -6.4  -11.96] | 1.5437895750157091
0.7460522478560209 | [ -4.43 -10.88] | 1.6894212087505398
0.8499000406012024 | [-2.37 -9.65] | 1.8044894180657376
0.9526221491857046 | [-0.26 -8.29] | 1.8006683970191049
1.0463014683463265 | [ 2.01 -6.69] | 1.5186456556476002
1.1127940258557436 | [ 4.07 -5.3 ] | 0.986903307687075
1.142241009299769 | [ 5.56 -3.97] | 0.33150258441457
1.134497406355432 | [ 6.71 -2.38] | -0.3984637780939345
1.0888369912425695 | [ 7.92 -0.36] | -1.0177079650767693
1.0116689763370748 | [9.31 3.07] | -1.2354022957155577
0.9207093553018966 | [10.39  7.8 ] | -1.1709479462046024
0.8269925075683827 | [11.24 11.33] | -1.0577739327614857
0.7313590532201433 | [11.91 14.39] | -0.9062501418823234
0.6345308294128593 | [12.34 17.09] | -0.7386236930457943
0.5365779791503775 | [12.48 19.43] | -0.564781711646957
0.4374438555578966 | [12.32 21.42] | -0.3859686145614759
0.33729507305038453 | [11.87 23.06] | -0.20279329752531572
0.23651297936992124 | [11.17 24.37] | -0.017630128911059167
0.1355673803661952 | [10.23 25.36] | 0.16582137219053797
0.034914374822257774 | [ 9.09 26.03] | 0.34348104753745384
-0.0650463747891509 | [ 7.79 26.4 ] | 0.5114528990542772
-0.16397175430734884 | [ 6.36 26.49] | 0.6661510158282757
-0.2615679733202278 | [ 4.83 26.31] | 0.8042305730554985
-0.3576226190011875 | [ 3.23 25.89] | 0.9234884356823859
-0.451997987773916 | [ 1.61 25.24] | 1.0232788285229923
-0.5446069325338523 | [-1.82e-02  2.44e+01] | 0.9996752133649742
-0.6207446111614784 | [-2.82 20.94] | 0.6973100851663255
-0.6563479529837413 | [-6.25 14.64] | 0.16552294072645468
-0.6418395418978053 | [-9.22  7.37] | -0.40586512747717834
-0.5808020891819984 | [-12.03  -0.05] | -0.7317744093159527
-0.49073969782195576 | [-13.78  -5.49] | -0.6922644000567431
-0.39393617519865837 | [-14.35  -8.34] | -0.5054871974802648
-0.2973194150131183 | [-14.76 -10.39] | -0.3045474304828818
-0.19948530754572089 | [-15.03 -12.03] | -0.08996860206903061
-0.0998128392475005 | [-15.02 -13.29] | 0.13073373545698222
0.0017207938610330452 | [-14.58 -14.09] | 0.35310607378310466
0.10470241683263322 | [-13.74 -14.44] | 0.5732683819287717
0.2086275329448053 | [-12.58 -14.42] | 0.7877503450529828
0.31307107162670744 | [-11.17 -14.09] | 0.9934036470301918
0.41769520143457023 | [ -9.57 -13.5 ] | 1.1870099962576135
0.5222040221975813 | [ -7.83 -12.71] | 1.3649251562049456
0.6262992976054765 | [ -5.96 -11.73] | 1.522714570784071
0.7296534159038783 | [ -4.  -10.6] | 1.654262117693167
0.8319075592614739 | [-1.97 -9.32] | 1.7530551653236048
0.9326659292690282 | [ 0.1  -7.92] | 1.688549084630439
1.0199479595783678 | [ 2.46 -6.2 ] | 1.3307197682549736
1.0758628548765483 | [ 4.54 -4.67] | 0.7477914374592741
1.0933064063615912 | [ 6.08 -3.05] | 0.04843480445450688
1.0715101626923231 | [ 7.38 -1.11] | -0.6827016975543756
1.0111468088538198 | [8.87 1.38] | -1.0588960854835978
0.9293987236631908 | [9.98 6.61] | -1.057724445267456
0.8420217392254772 | [10.86 10.3 ] | -0.9924518731499785
0.7505454436892346 | [11.6  13.43] | -0.8751072722265734
0.6563845508159668 | [12.14 16.23] | -0.7280736247866088
0.5602381342365192 | [12.4  18.68] | -0.5676703134499479
0.46236875037102065 | [12.35 20.77] | -0.3985829155010042
0.3630940930459513 | [12.  22.5] | -0.22270334961070687
0.26288640217785186 | [11.38 23.89] | -0.042887170460671184
0.16228761083934087 | [10.51 24.94] | 0.1368501933339179
0.06181198385121 | [ 9.43 25.67] | 0.31216170960330725
-0.038100480199247194 | [ 8.18 26.1 ] | 0.4789713380506686
-0.1370849899722279 | [ 6.79 26.25] | 0.6336627801621662
-0.23483474589249734 | [ 5.29 26.13] | 0.7729504823650747
-0.33111766663932435 | [ 3.72 25.76] | 0.894411365012366
-0.42578608409568597 | [ 2.11 25.17] | 0.997103009269474
-0.5187463163002045 | [ 0.5  24.39] | 1.0307621211130022
-0.602584655750359 | [-1.73 22.22] | 0.7934969698293904
-0.6505089740288301 | [-5.41 15.95] | 0.2767692720037231
-0.6466225570167862 | [-8.49  8.81] | -0.3090491939846025
-0.5945150719633615 | [-11.35   1.27] | -0.7932224788860538
-0.5031079021488056 | [-13.98  -5.4 ] | -0.8435045173662753
-0.40050365189204323 | [-14.45  -8.39] | -0.6189923341092608
-0.30153075787176437 | [-14.78 -10.41] | -0.40365343152692335
-0.20289690588311704 | [-15.03 -12.04] | -0.18117835809014127
-0.1030873375677131 | [-15.1  -13.38] | 0.04502522531312318
-0.0016095768113187428 | [-14.77 -14.31] | 0.2722022238226516
0.1013422053725028 | [-14.02 -14.78] | 0.497687435746619
0.205352714018836 | [-12.9  -14.85] | 0.718814687539935
0.31005098932073105 | [-11.53 -14.6 ] | 0.933084556983224
0.41515031864636814 | [ -9.95 -14.08] | 1.137811658409261
0.5204058738570947 | [ -8.23 -13.35] | 1.32977995604526
0.6255712296949013 | [ -6.38 -12.44] | 1.5050243662987595
0.730369119178775 | [ -4.43 -11.36] | 1.6578827821313111
0.8344746496917627 | [ -2.38 -10.13] | 1.7805595633172129
0.937494155402681 | [-0.28 -8.77] | 1.789206349978562
1.0317349474594146 | [ 1.99 -7.14] | 1.527616475170543
1.099224973070336 | [ 4.06 -5.67] | 1.0192568274031306
1.1301093133593183 | [ 5.59 -4.26] | 0.3870450146648065
1.124352414489875 | [ 6.8  -2.59] | -0.32258842199570453
1.081162036493726 | [ 8.04 -0.49] | -0.9473319457699848
1.0058517576672468 | [9.48 2.81] | -1.1868551432982517
0.915775035777693 | [10.57  7.61] | -1.1308054041870792
0.8227185935014006 | [11.43 11.16] | -1.0237120853831618
0.7275845677566124 | [12.1 14.2] | -0.876172955749477
0.6311747173578939 | [12.54 16.9 ] | -0.7104083537620393
0.5336230926129536 | [12.69 19.24] | -0.537895398011463
0.43485939195445067 | [12.55 21.23] | -0.3605323876437681
0.33501013213166864 | [12.13 22.89] | -0.17891060172992293
0.23442823946041402 | [11.44 24.22] | 0.004787597568660332
0.13357667146012964 | [10.53 25.23] | 0.18698007766008418
0.03291906222297344 | [ 9.41 25.92] | 0.36361200955689843
-0.0671333415113781 | [ 8.12 26.32] | 0.5307794491069461
-0.16622839649016388 | [ 6.7  26.43] | 0.6849355676290129
-0.26406264540744045 | [ 5.17 26.27] | 0.8228063451383301
-0.3604065455174164 | [ 3.57 25.87] | 0.9420512471872812
-0.45511136152374626 | [ 1.94 25.25] | 1.0418522603373421
-0.5480817944056153 | [ 0.31 24.43] | 1.0494015120656108
-0.6292451631823073 | [-2.13 21.77] | 0.7758004376560174
-0.6730152201729974 | [-5.65 15.53] | 0.23579347170874823
-0.6658198010234512 | [-8.61  8.38] | -0.36487790702855993
-0.6110084301166011 | [-11.39   0.9 ] | -0.8424104849179034
-0.5184492501229181 | [-13.88  -5.61] | -0.88153392052738
-0.41563833423352037 | [-14.36  -8.55] | -0.6542525672468105
-0.3164853048777795 | [-14.7  -10.55] | -0.43711896001568534
-0.2177266941387309 | [-14.96 -12.19] | -0.21402790073978212
-0.11783558147899718 | [-15.03 -13.54] | 0.01229386521237541
-0.01631100037857904 | [-14.7  -14.46] | 0.23968804215687095
0.08666185698051268 | [-13.96 -14.93] | 0.4656673047163499
0.19067444482022738 | [-12.86 -15.01] | 0.6875463653955188
0.2953569512514108 | [-11.49 -14.76] | 0.9027450143978587
0.400418941302284 | [ -9.93 -14.26] | 1.1085008720921865
0.505609292664683 | [ -8.22 -13.53] | 1.3015400209354646
0.6106740727327474 | [ -6.39 -12.62] | 1.4778416706388473
0.7153279315565575 | [ -4.44 -11.54] | 1.631620167117437
0.8192387569911198 | [ -2.41 -10.3 ] | 1.7550998115773968
0.9220084735973287 | [-0.32 -8.93] | 1.7700685823946678
1.0163326073833239 | [ 1.95 -7.29] | 1.516356035437104
1.084043920794146 | [ 4.06 -5.75] | 1.0115368586777536
1.1148909769048314 | [ 5.64 -4.25] | 0.38274340945734103
1.1088839374941146 | [ 6.9  -2.49] | -0.32168400739250697
1.0652896812007069 | [ 8.19 -0.3 ] | -0.9187522973913562
0.9904853774624558 | [9.62 3.26] | -1.134905014979664
0.901645947889405 | [10.67  7.89] | -1.0835116999833077
0.8094408607475855 | [11.51 11.37] | -0.9795393001357632
0.7149066435111837 | [12.17 14.37] | -0.834673868095138
0.6189114741588081 | [12.6  17.03] | -0.671438741101483
0.521633862095119 | [12.73 19.34] | -0.5008710524858596
0.4230577249930212 | [12.58 21.3 ] | -0.3250394994705095
0.32335287710790517 | [12.14 22.93] | -0.1448701292015735
0.22289948395756054 | [11.44 24.23] | 0.03719800445589383
0.12217487614834147 | [10.52 25.21] | 0.217452914092101
0.021648808514014184 | [ 9.39 25.87] | 0.3918088908841553
-0.0782661988869589 | [ 8.09 26.24] | 0.5563939699044155
-0.17721960109513396 | [ 6.66 26.33] | 0.7077337055439674
-0.27491169477945787 | [ 5.13 26.15] | 0.8426854313126386
-0.37111856965292483 | [ 3.53 25.73] | 0.9590822139450498
-0.4656967444338122 | [ 1.9  25.09] | 1.0562363776772552
-0.5585548812020954 | [ 0.27 24.27] | 1.0534996185139298
-0.6389684303819988 | [-2.21 21.48] | 0.7608068235657846
-0.6813509405188731 | [-5.7  15.19] | 0.20247966761491556
-0.6725302680175478 | [-8.64  7.99] | -0.40959695799885776
-0.6160591337300738 | [-11.39   0.52] | -0.8446381061118184
-0.5249542753799481 | [-13.57  -5.59] | -0.8575603148054918
-0.4247974868911368 | [-14.11  -8.53] | -0.645646172265829
-0.32680384768671583 | [-14.5  -10.59] | -0.4347497915293452
-0.2284809642162044 | [-14.8  -12.27] | -0.21488348592240067
-0.1286864995817025 | [-14.87 -13.62] | 0.009652446955830382
-0.027131747587159864 | [-14.53 -14.53] | 0.23604929023896548
0.07588970329723399 | [-13.77 -14.98] | 0.46125162625216376
0.17991744080673655 | [-12.66 -15.03] | 0.6821733402779935
0.28455098765082204 | [-11.3  -14.77] | 0.8959297854341561
0.38947483875873834 | [ -9.75 -14.24] | 1.0995275170122873
0.49441489113890225 | [ -8.04 -13.5 ] | 1.2895116805459077
0.5990944861834759 | [ -6.21 -12.56] | 1.4616451836840787
0.7032053372845518 | [ -4.27 -11.46] | 1.6097814357414395
0.8063970220471632 | [ -2.25 -10.21] | 1.726481574853051
0.9082641356416022 | [-0.18 -8.81] | 1.719437299893821
0.9999890832164128 | [ 2.12 -7.1 ] | 1.4388343740560907
1.0634793614801539 | [ 4.26 -5.49] | 0.914005567465887
1.0894356690778662 | [ 5.88 -3.84] | 0.26695826163067304
1.0775770840176913 | [ 7.21 -1.9 ] | -0.43968684691033555
1.0276227718872601 | [8.64 0.5 ] | -0.9182626638269101
0.9514726228854626 | [9.88 5.1 ] | -1.0223228644295697
0.8655251941639254 | [10.81  9.08] | -0.9758238857668249
0.7752757391133661 | [11.59 12.3 ] | -0.873764009569772
0.6821663748130916 | [12.2  15.17] | -0.734307209665676
0.5871103100338173 | [12.54 17.69] | -0.5786692253310215
0.49036460867669435 | [12.59 19.86] | -0.41452296684395007
0.392112932557541 | [12.35 21.68] | -0.24386233083155068
0.29270848468191957 | [11.84 23.17] | -0.0687036819126608
0.19264346871876226 | [11.07 24.32] | 0.10756988185919092
0.09243991200244828 | [10.08 25.16] | 0.2808173862686178
-0.007429943151160481 | [ 8.9  25.68] | 0.44693884046815213
-0.1065704663107978 | [ 7.57 25.92] | 0.6022806619447987
-0.20465413777820646 | [ 6.12 25.89] | 0.7436786415480006
-0.30141408825408295 | [ 4.59 25.62] | 0.8685241614354535
-0.39667110151686125 | [ 3.01 25.12] | 0.975431954308025
-0.4903145059817754 | [ 1.41 24.43] | 1.0642621189178783
-0.5822746836097811 | [-0.19 23.57] | 0.9873403675828594
-0.6546789399164915 | [-3.19 19.49] | 0.5964650296709668
-0.6832671737290221 | [-6.52 12.9 ] | -0.007745411224588328
-0.6605146285316906 | [-9.42  5.45] | -0.6124736865366642
-0.5915411137420716 | [-12.12  -1.87] | -0.8025021908204072
-0.5028685764690783 | [-13.05  -6.07] | -0.6666469957323353
-0.41184494087120627 | [-13.73  -8.86] | -0.5072023412544359
-0.3176803348099314 | [-14.26 -10.99] | -0.3177998808997909
-0.2205422048864199 | [-14.56 -12.68] | -0.10988132491362876
-0.12075094473031757 | [-14.47 -13.87] | 0.10733278013021544
-0.018901559227673094 | [-13.95 -14.57] | 0.3276954055203727
0.08430424830782404 | [-13.05 -14.82] | 0.5461114175282289
0.18825775916518966 | [-11.85 -14.71] | 0.7583399378742628
0.2924896280668538 | [-10.43 -14.3 ] | 0.9606639558200228
0.3966280157276353 | [ -8.84 -13.64] | 1.1493938357547282
0.5003402256510958 | [ -7.1  -12.78] | 1.3204526471454585
0.6032878648957622 | [ -5.25 -11.74] | 1.468601470544241
0.7051185079600211 | [ -3.31 -10.54] | 1.587692462425747
0.8054683610070814 | [-1.32 -9.19] | 1.6731137334429038
0.9039749969045671 | [ 0.69 -7.73] | 1.525976014112861
0.9819366846247924 | [ 3.24 -5.76] | 1.065233775133127
1.0219760669839393 | [ 5.31 -3.92] | 0.4418410788501734
1.022349778055282 | [ 6.95 -1.83] | -0.26895748840884937
0.9823083293044189 | [8.54 0.7 ] | -0.7488873708856354
0.9145525371413941 | [9.7 5.5] | -0.8625186533100963
0.8355568554126935 | [10.6   9.32] | -0.8492188038053551
0.7499667653320093 | [11.38 12.5 ] | -0.7724222039012428
0.6598256534154119 | [12.01 15.35] | -0.6520108562001565
0.5665258951918247 | [12.37 17.87] | -0.5096068646063262
0.4707439999271705 | [12.43 20.02] | -0.354046000749206
0.3730046493001947 | [12.18 21.82] | -0.18908018165605542
0.27390247086290004 | [11.64 23.26] | -0.018310950198228426
0.17407667342108185 | [10.85 24.36] | 0.1538269626662869
0.07412400226464022 | [ 9.83 25.13] | 0.3226767023749573
-0.025454412100590955 | [ 8.63 25.59] | 0.48399031208723764
-0.12425828396832589 | [ 7.28 25.76] | 0.6341618208509833
-0.22196616082843254 | [ 5.82 25.68] | 0.7701566438068999
-0.3183266821882639 | [ 4.28 25.36] | 0.8896380801057711
-0.41317885247068076 | [ 2.71 24.82] | 0.991526866737867
-0.5064236422517148 | [ 1.11 24.1 ] | 1.075846474032149
-0.5979972126280341 | [-0.47 23.22] | 0.9479930428825049
-0.6655017708177344 | [-3.79 18.31] | 0.49378656783506214
-0.6854523342495056 | [-7.02 11.54] | -0.13115198664319488
-0.6542869432325497 | [-9.88  3.99] | -0.7220205324460361
-0.578350111663322 | [-12.54  -3.17] | -0.8730912250550162
-0.48512074326510735 | [-13.36  -6.98] | -0.7049672793401244
-0.39138002053132476 | [-13.97  -9.54] | -0.5250678601558277
-0.29562279357991067 | [-14.44 -11.53] | -0.32344751880448996
-0.19748564960867016 | [-14.69 -13.13] | -0.10854018265338385
-0.09701574114743355 | [-14.55 -14.26] | 0.1131888802303028
0.0053197743389291965 | [-13.97 -14.91] | 0.3369581697677069
0.10890934758912195 | [-13.02 -15.12] | 0.5585276285326229
0.2132279518456877 | [-11.79 -14.99] | 0.7742873399521062
0.31787730215206816 | [-10.33 -14.56] | 0.980931850463388
0.42253838639596214 | [ -8.71 -13.9 ] | 1.174982282518949
0.5269151598708188 | [ -6.96 -13.04] | 1.3524151736380705
0.6306938534504897 | [ -5.08 -11.99] | 1.507778385287535
0.733529893332486 | [ -3.12 -10.79] | 1.6341039381607447
0.8350419686758579 | [-1.09 -9.44] | 1.7255293041551445
0.9348232565564542 | [ 0.96 -7.96] | 1.5582426834371086
1.0120008350333176 | [ 3.45 -6.04] | 1.0803857688656198
1.050132577326492 | [ 5.36 -4.28] | 0.4708442265082828
1.0500189966819504 | [ 6.88 -2.28] | -0.225708111943195
1.010801892787678 | [8.37 0.13] | -0.7747485042148645
0.9411667991925924 | [9.72 4.3 ] | -0.9549192824399085
0.8580580160071123 | [10.69  8.54] | -0.9281696790398832
0.7697541857413182 | [11.5  11.87] | -0.8418041570687638
0.677842530659889 | [12.15 14.8 ] | -0.7111353142748783
0.5835286597145737 | [12.56 17.4 ] | -0.5594292622625123
0.48726512669048616 | [12.66 19.64] | -0.3971690726979552
0.3893097879041267 | [12.47 21.52] | -0.2274904999845067
0.2900466510275407 | [11.98 23.06] | -0.05275536549550981
0.18999278872650216 | [11.24 24.26] | 0.12352685845828432
0.08969678278668917 | [10.27 25.14] | 0.29710710802239015
-0.010344389923772096 | [ 9.1 25.7] | 0.46377790053715884
-0.10971575005168915 | [ 7.77 25.96] | 0.6197942329632372
-0.20807641143705274 | [ 6.32 25.96] | 0.7619371230143371
-0.30514558002412145 | [ 4.78 25.7 ] | 0.8875058301119466
-0.40072747118149715 | [ 3.19 25.22] | 0.9949384597603376
-0.4947009902107655 | [ 1.58 24.53] | 1.0839758750142152
-0.5869898271205877 | [-0.04 23.68] | 1.0247658939902908
-0.662029945318291 | [-2.86 20.01] | 0.6504845416529075
-0.6950179226026946 | [-6.22 13.49] | 0.04115242283479223
-0.6764459504789408 | [-9.09  6.1 ] | -0.5832864713031208
-0.6109755370869602 | [-11.77  -1.27] | -0.797677013372729
-0.5246563091635804 | [-12.74  -5.66] | -0.6778072046988339
-0.43507948229675925 | [-13.48  -8.58] | -0.5295454330444886
-0.341770046390581 | [-14.05 -10.81] | -0.3473491062964295
-0.2451528933207028 | [-14.39 -12.56] | -0.1438210106788013
-0.14570555423902248 | [-14.33 -13.8 ] | 0.0706310560708058
-0.04410395345872327 | [-13.85 -14.54] | 0.2892496806412982
0.058898410762463715 | [-12.99 -14.82] | 0.5065124508807696
0.16264958804225765 | [-11.83 -14.74] | 0.7178328520952192
0.266644861288584 | [-10.44 -14.35] | 0.9192541759415928
0.3704862982574403 | [ -8.87 -13.7 ] | 1.1069578496839831
0.4738233315201558 | [ -7.16 -12.85] | 1.2768255220082554
0.5763064784450727 | [ -5.33 -11.81] | 1.4236846337864106
0.6775825304024966 | [ -3.42 -10.61] | 1.5417698136935174
0.7772998810951315 | [-1.45 -9.26] | 1.6270692093462216
0.8751218336519688 | [ 0.53 -7.8 ] | 1.5007976718217861
0.9538418548249155 | [ 3.09 -5.79] | 1.062895210552771
0.9954870610466623 | [ 5.28 -3.84] | 0.44325859359656267
0.9967612855145701 | [ 7.04 -1.63] | -0.26424280510642556
0.9570568383664118 | [8.72 1.02] | -0.6992863028277891
0.8912625722437371 | [9.77 6.15] | -0.7781397574810961
0.8153574041727706 | [10.63  9.76] | -0.7752878585334267
0.7319030822621609 | [11.4  12.85] | -0.7066067622464076
0.6432195772119101 | [12.01 15.64] | -0.5944036982970662
0.5508366959280196 | [12.35 18.1 ] | -0.45877854594293815
0.45560255438132324 | [12.38 20.19] | -0.30818478826531603
0.35820867990878014 | [12.1  21.93] | -0.14702147213976038
0.25937070351697955 | [11.53 23.31] | 0.020336642375735944
0.15979720007562087 | [10.71 24.35] | 0.18895334400516545
0.06011529975982753 | [ 9.67 25.06] | 0.3539732393940364
-0.03916645699740152 | [ 8.46 25.46] | 0.5111491980654717
-0.1376513581835354 | [ 7.1  25.59] | 0.6569756080497428
-0.23502604869781535 | [ 5.64 25.46] | 0.7885702941740194
-0.33105264786760474 | [ 4.1  25.11] | 0.9038467263115924
-0.4255828949837406 | [ 2.53 24.55] | 1.0019426191807466
-0.51852510752832 | [ 0.95 23.81] | 1.0776239821615936
-0.6091045144769566 | [-0.68 22.8 ] | 0.9019824153259532
-0.6717052380052022 | [-4.22 17.23] | 0.3937017193639528
-0.6837840872990113 | [-7.4  10.27] | -0.24660700378926398
-0.6448857508066791 | [-10.23   2.67] | -0.8197956489539341
-0.5627294268346418 | [-12.85  -4.31] | -0.9332511772798815
-0.46560915456784324 | [-13.56  -7.78] | -0.7356966109493124
-0.3696511690519781 | [-14.08 -10.13] | -0.5378474173135471
-0.27261167624746846 | [-14.49 -12.  ] | -0.32557108468477947
-0.17364701897614274 | [-14.69 -13.53] | -0.10430218946529032
-0.07260096878231626 | [-14.5 -14.6] | 0.12168847983206377
0.03014752509411082 | [-13.87 -15.19] | 0.34865352187949733
0.13405805680367816 | [-12.88 -15.37] | 0.5730294740629889
0.2386735395054882 | [-11.6 -15.2] | 0.7917079461877178
0.34365129590453986 | [-10.12 -14.75] | 1.0016980171884455
0.448712003146694 | [ -8.47 -14.07] | 1.1996786662465315
0.5535869623770352 | [ -6.69 -13.2 ] | 1.3816658681234766
0.6579821631270417 | [ -4.8  -12.15] | 1.5419812514047555
0.7615621730446237 | [ -2.82 -10.93] | 1.6730278664539482
0.8639347390769512 | [-0.77 -9.57] | 1.745061622229962
0.9622865443859339 | [ 1.39 -8.  ] | 1.5573039178147434
1.0367616301856615 | [ 3.72 -6.21] | 1.083162717813414
1.0732990502812918 | [ 5.5  -4.53] | 0.4830432875051642
1.0726757357844636 | [ 6.92 -2.59] | -0.20211340869581956
1.0340285461281906 | [ 8.32 -0.26] | -0.7908417543279458
0.9635179589456313 | [9.77 3.42] | -1.015641001073831
0.878069532382604 | [10.8   7.97] | -0.9824593188581539
0.7882518624406248 | [11.64 11.4 ] | -0.8919410989355748
0.6953729254996247 | [12.3  14.38] | -0.7569623827101004
0.6005204409889218 | [12.73 17.01] | -0.6004746548223872
0.5040490429322407 | [12.87 19.3 ] | -0.43460547795932514
0.40605437648197684 | [12.72 21.25] | -0.26241715033360513
0.3067711992536294 | [12.29 22.86] | -0.08547473473873102
0.20662067092204178 | [11.59 24.15] | 0.09342647900796645
0.10611002762199473 | [10.66 25.1 ] | 0.270387284871609
0.005731348681910081 | [ 9.53 25.75] | 0.4412436765770928
-0.09408820253725955 | [ 8.23 26.1 ] | 0.6021291308265717
-0.1929910529970712 | [ 6.8  26.17] | 0.749652580433611
-0.2906750367635208 | [ 5.26 25.98] | 0.8808513103711274
-0.38691121097058456 | [ 3.66 25.55] | 0.9936821014975634
-0.48155407128758954 | [ 2.03 24.91] | 1.087502598562203
-0.5745112375352599 | [ 0.4  24.08] | 1.090429452098193
-0.656781379125229 | [-1.94 21.58] | 0.789317114689274
-0.7018820175079795 | [-5.45 15.25] | 0.20229582683245367
-0.695006249538049 | [-8.34  8.07] | -0.44032773541239156
-0.6398957605455694 | [-11.03   0.59] | -0.9100085935866412
-0.5491500851110444 | [-13.21  -5.61] | -0.9350089978949713
-0.4489318436481041 | [-13.79  -8.61] | -0.7183251924105316
-0.35098547878963676 | [-14.21 -10.71] | -0.5060640289698791
-0.2527015841461715 | [-14.55 -12.45] | -0.28576794189135013
-0.1529089360045397 | [-14.65 -13.85] | -0.06065956601071323
-0.05132417499831167 | [-14.35 -14.8 ] | 0.16693159055669257
0.0517446761002755 | [-13.63 -15.29] | 0.39403506901269614
0.15582437095061263 | [-12.56 -15.38] | 0.6174970366764879
0.2605060789550543 | [-11.23 -15.14] | 0.8343661762758884
0.3654693123534167 | [ -9.7  -14.63] | 1.0416191831280677
0.47043662221231686 | [ -8.02 -13.9 ] | 1.2357948199425939
0.5751284646726812 | [ -6.22 -12.98] | 1.412622830464999
0.6792337816900397 | [ -4.3  -11.88] | 1.5657972889831608
0.7823988698942249 | [ -2.3  -10.63] | 1.6877675805021919
0.8842146129898593 | [-0.24 -9.23] | 1.6956821737838128
0.9764975467110639 | [ 2.05 -7.49] | 1.4366628563926045
1.0410316362638241 | [ 4.24 -5.76] | 0.9301621813576754
1.068034234296174 | [ 5.94 -3.99] | 0.30111696314738545
1.0573541793831156 | [ 7.34 -1.93] | -0.38864127078681615
1.008683835705595 | [8.84 0.59] | -0.8496023512556603
0.9342092727331087 | [10.05  5.3 ] | -0.9483952986521724
0.8500233293523861 | [10.97  9.18] | -0.909629727796939
0.7610968368530169 | [11.74 12.35] | -0.8135296849963619
0.6690001714619674 | [12.34 15.18] | -0.6790975313598387
0.5747265214248641 | [12.67 17.66] | -0.5274876217514757
0.47859526086535636 | [12.72 19.8 ] | -0.36667170409943384
0.38082897882045996 | [12.48 21.6 ] | -0.19900750703491596
0.2818032677737481 | [11.97 23.07] | -0.026737962611396493
0.18202702995891656 | [11.2  24.21] | 0.14663980458239406
0.08203787286022976 | [10.22 25.03] | 0.31693292948783514
-0.017678445238860672 | [ 9.04 25.54] | 0.4800365545872404
-0.11671708564334517 | [ 7.72 25.77] | 0.6323391260631377
-0.21474660249185368 | [ 6.27 25.73] | 0.7707832269589578
-0.31149699798509334 | [ 4.74 25.45] | 0.8929015350993692
-0.4067841269183811 | [ 3.16 24.95] | 0.9973679242885352
-0.5004952958644938 | [ 1.56 24.26] | 1.0840400124379943
-0.5925589022979775 | [-0.03 23.41] | 1.017443517982783
-0.6672698434985846 | [-2.85 19.71] | 0.6265163339714476
-0.6994751361517888 | [-6.21 13.11] | -0.001124585609195445
-0.6795372103761285 | [-9.07  5.67] | -0.6347505333773104
-0.6125754925513636 | [-11.74  -1.68] | -0.8427778531153286
-0.5251880392598607 | [-12.69  -5.97] | -0.7132412490567814
-0.4349488384315519 | [-13.42  -8.85] | -0.5589796919336365
-0.34122074284347714 | [-13.99 -11.05] | -0.37303219049972275
-0.24430513821996788 | [-14.32 -12.79] | -0.1670196518563204
-0.1446191607540808 | [-14.27 -14.03] | 0.049513702671445184
-0.04281957521016716 | [-13.78 -14.77] | 0.27015016402994113
0.060353490991427935 | [-12.91 -15.05] | 0.48953675572675703
0.16426587261261977 | [-11.75 -14.96] | 0.703218709051975
0.2684305203686984 | [-10.35 -14.56] | 0.9073315992211982
0.3724627981563309 | [ -8.78 -13.92] | 1.0980965682987402
0.4760201776948016 | [ -7.07 -13.06] | 1.2713708572633797
0.5787568612510705 | [ -5.24 -12.02] | 1.4218019693147779
0.6803181926543508 | [ -3.32 -10.81] | 1.5433085871559031
0.7803431217034802 | [-1.35 -9.46] | 1.6315385346165587
0.8784800944294138 | [ 0.64 -7.99] | 1.4987783316216696
0.9565111461785799 | [ 3.22 -5.94] | 1.0566610545213462
0.9968855740928748 | [ 5.37 -3.97] | 0.44603755728185734
0.9974040429531658 | [ 7.1  -1.74] | -0.25107183266024746
0.9573950606315221 | [8.77 0.94] | -0.6907468810274326
0.8911111183767373 | [9.86 6.01] | -0.7770367196043474
0.8145465187612463 | [10.72  9.65] | -0.7712323026044481
0.7307352086379523 | [11.49 12.74] | -0.700314936043914
0.6419173068469244 | [12.09 15.53] | -0.5862312571267936
0.5495643161644556 | [12.44 17.99] | -0.4494626938151057
0.4544527975108709 | [12.47 20.08] | -0.2985135746779846
0.35720628314756675 | [12.2  21.83] | -0.137524003008835
0.25849312026702176 | [11.65 23.22] | 0.02943635441661359
0.15899904619241015 | [10.84 24.27] | 0.19763222944546868
0.0593464023769132 | [ 9.81 24.99] | 0.36229359605271416
-0.03995219668654757 | [ 8.61 25.41] | 0.51919476563541
-0.1384940316695728 | [ 7.26 25.55] | 0.6648350636206374
-0.23596090337773093 | [ 5.8  25.44] | 0.7963534344818687
-0.33210731101085234 | [ 4.27 25.09] | 0.9116447738368878
-0.4267775877148489 | [ 2.7  24.54] | 1.009792651091316
-0.5198761517934899 | [ 1.11 23.81] | 1.0908648592273382
-0.6113394250281591 | [-0.46 22.93] | 0.9484122948568938
-0.6785662831070273 | [-3.76 17.97] | 0.4675772294957131
-0.6977494541213228 | [-6.97 11.13] | -0.18318049027973743
-0.6652794128314969 | [-9.79  3.56] | -0.7890705908025627
-0.5880199485869414 | [-12.41  -3.56] | -0.936100448324156
-0.49392189011987886 | [-13.21  -7.29] | -0.758478000471768
-0.39968167039899594 | [-13.82  -9.82] | -0.5734554461849289
-0.3036089008200685 | [-14.29 -11.8 ] | -0.3689735267272195
-0.2052263701756985 | [-14.55 -13.41] | -0.15219679917669987
-0.10454898873615648 | [-14.42 -14.55] | 0.0713029617348537
-0.0020402979994933595 | [-13.85 -15.2 ] | 0.29707110678359394
0.10169676483695743 | [-12.91 -15.42] | 0.5210074530441591
0.20615263077364054 | [-11.68 -15.29] | 0.7395986894604565
0.3109444121494871 | [-10.23 -14.87] | 0.9496071260665974
0.41576468611661793 | [ -8.62 -14.22] | 1.1475912509299153
0.5203251238466934 | [ -6.87 -13.36] | 1.3295245693908015
0.6243169920671501 | [ -5.01 -12.32] | 1.4897931075817163
0.727397125571246 | [ -3.05 -11.11] | 1.621125850074315
0.8291782347841655 | [-1.03 -9.75] | 1.717323130545667
0.9292418987873405 | [ 1.03 -8.26] | 1.5563478932526777
1.0065114323479905 | [ 3.51 -6.31] | 1.0892848143475566
1.0447671940725713 | [ 5.41 -4.5 ] | 0.49511203088430805
1.0452435792261767 | [ 6.95 -2.45] | -0.1860111867105532
1.0070904468379887 | [8.45 0.02] | -0.7410169857892582
0.9380527048252562 | [9.85 4.06] | -0.9360754350158373
0.8549315955180545 | [10.83  8.38] | -0.910673436162078
0.7667108790162293 | [11.65 11.72] | -0.8255622868448681
0.674930064895572 | [12.3  14.65] | -0.6953709694973129
0.5807963963267807 | [12.71 17.25] | -0.5434082937671767
0.4847556290195516 | [12.83 19.49] | -0.3809954588906752
0.3870200443343249 | [12.65 21.39] | -0.21145217846232023
0.2879250609462082 | [12.19 22.96] | -0.036967428945015604
0.18795831195874121 | [11.46 24.18] | 0.13915160952228756
0.087660900696715 | [10.51 25.08] | 0.31275097077064246
-0.012463756468548668 | [ 9.35 25.67] | 0.4796255262957826
-0.11198953794258482 | [ 8.03 25.96] | 0.635994629484674
-0.2105654591340677 | [ 6.59 25.98] | 0.7786154521924725
-0.3078996730322666 | [ 5.05 25.74] | 0.9047532431641475
-0.4037795812933146 | [ 3.45 25.27] | 1.0126991176805558
-0.49807293418224596 | [ 1.82 24.6 ] | 1.1020658576348965
-0.5906962453273176 | [ 0.2  23.76] | 1.0714600916702566
-0.6696395744324971 | [-2.35 20.72] | 0.7232418092395569
-0.7090465254954119 | [-5.77 14.27] | 0.1075451664190825
-0.6963738944725579 | [-8.62  6.98] | -0.5420897166220119
-0.6358664066310967 | [-11.27  -0.46] | -0.8595421714375423
-0.5488963459544013 | [-12.67  -5.55] | -0.7975180648821844
-0.45609552854239205 | [-13.38  -8.54] | -0.630008860937353
-0.3614069260303416 | [-13.92 -10.76] | -0.43947350566444926
-0.26434216860280524 | [-14.3  -12.56] | -0.23105329665891888
-0.16484530807873754 | [-14.34 -13.9 ] | -0.013081672218040657
-0.06326939968556908 | [-13.95 -14.75] | 0.20915266194033214
0.0397675636021131 | [-13.16 -15.13] | 0.4308867115873562
0.1436603515919208 | [-12.05 -15.13] | 0.6478948187254349
0.24792450816955458 | [-10.7 -14.8] | 0.8564524390408355
0.3521777170769188 | [ -9.16 -14.22] | 1.0529284154746563
0.4560850538261919 | [ -7.48 -13.42] | 1.2333699749221412
0.5593111976307982 | [ -5.67 -12.42] | 1.392780142225839
0.6615035126744864 | [ -3.76 -11.25] | 1.5248102941933115
0.7622962960895815 | [-1.79 -9.93] | 1.6241041045430258
0.8613170070059932 | [ 0.21 -8.48] | 1.5570158742524731
0.9451690382488065 | [ 2.67 -6.53] | 1.1988207408919958
0.9957143920866487 | [ 4.91 -4.6 ] | 0.6259869358540112
1.0067670211905095 | [ 6.7  -2.47] | -0.05270970177745569
0.9776406745975043 | [8.32 0.06] | -0.6230494700147208
0.9156827364616347 | [9.71 4.15] | -0.8390587491771219
0.8378372630151063 | [10.66  8.4 ] | -0.8377371008446797
0.7531830313453227 | [11.49 11.74] | -0.7719947036964793
0.6636330343763557 | [12.16 14.69] | -0.6556018655538952
0.5707756934020839 | [12.61 17.31] | -0.5124661700622178
0.47538206338564565 | [12.75 19.58] | -0.355133665349772
0.3779156642015051 | [12.59 21.5 ] | -0.1882417590566416
0.27888939096234094 | [12.13 23.06] | -0.015089158819438633
0.1789035348588596 | [11.39 24.29] | 0.16024881672906588
0.07856193148278763 | [10.42 25.17] | 0.3331823307901701
-0.021602096255810777 | [ 9.25 25.74] | 0.4993037197631763
-0.12115062481823803 | [ 7.92 26.02] | 0.6547533855260438
-0.21972892961010282 | [ 6.46 26.02] | 0.7962544349916008
-0.3170451255678339 | [ 4.91 25.76] | 0.9210606981086598
-0.4128901227360616 | [ 3.3  25.28] | 1.0275041937297595
-0.5071338280643317 | [ 1.67 24.59] | 1.1152499562397933
-0.5996937980625092 | [ 0.04 23.73] | 1.0609202763196086
-0.6761896832802786 | [-2.68 20.26] | 0.6862394929755807
-0.7115427606905352 | [-6.02 13.79] | 0.06366948451037618
-0.6952520890425882 | [-8.84  6.45] | -0.5812869069928098
-0.6317281681629339 | [-11.47  -0.94] | -0.8220876066197629
-0.5462605017412472 | [-12.52  -5.5 ] | -0.7161146608263063
-0.4568809227399181 | [-13.28  -8.49] | -0.5710071604597791
-0.3637549660360632 | [-13.87 -10.77] | -0.3915658615347978
-0.26730077562192217 | [-14.24 -12.56] | -0.18994649812652437
-0.16799492495536889 | [-14.22 -13.85] | 0.023314149947685305
-0.06650903998727603 | [-13.77 -14.63] | 0.2414595207410044
0.03639698739494202 | [-12.95 -14.95] | 0.45888986815708527
0.14005767948178524 | [-11.82 -14.9 ] | 0.6708897009185549
0.24395458813977075 | [-10.45 -14.53] | 0.8733937236878564
0.3476791775205458 | [ -8.91 -13.9 ] | 1.0625209994392397
0.4508736852706446 | [ -7.22 -13.05] | 1.234129352688888
0.5531843218339191 | [ -5.41 -12.02] | 1.3830471971666458
0.6542575555964432 | [ -3.52 -10.83] | 1.5035876114546738
0.7537464102511726 | [-1.57 -9.48] | 1.5918679114123926
0.8513237070330594 | [ 0.39 -8.02] | 1.4880851379505222
0.931153486369262 | [ 2.95 -5.98] | 1.0783463402671145
0.9748949114363343 | [ 5.23 -3.93] | 0.47212621494482004
0.9780049301243163 | [ 7.07 -1.64] | -0.2246940141251506
0.9399635359075001 | [8.82 1.1 ] | -0.6569034395907496
0.8755530092198226 | [9.87 6.23] | -0.7388069051930555
0.8007057806744461 | [10.73  9.83] | -0.7391340594837512
0.7179877473730838 | [11.5  12.91] | -0.6729313420061774
0.6297789572677055 | [12.11 15.7 ] | -0.5620355112130788
0.5376849034740028 | [12.45 18.16] | -0.42679087186707193
0.4426109731534277 | [12.49 20.26] | -0.2760663536877369
0.3452857774604852 | [12.21 22.  ] | -0.1145876983944314
0.2464492143000752 | [11.64 23.38] | 0.053064711702083156
0.14682718195604139 | [10.81 24.42] | 0.22183810467966214
0.04706003168302719 | [ 9.76 25.13] | 0.3868137267911734
-0.05233351158451957 | [ 8.54 25.53] | 0.5437096792654441
-0.1509490359616701 | [ 7.17 25.66] | 0.6889997627933692
-0.24846719806934686 | [ 5.69 25.52] | 0.8197963962735932
-0.3446432414886491 | [ 4.15 25.16] | 0.9339997662176722
-0.4393229528701932 | [ 2.56 24.59] | 1.0307365697428286
-0.5324111305560888 | [ 0.97 23.84] | 1.106175883520922
-0.6233331280178924 | [-0.66 22.86] | 0.9271573054436739
-0.68675982582718 | [-4.15 17.35] | 0.409383002091268
-0.6999935345297646 | [-7.28 10.44] | -0.2451909130214779
-0.662265392920323 | [-10.05   2.87] | -0.8363686482510172
-0.5810407007999827 | [-12.63  -4.14] | -0.9609016403473405
-0.4845053420312774 | [-13.38  -7.69] | -0.7669117337619304
-0.38889013338130907 | [-13.93 -10.09] | -0.571896805878461
-0.29205524754094564 | [-14.36 -12.01] | -0.361743088899615
-0.1932262570569475 | [-14.59 -13.57] | -0.1419178411516507
-0.09227529813395488 | [-14.43 -14.67] | 0.0832901432867296
0.010404437813995113 | [-13.83 -15.29] | 0.31007046082736833
0.11425812824411458 | [-12.86 -15.49] | 0.5347156164463646
0.21881366469859767 | [-11.6  -15.34] | 0.7539713523428001
0.3237152848428451 | [-10.14 -14.91] | 0.9647475732979877
0.42867333828863435 | [ -8.52 -14.24] | 1.16366872246763
0.5334107345742978 | [ -6.76 -13.38] | 1.3467176436839081
0.6376261135429536 | [ -4.88 -12.33] | 1.5081804543402295
0.7409790743815379 | [ -2.91 -11.12] | 1.6405498401056218
0.8430772343536665 | [-0.88 -9.76] | 1.7256096675578023
0.9422477563442465 | [ 1.23 -8.22] | 1.55395221904232
1.0181008605873376 | [ 3.64 -6.33] | 1.0874513977597462
1.0555644343162447 | [ 5.48 -4.56] | 0.4943655203842251
1.0556331149638862 | [ 6.97 -2.54] | -0.18438755270796436
1.017462667808793 | [ 8.43 -0.12] | -0.7532133160775211
0.9479566814571089 | [9.86 3.76] | -0.9629967037353382
0.8639092651598422 | [10.87  8.17] | -0.9349165670568393
0.7750809033643427 | [11.69 11.55] | -0.8481032774219393
0.6829048338278905 | [12.35 14.5 ] | -0.7162679272312397
0.5885399846815449 | [12.77 17.11] | -0.5625394340065022
0.4923940651940816 | [12.9  19.37] | -0.3987749885095708
0.3946198576606439 | [12.74 21.3 ] | -0.22824220844172527
0.29549791176303064 | [12.3  22.89] | -0.05283110483685777
0.19547983839600847 | [11.59 24.15] | 0.12441479353540301
0.09509043082060276 | [10.65 25.08] | 0.29946855224174485
-0.005169609714596582 | [ 9.51 25.7 ] | 0.46813541933918323
-0.10487014074453735 | [ 8.2  26.02] | 0.6265803462948614
-0.20365405290087799 | [ 6.76 26.07] | 0.7714818073306581
-0.30122185571747706 | [ 5.22 25.86] | 0.8999936803150586
-0.39734872561968504 | [ 3.62 25.41] | 1.010218208214675
-0.4918930058710464 | [ 1.99 24.76] | 1.101616339812854
-0.5847650415120876 | [ 0.36 23.93] | 1.0947063089851377
-0.6663538057762599 | [-2.01 21.32] | 0.7751580198937915
-0.7101846730052803 | [-5.49 14.93] | 0.17032487612268352
-0.7018231647891454 | [-8.36  7.72] | -0.48337657915392923
-0.6452002813920132 | [-11.01   0.25] | -0.9114519803384228
-0.5557686066148729 | [-12.94  -5.6 ] | -0.9110054327986816
-0.45795858802947637 | [-13.56  -8.6 ] | -0.7096887541491536
-0.361064935528988 | [-14.03 -10.76] | -0.5040880164938981
-0.26317286420036656 | [-14.4  -12.53] | -0.2873913462747748
-0.1634670195475552 | [-14.5  -13.93] | -0.06431484975680431
-0.061863514344015276 | [-14.18 -14.86] | 0.1620294249496962
0.04122769603288186 | [-13.44 -15.33] | 0.3881117284037759
0.14528761851060976 | [-12.37 -15.4 ] | 0.6104106140535264
0.2498806865601175 | [-11.04 -15.14] | 0.8256999200054492
0.3546644019805116 | [ -9.52 -14.61] | 1.0307418265072528
0.4593407566736742 | [ -7.85 -13.87] | 1.2219026038958216
0.563609707555524 | [ -6.05 -12.92] | 1.3946563337490252
0.6671415007339387 | [ -4.14 -11.8 ] | 1.542461735999696
0.7695710923191639 | [ -2.14 -10.53] | 1.6583028526664432
0.8704920144021279 | [-0.11 -9.1 ] | 1.646261892580751
0.9602420381285307 | [ 2.23 -7.29] | 1.3622445176323374
1.0206505371878005 | [ 4.45 -5.48] | 0.838875677768921
1.0429191391104022 | [ 6.19 -3.56] | 0.19624695762862457
1.0266676491316713 | [ 7.67 -1.32] | -0.49029372849709174
0.9721193666781247 | [9.29 1.41] | -0.8689640396477822
0.8951964055538048 | [10.39  6.57] | -0.8948067494527661
0.8113910693107151 | [11.26 10.18] | -0.8480902087772659
0.7226247266715047 | [11.99 13.24] | -0.7453293002436921
0.6305480909330899 | [12.53 15.99] | -0.608457827685338
0.5360798405960943 | [12.8  18.39] | -0.45560257378562585
0.4395833786371529 | [12.78 20.45] | -0.29306430376662107
0.3413957768917556 | [12.46 22.17] | -0.12341026926330129
0.24199258480269648 | [11.87 23.55] | 0.05036621044435996
0.14193599287096798 | [11.03 24.61] | 0.2242202792464738
0.041776262817469705 | [ 9.98 25.35] | 0.39375666828464184
-0.058009408577911925 | [ 8.74 25.79] | 0.5548810633713641
-0.1570295272794092 | [ 7.36 25.94] | 0.7040586057417266
-0.2549623821121076 | [ 5.87 25.83] | 0.8382891041916626
-0.3515508838596746 | [ 4.31 25.48] | 0.9552674488659725
-0.4466267788495673 | [ 2.7  24.91] | 1.053953182371366
-0.5400853107285676 | [ 1.08 24.16] | 1.1344666275177935
-0.631859938299544 | [-0.53 23.25] | 0.9832697304521435
-0.6988532655900352 | [-3.84 18.2 ] | 0.4939543056635005
-0.7179156548760949 | [-6.94 11.48] | -0.16044449765436386
-0.6862317338392518 | [-9.66  3.99] | -0.7786918239308162
-0.6099970209050881 | [-12.23  -3.14] | -0.9403812013142856
-0.5166123019979022 | [-13.07  -7.01] | -0.7713307024844176
-0.42281239882808597 | [-13.7   -9.61] | -0.5921263052818883
-0.32705217982326595 | [-14.19 -11.65] | -0.3917987138450353
-0.22894649067598064 | [-14.47 -13.29] | -0.17810196613716314
-0.12852412938294056 | [-14.37 -14.46] | 0.04300258265517915
-0.026241921738259597 | [-13.83 -15.14] | 0.26693309477857863
0.07728675781474444 | [-12.92 -15.39] | 0.4893762487446953
0.18152596614693614 | [-11.71 -15.28] | 0.7065529405936961
0.2860631940600453 | [-10.3  -14.87] | 0.9150090904030852
0.39056548530065804 | [ -8.71 -14.23] | 1.1111668428535986
0.49472400005695205 | [ -6.98 -13.37] | 1.2909281853594605
0.5982135928074861 | [ -5.13 -12.33] | 1.4487165021934338
0.700683044112644 | [ -3.2  -11.13] | 1.5776622747277709
0.801751475807393 | [-1.19 -9.77] | 1.6722627317386234
0.9010242682948998 | [ 0.83 -8.28] | 1.5293237644805806
0.978812173394811 | [ 3.37 -6.26] | 1.0813757831876898
1.0183813104596904 | [ 5.39 -4.35] | 0.48655619856193394
1.0193551858832763 | [ 7.03 -2.18] | -0.19606798865283753
0.9809210671124456 | [8.62 0.4 ] | -0.7041879308687741
0.9133070421378464 | [9.9  4.89] | -0.8557845066842725
0.8330529368940263 | [10.83  8.9 ] | -0.8390111195870814
0.7467841317731924 | [11.62 12.13] | -0.7600017998006094
0.6563404326125342 | [12.26 15.01] | -0.636121280776234
0.5630554672160724 | [12.64 17.55] | -0.4902781467390128
0.46749677863871425 | [12.73 19.73] | -0.33257237764816844
0.3700359071021045 | [12.52 21.57] | -0.16660156598279213
0.2711425499848384 | [12.02 23.06] | 0.004686424087853469
0.1713889980500317 | [11.26 24.22] | 0.17737600576991183
0.07135565471435634 | [10.27 25.05] | 0.3470288627692534
-0.02844441478859609 | [ 9.09 25.56] | 0.5094100564391124
-0.12759031060397608 | [ 7.76 25.79] | 0.6608489396601659
-0.2257417897365842 | [ 6.3  25.75] | 0.7982712754807456
-0.32262245547558455 | [ 4.76 25.46] | 0.9192059167968338
-0.4180416095128189 | [ 3.17 24.96] | 1.0223035168464238
-0.5118825816653082 | [ 1.56 24.26] | 1.107414462845171
-0.6040712237116533 | [-0.05 23.4 ] | 1.0336991556954434
-0.678688090162644 | [-2.87 19.66] | 0.6304307106184817
-0.7106620018057318 | [-6.19 13.07] | -0.0094500295321489
-0.6905467804633044 | [-9.01  5.64] | -0.6539773626317393
-0.6234460731255722 | [-11.63  -1.7 ] | -0.8661074413132105
-0.5359735416444967 | [-12.6  -6. ] | -0.7363082487452102
-0.4456918462809798 | [-13.33  -8.89] | -0.5824287413969454
-0.3519436137937342 | [-13.91 -11.11] | -0.39707690270171553
-0.25501769110892775 | [-14.25 -12.86] | -0.19166167024655778
-0.15532664136912908 | [-14.21 -14.12] | 0.0244871586311634
-0.05352737264436508 | [-13.73 -14.87] | 0.24505336892809926
0.049638830902082605 | [-12.87 -15.16] | 0.4646913115986262
0.15353664967200334 | [-11.72 -15.08] | 0.6789167333314914
0.25767797045944746 | [-10.34 -14.69] | 0.883833023638837
0.3616770487590201 | [ -8.78 -14.05] | 1.0756359427364666
0.46519006153561876 | [ -7.07 -13.2 ] | 1.2501569536874548
0.5678699123721975 | [ -5.25 -12.16] | 1.4019921671842306
0.6693615680193584 | [ -3.34 -10.96] | 1.5250477347331892
0.7693045303150127 | [-1.38 -9.6 ] | 1.6150020853960059
0.8673497398953431 | [ 0.6  -8.12] | 1.4907433745466194
0.9456468921054589 | [ 3.19 -6.05] | 1.0599278431444001
0.9865683341105057 | [ 5.37 -4.02] | 0.45670366035173154
0.9875960862129355 | [ 7.14 -1.74] | -0.233629228426767
0.9480780423388827 | [8.85 0.99] | -0.6640064667539533
0.8825401644146534 | [9.91 6.11] | -0.7457987446225551
0.80684906278203 | [10.77  9.71] | -0.7427545740357347
0.7236941272789681 | [11.53 12.78] | -0.6741229851413223
0.6353718292397275 | [12.13 15.56] | -0.562225753778909
0.5433849646254773 | [12.47 17.99] | -0.42731270544174144
0.4485420487950895 | [12.51 20.08] | -0.2778944547376319
0.35149402804473207 | [12.24 21.81] | -0.11824348160088315
0.2529297597987641 | [11.68 23.19] | 0.04744523449824224
0.15354963066805966 | [10.87 24.23] | 0.21435722051594636
0.053986049126277705 | [ 9.84 24.94] | 0.3776885978683434
-0.04524207312858684 | [ 8.63 25.35] | 0.5332151816694833
-0.143728845732809 | [ 7.28 25.49] | 0.6774625710643016
-0.24115526898737674 | [ 5.82 25.36] | 0.8076192407392928
-0.33727540219303376 | [ 4.29 25.01] | 0.9216379275098955
-0.43193294513324854 | [ 2.72 24.46] | 1.0186325125326516
-0.5250320004533398 | [ 1.14 23.73] | 1.098672779566879
-0.6165082382759749 | [-0.43 22.85] | 0.9549505680163997
-0.6841192681745992 | [-3.69 17.95] | 0.4684547731704905
-0.703861384022417 | [-6.9  11.11] | -0.1924598179601754
-0.6717064762823806 | [-9.7   3.54] | -0.8075034358208933
-0.5945913255800059 | [-12.29  -3.59] | -0.9573563225796927
-0.5005768158088298 | [-13.11  -7.33] | -0.7790425578176042
-0.40638921871107175 | [-13.72  -9.86] | -0.5939690666477747
-0.3103368755602722 | [-14.21 -11.86] | -0.3895719946423869
-0.2119483946454015 | [-14.48 -13.48] | -0.17277785534722107
-0.11125006071351191 | [-14.35 -14.63] | 0.05096764690400751
-0.008715526316473942 | [-13.79 -15.3 ] | 0.27721854614494007
0.09504662497739913 | [-12.86 -15.53] | 0.5018434322817195
0.19952438811542755 | [-11.64 -15.4 ] | 0.7213005626237947
0.3043337910816443 | [-10.2  -14.99] | 0.9323359204023206
0.40916664342372494 | [ -8.6  -14.34] | 1.131499877589748
0.5137337688592346 | [ -6.86 -13.48] | 1.3147541538037981
0.6177254763674184 | [ -5.   -12.44] | 1.4764264274437593
0.7207976178221235 | [ -3.05 -11.23] | 1.6091984924929774
0.8225614853738805 | [-1.03 -9.87] | 1.7068648294975866
0.9225981327988677 | [ 1.02 -8.38] | 1.5498279111232007
0.9998570750119363 | [ 3.51 -6.4 ] | 1.0881293731528188
1.0381301414820985 | [ 5.43 -4.55] | 0.498994294453818
1.038657813662997 | [ 6.99 -2.45] | -0.17673424594927967
1.0006045262737986 | [8.51 0.05] | -0.724017107560979
0.9318759044581534 | [9.91 4.15] | -0.9149760827533294
0.8491773146221924 | [10.89  8.43] | -0.8910872937285957
0.7612762192688863 | [11.7  11.76] | -0.8070472815244222
0.6697448881126762 | [12.35 14.67] | -0.6777975796144591
0.5758074871250606 | [12.76 17.26] | -0.5266290687731922
0.4799224061158906 | [12.87 19.49] | -0.36487367690970285
0.38231093223348817 | [12.69 21.39] | -0.19593963163655198
0.2833135683927665 | [12.23 22.94] | -0.02208648448887862
0.18342150429641504 | [11.5  24.16] | 0.15334116837617007
0.08317934713889809 | [10.54 25.05] | 0.326174185489149
-0.01690609603927326 | [ 9.39 25.63] | 0.4922073295332217
-0.11640608021639895 | [ 8.07 25.92] | 0.6476729000218346
-0.21496821549996958 | [ 6.62 25.93] | 0.7893549663451334
-0.312299996396524 | [ 5.08 25.7 ] | 0.9145637312800832
-0.4081874297177153 | [ 3.48 25.23] | 1.0216217312538711
-0.5024975704153238 | [ 1.86 24.56] | 1.1101539872247923
-0.5951465032920181 | [ 0.23 23.71] | 1.0810463681021214
-0.6745669148821516 | [-2.28 20.75] | 0.7304880859213474
-0.7146820708844553 | [-5.7  14.29] | 0.10696996215726498
-0.7025246832824474 | [-8.53  7.  ] | -0.5509692773663384
-0.6423746056881721 | [-11.17  -0.43] | -0.8770101340545733
-0.5554507707943453 | [-12.59  -5.56] | -0.8181112484391758
-0.462558634951638 | [-13.3   -8.56] | -0.6497221742807685
-0.3678381097839135 | [-13.85 -10.8 ] | -0.45898863438057547
-0.27076212388763043 | [-14.24 -12.61] | -0.2505058551846245
-0.17125861772884546 | [-14.28 -13.97] | -0.03238913054867996
-0.06967444262633886 | [-13.9  -14.83] | 0.1901771166435941
0.03337299889955658 | [-13.12 -15.22] | 0.41245086522389424
0.13727745017157728 | [-12.03 -15.22] | 0.6301959378709642
0.24155356197542108 | [-10.68 -14.91] | 0.8396757182334764
0.3458184094639797 | [ -9.15 -14.33] | 1.0372519899134134
0.4497365316290926 | [ -7.48 -13.53] | 1.2189662841623217
0.552972029318058 | [ -5.67 -12.53] | 1.3797943990771593
0.6551717333335669 | [ -3.77 -11.37] | 1.5133418198971136
0.7559691100223273 | [ -1.8  -10.05] | 1.6142142066042204
0.8549908963904702 | [ 0.2  -8.59] | 1.552017423211218
0.9390270098263531 | [ 2.65 -6.63] | 1.2009428734967265
0.9899242510385491 | [ 4.91 -4.67] | 0.6340749957953467
1.0013639617963612 | [ 6.71 -2.5 ] | -0.03905468095226568
0.972680904704276 | [8.35 0.05] | -0.6069244862381011
0.9111269410560842 | [9.75 4.15] | -0.8238258864154431
0.8335879411074282 | [10.71  8.4 ] | -0.8237070092920935
0.7491724902186413 | [11.53 11.74] | -0.758892092747764
0.6598066262282193 | [12.21 14.68] | -0.6431640847981126
0.5670938644661354 | [12.65 17.3 ] | -0.5004227102589016
0.47181689346035716 | [12.8  19.57] | -0.34337066699282365
0.3744420422655462 | [12.63 21.48] | -0.17674243116079222
0.275481533640948 | [12.17 23.05] | -0.0038697019899094354
0.17553592774420498 | [11.44 24.27] | 0.17116563122971507
0.07521145427630546 | [10.47 25.16] | 0.3437696517966935
-0.024955012119378873 | [ 9.3  25.73] | 0.5095301566667583
-0.12452217787095035 | [ 7.97 26.  ] | 0.664586712200781
-0.2231329114332611 | [ 6.51 26.  ] | 0.8056705176227859
-0.32049324799359463 | [ 4.96 25.75] | 0.9300512999523906
-0.41639087690541143 | [ 3.35 25.27] | 1.036055120226067
-0.510693626122139 | [ 1.71 24.58] | 1.123335922551687
-0.6033176999080188 | [ 0.08 23.72] | 1.072429804485601
-0.6804802686128786 | [-2.59 20.36] | 0.6988175692610618
-0.7169012407565183 | [-5.94 13.89] | 0.07098859953233727
-0.7015483797199455 | [-8.74  6.57] | -0.581763730110046
-0.6387831538489311 | [-11.36  -0.82] | -0.8438817661975142
-0.552990661312852 | [-12.49  -5.52] | -0.748834735526055
-0.4628197833684848 | [-13.24  -8.52] | -0.5989308546079576
-0.3693312169922996 | [-13.83 -10.8 ] | -0.41725426925021175
-0.2727357081100129 | [-14.2 -12.6] | -0.21431847193305326
-0.1733843193575227 | [-14.21 -13.92] | -8.648558994611005e-05
-0.07187561503846893 | [-13.78 -14.72] | 0.21907117902277903
0.031061706528646392 | [-12.97 -15.06] | 0.43774921411999246
0.13477464691807162 | [-11.85 -15.02] | 0.6513241780494886
0.2387511669936762 | [-10.5  -14.67] | 0.855785405328183
0.3425873148324478 | [ -8.96 -14.05] | 1.0472888503689866
0.4459290605444578 | [ -7.28 -13.22] | 1.2217168311713709
0.5484251283833235 | [ -5.47 -12.2 ] | 1.3738902305661207
0.649720578670377 | [ -3.58 -11.01] | 1.4979286066650606
0.749463120606121 | [-1.63 -9.67] | 1.5896227110723453
0.8473154848166754 | [ 0.34 -8.2 ] | 1.498464549083889
0.9281753021728586 | [ 2.87 -6.17] | 1.1064133737372044
0.9737106060027996 | [ 5.16 -4.12] | 0.5119602904001018
0.9788553008180476 | [ 7.01 -1.83] | -0.17721462660798876
0.9430426915235155 | [8.75 0.89] | -0.6290756452187467
0.879863668068251 | [9.84 5.9 ] | -0.7322377565224752
0.8053593581436249 | [10.71  9.56] | -0.7360405500382086
0.7229658445188818 | [11.48 12.67] | -0.6727968596869521
0.6350538212769843 | [12.11 15.47] | -0.5635346123732361
0.5432585699222371 | [12.47 17.95] | -0.42948167110094104
0.4484760054770565 | [12.52 20.06] | -0.279975590246671
0.35140543929981566 | [12.26 21.82] | -0.1197008543593677
0.25276422017839867 | [11.72 23.23] | 0.046941773696469596
0.15327148711633995 | [10.91 24.29] | 0.21501180680475962
0.05357283294534656 | [ 9.89 25.02] | 0.3796103633547689
-0.045803301768827576 | [ 8.68 25.45] | 0.5364325647383277
-0.14444386380751553 | [ 7.32 25.59] | 0.6819295532345446
-0.242023984309024 | [ 5.86 25.48] | 0.8132139386134561
-0.3382917293222644 | [ 4.32 25.13] | 0.9281471544975686
-0.4330857293980074 | [ 2.74 24.58] | 1.0257768775562695
-0.5263071432976619 | [ 1.15 23.84] | 1.1061641907166047
-0.6178906939834495 | [-0.44 22.96] | 0.9642897125329382
-0.6856687790096807 | [-3.69 18.07] | 0.48158323482071547
-0.7057760457159038 | [-6.89 11.26] | -0.17629142493584216
-0.6742055125133306 | [-9.68  3.71] | -0.7924420620273128
-0.5976623284785402 | [-12.27  -3.42] | -0.9468608025520074
-0.5040263724178929 | [-13.1   -7.21] | -0.7723577698630825
-0.41006464739100257 | [-13.72  -9.77] | -0.5896542683755439
-0.3141572328018957 | [-14.21 -11.79] | -0.3867945388542229
-0.2158791661178344 | [-14.48 -13.41] | -0.17108367985922865
-0.11527160471095588 | [-14.36 -14.57] | 0.05178468376060783
-0.012812435229409256 | [-13.81 -15.24] | 0.27726892608459675
0.09088336131911887 | [-12.88 -15.48] | 0.5011623549582682
0.19529482539890755 | [-11.66 -15.35] | 0.7198508239151623
0.300029401114434 | [-10.23 -14.94] | 0.9300254333704963
0.4047721075608733 | [ -8.63 -14.29] | 1.1282022639999354
0.5092285819082909 | [ -6.89 -13.44] | 1.3103261854686195
0.6130850116512107 | [ -5.04 -12.4 ] | 1.4707518258416443
0.7159952098531409 | [ -3.09 -11.19] | 1.6022823088475806
0.817572389833981 | [-1.07 -9.83] | 1.6989016915746549
0.9174039305777189 | [ 0.97 -8.34] | 1.54325174019237
0.9946147571011851 | [ 3.48 -6.34] | 1.0821510767527507
1.0328726247686664 | [ 5.43 -4.48] | 0.4901919814851893
1.033141762625579 | [ 7.   -2.36] | -0.18809870628139055
0.9945967130524167 | [8.54 0.17] | -0.7220517056499322
0.9259303357366763 | [9.91 4.41] | -0.8988659663853387
0.843811555023009 | [10.87  8.6 ] | -0.876220678614385
0.756290657666148 | [11.67 11.89] | -0.7928975613943796
0.6650142751505229 | [12.32 14.79] | -0.6646752018591324
0.5712285656108856 | [12.71 17.36] | -0.5148061679078367
0.4754128231902429 | [12.82 19.58] | -0.3541178405687136
0.37782900634114686 | [12.62 21.45] | -0.18601100875182833
0.27885573290060994 | [12.15 22.98] | -0.012938498100318205
0.17900856253497707 | [11.41 24.18] | 0.16158185424794663
0.07884228076718199 | [10.44 25.05] | 0.333302337061942
-0.021135613862340537 | [ 9.27 25.61] | 0.4980183641258432
-0.12050014554008961 | [ 7.95 25.87] | 0.6520053630227853
-0.21890389692899925 | [ 6.5  25.86] | 0.7921053576708492
-0.3160604517700997 | [ 4.96 25.61] | 0.915711803430603
-0.41176489202442973 | [ 3.36 25.12] | 1.0212774198808547
-0.505890871288307 | [ 1.74 24.44] | 1.1085223355759495
-0.5983585906644026 | [ 0.13 23.59] | 1.06277335745012
-0.6759451092867218 | [-2.5  20.33] | 0.6925384655415534
-0.7129721848574535 | [-5.89 13.83] | 0.06264416557512748
-0.6977925217666071 | [-8.71  6.48] | -0.5906931440963802
-0.6349641425841018 | [-11.35  -0.92] | -0.8375817815029799
-0.5498241878914797 | [-12.41  -5.51] | -0.7335627428497572
-0.4605738673422507 | [-13.18  -8.52] | -0.5886087234045717
-0.3675158188618682 | [-13.78 -10.82] | -0.4092462901570626
-0.27108187367152886 | [-14.16 -12.63] | -0.20740891739707226
-0.1717657474800706 | [-14.15 -13.93] | 0.006355041721401
-0.07025385527808543 | [-13.71 -14.72] | 0.22522177520300496
0.032684098494268274 | [-12.89 -15.04] | 0.44353015770444304
0.13637774423779958 | [-11.77 -14.99] | 0.6565281357031616
0.24030648983603636 | [-10.41 -14.62] | 0.8601322390024777
0.3440605792935095 | [ -8.87 -14.  ] | 1.050450582987928
0.44728106603922574 | [ -7.19 -13.15] | 1.223323635316233
0.5496129545456643 | [ -5.38 -12.12] | 1.3735205932430976
0.6507017883759257 | [ -3.49 -10.92] | 1.4953028557159789
0.7501990303242043 | [-1.54 -9.58] | 1.5847671968199013
0.8477764337153776 | [ 0.42 -8.11] | 1.4810060762896187
0.9273613196775996 | [ 2.98 -6.04] | 1.07262416362456
0.9707057214965401 | [ 5.27 -3.97] | 0.4708706997158047
0.9735188953951144 | [ 7.12 -1.64] | -0.22083153148764573
0.9352727380384918 | [8.88 1.13] | -0.6495883777255578
0.8707409585570096 | [9.94 6.26] | -0.7303133522310501
0.7958250143281024 | [10.79  9.85] | -0.7294946798562547
0.7130812543065883 | [11.56 12.93] | -0.6623650590409635
0.6248762922267315 | [12.17 15.72] | -0.5507040728007807
0.5328046417231636 | [12.51 18.17] | -0.4148585932597968
0.4377597463197168 | [12.54 20.27] | -0.2637128028350876
0.3404589909559683 | [12.26 22.01] | -0.10197967986995593
0.24163450860018282 | [11.69 23.39] | 0.06578969827245497
0.14200888660718694 | [10.86 24.43] | 0.23456775979954747
0.04222265641910346 | [ 9.81 25.14] | 0.39944952253161126
-0.05720350264792516 | [ 8.58 25.54] | 0.5561590122472025
-0.15586285217445364 | [ 7.21 25.67] | 0.7011735549386388
-0.25343398261628064 | [ 5.73 25.53] | 0.8316142474818472
-0.3496692384675377 | [ 4.18 25.17] | 0.945383127704446
-0.44441164307819114 | [ 2.59 24.6 ] | 1.0416019993508143
-0.5375644100865666 | [ 0.99 23.84] | 1.1195529681214025
-0.6289550052710096 | [-0.6  22.93] | 0.9485555154637039
-0.6939758431395664 | [-4.02 17.58] | 0.4344532103783781
-0.7094696045304576 | [-7.14 10.72] | -0.22712397808492332
Total reward: 274.98302520187275
