-2.7, 2.1, -5.4, 3.2, -4.1, -2.9, -0.2, 2.7, 5.5, 5.9, 4.9, -1.8, 2.5, -1.0, 0.9, 1.4, -0.8, 5.7
parameter ends

state | action | reward
[0.01] | [-0.94  5.26] | -0.012779574030157757
0.03887188574975241 | [-7.65  0.66] | 0.018574580731406366
0.12135709919976233 | [-11.22  -3.04] | 0.06516646885305943
0.21582111387029468 | [-10.03  -5.89] | 0.21734824410145046
0.3101900976606958 | [-9.21 -7.86] | 0.41791071844696875
0.40669898334376914 | [-8.27 -9.14] | 0.6286440308474115
0.5047766542627007 | [-7.04 -9.62] | 0.8201107628624095
0.6030125190968135 | [-5.52 -9.41] | 0.9786421897324649
0.700107665809703 | [-3.82 -8.7 ] | 1.1017545318602244
0.7951887061505069 | [-2.03 -7.68] | 1.1923837909770614
0.8878116610174146 | [-0.23 -6.48] | 1.1387633613113066
0.96824958190679 | [ 2.42 -4.77] | 0.7359363181224187
1.0148115266208653 | [ 5.88 -2.6 ] | 0.06411468387807402
1.0168990496309442 | [ 8.56 -0.14] | -0.566127175663278
0.9809960053354861 | [10.04  3.62] | -0.8758593623489236
0.922857446493416 | [10.38  7.96] | -0.9533783226457537
0.8524631447551722 | [10.95 11.41] | -0.9691597746862979
0.772163738091334 | [11.58 14.52] | -0.9152304251144939
0.6848560740556815 | [12.09 17.39] | -0.8085282210392699
0.5927605062822925 | [12.37 19.95] | -0.6696882889075287
0.49729360810309353 | [12.38 22.17] | -0.5103788303004094
0.39948457933125925 | [12.1  24.04] | -0.33770540213536243
0.30019986020464523 | [11.53 25.55] | -0.1575613039116516
0.20019644350406182 | [10.7  26.71] | 0.024416557110177456
0.10011332753410311 | [ 9.65 27.54] | 0.20301566311520322
0.0004673198446049978 | [ 8.42 28.04] | 0.37372253623611856
-0.09833147274143016 | [ 7.04 28.25] | 0.5327868625512212
-0.19595442730398618 | [ 5.54 28.19] | 0.6770328219356768
-0.29215853534802705 | [ 3.98 27.87] | 0.8041301819073404
-0.3867973683181052 | [ 2.39 27.33] | 0.9131739819839139
-0.47978650473489687 | [ 0.81 26.6 ] | 0.985967408960376
-0.5681630913205543 | [-1.16 25.13] | 0.8009834918187222
-0.6228658833031894 | [-6.52 17.84] | 0.3148658933583702
-0.6239743072545997 | [-10.75   9.87] | -0.2628268442355708
-0.5755086518340775 | [-14.43   1.5 ] | -0.7564463898101461
-0.48628893003215773 | [-17.51  -5.81] | -0.8204597237816478
-0.3850572758948132 | [-16.85  -8.85] | -0.5988383167840251
-0.28695323440084425 | [-16.59 -10.92] | -0.3840570788458239
-0.18879174946431224 | [-16.43 -12.61] | -0.16005188477701562
-0.08919271677087301 | [-16.17 -13.98] | 0.06926462791599644
0.012246634636523496 | [-15.57 -14.9 ] | 0.2998394443194137
0.11526016452239757 | [-14.59 -15.33] | 0.5279118355408721
0.21935619325746974 | [-13.29 -15.33] | 0.7500171631235929
0.3240874931679333 | [-11.74 -14.99] | 0.9631031907596654
0.4290984579142779 | [-10.   -14.37] | 1.1641257408780175
0.5340855660763169 | [ -8.12 -13.53] | 1.3496313054225964
0.6387511639847695 | [ -6.11 -12.5 ] | 1.5153727723084363
0.7427721338742225 | [ -4.   -11.31] | 1.6551861439806241
0.8457880326914511 | [-1.82 -9.97] | 1.7619598937549878
0.9473895807087377 | [ 0.39 -8.51] | 1.6756255637220598
1.0328588542599848 | [ 3.49 -6.31] | 1.3009785752007688
1.0854093448806885 | [ 6.26 -4.26] | 0.7339240849765449
1.100711765368262 | [ 8.35 -2.13] | 0.05118939033208485
1.0777782428049536 | [10.13  0.32] | -0.545898615869035
1.0230416512058962 | [10.69  4.75] | -0.8064993496647448
0.9518542103127111 | [10.86  8.87] | -0.8613767128655857
0.8724753134359408 | [11.24 12.16] | -0.8378435695107976
0.7875901123591715 | [11.61 15.09] | -0.7620888949922693
0.6989596075493574 | [11.85 17.66] | -0.659964000867524
0.6074151171879888 | [11.87 19.86] | -0.5429255981177566
0.5134740389561439 | [11.66 21.69] | -0.4142413600824001
0.4176995955561702 | [11.22 23.16] | -0.27597386283062864
0.32074060531608495 | [10.56 24.28] | -0.13137034167056577
0.2232395183299351 | [ 9.71 25.08] | 0.01544884749984135
0.12574531413987056 | [ 8.69 25.59] | 0.16043627666210292
0.028681608165825462 | [ 7.54 25.84] | 0.3001806128868296
-0.06763874348862159 | [ 6.29 25.87] | 0.43199233783863433
-0.16298058393291953 | [ 4.98 25.69] | 0.5537703916247765
-0.257171725991198 | [ 3.62 25.35] | 0.6640444519876425
-0.3500951504867038 | [ 2.25 24.85] | 0.7619586246298755
-0.44165807952176084 | [ 0.87 24.22] | 0.831242900918198
-0.5295815228877062 | [-0.81 23.02] | 0.6171328824025419
-0.5835286183536474 | [-6.35 15.42] | 0.0818851883298771
-0.580599722599584 | [-11.03   6.86] | -0.516290828629604
-0.5248787213348829 | [-14.9   -1.59] | -0.7315814415167107
-0.44430784759646114 | [-15.02  -6.05] | -0.6190308883894733
-0.35792958364525573 | [-15.38  -9.15] | -0.4729152177736492
-0.26607020648194646 | [-15.66 -11.5 ] | -0.28674933970363503
-0.16980560404695433 | [-15.74 -13.31] | -0.07465944494315754
-0.0701048402856493 | [-15.43 -14.55] | 0.14996158610133217
0.03203367065597848 | [-14.71 -15.22] | 0.3780909254181526
0.13569390774589232 | [-13.62 -15.41] | 0.6032628762984161
0.2401665185122225 | [-12.24 -15.21] | 0.8207678223657537
0.3449395098543638 | [-10.64 -14.71] | 1.0268134831994609
0.4496253563674297 | [ -8.87 -13.96] | 1.2177637608297673
0.5538882365296706 | [ -6.96 -13.  ] | 1.389594906247811
0.65739297559697 | [ -4.94 -11.87] | 1.5369391950779503
0.7597898222330202 | [ -2.84 -10.58] | 1.6533988105610364
0.8607065924821427 | [-0.7  -9.16] | 1.7018283810329544
0.9565358015464029 | [ 1.69 -7.43] | 1.4744860865543312
1.0268442197828407 | [ 5.08 -5.01] | 0.950313321303787
1.0575913547742661 | [ 7.62 -2.74] | 0.2995041347102683
1.049289112418049 | [ 9.64 -0.22] | -0.3582743322477953
1.0047263175403505 | [10.8   3.58] | -0.7181597160432608
0.9385924325347439 | [10.89  8.18] | -0.8048014529380856
0.8625291214874012 | [11.26 11.65] | -0.8041594093739962
0.7795883621555255 | [11.67 14.69] | -0.7411374379852471
0.6920051884721679 | [11.95 17.4 ] | -0.6430657914016482
0.6010023506666108 | [12.04 19.73] | -0.5259297488452115
0.5072859633527864 | [11.88 21.68] | -0.3952776879291006
0.41150955920741716 | [11.47 23.26] | -0.25408685686488447
0.3143808104571 | [10.83 24.47] | -0.10602855169409958
0.21659390533358652 | [ 9.97 25.34] | 0.04444819277131261
0.11874466205579351 | [ 8.94 25.91] | 0.19298674050594183
0.021295407278160955 | [ 7.76 26.2 ] | 0.3359117777856458
-0.0754120570129638 | [ 6.49 26.25] | 0.4703376331023934
-0.1711222717129725 | [ 5.13 26.09] | 0.5940270502016003
-0.265649274994073 | [ 3.73 25.74] | 0.7054313068788977
-0.35887254882082875 | [ 2.32 25.23] | 0.8037329983318637
-0.450703519425124 | [ 0.9  24.58] | 0.8760674348636783
-0.5393245436684442 | [-0.76 23.45] | 0.6760014201021748
-0.5956208539203577 | [-6.12 16.17] | 0.1515912230347709
-0.5964496422869607 | [-10.76   7.72] | -0.4573427433186928
-0.5444035270688419 | [-14.62  -0.78] | -0.7228781186799133
-0.4648578226071429 | [-15.11  -5.72] | -0.643768710877442
-0.3780573208394381 | [-15.4   -8.89] | -0.4985977430498207
-0.2862394254856488 | [-15.66 -11.28] | -0.31528284272375
-0.1902257896320558 | [-15.75 -13.14] | -0.10574095629126268
-0.09083258377995362 | [-15.49 -14.45] | 0.116842591603906
0.011034719680565318 | [-14.81 -15.19] | 0.3436435125392989
0.11448349836138738 | [-13.76 -15.44] | 0.5682057165013619
0.2187954023227719 | [-12.41 -15.29] | 0.7857403888501786
0.32344452105700067 | [-10.84 -14.82] | 0.9924020005130851
0.4280340224260747 | [ -9.09 -14.1 ] | 1.184550418151845
0.5322238704467402 | [ -7.21 -13.17] | 1.3582106146371375
0.6356775506945282 | [ -5.2  -12.05] | 1.5081891207196927
0.7380447528985319 | [ -3.11 -10.78] | 1.6281376281669269
0.8389565479757053 | [-0.98 -9.38] | 1.7109651897124887
0.9378176317539226 | [ 1.16 -7.84] | 1.5212265689592366
1.0129898652727647 | [ 4.71 -5.29] | 1.0125691317860126
1.0479718857125238 | [ 7.36 -2.99] | 0.37686504770258633
1.0439245498347507 | [ 9.45 -0.46] | -0.29685518626582624
1.0023730762315792 | [10.88  3.07] | -0.6920273132077018
0.9375573740088247 | [10.94  7.88] | -0.7878049012464658
0.8624363284089672 | [11.3  11.42] | -0.7938021183565883
0.7801235290798998 | [11.72 14.49] | -0.7351217034365244
0.6929396376437564 | [12.03 17.24] | -0.6386087847688539
0.6022078432198357 | [12.14 19.62] | -0.5217778981857562
0.5086668422142119 | [12.   21.62] | -0.3909132370777572
0.41297235441425145 | [11.62 23.24] | -0.24915210022472578
0.31583385080541104 | [10.99 24.5 ] | -0.10016214725514051
0.2179571095837379 | [10.15 25.42] | 0.051565204454848815
0.11995676325025499 | [ 9.12 26.02] | 0.2015597748858227
0.022315114039408095 | [ 7.94 26.34] | 0.34600771259876323
-0.0746091981419281 | [ 6.66 26.41] | 0.4819006117853544
-0.170548158742916 | [ 5.29 26.26] | 0.6069055221372848
-0.2653047971225108 | [ 3.88 25.92] | 0.7193834823400881
-0.35875253176810235 | [ 2.44 25.42] | 0.8184819010719568
-0.45080217005945045 | [ 1.01 24.77] | 0.9038419206183156
-0.5413768113321606 | [-0.42 23.99] | 0.76851139151108
-0.6066259419257366 | [-5.03 18.04] | 0.2994833619745335
-0.6210737207849095 | [-9.8   9.81] | -0.3262903571335508
-0.5812709548657589 | [-13.75   1.21] | -0.8656728412112564
-0.49719037978573655 | [-16.95  -6.27] | -0.9462136048944886
-0.3987661034514904 | [-16.52  -9.28] | -0.7267493211574947
-0.3019651485535159 | [-16.42 -11.43] | -0.514109008782482
-0.20421873659577083 | [-16.39 -13.2 ] | -0.2900388309658563
-0.1045241958141583 | [-16.23 -14.64] | -0.05858012024805137
-0.002758133154055622 | [-15.7  -15.61] | 0.17614138038260824
0.10065213844235989 | [-14.78 -16.09] | 0.4103872545363838
0.20517848707101713 | [-13.52 -16.14] | 0.6409991512976251
0.3104152277518329 | [-12.01 -15.85] | 0.8653886516616881
0.416077855133029 | [-10.32 -15.29] | 1.0809833106832853
0.5219411836754281 | [ -8.49 -14.52] | 1.2847627617865318
0.627788686100834 | [ -6.53 -13.55] | 1.4729668248986567
0.7333796884551702 | [ -4.45 -12.42] | 1.6398979626843548
0.8384219273907122 | [ -2.27 -11.14] | 1.777094603536088
0.9425329662135928 | [-0.03 -9.72] | 1.7784945805840946
1.035846734474106 | [ 2.73 -7.73] | 1.5215849341380103
1.1016659660575658 | [ 5.5  -5.74] | 1.048021436332797
1.1325376388213568 | [ 7.61 -3.83] | 0.44998345017067176
1.1282898181378522 | [ 9.3  -1.66] | -0.22904445809029944
1.0880219207951531 | [10.95  0.9 ] | -0.7221259735392815
1.0222021597741755 | [10.95  6.06] | -0.8653759543043191
0.9458802387049132 | [11.19  9.74] | -0.8808639391867287
0.8634677135094065 | [11.54 12.81] | -0.8292660334464018
0.7771149965792403 | [11.83 15.55] | -0.7398080621422453
0.6879424801560853 | [11.97 17.92] | -0.6333234058867063
0.5963675149630189 | [11.91 19.93] | -0.5167489108396488
0.5026899984018915 | [11.65 21.6 ] | -0.3912733133340289
0.40734288769890165 | [11.17 22.93] | -0.25792058119675154
0.31088389080389844 | [10.5  23.95] | -0.11919651664661847
0.21389007046753886 | [ 9.66 24.67] | 0.021408084216132883
0.11686627746289259 | [ 8.66 25.11] | 0.1603529382150611
0.020208027758277427 | [ 7.55 25.32] | 0.29460021865070696
-0.07578959471069327 | [ 6.36 25.32] | 0.42171741393002954
-0.1709026256585541 | [ 5.09 25.14] | 0.5397789897710139
-0.26495944562151774 | [ 3.79 24.81] | 0.6473646478852648
-0.3578339995717019 | [ 2.46 24.33] | 0.7435210984901643
-0.44942077968177585 | [ 1.13 23.73] | 0.8275750223533704
-0.539618755939334 | [-0.2  23.03] | 0.703548725543164
-0.6073207143124665 | [-4.36 17.69] | 0.22457463292423704
-0.6251447946528146 | [-9.34  9.22] | -0.4358732746736113
-0.5864591116892413 | [-13.38   0.55] | -0.9347341826246838
-0.505849348069147 | [-15.98  -6.34] | -0.9855314182547547
-0.41142434557110447 | [-15.87  -9.41] | -0.7863766796903355
-0.31625255689139736 | [-15.96 -11.66] | -0.5811157366428982
-0.21898160132206856 | [-16.05 -13.5 ] | -0.3589025093280859
-0.1192222635630655 | [-15.94 -14.96] | -0.12608923001155053
-0.01718066236400128 | [-15.44 -15.93] | 0.11189869047421186
0.0865537954980525 | [-14.55 -16.39] | 0.350329144369172
0.19139118963818424 | [-13.32 -16.44] | 0.5854680250998533
0.29689944746139424 | [-11.85 -16.15] | 0.8143989657484917
0.4027786259707856 | [-10.19 -15.59] | 1.0343901096902206
0.5087945124002545 | [ -8.39 -14.82] | 1.2423771975693092
0.6147267848604496 | [ -6.46 -13.85] | 1.4345964856202391
0.7203345110447998 | [ -4.4  -12.72] | 1.6051789189165042
0.8253257278083597 | [ -2.24 -11.44] | 1.745603702590368
0.9293172003922504 | [ -0.02 -10.  ] | 1.750940065872679
1.0223616449658337 | [ 2.74 -7.97] | 1.5007484794797854
1.087838194949838 | [ 5.52 -5.93] | 1.0351339377909954
1.118390176859158 | [ 7.66 -3.93] | 0.4445993570050423
1.113800205088651 | [ 9.39 -1.66] | -0.2254914080507055
1.0732014428650143 | [11.09  0.98] | -0.7035893060175276
1.0075125113783898 | [11.02  6.27] | -0.8352777753843611
0.9317364338463707 | [11.26  9.88] | -0.8495040165269154
0.8498123309549119 | [11.6  12.92] | -0.797277943490937
0.763902306617895 | [11.89 15.63] | -0.7083824297480232
0.6751068765795194 | [12.01 17.97] | -0.6029912657177788
0.5838415129840749 | [11.94 19.95] | -0.4877026944047695
0.4904144783004259 | [11.67 21.59] | -0.3636580942099186
0.3952681905054484 | [11.2 22.9] | -0.23189940862287362
0.2989683535867216 | [10.52 23.89] | -0.09492213172658752
0.2020984326191505 | [ 9.68 24.59] | 0.04383043046437865
0.10516809562264882 | [ 8.69 25.02] | 0.1808837217235862
0.008575970757392148 | [ 7.58 25.21] | 0.3132657085774872
-0.08738132318602526 | [ 6.39 25.2 ] | 0.4385988575416001
-0.18247928996261764 | [ 5.13 25.01] | 0.5550003439964684
-0.2765444214245765 | [ 3.83 24.67] | 0.6610693349535769
-0.36944718327313786 | [ 2.51 24.19] | 0.7558406141241405
-0.4610784362722931 | [ 1.19 23.59] | 0.8386160643205492
-0.5513336360651542 | [-0.14 22.89] | 0.7148532423362747
-0.620019505591253 | [-4.14 17.75] | 0.22487140997063515
-0.6393049177904964 | [-9.13  9.25] | -0.45771340859815657
-0.6016017848028972 | [-13.14   0.57] | -0.9772212390075771
-0.5214224216181444 | [-15.76  -6.36] | -1.0356904334635397
-0.42712416375784157 | [-15.67  -9.47] | -0.8357268793704402
-0.33202242445436764 | [-15.79 -11.75] | -0.630733140623668
-0.23477680259105013 | [-15.9  -13.61] | -0.40880255668262516
-0.13501047801967203 | [-15.82 -15.11] | -0.17578037705489086
-0.03293870982407185 | [-15.36 -16.1 ] | 0.06304817440762206
0.07083987746210124 | [-14.49 -16.59] | 0.30289837580189444
0.1757280188912577 | [-13.29 -16.65] | 0.5399346118417461
0.2812887748221394 | [-11.84 -16.38] | 0.7711764400824207
0.38721979429123 | [-10.21 -15.85] | 0.9938798449618325
0.49328656478383986 | [ -8.43 -15.09] | 1.205004973923641
0.5992701080595623 | [ -6.51 -14.14] | 1.4008311956887003
0.7049319973115704 | [ -4.48 -13.02] | 1.5755131748282567
0.809982974089974 | [ -2.34 -11.74] | 1.7204802891567923
0.9140414650029471 | [ -0.12 -10.31] | 1.742971220225926
1.0081832602219167 | [ 2.59 -8.3 ] | 1.514093522045604
1.075566946674833 | [ 5.41 -6.19] | 1.0629417974965167
1.1080265056777387 | [ 7.59 -4.15] | 0.4865337053196074
1.1055107361567487 | [ 9.37 -1.84] | -0.17268817388113167
1.067103612045755 | [11.09  0.85] | -0.6649587602888472
1.0027210712258325 | [11.15  5.97] | -0.8185265185932408
0.9272896079412741 | [11.38  9.67] | -0.836412862177528
0.8456092134460472 | [11.72 12.74] | -0.7857597608580653
0.7598883165838324 | [12.01 15.47] | -0.6961409988394835
0.6712934889821486 | [12.15 17.84] | -0.589106357558749
0.5802506780897055 | [12.09 19.85] | -0.4722962659134578
0.4870370492955965 | [11.84 21.53] | -0.34716024324463196
0.3920570830146519 | [11.38 22.87] | -0.21464027172978345
0.29585336226283626 | [10.72 23.9 ] | -0.07705328150239422
0.19900591957283473 | [ 9.88 24.63] | 0.06225706388667886
0.10203468715590144 | [ 8.89 25.08] | 0.1998275104275003
0.005353359517005871 | [ 7.79 25.3 ] | 0.33265911983541824
-0.0907280535307094 | [ 6.59 25.3 ] | 0.4583507669400512
-0.18597584313425716 | [ 5.32 25.12] | 0.5750097282919923
-0.28020945259752067 | [ 4.01 24.78] | 0.6812304595147145
-0.37329558176630795 | [ 2.68 24.3 ] | 0.7760593504702851
-0.4651251339501273 | [ 1.34 23.7 ] | 0.8588211319067104
-0.5555951345576686 | [7.06e-03 2.30e+01] | 0.7573749979520611
-0.627044413707297 | [-3.67 18.42] | 0.28246648486278036
-0.6508651505196614 | [-8.72  9.94] | -0.4146612313512012
-0.617087100794766 | [-12.74   1.23] | -1.017571385080374
-0.5365193167897937 | [-15.95  -6.35] | -1.1211637900183207
-0.4399727662965393 | [-15.71  -9.47] | -0.902220846432811
-0.34403788589902573 | [-15.75 -11.74] | -0.6909997714162117
-0.24658067203858802 | [-15.85 -13.61] | -0.46688146100756683
-0.1468505787346267 | [-15.79 -15.15] | -0.2327223767753553
-0.04486623860180941 | [-15.37 -16.21] | 0.007246673335780024
0.05885146115353617 | [-14.54 -16.76] | 0.24870712518390292
0.1637210691396614 | [-13.37 -16.87] | 0.48798465536383706
0.2693094843218942 | [-11.95 -16.64] | 0.7222262897159688
0.37532186262373235 | [-10.34 -16.14] | 0.9488467948886921
0.48153613264004536 | [ -8.58 -15.42] | 1.1649829579126199
0.5877499440927025 | [ -6.69 -14.5 ] | 1.367123557470318
0.6937453435232149 | [ -4.67 -13.41] | 1.549832854841365
0.7992557394657324 | [ -2.55 -12.15] | 1.7045149947105722
0.9039175462039677 | [ -0.34 -10.74] | 1.7602874180408798
1.000952005576183 | [ 2.25 -8.85] | 1.5716028498048458
1.073133987133705 | [ 5.11 -6.71] | 1.150601342625887
1.1107886892319567 | [ 7.32 -4.7 ] | 0.6049662556449618
1.1143051494045588 | [ 9.11 -2.46] | -0.03367669470538327
1.0826451942635045 | [10.78  0.14] | -0.5961225262385839
1.0215078377823275 | [11.52  4.41] | -0.8466653036084312
0.9453121053500758 | [11.67  8.64] | -0.8775917749969135
0.8628149333996693 | [12.   11.91] | -0.8317359833045825
0.7763209308989184 | [12.32 14.77] | -0.7383369000702678
0.6871942407802224 | [12.5  17.28] | -0.6226464407378329
0.5959346844738747 | [12.5  19.44] | -0.496868861856406
0.5027138016052746 | [12.3  21.26] | -0.36410195046487753
0.40777440539766213 | [11.89 22.76] | -0.22510171615528546
0.31153238646119635 | [11.28 23.94] | -0.08152435931230485
0.21450874668259293 | [10.48 24.81] | 0.06369878621409245
0.11722244605070584 | [ 9.51 25.39] | 0.20714233977930696
0.020117552337222906 | [ 8.4  25.71] | 0.3456362601053675
-0.07645857526071241 | [ 7.18 25.79] | 0.47658455108972775
-0.17224171376171388 | [ 5.89 25.67] | 0.5979579708595757
-0.2670282461445677 | [ 4.54 25.37] | 0.7082614356486665
-0.3606728584801945 | [ 3.17 24.91] | 0.8065635953655229
-0.45306982152513997 | [ 1.78 24.32] | 0.8923126161480285
-0.5441269248163764 | [ 0.4  23.61] | 0.8665244009539391
-0.6232816549612467 | [-2.38 20.58] | 0.4682851734789444
-0.6598857095277485 | [-7.72 12.18] | -0.22337570871497842
-0.6379155391967171 | [-11.86   3.48] | -0.8725232666309253
-0.5664301626757584 | [-15.21  -4.5 ] | -1.0374859810135117
-0.4755295754836635 | [-15.11  -8.23] | -0.8589195349364591
-0.3829216642689619 | [-15.28 -10.87] | -0.6727288358416685
-0.28741269714641393 | [-15.47 -12.97] | -0.46358543172949856
-0.18890901069089772 | [-15.49 -14.66] | -0.23844052997740955
-0.08773374327608797 | [-15.15 -15.84] | -0.004373759604237616
0.015435163929039597 | [-14.39 -16.48] | 0.2326832072085635
0.1198847127477294 | [-13.29 -16.65] | 0.46783078253416255
0.2250606037666461 | [-11.91 -16.45] | 0.6972693652182552
0.33056541153664015 | [-10.33 -15.96] | 0.917739855909124
0.4360911044996293 | [ -8.59 -15.23] | 1.125895048144007
0.5413572044009831 | [ -6.71 -14.3 ] | 1.3177823766012617
0.6460689167028747 | [ -4.71 -13.18] | 1.4874150129341692
0.7498929559810447 | [ -2.61 -11.89] | 1.6269080557029527
0.8524334241756638 | [ -0.45 -10.45] | 1.6781502156832253
0.9477621624062634 | [ 2.11 -8.53] | 1.4784390390221713
1.0174185603237844 | [ 5.24 -6.11] | 1.0223542686776947
1.0501230212646127 | [ 7.67 -3.76] | 0.43869068581225606
1.0461095156337508 | [ 9.66 -1.15] | -0.222415237987475
1.0046484665562978 | [11.6   1.85] | -0.6657825115373183
0.938236403969424 | [11.59  7.15] | -0.7687824976305637
0.8621273339917708 | [11.88 10.78] | -0.7706339688270412
0.7796130105968307 | [12.26 13.84] | -0.7077095984267079
0.6928340011207023 | [12.55 16.57] | -0.6060175391169577
0.6029954351965535 | [12.66 18.95] | -0.48575457225358676
0.5106062381488347 | [12.57 20.98] | -0.3543554229204831
0.41605008788402104 | [12.25 22.67] | -0.21420870038352469
0.3198231821239824 | [11.7  24.02] | -0.06757603321873085
0.22252412462887397 | [10.94 25.05] | 0.0821307670619937
0.12475473469590874 | [ 9.98 25.76] | 0.23090744110669242
0.027037259621657463 | [ 8.86 26.18] | 0.3749835498934706
-0.07021661534005853 | [ 7.61 26.34] | 0.5112478222289524
-0.16669513642698974 | [ 6.27 26.27] | 0.6372831717718941
-0.2621598023343179 | [ 4.87 26.  ] | 0.7512985846577187
-0.35644032603923154 | [ 3.43 25.55] | 0.8522167059713806
-0.4494251761085288 | [ 1.98 24.95] | 0.9395551608194609
-0.541028660076718 | [ 0.53 24.22] | 0.9404557458317772
-0.6231618623651671 | [-1.98 21.7 ] | 0.5802678650900719
-0.664956968260235 | [-7.38 13.46] | -0.09294620611191817
-0.6486759883589328 | [-11.53   4.84] | -0.7554056039807745
-0.5821684735330069 | [-14.94  -3.31] | -0.9547501080517653
-0.49458995323031274 | [-14.88  -7.4 ] | -0.8029887154220143
-0.4040593461129382 | [-15.11 -10.25] | -0.6342561023594363
-0.30984556981905065 | [-15.33 -12.49] | -0.4364527324469897
-0.21222130124056407 | [-15.38 -14.26] | -0.2191227377406204
-0.11169735093685852 | [-15.06 -15.5 ] | 0.008818308410689313
-0.009046343612546328 | [-14.34 -16.18] | 0.24054921665466428
0.0949433714675301 | [-13.26 -16.38] | 0.4705285390328337
0.19964744082687474 | [-11.9 -16.2] | 0.6944276278868812
0.30460885686467876 | [-10.33 -15.71] | 0.9085868845604136
0.40947085679860623 | [ -8.6  -14.97] | 1.1093648355543908
0.5139106291878119 | [ -6.73 -14.02] | 1.29254468401292
0.6175952640522605 | [ -4.73 -12.89] | 1.452055569696899
0.7201681972230821 | [ -2.66 -11.58] | 1.5808605036478982
0.8212383356223374 | [ -0.54 -10.12] | 1.6297674024551005
0.9156083814035143 | [ 1.96 -8.22] | 1.4219360456427708
0.9838067189007138 | [ 5.31 -5.63] | 0.9416227364610953
1.0133605685242348 | [ 7.88 -3.09] | 0.334233942159868
1.0045705080268506 | [10.01 -0.26] | -0.2849135258395754
0.9601210653952884 | [11.32  3.71] | -0.6283448309506909
0.8943789257510023 | [11.44  8.32] | -0.7090650352925214
0.8189354785576227 | [11.8  11.76] | -0.7030757369075467
0.7367636722849555 | [12.2  14.76] | -0.6357995366783058
0.6500212968701364 | [12.48 17.43] | -0.5337574731164763
0.5598733442994044 | [12.57 19.74] | -0.4135166371864748
0.46693535374973555 | [12.42 21.7 ] | -0.2809956622764791
0.37176783411589387 | [12.02 23.29] | -0.13904904891965042
0.2750202215362551 | [11.4  24.54] | 0.008982423678092419
0.17737687340337807 | [10.55 25.45] | 0.158887014725892
0.07946060264347404 | [ 9.51 26.05] | 0.30637449451203913
-0.01822403310073226 | [ 8.32 26.36] | 0.447741591929874
-0.11529519376047265 | [ 7.02 26.42] | 0.5800702186621025
-0.21146711856044184 | [ 5.64 26.26] | 0.7011390360613935
-0.30652455991458316 | [ 4.2 25.9] | 0.8094070217340565
-0.4003244438103819 | [ 2.74 25.38] | 0.9040761345424772
-0.49276974529489187 | [ 1.27 24.71] | 0.9848463634699143
-0.5837803793585197 | [-0.18 23.92] | 0.8582788969320226
-0.6534063420759317 | [-4.2 18.8] | 0.36791395166617674
-0.674925982439416 | [-8.97 10.59] | -0.3268784499448921
-0.6409627789948048 | [-12.82   1.97] | -0.945107595825912
-0.5609621602692166 | [-15.94  -5.66] | -1.0667746682156662
-0.4650203876158603 | [-15.65  -9.  ] | -0.8576660649279217
-0.3696556040171282 | [-15.68 -11.38] | -0.6537356924525646
-0.2726986977745748 | [-15.76 -13.33] | -0.4358142681153554
-0.17342907961720755 | [-15.7  -14.92] | -0.2075658756331162
-0.07186859248712502 | [-15.29 -16.02] | 0.026758587646755927
0.03146370787168479 | [-14.47 -16.61] | 0.262826054392821
0.13596371127021928 | [-13.31 -16.74] | 0.4967137542458704
0.24116082589276105 | [-11.89 -16.52] | 0.7252288235666255
0.3467186490291282 | [-10.28 -16.01] | 0.9454419730934204
0.4523706510317616 | [ -8.51 -15.27] | 1.154148284359809
0.5578642026846348 | [ -6.61 -14.33] | 1.3474263357389198
0.6629236764712191 | [ -4.59 -13.21] | 1.519166472075831
0.7672246981785968 | [ -2.47 -11.92] | 1.661042057797382
0.8703653160011251 | [ -0.29 -10.48] | 1.6997051385165332
0.9649428636580547 | [ 2.36 -8.49] | 1.4881538461504327
1.0332242674224565 | [ 5.37 -6.17] | 1.0353785039215995
1.0653564900894785 | [ 7.7 -3.9] | 0.4566454858682879
1.061440435149332 | [ 9.62 -1.36] | -0.19908400273187438
1.0207512501707967 | [11.5   1.57] | -0.6496219070255501
0.9551735269448313 | [11.47  6.86] | -0.762754674726084
0.8797753096971637 | [11.75 10.46] | -0.7701623980895433
0.7980317746512672 | [12.11 13.5 ] | -0.7124183084491822
0.7120807957779755 | [12.4 16.2] | -0.6165120582839124
0.6230862354896667 | [12.53 18.56] | -0.5026195364322084
0.5315130364991612 | [12.45 20.57] | -0.3779494432297419
0.4377026743525489 | [12.16 22.25] | -0.24444716985874188
0.342121023685038 | [11.65 23.6 ] | -0.10389363888029746
0.24535392733129385 | [10.93 24.63] | 0.040654526050018666
0.1480054616216202 | [10.02 25.35] | 0.18537631777708927
0.050607307804584965 | [ 8.95 25.78] | 0.32656350717206023
-0.0464196892449172 | [ 7.76 25.97] | 0.4611145483864083
-0.14275864654935175 | [ 6.47 25.93] | 0.5866046166174901
-0.23816892299487125 | [ 5.11 25.69] | 0.7011968119471231
-0.33247185596947165 | [ 3.71 25.28] | 0.8036786245179657
-0.42554547894169514 | [ 2.3  24.73] | 0.8933810491633855
-0.5172944360914051 | [ 0.89 24.04] | 0.9527665194592242
-0.6057043095529168 | [-0.78 22.85] | 0.6831230889554634
-0.6608027479997532 | [-6.04 15.32] | 0.053267795274841476
-0.6592281596225913 | [-10.45   6.79] | -0.6397366928074338
-0.6044104366031653 | [-14.07  -1.64] | -0.8979456357784495
-0.5244249502721859 | [-14.23  -6.22] | -0.793005332332431
-0.4384312253657741 | [-14.65  -9.45] | -0.6562579211448183
-0.34679592008871557 | [-15.01 -11.93] | -0.47786414185960274
-0.25065031358293577 | [-15.17 -13.87] | -0.27104925613703346
-0.1510113909514297 | [-14.96 -15.23] | -0.04867864766762671
-0.04891335958049392 | [-14.34 -16.01] | 0.1802542952215878
0.054699994179649866 | [-13.34 -16.29] | 0.40890003695447785
0.1590950738867359 | [-12.06 -16.17] | 0.6320786746755939
0.2637381897114291 | [-10.55 -15.72] | 0.8456302085427744
0.36822250983637494 | [ -8.86 -15.02] | 1.04568102078035
0.47219468660549263 | [ -7.04 -14.09] | 1.228005792200979
0.5753048433147557 | [ -5.09 -12.98] | 1.3868754089724582
0.6771963337718462 | [ -3.05 -11.69] | 1.5158540048013718
0.7774991368959734 | [ -0.98 -10.25] | 1.6081215927909385
0.8755913159243428 | [ 1.12 -8.67] | 1.4477298745552667
0.9498563430503477 | [ 4.78 -5.84] | 0.9788730831058751
0.9837749343646616 | [ 7.58 -3.17] | 0.3803737157055599
0.9785704613885784 | [ 9.88 -0.24] | -0.2357904443499938
0.9369944311413623 | [11.25  3.83] | -0.5803480347811025
0.873467649165589 | [11.39  8.44] | -0.6666212034924531
0.7995357431082851 | [11.77 11.91] | -0.6663205252703748
0.7182403394955215 | [12.18 14.93] | -0.6028153834662605
0.6318990695698554 | [12.48 17.63] | -0.502528880330689
0.541828866412815 | [12.56 19.96] | -0.38233058472350107
0.4487772435711422 | [12.41 21.92] | -0.24871807943279672
0.3534101556058332 | [12.   23.52] | -0.1052190613548238
0.2564503944731772 | [11.35 24.75] | 0.04425859880460559
0.1586238441762388 | [10.47 25.64] | 0.1951542119351241
0.06057046444775016 | [ 9.4  26.22] | 0.3430318161302585
-0.037201893582027384 | [ 8.19 26.5 ] | 0.4841627885693571
-0.13431321259788853 | [ 6.86 26.53] | 0.6156491308512048
-0.23047983309150744 | [ 5.45 26.34] | 0.7353045874558408
-0.32549068473525666 | [ 3.99 25.96] | 0.8416650781722113
-0.41920901982233566 | [ 2.51 25.4 ] | 0.934034147833871
-0.511542014350653 | [ 1.03 24.71] | 1.0122063113810158
-0.6024127454558342 | [-0.44 23.89] | 0.835875833972397
-0.6676561661636037 | [-4.97 17.83] | 0.2941909816812589
-0.6818041305480066 | [-9.52  9.62] | -0.4047873660693995
-0.6416319488671334 | [-13.24   1.06] | -1.004743370506982
-0.5572256892950848 | [-16.25  -6.37] | -1.1007441578022954
-0.45871457190718196 | [-15.87  -9.46] | -0.8739389460865045
-0.3619430895634937 | [-15.83 -11.7 ] | -0.660033149171656
-0.2642197394618579 | [-15.87 -13.57] | -0.43688428047863564
-0.16450810585154202 | [-15.78 -15.11] | -0.20607432759642352
-0.06269024783607068 | [-15.33 -16.17] | 0.02953879730464235
0.040788875058583626 | [-14.48 -16.73] | 0.26636726957488
0.1453810543301084 | [-13.29 -16.84] | 0.5009607058333645
0.2506607694219431 | [-11.86 -16.61] | 0.7304365973180212
0.35632529249316164 | [-10.24 -16.1 ] | 0.9520520912154055
0.46213255441862444 | [ -8.47 -15.36] | 1.16271011947313
0.5678490492526996 | [ -6.56 -14.42] | 1.3585630091031904
0.6732157326873086 | [ -4.54 -13.3 ] | 1.533511100926248
0.7779199983572967 | [ -2.41 -12.02] | 1.678946761694834
0.8815613923817766 | [ -0.22 -10.58] | 1.7143466569537351
0.9760870535164899 | [ 2.46 -8.57] | 1.5014316383532644
1.0441948160186942 | [ 5.39 -6.32] | 1.0564096188248342
1.0767817111517448 | [ 7.67 -4.11] | 0.4862982418499493
1.0739352753091602 | [ 9.54 -1.62] | -0.1628364253289058
1.0348803648222646 | [11.37  1.23] | -0.6232033522536462
0.970786923187041 | [11.32  6.53] | -0.7499341564942084
0.8965474640227571 | [11.58 10.11] | -0.7650663591026192
0.8158898868861866 | [11.93 13.11] | -0.7139755294798465
0.7309960445657758 | [12.22 15.79] | -0.6250873374456215
0.6430148194385634 | [12.35 18.13] | -0.5187102326099674
0.5523842164510107 | [12.29 20.12] | -0.4018972775962647
0.4594146916998286 | [12.03 21.79] | -0.27616812739080987
0.36454896443504425 | [11.56 23.13] | -0.14279663122553576
0.26836490019265785 | [10.89 24.16] | -0.004437874419085039
0.17147245379785284 | [10.03 24.88] | 0.13531278330373797
0.07441578430301528 | [ 9.01 25.32] | 0.2728341053151435
-0.022372582563652606 | [ 7.87 25.52] | 0.40504064055859396
-0.11856866057471983 | [ 6.64 25.51] | 0.5294931783254917
-0.21392886763384453 | [ 5.34 25.31] | 0.6443000199925666
-0.30826661967400354 | [ 4.   24.94] | 0.7481042809786306
-0.4014471496110712 | [ 2.63 24.43] | 0.840033106308082
-0.4933629926094694 | [ 1.26 23.8 ] | 0.9195038330443468
-0.5839142019092335 | [-0.1  23.06] | 0.7868426820967516
-0.6535960584459457 | [-3.99 18.06] | 0.27063928938915066
-0.6745041643836395 | [-8.86  9.61] | -0.4524403113303819
-0.6384091196097693 | [-12.74   0.95] | -1.0632702422244193
-0.5566495658928051 | [-15.77  -6.49] | -1.1621440572756916
-0.45973932687976227 | [-15.52  -9.59] | -0.9401523705400238
-0.36361741955119026 | [-15.57 -11.87] | -0.7279466843952423
-0.26605439350264076 | [-15.68 -13.76] | -0.5041231817396019
-0.16625050787115342 | [-15.64 -15.32] | -0.2706745046724854
-0.06421717527546755 | [-15.23 -16.4 ] | -0.031176971190451
0.03952631880095704 | [-14.41 -16.97] | 0.21023826198926632
0.1444020080357932 | [-13.25 -17.1 ] | 0.4498880372716487
0.2499789110890916 | [-11.85 -16.88] | 0.6848636486990671
0.35596112882868197 | [-10.26 -16.39] | 0.9125214821852822
0.4621222656647844 | [ -8.52 -15.67] | 1.1299458321890121
0.5682525570547646 | [ -6.64 -14.76] | 1.3335502242597244
0.6741237057723292 | [ -4.63 -13.66] | 1.5176164089560202
0.7794555003548902 | [ -2.52 -12.4 ] | 1.6733976009308449
0.883870008308605 | [ -0.33 -10.98] | 1.7311186330205177
0.98049297913588 | [ 2.27 -9.05] | 1.5471416191763707
1.0520605382614259 | [ 5.16 -6.83] | 1.1303853627833298
1.0888747371464353 | [ 7.42 -4.71] | 0.5885641127518279
1.09129588411293 | [ 9.27 -2.32] | -0.04256890759822761
1.0583738315871332 | [11.01  0.41] | -0.5714115707710054
0.9972188387512093 | [11.52  5.04] | -0.7859428758008776
0.9223577724950267 | [11.71  9.04] | -0.8142688879340287
0.8410688230852285 | [12.04 12.21] | -0.7685453886083378
0.7556454819329848 | [12.35 15.  ] | -0.6777010698870805
0.6674121286302412 | [12.52 17.45] | -0.5661246635392773
0.5768417191931312 | [12.5  19.55] | -0.444569057006448
0.48412996849914064 | [12.29 21.32] | -0.31562006070045856
0.38956387531232906 | [11.88 22.77] | -0.18007646131055216
0.29360144170871694 | [11.26 23.91] | -0.03977996319687996
0.19679476937344723 | [10.45 24.74] | 0.10220862597857375
0.09968192513111787 | [ 9.48 25.29] | 0.24243215564409867
0.002716632330862327 | [ 8.37 25.57] | 0.3777558269533656
-0.09375012872921645 | [ 7.16 25.63] | 0.5056418543376138
-0.18945357198654586 | [ 5.87 25.49] | 0.6241136631443185
-0.28418977644255655 | [ 4.53 25.17] | 0.731715086442883
-0.37781035313977795 | [ 3.16 24.7 ] | 0.8275123519760053
-0.4702048095944664 | [ 1.78 24.1 ] | 0.9109153177334894
-0.5612755281336618 | [ 0.4  23.39] | 0.8771897213410977
-0.64040003902653 | [-2.36 20.35] | 0.454416317723521
-0.6766586135398416 | [-7.65 11.89] | -0.26727266412213524
-0.6539460925058556 | [-11.73   3.17] | -0.9354682951037855
-0.5816971764289294 | [-15.02  -4.75] | -1.1012517922590108
-0.4902877400658868 | [-14.93  -8.44] | -0.9173351009805943
-0.3973595931009352 | [-15.11 -11.07] | -0.7287715660680794
-0.3016335012878466 | [-15.32 -13.18] | -0.5185677342245318
-0.20295633726989323 | [-15.36 -14.89] | -0.29263750902123786
-0.101631430415999 | [-15.04 -16.08] | -0.05744382608257146
0.0016675281897505154 | [-14.3  -16.74] | 0.1812685732487539
0.10623401425879876 | [-13.22 -16.93] | 0.4186394015352013
0.2115229182378937 | [-11.86 -16.75] | 0.650891530952649
0.3171459615759709 | [-10.3  -16.28] | 0.8748022251261133
0.4228033513306069 | [ -8.59 -15.56] | 1.087073692936926
0.5282223671427232 | [ -6.73 -14.64] | 1.2838032091613725
0.6331158025575913 | [ -4.74 -13.53] | 1.4589695692668603
0.737155540912881 | [ -2.65 -12.25] | 1.6044875554383584
0.8399453746222706 | [ -0.5  -10.81] | 1.66845899464657
0.9361246905716253 | [ 2.01 -8.91] | 1.4875958096411086
1.0072196031619733 | [ 5.15 -6.45] | 1.0504402770338883
1.0416230675126594 | [ 7.6  -4.06] | 0.48527713518560367
1.0397050258334406 | [ 9.61 -1.41] | -0.16079335075127066
1.0006780686466408 | [11.56  1.62] | -0.608495980626777
0.936394623059963 | [11.55  6.92] | -0.7241411241307827
0.8619506214562538 | [11.83 10.53] | -0.7337853977765466
0.7808680327532611 | [12.2  13.56] | -0.6773676641392044
0.6953593860571713 | [12.49 16.27] | -0.5817676166421852
0.6066577673131751 | [12.62 18.62] | -0.4674564536426904
0.5152748843256906 | [12.54 20.64] | -0.34202365673902696
0.42158093922412526 | [12.25 22.32] | -0.2077316171293102
0.32606038602157666 | [11.73 23.67] | -0.06657622840988155
0.22931302178866697 | [11.  24.7] | 0.07826340029345835
0.1319546198353785 | [10.08 25.41] | 0.22291226362886954
0.03452667377781861 | [ 9.   25.84] | 0.3636530307091409
-0.06254229201473854 | [ 7.8  26.02] | 0.4974013731900236
-0.15892993007455158 | [ 6.49 25.96] | 0.6217633938096976
-0.25439201414821416 | [ 5.12 25.71] | 0.7349450651165481
-0.34874736705416676 | [ 3.71 25.29] | 0.8357874009140914
-0.4418730379610989 | [ 2.29 24.72] | 0.9236732547930739
-0.5336739385234135 | [ 0.87 24.03] | 0.9766249342986795
-0.6217211000561791 | [-0.86 22.73] | 0.6752160986421334
-0.6746787005814587 | [-6.26 14.86] | 0.010133659792699888
-0.6697358598471249 | [-10.57   6.3 ] | -0.693540292781309
-0.6120887157320756 | [-14.09  -2.06] | -0.9444977465047864
-0.5302119637174644 | [-14.21  -6.55] | -0.8283995021145566
-0.44306627311134916 | [-14.59  -9.71] | -0.6844911691639154
-0.35075893364263605 | [-14.93 -12.15] | -0.501930549961281
-0.2542137202187853 | [-15.08 -14.07] | -0.2928930736330775
-0.15432330295451632 | [-14.86 -15.42] | -0.06912737753704293
-0.05206120804927225 | [-14.23 -16.19] | 0.1609275055616327
0.05166231444831017 | [-13.22 -16.47] | 0.3906778954160882
0.1561357788081681 | [-11.94 -16.34] | 0.6150729777713263
0.2608397452756236 | [-10.43 -15.89] | 0.8300135033897776
0.3653751750932913 | [ -8.75 -15.18] | 1.031640462138563
0.46939164149693474 | [ -6.92 -14.25] | 1.215674140741425
0.5725394466113004 | [ -4.97 -13.13] | 1.3761995934492286
0.6744599597175311 | [ -2.94 -11.84] | 1.5066705946245336
0.7747783375938541 | [ -0.86 -10.39] | 1.589875789980931
0.871664150560563 | [ 1.34 -8.7 ] | 1.4232664937483503
0.9440627300737526 | [ 4.94 -5.87] | 0.959071455886381
0.9764890208961465 | [ 7.72 -3.15] | 0.36553850293070467
0.969921475207893 | [10.02 -0.15] | -0.23601116701443103
0.9275713896309891 | [11.31  4.03] | -0.5649832227749083
0.8639135614757899 | [11.47  8.57] | -0.6475844198186849
0.7899753614940864 | [11.85 12.  ] | -0.6445862543503963
0.7087737263393911 | [12.26 15.  ] | -0.5793944406375436
0.6225876276329221 | [12.55 17.67] | -0.4783946965611048
0.5326915423655985 | [12.63 19.99] | -0.35801221034445085
0.4398071457617499 | [12.47 21.93] | -0.2245548579151083
0.3445846831489875 | [12.06 23.51] | -0.08147360312247637
0.2477386260588136 | [11.4  24.74] | 0.0673758411705258
0.14999284932727738 | [10.53 25.63] | 0.21747772504049112
0.051989681652319195 | [ 9.46 26.19] | 0.3644332767348805
-0.04575886111564241 | [ 8.24 26.47] | 0.5045462906449659
-0.14286886538881724 | [ 6.91 26.5 ] | 0.6349501584025584
-0.23905397175267007 | [ 5.5  26.31] | 0.7534917884594152
-0.3341002243901242 | [ 4.04 25.92] | 0.8587366583216118
-0.4278677425300888 | [ 2.56 25.36] | 0.9500020796721268
-0.5202618060747014 | [ 1.07 24.66] | 1.0270878285477103
-0.6112042245840754 | [-0.39 23.84] | 0.851072544408564
-0.6772003810184046 | [-4.82 17.93] | 0.30313042522802547
-0.6925383017827359 | [-9.36  9.72] | -0.4107634878689967
-0.6532764427360547 | [-13.06   1.15] | -1.0259020489897133
-0.5694700874175337 | [-16.05  -6.3 ] | -1.1285515583833778
-0.4713224997516787 | [-15.69  -9.44] | -0.9027350252239503
-0.3747596905030795 | [-15.67 -11.71] | -0.690000629312793
-0.27714481865382873 | [-15.74 -13.61] | -0.4677858650365689
-0.17748227173137118 | [-15.66 -15.18] | -0.23745027775827252
-0.07567791061349027 | [-15.24 -16.27] | -0.0017978288725665897
0.027807017029721822 | [-14.41 -16.84] | 0.23550176460557426
0.13241160992008205 | [-13.24 -16.98] | 0.47087337726605505
0.23770024082582286 | [-11.82 -16.75] | 0.70133610393438
0.3433623991477032 | [-10.21 -16.25] | 0.9240920532183245
0.44914995452783085 | [ -8.46 -15.52] | 1.136019575846864
0.5548241970429522 | [ -6.57 -14.59] | 1.333245859082151
0.6601210888818987 | [ -4.55 -13.47] | 1.5095877485015414
0.7647232300266085 | [ -2.44 -12.19] | 1.6564444056638234
0.8682269696428199 | [ -0.26 -10.75] | 1.6982724918264502
0.9629520100183122 | [ 2.4  -8.74] | 1.494015210635649
1.0314527345282685 | [ 5.37 -6.42] | 1.0546847233062904
1.0642787814960872 | [ 7.69 -4.15] | 0.48999353119868505
1.0615657814351611 | [ 9.6 -1.6] | -0.15315072586289336
1.0225663289986668 | [11.46  1.33] | -0.6076193066724546
0.9585598904667113 | [11.43  6.63] | -0.7316615900572402
0.8844284665214289 | [11.69 10.2 ] | -0.7453908382430136
0.8038492877725204 | [12.05 13.21] | -0.6930524478338014
0.7190011934727055 | [12.34 15.88] | -0.6026357252001591
0.6310443709943079 | [12.47 18.22] | -0.49449117931004005
0.5404229847734043 | [12.41 20.22] | -0.3758490520829655
0.44744763542725724 | [12.14 21.89] | -0.24840007148561277
0.35255901091702946 | [11.67 23.24] | -0.11353836375361925
0.2563343234925943 | [10.98 24.27] | 0.026008742797114417
0.15938574476016046 | [10.11 25.  ] | 0.16660480615445195
0.06226204523196421 | [ 9.09 25.44] | 0.30460646261239904
-0.03459866402511133 | [ 7.93 25.64] | 0.4369202899762281
-0.13086720416185027 | [ 6.68 25.62] | 0.5611120268648614
-0.2262959768075258 | [ 5.37 25.41] | 0.6753092713390252
-0.3206960235256539 | [ 4.01 25.03] | 0.7781952258494365
-0.41393257711457204 | [ 2.62 24.51] | 0.8689522186350256
-0.5058998716671914 | [ 1.24 23.86] | 0.9470564468604196
-0.5965003735113495 | [-0.14 23.11] | 0.8025348850924503
-0.6656217915518727 | [-4.09 17.96] | 0.2703032282630433
-0.6856237417050041 | [-8.88  9.55] | -0.4638705567295004
-0.6488719426345564 | [-12.71   0.9 ] | -1.0766698046595544
-0.5670179062149153 | [-15.63  -6.46] | -1.174089550687555
-0.4703014592484367 | [-15.4   -9.59] | -0.9535032087082213
-0.37427839008722213 | [-15.46 -11.88] | -0.7422957091160474
-0.27676121897386485 | [-15.58 -13.8 ] | -0.519394401920678
-0.17697572559698546 | [-15.55 -15.38] | -0.28672411550385557
-0.07495069115394365 | [-15.14 -16.47] | -0.047738938010203784
0.028785635177505278 | [-14.34 -17.04] | 0.19341277924298977
0.13364957754321727 | [-13.19 -17.18] | 0.43296963738323363
0.23920420246952578 | [-11.79 -16.97] | 0.6679385893794534
0.34514681779438744 | [-10.21 -16.48] | 0.8956052112582891
0.45124330891817527 | [ -8.48 -15.76] | 1.112992092334566
0.5572749907589812 | [ -6.61 -14.85] | 1.3164377689020146
0.6630031488560894 | [ -4.61 -13.75] | 1.500033619871091
0.7681360479540783 | [ -2.5  -12.49] | 1.6550138117532884
0.8722863577521076 | [ -0.32 -11.06] | 1.7117524638015436
0.9684655447782208 | [ 2.28 -9.1 ] | 1.527472142212779
1.0393521167677862 | [ 5.2  -6.82] | 1.1095421456326322
1.075236496904777 | [ 7.5  -4.62] | 0.5661961939661267
1.0764319904185147 | [ 9.38 -2.15] | -0.06346234987017768
1.0420468425163725 | [11.18  0.67] | -0.5632863313545966
0.9806433168529366 | [11.45  5.61] | -0.7446059253546246
0.9068559248040737 | [11.66  9.4 ] | -0.770274933087022
0.8265317763758958 | [12.   12.49] | -0.724525291840993
0.7419585360031277 | [12.3  15.22] | -0.6364852458594575
0.6544057321146898 | [12.45 17.61] | -0.5292557217902665
0.5643249939655328 | [12.43 19.66] | -0.4120756398843005
0.47194675963111177 | [12.2  21.38] | -0.28698983331856526
0.37761262627859704 | [11.78 22.78] | -0.15484014239935834
0.28182867568443654 | [11.15 23.87] | -0.017667424281698277
0.1851779211104001 | [10.34 24.66] | 0.12133076178366012
0.08821251698545157 | [ 9.36 25.16] | 0.25866784095083656
-0.008611129859169373 | [ 8.26 25.42] | 0.391246540712337
-0.10494477949604716 | [ 7.05 25.45] | 0.5165810470340615
-0.2005275488165407 | [ 5.77 25.28] | 0.6327319828432355
-0.29515833297719196 | [ 4.44 24.95] | 0.7382616824458276
-0.3886883824598823 | [ 3.08 24.48] | 0.8322167318600584
-0.48100350199550196 | [ 1.71 23.88] | 0.9139562221432865
-0.5720008679889228 | [ 0.35 23.17] | 0.8649578999148646
-0.6500483720438904 | [-2.52 19.9 ] | 0.41738459444077913
-0.6843534629948979 | [-7.75 11.4 ] | -0.32229530733042483
-0.6595593472717677 | [-11.77   2.67] | -0.9943589238345063
-0.5855706886562088 | [-15.01  -5.17] | -1.151132004933488
-0.49304576786618337 | [-14.91  -8.75] | -0.9579324931476706
-0.3994382744188332 | [-15.09 -11.31] | -0.7640546077707501
-0.30329199820872904 | [-15.29 -13.39] | -0.5508248717021261
-0.20432528470755107 | [-15.33 -15.08] | -0.32292967361856834
-0.1027848011028514 | [-15.01 -16.27] | -0.08605073543600249
0.0006815504771409929 | [-14.28 -16.93] | 0.15440211115198
0.10539053669726454 | [-13.19 -17.12] | 0.3937695199635342
0.21082063472087426 | [-11.85 -16.95] | 0.6284353490142838
0.3166046452790049 | [-10.3  -16.48] | 0.8553105039862412
0.4224610565682387 | [ -8.59 -15.78] | 1.071211973809301
0.5281341040779245 | [ -6.74 -14.87] | 1.2723542114847985
0.6333531906884179 | [ -4.76 -13.78] | 1.4528014472609863
0.7378032718349847 | [ -2.68 -12.51] | 1.6042249148915666
0.8410919502196933 | [ -0.53 -11.07] | 1.676988108824636
0.9381295166747959 | [ 1.97 -9.2 ] | 1.5090429334346913
1.0106042576163885 | [ 5.07 -6.75] | 1.0878462637176334
1.0469059371837075 | [ 7.5 -4.4] | 0.5388275766878425
1.0475099775561827 | [ 9.49 -1.79] | -0.09564667155334233
1.0115554072614572 | [11.39  1.18] | -0.5560997673281787
0.9499391249377257 | [11.36  6.5 ] | -0.6913339798594239
0.8775505236128013 | [11.62 10.07] | -0.7127487486683999
0.7982759712523735 | [11.97 13.07] | -0.6661803875827853
0.7144276818230288 | [12.26 15.74] | -0.5804316888327595
0.6272517497232574 | [12.4  18.08] | -0.4763083075328445
0.5372447673256652 | [12.35 20.07] | -0.36131988097570733
0.4447492389351407 | [12.1  21.73] | -0.23726621102217563
0.3502287932531591 | [11.63 23.08] | -0.10554777619405278
0.25428089110687757 | [10.97 24.1 ] | 0.031135882780079727
0.1575363278316439 | [10.11 24.82] | 0.16917696467847754
0.06055927747660189 | [ 9.1  25.26] | 0.3049573223146411
-0.03620143805544732 | [ 7.96 25.45] | 0.4354081787530955
-0.13241062524274244 | [ 6.73 25.43] | 0.5581164029348334
-0.2278180894216718 | [ 5.43 25.22] | 0.6712162010105575
-0.3222316919034627 | [ 4.09 24.85] | 0.7733654772740607
-0.4155109627687129 | [ 2.72 24.34] | 0.8636897222086389
-0.507544576298619 | [ 1.35 23.7 ] | 0.941597618928387
-0.5982297429126864 | [-1.94e-02  2.30e+01] | 0.8142059327385106
-0.6694243193005832 | [-3.7  18.26] | 0.28907829189316064
-0.6926297866551869 | [-8.57  9.79] | -0.46117139131494944
-0.6582633608882872 | [-12.41   1.12] | -1.1061411988428906
-0.577247359882312 | [-15.47  -6.41] | -1.2202136993774715
-0.48052923290471905 | [-15.25  -9.58] | -0.996818958738128
-0.38456256193879107 | [-15.33 -11.9 ] | -0.7853659956713192
-0.28709614176999654 | [-15.47 -13.84] | -0.5625617283901867
-0.18733869134644365 | [-15.46 -15.45] | -0.3295763587872178
-0.08531003140501908 | [-15.09 -16.57] | -0.08974068090339664
0.018457546101977664 | [-14.31 -17.17] | 0.15276230383058814
0.12337188173417549 | [-13.18 -17.34] | 0.3940955845457622
0.22899061576765467 | [-11.81 -17.15] | 0.6312378407651128
0.3350104209859242 | [-10.25 -16.68] | 0.8615069442061378
0.4412006656156284 | [ -8.54 -15.98] | 1.0819996195531947
0.5473493896022592 | [ -6.68 -15.08] | 1.2891584822938944
0.6532272088890005 | [ -4.7  -14.01] | 1.4772525643638388
0.7585529407523581 | [ -2.61 -12.75] | 1.6375049187099946
0.8629475007028203 | [ -0.44 -11.33] | 1.7115563242896044
0.9605718064848688 | [ 2.1  -9.44] | 1.548593322889919
1.0338561474156067 | [ 5.04 -7.13] | 1.1469813190476166
1.072266521403051 | [ 7.36 -4.93] | 0.6198986490429166
1.0763334015952302 | [ 9.26 -2.47] | 0.0019663350630504187
1.0451337043722222 | [11.05  0.34] | -0.52731324873312
0.9852733684542516 | [11.66  4.91] | -0.7518833155419227
0.9111393165918668 | [11.83  8.96] | -0.7836256783348748
0.8304238557316945 | [12.17 12.14] | -0.7399289966803879
0.745464363311175 | [12.48 14.92] | -0.64981188757038
0.6576312033345474 | [12.65 17.38] | -0.5379960307819502
0.5674233390160076 | [12.64 19.49] | -0.41593037114016296
0.47502910865635317 | [12.44 21.28] | -0.28657304700075414
0.38071436425726435 | [12.04 22.75] | -0.15079225338644386
0.2849208526638295 | [11.43 23.91] | -0.010373534675097912
0.1881978711572434 | [10.63 24.76] | 0.13166942819588695
0.09109291424096343 | [ 9.66 25.32] | 0.27187644338857764
-0.005924821986194661 | [ 8.55 25.62] | 0.4070806780122732
-0.1024889553478668 | [ 7.33 25.69] | 0.5347151267143595
-0.19832282707561352 | [ 6.03 25.55] | 0.6527902540575673
-0.29321376242360264 | [ 4.68 25.23] | 0.7598464772161896
-0.3870058715095678 | [ 3.3  24.76] | 0.8549601492874565
-0.47958566793473 | [ 1.91 24.16] | 0.9375678365266734
-0.570855395826076 | [ 0.52 23.45] | 0.921459637142647
-0.6522610655628853 | [-1.97 20.84] | 0.5048552886062054
-0.6920613496884167 | [-7.31 12.37] | -0.23483612742348967
-0.6724181868473554 | [-11.37   3.68] | -0.9295124791063414
-0.6025183577986276 | [-14.64  -4.32] | -1.1159226940736773
-0.512600275567859 | [-14.6   -8.17] | -0.9422484133092659
-0.42056420876500883 | [-14.84 -10.91] | -0.7610718373594842
-0.3253530344808809 | [-15.08 -13.1 ] | -0.555754197556636
-0.22698374364184443 | [-15.16 -14.87] | -0.3328269153607219
-0.12585039059232223 | [-14.87 -16.12] | -0.09931804620885577
-0.02267716124681469 | [-14.17 -16.81] | 0.1386310399551885
0.08179091401951111 | [-13.12 -17.04] | 0.37579341962801266
0.18697531275339407 | [-11.8  -16.88] | 0.6080893210991942
0.292460087047985 | [-10.26 -16.42] | 0.8320861267105254
0.39792289214936255 | [ -8.57 -15.72] | 1.044350043551088
0.5030714178044497 | [ -6.73 -14.8 ] | 1.2408487904989929
0.6076005490257361 | [ -4.76 -13.69] | 1.4153995504057841
0.7111689852218236 | [ -2.7 -12.4] | 1.5601390810371583
0.8133775558931401 | [ -0.57 -10.95] | 1.6306931405361664
0.9094889868760516 | [ 1.89 -9.06] | 1.4592077147726303
0.9805941619249624 | [ 5.14 -6.47] | 1.0251496374545757
1.0143842388920574 | [ 7.68 -3.94] | 0.46231894948409846
1.0113064517101786 | [ 9.78 -1.13] | -0.17805794891119595
0.9706650315551432 | [11.83  2.06] | -0.6075263508891241
0.905043869155401 | [11.86  7.36] | -0.7074974583200184
0.8296244659173068 | [12.16 10.98] | -0.7079513236054957
0.7476349066760137 | [12.53 14.03] | -0.6436281225306151
0.6612322768933218 | [12.82 16.75] | -0.5397875350879556
0.571661148960932 | [12.94 19.12] | -0.4167828313317742
0.4794518602280243 | [12.84 21.15] | -0.28250264248868245
0.3849920758617821 | [12.51 22.85] | -0.13972337498536203
0.2887771221240801 | [11.95 24.21] | 0.00905348347543923
0.1914096782393698 | [11.17 25.24] | 0.16028412454508556
0.09350331705388285 | [10.19 25.96] | 0.3098860060349595
-0.004402869393323915 | [ 9.05 26.38] | 0.4540376089281877
-0.1018794479492583 | [ 7.77 26.53] | 0.5895991178903267
-0.19859915941785905 | [ 6.39 26.45] | 0.7141497959968228
-0.29431100486708767 | [ 4.95 26.15] | 0.8259306112542846
-0.3888341447473114 | [ 3.47 25.68] | 0.9239358089822696
-0.4820526689034644 | [ 1.98 25.05] | 1.007795146624571
-0.5738815550498881 | [ 0.51 24.29] | 0.9965210424526162
-0.6558781732362208 | [-2.06 21.67] | 0.6083664290014549
-0.6975012958759362 | [-7.3  13.49] | -0.09994930093787664
-0.6813514474805803 | [-11.31   4.92] | -0.7961498357851335
-0.6150441176048937 | [-14.6  -3.2] | -1.0111228229465568
-0.5276553941705411 | [-14.55  -7.37] | -0.8620094734675271
-0.4372930138681514 | [-14.8  -10.29] | -0.696828917283695
-0.3432106606151123 | [-15.05 -12.58] | -0.5024078524340746
-0.24569131958657953 | [-15.12 -14.41] | -0.2878203965503841
-0.14525748186948512 | [-14.84 -15.7 ] | -0.06164358217238876
-0.042692792951460765 | [-14.15 -16.42] | 0.16936872780924744
0.06120087012493569 | [-13.11 -16.66] | 0.3995189063646062
0.16578347343179875 | [-11.79 -16.5 ] | 0.6242643704969263
0.2705824371514447 | [-10.25 -16.03] | 0.839768724670852
0.3752264847018223 | [ -8.55 -15.31] | 1.0422661890078235
0.4793789814130015 | [ -6.71 -14.36] | 1.2273956464327904
0.582695002473349 | [ -4.74 -13.23] | 1.3889195663507528
0.6848117975651791 | [ -2.7  -11.92] | 1.5200116503199814
0.7853414303697217 | [ -0.61 -10.45] | 1.5803780897336728
0.8798029353032212 | [ 1.82 -8.56] | 1.3909874924448882
0.9482961070469889 | [ 5.28 -5.79] | 0.9252586566606439
0.9776290925390827 | [ 7.98 -3.06] | 0.33222605571714187
0.9682763299465934 | [10.23 -0.02] | -0.25159729360042826
0.9241954906881169 | [11.37  4.31] | -0.5584980800635146
0.8599370513947142 | [11.54  8.72] | -0.6354194196173463
0.7857227513313553 | [11.93 12.09] | -0.6283240980840825
0.7045188590914785 | [12.33 15.05] | -0.5610482870586393
0.6185091482325951 | [12.6  17.68] | -0.4598958753914986
0.5288705205185126 | [12.67 19.96] | -0.34040299941245883
0.4362633371664328 | [12.51 21.88] | -0.20836331676819497
0.341300407389682 | [12.1  23.44] | -0.06693514877058587
0.24467538442186987 | [11.45 24.66] | 0.0802114233091353
0.14710405278159808 | [10.58 25.53] | 0.22867470813198598
0.04922905796176 | [ 9.53 26.1 ] | 0.37411863295329123
-0.048433591962996736 | [ 8.32 26.38] | 0.5128828268654286
-0.14549587467257413 | [ 7.  26.4] | 0.642127693868298
-0.24166881983453953 | [ 5.59 26.21] | 0.7597232854878367
-0.3367352740009828 | [ 4.14 25.82] | 0.8642410172794456
-0.43055060126167843 | [ 2.66 25.27] | 0.954975646594675
-0.5230164995992607 | [ 1.19 24.58] | 1.0316900572321965
-0.6140517583735163 | [-0.27 23.77] | 0.8704267655580925
-0.6819808980414883 | [-4.46 18.26] | 0.33036393589011304
-0.7004601798956365 | [-9.07 10.04] | -0.3977974670669212
-0.6636852873816983 | [-12.77   1.45] | -1.0325036370122493
-0.5815694273805806 | [-15.77  -6.07] | -1.1479599889232472
-0.4844119162686674 | [-15.46  -9.31] | -0.927524347930207
-0.3883933112112712 | [-15.48 -11.65] | -0.7184048722195168
-0.29106327507207763 | [-15.58 -13.6 ] | -0.4983568620068284
-0.19154516160688043 | [-15.54 -15.21] | -0.2690554691076174
-0.08980465104651092 | [-15.13 -16.33] | -0.033608576034842276
0.013661398772537373 | [-14.33 -16.93] | 0.2040492662440834
0.1182662731991578 | [-13.19 -17.08] | 0.4401137393381279
0.2235547848910365 | [-11.79 -16.88] | 0.6714427958088975
0.3292022059089302 | [-10.2  -16.39] | 0.8951488553674376
0.4349501493433266 | [ -8.46 -15.66] | 1.108068528753507
0.5405518599244703 | [ -6.58 -14.73] | 1.306295304173885
0.6457362264338337 | [ -4.58 -13.62] | 1.4835759547521576
0.7501800594916889 | [ -2.48 -12.34] | 1.6313694237996885
0.8534772793676509 | [ -0.31 -10.89] | 1.6802902154758617
0.9484500980379638 | [ 2.32 -8.89] | 1.4852417709881014
1.017436230665461 | [ 5.34 -6.51] | 1.0508247794937224
1.0505046398709588 | [ 7.7  -4.16] | 0.490549661426701
1.0478467276465309 | [ 9.66 -1.54] | -0.14761753058904842
1.0087417779169283 | [11.57  1.46] | -0.5953979684931903
0.9446598237967502 | [11.55  6.76] | -0.7153547494503808
0.8704991902992935 | [11.82 10.34] | -0.7268887720696496
0.7898605059492698 | [12.18 13.34] | -0.6726005651969024
0.7049171995442725 | [12.47 16.02] | -0.5798952437929367
0.6168447023909596 | [12.6  18.36] | -0.4691473465485559
0.5260988196633729 | [12.53 20.37] | -0.3477767336834165
0.4329964483112084 | [12.26 22.04] | -0.21769789618781105
0.3379811257808642 | [11.77 23.4 ] | -0.0804949400124747
0.24163162267260277 | [11.08 24.43] | 0.06097455889262646
0.14456188388319846 | [10.19 25.16] | 0.20299992685383328
0.047323332495224635 | [ 9.14 25.61] | 0.3419033185237381
-0.04964247395612453 | [ 7.97 25.8 ] | 0.4745815237693204
-0.14600266612897975 | [ 6.69 25.77] | 0.5986072095637749
-0.2415063553710624 | [ 5.35 25.55] | 0.7121340728328265
-0.33596322315114296 | [ 3.97 25.16] | 0.8139033199610292
-0.42924009399591245 | [ 2.56 24.62] | 0.9031779132896367
-0.5212343219430263 | [ 1.16 23.95] | 0.979520085923349
-0.6118521359925431 | [-0.24 23.17] | 0.8121511163084765
-0.679427622229634 | [-4.37 17.68] | 0.2545340887999483
-0.6969097893526578 | [-9.04  9.3 ] | -0.48853810767247147
-0.6582028666131283 | [-12.77   0.69] | -1.0736378794036054
-0.5766171967518984 | [-15.36  -6.37] | -1.1541938798769507
-0.48111063527752973 | [-15.22  -9.54] | -0.9443155134208984
-0.385602230375223 | [-15.33 -11.88] | -0.7378222149825265
-0.2882765362497 | [-15.47 -13.83] | -0.5176366391971977
-0.18854487657953184 | [-15.43 -15.42] | -0.28687071315106727
-0.08653474757170054 | [-15.03 -16.5 ] | -0.04933307541155233
0.01718272552296974 | [-14.21 -17.07] | 0.19057336942139666
0.12200635297106395 | [-13.07 -17.2 ] | 0.4288850904921567
0.2274853125782087 | [-11.68 -16.98] | 0.6624189844914464
0.33330102435874687 | [-10.1  -16.48] | 0.8882833606528228
0.4392009173057988 | [ -8.36 -15.75] | 1.1033330060893736
0.5449448756197773 | [ -6.49 -14.82] | 1.3036738436430824
0.6502696243419414 | [ -4.5  -13.71] | 1.482959911859477
0.7548582625517669 | [ -2.4  -12.42] | 1.6325440197825094
0.8583064315440951 | [ -0.23 -10.97] | 1.6757450999880708
0.9526776269224464 | [ 2.44 -8.93] | 1.4756205632040937
1.0206624559613704 | [ 5.4  -6.57] | 1.043760209663484
1.0530705494455745 | [ 7.74 -4.23] | 0.48642251489454386
1.0499893606010644 | [ 9.68 -1.6 ] | -0.14805317965528153
1.010697045032333 | [11.58  1.39] | -0.5961833371497217
0.9464963681069011 | [11.56  6.7 ] | -0.7177273907444514
0.8722340027632879 | [11.82 10.27] | -0.728942234305808
0.7915738027043236 | [12.17 13.27] | -0.674213382642663
0.7066853777878617 | [12.45 15.94] | -0.5815099973469582
0.618723676665804 | [12.57 18.27] | -0.471210944866478
0.528125232414895 | [12.5  20.26] | -0.3507145889306281
0.43518751360491076 | [12.23 21.93] | -0.22183940808904198
0.3403367350286494 | [11.75 23.28] | -0.08601922676029483
0.24413913165449497 | [11.06 24.31] | 0.054042820217018436
0.14720163780603354 | [10.19 25.03] | 0.19476000389199982
0.050072808254541495 | [ 9.15 25.48] | 0.33254097934362864
-0.04680670241400038 | [ 7.99 25.67] | 0.46434055826784154
-0.14310459412034066 | [ 6.73 25.64] | 0.5877699154600013
-0.23857081900512364 | [ 5.41 25.43] | 0.7010017723240212
-0.33301450651864406 | [ 4.04 25.04] | 0.8027671074796568
-0.42629981979848985 | [ 2.65 24.51] | 0.8922912059647138
-0.5183210670626105 | [ 1.25 23.85] | 0.9690859084116981
-0.6089813016356262 | [-0.13 23.09] | 0.8195911156510336
-0.6783213897452794 | [-4.04 17.98] | 0.27501617267692896
-0.6986377127972268 | [-8.79  9.57] | -0.4752200550688922
-0.662130304248806 | [-12.56   0.94] | -1.107159216074712
-0.5801660314168694 | [-15.49  -6.46] | -1.2113890373731384
-0.4832383234144094 | [-15.26  -9.61] | -0.9878519392695171
-0.3871492654586278 | [-15.33 -11.92] | -0.7760539850065195
-0.28961699849210887 | [-15.46 -13.86] | -0.5533428771829503
-0.18982844697937729 | [-15.44 -15.46] | -0.32087089817527703
-0.08779680352378208 | [-15.06 -16.57] | -0.08175843244345213
0.015952628122046498 | [-14.27 -17.17] | 0.15990876040590687
0.12083323217275509 | [-13.14 -17.33] | 0.4003196777842215
0.22640402927914527 | [-11.76 -17.13] | 0.6364299962104726
0.33235891404741424 | [-10.19 -16.66] | 0.865502852993306
0.4384611148033183 | [ -8.47 -15.95] | 1.0845611112774762
0.544489706977537 | [ -6.62 -15.04] | 1.2899456756027736
0.6502038235109671 | [ -4.63 -13.95] | 1.4756977218227285
0.7553091978969381 | [ -2.54 -12.69] | 1.6330199847538238
0.85941594517663 | [ -0.37 -11.26] | 1.6976322879046553
0.9559841389153191 | [ 2.21 -9.32] | 1.5240631661230417
1.0275580559632138 | [ 5.16 -6.99] | 1.1143315288373954
1.0640548251774475 | [ 7.49 -4.73] | 0.5789619209571516
1.0658624847805223 | [ 9.41 -2.2 ] | -0.04293549831757594
1.0321107572932824 | [11.24  0.68] | -0.5382208595592929
0.971332965531443 | [11.51  5.64] | -0.7193971071004038
0.8981088178968937 | [11.72  9.42] | -0.7461885797668608
0.8182607591726629 | [12.06 12.49] | -0.7013564246720891
0.7340951183859671 | [12.36 15.21] | -0.614027663157798
0.6468949198835171 | [12.52 17.59] | -0.5073350520775799
0.5571169756787588 | [12.49 19.64] | -0.39062874833376704
0.4649891272735167 | [12.27 21.36] | -0.26603445576227014
0.3708481190562808 | [11.85 22.77] | -0.13441014310820765
0.27519859887464204 | [11.23 23.86] | 0.0022190163163439552
0.17862782881200107 | [10.42 24.65] | 0.14066681487085714
0.08169651605795361 | [ 9.44 25.16] | 0.2774434342738797
-0.015129125956741298 | [ 8.34 25.41] | 0.4094425467757212
-0.11149238074423834 | [ 7.13 25.44] | 0.5341734067978632
-0.2071263688566884 | [ 5.85 25.28] | 0.649697266860943
-0.30182567138968464 | [ 4.51 24.95] | 0.7545774273230493
Total reward: 219.57471092005557
