-1.6, -4.5, 4.0, -2.8, -2.2, -2.6, -4.5, 2.3, 2.3, -1.2, 0.2, 0.0, 1.1, -0.8, -2.3, 5.8, 0.4, 2.2
parameter ends

state | action | reward
[1.55] | 2 | -0.5
1.6865724168446647 | 2 | -0.5
1.92261161758684 | 2 | -0.5
2.4260711889049977 | 2 | -0.5
3.2439796014724567 | 2 | -0.5
6.154274888340549 | 2 | -0.5
13.832316138463002 | 2 | -0.5
8.13812731731093 | 2 | -0.5
4.202623481277174 | 2 | -0.5
2.9204474440264385 | 2 | -0.5
2.369605221321412 | 2 | -0.5
2.07370614882776 | 2 | -0.5
1.87786414647768 | 2 | -0.5
1.792400605984612 | 2 | -0.5
1.8152100610634598 | 2 | -0.5
1.8635222329954735 | 2 | -0.5
1.9612829231167985 | 2 | -0.5
2.21496951689649 | 2 | -0.5
2.6226228059348444 | 2 | -0.5
3.536332382822554 | 2 | -0.5
5.435732816851268 | 2 | -0.5
6.66748926404456 | 2 | -0.5
6.6844041677642245 | 2 | -0.5
6.920746302829731 | 2 | -0.5
3.278915806709803 | 2 | -0.5
2.4285577493343267 | 2 | -0.5
2.066900413910343 | 2 | -0.5
1.8627643358973094 | 2 | -0.5
1.6592178732197926 | 2 | -0.5
1.6274116839133326 | 2 | -0.5
1.6862022246417616 | 2 | -0.5
1.725890137558494 | 2 | -0.5
1.8648504601685656 | 2 | -0.5
2.1099771504563045 | 2 | -0.5
2.5112979806226288 | 2 | -0.5
3.2622350572851615 | 2 | -0.5
5.343525213158887 | 2 | -0.5
13.764118321753982 | 2 | -0.5
9.89682572493118 | 2 | -0.5
4.108631089121976 | 2 | -0.5
2.8891454359727 | 2 | -0.5
2.320166713979401 | 2 | -0.5
1.994774252366143 | 2 | -0.5
1.8774484554271125 | 2 | -0.5
1.7599484651852837 | 2 | -0.5
1.7380156889604246 | 2 | -0.5
1.7467717191831373 | 2 | -0.5
1.8873866637256311 | 2 | -0.5
2.0244545963640186 | 2 | -0.5
2.335537806336827 | 2 | -0.5
3.077118078895846 | 2 | -0.5
5.166906615762431 | 2 | -0.5
6.747070711960479 | 2 | -0.5
6.7588021013069035 | 2 | -0.5
7.097702849368627 | 2 | -0.5
2.900317891430799 | 2 | -0.5
2.2330540368174727 | 2 | -0.5
1.8602542170319627 | 2 | -0.5
1.6812598415478799 | 2 | -0.5
1.6472415512184393 | 2 | -0.5
1.6087402687366736 | 2 | -0.5
1.6258947967426685 | 2 | -0.5
1.7208154238833118 | 2 | -0.5
1.9938406381219593 | 2 | -0.5
2.2802454902762297 | 2 | -0.5
2.8546875949910815 | 2 | -0.5
4.191416527632186 | 2 | -0.5
9.677588277878819 | 2 | -0.5
13.683354799386937 | 2 | -0.5
6.4284985757399316 | 2 | -0.5
3.6011388850751285 | 2 | -0.5
2.8456744441472344 | 2 | -0.5
2.3647560870621422 | 2 | -0.5
2.058122936055626 | 2 | -0.5
1.8926346612580258 | 2 | -0.5
1.8408634675296294 | 2 | -0.5
1.83037033252599 | 2 | -0.5
1.8646148880630975 | 2 | -0.5
1.9680877540415005 | 2 | -0.5
2.250197315729579 | 2 | -0.5
2.68878483478724 | 2 | -0.5
3.7274370566242427 | 2 | -0.5
5.843984115753601 | 2 | -0.5
6.808236801193276 | 2 | -0.5
6.785116699361771 | 2 | -0.5
7.006308126775226 | 2 | -0.5
3.2033742252622712 | 2 | -0.5
2.380662455206935 | 2 | -0.5
2.002523265611857 | 2 | -0.5
1.7588337699707306 | 2 | -0.5
1.593985451538562 | 2 | -0.5
1.5767845485223724 | 2 | -0.5
1.58312425515581 | 2 | -0.5
1.659926282441907 | 2 | -0.5
1.778693110198959 | 2 | -0.5
2.0321608759279863 | 2 | -0.5
2.4186863605443887 | 2 | -0.5
3.3374803067411536 | 2 | -0.5
6.32382561042918 | 2 | -0.5
13.692240920678335 | 2 | -0.5
9.065788418024 | 2 | -0.5
4.527046837896195 | 2 | -0.5
3.1171702663888947 | 2 | -0.5
2.533125915956086 | 2 | -0.5
2.1139210680970693 | 2 | -0.5
1.9667802905233833 | 2 | -0.5
1.893227302534213 | 2 | -0.5
1.8740141957055305 | 2 | -0.5
1.8962048370136075 | 2 | -0.5
2.128673141413882 | 2 | -0.5
2.4184101005808984 | 2 | -0.5
2.889202272127307 | 2 | -0.5
4.036963960618811 | 2 | -0.5
6.713787841876878 | 2 | -0.5
6.673750827662645 | 2 | -0.5
6.742242715701737 | 2 | -0.5
3.8940255329441813 | 2 | -0.5
2.604729046024067 | 2 | -0.5
2.0623290411494555 | 2 | -0.5
1.7051288951680588 | 2 | -0.5
1.5472204183431513 | 2 | -0.5
1.4506731335609568 | 2 | -0.5
1.4916847366544574 | 2 | -0.5
1.5166455431463939 | 2 | -0.5
1.6367624061057446 | 2 | -0.5
1.9401965303819257 | 2 | -0.5
2.385716922379449 | 2 | -0.5
3.3887514911209045 | 2 | -0.5
7.3519438290334405 | 2 | -0.5
13.68302451266028 | 2 | -0.5
7.887594417419428 | 2 | -0.5
4.35845771551649 | 2 | -0.5
3.1784487318898154 | 2 | -0.5
2.537314474295409 | 2 | -0.5
2.2354320030277264 | 2 | -0.5
2.018847785966686 | 2 | -0.5
1.9180314255848998 | 2 | -0.5
1.9131233654918118 | 2 | -0.5
1.9917784464386623 | 2 | -0.5
2.1299917926763796 | 2 | -0.5
2.3932057284643076 | 2 | -0.5
2.7754333946689664 | 2 | -0.5
3.707044595460919 | 2 | -0.5
6.112776250761531 | 2 | -0.5
6.737769042358223 | 2 | -0.5
6.6757039085327845 | 2 | -0.5
6.937211360703715 | 2 | -0.5
3.3636573196526456 | 2 | -0.5
2.5108860248169163 | 2 | -0.5
2.0329342417337175 | 2 | -0.5
1.7614242335080788 | 2 | -0.5
1.5774334985101324 | 2 | -0.5
1.5385621805703087 | 2 | -0.5
1.4538519208054448 | 2 | -0.5
1.5537448342755642 | 2 | -0.5
1.6323965785606604 | 2 | -0.5
1.82820712210117 | 2 | -0.5
2.0676276582539264 | 2 | -0.5
2.42906099006791 | 2 | -0.5
3.395035985124478 | 2 | -0.5
6.606915380476194 | 2 | -0.5
13.779841878387728 | 2 | -0.5
7.956543283379554 | 2 | -0.5
4.48324756695443 | 2 | -0.5
3.0600627786061088 | 2 | -0.5
2.437957268638678 | 2 | -0.5
2.101333907976395 | 2 | -0.5
1.9601199247636625 | 2 | -0.5
1.9344274861343866 | 2 | -0.5
1.935823153693893 | 2 | -0.5
2.016851761668379 | 2 | -0.5
2.2288949229535477 | 2 | -0.5
2.576772752073845 | 2 | -0.5
3.1634458103137493 | 2 | -0.5
4.378532714660607 | 2 | -0.5
6.778526934954884 | 2 | -0.5
6.671754077666709 | 2 | -0.5
6.7247632692321835 | 2 | -0.5
3.742974832148422 | 2 | -0.5
2.533856307288924 | 2 | -0.5
2.1642416898296006 | 2 | -0.5
1.7975659543256477 | 2 | -0.5
1.600590244133926 | 2 | -0.5
1.5084695079413355 | 2 | -0.5
1.5174460065180722 | 2 | -0.5
1.6090233382584083 | 2 | -0.5
1.721340053264728 | 2 | -0.5
1.9519325735418234 | 2 | -0.5
2.421314749735411 | 2 | -0.5
3.585006558831101 | 2 | -0.5
6.5381879354765315 | 2 | -0.5
13.676655523776455 | 2 | -0.5
8.039628258057611 | 2 | -0.5
3.9161256542646976 | 2 | -0.5
2.9390675364360708 | 2 | -0.5
2.4604094945587467 | 2 | -0.5
2.179616021061927 | 2 | -0.5
2.0240987909186896 | 2 | -0.5
1.9328137658796931 | 2 | -0.5
1.9653985137114658 | 2 | -0.5
2.011960434594176 | 2 | -0.5
2.13411407914236 | 2 | -0.5
2.389078882189994 | 2 | -0.5
2.823624083682137 | 2 | -0.5
3.660083620681492 | 2 | -0.5
5.841561477615296 | 2 | -0.5
6.767843978986808 | 2 | -0.5
6.780201546416388 | 2 | -0.5
7.07407162914349 | 2 | -0.5
2.936239508139934 | 2 | -0.5
2.2312798125061213 | 2 | -0.5
1.830519239545714 | 2 | -0.5
1.6120388981402625 | 2 | -0.5
1.5276378672347088 | 2 | -0.5
1.4844554186887335 | 2 | -0.5
1.5223845207139834 | 2 | -0.5
1.5741442253606601 | 2 | -0.5
1.722434923370517 | 2 | -0.5
1.9728232514276067 | 2 | -0.5
2.45002454169664 | 2 | -0.5
3.4202218777991185 | 2 | -0.5
6.61457169477688 | 2 | -0.5
13.698583083918818 | 2 | -0.5
10.393283083766873 | 2 | -0.5
4.9530656641849395 | 2 | -0.5
3.3045062225597306 | 2 | -0.5
2.479915128842394 | 2 | -0.5
2.097794004288098 | 2 | -0.5
1.9064900748339948 | 2 | -0.5
1.8205840894693566 | 2 | -0.5
1.7873896263755833 | 2 | -0.5
1.7653763358011907 | 2 | -0.5
1.8973846394035687 | 2 | -0.5
2.1163556156302454 | 2 | -0.5
2.476025339522478 | 2 | -0.5
3.128041030283809 | 2 | -0.5
4.075633321311731 | 2 | -0.5
6.908093631944943 | 2 | -0.5
6.7145804043130415 | 2 | -0.5
6.777356889157925 | 2 | -0.5
7.058197202006419 | 2 | -0.5
3.3717524937598684 | 2 | -0.5
2.4905607338019187 | 2 | -0.5
2.146077779111749 | 2 | -0.5
1.894017171005767 | 2 | -0.5
1.7745498139698466 | 2 | -0.5
1.7107104161092506 | 2 | -0.5
1.6738809943730077 | 2 | -0.5
1.6840220005336006 | 2 | -0.5
1.8345076731157395 | 2 | -0.5
2.0111227514050074 | 2 | -0.5
2.3853585387021097 | 2 | -0.5
2.9845368227137823 | 2 | -0.5
4.7907516664420715 | 2 | -0.5
13.774608755676699 | 2 | -0.5
13.679417469268886 | 2 | -0.5
5.925001821619304 | 2 | -0.5
3.830778566563574 | 2 | -0.5
2.756027338804686 | 2 | -0.5
2.303815578293487 | 2 | -0.5
1.9674883393370879 | 2 | -0.5
1.7414503590286272 | 2 | -0.5
1.7357986665382825 | 2 | -0.5
1.703306552155668 | 2 | -0.5
1.793620719521054 | 2 | -0.5
1.9243895293309223 | 2 | -0.5
2.1555533437793977 | 2 | -0.5
2.7286681879817114 | 2 | -0.5
3.8317301702898434 | 2 | -0.5
6.112620847148193 | 2 | -0.5
6.732858882421822 | 2 | -0.5
6.853346266130741 | 2 | -0.5
7.21324605005399 | 2 | -0.5
2.894755255637222 | 2 | -0.5
2.2290148500932943 | 2 | -0.5
1.96844775210777 | 2 | -0.5
1.785026906516652 | 2 | -0.5
1.7281398732988964 | 2 | -0.5
1.6850780020616427 | 2 | -0.5
1.7507817217470878 | 2 | -0.5
1.879009680334322 | 2 | -0.5
2.162453444987862 | 2 | -0.5
2.5777626735879493 | 2 | -0.5
3.510562372013854 | 2 | -0.5
5.346743666392088 | 2 | -0.5
13.654604599089964 | 2 | -0.5
13.595568156955322 | 2 | -0.5
4.981999045643994 | 2 | -0.5
3.4108629097933982 | 2 | -0.5
2.521737651813853 | 2 | -0.5
2.09790012562242 | 2 | -0.5
1.8386519172287243 | 2 | -0.5
1.7276015988828537 | 2 | -0.5
1.7009162504712942 | 2 | -0.5
1.6711046079970244 | 2 | -0.5
1.7998306382419558 | 2 | -0.5
1.9654442337773952 | 2 | -0.5
2.3012987969706797 | 2 | -0.5
3.0226998412954034 | 2 | -0.5
4.1639930500424756 | 2 | -0.5
6.931413101414547 | 2 | -0.5
6.785803660211292 | 2 | -0.5
6.922607499961329 | 2 | -0.5
7.258370840167416 | 2 | -0.5
3.325389764383079 | 2 | -0.5
2.4967474264876977 | 2 | -0.5
2.0975687027449563 | 2 | -0.5
1.9369327558044638 | 2 | -0.5
1.8194258551251392 | 2 | -0.5
1.7644331414939556 | 2 | -0.5
1.7834360928924755 | 2 | -0.5
1.8548101718933405 | 2 | -0.5
2.070309546075962 | 2 | -0.5
2.414050520452601 | 2 | -0.5
2.939062751884222 | 2 | -0.5
4.3113473399431 | 2 | -0.5
9.618036739015372 | 2 | -0.5
13.542573399406258 | 2 | -0.5
7.413118060756119 | 2 | -0.5
3.749847829021925 | 2 | -0.5
2.746475452872092 | 2 | -0.5
2.2551237344385995 | 2 | -0.5
1.8858249357777728 | 2 | -0.5
1.680202286708886 | 2 | -0.5
1.6357203730907368 | 2 | -0.5
1.6217312615786077 | 2 | -0.5
1.675888123701358 | 2 | -0.5
1.792471802724002 | 2 | -0.5
1.9698807974520385 | 2 | -0.5
2.3015505290176757 | 2 | -0.5
2.9569205506770415 | 2 | -0.5
4.8609281983379695 | 2 | -0.5
6.8075784548997325 | 2 | -0.5
6.802145587827614 | 2 | -0.5
6.903603675203543 | 2 | -0.5
3.7506218787568923 | 2 | -0.5
2.6425198882965626 | 2 | -0.5
2.2011054505742456 | 2 | -0.5
1.9847557712037647 | 2 | -0.5
1.8767163241638256 | 2 | -0.5
1.8118960956843524 | 2 | -0.5
1.7365824708527062 | 2 | -0.5
1.773275143672008 | 2 | -0.5
1.893907234711459 | 2 | -0.5
2.07998503438345 | 2 | -0.5
2.4632848576753186 | 2 | -0.5
3.139057906155885 | 2 | -0.5
4.100318720393236 | 2 | -0.5
7.830800618866449 | 2 | -0.5
13.697270937237175 | 2 | -0.5
8.010458427095003 | 2 | -0.5
4.35602163067014 | 2 | -0.5
3.0732964258242195 | 2 | -0.5
2.3056406667841975 | 2 | -0.5
1.9130338121904868 | 2 | -0.5
1.7841752359405367 | 2 | -0.5
1.6758355082268739 | 2 | -0.5
1.6565543092576662 | 2 | -0.5
1.6360552331429317 | 2 | -0.5
1.722777018551244 | 2 | -0.5
1.8854985580749437 | 2 | -0.5
2.2301908223015223 | 2 | -0.5
2.781461369487731 | 2 | -0.5
3.9517949480603223 | 2 | -0.5
6.735224947242785 | 2 | -0.5
6.6926396085003 | 2 | -0.5
6.821961230634088 | 2 | -0.5
7.188475738660575 | 2 | -0.5
2.971781255754251 | 2 | -0.5
2.4501090194287993 | 2 | -0.5
2.0723338948201526 | 2 | -0.5
1.8154022169974375 | 2 | -0.5
1.713518084658886 | 2 | -0.5
1.6682796673525884 | 2 | -0.5
1.7310230742583435 | 2 | -0.5
1.7704613397061624 | 2 | -0.5
1.9668552961174397 | 2 | -0.5
2.2509398228817545 | 2 | -0.5
2.7254359692991783 | 2 | -0.5
3.416110990947239 | 2 | -0.5
5.584883099965922 | 2 | -0.5
13.675246403205405 | 2 | -0.5
12.0817818578342 | 2 | -0.5
4.665090670095421 | 2 | -0.5
2.8803754142571876 | 2 | -0.5
2.268500169043983 | 2 | -0.5
1.8972955965681264 | 2 | -0.5
1.747520879638292 | 2 | -0.5
1.6388492640926597 | 2 | -0.5
1.630610947587347 | 2 | -0.5
1.615346939330319 | 2 | -0.5
1.649547834658988 | 2 | -0.5
1.8095978295078505 | 2 | -0.5
2.1043840850253295 | 2 | -0.5
2.5553043860018567 | 2 | -0.5
3.3559519847350954 | 2 | -0.5
5.997477793346944 | 2 | -0.5
6.750192815118383 | 2 | -0.5
6.814641401592343 | 2 | -0.5
7.038327241344318 | 2 | -0.5
3.521446588253429 | 2 | -0.5
2.7294222161165664 | 2 | -0.5
2.3073426043122085 | 2 | -0.5
2.0732837295150226 | 2 | -0.5
1.924335755028373 | 2 | -0.5
1.8611971036831778 | 2 | -0.5
1.9099184795627469 | 2 | -0.5
2.038338513596139 | 2 | -0.5
2.2183876997848633 | 2 | -0.5
2.679732327447967 | 2 | -0.5
3.337194367817516 | 2 | -0.5
5.1442936241539 | 2 | -0.5
10.190984467804283 | 2 | -0.5
13.592986175444027 | 2 | -0.5
7.103016780103518 | 2 | -0.5
3.8375342744670364 | 2 | -0.5
2.619785502415077 | 2 | -0.5
2.0879878255542836 | 2 | -0.5
1.8473018844911755 | 2 | -0.5
1.6485580351222129 | 2 | -0.5
1.5913922342232183 | 2 | -0.5
1.5487009741940347 | 2 | -0.5
1.6084392096474531 | 2 | -0.5
1.692490923087773 | 2 | -0.5
1.8803574484471406 | 2 | -0.5
2.1698779610518946 | 2 | -0.5
2.684750090105847 | 2 | -0.5
3.9960444997646762 | 2 | -0.5
6.854933565656482 | 2 | -0.5
6.829191972870242 | 2 | -0.5
7.045843142780653 | 2 | -0.5
4.083379795933691 | 2 | -0.5
2.9830592937793887 | 2 | -0.5
2.4976511356143987 | 2 | -0.5
2.103536515487032 | 2 | -0.5
1.9198988404598836 | 2 | -0.5
1.76819004798792 | 2 | -0.5
1.7738599100023524 | 2 | -0.5
1.8244561975609077 | 2 | -0.5
1.896131740731471 | 2 | -0.5
2.129497506286275 | 2 | -0.5
2.5318058522759292 | 2 | -0.5
3.0780021467102827 | 2 | -0.5
4.156231962518338 | 2 | -0.5
8.269161197889296 | 2 | -0.5
13.450182369991618 | 2 | -0.5
6.774246223074773 | 2 | -0.5
3.64600333026221 | 2 | -0.5
2.651363816939012 | 2 | -0.5
2.114868135842799 | 2 | -0.5
1.8542815082085873 | 2 | -0.5
1.7349590441005096 | 2 | -0.5
1.6227920132939884 | 2 | -0.5
1.6198305563394904 | 2 | -0.5
1.6321069033736733 | 2 | -0.5
1.7901061255727915 | 2 | -0.5
2.0068495744904022 | 2 | -0.5
2.377767701508045 | 2 | -0.5
3.0308358152459616 | 2 | -0.5
4.964716752770707 | 2 | -0.5
6.929214399230807 | 2 | -0.5
6.890586722670667 | 2 | -0.5
7.104643709176695 | 2 | -0.5
3.982750907059294 | 2 | -0.5
2.8851930122309364 | 2 | -0.5
2.3770802047767834 | 2 | -0.5
2.157904130978363 | 2 | -0.5
1.9285214948323814 | 2 | -0.5
1.8993859330868117 | 2 | -0.5
1.872136022232362 | 2 | -0.5
1.966108573092442 | 2 | -0.5
2.11307181905127 | 2 | -0.5
2.4187670441442215 | 2 | -0.5
3.08634249084219 | 2 | -0.5
4.72517894421284 | 2 | -0.5
9.518759214066867 | 2 | -0.5
13.532564323435896 | 2 | -0.5
7.16297102067467 | 2 | -0.5
3.8404596836722833 | 2 | -0.5
2.4918474956201426 | 2 | -0.5
2.018422648774942 | 2 | -0.5
1.7645088159553455 | 2 | -0.5
1.5957869397405953 | 2 | -0.5
1.4818488422228846 | 2 | -0.5
1.470427947137937 | 2 | -0.5
1.4907468085319682 | 2 | -0.5
1.6237957116260417 | 2 | -0.5
1.7864372953197518 | 2 | -0.5
2.0995103869752882 | 2 | -0.5
2.5298446929695615 | 2 | -0.5
3.220731547472351 | 2 | -0.5
5.841907354354334 | 2 | -0.5
6.822415239834627 | 2 | -0.5
6.948321300565385 | 2 | -0.5
7.3572694214379535 | 2 | -0.5
3.157527733776217 | 2 | -0.5
2.569184042847359 | 2 | -0.5
2.1455802767062737 | 2 | -0.5
2.02592850089397 | 2 | -0.5
1.9431617647950858 | 2 | -0.5
1.9159142145432566 | 2 | -0.5
1.9433067300531968 | 2 | -0.5
2.0784614774107277 | 2 | -0.5
2.3029217182112265 | 2 | -0.5
2.632325592134046 | 2 | -0.5
3.4432775857564497 | 2 | -0.5
5.4588197238544005 | 2 | -0.5
13.735502079679796 | 2 | -0.5
13.107200839053903 | 2 | -0.5
5.237757689721216 | 2 | -0.5
3.0502134481552963 | 2 | -0.5
2.2600302950800764 | 2 | -0.5
1.9495735048344844 | 2 | -0.5
1.7294368938969225 | 2 | -0.5
1.6360948331090779 | 2 | -0.5
1.5837464721105405 | 2 | -0.5
1.613518237494612 | 2 | -0.5
1.690346998828479 | 2 | -0.5
1.9123325536947746 | 2 | -0.5
2.207912738813856 | 2 | -0.5
2.586169631186249 | 2 | -0.5
4.098632468911973 | 2 | -0.5
6.828714708993159 | 2 | -0.5
6.841763163163475 | 2 | -0.5
7.011092081022177 | 2 | -0.5
3.831355351250262 | 2 | -0.5
2.8657210722862225 | 2 | -0.5
2.3672933540042167 | 2 | -0.5
2.059331035602082 | 2 | -0.5
1.8061885718457054 | 2 | -0.5
1.797113178516152 | 2 | -0.5
1.7833667296977183 | 2 | -0.5
1.8237229387732337 | 2 | -0.5
1.9459415007288583 | 2 | -0.5
2.1783282216944104 | 2 | -0.5
2.559861855555656 | 2 | -0.5
3.2044979309636057 | 2 | -0.5
4.392395509024018 | 2 | -0.5
10.605807654610965 | 2 | -0.5
13.602418725862401 | 2 | -0.5
7.855346731633091 | 2 | -0.5
4.230413061062933 | 2 | -0.5
3.056859252167426 | 2 | -0.5
2.2478810960888556 | 2 | -0.5
1.8936300556912706 | 2 | -0.5
1.760019186863608 | 2 | -0.5
1.6763903349666909 | 2 | -0.5
1.714717764530497 | 2 | -0.5
1.676336720540463 | 2 | -0.5
1.7871183116377891 | 2 | -0.5
1.897501051339851 | 2 | -0.5
2.2428371686684687 | 2 | -0.5
2.7648093303749888 | 2 | -0.5
4.201185705608195 | 2 | -0.5
6.923121553892326 | 2 | -0.5
6.810314475007838 | 2 | -0.5
6.97974646115286 | 2 | -0.5
7.3519321354644065 | 2 | -0.5
2.7756055267778574 | 2 | -0.5
2.3139022806321914 | 2 | -0.5
1.8863427995147195 | 2 | -0.5
1.7486970764802445 | 2 | -0.5
1.6553974227863348 | 2 | -0.5
1.6913968023861368 | 2 | -0.5
1.7052758649972597 | 2 | -0.5
1.8506735003133588 | 2 | -0.5
1.9807328296374496 | 2 | -0.5
2.328025693387223 | 2 | -0.5
2.740537664512311 | 2 | -0.5
3.973243313684292 | 2 | -0.5
7.278272655308662 | 2 | -0.5
13.607496397148537 | 2 | -0.5
6.223644940450683 | 2 | -0.5
3.7383608325700437 | 2 | -0.5
2.7091800852397463 | 2 | -0.5
2.2606816466619537 | 2 | -0.5
2.0267931240280683 | 2 | -0.5
1.8386674007807475 | 2 | -0.5
1.8106636296612517 | 2 | -0.5
1.7118899249928963 | 2 | -0.5
1.8084314116418878 | 2 | -0.5
1.908612727202191 | 2 | -0.5
2.1231918658611724 | 2 | -0.5
2.442405362075271 | 2 | -0.5
3.1028981591437224 | 2 | -0.5
4.362384235149807 | 2 | -0.5
6.943473151457006 | 2 | -0.5
6.843060773362027 | 2 | -0.5
6.9400989585283055 | 2 | -0.5
4.0079291437108076 | 2 | -0.5
2.827633145822504 | 2 | -0.5
2.2307243061954276 | 2 | -0.5
1.9291354627691197 | 2 | -0.5
1.7509764922507314 | 2 | -0.5
1.6793949636616603 | 2 | -0.5
1.6380035767785357 | 2 | -0.5
1.7032966595737111 | 2 | -0.5
1.8629737581118413 | 2 | -0.5
2.1676445290464565 | 2 | -0.5
2.750055297599265 | 2 | -0.5
3.842186900965308 | 2 | -0.5
6.613163527702861 | 2 | -0.5
13.503176427594745 | 2 | -0.5
9.088241005026669 | 2 | -0.5
4.625196613910758 | 2 | -0.5
2.9768756840901203 | 2 | -0.5
2.3811116019406824 | 2 | -0.5
2.024819205509365 | 2 | -0.5
1.8864252856820427 | 2 | -0.5
1.7060119306616108 | 2 | -0.5
1.7455919945054434 | 2 | -0.5
1.7756857056665893 | 2 | -0.5
1.8193336186480973 | 2 | -0.5
2.0094840044640585 | 2 | -0.5
2.402964668468112 | 2 | -0.5
3.1100184986802306 | 2 | -0.5
5.0675148559576355 | 2 | -0.5
6.947020995221292 | 2 | -0.5
6.908822065759933 | 2 | -0.5
7.070218222528506 | 2 | -0.5
3.596851999874589 | 2 | -0.5
2.6681647368454215 | 2 | -0.5
2.1279572747325832 | 2 | -0.5
1.8879734855338663 | 2 | -0.5
1.6843086774495992 | 2 | -0.5
1.6682046832748068 | 2 | -0.5
1.6676053253428091 | 2 | -0.5
1.6904956304397571 | 2 | -0.5
1.7855994750826016 | 2 | -0.5
1.9544962088166398 | 2 | -0.5
2.346624694176526 | 2 | -0.5
2.9491659517460977 | 2 | -0.5
4.53954282459287 | 2 | -0.5
9.43042660569978 | 2 | -0.5
13.499831297599147 | 2 | -0.5
6.109722217094962 | 2 | -0.5
3.747265986283969 | 2 | -0.5
2.818925941206545 | 2 | -0.5
2.360143544478944 | 2 | -0.5
2.047694808043964 | 2 | -0.5
1.9108667312866983 | 2 | -0.5
1.8368757169253223 | 2 | -0.5
1.8196036855464428 | 2 | -0.5
1.8480626040234138 | 2 | -0.5
1.9933709049023058 | 2 | -0.5
2.2435082774876034 | 2 | -0.5
2.792355598574559 | 2 | -0.5
3.7810350246141913 | 2 | -0.5
6.987262183494915 | 2 | -0.5
6.842898042092753 | 2 | -0.5
6.889562702092338 | 2 | -0.5
7.268373334614592 | 2 | -0.5
2.7754330787584163 | 2 | -0.5
2.161895271512205 | 2 | -0.5
1.864337987217171 | 2 | -0.5
1.6624476126863674 | 2 | -0.5
1.5534541145857348 | 2 | -0.5
1.4922610023994796 | 2 | -0.5
1.5123133640935733 | 2 | -0.5
1.6173069830589493 | 2 | -0.5
1.8002982360336677 | 2 | -0.5
2.0551572515691805 | 2 | -0.5
2.589286383256649 | 2 | -0.5
3.878208374374879 | 2 | -0.5
8.904032412874116 | 2 | -0.5
13.533944179588278 | 2 | -0.5
9.891515945475975 | 2 | -0.5
4.780973749163654 | 2 | -0.5
3.3459472017562732 | 2 | -0.5
2.6172545252476023 | 2 | -0.5
2.3093042097154655 | 2 | -0.5
2.044555654360386 | 2 | -0.5
1.9342373575538458 | 2 | -0.5
1.9408807853778942 | 2 | -0.5
1.9203431983285892 | 2 | -0.5
2.0882925033886597 | 2 | -0.5
2.29612690971048 | 2 | -0.5
2.7263043136068097 | 2 | -0.5
3.4930599965831814 | 2 | -0.5
5.87418379455518 | 2 | -0.5
6.941952649033254 | 2 | -0.5
6.8927285593275425 | 2 | -0.5
7.109804861797906 | 2 | -0.5
3.260145906478818 | 2 | -0.5
2.4170783495893895 | 2 | -0.5
1.9751535162960765 | 2 | -0.5
1.6892673059454737 | 2 | -0.5
1.614268669065017 | 2 | -0.5
1.596618703681877 | 2 | -0.5
1.5945556966787788 | 2 | -0.5
1.6984097339919262 | 2 | -0.5
1.7996014222720451 | 2 | -0.5
2.0614587366810144 | 2 | -0.5
2.428406383670792 | 2 | -0.5
3.03920801357118 | 2 | -0.5
4.790792312300357 | 2 | -0.5
13.642778354074363 | 2 | -0.5
13.578336876957842 | 2 | -0.5
6.53650929197122 | 2 | -0.5
3.6464083545107733 | 2 | -0.5
2.6817538897480904 | 2 | -0.5
2.242045510440341 | 2 | -0.5
1.9917924811671965 | 2 | -0.5
1.825385054460507 | 2 | -0.5
1.7755593575650384 | 2 | -0.5
1.8315199694555195 | 2 | -0.5
1.9250257212308601 | 2 | -0.5
2.145264534290611 | 2 | -0.5
2.519873317074575 | 2 | -0.5
3.2361478998770736 | 2 | -0.5
5.336115664036179 | 2 | -0.5
6.8488293483300415 | 2 | -0.5
6.792833754881837 | 2 | -0.5
7.092776666273884 | 2 | -0.5
3.181193005146632 | 2 | -0.5
2.4313184723443415 | 2 | -0.5
1.992591016125266 | 2 | -0.5
1.7041648550990114 | 2 | -0.5
1.6193441369761499 | 2 | -0.5
1.6222378244943738 | 2 | -0.5
1.5779280169883954 | 2 | -0.5
1.6455035273902485 | 2 | -0.5
1.808313427365617 | 2 | -0.5
2.064975155689644 | 2 | -0.5
2.598490901585088 | 2 | -0.5
3.602828136332091 | 2 | -0.5
6.6699187218546285 | 2 | -0.5
13.507893532763031 | 2 | -0.5
9.791055400502875 | 2 | -0.5
5.258844336014525 | 2 | -0.5
3.513884234703027 | 2 | -0.5
2.7746585514115485 | 2 | -0.5
2.285649840739898 | 2 | -0.5
2.0874875295245197 | 2 | -0.5
1.922996074481449 | 2 | -0.5
1.8734344711611735 | 2 | -0.5
1.9164375653783252 | 2 | -0.5
2.0345061548829295 | 2 | -0.5
2.242457873442497 | 2 | -0.5
2.639643497443572 | 2 | -0.5
3.2155570976237935 | 2 | -0.5
4.898292705753555 | 2 | -0.5
6.995169929154654 | 2 | -0.5
6.879886133612419 | 2 | -0.5
7.029864365064082 | 2 | -0.5
3.7508026380881914 | 2 | -0.5
2.49679228985932 | 2 | -0.5
2.1115117511213577 | 2 | -0.5
1.842994217439075 | 2 | -0.5
1.7074178117179137 | 2 | -0.5
1.5354616711753404 | 2 | -0.5
1.534405488896741 | 2 | -0.5
1.6060522258440768 | 2 | -0.5
1.6991829365685556 | 2 | -0.5
1.8401890660617994 | 2 | -0.5
2.231144698416683 | 2 | -0.5
2.885801203577158 | 2 | -0.5
4.36046556782799 | 2 | -0.5
9.586032655163109 | 2 | -0.5
13.573148480217077 | 2 | -0.5
7.65578570601402 | 2 | -0.5
4.304003839853293 | 2 | -0.5
2.91049201602651 | 2 | -0.5
2.3655982307161887 | 2 | -0.5
2.136321918028013 | 2 | -0.5
1.9578314931885028 | 2 | -0.5
1.854480437007581 | 2 | -0.5
1.8450713030401702 | 2 | -0.5
1.9398720002028988 | 2 | -0.5
2.0608018426029804 | 2 | -0.5
2.3128535621339843 | 2 | -0.5
2.7236275926992413 | 2 | -0.5
3.583342885044127 | 2 | -0.5
5.353727537904307 | 2 | -0.5
6.905707140451037 | 2 | -0.5
6.861001308219746 | 2 | -0.5
7.111554743883606 | 2 | -0.5
3.0738150862746747 | 2 | -0.5
2.357243405826354 | 2 | -0.5
1.920411705942933 | 2 | -0.5
1.6471407334482404 | 2 | -0.5
1.5748401409266033 | 2 | -0.5
1.5075152424336395 | 2 | -0.5
1.5172627813676043 | 2 | -0.5
1.6168410928261316 | 2 | -0.5
1.73377780350297 | 2 | -0.5
1.9726245661946975 | 2 | -0.5
2.3139469258900847 | 2 | -0.5
3.12527383344427 | 2 | -0.5
4.949499782695361 | 2 | -0.5
13.5830978111567 | 2 | -0.5
9.935946337139894 | 2 | -0.5
4.758547635966584 | 2 | -0.5
3.2911190445390472 | 2 | -0.5
2.701887891625745 | 2 | -0.5
2.2940684896974237 | 2 | -0.5
2.0627070546701396 | 2 | -0.5
1.9987763922656783 | 2 | -0.5
1.9635568279332933 | 2 | -0.5
2.010272931228387 | 2 | -0.5
2.1669566570045244 | 2 | -0.5
2.366370603266828 | 2 | -0.5
2.853934605209645 | 2 | -0.5
3.628771374863864 | 2 | -0.5
5.911239967089843 | 2 | -0.5
6.923358057092435 | 2 | -0.5
6.8981436592032175 | 2 | -0.5
7.225025091149175 | 2 | -0.5
2.645812214805582 | 2 | -0.5
2.01584388226336 | 2 | -0.5
1.6612550850458654 | 2 | -0.5
1.5714530658976977 | 2 | -0.5
1.45328631769862 | 2 | -0.5
1.4586707294665886 | 2 | -0.5
1.422173959241096 | 2 | -0.5
1.4922611001141068 | 2 | -0.5
1.6110506022572548 | 2 | -0.5
1.7978520901492068 | 2 | -0.5
2.086514008153704 | 2 | -0.5
2.862551787417201 | 2 | -0.5
4.316540631985264 | 2 | -0.5
13.594738694264034 | 2 | -0.5
13.642166240506077 | 2 | -0.5
5.547435687033372 | 2 | -0.5
3.6390962116251035 | 2 | -0.5
2.9149029523809604 | 2 | -0.5
2.5030770172383097 | 2 | -0.5
2.1715711625639447 | 2 | -0.5
1.9852524469445858 | 2 | -0.5
1.9760551248113982 | 2 | -0.5
1.9701586685631618 | 2 | -0.5
2.0875905103886696 | 2 | -0.5
2.2789513495611295 | 2 | -0.5
2.683180977788304 | 2 | -0.5
3.3610308859168416 | 2 | -0.5
5.011606507195093 | 2 | -0.5
6.938218871344551 | 2 | -0.5
6.799217785689962 | 2 | -0.5
6.939606321349444 | 2 | -0.5
3.156942038874748 | 2 | -0.5
2.2525112689324294 | 2 | -0.5
1.8353812169934824 | 2 | -0.5
1.6243234947294998 | 2 | -0.5
1.5402943333486578 | 2 | -0.5
1.459824333139791 | 2 | -0.5
1.4702253462563568 | 2 | -0.5
1.5140965214008735 | 2 | -0.5
1.6705301903768173 | 2 | -0.5
1.775565717827275 | 2 | -0.5
2.116111701270812 | 2 | -0.5
2.6331567954253647 | 2 | -0.5
3.8015906243216477 | 2 | -0.5
7.763134955278088 | 2 | -0.5
13.555194929682134 | 2 | -0.5
6.254746943408846 | 2 | -0.5
3.7477018512912363 | 2 | -0.5
2.797089954441945 | 2 | -0.5
2.3869251092763024 | 2 | -0.5
2.173098322465507 | 2 | -0.5
2.0016309180996554 | 2 | -0.5
1.9179164132575104 | 2 | -0.5
1.9687061892341984 | 2 | -0.5
2.070116281578504 | 2 | -0.5
2.246998126795814 | 2 | -0.5
2.595567113229259 | 2 | -0.5
3.2219964167918604 | 2 | -0.5
4.681338916082159 | 2 | -0.5
7.054463207873632 | 2 | -0.5
6.916302061325416 | 2 | -0.5
7.042836091905448 | 2 | -0.5
3.4827136632212623 | 2 | -0.5
2.3599984053253746 | 2 | -0.5
1.8750473596233825 | 2 | -0.5
1.6318287077317795 | 2 | -0.5
1.5172795479126524 | 2 | -0.5
1.440401408691433 | 2 | -0.5
1.4349943133089262 | 2 | -0.5
1.4806339863994147 | 2 | -0.5
1.6347896035477119 | 2 | -0.5
1.8110375082860302 | 2 | -0.5
2.166667231765 | 2 | -0.5
2.9939274942354777 | 2 | -0.5
4.636427088793881 | 2 | -0.5
13.51882004274518 | 2 | -0.5
13.514948693661601 | 2 | -0.5
5.737504265806493 | 2 | -0.5
3.6633627138064493 | 2 | -0.5
2.8557489640868083 | 2 | -0.5
2.4924500051988714 | 2 | -0.5
2.2200161724990464 | 2 | -0.5
2.0846459342402794 | 2 | -0.5
1.9651795762982025 | 2 | -0.5
1.9623789501095796 | 2 | -0.5
2.036382070810847 | 2 | -0.5
2.189263655219697 | 2 | -0.5
2.4092549749749588 | 2 | -0.5
2.8576921962393897 | 2 | -0.5
3.5589715399864397 | 2 | -0.5
5.167868495545635 | 2 | -0.5
7.078421566622674 | 2 | -0.5
7.0005545504031055 | 2 | -0.5
7.097635384188972 | 2 | -0.5
3.469533475857273 | 2 | -0.5
2.4277902905436113 | 2 | -0.5
1.8320305037794697 | 2 | -0.5
1.6580811169080538 | 2 | -0.5
1.4494205059436056 | 2 | -0.5
1.4231166661627348 | 2 | -0.5
1.404657813331381 | 2 | -0.5
1.439264475827775 | 2 | -0.5
1.583676876890448 | 2 | -0.5
1.7296602248140904 | 2 | -0.5
1.9553739083375494 | 2 | -0.5
2.489767058473892 | 2 | -0.5
3.620101193049931 | 2 | -0.5
9.003102674175695 | 2 | -0.5
13.471887954395381 | 2 | -0.5
8.239050935009814 | 2 | -0.5
4.3579843605018995 | 2 | -0.5
3.286279488215223 | 2 | -0.5
2.5426327449950463 | 2 | -0.5
2.203181466744649 | 2 | -0.5
2.0250686672864493 | 2 | -0.5
1.9705758913380664 | 2 | -0.5
1.975011926888665 | 2 | -0.5
2.005006607574717 | 2 | -0.5
2.1645584746351685 | 2 | -0.5
2.3942495669008546 | 2 | -0.5
2.8792291612692402 | 2 | -0.5
3.7253257510400783 | 2 | -0.5
5.244567578748358 | 2 | -0.5
7.112078952628794 | 2 | -0.5
7.0866544648491185 | 2 | -0.5
7.41234191938028 | 2 | -0.5
2.71520514852171 | 2 | -0.5
2.051888167235542 | 2 | -0.5
1.7778361333929025 | 2 | -0.5
1.5772876343786435 | 2 | -0.5
1.5243800942662296 | 2 | -0.5
1.4884777376613174 | 2 | -0.5
1.4927454525320587 | 2 | -0.5
1.5663846151075618 | 2 | -0.5
1.6661461157729185 | 2 | -0.5
1.9485042838918882 | 2 | -0.5
2.4763532171659923 | 2 | -0.5
3.1629276104160184 | 2 | -0.5
4.786257457919755 | 2 | -0.5
13.378418697769213 | 2 | -0.5
11.318724415834362 | 2 | -0.5
5.020480926243189 | 2 | -0.5
3.269866164925302 | 2 | -0.5
2.5560473954049217 | 2 | -0.5
2.248505593549179 | 2 | -0.5
2.0082039121676303 | 2 | -0.5
1.926051708783976 | 2 | -0.5
1.918918070833136 | 2 | -0.5
1.9847619362694071 | 2 | -0.5
2.1390546820991028 | 2 | -0.5
2.3721469331172083 | 2 | -0.5
2.8409561481260477 | 2 | -0.5
3.77429681660842 | 2 | -0.5
5.876673743555875 | 2 | -0.5
7.0191736155705025 | 2 | -0.5
6.938746883242837 | 2 | -0.5
7.164765153546527 | 2 | -0.5
3.274047952050332 | 2 | -0.5
2.4210057550711994 | 2 | -0.5
1.9599263627424184 | 2 | -0.5
1.6977236776299645 | 2 | -0.5
1.5716687309254476 | 2 | -0.5
1.5027628207649886 | 2 | -0.5
1.4973670412346327 | 2 | -0.5
1.5479185286369774 | 2 | -0.5
1.638269881580194 | 2 | -0.5
1.8263396160568448 | 2 | -0.5
2.232595843437282 | 2 | -0.5
2.827526094932355 | 2 | -0.5
4.581575376382902 | 2 | -0.5
13.475176002247764 | 2 | -0.5
13.41005494119404 | 2 | -0.5
5.38126734865138 | 2 | -0.5
3.5883871757139136 | 2 | -0.5
2.6570205101962108 | 2 | -0.5
2.208097556121002 | 2 | -0.5
1.962948645629199 | 2 | -0.5
1.8021920034640768 | 2 | -0.5
1.7818530919611697 | 2 | -0.5
1.803695044905017 | 2 | -0.5
1.9066880795856953 | 2 | -0.5
2.0994453017886334 | 2 | -0.5
2.4259473382330428 | 2 | -0.5
2.8515653447643077 | 2 | -0.5
4.066602716382475 | 2 | -0.5
6.757457546205877 | 2 | -0.5
6.919735509214544 | 2 | -0.5
7.068125863137275 | 2 | -0.5
4.164676913673036 | 2 | -0.5
2.6753537793263082 | 2 | -0.5
2.1616763395965704 | 2 | -0.5
1.8766135471018006 | 2 | -0.5
Total reward: -500.0
