0.5, -0.4, 2.6, 1.2, 6.0, -1.8, 0.8, 0.8, 0.9, -3.8, 2.4, -4.1, 1.1, -0.7, -5.1, -2.5, -4.9, -3.1
parameter ends

state | action | reward
[1.49] | 1 | -0.5
1.5285989284854076 | 1 | -0.5
1.5615856200783937 | 1 | -0.5
1.6664590126680492 | 1 | -0.5
1.8913241015249862 | 1 | -0.5
2.356994587944696 | 1 | -0.5
5.944470303640339 | 1 | -0.5
5.4006242575758545 | 1 | -0.5
5.1853613015454965 | 0 | 5.0
5.1897436488744155 | 0 | 5.0
5.163982933613243 | 0 | 5.0
5.166257836092091 | 0 | 5.0
5.151246574280695 | 0 | -200.0
[3.31] | 1 | -0.5
2.33007310793252 | 1 | -0.5
1.8793207251538373 | 1 | -0.5
1.638506027780111 | 1 | -0.5
1.4446802409839374 | 1 | -0.5
1.3722503996016917 | 1 | -0.5
1.4181662034515679 | 1 | -0.5
1.453947984390131 | 1 | -0.5
1.6063056947921202 | 1 | -0.5
1.870053553827867 | 1 | -0.5
2.3602556799944496 | 1 | -0.5
3.2783736384193753 | 1 | -0.5
5.708667566358293 | 1 | -0.5
8.205198256894372 | 1 | -0.5
8.233813755937588 | 1 | -0.5
4.420823475107916 | 1 | -0.5
2.5614945144790724 | 1 | -0.5
2.007120025677337 | 1 | -0.5
1.6085870006430947 | 1 | -0.5
1.391872121099293 | 1 | -0.5
1.2764837511962202 | 1 | -0.5
1.1903162265480272 | 1 | -0.5
9.895159331889436 | 1 | -0.5
10.51628353810558 | 1 | -0.5
5.383705137749528 | 1 | -0.5
4.221812855820646 | 1 | -0.5
3.4628700509075805 | 1 | -0.5
3.154115572632249 | 1 | -0.5
2.921212394863616 | 1 | -0.5
2.8805701925571197 | 1 | -0.5
2.913191410291233 | 1 | -0.5
3.107792468052867 | 1 | -0.5
2.6975161407126667 | 1 | -0.5
1.996558406049646 | 1 | -0.5
1.6246573782236455 | 1 | -0.5
1.4412123133763788 | 1 | -0.5
1.3113793529696502 | 1 | -0.5
1.2698093228135294 | 1 | -0.5
1.2734010745567295 | 1 | -0.5
1.3950051383574174 | 1 | -0.5
1.5836865815090275 | 1 | -0.5
1.8311275276218393 | 1 | -0.5
2.4100401882141163 | 1 | -0.5
3.738161889480869 | 1 | -0.5
8.33364096563822 | 1 | -0.5
8.19763044244539 | 1 | -0.5
8.37365329799241 | 1 | -0.5
3.9235132995124724 | 1 | -0.5
2.707076625444893 | 1 | -0.5
2.1286435122151444 | 1 | -0.5
1.6982142624417533 | 1 | -0.5
1.5038748011584493 | 1 | -0.5
1.3873404374005094 | 1 | -0.5
1.39518852127604 | 1 | -0.5
10.012861136232937 | 1 | -0.5
10.509639334708954 | 1 | -0.5
5.3371731816300985 | 1 | -0.5
4.175165495238231 | 1 | -0.5
3.4509092219341024 | 1 | -0.5
3.151684464144955 | 1 | -0.5
2.966088072826364 | 1 | -0.5
2.9049158390229315 | 1 | -0.5
2.870087999160433 | 1 | -0.5
3.062770099867658 | 1 | -0.5
2.5160574509007883 | 1 | -0.5
1.7917876396632306 | 1 | -0.5
1.4707057268147394 | 1 | -0.5
1.3263700632702666 | 1 | -0.5
1.1982762906313913 | 1 | -0.5
1.2016995084487927 | 1 | -0.5
1.2052340745964865 | 1 | -0.5
1.2840415991783214 | 1 | -0.5
1.4815066164102713 | 1 | -0.5
1.7938637513216342 | 1 | -0.5
2.2660323977355383 | 1 | -0.5
3.364258447452783 | 1 | -0.5
6.889339257674576 | 1 | -0.5
8.14209814676034 | 1 | -0.5
8.373428956589365 | 1 | -0.5
4.110918808469945 | 1 | -0.5
2.57605412570969 | 1 | -0.5
2.062654977043 | 1 | -0.5
1.7266197161292065 | 1 | -0.5
1.5434627120820466 | 1 | -0.5
1.4814588983887582 | 1 | -0.5
1.4749303371538423 | 1 | -0.5
10.36746424093414 | 1 | -0.5
7.006756112671703 | 1 | -0.5
5.1539132588489895 | 1 | -0.5
4.10332736045704 | 1 | -0.5
3.548746342385806 | 1 | -0.5
3.195924400128309 | 1 | -0.5
3.0640459518849164 | 1 | -0.5
3.0443483626590804 | 1 | -0.5
3.1881699877991614 | 1 | -0.5
2.709090991403077 | 1 | -0.5
1.910021695657552 | 1 | -0.5
1.5860478279474617 | 1 | -0.5
1.3138919068083204 | 1 | -0.5
1.2577952954008242 | 1 | -0.5
1.2262525685431234 | 1 | -0.5
1.2408551739987048 | 1 | -0.5
1.31852095552209 | 1 | -0.5
1.5064352682957878 | 1 | -0.5
1.8683057950789346 | 1 | -0.5
2.4172632056992582 | 1 | -0.5
3.5328784326543805 | 1 | -0.5
6.8759897362314035 | 1 | -0.5
8.07744421960386 | 1 | -0.5
8.221474113756242 | 1 | -0.5
3.7765518606840986 | 1 | -0.5
2.6483321540605367 | 1 | -0.5
1.938044782510095 | 1 | -0.5
1.6980746706833816 | 1 | -0.5
1.560126873960052 | 1 | -0.5
1.4530076556426668 | 1 | -0.5
1.4333468050914728 | 1 | -0.5
10.1653889842031 | 1 | -0.5
10.774408815691153 | 1 | -0.5
5.8579123534164985 | 1 | -0.5
4.501219876132241 | 1 | -0.5
3.717556759141837 | 1 | -0.5
3.4254836823888564 | 1 | -0.5
3.170080160168372 | 1 | -0.5
3.098917056065689 | 1 | -0.5
3.174935311242692 | 1 | -0.5
3.3668214970308474 | 1 | -0.5
2.3742277243217216 | 1 | -0.5
1.8188002091142987 | 1 | -0.5
1.4741997410744438 | 1 | -0.5
1.3059671324872364 | 1 | -0.5
1.1884266248022468 | 1 | -0.5
1.198601559724044 | 1 | -0.5
1.2054619020336148 | 1 | -0.5
1.3196203157638617 | 1 | -0.5
1.5177049851950979 | 1 | -0.5
1.7773567115147375 | 1 | -0.5
2.376901214013413 | 1 | -0.5
3.5179343474425386 | 1 | -0.5
8.091169027371253 | 1 | -0.5
8.074961928394323 | 1 | -0.5
8.31229417116537 | 1 | -0.5
3.7570693592846034 | 1 | -0.5
2.6281917483951167 | 1 | -0.5
2.0113703001036383 | 1 | -0.5
1.6976871232903619 | 1 | -0.5
1.5871364221467366 | 1 | -0.5
1.4479801442377893 | 1 | -0.5
1.374631986315197 | 1 | -0.5
10.264912164815449 | 1 | -0.5
7.266512917673755 | 1 | -0.5
5.322146343402835 | 1 | -0.5
4.223785089306141 | 1 | -0.5
3.747663501271621 | 1 | -0.5
3.2605136736166824 | 1 | -0.5
3.0949634506661954 | 1 | -0.5
3.0082465490113934 | 1 | -0.5
3.0944958480400344 | 1 | -0.5
3.061394618798085 | 1 | -0.5
2.211646298451719 | 1 | -0.5
1.5912838967314806 | 1 | -0.5
1.3717211694282216 | 1 | -0.5
1.217841196325538 | 1 | -0.5
1.1503460813540414 | 1 | -0.5
1.1312956847532933 | 1 | -0.5
1.1356693505717947 | 1 | -0.5
1.2323590096177075 | 1 | -0.5
1.3635467606761824 | 1 | -0.5
1.5424360933790262 | 1 | -0.5
1.9431256561147316 | 1 | -0.5
2.9069005028668338 | 1 | -0.5
4.793315343045359 | 1 | -0.5
8.039354758836485 | 1 | -0.5
8.186710973497636 | 1 | -0.5
4.605612707849506 | 1 | -0.5
2.927134876313134 | 1 | -0.5
2.2451275697963076 | 1 | -0.5
1.8798870978639077 | 1 | -0.5
1.647280720218364 | 1 | -0.5
1.5459167234407833 | 1 | -0.5
1.4637444639064314 | 1 | -0.5
10.240793175882434 | 1 | -0.5
10.844944305117364 | 1 | -0.5
5.617861559760131 | 1 | -0.5
4.402908147863606 | 1 | -0.5
3.7942297247728716 | 1 | -0.5
3.359689945405489 | 1 | -0.5
3.2381657845925393 | 1 | -0.5
3.140875024887665 | 1 | -0.5
3.1472252024829284 | 1 | -0.5
3.100936489742203 | 1 | -0.5
2.0424763993638018 | 1 | -0.5
1.5914423528279735 | 1 | -0.5
1.4175499781661842 | 1 | -0.5
1.2703732225642241 | 1 | -0.5
1.1952472667260827 | 1 | -0.5
1.13391127093583 | 1 | -0.5
1.155350968003869 | 1 | -0.5
1.26712713075955 | 1 | -0.5
1.4909636646315385 | 1 | -0.5
1.7728848802045423 | 1 | -0.5
2.2225143962181284 | 1 | -0.5
3.826027399003586 | 1 | -0.5
8.040674765588468 | 1 | -0.5
8.019477653107758 | 1 | -0.5
8.267680027144849 | 1 | -0.5
3.552193607845341 | 1 | -0.5
2.635820127893313 | 1 | -0.5
2.0377722101582623 | 1 | -0.5
1.6984756192296604 | 1 | -0.5
1.4997783442847852 | 1 | -0.5
1.4492064570532606 | 1 | -0.5
1.3932768688178618 | 1 | -0.5
10.183952633383448 | 1 | -0.5
10.750234178927952 | 1 | -0.5
5.557888954397874 | 1 | -0.5
4.340705197039402 | 1 | -0.5
3.6237035145812393 | 1 | -0.5
3.3402628115676554 | 1 | -0.5
3.1386806139359913 | 1 | -0.5
3.0985511639949452 | 1 | -0.5
3.1539901035273097 | 1 | -0.5
3.048602092916098 | 1 | -0.5
2.1314364844012936 | 1 | -0.5
1.6761240939939843 | 1 | -0.5
1.4366916054206667 | 1 | -0.5
1.2759637086540265 | 1 | -0.5
1.213186150196865 | 1 | -0.5
1.2029844721923444 | 1 | -0.5
1.2125104515017437 | 1 | -0.5
1.3457764155667213 | 1 | -0.5
1.5289751626486716 | 1 | -0.5
1.9056888734689899 | 1 | -0.5
2.6610620098723197 | 1 | -0.5
4.311616212178243 | 1 | -0.5
8.093211638828121 | 1 | -0.5
8.07687493393855 | 1 | -0.5
8.416130946337454 | 1 | -0.5
3.1568751795155823 | 1 | -0.5
2.4365393523861454 | 1 | -0.5
1.9756013911207495 | 1 | -0.5
1.704659637230682 | 1 | -0.5
1.598628878315375 | 1 | -0.5
1.5013989264953547 | 1 | -0.5
1.4640697051398457 | 1 | -0.5
10.350033608333419 | 1 | -0.5
6.608475673004296 | 1 | -0.5
5.017912593735584 | 1 | -0.5
4.232595211385003 | 1 | -0.5
3.5854052907239184 | 1 | -0.5
3.26472862263318 | 1 | -0.5
3.1088390005584867 | 1 | -0.5
3.0683283964381247 | 1 | -0.5
3.161023498815673 | 1 | -0.5
2.7759536499887854 | 1 | -0.5
1.992690799027342 | 1 | -0.5
1.575661934738713 | 1 | -0.5
1.2676257245913491 | 1 | -0.5
1.1556011661631047 | 1 | -0.5
1.115978918860503 | 1 | -0.5
1.1411384721381892 | 1 | -0.5
1.1573168402826155 | 1 | -0.5
1.3290613571151788 | 1 | -0.5
1.5797666131419337 | 1 | -0.5
2.1360879229534757 | 1 | -0.5
3.3094425472383486 | 1 | -0.5
8.133123177042787 | 1 | -0.5
8.066020933172494 | 1 | -0.5
8.328593756911626 | 1 | -0.5
3.7667474149903764 | 1 | -0.5
2.5865521043416595 | 1 | -0.5
2.1297312384521185 | 1 | -0.5
1.7848464077124657 | 1 | -0.5
1.5636914664370962 | 1 | -0.5
1.5036072309168196 | 1 | -0.5
1.4895984596009322 | 1 | -0.5
10.680365678525087 | 1 | -0.5
5.929753944033887 | 1 | -0.5
4.629303134494849 | 1 | -0.5
3.8786021389383554 | 1 | -0.5
3.3326404891732513 | 1 | -0.5
3.1111239886930386 | 1 | -0.5
3.0317987901376067 | 0 | 5.0
3.008386562392545 | 0 | 5.0
3.009919199140816 | 0 | 5.0
2.976785591589364 | 0 | 5.0
2.958969462990614 | 0 | -200.0
[1.84] | 1 | -0.5
2.307146003659743 | 1 | -0.5
3.0486089508758334 | 1 | -0.5
3.9814733847356867 | 1 | -0.5
3.8677462966331495 | 1 | -0.5
3.779800095522242 | 1 | -0.5
3.898840095027674 | 1 | -0.5
4.218338731135988 | 1 | -0.5
4.599455750718963 | 1 | -0.5
5.6729589760976955 | 1 | -0.5
1.398405055393187 | 1 | -0.5
1.2575921295063255 | 1 | -0.5
1.1567622103838646 | 1 | -0.5
1.131890177970773 | 1 | -0.5
1.1618863119780158 | 1 | -0.5
1.2716662620708146 | 1 | -0.5
1.4482688455593344 | 1 | -0.5
1.867078952058585 | 1 | -0.5
2.331045581751728 | 1 | -0.5
3.798945719051539 | 1 | -0.5
7.385466529448087 | 1 | -0.5
7.37634937278246 | 1 | -0.5
5.98212642024331 | 1 | -0.5
3.4128011328121697 | 1 | -0.5
2.420610708371888 | 1 | -0.5
2.008642896846004 | 1 | -0.5
1.7227972703466148 | 1 | -0.5
1.5666455153655203 | 1 | -0.5
1.4443076432006767 | 1 | -0.5
1.4147889874480781 | 1 | -0.5
1.4636128868749456 | 1 | -0.5
1.5325564523501751 | 1 | -0.5
1.823911899385274 | 1 | -0.5
2.263946259016665 | 1 | -0.5
3.1607330131907325 | 1 | -0.5
3.9592658603415853 | 1 | -0.5
3.8013466442604247 | 1 | -0.5
3.792824790234816 | 1 | -0.5
3.9127648399280592 | 1 | -0.5
4.212558666173943 | 1 | -0.5
4.826609468511018 | 1 | -0.5
5.920979966642984 | 1 | -0.5
1.3735579240600093 | 1 | -0.5
1.2700694759650295 | 1 | -0.5
1.208456175278619 | 1 | -0.5
1.2198336968295898 | 1 | -0.5
1.281948532259113 | 1 | -0.5
1.4730868105186705 | 1 | -0.5
1.7324938378068049 | 1 | -0.5
2.2094534064294975 | 1 | -0.5
3.227133678973814 | 1 | -0.5
7.538393430445187 | 1 | -0.5
7.3540109556102 | 1 | -0.5
6.767488286666463 | 1 | -0.5
3.77207585569936 | 1 | -0.5
2.5231508705771053 | 1 | -0.5
1.9008309208983034 | 1 | -0.5
1.6582119734438172 | 1 | -0.5
1.489138153498963 | 1 | -0.5
1.4154013544498019 | 1 | -0.5
1.4222978413701888 | 1 | -0.5
1.4777379009119502 | 1 | -0.5
1.650336028787277 | 1 | -0.5
1.9201725317608793 | 1 | -0.5
2.347837595858483 | 1 | -0.5
3.2278143854891206 | 1 | -0.5
3.7931519747441187 | 1 | -0.5
3.7190301179588725 | 1 | -0.5
3.7150111458161343 | 1 | -0.5
3.928636004065331 | 1 | -0.5
4.431374418348111 | 1 | -0.5
5.067518619176759 | 1 | -0.5
6.291606936310438 | 1 | -0.5
1.2491385714851406 | 1 | -0.5
1.1579624351989874 | 1 | -0.5
1.109755468369338 | 1 | -0.5
1.1219330464139525 | 1 | -0.5
1.2016223642289612 | 1 | -0.5
1.3628060655031582 | 1 | -0.5
1.7041549821836752 | 1 | -0.5
2.246570185869836 | 1 | -0.5
3.6669139370503117 | 1 | -0.5
7.526074931603192 | 1 | -0.5
7.369467080734354 | 1 | -0.5
7.4989677973022575 | 1 | -0.5
3.9418623203812766 | 1 | -0.5
2.4526746420958103 | 1 | -0.5
1.855546442477259 | 1 | -0.5
1.611980722423982 | 1 | -0.5
1.4158997928409374 | 1 | -0.5
1.3551329115064064 | 1 | -0.5
1.3216965590654426 | 1 | -0.5
1.4073093280334672 | 1 | -0.5
1.5181318534570418 | 1 | -0.5
1.8431949552543518 | 1 | -0.5
2.3055238825913578 | 1 | -0.5
3.551840426532125 | 1 | -0.5
3.8274249403839264 | 1 | -0.5
3.7405543467672016 | 1 | -0.5
3.845803168033273 | 1 | -0.5
4.070736816970851 | 1 | -0.5
4.511704179422994 | 1 | -0.5
5.334429065938331 | 1 | -0.5
6.94624129761401 | 1 | -0.5
1.4240658212029156 | 1 | -0.5
1.308630923904614 | 1 | -0.5
1.223313951309327 | 1 | -0.5
1.3021052912555515 | 1 | -0.5
1.3646748370260298 | 1 | -0.5
1.6074006338990963 | 1 | -0.5
2.017869610062375 | 1 | -0.5
2.773100293400543 | 1 | -0.5
7.648304410872577 | 1 | -0.5
7.341398132105291 | 1 | -0.5
7.409322520406783 | 1 | -0.5
4.494878575087295 | 1 | -0.5
2.7540215776349655 | 1 | -0.5
2.125505387782408 | 1 | -0.5
1.7159180452330458 | 1 | -0.5
1.486702354775865 | 1 | -0.5
1.3782072203522244 | 1 | -0.5
1.3573870295727881 | 1 | -0.5
1.37569681169514 | 1 | -0.5
1.4640252192728254 | 1 | -0.5
1.6179210674231712 | 1 | -0.5
1.9439936098883184 | 1 | -0.5
2.5233200475140025 | 1 | -0.5
3.692233964500074 | 1 | -0.5
3.7699744548272616 | 1 | -0.5
3.7212904052543356 | 1 | -0.5
3.7514743357148923 | 1 | -0.5
4.036419366571335 | 1 | -0.5
4.4197706367269785 | 1 | -0.5
5.30062264182891 | 1 | -0.5
6.643765603323257 | 1 | -0.5
1.312663938154869 | 1 | -0.5
1.2321192748948109 | 1 | -0.5
1.1695268295285173 | 1 | -0.5
1.1880864519591876 | 1 | -0.5
1.2509692816110907 | 1 | -0.5
1.3956016693014746 | 1 | -0.5
1.6408261596163347 | 1 | -0.5
2.0137965629277126 | 1 | -0.5
2.7216663256189433 | 1 | -0.5
7.624909845716863 | 1 | -0.5
7.321356394764915 | 1 | -0.5
7.344978428595183 | 1 | -0.5
4.603083035313621 | 1 | -0.5
3.018027543335912 | 1 | -0.5
2.2242877027828616 | 1 | -0.5
1.8360401115117237 | 1 | -0.5
1.4931494471327011 | 1 | -0.5
1.4096733589105466 | 1 | -0.5
1.358732329353675 | 1 | -0.5
1.4088562317107018 | 1 | -0.5
1.4938111001629446 | 1 | -0.5
1.5861512116698089 | 1 | -0.5
1.9399114978537306 | 1 | -0.5
2.527036990119195 | 1 | -0.5
3.985097198827375 | 1 | -0.5
3.8269027707544825 | 1 | -0.5
3.756933099588372 | 1 | -0.5
3.8686641037637988 | 1 | -0.5
4.145760951713908 | 1 | -0.5
4.686901651614971 | 1 | -0.5
5.538628381729722 | 1 | -0.5
1.434599949353911 | 1 | -0.5
1.2683054998446635 | 1 | -0.5
1.1694116946535797 | 1 | -0.5
1.1568715092863107 | 1 | -0.5
1.239076243994442 | 1 | -0.5
1.393878415867862 | 1 | -0.5
1.7342790454062469 | 1 | -0.5
2.274095315051229 | 1 | -0.5
3.5231052275253245 | 1 | -0.5
7.482927167743706 | 1 | -0.5
7.362219754057855 | 1 | -0.5
6.880672116994283 | 1 | -0.5
3.353383334442164 | 1 | -0.5
2.3606575180077543 | 1 | -0.5
1.8551587187573846 | 1 | -0.5
1.5759230107877071 | 1 | -0.5
1.4426175063777735 | 1 | -0.5
1.3592440703892747 | 1 | -0.5
1.369420750204813 | 1 | -0.5
1.4875477882636639 | 1 | -0.5
1.6173408608984168 | 1 | -0.5
1.9017644118598511 | 1 | -0.5
2.4951933000621533 | 1 | -0.5
3.8401526324032194 | 1 | -0.5
3.7532733899267026 | 1 | -0.5
3.651948325335845 | 1 | -0.5
3.778319427899756 | 1 | -0.5
4.009831228173995 | 1 | -0.5
4.505230452824406 | 1 | -0.5
5.48110483649453 | 1 | -0.5
7.005282846141712 | 1 | -0.5
1.34885155828656 | 1 | -0.5
1.2717183135759687 | 1 | -0.5
1.2266200940114869 | 1 | -0.5
1.2671665305576312 | 1 | -0.5
1.3897004252712013 | 1 | -0.5
1.5027806970059499 | 1 | -0.5
1.8972035181383364 | 1 | -0.5
2.647646189283519 | 1 | -0.5
4.22371038458889 | 1 | -0.5
7.5459695413189625 | 1 | -0.5
7.413309748448316 | 1 | -0.5
6.10576390323569 | 1 | -0.5
3.370576340928208 | 1 | -0.5
2.4179258114320223 | 1 | -0.5
1.770729745761507 | 1 | -0.5
1.416479904066552 | 1 | -0.5
1.2954860361034328 | 1 | -0.5
1.2394098024995337 | 1 | -0.5
1.2119842039404032 | 1 | -0.5
1.2604268784021762 | 1 | -0.5
1.338569081660479 | 1 | -0.5
1.5737388805845884 | 1 | -0.5
1.9669734158049732 | 1 | -0.5
2.6079150894130363 | 1 | -0.5
3.705012512412298 | 1 | -0.5
3.6525351657903986 | 1 | -0.5
3.5780114409788086 | 1 | -0.5
3.715468149796359 | 1 | -0.5
4.002676137034003 | 1 | -0.5
4.560378112714193 | 1 | -0.5
5.712072208773988 | 1 | -0.5
11.13422777186983 | 1 | -0.5
1.5122511935118588 | 1 | -0.5
1.4339925195903431 | 1 | -0.5
1.4376088281827344 | 1 | -0.5
1.485024965899598 | 1 | -0.5
1.5900394029889484 | 1 | -0.5
1.9444776564255073 | 1 | -0.5
2.3532907946590584 | 1 | -0.5
3.537643454212196 | 1 | -0.5
7.866264315958778 | 1 | -0.5
7.5834314599357855 | 1 | -0.5
7.283252711969246 | 1 | -0.5
3.5105166937832886 | 1 | -0.5
2.378762193702489 | 1 | -0.5
1.792324293056043 | 1 | -0.5
1.4941964388186255 | 1 | -0.5
1.3441099266270633 | 1 | -0.5
1.237691959443027 | 1 | -0.5
1.1554714619594981 | 1 | -0.5
1.2591770434051344 | 1 | -0.5
1.3513294301510752 | 1 | -0.5
1.6116756150064595 | 1 | -0.5
1.9080006570211199 | 1 | -0.5
2.605313256385185 | 1 | -0.5
3.6791500825998513 | 1 | -0.5
3.4919577460293145 | 1 | -0.5
3.491314405450772 | 1 | -0.5
3.6591792346580174 | 1 | -0.5
4.031478785238111 | 1 | -0.5
4.548270110730094 | 1 | -0.5
5.585419566569883 | 1 | -0.5
7.705994745474378 | 1 | -0.5
1.392305492703177 | 1 | -0.5
1.3147967991481944 | 1 | -0.5
1.3018762370598624 | 1 | -0.5
1.3533868182354503 | 1 | -0.5
1.4886026402706085 | 1 | -0.5
1.7287134560437665 | 1 | -0.5
2.0204696889138534 | 1 | -0.5
2.773537949455091 | 1 | -0.5
4.170261290278681 | 1 | -0.5
7.693808466522459 | 1 | -0.5
7.616868564941516 | 1 | -0.5
6.019946830456365 | 1 | -0.5
3.4485572791885506 | 1 | -0.5
2.521723590578014 | 1 | -0.5
1.9540328860864955 | 1 | -0.5
1.619568200245481 | 1 | -0.5
1.472061635543078 | 1 | -0.5
1.4082196788365955 | 1 | -0.5
1.384618837281009 | 1 | -0.5
1.4764677051101627 | 1 | -0.5
1.5862738176639215 | 1 | -0.5
1.8064208881735615 | 1 | -0.5
2.170473511471039 | 1 | -0.5
2.9921252477193825 | 1 | -0.5
3.6328530855193266 | 1 | -0.5
3.462157196588318 | 1 | -0.5
3.4720360194357918 | 1 | -0.5
3.5928027682076356 | 1 | -0.5
3.9445435071073978 | 1 | -0.5
4.598894938873074 | 1 | -0.5
5.48899367072761 | 1 | -0.5
7.46250975707149 | 1 | -0.5
1.2707522553906565 | 1 | -0.5
1.1962428167403385 | 1 | -0.5
1.1669020222197999 | 1 | -0.5
1.2470336041511039 | 1 | -0.5
1.3334410536635577 | 1 | -0.5
1.5567923060740851 | 1 | -0.5
1.858966032163469 | 1 | -0.5
2.523083611638048 | 1 | -0.5
3.7816117583255084 | 1 | -0.5
7.672503024226544 | 1 | -0.5
7.636351805690053 | 1 | -0.5
6.101531682882965 | 1 | -0.5
3.4652996805666216 | 1 | -0.5
2.4091430061559387 | 1 | -0.5
1.9103781898773446 | 1 | -0.5
1.6573201481058464 | 1 | -0.5
1.5047271067667076 | 1 | -0.5
1.4697623493656093 | 1 | -0.5
1.4932147459306573 | 1 | -0.5
1.544834976694572 | 1 | -0.5
1.7442889046533545 | 1 | -0.5
2.0441221986623073 | 1 | -0.5
2.772455324408781 | 1 | -0.5
3.92557820638693 | 1 | -0.5
3.6472485891263338 | 1 | -0.5
3.5713954005471633 | 1 | -0.5
3.6920379328475303 | 1 | -0.5
4.022343799291823 | 1 | -0.5
4.492423076220708 | 1 | -0.5
5.544773405507542 | 1 | -0.5
1.2849318874738551 | 1 | -0.5
1.102577755296571 | 1 | -0.5
1.0674059871537307 | 1 | -0.5
1.0791454107639036 | 1 | -0.5
1.1241722838417403 | 1 | -0.5
1.2281137271889064 | 1 | -0.5
1.4229713346390398 | 1 | -0.5
1.6930526338717198 | 1 | -0.5
2.4729424799116844 | 1 | -0.5
4.095561630378446 | 1 | -0.5
7.598239082067211 | 1 | -0.5
7.498135520608904 | 1 | -0.5
7.645342929059594 | 1 | -0.5
4.522760073131194 | 1 | -0.5
2.7518161785029496 | 1 | -0.5
2.07132548373469 | 1 | -0.5
1.736127863771519 | 1 | -0.5
1.5504575663945501 | 1 | -0.5
1.4614726769895414 | 1 | -0.5
1.403589587686457 | 1 | -0.5
1.4361251567540676 | 1 | -0.5
1.5463129173032528 | 1 | -0.5
1.7204112932023476 | 1 | -0.5
2.048144039559445 | 1 | -0.5
2.677159017034285 | 1 | -0.5
3.732758458661004 | 1 | -0.5
3.5093402480994653 | 1 | -0.5
3.4628420470993495 | 1 | -0.5
3.5981897702781853 | 1 | -0.5
3.797848226737685 | 1 | -0.5
4.4621914484943686 | 1 | -0.5
5.301774464927812 | 1 | -0.5
7.296282030737211 | 1 | -0.5
1.1949202122085336 | 1 | -0.5
1.1547896752133806 | 1 | -0.5
1.100814952904959 | 1 | -0.5
1.168571538753341 | 1 | -0.5
1.2685187737357155 | 1 | -0.5
1.4384205975454194 | 1 | -0.5
1.7986210627751833 | 1 | -0.5
2.5054089875859993 | 1 | -0.5
3.711395476440668 | 1 | -0.5
7.782898056789713 | 1 | -0.5
7.672450651733117 | 1 | -0.5
7.81610006160247 | 1 | -0.5
4.23306699852074 | 1 | -0.5
2.803749471705773 | 1 | -0.5
2.10875540419853 | 1 | -0.5
1.7575884394896437 | 1 | -0.5
1.565269684423525 | 1 | -0.5
1.4861456380263771 | 1 | -0.5
1.4716932901975792 | 1 | -0.5
1.5322263771478124 | 1 | -0.5
1.6759255455388133 | 1 | -0.5
1.8747355253825988 | 1 | -0.5
2.2825145209015263 | 1 | -0.5
3.4881661102808996 | 1 | -0.5
3.4901254541335036 | 1 | -0.5
3.33094896995427 | 1 | -0.5
3.332905105536682 | 1 | -0.5
3.447381068263818 | 1 | -0.5
3.7494112816067937 | 1 | -0.5
4.2334321579846295 | 1 | -0.5
4.938904365051656 | 1 | -0.5
6.316155532744766 | 1 | -0.5
10.425563018401958 | 1 | -0.5
1.0688971435582495 | 1 | -0.5
1.0621307669162994 | 1 | -0.5
1.1191568950692947 | 1 | -0.5
1.1177051042731723 | 1 | -0.5
1.3151049628346585 | 1 | -0.5
1.50190480801635 | 1 | -0.5
1.9550513915071488 | 1 | -0.5
2.7628768411165683 | 1 | -0.5
8.015414930535417 | 1 | -0.5
7.834454767743354 | 1 | -0.5
7.857667541038009 | 1 | -0.5
4.1258255997298745 | 1 | -0.5
2.8229978300800798 | 1 | -0.5
2.2188793795958888 | 1 | -0.5
1.8004245428132521 | 1 | -0.5
1.6333562492682727 | 1 | -0.5
1.525695591237308 | 1 | -0.5
1.5446212382854612 | 1 | -0.5
1.604746974215923 | 1 | -0.5
1.7145500156699816 | 1 | -0.5
2.045229391650904 | 1 | -0.5
2.5504787826938933 | 1 | -0.5
3.4170496569502804 | 1 | -0.5
3.495763198362246 | 1 | -0.5
3.363023943276447 | 1 | -0.5
3.34407815516257 | 1 | -0.5
3.5002708592797065 | 1 | -0.5
3.803515600864659 | 1 | -0.5
4.402039428297414 | 1 | -0.5
5.539458899000879 | 1 | -0.5
10.798186649602641 | 1 | -0.5
1.1295178410376394 | 1 | -0.5
1.1017693701152866 | 1 | -0.5
1.0808508798439558 | 1 | -0.5
1.1418334450999004 | 1 | -0.5
1.2464823998278873 | 1 | -0.5
1.473358899172893 | 1 | -0.5
1.8234052498155293 | 1 | -0.5
2.6988889423671756 | 1 | -0.5
4.268637781281879 | 1 | -0.5
7.814907027375965 | 1 | -0.5
7.7989492286386 | 1 | -0.5
6.23178316755325 | 1 | -0.5
3.7343935013005876 | 1 | -0.5
2.6020948892648765 | 1 | -0.5
2.0789511567802417 | 1 | -0.5
1.780597795004097 | 1 | -0.5
1.6167764982851411 | 1 | -0.5
1.5610476099561763 | 1 | -0.5
1.5299512533642874 | 1 | -0.5
1.642414947920192 | 1 | -0.5
1.8169973314031158 | 1 | -0.5
2.045214798808701 | 1 | -0.5
2.591656523017756 | 1 | -0.5
3.590186553561532 | 1 | -0.5
3.5484787017838917 | 1 | -0.5
3.3639984669006013 | 1 | -0.5
3.3837198762464817 | 1 | -0.5
3.4678938439724782 | 1 | -0.5
3.7651212877222133 | 1 | -0.5
4.199676227760684 | 1 | -0.5
4.91280968958126 | 1 | -0.5
6.586179422255062 | 1 | -0.5
1.1321257874190147 | 1 | -0.5
1.040474131426412 | 1 | -0.5
1.0258325313259005 | 1 | -0.5
1.1102109808747516 | 1 | -0.5
1.2759153946029786 | 1 | -0.5
1.4642988051088335 | 1 | -0.5
2.0172658774128176 | 1 | -0.5
3.1918530222895773 | 1 | -0.5
7.857623718152716 | 1 | -0.5
7.753968733005664 | 1 | -0.5
7.6826130278708415 | 1 | -0.5
4.194570589222451 | 1 | -0.5
2.857715116009516 | 1 | -0.5
2.1560779205859837 | 1 | -0.5
1.8044935486599074 | 1 | -0.5
1.5768248010410215 | 1 | -0.5
1.5227811013918202 | 1 | -0.5
1.5398568427832424 | 1 | -0.5
1.5747094703124265 | 1 | -0.5
1.7276008248147696 | 1 | -0.5
1.9795668714387364 | 1 | -0.5
2.540091284009513 | 1 | -0.5
3.565661617346057 | 1 | -0.5
3.4941843606254155 | 1 | -0.5
3.3762906040723664 | 1 | -0.5
3.402179169121624 | 1 | -0.5
3.660536348353485 | 1 | -0.5
4.1613240319852505 | 1 | -0.5
4.85087678982114 | 1 | -0.5
6.053126134173935 | 1 | -0.5
1.115969803188911 | 1 | -0.5
1.0035285575333064 | 1 | -0.5
0.9859972298486144 | 1 | -0.5
1.0422789941696358 | 1 | -0.5
1.103152575940638 | 1 | -0.5
1.247638005056544 | 1 | -0.5
1.5730515428950032 | 1 | -0.5
1.9877546628748608 | 1 | -0.5
3.189493189726837 | 1 | -0.5
7.744933972381686 | 1 | -0.5
7.635610581264712 | 1 | -0.5
7.776164685146907 | 1 | -0.5
4.307457584685626 | 1 | -0.5
2.9750638854410156 | 1 | -0.5
2.20461561637122 | 1 | -0.5
1.885497867791042 | 1 | -0.5
1.65330725212737 | 1 | -0.5
1.57836853999769 | 1 | -0.5
1.4878481251266633 | 1 | -0.5
1.5546211861981982 | 1 | -0.5
1.6526721180920683 | 1 | -0.5
1.7989101312294633 | 1 | -0.5
2.1832929874678113 | 1 | -0.5
2.8974620768089165 | 1 | -0.5
3.825038451075002 | 1 | -0.5
3.539092923516894 | 1 | -0.5
3.5613847161073378 | 1 | -0.5
3.6758240807868203 | 1 | -0.5
4.032096682663348 | 1 | -0.5
4.611752495953018 | 1 | -0.5
5.688730522002496 | 1 | -0.5
1.2860498728802967 | 1 | -0.5
1.1898242842540003 | 1 | -0.5
1.0922846014324776 | 1 | -0.5
1.0753210999784264 | 1 | -0.5
1.1428403102944318 | 1 | -0.5
1.2518864392810354 | 1 | -0.5
1.425629847451596 | 1 | -0.5
1.728031348899144 | 1 | -0.5
2.3620288242385925 | 1 | -0.5
4.022494270941749 | 1 | -0.5
7.537822754639037 | 1 | -0.5
7.515597249188191 | 1 | -0.5
6.702631957318192 | 1 | -0.5
3.906857256669454 | 1 | -0.5
2.7913708093080163 | 1 | -0.5
2.1733931521883916 | 1 | -0.5
1.7963881754622828 | 1 | -0.5
1.5849296209310368 | 1 | -0.5
1.5146207619968126 | 1 | -0.5
1.5428902022694293 | 1 | -0.5
1.5583996054592493 | 1 | -0.5
1.654595950863179 | 1 | -0.5
1.925807871148535 | 1 | -0.5
2.429162765472913 | 1 | -0.5
3.479884016045499 | 1 | -0.5
3.7277062016841565 | 1 | -0.5
3.5792740824891403 | 1 | -0.5
3.5629772459896762 | 1 | -0.5
3.6914114065646624 | 1 | -0.5
4.081211982566016 | 1 | -0.5
4.677889269155327 | 1 | -0.5
6.195138164606628 | 1 | -0.5
1.2151362317509844 | 1 | -0.5
1.0926516677882536 | 1 | -0.5
1.0723340995024762 | 1 | -0.5
1.0769788817566397 | 1 | -0.5
1.17768619462681 | 1 | -0.5
1.3393077275182423 | 1 | -0.5
1.6596612249733276 | 1 | -0.5
2.2135449074347817 | 1 | -0.5
3.4488496489933342 | 1 | -0.5
7.571841688223213 | 1 | -0.5
7.4648259922684215 | 1 | -0.5
6.009562850947865 | 1 | -0.5
3.4998673998661176 | 1 | -0.5
2.6135449069782384 | 1 | -0.5
2.1502619410498047 | 1 | -0.5
1.8018107797575142 | 1 | -0.5
1.674211559985256 | 1 | -0.5
1.6427763824794757 | 1 | -0.5
1.6380535124198532 | 1 | -0.5
1.7445567298901272 | 1 | -0.5
2.0338469564546817 | 1 | -0.5
2.462287819653461 | 1 | -0.5
3.305230800548349 | 1 | -0.5
3.954701653420563 | 1 | -0.5
3.7253204381065634 | 1 | -0.5
3.7054684157150013 | 1 | -0.5
3.7510189850183067 | 1 | -0.5
4.0073504842455 | 1 | -0.5
4.475476945072491 | 1 | -0.5
5.374163110162814 | 1 | -0.5
1.1419414551938012 | 1 | -0.5
1.005143678108318 | 1 | -0.5
0.9137567218982053 | 1 | -0.5
0.9204575994192877 | 1 | -0.5
0.9733923493633596 | 1 | -0.5
1.0480432889999725 | 1 | -0.5
1.2387041893446666 | 1 | -0.5
1.58746812451694 | 1 | -0.5
2.005768606289359 | 1 | -0.5
2.910642883754013 | 1 | -0.5
7.50335615912904 | 1 | -0.5
7.426250891213992 | 1 | -0.5
6.990913858011778 | 1 | -0.5
4.132467527539285 | 1 | -0.5
2.9713964641798682 | 1 | -0.5
2.37440260151358 | 1 | -0.5
1.9706207406884781 | 1 | -0.5
1.7937187589008003 | 1 | -0.5
1.6924651221090894 | 1 | -0.5
1.708310956326857 | 1 | -0.5
1.8186189030352353 | 1 | -0.5
2.064881688673431 | 1 | -0.5
2.4016074645104113 | 1 | -0.5
3.059298139981325 | 1 | -0.5
4.136690584952849 | 1 | -0.5
3.7998566385960446 | 1 | -0.5
3.681799621930577 | 1 | -0.5
3.7206493880716667 | 1 | -0.5
3.9820395994649513 | 1 | -0.5
4.462296302057205 | 1 | -0.5
5.313884590658485 | 1 | -0.5
1.1080636552100205 | 1 | -0.5
0.9644898605914264 | 1 | -0.5
0.910576979610639 | 1 | -0.5
0.907418508748829 | 1 | -0.5
0.9610952194453781 | 1 | -0.5
1.0441835571022071 | 1 | -0.5
1.1365533864472253 | 1 | -0.5
1.3982860609767624 | 1 | -0.5
1.901263756786514 | 1 | -0.5
3.5461853136974777 | 1 | -0.5
7.400738271283141 | 1 | -0.5
7.4277975013564435 | 1 | -0.5
6.653910930922133 | 1 | -0.5
3.8632467975583005 | 1 | -0.5
2.8074497959590206 | 1 | -0.5
2.2655578469636626 | 1 | -0.5
1.9978758770799845 | 1 | -0.5
1.764341118463322 | 1 | -0.5
1.6951880694611325 | 1 | -0.5
1.710978995993341 | 1 | -0.5
1.809277661189754 | 1 | -0.5
1.948538217690309 | 1 | -0.5
2.4415942640950705 | 1 | -0.5
3.121574230586373 | 1 | -0.5
3.991767492228763 | 1 | -0.5
3.7601805328584583 | 1 | -0.5
3.7215204912801862 | 1 | -0.5
3.775104635707893 | 0 | 5.0
3.8427827012894844 | 0 | 5.0
3.8820833850726477 | 0 | 5.0
3.930665783339164 | 0 | -200.0
[2.62] | 1 | -0.5
2.361208636089638 | 1 | -0.5
2.2677165602710243 | 1 | -0.5
2.229005181572126 | 1 | -0.5
2.341596108258735 | 1 | -0.5
2.5268141814677048 | 1 | -0.5
2.7753197963269134 | 1 | -0.5
3.236757990076514 | 1 | -0.5
4.550220795056532 | 1 | -0.5
6.478363358771544 | 1 | -0.5
13.825231876960526 | 2 | -0.5
6.753543013028912 | 1 | -0.5
18.27749864897423 | 2 | -0.5
7.470477328525636 | 1 | -0.5
18.281271834486486 | 2 | -0.5
7.622078468367057 | 1 | -0.5
18.269481774340456 | 2 | -0.5
7.817057995749784 | 1 | -0.5
16.871755613168087 | 2 | -0.5
7.9931378752136 | 1 | -0.5
18.196776694448683 | 2 | -0.5
8.65284398762435 | 1 | -0.5
18.244487086784282 | 2 | -0.5
8.722420236734566 | 1 | -0.5
18.164146325033734 | 2 | -0.5
9.51353018796968 | 1 | -0.5
18.088645165106264 | 2 | -0.5
11.058449919963866 | 1 | -0.5
0.991662511875589 | 1 | -0.5
1.0006948324157559 | 1 | -0.5
1.0045457565551779 | 1 | -0.5
1.1052802794272607 | 1 | -0.5
1.302259523398911 | 1 | -0.5
1.6075906921627665 | 1 | -0.5
2.2816080454029377 | 1 | -0.5
3.960764993310188 | 1 | -0.5
8.210949115038995 | 1 | -0.5
8.277354439993028 | 1 | -0.5
4.639872873191237 | 1 | -0.5
3.0188396351461075 | 1 | -0.5
2.3162099252734194 | 1 | -0.5
1.9474142759388557 | 1 | -0.5
1.7158158112559014 | 1 | -0.5
1.6270911507397867 | 0 | 5.0
1.5542890478750115 | 0 | 5.0
1.5972516659536842 | 1 | -0.5
1.4859536387022927 | 0 | 5.0
1.503693479336694 | 0 | 5.0
1.4872928490078894 | 0 | 5.0
1.486208629748864 | 0 | 5.0
1.4747041985996145 | 0 | 5.0
1.4829925859141273 | 0 | 5.0
1.4986306397216655 | 0 | 5.0
1.498675530738159 | 0 | 5.0
1.499508970905684 | 0 | 5.0
1.4802996879496706 | 0 | 5.0
1.4580219915752395 | 0 | 5.0
1.4967767729644965 | 0 | -200.0
[18.5] | 2 | -0.5
1.5836050754576918 | 1 | -0.5
18.487887943889046 | 2 | -0.5
1.9174094591248012 | 1 | -0.5
18.50964654844792 | 2 | -0.5
2.8326026504480946 | 1 | -0.5
Total reward: -184.0
