0.3, -0.0, 2.7, 1.1, 6.9, -1.7, 0.5, 0.7, 0.5, -3.5, 2.5, -4.1, 1.3, -0.8, -4.6, -2.6, -4.6, -2.8
parameter ends

state | action | reward
[4.69] | 1 | -0.5
8.845970293506548 | 0 | 5.0
8.845192666786227 | 0 | 5.0
8.85064439672967 | 0 | 5.0
8.852764446791996 | 0 | 5.0
8.817194714381722 | 0 | 5.0
8.750266740515732 | 0 | -200.0
[2.21] | 1 | -0.5
1.7807778537128882 | 1 | -0.5
1.5923025295882585 | 1 | -0.5
1.4834114417823125 | 1 | -0.5
1.409064361208993 | 1 | -0.5
1.4271939469878943 | 1 | -0.5
1.4911436870510848 | 1 | -0.5
1.630734771168585 | 1 | -0.5
1.8593678788008912 | 1 | -0.5
2.3579948833711706 | 1 | -0.5
2.6074290422090924 | 1 | -0.5
2.3701552637166667 | 1 | -0.5
2.306636605016575 | 1 | -0.5
2.354902804241402 | 1 | -0.5
2.5777278271832675 | 1 | -0.5
2.921669475626083 | 1 | -0.5
3.4636592673723334 | 1 | -0.5
4.5836438115570814 | 1 | -0.5
7.129501278939058 | 1 | -0.5
9.794100541384536 | 1 | -0.5
8.032721583920274 | 1 | -0.5
1.681709036838312 | 1 | -0.5
1.346355374201777 | 1 | -0.5
1.555166590545245 | 1 | -0.5
1.9188838803036763 | 1 | -0.5
2.7929746551693184 | 1 | -0.5
5.2332521542663875 | 1 | -0.5
8.83254883521668 | 1 | -0.5
8.917836874259168 | 1 | -0.5
4.898421157983641 | 1 | -0.5
3.142250543717913 | 1 | -0.5
2.252109974115066 | 1 | -0.5
1.9138642789627076 | 1 | -0.5
1.6654115420976772 | 1 | -0.5
1.5036386458892832 | 1 | -0.5
1.4366485901495534 | 1 | -0.5
1.4289008439333863 | 1 | -0.5
1.5400709070011211 | 1 | -0.5
1.6328715159485199 | 1 | -0.5
1.9080986379551856 | 1 | -0.5
2.4844519929360653 | 1 | -0.5
2.588336093384831 | 1 | -0.5
2.429842992627732 | 1 | -0.5
2.225385181576192 | 1 | -0.5
2.2475074010739484 | 1 | -0.5
2.291762084057568 | 1 | -0.5
2.4626100891661022 | 1 | -0.5
2.864849899244146 | 1 | -0.5
3.4340986900919717 | 1 | -0.5
4.644604823054498 | 1 | -0.5
9.960926837165498 | 1 | -0.5
9.533286330854299 | 1 | -0.5
4.419124446387486 | 1 | -0.5
1.3399226072477028 | 1 | -0.5
1.1952887886770518 | 1 | -0.5
1.438627172691094 | 1 | -0.5
1.8133429779491297 | 1 | -0.5
2.75081828061673 | 1 | -0.5
5.161054441320335 | 1 | -0.5
8.820839862715887 | 1 | -0.5
8.900943034626474 | 1 | -0.5
4.846651954389111 | 1 | -0.5
3.1565719299894632 | 1 | -0.5
2.3240658355004213 | 1 | -0.5
1.9297703622748172 | 1 | -0.5
1.7509650426853136 | 1 | -0.5
1.6348673370972564 | 1 | -0.5
1.5763668290631327 | 1 | -0.5
1.6058222608068666 | 1 | -0.5
1.7019605555056176 | 1 | -0.5
1.9111890183171196 | 1 | -0.5
2.3014605992376964 | 1 | -0.5
2.683245827189515 | 1 | -0.5
2.435930392911942 | 1 | -0.5
2.266899622008338 | 1 | -0.5
2.237513561499525 | 1 | -0.5
2.2894863783592974 | 1 | -0.5
2.459950588405964 | 1 | -0.5
2.764877424843732 | 1 | -0.5
3.406898043112142 | 1 | -0.5
4.681168327317319 | 1 | -0.5
10.024511776968096 | 1 | -0.5
9.567809792363834 | 1 | -0.5
4.945403451508273 | 1 | -0.5
1.6966841646918072 | 1 | -0.5
1.2096460985824464 | 1 | -0.5
1.423666166649548 | 1 | -0.5
1.753574470619531 | 1 | -0.5
2.582224147274234 | 1 | -0.5
4.87806866596393 | 1 | -0.5
8.939372762910583 | 1 | -0.5
9.117992668978433 | 1 | -0.5
4.710624855251391 | 1 | -0.5
3.382984612720003 | 1 | -0.5
2.522194891299209 | 1 | -0.5
2.112969217061316 | 1 | -0.5
1.8879002167998036 | 1 | -0.5
1.7055963677603387 | 1 | -0.5
1.6793372190198563 | 1 | -0.5
1.6765295036206243 | 1 | -0.5
1.7916381980986726 | 1 | -0.5
2.017538528011239 | 1 | -0.5
2.3958967437426146 | 1 | -0.5
2.735653386373777 | 1 | -0.5
2.465221402794652 | 1 | -0.5
2.299544260247992 | 1 | -0.5
2.232049456964481 | 1 | -0.5
2.330080327488251 | 1 | -0.5
2.5608916424897012 | 1 | -0.5
2.9171360684320153 | 1 | -0.5
3.539015427822711 | 1 | -0.5
4.800549056583506 | 1 | -0.5
9.888519899268694 | 1 | -0.5
9.481941283722193 | 1 | -0.5
9.426175928110933 | 1 | -0.5
2.0523467211212933 | 1 | -0.5
1.1396226751590643 | 1 | -0.5
1.1621166463278334 | 1 | -0.5
1.4229451759188845 | 1 | -0.5
2.0939519111776823 | 1 | -0.5
3.9332400137104675 | 1 | -0.5
8.889124644568781 | 1 | -0.5
8.933756775994562 | 1 | -0.5
5.875405987379028 | 1 | -0.5
3.742646065434205 | 1 | -0.5
2.6683335797543415 | 1 | -0.5
2.2156839047436945 | 1 | -0.5
1.862337676533682 | 1 | -0.5
1.7543227908537111 | 1 | -0.5
1.6765474091311658 | 1 | -0.5
1.7047236555324095 | 1 | -0.5
1.7836141647854804 | 1 | -0.5
1.9445181344170297 | 1 | -0.5
2.2415793140618514 | 1 | -0.5
2.8490653385532556 | 1 | -0.5
2.5509494271953788 | 1 | -0.5
2.3136666388593583 | 1 | -0.5
2.2446353130636063 | 1 | -0.5
2.1906427222134464 | 1 | -0.5
2.289638510919133 | 1 | -0.5
2.415352345288968 | 1 | -0.5
2.7805387473251675 | 1 | -0.5
3.3443082495258722 | 1 | -0.5
4.559441906124383 | 1 | -0.5
9.99589674097624 | 1 | -0.5
9.582204242117989 | 1 | -0.5
5.1438787156819945 | 1 | -0.5
1.793175765722464 | 1 | -0.5
1.1743402858286205 | 1 | -0.5
1.358019221472885 | 1 | -0.5
1.6821912245733985 | 1 | -0.5
2.134693380939483 | 1 | -0.5
3.4842337138132304 | 1 | -0.5
8.799261695496943 | 1 | -0.5
8.966610511391865 | 1 | -0.5
5.870290585514041 | 1 | -0.5
3.8096131373946385 | 1 | -0.5
2.796445425358895 | 1 | -0.5
2.224504624010923 | 1 | -0.5
1.8704682437436817 | 1 | -0.5
1.6921379431375092 | 1 | -0.5
1.5772219478709877 | 1 | -0.5
1.596692243068507 | 1 | -0.5
1.68208965652131 | 1 | -0.5
1.8989534821193017 | 1 | -0.5
2.280262074110388 | 1 | -0.5
2.7269736494682393 | 1 | -0.5
2.387057127287803 | 1 | -0.5
2.219746641112154 | 1 | -0.5
2.229125517653627 | 1 | -0.5
2.2875546766744184 | 1 | -0.5
2.4986590816618137 | 1 | -0.5
2.7632806103249665 | 1 | -0.5
3.3577810081051678 | 1 | -0.5
4.354616764739546 | 1 | -0.5
6.694977157306901 | 1 | -0.5
9.666717948114062 | 1 | -0.5
9.506229291381144 | 1 | -0.5
3.2765185050880508 | 1 | -0.5
1.2918088113837773 | 1 | -0.5
1.2179930939729573 | 1 | -0.5
1.485877970379797 | 1 | -0.5
1.8646008828497849 | 1 | -0.5
3.157098915222513 | 1 | -0.5
6.270394268830751 | 1 | -0.5
8.868650795154053 | 1 | -0.5
9.126923226702267 | 1 | -0.5
3.8211640759856556 | 1 | -0.5
2.6955835137083994 | 1 | -0.5
2.118474622202844 | 1 | -0.5
1.7953229795316552 | 1 | -0.5
1.6237883082660036 | 1 | -0.5
1.5381086783197047 | 1 | -0.5
1.529248991380178 | 1 | -0.5
1.5868989522916013 | 1 | -0.5
1.7271695110724667 | 1 | -0.5
2.051789883224945 | 1 | -0.5
2.7214166754871996 | 1 | -0.5
2.4604903271453233 | 1 | -0.5
2.249486905091725 | 1 | -0.5
2.2060325095605413 | 1 | -0.5
2.2907189881383387 | 1 | -0.5
2.436171732431712 | 1 | -0.5
2.7436586702258046 | 1 | -0.5
3.1769196519083613 | 1 | -0.5
4.045354785262891 | 1 | -0.5
6.3644843928843216 | 1 | -0.5
9.689625658452984 | 1 | -0.5
9.57896194708563 | 1 | -0.5
2.218539194512875 | 1 | -0.5
1.164759550981613 | 1 | -0.5
1.3503516200470564 | 1 | -0.5
1.5281815636429426 | 1 | -0.5
2.025520772167754 | 1 | -0.5
2.9821296187822233 | 1 | -0.5
6.08870722382445 | 1 | -0.5
8.859363780608431 | 1 | -0.5
8.99167144518908 | 1 | -0.5
4.558405102170924 | 1 | -0.5
2.8341167222708186 | 1 | -0.5
2.2351108836871365 | 1 | -0.5
1.9190903669105874 | 1 | -0.5
1.6774977175756858 | 1 | -0.5
1.6247858721301147 | 1 | -0.5
1.5679749814608979 | 1 | -0.5
1.584535546195882 | 1 | -0.5
1.732617602477825 | 1 | -0.5
1.9678643568419136 | 1 | -0.5
2.4897549974046447 | 1 | -0.5
2.691502254289707 | 1 | -0.5
2.432220436280043 | 1 | -0.5
2.3631966849201937 | 1 | -0.5
2.3470270226923824 | 1 | -0.5
2.4923358553076853 | 1 | -0.5
2.6395880005219943 | 1 | -0.5
3.11507185527385 | 1 | -0.5
3.984903764521571 | 1 | -0.5
5.315326369288119 | 1 | -0.5
9.973426729395289 | 1 | -0.5
9.620276848022959 | 1 | -0.5
4.875031114970555 | 1 | -0.5
1.592122722411672 | 1 | -0.5
1.1887071070831383 | 1 | -0.5
1.38871918189808 | 1 | -0.5
1.7243565180787985 | 1 | -0.5
2.528809656099857 | 1 | -0.5
4.51725377194243 | 1 | -0.5
8.728959731971731 | 1 | -0.5
8.86104987233488 | 1 | -0.5
4.48705653467449 | 1 | -0.5
3.143269407943387 | 1 | -0.5
2.505309928751563 | 1 | -0.5
2.088047581361933 | 1 | -0.5
1.8239933005957099 | 1 | -0.5
1.6953670364826028 | 1 | -0.5
1.624157202182499 | 1 | -0.5
1.6146360064836178 | 1 | -0.5
1.6812397765519351 | 1 | -0.5
1.9260721861247456 | 1 | -0.5
2.172341021109252 | 1 | -0.5
2.7864552572366303 | 1 | -0.5
2.6101394623285 | 1 | -0.5
2.390803110839955 | 1 | -0.5
2.286177733354409 | 1 | -0.5
2.3709067347625994 | 1 | -0.5
2.4328627825889613 | 1 | -0.5
2.692337214312384 | 1 | -0.5
3.037032858106587 | 1 | -0.5
3.77022578123013 | 1 | -0.5
4.966097915675265 | 1 | -0.5
9.975321159417467 | 1 | -0.5
9.594924901131991 | 1 | -0.5
7.350416740043169 | 1 | -0.5
1.67664104734914 | 1 | -0.5
1.1429658168500465 | 1 | -0.5
1.3296461155229657 | 1 | -0.5
1.590070769393846 | 1 | -0.5
2.1940398037374136 | 1 | -0.5
3.5293328313666468 | 1 | -0.5
8.37285535136855 | 1 | -0.5
8.834145036700342 | 1 | -0.5
9.183682825678149 | 1 | -0.5
3.7166829781477584 | 1 | -0.5
2.6387525121382405 | 1 | -0.5
2.1133900689837617 | 1 | -0.5
1.9021037081691157 | 1 | -0.5
1.6407435800402077 | 1 | -0.5
1.5767973702189353 | 1 | -0.5
1.5504762282136475 | 1 | -0.5
1.5608443242581902 | 1 | -0.5
1.6313173043874927 | 1 | -0.5
1.8182766118282376 | 1 | -0.5
2.1155980103258063 | 1 | -0.5
2.768231887319669 | 1 | -0.5
2.3969360159972175 | 1 | -0.5
2.2354867980640485 | 1 | -0.5
2.1973556021849685 | 1 | -0.5
2.232139580629008 | 1 | -0.5
2.542634633936884 | 1 | -0.5
2.8398844925297246 | 1 | -0.5
3.5963879377973247 | 1 | -0.5
4.949375898248128 | 1 | -0.5
9.938381999463386 | 1 | -0.5
9.647314839054319 | 1 | -0.5
5.784121812210092 | 1 | -0.5
1.993588761562485 | 1 | -0.5
1.303650004304581 | 1 | -0.5
1.5477293503783813 | 1 | -0.5
2.1369999190197393 | 1 | -0.5
3.1096962089618105 | 1 | -0.5
7.940018984218963 | 1 | -0.5
9.038425329631467 | 1 | -0.5
5.410063881839988 | 1 | -0.5
3.409822742881842 | 1 | -0.5
2.428677806566036 | 1 | -0.5
1.9654017385038802 | 1 | -0.5
1.6962640075962216 | 1 | -0.5
1.595882216773605 | 1 | -0.5
1.4964443176242326 | 1 | -0.5
1.4904646872366176 | 1 | -0.5
1.585573068388832 | 1 | -0.5
1.6615035173792634 | 1 | -0.5
1.9119382649348615 | 1 | -0.5
2.3348080932383404 | 1 | -0.5
2.425992707412245 | 1 | -0.5
2.1917479957291985 | 1 | -0.5
2.042816194441736 | 1 | -0.5
2.041084644189941 | 1 | -0.5
2.0907548430873346 | 1 | -0.5
2.2435733755771516 | 1 | -0.5
2.4873207911407555 | 1 | -0.5
3.0016305415058455 | 1 | -0.5
3.9877668402897095 | 1 | -0.5
6.704421148228553 | 1 | -0.5
9.718794981633833 | 1 | -0.5
9.573406280398261 | 1 | -0.5
3.1867443268277023 | 1 | -0.5
1.5821488859515498 | 1 | -0.5
1.3912838197269812 | 1 | -0.5
1.7431413631070134 | 1 | -0.5
2.5016313911150982 | 1 | -0.5
4.26765756486714 | 1 | -0.5
9.066784855540217 | 1 | -0.5
9.172228433133816 | 1 | -0.5
4.820540286434797 | 1 | -0.5
3.0679384013445414 | 1 | -0.5
2.344020477319442 | 1 | -0.5
1.9350795243698806 | 1 | -0.5
1.6757047431602747 | 1 | -0.5
1.6250495283915465 | 1 | -0.5
1.5506903962142045 | 1 | -0.5
1.5391333593805896 | 1 | -0.5
1.6330982076246752 | 1 | -0.5
1.8230364817854379 | 1 | -0.5
2.2362342219075013 | 1 | -0.5
2.5905381482036303 | 1 | -0.5
2.358546393784456 | 1 | -0.5
2.157351281524107 | 1 | -0.5
2.14464584619193 | 1 | -0.5
2.244991629326739 | 1 | -0.5
2.490825319475051 | 1 | -0.5
2.77377484689926 | 1 | -0.5
3.4841068641390964 | 1 | -0.5
5.2375797247393 | 1 | -0.5
9.938007480414672 | 1 | -0.5
9.688561265956158 | 1 | -0.5
9.313985970038777 | 1 | -0.5
2.416485181194659 | 1 | -0.5
1.2492051758765146 | 1 | -0.5
1.4527929458704645 | 1 | -0.5
1.73779677135691 | 1 | -0.5
2.368927653890924 | 1 | -0.5
4.475268921505345 | 1 | -0.5
8.864258217567926 | 1 | -0.5
8.898936430120177 | 1 | -0.5
5.152163921310753 | 1 | -0.5
3.0284225990486933 | 1 | -0.5
2.1817086797455203 | 1 | -0.5
1.8020431614185564 | 1 | -0.5
1.5788684997696476 | 1 | -0.5
1.5096882634810365 | 1 | -0.5
1.4551280436381275 | 1 | -0.5
1.4723187515768978 | 1 | -0.5
1.6553909495087005 | 1 | -0.5
1.7576461906490708 | 1 | -0.5
2.0546531616805632 | 1 | -0.5
2.664245767636616 | 1 | -0.5
2.5379624135415457 | 1 | -0.5
2.388663717924086 | 1 | -0.5
2.3223353174608765 | 1 | -0.5
2.418044789922769 | 1 | -0.5
2.7082254215653356 | 1 | -0.5
3.0490914548899144 | 1 | -0.5
3.8509308277666547 | 1 | -0.5
5.667158588229589 | 1 | -0.5
9.927112773913562 | 1 | -0.5
9.629905836733013 | 1 | -0.5
2.7056674439878456 | 1 | -0.5
1.183119237303023 | 1 | -0.5
1.2554270096095583 | 1 | -0.5
1.529148535639055 | 1 | -0.5
2.039953823561597 | 1 | -0.5
3.097068690370566 | 1 | -0.5
7.638463754691812 | 1 | -0.5
8.718148229522619 | 1 | -0.5
9.073260069989644 | 1 | -0.5
3.7188495804407498 | 1 | -0.5
2.5114240386722546 | 1 | -0.5
2.065849231802954 | 1 | -0.5
1.7595911890833624 | 1 | -0.5
1.671164509574905 | 1 | -0.5
1.6370059400012944 | 1 | -0.5
1.6742625896898988 | 1 | -0.5
1.7974047597507699 | 1 | -0.5
2.061821729676928 | 1 | -0.5
2.3784081312795036 | 1 | -0.5
3.043616815329459 | 1 | -0.5
2.7465586834055618 | 1 | -0.5
2.5928507495439423 | 1 | -0.5
2.5311411344519734 | 1 | -0.5
2.6396400282725456 | 1 | -0.5
2.8357996874775226 | 1 | -0.5
3.309671109237663 | 1 | -0.5
4.107530764813587 | 1 | -0.5
5.999867302592633 | 1 | -0.5
9.855733565094074 | 1 | -0.5
9.514260979728544 | 1 | -0.5
2.114123078507992 | 1 | -0.5
1.0868015905360746 | 1 | -0.5
1.2589811082097824 | 1 | -0.5
1.5131083662006046 | 1 | -0.5
2.0643550704180997 | 1 | -0.5
2.890461060861972 | 1 | -0.5
6.463416960642929 | 1 | -0.5
8.653425783377182 | 1 | -0.5
8.80431744184193 | 1 | -0.5
4.51077149911188 | 1 | -0.5
3.04976920573485 | 1 | -0.5
2.2786274894254133 | 1 | -0.5
1.9357184803139564 | 1 | -0.5
1.7600910477145444 | 1 | -0.5
1.6325340187271062 | 1 | -0.5
1.6335888105604688 | 1 | -0.5
1.6231087663372876 | 1 | -0.5
1.7638958192283665 | 1 | -0.5
1.9283036154322397 | 1 | -0.5
2.180847146088923 | 1 | -0.5
2.7743501807231885 | 1 | -0.5
2.655581868214922 | 1 | -0.5
2.4497828380752886 | 1 | -0.5
2.4272350637906914 | 1 | -0.5
2.494086372313218 | 1 | -0.5
2.5915373186339115 | 1 | -0.5
2.9650773370869583 | 1 | -0.5
3.5520623622761196 | 1 | -0.5
4.588665102943816 | 1 | -0.5
6.573390765542418 | 1 | -0.5
9.736763154809044 | 1 | -0.5
9.60032507392721 | 1 | -0.5
1.7073150173027276 | 1 | -0.5
1.2437255997834757 | 1 | -0.5
1.412965953104076 | 1 | -0.5
1.7490806570707023 | 1 | -0.5
2.192221789079348 | 1 | -0.5
3.323940385975762 | 1 | -0.5
6.9658615024475194 | 1 | -0.5
8.697207913727647 | 1 | -0.5
8.984790536639958 | 1 | -0.5
3.5342672698381032 | 1 | -0.5
2.365019388694026 | 1 | -0.5
1.8542226215970223 | 1 | -0.5
1.5971935022374903 | 1 | -0.5
1.4827654346068961 | 1 | -0.5
1.386119446468711 | 1 | -0.5
1.4254829476346533 | 1 | -0.5
1.493847170879267 | 1 | -0.5
1.5955009068700545 | 1 | -0.5
1.8686480142084676 | 1 | -0.5
2.3868829748839615 | 1 | -0.5
2.696565663045119 | 1 | -0.5
2.4808775947728696 | 1 | -0.5
2.391698881275879 | 1 | -0.5
2.365936884001499 | 1 | -0.5
2.4771696348627072 | 1 | -0.5
2.665547242960672 | 1 | -0.5
3.121908424566977 | 1 | -0.5
3.9484598632394245 | 1 | -0.5
5.7970532821835 | 1 | -0.5
9.888380358611542 | 1 | -0.5
9.643080247860011 | 1 | -0.5
2.362161039949682 | 1 | -0.5
1.2380373532739584 | 1 | -0.5
1.3894366370760196 | 1 | -0.5
1.6741599538669591 | 1 | -0.5
2.328411122184225 | 1 | -0.5
3.4755853955317413 | 1 | -0.5
6.499130821299863 | 1 | -0.5
8.759386232179525 | 1 | -0.5
8.987036767482557 | 1 | -0.5
4.172570875073285 | 1 | -0.5
2.899468718625388 | 1 | -0.5
2.206513366506079 | 1 | -0.5
1.7756704081635368 | 1 | -0.5
1.5830383998792616 | 1 | -0.5
1.4719733370926071 | 1 | -0.5
1.4354190154378064 | 1 | -0.5
1.4573473825655434 | 1 | -0.5
1.5599557055030833 | 1 | -0.5
1.7339481557183252 | 1 | -0.5
2.069423642603699 | 1 | -0.5
2.773954056681385 | 1 | -0.5
2.6442021341538173 | 1 | -0.5
2.4368597292358434 | 1 | -0.5
2.3778488988840087 | 1 | -0.5
2.4536363349583343 | 1 | -0.5
2.6852823156933665 | 1 | -0.5
3.158708246780915 | 1 | -0.5
4.027127784838633 | 1 | -0.5
5.578425824115389 | 1 | -0.5
9.87831625075707 | 1 | -0.5
9.567829433413081 | 1 | -0.5
3.521349434847737 | 1 | -0.5
1.3052268225001917 | 1 | -0.5
1.210369162644446 | 1 | -0.5
1.4139507726080165 | 1 | -0.5
1.8399486894815906 | 1 | -0.5
2.5115218571892615 | 1 | -0.5
4.7082832850457725 | 1 | -0.5
8.765683715043311 | 1 | -0.5
8.77498807237423 | 1 | -0.5
5.668282544209943 | 1 | -0.5
3.5341773465322333 | 1 | -0.5
2.508713208720858 | 1 | -0.5
1.9778592187745205 | 1 | -0.5
1.69978019247325 | 1 | -0.5
1.6161883160688753 | 1 | -0.5
1.5446127130960503 | 1 | -0.5
1.515418971169046 | 1 | -0.5
1.6090527676115545 | 1 | -0.5
1.8258885614476368 | 1 | -0.5
2.1238302999153182 | 1 | -0.5
2.6461074203169885 | 1 | -0.5
2.5860349126404856 | 1 | -0.5
2.402834476210512 | 1 | -0.5
2.345373649684213 | 1 | -0.5
2.464338065924525 | 1 | -0.5
2.625058627615589 | 1 | -0.5
2.989697261442075 | 1 | -0.5
3.529949922296994 | 1 | -0.5
4.604575385660396 | 1 | -0.5
6.885252341179869 | 1 | -0.5
9.873468411589263 | 1 | -0.5
9.710846952920905 | 1 | -0.5
2.009492555065942 | 1 | -0.5
1.3110118725548172 | 1 | -0.5
1.4877279969522563 | 1 | -0.5
1.965349336244938 | 1 | -0.5
2.6617124729674524 | 1 | -0.5
4.7723950597999325 | 1 | -0.5
8.840846027696138 | 1 | -0.5
8.956342283225746 | 1 | -0.5
4.249409981998734 | 1 | -0.5
2.7257172441580315 | 1 | -0.5
2.1230988529371824 | 1 | -0.5
1.7884304196076557 | 1 | -0.5
1.5555215771777495 | 1 | -0.5
1.4188858607375134 | 1 | -0.5
1.3527501276540714 | 1 | -0.5
1.3910078632232699 | 1 | -0.5
1.4761416459415886 | 1 | -0.5
1.623092306855064 | 1 | -0.5
1.948074711579609 | 1 | -0.5
2.5432843685013053 | 1 | -0.5
2.49144986859 | 1 | -0.5
2.3259386704065252 | 1 | -0.5
2.2558762798620693 | 1 | -0.5
2.3436170162961356 | 1 | -0.5
2.5154202993868005 | 1 | -0.5
2.8882819006440537 | 1 | -0.5
3.451439863033808 | 1 | -0.5
4.438775066555984 | 1 | -0.5
10.376893608501385 | 1 | -0.5
9.88023993646918 | 1 | -0.5
9.854586067500245 | 1 | -0.5
2.0654278582983348 | 1 | -0.5
1.4863614276107955 | 1 | -0.5
1.69180198124283 | 1 | -0.5
2.159464127887897 | 1 | -0.5
2.789585032622025 | 1 | -0.5
4.331464369279109 | 1 | -0.5
8.890362964311038 | 1 | -0.5
8.864667557494512 | 1 | -0.5
4.650976971152874 | 1 | -0.5
2.9662797450296337 | 1 | -0.5
2.2044405291555265 | 1 | -0.5
1.8562022936549991 | 1 | -0.5
1.5553339697240998 | 1 | -0.5
1.4351926131699297 | 1 | -0.5
1.3329539910114523 | 1 | -0.5
1.302856835441158 | 1 | -0.5
1.3548662593298333 | 1 | -0.5
1.4545292987989389 | 1 | -0.5
1.6971164949529427 | 1 | -0.5
1.9621200796524292 | 1 | -0.5
2.588895915218822 | 1 | -0.5
2.441468456696792 | 1 | -0.5
2.2918433002458074 | 1 | -0.5
2.2831935196573987 | 1 | -0.5
2.3072402247005486 | 1 | -0.5
2.4877634994194215 | 1 | -0.5
2.7888302398874623 | 1 | -0.5
3.3921955985507988 | 1 | -0.5
4.640776180993768 | 1 | -0.5
10.261804125845511 | 1 | -0.5
9.80033694956857 | 1 | -0.5
4.607432242625513 | 1 | -0.5
1.7709790645589911 | 1 | -0.5
1.4779631231350867 | 1 | -0.5
1.6956588656820344 | 1 | -0.5
2.185559050821609 | 1 | -0.5
3.1636370858763434 | 1 | -0.5
6.01676449338143 | 1 | -0.5
8.871349976515724 | 1 | -0.5
8.922235786826906 | 1 | -0.5
3.966762282113363 | 1 | -0.5
2.5451865616753357 | 1 | -0.5
1.9929516208165698 | 1 | -0.5
1.6267729155240271 | 1 | -0.5
1.4191892083999813 | 1 | -0.5
1.3086596887575055 | 1 | -0.5
1.2463640277845671 | 1 | -0.5
1.3143998423184842 | 1 | -0.5
1.4289486835897813 | 1 | -0.5
1.6002655909191597 | 1 | -0.5
1.8985964659507446 | 1 | -0.5
2.433739208983023 | 1 | -0.5
2.3637072983309637 | 1 | -0.5
2.2597465114313073 | 1 | -0.5
2.2099336050796654 | 1 | -0.5
2.2276757742040276 | 1 | -0.5
2.4417254582974097 | 1 | -0.5
2.818114850921817 | 1 | -0.5
3.422307653345802 | 1 | -0.5
4.279866931908055 | 1 | -0.5
6.756898109271415 | 1 | -0.5
9.861536306022254 | 1 | -0.5
7.863441925358677 | 1 | -0.5
2.1004227222988288 | 1 | -0.5
1.4727969442844746 | 1 | -0.5
1.770693783535575 | 1 | -0.5
2.321772215905282 | 1 | -0.5
3.1629565048795936 | 1 | -0.5
6.0273934942364855 | 1 | -0.5
8.893860108523704 | 1 | -0.5
9.053689066085967 | 1 | -0.5
4.252918742639042 | 1 | -0.5
2.674839908761327 | 1 | -0.5
2.0676683628150214 | 1 | -0.5
1.7197017654843068 | 1 | -0.5
1.495476603007856 | 1 | -0.5
1.366654909390032 | 1 | -0.5
1.3858838162763965 | 1 | -0.5
1.3968657593314564 | 1 | -0.5
1.5299440880239767 | 1 | -0.5
1.7279139686499365 | 1 | -0.5
2.2127368982776687 | 1 | -0.5
2.55818570460581 | 1 | -0.5
2.351666221860367 | 1 | -0.5
2.2557693855965213 | 1 | -0.5
2.235417325225398 | 1 | -0.5
2.285664823730684 | 1 | -0.5
2.4829007681713366 | 1 | -0.5
2.8304676230096053 | 1 | -0.5
3.3867469611707444 | 1 | -0.5
4.403576925456781 | 1 | -0.5
6.341096482991959 | 1 | -0.5
9.8822199606154 | 1 | -0.5
9.703577365926748 | 1 | -0.5
3.5830492338500184 | 1 | -0.5
1.515643882508894 | 1 | -0.5
1.441949392696041 | 1 | -0.5
1.776266171610737 | 1 | -0.5
2.3538291736760253 | 1 | -0.5
4.158041892383798 | 1 | -0.5
8.868594026077776 | 1 | -0.5
8.88970084665894 | 1 | -0.5
4.997191814239291 | 1 | -0.5
3.1543392163725605 | 1 | -0.5
2.3648389331722295 | 1 | -0.5
1.9186423346658972 | 1 | -0.5
1.6283815611865569 | 1 | -0.5
1.5175826021514265 | 1 | -0.5
1.4602783650013271 | 1 | -0.5
1.4613358847856646 | 1 | -0.5
1.5112269263214873 | 1 | -0.5
1.6644248427020936 | 1 | -0.5
1.9899315710402272 | 1 | -0.5
2.5333322555918087 | 1 | -0.5
2.4467095544047988 | 1 | -0.5
2.2868927312134244 | 1 | -0.5
2.2445374253500785 | 1 | -0.5
2.2670482308004978 | 1 | -0.5
2.3328133498359267 | 1 | -0.5
2.581776451081154 | 1 | -0.5
2.9950064844775133 | 1 | -0.5
3.6388925983327844 | 1 | -0.5
4.814233613241933 | 1 | -0.5
10.132553309063436 | 1 | -0.5
9.73666622121212 | 1 | -0.5
5.27387551445407 | 1 | -0.5
1.6699777055100826 | 1 | -0.5
1.3347405305880218 | 1 | -0.5
1.5718794218656116 | 1 | -0.5
1.972910220485133 | 1 | -0.5
2.5982717183266564 | 1 | -0.5
4.059677771797591 | 1 | -0.5
8.916136546578144 | 1 | -0.5
8.91306450297483 | 1 | -0.5
5.04191863910678 | 1 | -0.5
3.2513439806057365 | 1 | -0.5
2.4188829169094053 | 1 | -0.5
2.036435166348774 | 1 | -0.5
1.7094284453146373 | 1 | -0.5
1.6007608134601168 | 1 | -0.5
1.5356658598769826 | 1 | -0.5
1.5350769941939055 | 1 | -0.5
1.6126618663059482 | 1 | -0.5
1.7664375243919948 | 1 | -0.5
2.0367247636107217 | 1 | -0.5
2.644863191156918 | 1 | -0.5
2.5485608017765338 | 1 | -0.5
2.3739035133377246 | 1 | -0.5
2.2761595778192354 | 1 | -0.5
2.255701029005539 | 1 | -0.5
2.3431071783116812 | 1 | -0.5
2.6171544433902314 | 1 | -0.5
3.035369077415088 | 1 | -0.5
3.912240069571081 | 1 | -0.5
5.27043560934836 | 1 | -0.5
10.025695068212176 | 1 | -0.5
9.738089291863156 | 1 | -0.5
6.274893149056493 | 1 | -0.5
1.677467717734638 | 1 | -0.5
1.2762164783237846 | 1 | -0.5
1.502996552498394 | 1 | -0.5
1.8738696234256647 | 1 | -0.5
2.7131295681089482 | 1 | -0.5
5.232380861298867 | 1 | -0.5
8.825515336270541 | 1 | -0.5
8.895611829568969 | 1 | -0.5
5.257677267758224 | 1 | -0.5
3.1794284712588317 | 1 | -0.5
2.47338145955947 | 1 | -0.5
1.965679000535402 | 1 | -0.5
1.7337473606086982 | 1 | -0.5
1.5981030363985331 | 1 | -0.5
1.5004170735947655 | 1 | -0.5
1.5441941976542 | 1 | -0.5
1.5898802651214479 | 1 | -0.5
1.796821599840627 | 1 | -0.5
2.052607414082408 | 1 | -0.5
2.6076242848381064 | 1 | -0.5
2.58692305378602 | 1 | -0.5
2.4384621148270336 | 1 | -0.5
2.322646084973794 | 1 | -0.5
2.3320351616071684 | 1 | -0.5
2.4771060281771335 | 1 | -0.5
2.685537758590629 | 1 | -0.5
3.1368734750106575 | 1 | -0.5
3.8525606868736566 | 1 | -0.5
5.044749501047089 | 1 | -0.5
9.968768270409074 | 1 | -0.5
9.575218943324046 | 1 | -0.5
3.8809301438096413 | 1 | -0.5
1.4097176778133456 | 1 | -0.5
1.206797486063583 | 1 | -0.5
1.4206121831181495 | 1 | -0.5
1.7908946090436453 | 1 | -0.5
2.450259597333967 | 1 | -0.5
4.4037213128405845 | 1 | -0.5
8.840194871709441 | 1 | -0.5
8.922064222392144 | 1 | -0.5
5.172667340185576 | 1 | -0.5
3.3147738007287644 | 1 | -0.5
2.4202415847798475 | 1 | -0.5
2.0192768580961915 | 1 | -0.5
1.8402021005012128 | 1 | -0.5
1.6717360554594913 | 1 | -0.5
1.643645899698084 | 1 | -0.5
1.677868856988597 | 1 | -0.5
1.8522134324079742 | 1 | -0.5
2.1620654685856127 | 1 | -0.5
2.6232789458158954 | 1 | -0.5
2.6493219950766127 | 1 | -0.5
2.429273729818484 | 1 | -0.5
2.2662156625853402 | 1 | -0.5
2.2268814299982274 | 1 | -0.5
2.3241060311107096 | 1 | -0.5
2.5102205303541787 | 1 | -0.5
2.8326383864844606 | 1 | -0.5
3.5260797482665485 | 1 | -0.5
4.492596366329914 | 1 | -0.5
9.99334967320859 | 1 | -0.5
9.584077793571359 | 1 | -0.5
9.416144850269935 | 1 | -0.5
2.541628834960776 | 1 | -0.5
1.3028360962188081 | 1 | -0.5
1.0948544250265428 | 1 | -0.5
1.341085220324917 | 1 | -0.5
1.6926505384562849 | 1 | -0.5
2.3038720704181777 | 1 | -0.5
4.241682773025125 | 1 | -0.5
8.901728097544606 | 1 | -0.5
8.97699445257865 | 1 | -0.5
5.757847590297475 | 1 | -0.5
3.5454559188215207 | 1 | -0.5
2.739987115266028 | 1 | -0.5
2.314759689000343 | 1 | -0.5
2.0714366806855504 | 1 | -0.5
1.8615826804150655 | 1 | -0.5
1.8224387812054959 | 1 | -0.5
1.8839379452858842 | 1 | -0.5
2.065513048803889 | 1 | -0.5
2.3286691466901375 | 1 | -0.5
2.802290335825943 | 1 | -0.5
2.724867548159699 | 1 | -0.5
2.474422319126569 | 1 | -0.5
2.373177150905544 | 1 | -0.5
2.291821137643586 | 1 | -0.5
2.4457323422063295 | 1 | -0.5
2.6402479656874953 | 1 | -0.5
3.0074516090930423 | 1 | -0.5
3.7363034553889696 | 1 | -0.5
5.0235678551116845 | 1 | -0.5
9.532043272135594 | 1 | -0.5
9.2506981603335 | 1 | -0.5
4.35610457102698 | 1 | -0.5
1.6758685257456702 | 1 | -0.5
0.9169895644966382 | 1 | -0.5
0.9665975866048692 | 1 | -0.5
1.268031486110132 | 1 | -0.5
1.7283912111803006 | 1 | -0.5
2.813760880666585 | 1 | -0.5
8.84912549910455 | 1 | -0.5
8.886336875753134 | 1 | -0.5
5.845228328256531 | 1 | -0.5
3.681280339475801 | 1 | -0.5
2.8473336091304655 | 1 | -0.5
2.3663322312153996 | 1 | -0.5
2.0615807093419085 | 1 | -0.5
1.905935205848689 | 1 | -0.5
1.851202011008904 | 1 | -0.5
1.923266241082658 | 1 | -0.5
2.011358018566462 | 1 | -0.5
2.213487495807017 | 1 | -0.5
2.638175357076116 | 1 | -0.5
2.856717341211103 | 1 | -0.5
2.5526803705417382 | 1 | -0.5
2.347270725452274 | 1 | -0.5
2.2580013097177987 | 1 | -0.5
2.284673979159176 | 1 | -0.5
2.3599597915758355 | 1 | -0.5
2.6162947580646465 | 1 | -0.5
3.0094044262362867 | 1 | -0.5
3.7894954992585586 | 1 | -0.5
5.204776670815943 | 1 | -0.5
9.44739118901747 | 1 | -0.5
9.068378605621398 | 1 | -0.5
4.708860203226131 | 1 | -0.5
1.7953739700443094 | 1 | -0.5
0.9698962970573831 | 1 | -0.5
0.8173527026166142 | 1 | -0.5
1.0777414581165337 | 1 | -0.5
1.6428689845759863 | 1 | -0.5
3.855934590209496 | 1 | -0.5
8.877585484689634 | 1 | -0.5
9.051699245507312 | 1 | -0.5
5.407990030216756 | 1 | -0.5
3.7063802713066973 | 1 | -0.5
2.9789054986643086 | 1 | -0.5
2.484190848639765 | 1 | -0.5
2.208528919745228 | 1 | -0.5
2.134861169040916 | 1 | -0.5
2.088767358587249 | 1 | -0.5
2.1356255837958837 | 1 | -0.5
2.282130456454027 | 1 | -0.5
2.5312483808246866 | 1 | -0.5
3.019629912380876 | 1 | -0.5
2.6064164837683337 | 1 | -0.5
2.391378909082025 | 1 | -0.5
2.2944400964722456 | 1 | -0.5
2.3567258808942473 | 1 | -0.5
2.430044091248069 | 1 | -0.5
2.7165257778276306 | 1 | -0.5
3.288318983517304 | 1 | -0.5
4.338635716234384 | 1 | -0.5
9.59008127339356 | 1 | -0.5
9.12801502678494 | 1 | -0.5
5.231018713044965 | 1 | -0.5
1.5997402351299028 | 1 | -0.5
0.8454667418312531 | 1 | -0.5
0.8759284791832616 | 1 | -0.5
1.1077447341771691 | 1 | -0.5
1.5234820432179144 | 1 | -0.5
2.995776462373773 | 1 | -0.5
8.81405282893207 | 1 | -0.5
8.88963064607265 | 1 | -0.5
9.186304205423127 | 1 | -0.5
4.339589132806443 | 1 | -0.5
3.1501899520033123 | 1 | -0.5
2.4938687203936376 | 1 | -0.5
2.228206147840056 | 1 | -0.5
2.0661053305668364 | 1 | -0.5
1.9708779901640185 | 1 | -0.5
2.022599627589894 | 1 | -0.5
2.1016563799138974 | 1 | -0.5
2.2109607216639255 | 1 | -0.5
2.5931839279845703 | 1 | -0.5
2.9274917581030424 | 1 | -0.5
2.574168921138599 | 1 | -0.5
2.346421244951629 | 1 | -0.5
2.2512363731130205 | 1 | -0.5
2.2363297628002905 | 1 | -0.5
2.3449695434897406 | 1 | -0.5
2.58590744740431 | 1 | -0.5
2.9840501466470344 | 1 | -0.5
3.5690271226052124 | 1 | -0.5
4.856977777503409 | 1 | -0.5
9.57714675073715 | 1 | -0.5
9.149253286075279 | 1 | -0.5
6.157995545526214 | 1 | -0.5
1.708090975257812 | 1 | -0.5
0.9290235503087264 | 1 | -0.5
0.8962275529409091 | 1 | -0.5
1.234645776285573 | 1 | -0.5
1.9012325542374755 | 1 | -0.5
3.8201218883740324 | 1 | -0.5
8.872936692320556 | 1 | -0.5
9.066868956233938 | 1 | -0.5
5.6143391527651945 | 1 | -0.5
3.809020744471511 | 1 | -0.5
2.926100393639606 | 1 | -0.5
2.40844925874816 | 1 | -0.5
2.259901335023537 | 1 | -0.5
2.068203133980022 | 1 | -0.5
2.0535714345731306 | 1 | -0.5
2.0894527156952174 | 1 | -0.5
2.2266815810229077 | 1 | -0.5
2.5089838386925987 | 1 | -0.5
3.0419067877749106 | 1 | -0.5
2.689572419312987 | 1 | -0.5
2.3783018726646223 | 1 | -0.5
2.2214229341055503 | 1 | -0.5
2.1813757354435745 | 1 | -0.5
2.174371590525249 | 1 | -0.5
2.325993961955189 | 1 | -0.5
2.6380421798621203 | 1 | -0.5
3.086564095213601 | 1 | -0.5
3.8691164664686353 | 1 | -0.5
5.686463635850576 | 1 | -0.5
9.26010907001859 | 1 | -0.5
8.974812367845729 | 1 | -0.5
2.880489011603686 | 1 | -0.5
1.2290265383352583 | 1 | -0.5
0.7629645072374119 | 1 | -0.5
0.8831173019395379 | 1 | -0.5
1.3491903245370134 | 1 | -0.5
2.8180040809084885 | 1 | -0.5
8.884179943595905 | 1 | -0.5
8.97421642551422 | 1 | -0.5
9.40775090788005 | 1 | -0.5
4.095489350982031 | 1 | -0.5
3.06346290108521 | 1 | -0.5
2.5679888018212993 | 1 | -0.5
2.3316622054547214 | 1 | -0.5
2.123916877198915 | 1 | -0.5
2.106374752062638 | 1 | -0.5
2.153999373569233 | 1 | -0.5
2.2674225351117556 | 1 | -0.5
2.5233646188253185 | 1 | -0.5
2.99762742084669 | 1 | -0.5
2.7009449794327156 | 1 | -0.5
2.3404630302868483 | 1 | -0.5
2.220969624055593 | 1 | -0.5
2.12940512675459 | 1 | -0.5
2.1434235787390388 | 1 | -0.5
2.262737315205283 | 1 | -0.5
2.5589296984214562 | 1 | -0.5
2.90589873279459 | 1 | -0.5
3.673102384258382 | 1 | -0.5
5.25775768420608 | 1 | -0.5
9.25101678488208 | 1 | -0.5
9.026179679430811 | 1 | -0.5
Total reward: -175.5
