-1.8, 2.1, -5.4, 2.1, -5.0, -3.3, -0.6, 1.8, 6.0, 4.9, 3.9, -2.4, 0.8, -1.4, 1.2, 1.3, -1.7, 5.7
parameter ends

state | action | reward
[0.07] | [-2.19  5.59] | -0.0043950411425139725
0.10303245117082427 | [-4.81  2.55] | 0.08325793982053573
0.1889427881178316 | [-6.39  0.21] | 0.11038609518503624
0.291386727917034 | [-6.92 -1.78] | 0.20942193172065304
0.3917805909894761 | [-7.32 -4.26] | 0.4189114905107861
0.4911122734449643 | [-7.51 -6.07] | 0.6709581170527329
0.592368875333829 | [-7.38 -7.32] | 0.9266685050673278
0.6953784949270191 | [-6.75 -7.9 ] | 1.1565145768483993
0.7989675201868947 | [-5.65 -7.89] | 1.347273559220707
0.9019789051852694 | [-4.17 -7.43] | 1.4957061875325883
1.0035660515418985 | [-2.44 -6.65] | 1.602391444350357
1.103179812744191 | [-0.55 -5.65] | 1.6099003162326777
1.195944565205611 | [ 1.29 -4.46] | 1.307784375919218
1.2632252243079167 | [ 2.32 -3.38] | 0.7313814218345465
1.2937060100018398 | [ 3.16 -2.02] | 0.062233309059915046
1.2881491390826028 | [ 3.76 -0.34] | -0.6105073731706729
1.2482660282904787 | [4.65 2.6 ] | -0.9867173132916014
1.1869356817223078 | [6.11 6.9 ] | -1.0928677844496277
1.1153009183851037 | [7.21 9.92] | -1.127168988789934
1.0363810337330306 | [ 8.23 12.48] | -1.1027583440550466
0.9524767354860402 | [ 9.13 14.78] | -1.0388534625704493
0.8649703585141526 | [ 9.81 16.81] | -0.9526022259729873
0.7745083791314551 | [10.25 18.57] | -0.8502730759453536
0.6815120059886234 | [10.43 20.08] | -0.7328044832132992
0.5864581748212606 | [10.36 21.35] | -0.6008537919356567
0.4899316809478981 | [10.04 22.36] | -0.45689587195251524
0.3925575439299913 | [ 9.49 23.13] | -0.3050445817239546
0.2949142992713728 | [ 8.74 23.65] | -0.1500045385014232
0.19748157243115455 | [ 7.8  23.94] | 0.003832372511217347
0.10063049769572467 | [ 6.7  24.02] | 0.15280573302548459
0.004641921930261514 | [ 5.48 23.9 ] | 0.29396419124003553
-0.09027653376467638 | [ 4.16 23.62] | 0.42499185918180776
-0.18399128319078076 | [ 2.77 23.19] | 0.5444690668145706
-0.2764124869703019 | [ 1.34 22.62] | 0.6516214318160177
-0.36746588212048864 | [-0.13 21.93] | 0.6478389630509375
-0.43778906193065514 | [-2.77 18.12] | 0.38906958620010224
-0.4602282210560356 | [-5.92 11.59] | -0.057321092542146915
-0.4266345795317643 | [-8.9   4.42] | -0.46445958402890436
-0.3466688003371054 | [-11.64  -1.98] | -0.5142251396033339
-0.25084658975675483 | [-13.06  -5.45] | -0.32422343881849636
-0.15563075940914642 | [-13.92  -7.72] | -0.12165622988903216
-0.05874973081212673 | [-14.51  -9.48] | 0.10076134380721598
0.0405266675315649 | [-14.8  -10.84] | 0.33241277307898415
0.14215967582998074 | [-14.64 -11.74] | 0.5640740216523978
0.24560054252575528 | [-14.03 -12.18] | 0.7897636818844026
0.35020782749634194 | [-13.04 -12.22] | 1.0057447640534076
0.45547002751623866 | [-11.76 -11.96] | 1.2093351857877654
0.5610115363212552 | [-10.25 -11.45] | 1.3978872629717636
0.6665305495631737 | [ -8.58 -10.76] | 1.5682271006429225
0.7717420292811092 | [-6.76 -9.91] | 1.7162423302899095
0.8763400044159555 | [-4.82 -8.92] | 1.8357396131167854
0.9799732789897441 | [-2.78 -7.81] | 1.919624423388052
1.0822256830327863 | [-0.66 -6.57] | 1.9214920208035058
1.1792871516038046 | [ 1.39 -5.16] | 1.6238246133088006
1.2521703834360707 | [ 2.51 -3.81] | 1.0370724858910911
1.2879594078411003 | [ 3.29 -2.37] | 0.35031115794831497
1.2873794195519874 | [ 3.82 -0.66] | -0.3807450817483453
1.2509377010593021 | [4.51 1.83] | -0.8448886912714341
1.1906977864797221 | [6.07 6.56] | -0.9850384851793296
1.1198630295375473 | [7.19 9.73] | -1.0346680924051397
1.041926701271323 | [ 8.2  12.35] | -1.0218227142540817
0.9591636164487758 | [ 9.08 14.68] | -0.9703211178897339
0.8728181398796361 | [ 9.72 16.7 ] | -0.8984484990963597
0.7834053009958902 | [10.11 18.43] | -0.8113098824553496
0.6912900161757214 | [10.23 19.89] | -0.70855654039227
0.5969572954093431 | [10.11 21.08] | -0.5901119422126377
0.5010298608253574 | [ 9.75 22.02] | -0.4582125827036695
0.40417074539781167 | [ 9.17 22.71] | -0.3169797431834151
0.3069810268249864 | [ 8.39 23.16] | -0.1711654122230446
0.2099457261362364 | [ 7.44 23.4 ] | -0.025169275491055534
0.11343065820069397 | [ 6.35 23.44] | 0.11736274128692292
0.01770874327553616 | [ 5.14 23.3 ] | 0.2534996213173279
-0.07701259394340287 | [ 3.85 23.02] | 0.3808755692763352
-0.17058708897824737 | [ 2.49 22.59] | 0.49785576911027907
-0.26290646073359364 | [ 1.09 22.04] | 0.6033756098768441
-0.3538752366217912 | [-0.34 21.38] | 0.5756254106169958
-0.41979505547709 | [-3.26 16.86] | 0.2878206142507971
-0.4338908564841446 | [-6.48 10.1 ] | -0.1511256281966617
-0.39188307360220653 | [-9.52  2.92] | -0.5158259687389806
-0.30555328481555444 | [-12.2   -3.17] | -0.5243883673102139
-0.20605910801032432 | [-13.42  -6.18] | -0.3135508968449386
-0.10875144685958668 | [-14.14  -8.22] | -0.09834988994022498
-0.010577129883407903 | [-14.64  -9.82] | 0.13221571171218238
0.08963922659505388 | [-14.84 -11.08] | 0.36875320959471125
0.19200071221334936 | [-14.6 -11.9] | 0.6031861761442955
0.29601497754556455 | [-13.91 -12.27] | 0.830672471832361
0.40111140008441076 | [-12.85 -12.27] | 1.048502969357613
0.5068602407418425 | [-11.51 -11.97] | 1.2547090304819049
0.6129622377002271 | [ -9.96 -11.44] | 1.4470635549975182
0.7191834339477428 | [ -8.25 -10.74] | 1.6226297127865414
0.8253025560639711 | [-6.4  -9.89] | 1.7774585860210734
0.931075086749244 | [-4.43 -8.92] | 1.905146493185312
1.0361939426809528 | [-2.36 -7.82] | 1.9973038341179272
1.1402486072786482 | [-0.2 -6.6] | 1.9516466420888638
1.2351616663942009 | [ 1.66 -5.2 ] | 1.6200469023996087
1.3040637506619355 | [ 2.59 -4.01] | 1.058720053028756
1.338227700823426 | [ 3.2  -2.73] | 0.3959090505737352
1.3379053693222631 | [ 3.6  -1.18] | -0.3403717394571102
1.3024155351434035 | [4.05 0.64] | -0.8968523560006652
1.2404546098832911 | [5.54 5.17] | -1.095722265479603
1.1664350833925297 | [6.84 8.72] | -1.1418881814110764
1.0861237899451106 | [ 7.93 11.5 ] | -1.1234388655635132
1.0016866016357417 | [ 8.87 13.93] | -1.062817586883788
0.9143635144141694 | [ 9.6  16.04] | -0.9817016264206927
0.824576710158152 | [10.06 17.86] | -0.8883262767345043
0.7324942148583552 | [10.26 19.39] | -0.7829071485422161
0.6383836114232808 | [10.22 20.67] | -0.6642537504770128
0.5426952177451259 | [ 9.94 21.7 ] | -0.5330400605992373
0.44599091820974474 | [ 9.43 22.48] | -0.39217741200603334
0.34883447980996907 | [ 8.72 23.02] | -0.2458034377969496
0.2517133179255536 | [ 7.84 23.34] | -0.09816542893151428
0.15501121720136657 | [ 6.8  23.45] | 0.047018298926116114
0.059019187739204435 | [ 5.64 23.39] | 0.18670873010731184
-0.0360393772819677 | [ 4.39 23.16] | 0.31840375170192947
-0.13000167007268484 | [ 3.06 22.79] | 0.4402582506160552
-0.2227526639087398 | [ 1.68 22.29] | 0.5510799746771
-0.31419647911248516 | [ 0.26 21.67] | 0.5931295994253706
-0.3912331131824693 | [-2.02 18.93] | 0.40232182668587346
-0.42381487984780714 | [-5.42 12.34] | -0.007184743667316293
-0.3978197326796176 | [-8.56  5.13] | -0.40236993566867435
-0.3229947333910345 | [-11.41  -1.43] | -0.46109980965061964
-0.2301765129135478 | [-12.89  -5.06] | -0.2829002317475478
-0.1365731186417537 | [-13.79  -7.44] | -0.08574693686466643
-0.040490170050886 | [-14.4   -9.24] | 0.13504058529833304
0.058431810106797 | [-14.7  -10.63] | 0.3670534527629966
0.15995100748942526 | [-14.55 -11.53] | 0.5994724623400357
0.2634001905039973 | [-13.94 -11.97] | 0.8254639770973791
0.3680673901858856 | [-12.93 -12.  ] | 1.0409355713540482
0.47339834237715556 | [-11.64 -11.73] | 1.2430975703016904
0.5789924308691461 | [-10.12 -11.22] | 1.429302676499981
0.6845342712858921 | [ -8.43 -10.51] | 1.5964180756315116
0.7897320422406959 | [-6.6  -9.65] | 1.7403789522020157
0.8942768657656047 | [-4.65 -8.66] | 1.855088112477818
0.997817313905911 | [-2.59 -7.54] | 1.9336849675300904
1.0999398747617681 | [-0.47 -6.3 ] | 1.9054811202221935
1.194943488516545 | [ 1.51 -4.89] | 1.5752623586570023
1.2644000056266977 | [ 2.57 -3.58] | 0.9734532849513913
1.2969022264124186 | [ 3.29 -2.17] | 0.27108478748182085
1.2928177336802116 | [ 3.77 -0.49] | -0.4546439588999478
1.2533746446055498 | [4.51 2.23] | -0.8922727779353469
1.1912851188910212 | [6.03 6.8 ] | -1.021300660038926
1.11903674592093 | [7.16 9.94] | -1.0637016174951988
1.0399559585686728 | [ 8.17 12.56] | -1.045153329218625
0.9562381777309805 | [ 9.04 14.88] | -0.9898024356395636
0.8690508243327194 | [ 9.67 16.89] | -0.9147317568207597
0.7788912956015159 | [10.03 18.61] | -0.8242749485813323
0.6861462081862024 | [10.13 20.04] | -0.718035871698513
0.5913279700110607 | [ 9.98 21.21] | -0.5962855014656434
0.4950707515967272 | [ 9.6  22.12] | -0.4616306014570573
0.39802816673537367 | [ 8.99 22.78] | -0.31837990772267644
0.30077807307093646 | [ 8.18 23.2 ] | -0.17128045150936977
0.20377892280179635 | [ 7.21 23.41] | -0.024623931725021704
0.10737414184573382 | [ 6.11 23.43] | 0.1180682978376732
0.01182113255605408 | [ 4.89 23.28] | 0.25394466409758637
-0.08268611557198116 | [ 3.59 22.97] | 0.38073438492540856
-0.17601303634944956 | [ 2.23 22.53] | 0.49692038508351166
-0.2680569444416166 | [ 0.83 21.96] | 0.5908257288693353
-0.3556473067057986 | [-0.81 20.82] | 0.5059133970522405
-0.4081782487491243 | [-4.22 14.91] | 0.16797794529464866
-0.40298197386322393 | [-7.45  7.89] | -0.24150268613302392
-0.34460975241349895 | [-10.49   0.91] | -0.5227040305666673
-0.24809634344164552 | [-12.95  -4.51] | -0.4720787564591679
-0.14371550204030867 | [-13.84  -6.94] | -0.24201296107550962
-0.043793594341739586 | [-14.36  -8.66] | -0.015088819276318735
0.05593229034369603 | [-14.72 -10.09] | 0.2223521739547949
0.15722182806595764 | [-14.77 -11.21] | 0.4616921439800442
0.2603523613469063 | [-14.39 -11.9 ] | 0.696039041633191
0.36491389815317854 | [-13.57 -12.17] | 0.9218630177324832
0.47042358536962664 | [-12.39 -12.08] | 1.1374991531779375
0.5765339180891664 | [-10.96 -11.71] | 1.3415667474325261
0.6830131926490629 | [ -9.34 -11.14] | 1.5320787985466722
0.7896841850950288 | [ -7.56 -10.4 ] | 1.706156485933253
0.8963774136878419 | [-5.66 -9.53] | 1.859758098588771
1.0028965298190193 | [-3.63 -8.53] | 1.9859161585880876
1.108964040023767 | [-1.51 -7.42] | 1.9302864768013301
1.202336322804226 | [-0.16 -5.63] | 1.4580932478935433
1.2559370155289489 | [ 1.24 -4.63] | 1.1278523380900969
1.2896930604480166 | [ 1.96 -3.48] | 0.5315266466790189
1.2910147741635256 | [ 2.55 -1.98] | -0.17094771561104966
1.258243582616876 | [ 3.21 -0.09] | -0.8230284591401277
1.1952922690631689 | [4.55 3.54] | -1.1432128181706431
1.1161178202180748 | [6.26 8.  ] | -1.1924966339733474
1.0309572143341625 | [ 7.54 11.21] | -1.1589903394307925
0.9422596192925337 | [ 8.58 13.89] | -1.0765313855236036
0.8513582965651791 | [ 9.34 16.18] | -0.9718843282976225
0.75871378266866 | [ 9.77 18.06] | -0.8570429397181653
0.6644799964920227 | [ 9.9  19.58] | -0.7340542841364049
0.5688931090550815 | [ 9.74 20.78] | -0.6026660429102335
0.4723503006752743 | [ 9.33 21.67] | -0.46393956114959634
0.37532842731718075 | [ 8.7  22.29] | -0.32055819431598953
0.27828162505827614 | [ 7.88 22.66] | -0.17589297615755317
0.18158353577789008 | [ 6.9  22.82] | -0.033163143681594516
0.08551963097094993 | [ 5.8 22.8] | 0.10491393365620444
-0.009692123448836892 | [ 4.6  22.61] | 0.23610198557523918
-0.10388082407310566 | [ 3.32 22.29] | 0.3585840955286478
-0.19691830763829932 | [ 1.99 21.84] | 0.47105292615303224
-0.28869836620420347 | [ 0.63 21.28] | 0.5434084315371747
-0.37235727188890494 | [-1.22 19.57] | 0.3862208201575179
-0.4144007165707016 | [-4.81 12.83] | -0.02131208922854017
-0.3950964858859321 | [-8.01  5.6 ] | -0.4298126068162173
-0.32471130535425496 | [-10.92  -1.07] | -0.5013445444621221
-0.2344781567526814 | [-12.48  -4.87] | -0.32871714046480544
-0.14224789937097337 | [-13.45  -7.35] | -0.13398503874898207
-0.04681769298020522 | [-14.12  -9.22] | 0.08719693312265045
0.051847760603116036 | [-14.46 -10.65] | 0.32201483043459866
0.1533336518048054 | [-14.35 -11.58] | 0.5584887794002223
0.25686894491289236 | [-13.77 -12.04] | 0.7888286976291373
0.3616709564603404 | [-12.8  -12.08] | 1.0082860115466707
0.4671314909096984 | [-11.54 -11.81] | 1.2137020649009915
0.572809913409891 | [-10.04 -11.3 ] | 1.4022839275961456
0.6783632058648442 | [ -8.37 -10.59] | 1.5708932780420897
0.7834814636372994 | [-6.55 -9.72] | 1.7154841149686608
0.8878450540705733 | [-4.6  -8.72] | 1.8300141511363746
0.9910982557114155 | [-2.56 -7.59] | 1.9079917837088187
1.0928321119955287 | [-0.44 -6.34] | 1.8765104414905835
1.1871161961891912 | [ 1.52 -4.91] | 1.5428408209865059
1.2555455263391282 | [ 2.6  -3.57] | 0.9390183073041275
1.2868847139159076 | [ 3.35 -2.11] | 0.23481793550129196
1.2814400764217413 | [ 3.86 -0.37] | -0.47711284902322226
1.2410291995090814 | [4.7  2.59] | -0.8917433053419582
1.1787063878678545 | [6.17 7.03] | -1.0146123695387588
1.1063273320375495 | [ 7.29 10.13] | -1.05351669601667
1.0271286500985035 | [ 8.29 12.73] | -1.0320994154836018
0.9432911250693793 | [ 9.15 15.04] | -0.9744587126008305
0.8559685901263958 | [ 9.77 17.04] | -0.8971210030739234
0.7656648840732457 | [10.12 18.74] | -0.8042611314684177
0.6727809018409562 | [10.21 20.17] | -0.6956231348375265
0.5778409195250511 | [10.05 21.33] | -0.5716996640358498
0.48148483589191904 | [ 9.64 22.24] | -0.435266069120745
0.3843666709767295 | [ 9.02 22.89] | -0.2907069782252264
0.2870620359294461 | [ 8.2  23.31] | -0.14277427561254366
0.19002682986223782 | [ 7.22 23.51] | 0.0042689708924198225
0.09360274909389438 | [ 6.1  23.51] | 0.14693737701790538
-0.001953680616101079 | [ 4.87 23.35] | 0.2824095246719853
-0.09645029098943611 | [ 3.56 23.03] | 0.40846446919875634
-0.1897552632623441 | [ 2.18 22.57] | 0.5236481544427
-0.28176830018091337 | [ 0.76 21.99] | 0.6116299142515903
-0.3682629741632078 | [-0.95 20.68] | 0.499378499596812
-0.4166744062307782 | [-4.48 14.33] | 0.1316953650131019
-0.4055662515488426 | [-7.68  7.24] | -0.2801850045848815
-0.3424579162809799 | [-10.66   0.35] | -0.5023921680657871
-0.24706525752473935 | [-12.84  -4.58] | -0.4179771356994203
-0.1458289399069667 | [-13.74  -6.99] | -0.19815939270099878
-0.04703007583937045 | [-14.3   -8.75] | 0.027650733946964684
0.05244960476443761 | [-14.66 -10.19] | 0.26446409864407044
0.1538111011104341 | [-14.68 -11.28] | 0.5025103873515268
0.2570645478798557 | [-14.25 -11.92] | 0.7351027801076354
0.36170974046012155 | [-13.38 -12.13] | 0.9585001067925468
0.46724013610197834 | [-12.18 -11.99] | 1.1706578381385235
0.5732883814050264 | [-10.73 -11.59] | 1.3697957436027177
0.6795918569063634 | [ -9.09 -10.98] | 1.5535727651682003
0.7859316143538957 | [ -7.3 -10.2] | 1.718792484924181
0.8920869990440362 | [-5.37 -9.29] | 1.860775981442493
0.9978002097294234 | [-3.34 -8.26] | 1.9719225421692674
1.1027273419782289 | [-1.21 -7.11] | 2.0439356912250886
1.206415648949193 | [ 0.99 -5.85] | 1.7626492200964639
1.2847012579226005 | [ 1.83 -4.51] | 1.1907010216717497
1.324276383640127 | [ 2.55 -3.29] | 0.5685109489425064
1.330353907504979 | [ 3.06 -1.81] | -0.1450768124368792
1.3019184557954953 | [ 3.54 -0.03] | -0.7923831500734393
1.243396076339814 | [4.73 3.52] | -1.1064204485247766
1.1686409948780245 | [6.29 7.74] | -1.1681776611481665
1.0873095662233951 | [ 7.51 10.8 ] | -1.1545282946668576
1.0018145161941565 | [ 8.54 13.39] | -1.0917993602997553
0.9135734383782549 | [ 9.34 15.64] | -1.0045161127948186
0.8231216895453833 | [ 9.87 17.56] | -0.9049321042907625
0.7306165367118136 | [10.11 19.16] | -0.7949289950430563
0.6362677916217405 | [10.09 20.48] | -0.6735108718823041
0.5404682702317878 | [ 9.81 21.52] | -0.5410100418601934
0.4437372910813745 | [ 9.31 22.31] | -0.39992051853705474
0.3466097751142268 | [ 8.61 22.84] | -0.2540287447004722
0.24955296953203748 | [ 7.72 23.15] | -0.10730652442994724
0.15293551493260468 | [ 6.69 23.26] | 0.036744599283469896
0.05703668493217456 | [ 5.53 23.19] | 0.17525685433223587
-0.03792872005011114 | [ 4.29 22.95] | 0.3058682213344067
-0.1318019476747815 | [ 2.97 22.58] | 0.42681587472878757
-0.2244683954532654 | [ 1.6  22.08] | 0.5369296709010618
-0.31583050683419284 | [ 0.19 21.47] | 0.5709345094141365
-0.3915088129321796 | [-2.16 18.53] | 0.36663652615559233
-0.42163582007006384 | [-5.56 11.88] | -0.04904997630034233
-0.3930854644307354 | [-8.69  4.64] | -0.4385260825637155
-0.31619583421883973 | [-11.52  -1.83] | -0.48589087157877553
-0.2221131087804858 | [-12.95  -5.33] | -0.2996626765229429
-0.12776267261022176 | [-13.82  -7.63] | -0.09758516229741031
-0.031217681944433046 | [-14.41  -9.39] | 0.12647826277311897
0.06803184869618262 | [-14.69 -10.75] | 0.3608168676504229
0.16980695535591983 | [-14.52 -11.64] | 0.5950760623946859
0.273467023330332 | [-13.89 -12.06] | 0.8227250501853841
0.3783220715620753 | [-12.88 -12.08] | 1.039901379861231
0.4838388684517653 | [-11.57 -11.8 ] | 1.2439695151977999
0.5896350941322366 | [-10.05 -11.28] | 1.4323763421653
0.6954112603468638 | [ -8.36 -10.58] | 1.602050215125046
0.8008905802948864 | [-6.52 -9.72] | 1.7489669735174806
0.9057785869802112 | [-4.56 -8.73] | 1.8669244284768374
1.009732895349769 | [-2.5  -7.61] | 1.9486747668296651
1.1123386036743983 | [-0.37 -6.37] | 1.9118164731190517
1.2069955220381963 | [ 1.57 -4.96] | 1.5774331618622524
1.2758015477241074 | [ 2.59 -3.69] | 0.9854206421311867
1.308288014771048 | [ 3.28 -2.31] | 0.2923072002850773
1.304719035328973 | [ 3.73 -0.66] | -0.4412196728179966
1.265648679333759 | [4.39 1.79] | -0.9015960533371856
1.203270486476521 | [5.96 6.53] | -1.0348569935337304
1.1307733420028343 | [7.1  9.71] | -1.077612173497304
1.0515920023009535 | [ 8.12 12.34] | -1.059010358944419
0.9679095363128795 | [ 9.   14.67] | -1.003237292528378
0.8808855628764557 | [ 9.64 16.69] | -0.9282067126078652
0.7909812534284812 | [10.02 18.42] | -0.8387305292463778
0.6985277069597109 | [10.14 19.86] | -0.7342877182210503
0.6039845036141872 | [10.01 21.05] | -0.6147023508869103
0.5079503521319069 | [ 9.65 21.97] | -0.4821183982484089
0.41106418037397396 | [ 9.06 22.65] | -0.34054207999499114
0.31390457433299834 | [ 8.28 23.09] | -0.19459756627511063
0.21693782301539277 | [ 7.33 23.32] | -0.04856646899025024
0.12051579819174796 | [ 6.25 23.36] | 0.09399890708239311
0.024901970031994007 | [ 5.05 23.22] | 0.23022780811738014
-0.06970327022185951 | [ 3.77 22.94] | 0.3578006554636648
-0.16315853903933475 | [ 2.42 22.51] | 0.47511804031938326
-0.25535710897408936 | [ 1.03 21.97] | 0.5811198120877625
-0.34620326577053506 | [-0.4  21.31] | 0.5531615916994735
-0.41103791425200553 | [-3.38 16.64] | 0.2692480722179344
-0.42329203836506896 | [-6.63  9.85] | -0.1569947890264698
-0.37965542048562406 | [-9.69  2.69] | -0.5052862367582556
-0.29218532745330095 | [-12.38  -3.33] | -0.505114139981672
-0.19203507183359847 | [-13.55  -6.27] | -0.29249772968571414
-0.09435616485207009 | [-14.24  -8.25] | -0.07604931862424147
0.004032826756479476 | [-14.71  -9.82] | 0.1553048621238453
0.1043844263488743 | [-14.88 -11.05] | 0.39210454412354895
0.20683492901435738 | [-14.62 -11.85] | 0.626313822709457
0.31090994021408125 | [-13.9 -12.2] | 0.853254073761461
0.41605437343415147 | [-12.82 -12.18] | 1.070393582365884
0.5218523487434331 | [-11.46 -11.87] | 1.2758914534337027
0.6280162605465571 | [ -9.9  -11.34] | 1.4675897309082688
0.7343226846120496 | [ -8.18 -10.63] | 1.6425861267031923
0.8405610239771862 | [-6.32 -9.78] | 1.796975292235994
0.946498095674681 | [-4.33 -8.81] | 1.924412136006023
1.0518373509933725 | [-2.25 -7.71] | 2.016382451445593
1.1561738988149346 | [-0.08 -6.5 ] | 1.9557828265696515
1.250352926367095 | [ 1.63 -5.11] | 1.5152216079290322
1.3108284783849609 | [ 2.37 -3.94] | 0.9416827726872955
1.3370382982570113 | [ 2.95 -2.63] | 0.26920291154472636
1.3290722310770189 | [ 3.37 -1.04] | -0.4685860817072476
1.2863921107422285 | [3.91 0.85] | -0.985644343791313
1.2192539883692022 | [5.62 5.79] | -1.1358904887180172
1.142192172493444 | [6.92 9.24] | -1.1631264539461186
1.0595952454345035 | [ 8.02 12.  ] | -1.1285678400678958
0.973424524452044 | [ 8.94 14.42] | -1.0568036838942736
0.8846975981639338 | [ 9.61 16.5 ] | -0.9677193249501396
0.7937246690885001 | [10.01 18.26] | -0.8675293662641054
0.7006700520679267 | [10.13 19.72] | -0.7558729898213044
0.6058382705971973 | [10.01 20.92] | -0.6319742236969
0.5097040523690126 | [ 9.64 21.85] | -0.4971383258462337
0.4128193381530974 | [ 9.06 22.53] | -0.35461210524933484
0.3157084108054524 | [ 8.29 22.98] | -0.2084607451790547
0.21880665364871493 | [ 7.35 23.21] | -0.06259712098925768
0.12244910591392033 | [ 6.27 23.25] | 0.07966355120660144
0.0268897205693162 | [ 5.08 23.11] | 0.21561586863604737
-0.06767611300907511 | [ 3.81 22.83] | 0.3430552686936892
-0.16110834603562524 | [ 2.47 22.41] | 0.46043641140191993
-0.2533001873512167 | [ 1.09 21.87] | 0.566714012876496
-0.3441551029762452 | [-0.32 21.23] | 0.5443259352796248
-0.41023428721790695 | [-3.23 16.77] | 0.26537405395612856
-0.4244948444024673 | [-6.48  9.98] | -0.16482319110184895
-0.38232453890216345 | [-9.55  2.8 ] | -0.5198532590154044
-0.29577647774645965 | [-12.24  -3.26] | -0.5231584396883652
-0.19613529981323455 | [-13.43  -6.23] | -0.31099149742936405
-0.09871542800593767 | [-14.15  -8.24] | -0.09459977534900722
-0.00044671519082629604 | [-14.63  -9.83] | 0.13714076371235479
0.0998606702895367 | [-14.82 -11.08] | 0.3748455256446664
0.20231577779412832 | [-14.57 -11.88] | 0.61029874326888
0.30642502427979296 | [-13.87 -12.24] | 0.8385923116266347
0.41161650943103756 | [-12.8  -12.23] | 1.0570197856217374
0.5174599504422923 | [-11.45 -11.92] | 1.2636456577894446
0.6236567887106826 | [ -9.9  -11.39] | 1.4562776100217152
0.7299760552857265 | [ -8.18 -10.69] | 1.6320159466177664
0.8362020368116245 | [-6.33 -9.84] | 1.7869652246903642
0.942097850970433 | [-4.35 -8.86] | 1.9147733237228444
1.0473641428145046 | [-2.27 -7.76] | 2.0069932966905064
1.151595134601853 | [-0.11 -6.54] | 1.9502391665838286
1.2458941894528404 | [ 1.7  -5.15] | 1.5455989096244382
1.3090104404388188 | [ 2.43 -3.97] | 0.9696082275858712
1.337259126179603 | [ 3.02 -2.67] | 0.3002721284474797
1.3312592218180874 | [ 3.44 -1.08] | -0.4364629729620636
1.2904296618617739 | [3.96 0.8 ] | -0.9631663072424869
1.2246264089040564 | [5.61 5.63] | -1.12577951739152
1.1483499807624542 | [6.91 9.1 ] | -1.1576952737645512
1.066350336786562 | [ 8.01 11.87] | -1.127097930969856
0.9806403763845507 | [ 8.94 14.28] | -1.0579661806625902
0.8922953162263274 | [ 9.62 16.37] | -0.970723598951643
0.8016510550684444 | [10.04 18.15] | -0.8721310388619861
0.7088684129008207 | [10.18 19.64] | -0.7619720067982305
0.614238418874505 | [10.08 20.85] | -0.639338004954346
0.5182274397347166 | [ 9.74 21.81] | -0.5053488304408087
0.421389969589439 | [ 9.18 22.52] | -0.3631565224759973
0.32426175402185553 | [ 8.43 23.  ] | -0.21684837526600914
0.22729320152478674 | [ 7.5  23.25] | -0.07043050609054263
0.13083320315568298 | [ 6.43 23.31] | 0.07267319419360643
0.035146016430474256 | [ 5.25 23.2 ] | 0.20967178752387344
-0.05956503973910262 | [ 3.98 22.93] | 0.3382801221865793
-0.1531539739461935 | [ 2.65 22.53] | 0.45687820105127874
-0.24551225388749798 | [ 1.27 22.  ] | 0.5643884259145182
-0.33654389197287937 | [-0.15 21.36] | 0.5618295491827372
-0.4059036559014672 | [-2.87 17.42] | 0.30828365875101604
-0.4257392943167812 | [-6.16 10.7 ] | -0.11958224272602773
-0.3884221013184253 | [-9.24  3.49] | -0.48980851540568676
-0.3052743161677977 | [-11.99  -2.73] | -0.5098528757901364
-0.2075542961915461 | [-13.27  -5.91] | -0.30686853189241853
-0.11118948092401429 | [-14.04  -8.02] | -0.09553566009113003
-0.01352067672828058 | [-14.56  -9.67] | 0.13340541716003176
0.0864074286846937 | [-14.79 -10.96] | 0.3697594692362579
0.18861034747150884 | [-14.57 -11.8 ] | 0.604619002464135
0.2925477932709817 | [-13.89 -12.18] | 0.8325245215527017
0.39760805788220016 | [-12.84 -12.18] | 1.0503645868181666
0.5033250839751623 | [-11.51 -11.89] | 1.2559493664639751
0.6093706205793307 | [ -9.97 -11.36] | 1.4469506014289217
0.7154883992314057 | [ -8.27 -10.66] | 1.6204032322978557
0.8214388822145148 | [-6.42 -9.8 ] | 1.7723558359179106
0.9269615579310814 | [-4.45 -8.82] | 1.8964810317699907
1.0317378874197616 | [-2.38 -7.72] | 1.9847468381406501
1.1353554151123497 | [-0.23 -6.49] | 1.9374850017594007
1.2299307462567979 | [ 1.64 -5.09] | 1.6006233004891988
1.2983696499821005 | [ 2.6  -3.89] | 1.0282363437319693
1.331629964649049 | [ 3.22 -2.58] | 0.3542535946480561
1.3299113458864842 | [ 3.62 -1.01] | -0.39108066426690036
1.2925650077680297 | [4.09 0.84] | -0.9198320615647146
1.2297120304872555 | [5.7  5.68] | -1.0852861293327911
1.1559211484146334 | [6.93 9.09] | -1.1285559992660306
1.0757720365053982 | [ 8.   11.81] | -1.1087111405053967
0.9914192751173928 | [ 8.92 14.2 ] | -1.0486553379861976
0.9040635750334043 | [ 9.62 16.29] | -0.9688740906424846
0.8141260467568157 | [10.05 18.07] | -0.8762664396274604
0.7218228199121276 | [10.22 19.58] | -0.7706542373061989
0.6274850476879521 | [10.15 20.82] | -0.6511402833481756
0.5316140001721597 | [ 9.83 21.82] | -0.518907828980203
0.43479806797673115 | [ 9.3  22.56] | -0.37727157776839043
0.3376052441475312 | [ 8.57 23.07] | -0.23056016377221733
0.24051404729057732 | [ 7.66 23.36] | -0.08304435558901269
0.14389547072431055 | [ 6.6  23.44] | 0.061612269437181386
0.048029549671229604 | [ 5.43 23.35] | 0.20043002998827814
-0.04686905288507709 | [ 4.16 23.11] | 0.33096093259071785
-0.14064663193495636 | [ 2.83 22.72] | 0.4514539373719307
-0.23319262568924148 | [ 1.44 22.2 ] | 0.5607767241045822
-0.32441231329698245 | [2.02e-02 2.16e+01] | 0.5801316274495688
-0.3970127148273406 | [-2.52 18.14] | 0.359257988281541
-0.4223965956469063 | [-5.86 11.5 ] | -0.05547268443056138
-0.3901715806621719 | [-8.98  4.28] | -0.4338100335764237
-0.31077088054559304 | [-11.79  -2.1 ] | -0.4711352969441303
-0.21522543829393484 | [-13.15  -5.49] | -0.280404398759211
-0.12008101140140316 | [-13.98  -7.72] | -0.0759956707850592
-0.023126276136504906 | [-14.54  -9.43] | 0.14880229385298527
0.07632878802109011 | [-14.79 -10.76] | 0.38259274567701446
0.17819250066343548 | [-14.59 -11.63] | 0.6155898053876775
0.2818749080343995 | [-13.94 -12.03] | 0.8417509896085085
0.386723496859566 | [-12.91 -12.05] | 1.0575678976208147
0.49223530602650784 | [-11.59 -11.76] | 1.2606117068049723
0.5980512262031442 | [-10.05 -11.24] | 1.4484200351863556
0.7038888495336858 | [ -8.35 -10.53] | 1.6179437875660008
0.8094843255165731 | [-6.5  -9.68] | 1.7651702017911348
0.9145533876167316 | [-4.54 -8.69] | 1.8838768067289713
1.018760173430241 | [-2.47 -7.58] | 1.9665652801999967
1.1216895507061873 | [-0.33 -6.35] | 1.9253886699387932
1.2163586551639627 | [ 1.59 -4.95] | 1.5880960499818182
1.2850785246245784 | [ 2.59 -3.7 ] | 0.9991762972543724
1.317773657674113 | [ 3.24 -2.36] | 0.3088900846105055
1.3146792198685857 | [ 3.67 -0.75] | -0.4317813457777592
1.275961726063698 | [4.25 1.51] | -0.9084029733650807
1.213474678741046 | [5.86 6.35] | -1.0457045704160506
1.14084309202547 | [7.01 9.56] | -1.089750483683323
1.0615866857460994 | [ 8.04 12.21] | -1.0720629941374296
0.9778885780922644 | [ 8.92 14.55] | -1.0169888358871029
0.8909063784379472 | [ 9.57 16.58] | -0.9428456059893829
0.8010869472473182 | [ 9.96 18.3 ] | -0.8546214409192486
0.7087401213466721 | [10.09 19.75] | -0.7517019655651943
0.6143057361320093 | [ 9.97 20.94] | -0.6336990060671013
0.5183689850926061 | [ 9.62 21.87] | -0.5025537729284469
0.4215622133668448 | [ 9.04 22.55] | -0.36214234051685207
0.3244623953229467 | [ 8.27 23.  ] | -0.21703326803346867
0.2275365191864369 | [ 7.34 23.24] | -0.0714989987348436
0.13113753534226147 | [ 6.26 23.28] | 0.0708983903655965
0.035529556381841736 | [ 5.08 23.16] | 0.2072783312479715
-0.059085804668585956 | [ 3.81 22.88] | 0.3352980756766439
-0.15256467537921 | [ 2.47 22.46] | 0.4533132180623548
-0.24479810233556362 | [ 1.09 21.93] | 0.5602188056918684
-0.33568836999251894 | [-0.32 21.29] | 0.5434002888128923
-0.4017852619688007 | [-3.25 16.83] | 0.27575727201346323
-0.4161150308464114 | [-6.53 10.05] | -0.14245536298020878
-0.3741072034996963 | [-9.62  2.88] | -0.48881239054347203
-0.28771030052494767 | [-12.34  -3.19] | -0.49123918817986173
-0.18814855620525758 | [-13.52  -6.17] | -0.2815543127392661
-0.09077375547874411 | [-14.22  -8.17] | -0.06642923028577266
0.007459685449694994 | [-14.7   -9.75] | 0.16442992120699884
0.1077306473054547 | [-14.87 -10.99] | 0.4011441332187223
0.21014375586364253 | [-14.61 -11.79] | 0.6353423233815354
0.3142066563418106 | [-13.89 -12.14] | 0.8621581513553546
0.41935109172521057 | [-12.81 -12.12] | 1.0789702131565013
0.5251512347723347 | [-11.45 -11.81] | 1.2839002516803895
0.6313125009118672 | [ -9.88 -11.27] | 1.474780583171148
0.7376066830785526 | [ -8.16 -10.57] | 1.6487111082452104
0.8438197079939304 | [-6.29 -9.71] | 1.8017936249040176
0.9497156268856305 | [-4.31 -8.73] | 1.9277132736984108
1.0549961061335016 | [-2.22 -7.64] | 2.0180397058870514
1.1592562382928597 | [-0.05 -6.42] | 1.9515682471815465
1.253044412015604 | [ 1.72 -5.04] | 1.584501533625836
1.3188092888612042 | [ 2.55 -3.91] | 1.012445695509992
1.3498779971147623 | [ 3.11 -2.67] | 0.34320577681615577
1.3466585119920897 | [ 3.47 -1.16] | -0.3972366903150267
1.3084818898116266 | [3.9  0.64] | -0.9515850547409179
1.2442195666656781 | [5.42 5.18] | -1.1429703475628266
1.1683574317623528 | [6.75 8.76] | -1.1811380041680837
1.0865917698144658 | [ 7.86 11.57] | -1.155691227300849
1.0009928652373938 | [ 8.82 14.02] | -1.089251469989519
0.9127248455614992 | [ 9.54 16.14] | -1.0032251457278436
0.8221657620006095 | [ 9.99 17.96] | -0.9054895147423611
0.7294676952675849 | [10.18 19.49] | -0.7961399303876654
0.6348943438682784 | [10.12 20.75] | -0.6740761436583311
0.538889834879839 | [ 9.81 21.76] | -0.54011893728074
0.4420010306007132 | [ 9.29 22.52] | -0.39724904806484224
0.34476939469462575 | [ 8.56 23.04] | -0.24956045916480177
0.24765829502081124 | [ 7.66 23.34] | -0.10118511393835625
0.15103077901804324 | [ 6.62 23.44] | 0.04428830027693137
0.05516280649363651 | [ 5.45 23.36] | 0.18392074311144957
-0.0397332794182117 | [ 4.19 23.11] | 0.31528415917764574
-0.13350548898670936 | [ 2.86 22.73] | 0.4366403167475114
-0.22604481636981044 | [ 1.48 22.22] | 0.5468692251139475
-0.3172579565337207 | [ 0.06 21.6 ] | 0.573416759527174
-0.39061759720476186 | [-2.44 18.3 ] | 0.3651813302930123
-0.41731421757777626 | [-5.8  11.68] | -0.040184386817375364
-0.38627859400497944 | [-8.94  4.47] | -0.4148815761841178
-0.3077597044205767 | [-11.77  -1.95] | -0.45431810320321286
-0.21272338259488383 | [-13.15  -5.38] | -0.26666809859067603
-0.11785928039724174 | [-13.99  -7.63] | -0.06386070081955522
-0.02106617956206947 | [-14.54  -9.35] | 0.16006608962508193
0.07828199112224735 | [-14.8  -10.68] | 0.39336797603495105
0.18007023235819505 | [-14.6  -11.55] | 0.6259627641669644
0.2836986042591213 | [-13.95 -11.96] | 0.8516314658266418
0.38850535051262636 | [-12.92 -11.97] | 1.0667642499342138
0.49397818410947086 | [-11.59 -11.68] | 1.2688788019982882
0.5997499547773038 | [-10.06 -11.16] | 1.4554886503395639
0.7055317872929576 | [ -8.35 -10.45] | 1.6235367005052823
0.8110544708612373 | [-6.5 -9.6] | 1.7690166141508863
0.9160291948890344 | [-4.53 -8.61] | 1.8857716394189539
1.0201176308313447 | [-2.46 -7.5 ] | 1.9664526898384964
1.122905610070782 | [-0.32 -6.27] | 1.921919071153964
1.2173262424547435 | [ 1.59 -4.86] | 1.5794181230135542
1.2856404404545103 | [ 2.59 -3.63] | 0.984680232165569
1.3177824873612596 | [ 3.24 -2.29] | 0.2885271564999916
1.31394866655402 | [ 3.65 -0.69] | -0.4513404301074055
1.2745512632267304 | [4.26 1.67] | -0.9188357388403079
1.211713349755935 | [5.84 6.45] | -1.0528104822000526
1.1388119747794458 | [7.   9.65] | -1.0953494847458656
1.05930329749142 | [ 8.03 12.29] | -1.076541556121926
0.9753583111971154 | [ 8.91 14.63] | -1.02074193544466
0.8881237181088579 | [ 9.56 16.66] | -0.9458701110475095
0.7980527907222725 | [ 9.94 18.38] | -0.8566437351852079
0.7054743500716818 | [10.06 19.83] | -0.7524622086461069
0.6108478536703231 | [ 9.93 21.01] | -0.633121344744976
0.5147702709746832 | [ 9.56 21.93] | -0.5007641872848191
0.41787563739699685 | [ 8.97 22.6 ] | -0.35939220634349067
0.3207353097311132 | [ 8.19 23.04] | -0.2136100624797324
0.22380787095218926 | [ 7.25 23.26] | -0.06767160879977033
0.12743859552113684 | [ 6.17 23.3 ] | 0.07489621016612852
0.03188617179946904 | [ 4.98 23.16] | 0.21123545000046604
-0.06265255779155271 | [ 3.7  22.88] | 0.3390333436305488
-0.15603831918857464 | [ 2.36 22.46] | 0.4566920053519208
-0.24816462401811062 | [ 0.98 21.91] | 0.5618700628410069
-0.33853123583035727 | [-0.47 21.2 ] | 0.5306068335797247
-0.4014226045868995 | [-3.54 16.33] | 0.24824045805787476
-0.4108399000306241 | [-6.81  9.51] | -0.16481918101528206
-0.36469264291716613 | [-9.9   2.37] | -0.49371696735392634
-0.2754881197919955 | [-12.58  -3.56] | -0.48232219841837787
-0.17439208508816903 | [-13.68  -6.38] | -0.26684857149378705
-0.07620307499574801 | [-14.32  -8.3 ] | -0.048542599121882225
0.022480630681817996 | [-14.76  -9.83] | 0.18396365172734225
0.12302785842255247 | [-14.9  -11.03] | 0.4211582992951252
0.22561543833613915 | [-14.6  -11.79] | 0.655093341074259
0.32978778320608004 | [-13.85 -12.12] | 0.8813251090477096
0.43500782969715196 | [-12.74 -12.08] | 1.0975681976051828
0.5408766805392352 | [-11.36 -11.76] | 1.3021405385445843
0.6471214201046203 | [ -9.78 -11.22] | 1.492956496076266
0.7535318792003 | [ -8.04 -10.51] | 1.6671454160354766
0.8599103839960398 | [-6.16 -9.65] | 1.8208223574797304
0.966036825720084 | [-4.17 -8.67] | 1.9476278512947054
1.0716254669462184 | [-2.07 -7.58] | 2.038868978930788
1.1762755745564561 | [ 0.11 -6.37] | 1.875190360987807
1.2629197958119078 | [ 1.24 -4.92] | 1.3194465380635196
1.308891382765703 | [ 2.03 -3.77] | 0.738525686400954
1.3221184367056706 | [ 2.61 -2.38] | 0.049995105955330216
1.3014245965801587 | [ 3.11 -0.68] | -0.6620062760899673
1.2477771185216748 | [4.   1.86] | -1.0915153634578703
1.1735761409913072 | [5.82 6.82] | -1.1820604406532276
1.091960808719736 | [ 7.13 10.16] | -1.178277246625978
1.005923586024377 | [ 8.22 12.9 ] | -1.1183278916763635
0.9170989607732924 | [ 9.09 15.27] | -1.0291035626813034
0.826184498934354 | [ 9.65 17.27] | -0.9266593179072614
0.7333765047608676 | [ 9.92 18.92] | -0.814667347897584
0.6388657221062036 | [ 9.91 20.26] | -0.6925261013323714
0.5430125619985822 | [ 9.64 21.3 ] | -0.5603902812037882
0.4463068058053946 | [ 9.14 22.07] | -0.4204382588921453
0.3492588138900788 | [ 8.43 22.59] | -0.2761496180201675
0.25231504055817683 | [ 7.55 22.88] | -0.13123065059790157
0.15582658240983552 | [ 6.52 22.98] | 0.011034860252436371
0.060058704919729686 | [ 5.38 22.9 ] | 0.14794806123363236
-0.034783697574131946 | [ 4.15 22.66] | 0.27727728001044544
-0.12854545211119708 | [ 2.85 22.29] | 0.3973174716218968
-0.2211103126177115 | [ 1.5 21.8] | 0.5068846685016237
-0.3123764248500649 | [ 0.12 21.2 ] | 0.5326846508047419
-0.38642461003673756 | [-2.32 18.02] | 0.3166642278913464
-0.4135411339302387 | [-5.74 11.28] | -0.09969264788662072
-0.38181810709662983 | [-8.89  4.04] | -0.47557228387904404
-0.30240892711748013 | [-11.7   -2.32] | -0.5068521213112289
-0.2068070364201585 | [-13.05  -5.65] | -0.3112526330329108
-0.11155789285703716 | [-13.87  -7.85] | -0.10332950842774202
-0.014450288434836596 | [-14.43  -9.55] | 0.124699881654601
0.08520687346239128 | [-14.68 -10.87] | 0.3618546786611205
0.18730613732538276 | [-14.48 -11.73] | 0.5982430059538885
0.2912354297704045 | [-13.83 -12.12] | 0.8276905325040879
0.39633068093770024 | [-12.8  -12.13] | 1.0466414187027648
0.502085070948478 | [-11.48 -11.84] | 1.2526782599756163
0.6081405411834443 | [ -9.94 -11.31] | 1.4433905518111896
0.7142200860026772 | [ -8.24 -10.6 ] | 1.6158095631479084
0.8200694349729029 | [-6.4  -9.75] | 1.7660009283676548
0.9254169555487248 | [-4.43 -8.76] | 1.88769865873397
1.0299370494312512 | [-2.36 -7.65] | 1.973170634103598
1.1332174420211358 | [-0.21 -6.42] | 1.9209580942562463
1.2272240527675298 | [ 1.65 -5.01] | 1.5768296055666924
1.2948012101959459 | [ 2.61 -3.8 ] | 0.9963720810409953
1.3269444908291546 | [ 3.24 -2.47] | 0.3142461394092867
1.3237745898439515 | [ 3.65 -0.88] | -0.4282695226380005
1.2850436297170957 | [4.18 1.18] | -0.9196894702732827
1.2221520720010213 | [5.82 6.15] | -1.0595662527868883
1.1491759590786865 | [6.99 9.39] | -1.1027659158045624
1.0697293065505842 | [ 8.02 12.05] | -1.0839862099282032
0.9859797503917488 | [ 8.91 14.39] | -1.027690595642665
0.8990719532517499 | [ 9.57 16.43] | -0.9527425867843496
0.8094225675286683 | [ 9.97 18.16] | -0.8645605641521807
0.7172945623263753 | [10.11 19.62] | -0.7625091671702945
0.623080124614766 | [10.01 20.81] | -0.6458700657797769
0.5273294440019257 | [ 9.67 21.76] | -0.5161882129216055
0.4306574598213947 | [ 9.12 22.45] | -0.3770472167699773
0.33363831818026596 | [ 8.37 22.92] | -0.2328716559081713
0.2367440276922284 | [ 7.45 23.17] | -0.08789673336883629
0.14033435103176445 | [ 6.39 23.23] | 0.05430589653326944
0.04467867153373846 | [ 5.22 23.12] | 0.190846735270906
-0.050016686623204076 | [ 3.96 22.85] | 0.31936242642595863
-0.1436023244978133 | [ 2.63 22.45] | 0.43815263409369126
-0.2359659608014334 | [ 1.26 21.93] | 0.5460640161946
-0.3270078720795823 | [-0.14 21.31] | 0.5470669481024993
-0.3963301168691745 | [-2.88 17.36] | 0.30127809759822666
-0.41598576949678057 | [-6.21 10.62] | -0.11671740279252535
-0.37835806200585437 | [-9.32  3.41] | -0.47677138280482867
-0.2949450173846687 | [-12.08  -2.79] | -0.4924114789073469
-0.1970661720412446 | [-13.33  -5.93] | -0.2892264060071543
-0.10059982816436659 | [-14.09  -8.02] | -0.07749356925000345
-0.0028582592588421267 | [-14.6   -9.65] | 0.15182969251002626
0.09713169886943646 | [-14.81 -10.93] | 0.3883224567569221
0.19938726827711362 | [-14.57 -11.75] | 0.6229986278113607
0.3033676732507221 | [-13.88 -12.12] | 0.8504670010104647
0.40846530367705897 | [-12.82 -12.11] | 1.067731133176465
0.5142209634887831 | [-11.47 -11.81] | 1.272692345973791
0.6203137730945494 | [ -9.92 -11.28] | 1.4630794639185871
0.7264946283664284 | [ -8.2  -10.57] | 1.6359576238003277
0.8325311933682751 | [-6.35 -9.72] | 1.7873999596454155
0.9381702971924003 | [-4.37 -8.74] | 1.9110954647836378
1.0430995212404504 | [-2.29 -7.64] | 1.9989144389778317
1.1469087362404948 | [-0.13 -6.41] | 1.9393526371735492
1.2408440758391714 | [ 1.69 -5.02] | 1.591147449608953
1.30812754213112 | [ 2.6  -3.85] | 1.0181420630780107
1.340513951728109 | [ 3.19 -2.58] | 0.3432454248399762
1.3381013570527576 | [ 3.57 -1.04] | -0.4026789682140667
1.3002369372705542 | [4.01 0.78] | -0.9395021581982229
1.236707896884149 | [5.59 5.53] | -1.111774900110592
1.1620844587388142 | [6.85 8.99] | -1.1527486740903348
1.0812733797637109 | [ 7.93 11.74] | -1.1306916580110047
0.9963937289060518 | [ 8.87 14.15] | -1.0682502398616456
0.9086311931300399 | [ 9.58 16.25] | -0.9861562285036126
0.8183920152674731 | [10.01 18.04] | -0.89156636270099
0.7258730518686335 | [10.19 19.56] | -0.7843647348064233
0.6313857950004638 | [10.12 20.81] | -0.6636005691699098
0.5354141663956857 | [ 9.81 21.81] | -0.5303680323501192
0.4385326117647264 | [ 9.28 22.56] | -0.38789869477385686
0.34129880678059704 | [ 8.55 23.07] | -0.24045984083215993
0.24418427274061472 | [ 7.64 23.37] | -0.09228414780709704
0.14755567203114722 | [ 6.59 23.46] | 0.05298513226307116
0.05169057757215577 | [ 5.42 23.37] | 0.19237559354518063
-0.043198006192395416 | [ 4.16 23.13] | 0.3234384391582733
-0.13695826255046614 | [ 2.82 22.74] | 0.44443106185214115
-0.22948118280184765 | [ 1.44 22.22] | 0.5542328172264424
-0.3206733253711552 | [1.55e-02 2.16e+01] | 0.5757947710835271
-0.3931980029310984 | [-2.53 18.16] | 0.3604378699672993
-0.41853235688704993 | [-5.88 11.54] | -0.0475001517052234
-0.38635283833324474 | [-9.01  4.33] | -0.4206626139604515
-0.3070180890378249 | [-11.83  -2.06] | -0.45703007485415836
-0.21150598633418438 | [-13.19  -5.45] | -0.26732138570052605
-0.1163796100558247 | [-14.02  -7.68] | -0.06341295162688003
-0.019442052762762337 | [-14.57  -9.39] | 0.1610428438210291
0.07999143143548981 | [-14.81 -10.71] | 0.3944798633161816
0.18183100754946996 | [-14.61 -11.58] | 0.6270238936488076
0.2854898351044073 | [-13.95 -11.98] | 0.8526143248010021
0.3903168318604022 | [-12.92 -11.99] | 1.06775138082069
0.4958092621351149 | [-11.59 -11.7 ] | 1.2700168333229807
0.6016077770237552 | [-10.05 -11.18] | 1.4569539502525781
0.707429594441622 | [ -8.34 -10.47] | 1.6255156648133087
0.8130104626498904 | [-6.49 -9.61] | 1.7716982911853811
0.9180657721927905 | [-4.52 -8.63] | 1.8893187129254152
1.0222598472361566 | [-2.45 -7.52] | 1.9709168727189352
1.1251783217292308 | [-0.31 -6.29] | 1.9258481314038602
1.2196427147349973 | [ 1.6  -4.89] | 1.583879711931393
1.2880012582359817 | [ 2.59 -3.66] | 0.9919341505975969
1.3203243956839026 | [ 3.23 -2.33] | 0.29850494224371926
1.316808085233327 | [ 3.64 -0.74] | -0.44333049027977683
1.277685749722545 | [4.23 1.55] | -0.9178295424231138
1.2149056688132434 | [5.82 6.37] | -1.0537914240046078
1.1420360252334678 | [6.98 9.58] | -1.097019045390188
1.062574554847268 | [ 8.01 12.23] | -1.0786933224528432
0.9786949438302098 | [ 8.9  14.57] | -1.0232101385028332
0.8915458387225843 | [ 9.55 16.6 ] | -0.948721508187244
0.8015738613824474 | [ 9.93 18.33] | -0.8600793539990238
0.7090953879718485 | [10.06 19.77] | -0.7566534848333781
0.6145577365812498 | [ 9.93 20.96] | -0.6381224684717729
0.5185500627912343 | [ 9.57 21.88] | -0.506508293734303
0.4217038258854974 | [ 8.99 22.56] | -0.3657353674326035
0.3245915970108577 | [ 8.22 23.  ] | -0.22038016263268995
0.22767475868232495 | [ 7.28 23.23] | -0.07469858450012856
0.13130128963142743 | [ 6.2  23.27] | 0.06776981548608144
0.035731762120189095 | [ 5.02 23.14] | 0.2041585946307019
-0.058835104899718965 | [ 3.75 22.86] | 0.33213981319505603
-0.1522579199949592 | [ 2.41 22.45] | 0.4500895064335363
-0.24442884656877684 | [ 1.03 21.91] | 0.5569140759216639
-0.33525054858380177 | [-0.38 21.27] | 0.5360374447656377
-0.4002797639579698 | [-3.37 16.64] | 0.26478713530862447
-0.41282004309540454 | [-6.65  9.85] | -0.14922201838387344
-0.3693183701070332 | [-9.75  2.69] | -0.48725679045160136
-0.28190587812675066 | [-12.46  -3.33] | -0.48413079553462024
-0.18177222815417954 | [-13.6   -6.25] | -0.27260853091282916
-0.08408572237307636 | [-14.29  -8.21] | -0.0564575175452464
0.014319362261560477 | [-14.74  -9.77] | 0.17489686263499477
0.11469086755016274 | [-14.9  -10.99] | 0.41165895980656037
0.2171625247450022 | [-14.62 -11.78] | 0.6456022775961694
0.3212582004060248 | [-13.89 -12.12] | 0.8720299100761966
0.4264232714683355 | [-12.79 -12.09] | 1.088461336708835
0.5322436293312998 | [-11.43 -11.77] | 1.2931067754950707
0.6384341255066291 | [ -9.85 -11.24] | 1.4838376768250372
0.744774509073616 | [ -8.12 -10.53] | 1.6577705780646155
0.8510580887917835 | [-6.25 -9.67] | 1.8110253881028464
0.9570562741206722 | [-4.26 -8.7 ] | 1.937307760760469
1.0624772989624591 | [-2.17 -7.6 ] | 2.028088348217399
1.1669195135462658 | [ 2.04e-03 -6.39e+00] | 1.9551889261069655
1.2604322097323517 | [ 1.66 -5.02] | 1.492087911338255
1.3189750529309814 | [ 2.34 -3.88] | 0.9145933125649475
1.3434411094162244 | [ 2.89 -2.6 ] | 0.23826524288735207
1.3338334554588802 | [ 3.29 -1.03] | -0.5015942969727493
1.2896501256196184 | [3.83 0.85] | -1.0167090645834964
1.2212487854064211 | [5.56 5.8 ] | -1.1621125361208715
1.1431922299086286 | [6.88 9.27] | -1.184889137558692
1.0598084262467842 | [ 7.98 12.05] | -1.1464665453584242
0.9730077366118668 | [ 8.91 14.47] | -1.0715152597834878
0.8837681725251549 | [ 9.58 16.55] | -0.9797153799236891
0.7923792729807652 | [ 9.97 18.31] | -0.8771000177996885
0.6989987155350881 | [10.08 19.77] | -0.7632729281381055
0.6039287667005665 | [ 9.94 20.96] | -0.6375261086259975
0.5076389018995251 | [ 9.57 21.88] | -0.5012399042445544
0.41067055616530035 | [ 8.98 22.55] | -0.3576796257900851
0.3135342414059339 | [ 8.19 22.98] | -0.210868523662743
0.21665173100141136 | [ 7.24 23.2 ] | -0.06464786596826887
0.12034712445809917 | [ 6.16 23.23] | 0.07773786493209864
0.024866872106926008 | [ 4.97 23.09] | 0.21363089174148706
-0.06959978052290956 | [ 3.7 22.8] | 0.3408747842760452
-0.16291802367741537 | [ 2.36 22.38] | 0.4579786237682858
-0.2549836014078204 | [ 0.98 21.84] | 0.5626265135607675
-0.3453108736032511 | [-0.46 21.13] | 0.5263065946691171
-0.40821346817096854 | [-3.51 16.26] | 0.23409852265077558
-0.41758565174484547 | [-6.76  9.42] | -0.18892324484869355
-0.3712683393363251 | [-9.83  2.29] | -0.5244859424397575
-0.2819030986636687 | [-12.49  -3.63] | -0.5130326874441332
-0.18072193947410442 | [-13.6   -6.45] | -0.2949281434427355
-0.08248067827858946 | [-14.25  -8.37] | -0.0752091188244406
0.016246383299187005 | [-14.7  -9.9] | 0.15832750858106331
0.11683937660565721 | [-14.85 -11.11] | 0.39665911138053134
0.21947971217383969 | [-14.56 -11.88] | 0.6319663749393264
0.32370988689097124 | [-13.83 -12.22] | 0.8597550331257986
0.428988533059777 | [-12.73 -12.18] | 1.077659151847982
0.5349119917502396 | [-11.36 -11.86] | 1.2839399115361256
0.641203704862872 | [ -9.79 -11.33] | 1.476494401505237
0.7476515042154742 | [ -8.06 -10.61] | 1.6524615237040992
0.8540571863412806 | [-6.19 -9.76] | 1.807971023070798
0.9602010770512169 | [-4.2  -8.78] | 1.9366408419240697
1.0657977895493327 | [-2.11 -7.69] | 2.0297533266888177
1.170446593847346 | [ 0.06 -6.47] | 1.8426210717163196
1.2549923960568476 | [ 1.15 -4.99] | 1.2921005408042832
1.2992320325898195 | [ 1.96 -3.8 ] | 0.7127411368859158
1.3108077470094932 | [ 2.57 -2.37] | 0.02563741533968374
1.2884619507627573 | [ 3.13 -0.6 ] | -0.676270603918109
1.233509933217128 | [4.11 2.11] | -1.0901137151049343
1.1585763135942337 | [5.93 7.01] | -1.1744304327099715
1.0764430947899744 | [ 7.24 10.33] | -1.1657399913642612
0.9900192987812215 | [ 8.33 13.07] | -1.1016663281210404
0.9008973582077163 | [ 9.17 15.43] | -1.0092667223609408
0.8097393107908923 | [ 9.72 17.41] | -0.9041322569334292
0.7167315087528063 | [ 9.97 19.05] | -0.7897621965118418
0.6220680261154549 | [ 9.93 20.36] | -0.6656392505097539
0.5261133952788615 | [ 9.64 21.39] | -0.5320728222880163
0.4293560961882247 | [ 9.11 22.13] | -0.3913290413393881
0.33229962559544884 | [ 8.38 22.63] | -0.2468728183696331
0.23538098000964774 | [ 7.48 22.9 ] | -0.1023270607386789
0.13894228924206567 | [ 6.44 22.97] | 0.03912789407012839
0.043242031422697336 | [ 5.29 22.87] | 0.17488458854517297
-0.05151962403761021 | [ 4.04 22.62] | 0.30279092251325457
-0.14519158444846933 | [ 2.73 22.23] | 0.4212229667235424
-0.2376595053791984 | [ 1.38 21.73] | 0.529048939597217
-0.3288218631405164 | [-1.16e-02  2.11e+01] | 0.5356979286347621
-0.400387372849078 | [-2.59 17.52] | 0.28917479719185935
-0.42338831147474865 | [-5.94 10.74] | -0.14478221929953633
-0.388066614323284 | [-9.04  3.51] | -0.5225344647285142
-0.3060743782439818 | [-11.79  -2.74] | -0.544848632673738
-0.20899364027477677 | [-13.09  -5.93] | -0.3408826184137058
-0.11292901608090954 | [-13.89  -8.07] | -0.12854245262663802
-0.015357262157562345 | [-14.43  -9.74] | 0.10191143205877437
0.08459575385701201 | [-14.67 -11.04] | 0.34047081698597303
0.18689729692073612 | [-14.47 -11.88] | 0.5779642576041432
0.290970269100519 | [-13.81 -12.27] | 0.8086429799422686
0.39617828276445616 | [-12.78 -12.28] | 1.0292011334519586
0.5020389598919642 | [-11.46 -11.98] | 1.237363148003779
0.6082144047666826 | [ -9.93 -11.46] | 1.4307982501344538
0.7144443932428489 | [ -8.23 -10.76] | 1.6065763390242067
0.8204900162512881 | [-6.39 -9.9 ] | 1.7607838992370888
0.9260943052928272 | [-4.43 -8.92] | 1.8870666815241903
1.0309421677445771 | [-2.36 -7.82] | 1.9773521053542158
1.1346229177622027 | [-0.21 -6.59] | 1.9310111487378205
1.229150568620596 | [ 1.65 -5.18] | 1.597008418793451
1.2975495206787129 | [ 2.6  -3.97] | 1.0301471168690817
1.330942769895415 | [ 3.23 -2.65] | 0.3617723601033001
1.3295279282625403 | [ 3.65 -1.06] | -0.3780512439702474
1.2926570675789286 | [4.13 0.8 ] | -0.9104895808553587
1.230117027311308 | [5.71 5.58] | -1.0826228400099809
1.1564035551261242 | [6.96 9.  ] | -1.1262798263023854
1.0763466256612961 | [ 8.02 11.73] | -1.1064943338355437
0.992106299870109 | [ 8.95 14.13] | -1.046083023442977
0.9048931437715015 | [ 9.65 16.21] | -0.9658388193573099
0.8151255782736493 | [10.09 18.  ] | -0.8730468675005321
0.7230008468182039 | [10.27 19.51] | -0.7676546985688559
0.6288256055737931 | [10.2  20.77] | -0.6486521253008205
0.5330818546145119 | [ 9.9  21.77] | -0.5170226141459022
0.436349051734821 | [ 9.38 22.53] | -0.3759181677930642
0.33919575250283324 | [ 8.66 23.05] | -0.229588085854688
0.2421064282318164 | [ 7.76 23.35] | -0.08229048678449692
0.14545920326043368 | [ 6.71 23.45] | 0.06229374827033079
0.04953985482552803 | [ 5.54 23.36] | 0.20116945925681545
-0.04543250993967625 | [ 4.28 23.12] | 0.3318777792740709
-0.13929959197210398 | [ 2.94 22.74] | 0.4526348141737596
-0.23194846415370135 | [ 1.56 22.23] | 0.5622858608146845
-0.3232835637186191 | [ 0.14 21.6 ] | 0.5908134631034409
-0.39802360502712636 | [-2.28 18.5 ] | 0.379658985564883
-0.4268645578390134 | [-5.64 11.88] | -0.03875923729374222
-0.3975812214502168 | [-8.75  4.66] | -0.43009271340066524
-0.320303099148048 | [-11.57  -1.81] | -0.4786874615719751
-0.22601681168520976 | [-12.99  -5.31] | -0.29308732249690245
-0.1315815628475817 | [-13.86  -7.62] | -0.09171386352660231
-0.035023866994503536 | [-14.45  -9.38] | 0.13145342550154532
0.064194259134002 | [-14.73 -10.74] | 0.36469035259653887
0.16591127700455893 | [-14.56 -11.63] | 0.597800309068639
0.26949984553940126 | [-13.93 -12.05] | 0.824373027753796
0.37427830012741903 | [-12.92 -12.08] | 1.0406051184334053
0.47971859844420595 | [-11.62 -11.8 ] | 1.2438796306968702
0.5854413385579346 | [-10.09 -11.28] | 1.431636619491677
0.6911479008457633 | [ -8.4  -10.58] | 1.6007819982220397
0.796560550682838 | [-6.56 -9.72] | 1.747266476592795
0.9013825739721631 | [-4.61 -8.73] | 1.8648902055759062
1.005269546574206 | [-2.55 -7.62] | 1.946435675404501
1.1078058606580043 | [-0.42 -6.38] | 1.9152451805280237
1.2028355164869085 | [ 1.54 -4.97] | 1.5856773602987497
1.2722656797569687 | [ 2.58 -3.68] | 0.9929112031826581
1.3052135282299944 | [ 3.28 -2.3 ] | 0.2992165915581184
1.3020107487277568 | [ 3.74 -0.64] | -0.4339523698024939
1.2632631485216694 | [4.41 1.84] | -0.893223644363625
1.2011969892925056 | [5.97 6.55] | -1.0272337169572239
1.1289440710387941 | [7.11 9.73] | -1.071067111868832
1.0499378862849356 | [ 8.13 12.36] | -1.053432021723647
0.9663743019752259 | [ 9.   14.69] | -0.9984886861447988
0.8794235590111015 | [ 9.65 16.71] | -0.9241088945848562
0.7895568824954915 | [10.02 18.43] | -0.8350652048235252
0.6971160039736806 | [10.14 19.88] | -0.730851886170704
0.6025704436224384 | [10.01 21.06] | -0.6113467060222256
0.5065268192811759 | [ 9.65 21.99] | -0.4787576954809529
0.4096293217312476 | [ 9.06 22.67] | -0.3371438845041557
0.3124594188183722 | [ 8.27 23.11] | -0.19116340213212296
0.215484679632571 | [ 7.32 23.33] | -0.045116346083535035
0.11905745550124476 | [ 6.24 23.37] | 0.09743522136203098
0.023441434280738357 | [ 5.04 23.23] | 0.23361383295729835
-0.07116295737401174 | [ 3.75 22.94] | 0.3610967398649957
-0.16461449992974236 | [ 2.4  22.52] | 0.47828601861896336
-0.2568066028958653 | [ 1.01 21.97] | 0.5841247023814098
-0.3476436802186006 | [-0.42 21.31] | 0.553800527022993
-0.41213769581678156 | [-3.42 16.58] | 0.26680846537598113
-0.42381602573552807 | [-6.66  9.79] | -0.16002117065249308
-0.3797117633698416 | [-9.72  2.64] | -0.5073459308636815
-0.2919297638744953 | [-12.41  -3.38] | -0.5059466659675698
-0.19160775400309732 | [-13.56  -6.29] | -0.29261709938580666
-0.09383807829691249 | [-14.25  -8.26] | -0.0758203483184008
0.004599430626105346 | [-14.72  -9.83] | 0.1556769480508473
0.10497841667550058 | [-14.89 -11.06] | 0.3924852067668264
0.20744357607173466 | [-14.62 -11.86] | 0.6266419064317376
0.31152525444045565 | [-13.9  -12.21] | 0.8535265727045108
0.416672440797241 | [-12.82 -12.18] | 1.0706463672513793
0.5224727789225291 | [-11.46 -11.88] | 1.2761822249162174
0.6286414346127039 | [ -9.9  -11.34] | 1.4679849003900864
0.7349571675261984 | [ -8.17 -10.64] | 1.6431545308943554
0.8412112362360152 | [-6.31 -9.79] | 1.7977870383621077
0.9471721617199622 | [-4.33 -8.81] | 1.925534276912109
1.0525447641811907 | [-2.25 -7.72] | 2.017850352812933
1.156924640162862 | [-0.08 -6.5 ] | 1.957108842885333
1.2511191150335175 | [ 1.62 -5.12] | 1.5034294395172092
1.3106186812407081 | [ 2.33 -3.94] | 0.9288324762934749
1.3358910994707962 | [ 2.92 -2.63] | 0.2560206902010119
1.3270450155271079 | [ 3.34 -1.03] | -0.4809386015680932
1.2835696915516988 | [3.91 0.88] | -0.9928068243101303
1.2158914684588127 | [5.65 5.87] | -1.1373376635513663
1.1385420152046262 | [6.94 9.31] | -1.1625271071168342
1.0557387588311957 | [ 8.04 12.07] | -1.1262489035233463
0.9694205214859448 | [ 8.96 14.48] | -1.0533982530888721
0.8805783890670217 | [ 9.62 16.55] | -0.9636005203403326
0.7895104810936971 | [10.  18.3] | -0.8628404124898134
0.6963810950169288 | [10.12 19.76] | -0.7507021618539091
0.6014986772798145 | [ 9.98 20.94] | -0.6264572395358715
0.5053401362602017 | [ 9.61 21.86] | -0.4914706891312768
0.4084558806061744 | [ 9.02 22.53] | -0.3490110676882172
0.31136574124220945 | [ 8.24 22.96] | -0.20312222033859054
0.21449958738024588 | [ 7.29 23.18] | -0.05767183673255352
0.11818746296418249 | [ 6.21 23.21] | 0.0840731089313182
0.02267960465746809 | [ 5.02 23.07] | 0.21944591424297433
-0.07183140178424624 | [ 3.75 22.78] | 0.3462786850046539
-0.16520723008001065 | [ 2.41 22.36] | 0.4630534907364738
-0.2573412482543227 | [ 1.03 21.82] | 0.5687340548681645
-0.3481362880100654 | [-0.38 21.17] | 0.5378441695840669
-0.41303437190928877 | [-3.35 16.51] | 0.24741793304422452
-0.4252411829096763 | [-6.59  9.7 ] | -0.18538116314388078
-0.3812655927433238 | [-9.65  2.54] | -0.5360296752292082
-0.29346620187622185 | [-12.32  -3.46] | -0.5333636285259826
-0.19313374212277706 | [-13.48  -6.36] | -0.3175262435869834
-0.09533760344792484 | [-14.17  -8.33] | -0.09916033094477471
0.0031478066020774985 | [-14.65  -9.9 ] | 0.13369480313523077
0.10359700910643772 | [-14.83 -11.13] | 0.3720212734650874
0.20615039941553204 | [-14.56 -11.93] | 0.6078721584718518
0.31032913975721543 | [-13.85 -12.28] | 0.8365376949229868
0.4155746417155544 | [-12.78 -12.26] | 1.0554565000221652
0.5214688705289463 | [-11.43 -11.95] | 1.262776720221285
0.6277238583026088 | [ -9.87 -11.42] | 1.4563463460892352
0.7341181825588916 | [ -8.15 -10.72] | 1.6332896346787562
0.8404454226349246 | [-6.3  -9.87] | 1.7897334646338505
0.9464780966707577 | [-4.32 -8.89] | 1.9193146819541507
1.0519246945418321 | [-2.24 -7.8 ] | 2.0134278095282268
1.1563825634236802 | [-0.07 -6.58] | 1.9186909887034964
1.2477777632531566 | [ 1.27 -5.13] | 1.3921112709638468
1.2993168474394132 | [ 2.12 -3.93] | 0.8209567808183657
1.3176881551749333 | [ 2.74 -2.53] | 0.1429247557739096
1.3020239986378122 | [ 3.25 -0.82] | -0.5767093176984375
1.2526270495224703 | [4.04 1.49] | -1.0331686678237704
1.181349875377995 | [5.86 6.56] | -1.1397767897290456
1.101937394309821 | [7.15 9.9 ] | -1.148321099269111
1.0176166385747338 | [ 8.23 12.62] | -1.0984771067468944
0.9301574248027306 | [ 9.11 15.  ] | -1.0168040646357932
0.8403684587492845 | [ 9.71 17.01] | -0.9205798558754332
0.7484849096726698 | [10.01 18.69] | -0.8141865313650727
0.6546930034040932 | [10.05 20.07] | -0.697024468816559
0.5593432799207374 | [ 9.83 21.16] | -0.5689160968021654
0.4629328978533321 | [ 9.37 21.99] | -0.43177442325907983
0.3659993986917259 | [ 8.71 22.56] | -0.2890497129714818
0.2690264764598672 | [ 7.86 22.9 ] | -0.1446095459233024
0.17240099542356646 | [ 6.86 23.03] | -0.0019676921462208133
0.07641560724427453 | [ 5.74 22.99] | 0.13597228381479715
-0.018706289502893575 | [ 4.52 22.79] | 0.266831022459294
-0.11279326183117623 | [ 3.23 22.44] | 0.3887309991752619
-0.20571953494581163 | [ 1.88 21.98] | 0.5003648006678
-0.29738014372503085 | [ 0.5 21.4] | 0.5614767825113072
-0.3786418053623998 | [-1.51 19.32] | 0.3911582530485442
-0.4172385022163141 | [-5.04 12.62] | -0.018567856376815475
-0.39540616836313197 | [-8.21  5.39] | -0.4228002628120101
-0.32328525354048365 | [-11.1   -1.24] | -0.4890257864829052
-0.2320368161951867 | [-12.62  -4.96] | -0.3136054100041322
-0.13926117985011427 | [-13.57  -7.4 ] | -0.11749126262314995
-0.043559003482255276 | [-14.21  -9.25] | 0.10390373813218463
0.05523342677049191 | [-14.54 -10.66] | 0.3379430564039715
0.15676475750580746 | [-14.41 -11.58] | 0.5731188404219716
0.26029948304154327 | [-13.82 -12.03] | 0.8020301439589359
0.3650806581708622 | [-12.84 -12.07] | 1.020206982894762
0.4705217418033253 | [-11.56 -11.8 ] | 1.2246554068648734
0.5761993376544745 | [-10.06 -11.28] | 1.4126534340738572
0.6817830542672632 | [ -8.38 -10.58] | 1.5810721454687011
0.7869718360561003 | [-6.55 -9.71] | 1.7258541666307639
0.8914517652912587 | [-4.6  -8.71] | 1.8408974716896067
0.9948692216230595 | [-2.55 -7.59] | 1.9195074955637956
1.0968123697393088 | [-0.43 -6.34] | 1.8873561896694167
1.1912571282561324 | [ 1.53 -4.91] | 1.553826562468681
1.259881002669903 | [ 2.6  -3.59] | 0.9520913470572194
1.2915577703402217 | [ 3.33 -2.15] | 0.2498462431377621
1.2865937321151293 | [ 3.83 -0.43] | -0.4675818881335419
1.2465210705549554 | [4.63 2.42] | -0.892410047519793
1.1842256316854016 | [6.12 6.92] | -1.0176511311650742
1.1118603770698403 | [ 7.24 10.03] | -1.0576799829530676
1.032699014407369 | [ 8.25 12.64] | -1.037178720181002
0.9489219938957815 | [ 9.11 14.96] | -0.9802498945158139
0.8616838220480981 | [ 9.74 16.96] | -0.9037104429661551
Total reward: 213.72533913197375
