-1.9, 2.0, -6.0, 4.5, -2.7, -2.6, -0.1, 5.4, 6.0, 5.7, 5.5, -2.0, 2.0, -1.7, 0.8, 0.3, -0.5, 4.3
parameter ends

state | action | reward
[0.06] | [-0.5   5.07] | 0.08185087938413438
0.07733242091765637 | [-4.16  1.58] | 0.1601911195951595
0.14556967791591705 | [-7.85 -3.65] | 0.20172837757674492
0.2337380972043812 | [-6.66 -5.3 ] | 0.33528590822721055
0.32457981970590155 | [-5.74 -6.1 ] | 0.5306533050612228
0.4194716431421071 | [-4.69 -6.2 ] | 0.7426407009308711
0.51717623656745 | [-3.38 -5.7 ] | 0.9362668553598575
0.6158324321081221 | [-1.82 -4.8 ] | 1.094555699832925
0.713833069628496 | [-0.09 -3.65] | 1.088696233111111
0.7975088005485663 | [ 2.61 -1.9 ] | 0.7446483328694827
0.8436554058118244 | [ 5.64 -0.3 ] | 0.16752945160628854
0.8451836027119053 | [7.13 1.2 ] | -0.2820860279098654
0.8149576275371248 | [7.05 3.43] | -0.5071494147108826
0.7643450027810554 | [7.15 5.53] | -0.6262405453270151
0.6975977415013835 | [7.39 7.74] | -0.6553069360296738
0.6191764391384394 | [7.59 9.95] | -0.6215274047366418
0.5327315996868252 | [ 7.61 11.94] | -0.5475741339002829
0.44104699187329616 | [ 7.4  13.64] | -0.44758450952156525
0.3462703235778924 | [ 6.94 15.02] | -0.3317096557495599
0.24999200468400756 | [ 6.29 16.11] | -0.20789136863298785
0.15329434984434837 | [ 5.49 16.96] | -0.08209204215157492
0.05685431855271522 | [ 4.59 17.61] | 0.04156731723795102
-0.038919826772088106 | [ 3.61 18.1 ] | 0.16030321366328354
-0.13376910307262216 | [ 2.59 18.45] | 0.2721381695136327
-0.22750499314453765 | [ 1.53 18.66] | 0.37567092373602506
-0.31996770497575117 | [ 0.44 18.75] | 0.40279496375902857
-0.4001149652117244 | [-1.89 15.91] | 0.13438959571891806
-0.4336704470304293 | [-6.79  5.42] | -0.3746335972369002
-0.4035692394645043 | [-10.3  -4.6] | -0.6049515464908999
-0.3392724904396726 | [-10.35  -7.75] | -0.5342638458324597
-0.2624592988526763 | [-10.57 -10.  ] | -0.40833345204049876
-0.17562144106529923 | [-10.66 -11.33] | -0.22303406956181293
-0.08169416181986 | [-10.48 -11.91] | 0.0023743320140654813
0.017092757358110604 | [ -9.96 -11.93] | 0.24489850668539692
0.11902552173475296 | [ -9.06 -11.51] | 0.4888187140902918
0.2227820359191167 | [ -7.84 -10.77] | 0.7241303447954546
0.32738793948081546 | [-6.36 -9.77] | 0.9445205523865936
0.4321413460259901 | [-4.68 -8.59] | 1.1456422395221986
0.5365178481548833 | [-2.86 -7.27] | 1.3238988827664855
0.640086690461151 | [-0.92 -5.83] | 1.4682164321539641
0.7415051256938403 | [ 1.16 -4.27] | 1.3703561115689087
0.8171225368538361 | [ 4.43 -1.65] | 0.9951314633773983
0.8509930985119014 | [ 6.72 -0.07] | 0.45494438484427024
0.8457901168932377 | [7.67 1.42] | -0.0659660680530089
0.8084723985785813 | [7.53 3.35] | -0.3703190036534698
0.750011467035387 | [7.59 5.39] | -0.5176625573476576
0.6768921366101833 | [7.78 7.52] | -0.5702722495754335
0.5935278274072671 | [7.91 9.5 ] | -0.5648483401485492
0.5029333465892418 | [ 7.87 11.2 ] | -0.5189235122951423
0.4074215525049443 | [ 7.62 12.62] | -0.4418936261194192
0.3089144153271901 | [ 7.16 13.78] | -0.3427062823518693
0.20894711903510102 | [ 6.51 14.73] | -0.2306070320395131
0.10864261111940852 | [ 5.72 15.49] | -0.11369171316231866
0.008757543288214674 | [ 4.81 16.08] | 0.0020470357688018685
-0.09021996208720678 | [ 3.82 16.52] | 0.11289523592110973
-0.18796616892483348 | [ 2.79 16.83] | 0.21665983000961678
-0.28423643119946496 | [ 1.73 17.02] | 0.31182641685827134
-0.37881769527706083 | [ 0.65 17.08] | 0.3395746573380061
-0.46456281880093536 | [-1.16 15.14] | -0.0048330335743433026
-0.5047148175003299 | [-6.    3.84] | -0.6279085624913684
-0.47908897568977044 | [-9.43 -6.41] | -0.9044175319603123
-0.41711460389735167 | [-9.82 -9.54] | -0.8469326030777224
-0.34095476737688113 | [-10.3  -11.87] | -0.7352587272083999
-0.25394633717198345 | [-10.59 -13.3 ] | -0.5595225292551793
-0.15948545426046448 | [-10.63 -13.97] | -0.3356827075945473
-0.060025431139970734 | [-10.33 -14.07] | -0.0871570788452975
0.04267565360248328 | [ -9.66 -13.76] | 0.16979410736829614
0.1473436063375734 | [ -8.66 -13.12] | 0.42493412222735405
0.2530920872723514 | [ -7.38 -12.25] | 0.6719420026940027
0.3593252657606593 | [ -5.88 -11.18] | 0.9066414205153573
0.4656344312446227 | [-4.21 -9.95] | 1.125724152937416
0.5717118490130918 | [-2.4  -8.59] | 1.3259694670961142
0.6772886170228967 | [-0.46 -7.11] | 1.4557547431734534
0.7759827800213714 | [ 1.92 -5.15] | 1.3703435892538944
0.8484158390420551 | [ 4.68 -2.84] | 1.0818337059800471
0.8847982067500918 | [ 6.65 -1.35] | 0.6600778646925978
0.8860933153531194 | [ 8.16 -0.14] | 0.0738729229530365
0.8503181982110682 | [8.86 1.44] | -0.4221560745103349
0.7862060677680114 | [8.69 3.82] | -0.6420758525629335
0.706629999498505 | [8.75 6.3 ] | -0.6918698114480522
0.6179018192256513 | [8.83 8.76] | -0.655171972248259
0.5236207633475601 | [ 8.75 10.92] | -0.576210498274326
0.4259313027420433 | [ 8.44 12.68] | -0.4748783286082357
0.32633879913817543 | [ 7.9  14.05] | -0.3603869580744265
0.22600334955693954 | [ 7.17 15.11] | -0.2391438126977557
0.12576716641845886 | [ 6.3  15.92] | -0.11639388688082995
0.026182033044422282 | [ 5.34 16.54] | 0.003771261317247542
-0.07241334046897488 | [ 4.32 17.01] | 0.11859046925791815
-0.16980043815023857 | [ 3.26 17.34] | 0.22641699207245258
-0.2658068894866874 | [ 2.18 17.54] | 0.3260186825732612
-0.36026783668702833 | [ 1.09 17.63] | 0.4163585809518962
-0.45301643321522417 | [-5.89e-03  1.76e+01] | 0.31189234601407884
-0.5240247915663794 | [-3.1  11.92] | -0.1623337805168071
-0.5424475467663332 | [-7.14  1.07] | -0.8077659209587214
-0.4996542830466006 | [-10.13  -8.8 ] | -1.0468516054252928
-0.42580138107531074 | [-10.26 -11.3 ] | -0.9386301820236047
-0.34218768380517334 | [-10.51 -13.09] | -0.7904154599571788
-0.2509152281845398 | [-10.63 -14.15] | -0.5920947196258374
-0.1541429055006136 | [-10.56 -14.61] | -0.3571118155269552
-0.053412283475005456 | [-10.17 -14.61] | -0.10385153807228732
0.05001223690271342 | [ -9.43 -14.25] | 0.1549290170694538
0.1551100711616025 | [ -8.37 -13.59] | 0.41093364262468063
0.2611361127549933 | [ -7.05 -12.7 ] | 0.6588916598631149
0.3675801863025934 | [ -5.53 -11.62] | 0.8951774954812542
0.4740883894758485 | [ -3.84 -10.38] | 1.1167452992641302
0.5803898724574352 | [-2.02 -9.  ] | 1.3204652919269446
0.6862420805349898 | [-0.07 -7.5 ] | 1.4235279697189551
0.7811794518323593 | [ 2.48 -5.28] | 1.323573885168576
0.848028059870154 | [ 5.01 -3.11] | 1.0515009710355356
0.880644740549026 | [ 6.87 -1.62] | 0.6416813430962172
0.8791237566043568 | [ 8.34 -0.32] | 0.0741387982462909
0.8411338418835567 | [9.21 1.35] | -0.4199911990887863
0.7748760136746695 | [9.06 3.88] | -0.6313482903272849
0.693828075049191 | [9.11 6.44] | -0.6681133138727289
0.604313205569752 | [9.17 8.95] | -0.6199400908792925
0.5097572880875407 | [ 9.07 11.16] | -0.5328054641273784
0.4120989109623635 | [ 8.74 12.95] | -0.4267964224736625
0.3126636600607078 | [ 8.19 14.35] | -0.3102347362741552
0.2124985867488676 | [ 7.46 15.42] | -0.18845637892058212
0.1123938540478358 | [ 6.58 16.24] | -0.06588309463063668
0.01288516724658045 | [ 5.61 16.86] | 0.05389510572535636
-0.08569122202096358 | [ 4.57 17.32] | 0.16825862955275636
-0.18311821932822725 | [ 3.49 17.63] | 0.2755967259689017
-0.2792276682031311 | [ 2.4  17.83] | 0.3747300566257418
-0.37385970453901324 | [ 1.29 17.91] | 0.46463504536679645
-0.466851172979997 | [ 0.18 17.87] | 0.3864171532960801
-0.5417989808960125 | [-2.53 13.17] | -0.08566000338835282
-0.5663536727937167 | [-6.64  2.07] | -0.7743839775164277
-0.5283913688632048 | [-9.6  -8.07] | -1.0505732792795954
-0.4579261770107246 | [ -9.78 -10.84] | -0.9649049641368437
-0.37652545954713296 | [-10.09 -12.87] | -0.8339313110806357
-0.28657908128586257 | [-10.28 -14.11] | -0.6465745680863033
-0.19057789555668214 | [-10.27 -14.71] | -0.4176737503461187
-0.09030595489221532 | [ -9.95 -14.81] | -0.1672982297215417
0.012835953988788666 | [ -9.27 -14.51] | 0.09061237776505038
0.117742342105074 | [ -8.27 -13.9 ] | 0.34687204538862265
0.22360271845604687 | [ -7.01 -13.04] | 0.5955253283421696
0.32985135150628525 | [ -5.54 -11.97] | 0.8324563855586606
0.4360858778293882 | [ -3.89 -10.74] | 1.0542893384340377
0.5419918489069031 | [-2.11 -9.36] | 1.2576656080237678
0.6472857921080579 | [-0.2  -7.86] | 1.3752487459385137
0.742772706478461 | [ 2.3  -5.62] | 1.2922206436739347
0.8103755976986834 | [ 4.96 -3.2 ] | 1.0182150254743143
0.8422970411343714 | [ 6.94 -1.5 ] | 0.5969520056144341
0.8384324696430561 | [8.54 0.05] | 0.029652175817375687
0.797738262740999 | [9.21 2.1 ] | -0.3987050938541892
0.7310732172327166 | [9.13 4.69] | -0.5637569370676834
0.6506556506876917 | [9.2  7.26] | -0.5804563859659349
0.5620436376545557 | [9.25 9.73] | -0.5236338967017136
0.4683913033002133 | [ 9.12 11.88] | -0.4332935453820209
0.3715376882189867 | [ 8.76 13.61] | -0.32633420209143915
0.2728040983551792 | [ 8.18 14.96] | -0.21003199795738764
0.17325297727218483 | [ 7.42 16.  ] | -0.08936151195053031
0.07368661838232038 | [ 6.52 16.77] | 0.031463746309187766
-0.025351230426021297 | [ 5.52 17.35] | 0.14901114021460682
-0.12351648463182904 | [ 4.46 17.77] | 0.2607607426782254
-0.22058352742479584 | [ 3.36 18.05] | 0.3650881802610682
-0.3163777546392283 | [ 2.24 18.2 ] | 0.46083973366097514
-0.4107356335224871 | [ 1.11 18.23] | 0.5470266379166451
-0.5034925148969136 | [-0.02 18.16] | 0.41125847849584524
-0.5741939820383531 | [-3.08 12.19] | -0.1293877643752327
-0.591965231073269 | [-6.9   1.08] | -0.8488540889902546
-0.5484889654957815 | [-9.66 -8.98] | -1.1217778322835399
-0.47426240439354556 | [ -9.76 -11.55] | -1.0208158410864947
-0.3905358605021426 | [-10.01 -13.43] | -0.8795124208275371
-0.29926776703006985 | [-10.17 -14.58] | -0.6864776523561809
-0.20252019052496467 | [-10.14 -15.15] | -0.4556826542295955
-0.10179789051172704 | [ -9.8  -15.25] | -0.2050823078569925
0.0016272220202589172 | [ -9.12 -14.96] | 0.0526888283099268
0.10671583960838771 | [ -8.12 -14.36] | 0.30914521238387876
0.2127035484088924 | [ -6.86 -13.52] | 0.5587406242225402
0.31906075385782895 | [ -5.39 -12.46] | 0.7976005358851341
0.4254129390792295 | [ -3.76 -11.23] | 1.0224743880459943
0.5314665597678162 | [-1.98 -9.86] | 1.2300399289506883
0.6369536844672111 | [-0.08 -8.35] | 1.348013798630987
0.7315816425705923 | [ 2.44 -6.  ] | 1.2742543189742144
0.7980096106548166 | [ 5.03 -3.56] | 1.02053123535796
0.8295669978375193 | [ 6.98 -1.78] | 0.6198908571248745
0.8260039042561704 | [ 8.59 -0.12] | 0.07253521740545117
0.7858427135766356 | [9.45 2.  ] | -0.36099869539645113
0.7191854248799532 | [9.38 4.69] | -0.5284472688565732
0.6388263716553785 | [9.44 7.3 ] | -0.5425274037373686
0.550423321211818 | [9.49 9.8 ] | -0.4823600750113251
0.45708763852864914 | [ 9.36 11.98] | -0.3895476848456903
0.36056883769439385 | [ 9.01 13.75] | -0.281543826500963
0.26210159536546895 | [ 8.44 15.13] | -0.16527142294925018
0.16270641686381768 | [ 7.68 16.19] | -0.04517613884054077
0.06318561774636 | [ 6.78 16.98] | 0.07491267523322281
-0.03589705666737499 | [ 5.77 17.56] | 0.19176571287837693
-0.13417688684461493 | [ 4.7  17.97] | 0.30289825422723893
-0.23141542614450122 | [ 3.59 18.25] | 0.4066260107274758
-0.32743380384540094 | [ 2.46 18.39] | 0.5017985868588778
-0.42206879019838717 | [ 1.31 18.42] | 0.5874304406084385
-0.5151565763054144 | [ 0.17 18.33] | 0.4829636780724882
-0.5899413351300131 | [-2.52 13.39] | -0.05112817204639167
-0.614015338654342 | [-6.41  2.05] | -0.8126443901373046
-0.5754730014540457 | [-9.14 -8.26] | -1.122631154337957
-0.5046424841817719 | [ -9.29 -11.1 ] | -1.045087630808179
-0.4230840979587899 | [ -9.61 -13.22] | -0.9216360296861067
-0.3330896811822427 | [ -9.83 -14.55] | -0.7400971601423911
-0.237070789745225 | [ -9.86 -15.24] | -0.5158805000023248
-0.13677844489067467 | [ -9.59 -15.43] | -0.26865315212776203
-0.033621536532873586 | [ -8.97 -15.21] | -0.012208997789424376
0.07127767148359244 | [ -8.02 -14.66] | 0.2441317221987901
0.17709402708562222 | [ -6.82 -13.85] | 0.49419783065137635
0.28324874888768947 | [ -5.4  -12.81] | 0.7336729378437337
0.3893258980667568 | [ -3.81 -11.59] | 0.9590110112658147
0.4949955509124754 | [ -2.07 -10.21] | 1.1666729816501253
0.5999564843089301 | [-0.21 -8.7 ] | 1.2982559064104984
0.695190486229989 | [ 2.25 -6.36] | 1.2426203554898982
0.7625187011491388 | [ 4.96 -3.68] | 0.9928091994161398
0.7937330748606678 | [ 7.03 -1.68] | 0.5896747368156368
0.7885175518715981 | [8.76 0.22] | 0.0520983004786802
0.7468002715418794 | [9.41 2.66] | -0.3256064160870167
0.6806187022980242 | [9.39 5.34] | -0.45995583063940365
0.6013136846132306 | [9.47 7.94] | -0.46157859822753755
0.5139881045378151 | [ 9.51 10.39] | -0.3978445656032545
0.42156111460859497 | [ 9.36 12.51] | -0.3050917350147676
0.3257407235411027 | [ 8.99 14.23] | -0.19813098906626125
0.22779909193572073 | [ 8.41 15.56] | -0.08321790532899023
0.12880353289414662 | [ 7.63 16.58] | 0.03524314781763882
0.02959188764184142 | [ 6.72 17.33] | 0.15339375111640782
-0.06924722237947287 | [ 5.7  17.88] | 0.2679935382319224
-0.1673310133363118 | [ 4.61 18.26] | 0.3765796467474225
-0.2644073728349826 | [ 3.48 18.5 ] | 0.477445305564153
-0.360288113780919 | [ 2.33 18.61] | 0.5694404284868879
-0.4548043296629 | [ 1.16 18.6 ] | 0.6516074843363583
-0.547788946049905 | [-3.66e-04  1.85e+01] | 0.4945534452387332
-0.619151873885382 | [-2.93 12.48] | -0.10175379131093151
-0.6376726141418405 | [-6.56  1.14] | -0.8907984033653283
-0.5945855726747108 | [-9.11 -9.09] | -1.1972956803331452
-0.5206391247524901 | [ -9.22 -11.76] | -1.1058393522732082
-0.4371305382569941 | [ -9.49 -13.75] | -0.973114460332851
-0.3460067623768985 | [ -9.69 -15.01] | -0.7865863329696772
-0.24932929948639504 | [ -9.72 -15.68] | -0.5605692099217049
-0.14862322384315874 | [ -9.45 -15.87] | -0.31281714556147266
-0.0451915525332489 | [ -8.83 -15.66] | -0.056012332377094895
0.059900331807465984 | [ -7.89 -15.12] | 0.20110784971948864
0.1658684546678068 | [ -6.69 -14.32] | 0.45271953664175735
0.27216732611742706 | [ -5.28 -13.3 ] | 0.6947274666691445
0.37840774477105954 | [ -3.71 -12.09] | 0.923720587477642
0.48428112771350956 | [ -1.99 -10.72] | 1.1362259121513971
0.589503389135444 | [-0.14 -9.21] | 1.2727408829329179
0.6844844990045248 | [ 2.32 -6.79] | 1.2302556553272022
0.7515912842981912 | [ 4.96 -4.09] | 1.0026675203486046
0.7833652512930804 | [ 7.01 -2.03] | 0.623716280549922
0.7794984770902572 | [ 8.74 -0.04] | 0.10489085892953304
0.7390809230116302 | [9.65 2.43] | -0.2898802992591069
0.6730335371267133 | [9.63 5.22] | -0.4335623936547497
0.593725921776462 | [9.7  7.86] | -0.43525880011971796
0.5064854413205823 | [ 9.73 10.36] | -0.3684871344492486
0.4142634946842915 | [ 9.59 12.53] | -0.27249479367665475
0.3187084419125649 | [ 9.23 14.3 ] | -0.16350253947256171
0.22100446133572385 | [ 8.65 15.68] | -0.04775499299359107
0.12216542853479793 | [ 7.88 16.72] | 0.07079201826472147
0.02301774474391172 | [ 6.96 17.5 ] | 0.18869482445178082
-0.0758380120929566 | [ 5.94 18.06] | 0.3029804840722754
-0.17400318914081048 | [ 4.84 18.44] | 0.41129480069848284
-0.27121535953392795 | [ 3.7  18.68] | 0.5119217345537425
-0.3672830632115199 | [ 2.54 18.78] | 0.6037035506637687
-0.4620387909574119 | [ 1.36 18.77] | 0.6856967319499601
-0.5553174943703024 | [ 0.19 18.65] | 0.5654187967937073
-0.6306721590743677 | [-2.41 13.69] | -0.017257717993864972
-0.6553681730130888 | [-6.12  2.14] | -0.8428878292610257
-0.6171217108718626 | [-8.64 -8.32] | -1.1843477413428134
-0.54651189791362 | [ -8.8  -11.26] | -1.116457010832012
-0.46513918978829044 | [ -9.12 -13.47] | -1.0016774057175535
-0.3752749354007888 | [ -9.37 -14.9 ] | -0.8267495206017473
-0.27932559234296994 | [ -9.45 -15.69] | -0.6075092368735434
-0.17905863229468547 | [ -9.23 -15.97] | -0.36348026778824766
-0.0759127635991261 | [ -8.66 -15.82] | -0.10851542591769417
0.02896329019458507 | [ -7.77 -15.33] | 0.14782410126405496
0.13472387544862274 | [ -6.62 -14.55] | 0.3990981651699211
0.24077320724536577 | [ -5.26 -13.54] | 0.6407668259461878
0.34667943793169875 | [ -3.72 -12.33] | 0.8691112024281863
0.45209629062610973 | [ -2.03 -10.96] | 1.0803978043801319
0.5567055285431411 | [-0.22 -9.44] | 1.2235951379402679
0.6515777696771292 | [ 2.21 -7.  ] | 1.1917411036114527
0.7184289602603123 | [ 4.96 -4.08] | 0.9641334140560271
0.7487278736882348 | [ 7.11 -1.81] | 0.5791128975293647
0.7419839497228299 | [8.96 0.44] | 0.07170404116028754
0.6993157261518931 | [9.53 3.2 ] | -0.25791692099764696
0.6338027645365305 | [9.55 5.92] | -0.36571138557821514
0.5556384948804591 | [9.65 8.52] | -0.35537241241756856
0.4695309411910677 | [ 9.67 10.94] | -0.2871152149141096
0.37819632822996496 | [ 9.51 13.02] | -0.19340506969693272
0.28325085655969123 | [ 9.13 14.71] | -0.08709440777389008
0.18594863718566687 | [ 8.54 16.02] | 0.026279694710013325
0.08737734504149247 | [ 7.76 17.02] | 0.1426153748567986
-0.011585422749141164 | [ 6.83 17.75] | 0.25821917035279895
-0.11030721543300653 | [ 5.79 18.27] | 0.3699449973701966
-0.20836838051295362 | [ 4.69 18.61] | 0.4753797821190705
-0.3054910074105732 | [ 3.53 18.81] | 0.5727954260890971
-0.40147212166251717 | [ 2.35 18.88] | 0.6610428775306869
-0.4961359117596055 | [ 1.16 18.83] | 0.7392058718214921
-0.5893117563139617 | [-0.02 18.67] | 0.5517124993684505
-0.6603182365084214 | [-2.91 12.39] | -0.10309073949820369
-0.6779488516445623 | [-6.31  0.89] | -0.9319000983984845
-0.6348642107457249 | [-8.54 -9.12] | -1.2522547471590013
-0.561533653054576 | [ -8.69 -11.9 ] | -1.1736607822003664
-0.4783178693153961 | [ -9.   -13.99] | -1.0502738029187515
-0.3873093151351919 | [ -9.24 -15.35] | -0.8701950675376696
-0.2906405723178255 | [ -9.32 -16.11] | -0.6488506333555444
-0.18990062998422053 | [ -9.1  -16.38] | -0.40405241882322057
-0.08643745546905736 | [ -8.53 -16.23] | -0.14860011448357677
0.018659288210887692 | [ -7.65 -15.74] | 0.10853736834474301
0.12459091588050368 | [ -6.51 -14.98] | 0.36128811709111097
0.23079934954729445 | [ -5.16 -13.98] | 0.6053456637686245
0.3368819937697206 | [ -3.63 -12.79] | 0.8371320809744186
0.4425151222429566 | [ -1.97 -11.42] | 1.0529826868582801
0.5473979247100769 | [-0.17 -9.9 ] | 1.2016588454297292
0.6421894540191581 | [ 2.26 -7.41] | 1.182272938533551
0.7090622649644267 | [ 4.95 -4.46] | 0.9749272968113257
0.7400936210940336 | [ 7.07 -2.14] | 0.6122344320429586
0.7348254693143644 | [8.92 0.16] | 0.11873041849178555
0.693319569388596 | [9.76 2.94] | -0.23035755645051698
0.6276453979075385 | [9.78 5.78] | -0.3474857868602532
0.5492100085232692 | [9.86 8.43] | -0.3369345574292765
0.46294524043700835 | [ 9.88 10.9 ] | -0.26476313904671855
0.37162604839845415 | [ 9.72 13.04] | -0.16676309707485865
0.2768187671321244 | [ 9.34 14.78] | -0.057425972131518094
0.17968891249850572 | [ 8.74 16.13] | 0.05758079643626151
0.08126159477269737 | [ 7.96 17.16] | 0.17455607088025146
-0.017610602206616904 | [ 7.03 17.91] | 0.29025096533529715
-0.11629647382033026 | [ 5.99 18.44] | 0.4018445883744294
-0.21437049677049871 | [ 4.87 18.79] | 0.5070962166035591
-0.31155062420611934 | [ 3.7  18.99] | 0.604329197018449
-0.4076335294224708 | [ 2.51 19.05] | 0.6923908653038449
-0.502446288333429 | [ 1.31 19.  ] | 0.7703859520583787
-0.5958214032242549 | [ 0.11 18.83] | 0.6116761451888426
-0.6697402339447157 | [-2.54 13.32] | -0.0328061441386987
-0.69190505133998 | [-5.98  1.66] | -0.9092904633620148
-0.6514397430021371 | [-8.29 -8.81] | -1.2655627572719674
-0.579307903527347 | [ -8.42 -11.71] | -1.1950551564879313
-0.4969935940325022 | [ -8.73 -13.91] | -1.0798902012713893
-0.4065824202514468 | [ -8.99 -15.35] | -0.9059701549568016
-0.3102975179955624 | [ -9.1  -16.19] | -0.6885474303149551
-0.20979923242032503 | [ -8.91 -16.52] | -0.44596102367016266
-0.10648756253975006 | [ -8.38 -16.42] | -0.19149826375830606
-0.001495996609224403 | [ -7.53 -15.96] | 0.0654405628719967
0.1043397035003028 | [ -6.42 -15.21] | 0.3184369378877855
0.21043131559201644 | [ -5.09 -14.23] | 0.5629401158708971
0.31635191816479574 | [ -3.6  -13.04] | 0.7952118873745909
0.42175737804671554 | [ -1.95 -11.67] | 1.011433365037425
0.5263293378462888 | [ -0.17 -10.15] | 1.16380326287293
0.6207402707244849 | [ 2.24 -7.6 ] | 1.1523523432206788
0.6869987491122195 | [ 4.97 -4.53] | 0.9501713674927575
0.7169256210382547 | [ 7.15 -2.07] | 0.5901509897168614
0.7099195403216134 | [9.07 0.42] | 0.10939255406979374
0.6672235093225505 | [9.72 3.37] | -0.20299804825768247
0.6019462411998354 | [9.77 6.16] | -0.30036877873962853
0.5242485607017838 | [9.86 8.78] | -0.2827491244518576
0.43873293170586664 | [ 9.87 11.21] | -0.2094503470025145
0.34802618422999565 | [ 9.7 13.3] | -0.11256554115900949
0.25365784478340475 | [ 9.32 15.01] | -0.004748893436753419
0.1568178510943737 | [ 8.72 16.33] | 0.10877902264469763
0.05856780211245606 | [ 7.93 17.33] | 0.22429833695456655
-0.04020706685442041 | [ 7.   18.06] | 0.3384568803553391
-0.1388497298645656 | [ 5.95 18.57] | 0.4483547101446133
-0.23691528150382965 | [ 4.82 18.89] | 0.5517206167103342
-0.33410776028414596 | [ 3.65 19.07] | 0.6468730146550771
-0.43021452680372313 | [ 2.45 19.11] | 0.732668333940587
-0.5250568308177006 | [ 1.24 19.04] | 0.8082336210100353
-0.6184635167373103 | [ 0.03 18.85] | 0.615926053681201
-0.6906895356270516 | [-2.71 12.78] | -0.07036497873933406
-0.7099994603053815 | [-5.97  1.11] | -0.968038052543019
-0.6671553073497515 | [-8.14 -9.31] | -1.3239575801724017
-0.593386586858121 | [ -8.26 -12.12] | -1.2458032737574762
-0.5100334009381504 | [ -8.57 -14.26] | -1.1258971004501976
-0.4190052209751839 | [ -8.83 -15.67] | -0.9497280951665694
-0.3223417964602685 | [ -8.95 -16.5 ] | -0.7316533303669777
-0.22158890660430908 | [ -8.77 -16.84] | -0.48884885585634424
-0.11809346612463387 | [ -8.25 -16.76] | -0.2339901902949165
-0.01295932947923513 | [ -7.42 -16.32] | 0.023814757660459963
0.09300020897622302 | [ -6.32 -15.59] | 0.2783184018866422
0.19921582951765518 | [ -5.02 -14.62] | 0.5250904347140506
0.30527655017362254 | [ -3.54 -13.45] | 0.7604825049322625
0.4108517644589156 | [ -1.91 -12.09] | 0.9807386440831568
0.5156344683910065 | [ -0.15 -10.57] | 1.1397184053901164
0.6102098183842091 | [ 2.24 -7.99] | 1.1412026934947788
0.6768490637283358 | [ 4.93 -4.89] | 0.9572712028032908
0.7076548040208658 | [ 7.1  -2.38] | 0.6170540874765146
0.7020935428826297 | [9.02 0.17] | 0.14956741484110989
0.6604789333161056 | [9.92 3.16] | -0.17824121348317618
0.5950774094554361 | [9.96 6.06] | -0.28317080516826393
0.5171544539968489 | [10.04  8.73] | -0.2650304209742121
0.43150462663761924 | [10.04 11.2 ] | -0.18789004978165558
0.3408182664842983 | [ 9.87 13.34] | -0.0867082342887043
0.24659170387226512 | [ 9.48 15.09] | 0.024307370826963354
0.1499394897106191 | [ 8.88 16.45] | 0.1396971716267519
0.05186452535392648 | [ 8.09 17.48] | 0.25604334481173036
-0.04677539947426063 | [ 7.15 18.22] | 0.37038985800868973
-0.14532885735064266 | [ 6.09 18.74] | 0.4801626686859193
-0.2433483879364816 | [ 4.96 19.07] | 0.5832849631571198
-0.340535600334387 | [ 3.77 19.24] | 0.6781629745919978
-0.43667775875958414 | [ 2.56 19.28] | 0.7636496735867083
-0.5315988646241431 | [ 1.34 19.2 ] | 0.8388918685303229
-0.6251310386425637 | [ 0.12 19.  ] | 0.6655562934590347
-0.6992696206075664 | [-2.47 13.44] | -0.016350303485463295
-0.7215387645403238 | [-5.75  1.65] | -0.9376574001185307
-0.6809886355627746 | [-7.88 -8.89] | -1.3136853605899317
-0.6088254903541794 | [ -8.   -11.83] | -1.2483852328219218
-0.5265268837129595 | [ -8.32 -14.09] | -1.1384818056757247
-0.4361342446785303 | [ -8.61 -15.6 ] | -0.968991087143342
-0.3398466559749042 | [ -8.74 -16.5 ] | -0.7551297243350201
-0.23932825939153735 | [ -8.59 -16.89] | -0.5149305539758338
-0.13599817209583476 | [ -8.1  -16.84] | -0.2616645984969991
-0.031008343221098418 | [ -7.29 -16.42] | -0.004893351696545589
0.07479054615540673 | [ -6.21 -15.7 ] | 0.24877336637067426
0.18079749455786082 | [ -4.93 -14.73] | 0.4946246588363832
0.2865734007423989 | [ -3.47 -13.55] | 0.7287984754485612
0.39176155682119657 | [ -1.86 -12.18] | 0.9472653748941271
0.49603118953330383 | [ -0.11 -10.65] | 1.1047659185132732
0.5894386250615914 | [ 2.31 -7.97] | 1.1062115715628864
0.6541373730149811 | [ 5.05 -4.75] | 0.9183963363626674
0.6822583822362904 | [ 7.28 -2.07] | 0.571681558296863
0.6729649784191816 | [9.27 0.69] | 0.116437246094143
0.628941300759175 | [9.74 3.86] | -0.1536527426544778
0.5641836681117528 | [9.81 6.62] | -0.22886462667769256
0.4874011121347179 | [9.91 9.21] | -0.20254286818994682
0.4028504501968669 | [ 9.91 11.59] | -0.12748921005213382
0.31295938853405403 | [ 9.73 13.62] | -0.03155212804176348
0.21918968345894935 | [ 9.34 15.28] | 0.07462094130959024
0.1227373747760262 | [ 8.74 16.58] | 0.18634026865391604
0.02469683108756234 | [ 7.96 17.55] | 0.29990418629408194
-0.0740057973665225 | [ 7.01 18.25] | 0.411877704810188
-0.17267328781742344 | [ 5.96 18.73] | 0.5193041957400916
-0.270827179547085 | [ 4.82 19.03] | 0.6198957267622792
-0.3681472667117206 | [ 3.64 19.18] | 0.7119885827757064
-0.46440538166554113 | [ 2.42 19.19] | 0.7944763907466296
-0.5594137759441241 | [ 1.2  19.09] | 0.8665330043967887
-0.6529959366499481 | [-0.02 18.87] | 0.6397858235701388
-0.7242666131015821 | [-2.74 12.38] | -0.10041915112015787
-0.7417360785037797 | [-5.77  0.64] | -0.9764372462398909
-0.7001686945883278 | [-7.49 -8.81] | -1.3138864440107345
-0.6291875926749764 | [ -7.73 -11.88] | -1.2679871685602193
-0.5471957672936714 | [ -8.11 -14.21] | -1.1671497400082387
-0.4567562977732377 | [ -8.43 -15.76] | -1.0019434319943614
-0.36029654321052235 | [ -8.6  -16.68] | -0.790724501481289
-0.25962188704147277 | [ -8.46 -17.09] | -0.5523325615615877
-0.15620466864888877 | [ -7.99 -17.05] | -0.30028972890404637
-0.05119890598878085 | [ -7.2  -16.64] | -0.044212139910984265
0.05455620407335123 | [ -6.15 -15.93] | 0.20925688585655314
0.16046836433590855 | [ -4.9  -14.98] | 0.4553420554019159
0.26610119687741157 | [ -3.47 -13.8 ] | 0.6900977025876687
0.3710958808282155 | [ -1.88 -12.43] | 0.909336540056378
0.4751174630588233 | [ -0.16 -10.9 ] | 1.0730261467235078
0.5687383511537798 | [ 2.22 -8.23] | 1.086267466871594
0.6338020819725374 | [ 5.   -4.87] | 0.9086059560907856
0.6618770951531089 | [ 7.28 -2.06] | 0.5708031388269644
0.6521602440243183 | [9.33 0.84] | 0.12718603298693204
0.6080860691993111 | [9.69 4.1 ] | -0.12556425385765008
0.5440154264067506 | [9.78 6.84] | -0.19281108348647952
0.46788790043147543 | [9.88 9.41] | -0.16446186673782698
0.38385364156689916 | [ 9.88 11.76] | -0.09025234293958627
0.2942947846302444 | [ 9.69 13.77] | 0.004150090866373933
0.2006952555630152 | [ 9.3 15.4] | 0.10896755728657026
0.1042980168564678 | [ 8.7  16.67] | 0.21957416578759875
0.006240026718087502 | [ 7.91 17.63] | 0.3320890580055182
-0.09252166471907747 | [ 6.97 18.31] | 0.44290618844814394
-0.19126879494684926 | [ 5.9  18.77] | 0.5489720432509586
-0.2895086089251971 | [ 4.76 19.05] | 0.6479716320900472
-0.38691123230595154 | [ 3.57 19.18] | 0.7382690011001631
-0.4832419832369318 | [ 2.35 19.17] | 0.8188130500090741
-0.57830834110611 | [ 1.13 19.05] | 0.8888097467096581
-0.6719303701535476 | [-0.1  18.82] | 0.6299156562668111
-0.741670234050763 | [-2.86 11.82] | -0.14696703919204362
-0.7565340905197648 | [-5.73  0.1 ] | -0.9382490858953471
-0.7172486315854069 | [-6.99 -7.83] | -1.2243099027462863
-0.6508854050949551 | [ -7.38 -11.25] | -1.224005614690593
-0.5712834487281625 | [ -7.85 -13.82] | -1.148910428455559
-0.48196181317121 | [ -8.24 -15.52] | -0.9973389435572677
-0.3859974709119818 | [ -8.43 -16.52] | -0.7940644597667337
-0.2856232958585901 | [ -8.31 -16.95] | -0.5609872832109081
-0.18250880857393562 | [ -7.85 -16.92] | -0.31318415189243537
-0.07788529896010134 | [ -7.08 -16.51] | -0.061032421963211306
0.027369319822721946 | [ -6.06 -15.79] | 0.1883145364253402
0.13262975035206623 | [ -4.83 -14.82] | 0.42963142779356184
0.2374243659178221 | [ -3.42 -13.62] | 0.6585532288700134
0.34135697651504787 | [ -1.86 -12.23] | 0.8702127085947162
0.44406313138944375 | [ -0.17 -10.69] | 1.0279721018356567
0.5358660975937949 | [ 2.25 -7.91] | 1.035003068563882
0.5978483945255315 | [ 5.18 -4.29] | 0.8412857832459392
0.6209319857757126 | [ 7.6 -1.2] | 0.4856845581971375
0.6040437188038732 | [9.81 2.05] | 0.0779953474367233
0.553978131645951 | [9.95 5.47] | -0.10927851724631599
0.48658152769888674 | [10.01  8.27] | -0.13527719675963795
0.40812457869208535 | [10.05 10.88] | -0.07791859430758548
0.3224280831459115 | [ 9.95 13.22] | 0.019020329494166464
0.2318101888016793 | [ 9.63 15.2 ] | 0.1315771195711864
0.1377810195892891 | [ 9.09 16.78] | 0.24953729872799957
0.041571006218682385 | [ 8.34 17.98] | 0.36794668474045356
-0.055773865277260526 | [ 7.4  18.84] | 0.48351440878595897
-0.15344091481695626 | [ 6.33 19.43] | 0.5937451467815714
-0.2508620635134096 | [ 5.16 19.8 ] | 0.6967756955725244
-0.347661984278945 | [ 3.94 19.98] | 0.791167837194728
-0.44358567733038395 | [ 2.67 20.02] | 0.8757371889503632
-0.5384398274417586 | [ 1.39 19.91] | 0.9495145588809228
-0.6320568857976427 | [ 0.11 19.69] | 0.7705351848728912
-0.7062654853053218 | [-2.55 14.04] | 0.07655731062420985
-0.7285746431345409 | [-5.81  2.2 ] | -0.8648096666628583
-0.6880961735594928 | [-7.84 -8.41] | -1.253377342657484
-0.6163173950411746 | [ -7.87 -11.45] | -1.1936541389780606
-0.5345488241069986 | [ -8.14 -13.79] | -1.0889421719603662
-0.4445991831684066 | [ -8.4  -15.38] | -0.9240987337437286
-0.3486268409134202 | [ -8.51 -16.34] | -0.7147678948457982
-0.24835768549047296 | [ -8.33 -16.77] | -0.4789290831144883
-0.1452942540671766 | [ -7.8  -16.72] | -0.2301623832659913
-0.040654788409788874 | [ -6.95 -16.28] | 0.02159796864128928
0.06466166933711764 | [ -5.83 -15.52] | 0.2694138969778167
0.17001337375200973 | [ -4.52 -14.51] | 0.5082625729232045
0.2749197051972257 | [ -3.03 -13.27] | 0.7339242876621093
0.3789779783482359 | [ -1.4  -11.85] | 0.9413858406862252
0.48181582890342456 | [  0.35 -10.27] | 1.068250337038167
0.5681997909841943 | [ 3.12 -6.93] | 1.0224212875452399
0.6210164519698531 | [ 5.84 -3.65] | 0.787498020865326
0.6357861057401591 | [ 8.13 -0.66] | 0.3988389953269265
0.6115151387340734 | [9.95 2.56] | 0.026371877671554078
0.5572339936545112 | [10.02  5.8 ] | -0.12445377639737423
0.4875166403547772 | [10.09  8.54] | -0.1318496915772606
0.40791060246492483 | [10.12 11.09] | -0.06470449378586819
0.3218006461135831 | [10.01 13.39] | 0.03659071960310666
0.23115792716657912 | [ 9.69 15.33] | 0.1509186862044733
0.1372768272316345 | [ 9.15 16.89] | 0.269601068981202
0.041263617323755594 | [ 8.4  18.09] | 0.38834433909607147
-0.055900115799455447 | [ 7.46 18.96] | 0.50410950993487
-0.15342766887602227 | [ 6.4  19.56] | 0.6144888930446095
-0.2507558131779463 | [ 5.23 19.93] | 0.7176420524416544
-0.3475058551514854 | [ 4.   20.12] | 0.8121305240761181
-0.44341816694373853 | [ 2.73 20.16] | 0.8967597887082782
-0.5382958604046734 | [ 1.43 20.05] | 0.9705334857489248
-0.6319698579666236 | [ 0.14 19.83] | 0.8007017405737485
-0.7069685961210227 | [-2.47 14.39] | 0.11187336462962426
-0.7305128964578664 | [-5.76  2.5 ] | -0.836199784314746
-0.6910297189623429 | [-7.79 -8.16] | -1.232770835933779
-0.6199861790416799 | [ -7.8  -11.26] | -1.1788783733738297
-0.538731979505371 | [ -8.07 -13.66] | -1.0786495112252978
-0.44910861800840235 | [ -8.33 -15.29] | -0.9169137681205045
-0.35334242857741355 | [ -8.45 -16.28] | -0.7097637732608439
-0.2532210365302284 | [ -8.26 -16.72] | -0.47558664228023256
-0.15028961436240337 | [ -7.73 -16.68] | -0.228263206581807
-0.045794391202052524 | [ -6.87 -16.24] | 0.022057110907849058
0.05934626478876053 | [ -5.76 -15.47] | 0.2682774315014654
0.16447565540979922 | [ -4.44 -14.45] | 0.5052489587910252
0.26909998484581926 | [ -2.95 -13.2 ] | 0.7286244700730115
0.3728043628527673 | [ -1.32 -11.76] | 0.9331314714984529
0.475208873048091 | [  0.43 -10.18] | 1.054665814231583
0.560129192847669 | [ 3.27 -6.71] | 0.9996465856933251
0.6104155184238189 | [ 6.   -3.37] | 0.7552993392797486
0.6221428950725847 | [ 8.32 -0.28] | 0.36024140417849454
0.5954068526166125 | [9.83 3.01] | 0.024782287048146737
0.5408529023080896 | [9.9  6.11] | -0.10270883916855669
0.47138460627248885 | [9.99 8.81] | -0.10171111407193589
0.3921290788579724 | [10.03 11.34] | -0.032375934340713036
0.30632899656919516 | [ 9.92 13.59] | 0.06788720560693591
0.21588309356853544 | [ 9.59 15.49] | 0.18034728004761552
0.12210332155491371 | [ 9.04 17.01] | 0.29722574512026295
0.02613753487164734 | [ 8.29 18.17] | 0.4143624329787661
-0.07100159485393032 | [ 7.35 19.01] | 0.5286269271267963
-0.1685117329457654 | [ 6.28 19.58] | 0.6375147162723545
-0.26582287289441137 | [ 5.11 19.93] | 0.7391170729373215
-0.36255254251423413 | [ 3.87 20.11] | 0.8319529226751596
-0.4584378806663841 | [ 2.6  20.12] | 0.9148105267207501
-0.5532789821150116 | [ 1.31 20.  ] | 0.9867023654569574
-0.6469040604004332 | [1.35e-02 1.98e+01] | 0.774514943785486
-0.7192405395120373 | [-2.75 13.51] | 0.044942539136397924
-0.7384260145600143 | [-5.87  1.69] | -0.9073495235621123
-0.6953981230620108 | [-7.8  -8.84] | -1.2893653282196462
-0.6219564796632601 | [ -7.79 -11.77] | -1.219723514728879
-0.5391835630811975 | [ -8.05 -14.04] | -1.1087184046098135
-0.44864933537795026 | [ -8.29 -15.6 ] | -0.9406502772048059
-0.3523149947916638 | [ -8.4  -16.55] | -0.7300274195782881
-0.2517998759676631 | [ -8.21 -16.97] | -0.4936470637735811
-0.14856204679204713 | [ -7.68 -16.92] | -0.2445341573772074
-0.04379554611644054 | [ -6.82 -16.49] | 0.007640769028383412
0.061619210516990416 | [ -5.71 -15.73] | 0.2561006977553473
0.1670552895325396 | [ -4.39 -14.71] | 0.4959279074120741
0.27204264737103917 | [ -2.91 -13.47] | 0.7229503922388405
0.37618519176400445 | [ -1.28 -12.04] | 0.9320460937830392
0.47911342698450976 | [  0.46 -10.46] | 1.0582295752398836
0.5644994414448827 | [ 3.27 -6.99] | 1.0113992570850203
0.6156156363592323 | [ 5.94 -3.71] | 0.7801588919656843
0.6290032487635228 | [ 8.21 -0.68] | 0.3988172433768073
0.6035381114666482 | [10.05  2.6 ] | 0.034117108508847825
0.548334696144857 | [10.13  5.88] | -0.11072920069180205
0.478044822148955 | [10.19  8.63] | -0.11327949931100612
0.3981455476607849 | [10.22 11.18] | -0.04251570555198253
0.3119380363801105 | [10.09 13.48] | 0.06145088409206346
0.22131869785025526 | [ 9.76 15.42] | 0.17763033152811095
0.12751675321911382 | [ 9.21 16.99] | 0.297429498377145
0.03159121761566605 | [ 8.46 18.19] | 0.41666689118299016
-0.06550214478087002 | [ 7.52 19.06] | 0.5324417142644097
-0.16298512968615123 | [ 6.45 19.66] | 0.642477716301569
-0.2602938473924426 | [ 5.27 20.03] | 0.745043668114989
-0.3570464419360996 | [ 4.03 20.22] | 0.8387845881904467
-0.45298078561021 | [ 2.75 20.24] | 0.9225628706840876
-0.5478987385660062 | [ 1.45 20.13] | 0.9954140020314655
-0.641630943371585 | [ 0.15 19.9 ] | 0.8225111106830303
-0.7168231502545217 | [-2.44 14.47] | 0.12273533531875847
-0.7406000686182129 | [-5.68  2.55] | -0.8406204858829391
-0.7012594373377844 | [-7.64 -8.13] | -1.2446906699178253
-0.630340103869186 | [ -7.65 -11.26] | -1.1935354923179335
-0.549187468335373 | [ -7.92 -13.69] | -1.095981937022467
-0.45963083538794064 | [ -8.18 -15.35] | -0.9364060658819163
-0.3639050649516665 | [ -8.31 -16.37] | -0.7308955721237603
-0.263814163552055 | [ -8.13 -16.83] | -0.49784226706005663
-0.1609191072855397 | [ -7.61 -16.8 ] | -0.25121074728032167
-0.056478242402047144 | [ -6.77 -16.37] | -0.0012684248345696467
0.04858075968706463 | [ -5.66 -15.61] | 0.24477625197189107
0.15359336516600688 | [ -4.35 -14.58] | 0.48168327189956356
0.2580585436731035 | [ -2.88 -13.33] | 0.7050131474054712
0.36155489680834724 | [ -1.26 -11.89] | 0.9093026481107713
0.46369933441039746 | [  0.47 -10.3 ] | 1.0320760758907233
0.5477663897796107 | [ 3.35 -6.72] | 0.9788576520535952
0.5966096896242041 | [ 6.09 -3.3 ] | 0.7370230633288186
0.6066563412738405 | [ 8.44 -0.11] | 0.3481535103037368
0.5786351259181938 | [9.81 3.27] | 0.035648512231066964
0.523914390844923 | [9.89 6.33] | -0.07813748922939813
0.4545660472957207 | [9.99 9.02] | -0.07093708787400452
0.3755148242369829 | [10.02 11.53] | 0.0010788546136483099
0.28991814444905417 | [ 9.9  13.76] | 0.10216367100546193
0.19963070239958686 | [ 9.57 15.64] | 0.21471600440606772
0.10596349174983902 | [ 9.01 17.14] | 0.33132192125773463
0.010076263625291654 | [ 8.25 18.29] | 0.4478793633872087
-0.08700751170944716 | [ 7.3  19.11] | 0.5612689265503853
-0.18447826682740004 | [ 6.22 19.66] | 0.6690179097798442
-0.28176111088862676 | [ 5.04 20.  ] | 0.7692591331717034
-0.37846997925360765 | [ 3.8  20.15] | 0.8605502280791663
-0.4743392788901055 | [ 2.52 20.15] | 0.941713271781798
-0.5691670792707115 | [ 1.22 20.02] | 1.0117917821187568
-0.6627802018932605 | [-0.08 19.76] | 0.7660526090914794
-0.7332751692566926 | [-2.93 12.93] | 0.0005545083920710722
-0.7493804181118586 | [-5.9   1.13] | -0.9613434557424845
-0.7038543050944697 | [-7.72 -9.31] | -1.33573611258723
-0.6287751628134284 | [ -7.7  -12.13] | -1.2558458781832305
-0.5449980778976786 | [ -7.94 -14.32] | -1.1384708922539635
-0.45387198728949785 | [ -8.18 -15.84] | -0.9670668853745803
-0.3571693656038592 | [ -8.29 -16.78] | -0.7548852243385226
-0.2564015709198999 | [ -8.11 -17.2 ] | -0.5175842336854798
-0.1529758128154456 | [ -7.57 -17.15] | -0.2676393301304501
-0.04805713791050774 | [ -6.73 -16.72] | -0.014454834178242774
0.057494773033006014 | [ -5.62 -15.97] | 0.2353528297063255
0.16306881555717295 | [ -4.31 -14.96] | 0.4769772220812259
0.26820696073170075 | [ -2.84 -13.72] | 0.7063215909090083
0.3725221382093672 | [ -1.22 -12.3 ] | 0.9182615648524115
0.47565003432967934 | [  0.52 -10.71] | 1.0477127171232712
0.5607960625495731 | [ 3.33 -7.17] | 1.0064017973214223
0.6115259803761262 | [ 5.95 -3.9 ] | 0.7843928033815303
0.6249466289695801 | [ 8.2  -0.84] | 0.41589704770466945
0.5994889565806155 | [10.19  2.49] | 0.045815432431705924
0.5436717325774977 | [10.28  5.87] | -0.10229366659934241
0.4728442836357452 | [10.33  8.64] | -0.10341344593033948
0.3925931594030455 | [10.34 11.21] | -0.030070030945342056
0.30620269892135266 | [10.21 13.51] | 0.0768961440601595
0.21554094992102593 | [ 9.87 15.47] | 0.19570654691236747
0.1217806069754479 | [ 9.31 17.05] | 0.31742891752231994
0.025925934036440244 | [ 8.55 18.27] | 0.437871099651426
-0.07110209091176078 | [ 7.6  19.16] | 0.5542648649909159
-0.16853958413402756 | [ 6.52 19.77] | 0.6644932254506715
-0.265825100267211 | [ 5.34 20.14] | 0.7669661777682096
-0.3625754475230138 | [ 4.09 20.32] | 0.8604401120003493
-0.45852739883014104 | [ 2.8  20.35] | 0.9438533335885307
-0.5534827864245433 | [ 1.49 20.23] | 1.0162829833685159
-0.6472729708017255 | [ 0.18 19.99] | 0.850234758053301
-0.7232350796638989 | [-2.35 14.76] | 0.14986977559107134
-0.7482013454618852 | [-5.58  2.79] | -0.8262956256501403
-0.7098013292176609 | [-7.51 -7.94] | -1.2407232705917624
-0.639557905318768 | [ -7.51 -11.13] | -1.1959097153674434
-0.5588654978934054 | [ -7.78 -13.62] | -1.1035167193155444
-0.4695966874065036 | [ -8.05 -15.32] | -0.947574506761284
-0.37405518238217955 | [ -8.18 -16.38] | -0.7445405585596618
-0.2741014803724318 | [ -8.02 -16.86] | -0.5132002853167861
-0.17133352549347752 | [ -7.5  -16.84] | -0.267812317940782
-0.06703452006995915 | [ -6.67 -16.42] | -0.018877494180011466
0.03784931945438231 | [ -5.58 -15.66] | 0.22620785349661643
0.14263837349453992 | [ -4.28 -14.63] | 0.4620569039191341
0.246818627605851 | [ -2.81 -13.37] | 0.6840858557558248
0.34995812352385636 | [ -1.2  -11.92] | 0.8866086645954812
0.451669858076485 | [  0.52 -10.33] | 1.0086564304025194
0.5345955698474048 | [ 3.44 -6.62] | 0.953702711133586
0.5814869900034095 | [ 6.22 -3.11] | 0.7100798366297969
0.589108090956268 | [8.6  0.21] | 0.32643744177949774
0.5595040455011202 | [9.69 3.65] | 0.04645648308163951
0.5050782763777998 | [9.78 6.61] | -0.049513055907005964
0.4362892799181578 | [9.89 9.27] | -0.0359100171840067
0.3577989080230106 | [ 9.94 11.74] | 0.03690794373192606
0.27264104212978607 | [ 9.81 13.93] | 0.1361977207431796
0.1826276121899693 | [ 9.48 15.76] | 0.2464795392396552
0.08910388548556962 | [ 8.92 17.23] | 0.3610307861100705
-0.006721747943979166 | [ 8.15 18.34] | 0.4757938366809525
-0.10378969535559257 | [ 7.21 19.13] | 0.5875250777509237
-0.20126894077133536 | [ 6.12 19.66] | 0.6936339844105406
-0.298572025355666 | [ 4.94 19.97] | 0.792173430277863
-0.3953045303004428 | [ 3.7  20.11] | 0.8816582861943034
-0.4911946816773369 | [ 2.42 20.09] | 0.9609011807018679
-0.5860359481281604 | [ 1.12 19.94] | 1.0289655946293095
-0.6796514906268563 | [-0.18 19.67] | 0.7432242412710514
-0.7480079950339075 | [-3.11 12.16] | -0.06408528764250485
-0.760474512444152 | [-5.92  0.39] | -0.9240848070456703
-0.716931292511231 | [-7.23 -8.36] | -1.2382492719816145
-0.6463408246647664 | [ -7.41 -11.56] | -1.2060810311995747
-0.5646412670738444 | [ -7.75 -13.99] | -1.112671414721387
-0.47438833004858283 | [ -8.05 -15.63] | -0.9531269006844343
-0.378034716390877 | [ -8.17 -16.61] | -0.7477669209451848
-0.2775080987718325 | [ -7.98 -17.03] | -0.5153770627653131
-0.17439424626957523 | [ -7.45 -16.97] | -0.2698315058522158
-0.0699183248766064 | [ -6.6  -16.52] | -0.021144718780395623
0.0350335452499468 | [ -5.51 -15.75] | 0.2236573844277048
0.13982560853799708 | [ -4.21 -14.71] | 0.45937491540749803
0.24397071578503152 | [ -2.75 -13.44] | 0.6814340222646295
0.34705218974302027 | [ -1.15 -11.99] | 0.8839735467644172
0.4486923468196687 | [  0.56 -10.39] | 1.005610895631952
0.531104824097386 | [ 3.5  -6.61] | 0.9499567267945902
0.5771413017651398 | [ 6.26 -3.09] | 0.7069708139199374
0.5839230148729592 | [8.65 0.27] | 0.3244517143887567
0.5536188164210523 | [9.69 3.73] | 0.049071657302414556
0.4987826072976692 | [9.79 6.69] | -0.0437942352593918
0.4296586934182307 | [9.9  9.35] | -0.028244755050923564
0.3508974516372906 | [ 9.94 11.82] | 0.045419162141635216
0.2655081028498832 | [ 9.81 14.  ] | 0.14487307852554468
0.17529254511601886 | [ 9.46 15.82] | 0.25502221877505216
0.08160078664257724 | [ 8.89 17.26] | 0.3692748845766796
-0.014354734334505476 | [ 8.11 18.35] | 0.48360502264028876
-0.11151655661088634 | [ 7.16 19.13] | 0.5947868270299862
-0.20906005080970289 | [ 6.07 19.64] | 0.7002485332347712
-0.30640463748345864 | [ 4.89 19.94] | 0.7980613243691006
-0.40316097671215784 | [ 3.65 20.07] | 0.8867566637005166
-0.49906024699419604 | [ 2.37 20.04] | 0.9651651034351755
-0.5938973799971332 | [ 1.07 19.88] | 1.032375998289172
-0.687495753806 | [-0.23 19.61] | 0.7276936028135097
-0.7548199367868452 | [-3.2  11.78] | -0.09867931992261336
-0.765544382209783 | [-5.92  0.03] | -0.8949552738531442
-0.7235085965288613 | [-6.97 -7.73] | -1.1718422239071242
-0.6558902619748032 | [ -7.25 -11.16] | -1.1691229255036735
-0.5756671263661085 | [ -7.65 -13.73] | -1.091388818740661
-0.4860907355820485 | [ -7.98 -15.44] | -0.9399764323055535
-0.3900602076012956 | [ -8.11 -16.45] | -0.7394632550944717
-0.28977843571072864 | [ -7.91 -16.87] | -0.510652997988484
-0.18695138616040796 | [ -7.37 -16.8 ] | -0.26840207722290654
-0.08284859369395803 | [ -6.53 -16.33] | -0.0231748615436673
0.02162321705535661 | [ -5.44 -15.54] | 0.2177152162459834
0.12581169363151118 | [ -4.15 -14.48] | 0.4488230383837996
0.22921304428756595 | [ -2.7 -13.2] | 0.6652605974043081
0.3313987355888187 | [ -1.11 -11.74] | 0.8609187770492517
0.4319953507915822 | [  0.57 -10.14] | 0.9769742071165918
0.5126805504389539 | [ 3.6  -6.22] | 0.9118521036406686
0.5557732565963264 | [ 6.46 -2.54] | 0.6563087518134395
0.558333175889455 | [8.93 1.02] | 0.28287312528797215
0.5262448103103287 | [9.24 4.46] | 0.065509383641883
0.47359320996116794 | [9.39 7.18] | -0.0016560237368377015
0.40663846023780054 | [9.53 9.73] | 0.017493068553224668
0.329640096797679 | [ 9.59 12.08] | 0.08288217054252608
0.24536579013480186 | [ 9.47 14.12] | 0.1708327064591471
0.15566128075759758 | [ 9.14 15.81] | 0.27109768672027507
0.062068705130251846 | [ 8.59 17.15] | 0.3782447745396484
-0.03401835089170903 | [ 7.83 18.15] | 0.4877859182250178
-0.13142233764882044 | [ 6.9  18.87] | 0.595632056042244
-0.22924952751945527 | [ 5.83 19.34] | 0.6984628589816309
-0.3268781938341213 | [ 4.67 19.61] | 0.793843375067447
-0.423891258878046 | [ 3.44 19.71] | 0.8800347019788993
-0.519999953796991 | [ 2.18 19.67] | 0.9557941338573953
-0.6149847029228545 | [ 0.9 19.5] | 0.9932471048392203
-0.706699341267906 | [-0.52 18.64] | 0.5672178198079327
-0.7650154316120635 | [-3.69  9.01] | -0.3470374358623957
-0.7627821924518233 | [-6.1  -2.58] | -0.9234108195223091
-0.7186480052367369 | [-6.43 -7.15] | -1.0431046117016345
-0.6552516997365971 | [ -6.96 -10.89] | -1.0879940695269472
-0.5765261785032297 | [ -7.49 -13.6 ] | -1.0282290995469916
-0.4871806947790154 | [ -7.87 -15.34] | -0.8839158229866235
-0.39099530888413664 | [ -7.96 -16.28] | -0.6872895288049052
-0.2906777918117398 | [ -7.7 -16.6] | -0.4622685259297246
-0.18811748513516063 | [ -7.11 -16.43] | -0.22508052796098788
-0.0846113198500885 | [ -6.23 -15.87] | 0.013430646472418987
0.018948129373888234 | [ -5.12 -15.  ] | 0.24580617642674887
0.12191952887214823 | [ -3.83 -13.87] | 0.46641010632122737
0.22380096599031757 | [ -2.38 -12.54] | 0.6697384869339137
0.32418061783186797 | [ -0.81 -11.05] | 0.8467680953210485
0.4204065197596324 | [ 1.03 -9.11] | 0.91926644547428
0.4891109955557213 | [ 4.52 -4.43] | 0.7830659953998806
0.5141406939113323 | [ 7.43 -0.54] | 0.4712675744959834
0.49777887171827323 | [9.57 3.36] | 0.16156592739797743
0.450563328693546 | [9.75 6.77] | 0.03696679698255943
0.38637606294494903 | [9.86 9.65] | 0.03741099861198014
0.31026363533659534 | [ 9.91 12.3 ] | 0.11091499257050327
0.22606592019301636 | [ 9.76 14.66] | 0.22050593283691566
0.13636681617173263 | [ 9.38 16.64] | 0.3436267961757349
0.04297493423832684 | [ 8.74 18.2 ] | 0.46912849220636804
-0.05266489257344419 | [ 7.87 19.35] | 0.5911279575963029
-0.14940172211106148 | [ 6.82 20.14] | 0.7062467849339324
-0.2463954034827173 | [ 5.63 20.64] | 0.8125419705855973
-0.3430843734381856 | [ 4.35 20.9 ] | 0.9088393863315125
-0.43910604522774255 | [ 3.02 20.96] | 0.9942671415758879
-0.5342136444135389 | [ 1.66 20.86] | 1.0680634452878266
-0.6282176313406889 | [ 0.29 20.62] | 0.943169628300507
-0.7068341167077782 | [-2.16 16.12] | 0.2919491794127081
-0.7362405888671055 | [-5.64  4.17] | -0.6702791334709347
-0.701855495987038 | [-7.69 -6.7 ] | -1.1037456270252093
-0.6346296605841549 | [ -7.63 -10.16] | -1.0810300827676116
-0.5560861552806176 | [ -7.88 -12.82] | -1.0046463734917803
-0.46823395944056195 | [ -8.14 -14.65] | -0.8595941058544041
-0.37366632617563666 | [ -8.24 -15.76] | -0.6645062127193103
-0.2744955145184397 | [ -8.04 -16.26] | -0.44018521320319826
-0.17247957969220631 | [ -7.47 -16.23] | -0.20211287913394857
-0.06900067972843649 | [ -6.59 -15.76] | 0.03849427719575215
0.03493093549387419 | [ -5.46 -14.96] | 0.2737792720489036
0.1385900749765062 | [ -4.12 -13.88] | 0.4980182363237194
0.24142629228359425 | [ -2.61 -12.58] | 0.7061889781777515
0.34298372971145835 | [ -0.99 -11.11] | 0.8920806915429292
0.4427434443143411 | [ 0.73 -9.49] | 0.9851128003053627
0.5202042389458572 | [ 3.96 -5.36] | 0.8795416070110064
0.557618590127667 | [ 6.84 -1.69] | 0.5880692194012979
0.5535186568799012 | [9.34 1.92] | 0.2248824520077436
0.5156163497253782 | [9.53 5.34] | 0.04350596160399725
0.4589245047055505 | [9.64 8.09] | 0.001607484127058658
0.38898497567827955 | [ 9.76 10.67] | 0.04182036215244948
0.3097894247437041 | [ 9.76 13.04] | 0.12657160236298823
0.22401994064425518 | [ 9.57 15.12] | 0.23164500863589346
0.1334743098646443 | [ 9.15 16.83] | 0.3455349549400948
0.03962729929953348 | [ 8.5  18.18] | 0.46210605982172437
-0.05623058080543793 | [ 7.63 19.17] | 0.5770692758221004
-0.1530495758693946 | [ 6.6  19.85] | 0.6871978865375619
-0.2500619477886868 | [ 5.44 20.29] | 0.7901737138163751
-0.34674886667963484 | [ 4.2  20.51] | 0.8843265616943852
-0.4427652175311913 | [ 2.9  20.56] | 0.9683604477638025
-0.5378661058998222 | [ 1.58 20.46] | 1.0412220707479267
-0.631856561005647 | [ 0.24 20.22] | 0.8964746109012627
-0.7092799258993343 | [-2.25 15.37] | 0.2201338382620834
-0.7364834858648478 | [-5.64  3.36] | -0.7485475786382292
-0.6999594088815715 | [-7.65 -7.44] | -1.1693167206185062
-0.6310882937707688 | [ -7.63 -10.74] | -1.1331642814001734
-0.5513362700539666 | [ -7.9  -13.29] | -1.0467327645018785
-0.462652956805484 | [ -8.17 -15.05] | -0.8948216949658672
-0.36746788524030966 | [ -8.28 -16.12] | -0.6947652951014334
-0.267757378542261 | [ -8.09 -16.61] | -0.4660737854413623
-0.16519727996847017 | [ -7.55 -16.58] | -0.22348955578965118
-0.061114470717409775 | [ -6.69 -16.14] | 0.02224277546733833
0.043523597691102124 | [ -5.56 -15.36] | 0.26362281383630226
0.14802697304557155 | [ -4.24 -14.31] | 0.4952032981688047
0.2518744658415392 | [ -2.74 -13.04] | 0.7122880317836917
0.3546277569852607 | [ -1.11 -11.58] | 0.9090050490941148
0.4558982759116184 | [ 0.62 -9.98] | 1.0185109946045596
0.5370606502026438 | [ 3.65 -6.13] | 0.941687126947932
0.5807862538222652 | [ 6.43 -2.63] | 0.6771751227287152
0.5846479854811932 | [8.83 0.74] | 0.29023977640851095
0.5530811789342509 | [9.38 4.12] | 0.04880712392450107
0.49970308527274715 | [9.49 6.88] | -0.029725629589276867
0.4322202432031758 | [9.64 9.43] | -0.014321230405484903
0.35496594042636453 | [ 9.7  11.81] | 0.051607581458936555
0.2707249982069338 | [ 9.6 13.9] | 0.14117994224438085
0.18124694655940357 | [ 9.29 15.65] | 0.24281762397747395
0.08794989478422297 | [ 8.75 17.05] | 0.35106663744736494
-0.007859567680889697 | [ 8.02 18.11] | 0.46176702774676187
-0.105042698651427 | [ 7.1  18.87] | 0.5710789263678003
-0.20271292392401108 | [ 6.04 19.38] | 0.6757780327256121
-0.30024366640043065 | [ 4.88 19.69] | 0.7734269238042211
-0.397212217352082 | [ 3.66 19.82] | 0.8622337811214134
-0.49332666405543996 | [ 2.4  19.81] | 0.9408641155357096
-0.5883668037258037 | [ 1.12 19.67] | 1.008369690668735
-0.6821450663395789 | [-0.16 19.4 ] | 0.7216207751122938
-0.7508513214008509 | [-3.04 11.95] | -0.09127902404596179
-0.763695367570205 | [-5.82  0.15] | -0.912439545846412
-0.7222699244052412 | [-6.99 -7.96] | -1.2066209533486232
-0.6542912468353899 | [ -7.28 -11.34] | -1.1983840391453238
-0.5738651116242028 | [ -7.69 -13.89] | -1.118187727349785
-0.4841626760869805 | [ -8.03 -15.59] | -0.9654024126690166
-0.3880154959659239 | [ -8.18 -16.6 ] | -0.763485242427658
-0.28756987311172666 | [ -8.01 -17.04] | -0.5328909110991177
-0.18449988955706736 | [ -7.5  -16.99] | -0.2882666028519026
-0.08005648659003002 | [ -6.68 -16.55] | -0.039929204402577224
0.02486930033220362 | [ -5.61 -15.79] | 0.2049578565799675
0.12964194785279406 | [ -4.33 -14.77] | 0.4411125627274895
0.23377588574771907 | [ -2.89 -13.52] | 0.6639378048525534
0.33685657800112784 | [ -1.3  -12.08] | 0.8676593924065724
0.43850904266894986 | [  0.39 -10.5 ] | 0.99883573145606
0.5227922672888661 | [ 3.22 -6.91] | 0.9609386108465645
0.5721203626618108 | [ 6.04 -3.31] | 0.7307521843278475
0.5820386704217154 | [8.46 0.05] | 0.3522257022382691
0.5539754326112771 | [9.74 3.54] | 0.05807683947800634
0.4998056650956899 | [9.84 6.59] | -0.046493729573393136
0.43086462333443787 | [9.95 9.3 ] | -0.03529982453113839
0.35201173589889534 | [ 9.98 11.8 ] | 0.03836528667015128
0.26643529039282177 | [ 9.84 14.02] | 0.13996454841317157
0.1760520762949738 | [ 9.48 15.87] | 0.25260569108910946
0.08225355823046362 | [ 8.9  17.34] | 0.36892039914250285
-0.01374116702609949 | [ 8.11 18.44] | 0.4846962958342967
-0.11088275722625562 | [ 7.14 19.23] | 0.596783006665872
-0.2083604278640189 | [ 6.04 19.74] | 0.7027717474387984
-0.3056079313293682 | [ 4.85 20.04] | 0.8008815045851555
-0.4022479110355361 | [ 3.6  20.16] | 0.8897426857573877
-0.49802015955030987 | [ 2.31 20.14] | 0.9682382017165799
-0.5927251622352406 | [ 1.01 19.97] | 1.0354756821430615
-0.6861902738470875 | [-0.3  19.69] | 0.7147092768215718
-0.7520661310246947 | [-3.38 11.46] | -0.11948721823242552
-0.7605093544811 | [-6.08 -0.21] | -0.8592964720649052
-0.7187837146072918 | [-6.95 -7.26] | -1.1021137180010816
-0.652845238967653 | [ -7.28 -10.8 ] | -1.1146575598005766
-0.5734858431949786 | [ -7.7  -13.44] | -1.044228924073171
-0.48433399977799907 | [ -8.04 -15.18] | -0.8964955612389215
-0.3885526564888888 | [ -8.14 -16.18] | -0.6986076216080519
-0.288514186182146 | [ -7.91 -16.57] | -0.47250147609903087
-0.18600126760021132 | [ -7.35 -16.47] | -0.23359181411663454
-0.08231266059493013 | [ -6.48 -15.96] | 0.0074202678320728355
0.021631333986171727 | [ -5.37 -15.13] | 0.24307699392695165
0.1251675027965016 | [ -4.06 -14.05] | 0.4678034694429
0.2277813167845175 | [ -2.6  -12.74] | 0.6764620548083075
0.32904133172291067 | [ -1.01 -11.27] | 0.8629525052488959
0.42858775399704885 | [ 0.66 -9.67] | 0.9636372805818476
0.5065729308888132 | [ 3.85 -5.54] | 0.8718400283297959
0.5449442954188481 | [ 6.77 -1.78] | 0.5907468786345654
0.5415633680357793 | [9.31 1.91] | 0.2298832130560631
0.5040504510705822 | [9.53 5.38] | 0.04664880615830185
0.4473915191888622 | [9.65 8.17] | 0.004670231382638761
0.37721642626967966 | [ 9.76 10.78] | 0.0457449355893212
0.29762277097211476 | [ 9.75 13.17] | 0.13165189377984898
0.21139641226517764 | [ 9.54 15.23] | 0.23781419529558512
0.120426227391399 | [ 9.09 16.93] | 0.35241938320505306
0.026246655801542756 | [ 8.4  18.24] | 0.46916019468030257
-0.06983087657882789 | [ 7.51 19.19] | 0.5837534535944241
-0.16676546293892763 | [ 6.46 19.85] | 0.6930919555511794
-0.2638112997973953 | [ 5.29 20.25] | 0.7949940477790418
-0.3604712030515692 | [ 4.04 20.45] | 0.8878923806711299
-0.4564155949877766 | [ 2.75 20.48] | 0.9705599991686752
-0.5514088715411256 | [ 1.43 20.36] | 1.0419973003706569
-0.645261252920128 | [ 0.1  20.11] | 0.8525107982498501
-0.719592297225137 | [-2.58 14.36] | 0.13706956078854152
-0.7418794166685075 | [-5.78  2.45] | -0.8302602094300032
-0.701371330114968 | [-7.7 -8.2] | -1.2318915585660608
-0.6297760638041515 | [ -7.67 -11.3 ] | -1.1769826923265498
-0.5482804797214325 | [ -7.92 -13.7 ] | -1.077247364788476
-0.45854717069106166 | [ -8.17 -15.36] | -0.9170185642434646
-0.36271405077139723 | [ -8.28 -16.38] | -0.7119531934268746
-0.26255796429581 | [ -8.08 -16.84] | -0.4798704384324535
-0.15964352359681022 | [ -7.54 -16.8 ] | -0.23453601805767674
-0.055232161937471644 | [ -6.67 -16.36] | 0.013867879164954081
0.04975161975845015 | [ -5.55 -15.58] | 0.25820008213360146
0.15464820689137462 | [ -4.23 -14.54] | 0.4932564401824798
0.2589589310092466 | [ -2.73 -13.28] | 0.7145400820747022
0.36226133191286414 | [ -1.1  -11.82] | 0.9163144560439754
0.4641708667828238 | [  0.63 -10.22] | 1.0303960229279334
0.5461831432709903 | [ 3.62 -6.43] | 0.9615297842241943
0.5913897959901048 | [ 6.33 -3.01] | 0.7082556334777044
0.5976258598142387 | [8.67 0.26] | 0.31870388392369564
0.5669793678706573 | [9.69 3.65] | 0.039745649520278106
0.51197451037506 | [9.78 6.58] | -0.05491985965981477
0.4428806280165999 | [9.89 9.21] | -0.04111757112050092
0.3642972348051821 | [ 9.94 11.67] | 0.030777574071636216
0.2791639160655509 | [ 9.82 13.84] | 0.12851759461765627
0.18921428490885722 | [ 9.49 15.67] | 0.2372376709085891
0.09574526275976361 | [ 8.95 17.13] | 0.35059381910942244
-5.845743147959645e-05 | [ 8.19 18.24] | 0.46466340107066834
-0.0971429701969275 | [ 7.26 19.04] | 0.576170797218294
-0.19467229432607186 | [ 6.19 19.58] | 0.6824138171897427
-0.2920502599519458 | [ 5.02 19.9 ] | 0.7813314955666907
-0.38887432807030714 | [ 3.78 20.05] | 0.8713552517749373
-0.484866877563354 | [ 2.5  20.04] | 0.9512457139947447
-0.5798177562347838 | [ 1.21 19.9 ] | 1.0200359782110113
-0.6735478816591499 | [-0.08 19.64] | 0.762685226938645
-0.743871479223155 | [-2.91 12.7 ] | -0.022223791835247666
-0.7595036720862715 | [-5.79  0.86] | -0.9738126759818871
-0.71458610362434 | [-7.46 -9.21] | -1.3399656666192967
-0.6405370286124655 | [ -7.51 -12.12] | -1.2721196196153022
-0.5571756857506546 | [ -7.79 -14.38] | -1.1612040033425726
-0.46617890601024536 | [ -8.06 -15.93] | -0.993307454513383
-0.3694795402371367 | [ -8.19 -16.9 ] | -0.7831385167397317
-0.26868137644884404 | [ -8.02 -17.34] | -0.5469439959426153
-0.16522995998293238 | [ -7.51 -17.31] | -0.2974698600403789
-0.060299745176408584 | [ -6.68 -16.89] | -0.044244362403928185
0.045249431803139575 | [ -5.6  -16.15] | 0.20604392654123252
0.1508076482433928 | [ -4.31 -15.15] | 0.4485370637817837
0.25591756876882404 | [ -2.85 -13.92] | 0.6790999841662811
0.36019242291326803 | [ -1.25 -12.5 ] | 0.8925577854909219
0.4632685472024462 | [  0.47 -10.92] | 1.0291542548858783
0.548892498056965 | [ 3.25 -7.39] | 0.9999028670870663
0.6004983508426439 | [ 5.89 -4.05] | 0.7887064142254492
0.614724729853298 | [ 8.16 -0.93] | 0.43140303928419366
0.5898607009379144 | [10.24  2.48] | 0.061520161222622015
0.5341692785263565 | [10.35  5.92] | -0.0874990007464682
0.46336747444722565 | [10.39  8.72] | -0.08775683635141533
0.3830986819117069 | [10.39 11.3 ] | -0.012884369047204549
0.29667820109307746 | [10.25 13.61] | 0.09602227545190914
0.20600313997956626 | [ 9.9  15.58] | 0.21666548587834872
0.1122523209412712 | [ 9.33 17.17] | 0.33977277936048256
0.016424952319574714 | [ 8.55 18.39] | 0.46102936014747836
-0.08056490506819677 | [ 7.6  19.28] | 0.5776907032487715
-0.17795871743197433 | [ 6.51 19.88] | 0.687739871073818
-0.2751984780560986 | [ 5.32 20.25] | 0.7897019465748322
-0.37190324306761624 | [ 4.06 20.42] | 0.8824299079580356
-0.46781140812792277 | [ 2.76 20.43] | 0.9649311292641749
-0.5627260296068937 | [ 1.44 20.3 ] | 1.0363299615158432
-0.6564795504737193 | [ 0.12 20.05] | 0.8490163480341614
-0.7311256619616996 | [-2.49 14.42] | 0.12813990992607316
-0.7539959481426258 | [-5.63  2.49] | -0.8522702843694581
-0.7139264982628454 | [-7.49 -8.18] | -1.261613906321593
-0.6425993290738166 | [ -7.47 -11.31] | -1.2102356011564759
-0.5612602854686151 | [ -7.73 -13.75] | -1.1136178747909586
-0.47162378174590114 | [ -8.   -15.43] | -0.9554007143067864
-0.3758690078229741 | [ -8.12 -16.47] | -0.7513585843574284
-0.2757853965858083 | [ -7.95 -16.95] | -0.5195795042776584
-0.17293849316904417 | [ -7.43 -16.93] | -0.2739772711699884
-0.06859521239822644 | [ -6.59 -16.5 ] | -0.024895661236030653
Total reward: 119.9628053447593
