-2.0, 1.9, -5.8, 3.2, -3.4, -3.6, -0.5, 3.9, 5.8, 6.0, 6.0, -2.5, 2.6, -1.9, 1.4, 1.3, -1.5, 5.2
parameter ends

state | action | reward
[-0.03] | [-1.02  5.32] | 0.030829417753384655
0.0063852391611729994 | [-5.15  1.31] | -0.05166248166580119
0.08986996605258771 | [-7.22 -1.68] | -0.025219320894259295
0.18445457759071504 | [-6.9  -5.16] | 0.15495067103911336
0.2791911375557354 | [-6.74 -7.51] | 0.38094400521756633
0.37703228423682245 | [-6.44 -9.05] | 0.6220408711514916
0.47743358491938476 | [-5.73 -9.73] | 0.8475999940139974
0.5787965341300346 | [-4.57 -9.64] | 1.0407068399251977
0.6795956517945618 | [-3.06 -8.99] | 1.1957329584803267
0.778748171624295 | [-1.34 -7.98] | 1.3127492221755264
0.8756162796999033 | [ 0.48 -6.72] | 1.210705486699591
0.9529733448112988 | [ 2.84 -5.41] | 0.7963469215391702
0.9930083970334279 | [ 4.85 -4.17] | 0.20639544459738648
0.9927056938108068 | [ 6.39 -2.58] | -0.4661376351162634
0.951846627388627 | [ 7.81 -0.45] | -1.0291814515037407
0.8772983815997197 | [9.26 3.11] | -1.1902978261638966
0.788446963335737 | [10.1   8.27] | -1.0952293586651283
0.6963205738614351 | [10.77 12.16] | -0.9705168706795944
0.6011289840345914 | [11.31 15.55] | -0.8072729797484521
0.5037414978169258 | [11.63 18.65] | -0.62200577418096
0.4045571139232086 | [11.64 21.41] | -0.4265811963222152
0.3037741331600786 | [11.31 23.83] | -0.22503311827897537
0.2017097733356182 | [10.65 25.91] | -0.020022340433855708
0.09879940351957707 | [ 9.7  27.65] | 0.18517851441464778
-0.004495350047280369 | [ 8.5  29.06] | 0.3868201313034145
-0.10774799494035964 | [ 7.1  30.15] | 0.5810719206003201
-0.210580259350401 | [ 5.53 30.91] | 0.7641491509136634
-0.31264658832472686 | [ 3.82 31.35] | 0.9322314035901524
-0.4136123214697879 | [ 2.01 31.48] | 1.081059387750278
-0.5131678192878709 | [ 0.13 31.27] | 1.1412424730987463
-0.5995465718953944 | [-2.56 28.56] | 0.9844109038515967
-0.6506292338193459 | [-5.6  22.75] | 0.5930059439883553
-0.6559105671639304 | [-7.94 15.63] | 0.05999812705667356
-0.6150231576860867 | [-10.03   7.26] | -0.46694022662842666
-0.5323126945226744 | [-12.1   -0.78] | -0.6564159094933102
-0.43247346759128363 | [-12.74  -6.06] | -0.5239341269109228
-0.3335226224510902 | [-12.99  -8.86] | -0.3324538401647981
-0.23531206429756335 | [-13.12 -10.74] | -0.12071618888044734
-0.13654319704465967 | [-13.05 -12.06] | 0.09818119205059767
-0.036584754681866595 | [-12.62 -12.83] | 0.31587212713871965
0.06447339982017822 | [-11.81 -13.08] | 0.5266696945504328
0.16614142367300502 | [-10.68 -12.89] | 0.7255637657958327
0.26784292942486493 | [ -9.29 -12.35] | 0.9082455926110047
0.36904943952866975 | [ -7.72 -11.52] | 1.0710448989151828
0.4692982053429894 | [ -6.01 -10.48] | 1.2106983575326598
0.5681814893450641 | [-4.22 -9.28] | 1.3243117643098072
0.6653781161222573 | [-2.39 -7.96] | 1.4104380640276664
0.7606557250291713 | [-0.56 -6.55] | 1.411662728276923
0.8481659724995142 | [ 1.54 -4.97] | 1.087012367861092
0.9040275508056599 | [ 4.19 -3.41] | 0.4435033883714623
0.9134013413490357 | [ 6.16 -1.66] | -0.2876263913242465
0.8779286339220199 | [7.85 0.62] | -0.7610612799490328
0.8124664403388798 | [8.83 5.75] | -0.8533463208725267
0.7348103167503421 | [ 9.52 10.09] | -0.8249400827650731
0.6494472976884382 | [10.15 13.74] | -0.7366502386391105
0.5583338125189463 | [10.66 17.08] | -0.6012236224984241
0.4631662307611295 | [10.89 20.07] | -0.4395408579578586
0.3650300550175477 | [10.76 22.67] | -0.2621982915464207
0.2648128790773697 | [10.26 24.87] | -0.07550212291888757
0.1633331156134472 | [ 9.43 26.66] | 0.11502106183838667
0.06130990335266283 | [ 8.33 28.08] | 0.30413311217211075
-0.040667123653842674 | [ 7.01 29.14] | 0.48709719692234765
-0.1421269160032731 | [ 5.51 29.85] | 0.6597021487708457
-0.24268074077537613 | [ 3.88 30.24] | 0.8180792742723432
-0.34198746529958296 | [ 2.15 30.3 ] | 0.9583358058446829
-0.4397693012486107 | [ 0.36 30.04] | 1.0342336125296256
-0.5267595809159363 | [-2.15 27.81] | 0.9011166494270526
-0.5781736343847276 | [-5.57 21.58] | 0.5197980087318675
-0.5801763323290905 | [-8.26 13.96] | 0.012868409343344312
-0.5340925284687863 | [-10.67   5.35] | -0.4535973146383589
-0.44677611692245395 | [-12.87  -2.46] | -0.5478687752319145
-0.34658615784276037 | [-13.15  -6.71] | -0.36629964502361034
-0.24918352201309887 | [-13.33  -9.16] | -0.16893021321237642
-0.1516319681152457 | [-13.45 -10.89] | 0.046062739214147885
-0.05272699251784149 | [-13.35 -12.12] | 0.26811498430237507
0.04789418587277915 | [-12.86 -12.81] | 0.48910026668462514
0.14991209076218956 | [-11.96 -12.99] | 0.7028849467533939
0.2527325824985758 | [-10.71 -12.74] | 0.9044883966021117
0.3557670545596415 | [ -9.21 -12.15] | 1.0898376112278334
0.4585101529366247 | [ -7.52 -11.3 ] | 1.2552933824626398
0.5605200317324535 | [ -5.69 -10.24] | 1.3972033415914729
0.6613849229621809 | [-3.76 -9.03] | 1.5115634614469982
0.760736045250453 | [-1.79 -7.69] | 1.5952126329011596
0.8582568542547016 | [ 0.18 -6.26] | 1.4938447604258849
0.9396477050826341 | [ 2.62 -4.73] | 1.065862406321369
0.9851835223868598 | [ 4.76 -3.52] | 0.41052950462121257
0.9880987078305137 | [ 6.28 -2.09] | -0.3360090960119255
0.9482260098510815 | [ 7.62 -0.16] | -0.9294018610959062
0.8745976555114766 | [8.85 3.76] | -1.0950085107802698
0.7871202708490929 | [9.58 8.84] | -1.0171633906235622
0.695734592921846 | [10.19 12.75] | -0.898053444449463
0.6010975020589769 | [10.69 16.21] | -0.7415637665407775
0.5040432212791279 | [10.95 19.34] | -0.5666348548245945
0.4049578875582352 | [10.87 22.06] | -0.38155884836839743
0.3042236676018607 | [10.44 24.39] | -0.18951814087510077
0.2023640492310795 | [ 9.67 26.32] | 0.006170632946907784
0.09995123656430357 | [ 8.63 27.88] | 0.20142480730057633
-0.0024896148179980038 | [ 7.35 29.08] | 0.39198359110421876
-0.10451223764094705 | [ 5.89 29.93] | 0.5737583661897887
-0.2057348060055877 | [ 4.29 30.46] | 0.7428332584746757
-0.3058110561141291 | [ 2.57 30.66] | 0.8950902978270548
-0.4044363403701394 | [ 0.78 30.54] | 1.0150225356308162
-0.4983900217489384 | [-1.27 29.56] | 0.9596185600688903
-0.5614358505915912 | [-4.87 23.72] | 0.6561832975452879
-0.5756317032603064 | [-7.66 16.7 ] | 0.1988252485490056
-0.542420072556897 | [-10.11   8.31] | -0.2729443897712647
-0.4656941819856729 | [-12.44   0.15] | -0.5290585347213294
-0.36331080738370375 | [-13.77  -5.73] | -0.4523166224949794
-0.2588083467121579 | [-13.76  -8.43] | -0.2346257956558062
-0.1585017285161638 | [-13.75 -10.18] | -0.013018346990310299
-0.05886798947934882 | [-13.69 -11.5 ] | 0.21517328791693696
0.04172698413836579 | [-13.36 -12.39] | 0.4431456914669355
0.1436985423987388 | [-12.62 -12.78] | 0.6653875643211067
0.24675036127852373 | [-11.5  -12.72] | 0.8771062290708176
0.35037441836124106 | [-10.07 -12.28] | 1.0743236390694524
0.4540801368134603 | [ -8.41 -11.56] | 1.2535491286083729
0.5574335204622953 | [ -6.59 -10.6 ] | 1.4112969459299094
0.6600300286446756 | [-4.65 -9.47] | 1.543655138207587
0.7614732443041731 | [-2.63 -8.21] | 1.6460922394768611
0.8613903377831178 | [-0.58 -6.84] | 1.664724498191357
0.9547047161624289 | [ 1.62 -5.35] | 1.3795479234029722
1.0200554225191665 | [ 3.93 -4.26] | 0.7883686133347246
1.0436789102232644 | [ 5.51 -3.22] | 0.07608142129138128
1.0259340308951395 | [ 6.65 -1.86] | -0.6811101251737786
0.9672277835950867 | [7.89 0.14] | -1.1776197493318783
0.8808138456121103 | [9.03 4.65] | -1.2372464834460482
0.78597341497335 | [9.76 9.57] | -1.110622103147574
0.6897307396310515 | [10.33 13.42] | -0.9541192223383369
0.5921216984470035 | [10.75 16.86] | -0.77480114723939
0.4932283625756796 | [10.92 19.92] | -0.5869321372862559
0.39295418625884343 | [10.74 22.57] | -0.3937151545809364
0.2914502637515698 | [10.21 24.83] | -0.1960788493997831
0.18911420439927587 | [ 9.38 26.7 ] | 0.003599389062644079
0.08643201374754605 | [ 8.27 28.2 ] | 0.20173774604574835
-0.016133135803540952 | [ 6.96 29.36] | 0.3943858966513953
-0.1181743741791777 | [ 5.47 30.18] | 0.5776122826539026
-0.21932889671919678 | [ 3.84 30.66] | 0.7474857611313918
-0.31925707904690254 | [ 2.1  30.82] | 0.8996317363748753
-0.41766570198731545 | [ 0.31 30.65] | 0.9936770190213242
-0.5049664969470333 | [-2.22 28.49] | 0.9042741957299858
-0.5575941934908041 | [-5.57 22.66] | 0.5836818992805504
-0.562757878602519 | [-8.25 15.38] | 0.1282355873960604
-0.5210312290471466 | [-10.7    6.95] | -0.310632847441509
-0.4376563868672464 | [-13.02  -0.97] | -0.42616515801831606
-0.33931888737234217 | [-13.43  -5.67] | -0.27403465328119
-0.24248593693940498 | [-13.64  -8.27] | -0.08964896248049548
-0.14526730061147566 | [-13.75 -10.04] | 0.11790915606814154
-0.046765418462634406 | [-13.61 -11.25] | 0.33437108020088163
0.05336210552078843 | [-13.11 -11.93] | 0.5497949020829541
0.15485396216767494 | [-12.21 -12.11] | 0.7574264120680319
0.2571477202643735 | [-10.98 -11.87] | 0.9520155805783139
0.3596518752727407 | [ -9.49 -11.3 ] | 1.1293943158043824
0.46184694743639254 | [ -7.81 -10.47] | 1.2860227715006745
0.5632827194201184 | [-5.99 -9.44] | 1.4185926536372417
0.6635489805531172 | [-4.09 -8.26] | 1.5238684779511364
0.762289051283557 | [-2.14 -6.97] | 1.599555746335103
0.8592145242092183 | [-0.2  -5.59] | 1.53131197762553
0.9441446461384178 | [ 2.11 -4.16] | 1.1194863533447397
0.9953763268915193 | [ 4.38 -3.17] | 0.42535701033607054
1.0020198810770469 | [ 5.95 -2.01] | -0.360330379100889
0.9645903841337514 | [ 7.27 -0.34] | -1.012549614643444
0.8912442954726559 | [8.52 3.16] | -1.2040586669983704
0.8031415749822549 | [9.28 8.45] | -1.1150119402599146
0.711626335499422 | [ 9.9  12.46] | -0.9920593206721607
0.6169481027840238 | [10.41 16.01] | -0.8339271814240571
0.5197692760467005 | [10.7  19.22] | -0.6573206587465925
0.4204526411238439 | [10.65 22.03] | -0.4696767977877884
0.31942398886029605 | [10.22 24.43] | -0.27400209612988574
0.21725120525745029 | [ 9.46 26.42] | -0.07373455078192018
0.11452413470576095 | [ 8.41 28.04] | 0.1269647669198273
0.01176497031762477 | [ 7.13 29.3 ] | 0.32383844018652597
-0.0905883747204291 | [ 5.67 30.22] | 0.5127910802399095
-0.19215706692957887 | [ 4.06 30.81] | 0.6897898800085126
-0.292589155929053 | [ 2.34 31.07] | 0.8502843177541825
-0.39156980748132203 | [ 0.55 30.99] | 0.9702421590862874
-0.4828170830873757 | [-1.74 29.53] | 0.9301883966036457
-0.5421614022466948 | [-5.16 24.01] | 0.662771517128451
-0.5546160067874377 | [-7.9  17.12] | 0.24523515896358933
-0.5208026487945167 | [-10.37   8.86] | -0.18661399752475585
-0.44420704870254724 | [-12.76   0.78] | -0.47035712475298674
-0.33753097179326225 | [-14.65  -5.56] | -0.4213397755165878
-0.2276884242716097 | [-14.43  -8.21] | -0.18956910769895619
-0.12510294206587652 | [-14.26  -9.81] | 0.035915009382961494
-0.0246036656732571 | [-14.14 -11.05] | 0.2662952481598012
0.0762608604669756 | [-13.81 -11.94] | 0.4963941706349042
0.17836071594694305 | [-13.1  -12.37] | 0.7209132334483
0.2816317459872618 | [-11.98 -12.35] | 0.9353720759043564
0.3856679010463978 | [-10.54 -11.97] | 1.1361663620281781
0.49003232389650747 | [ -8.86 -11.29] | 1.3201601998816523
0.5943311700790331 | [ -7.   -10.39] | 1.4841231475009886
0.6981964249682909 | [-5.02 -9.31] | 1.6243580242719218
0.8012552266626621 | [-2.95 -8.09] | 1.7361539600802258
0.9031254467627681 | [-0.83 -6.77] | 1.7932696591708555
1.0015048235437929 | [ 1.36 -5.36] | 1.5503009805581889
1.0748849595990175 | [ 3.63 -4.43] | 0.9902589905845667
1.1080102246148105 | [ 5.11 -3.77] | 0.30499455844990697
1.1016467701227926 | [ 6.05 -2.9 ] | -0.46597501141926184
1.054852532864933 | [ 6.96 -1.53] | -1.190542118476531
0.9714217624576044 | [8.27 0.69] | -1.4864589456201522
0.8709889568958069 | [9.28 6.34] | -1.3739803049054953
0.770102256589462 | [ 9.94 10.88] | -1.1945637235503492
0.670089027639475 | [10.43 14.63] | -1.0004644032926409
0.5702103599325258 | [10.73 17.97] | -0.8016937869893606
0.4697586503081866 | [10.74 20.91] | -0.6025041159078993
0.3683423604019887 | [10.4  23.44] | -0.4009468123781401
0.26603871295956427 | [ 9.74 25.59] | -0.19668708439935012
0.1631984731561022 | [ 8.78 27.36] | 0.008155299997134782
0.060249302598038665 | [ 7.59 28.77] | 0.21020150309157215
-0.042399630687794954 | [ 6.21 29.85] | 0.4056871167996804
-0.14437566180346773 | [ 4.67 30.59] | 0.5907447664365182
-0.24532701121935316 | [ 3. 31.] | 0.7611232566270028
-0.3449215817796715 | [ 1.24 31.07] | 0.9120241464634699
-0.4428796881514353 | [-0.58 30.8 ] | 0.9572900491844852
-0.5184107235922948 | [-3.84 26.56] | 0.7962306040601257
-0.5513504044644549 | [-6.8  20.48] | 0.44330298129410384
-0.5384889166591248 | [-9.34 12.73] | 0.005501763637184017
-0.4804333233053271 | [-11.77   4.39] | -0.36054854241015666
-0.3850251856673508 | [-14.06  -2.95] | -0.39835661708798514
-0.27989170448738215 | [-14.19  -6.72] | -0.2056659071899602
-0.17959763378246438 | [-14.21  -8.81] | -0.0011229923879783159
-0.08049358738760318 | [-14.18 -10.28] | 0.21755183370288733
0.01918839808471274 | [-13.94 -11.3 ] | 0.4406034205141568
0.12020745322396947 | [-13.34 -11.85] | 0.6604114254897936
0.22249643981735742 | [-12.34 -11.95] | 0.8712519540019474
0.3256069603906706 | [-11.01 -11.65] | 1.0685613822892919
0.429030213945919 | [ -9.42 -11.04] | 1.2486077163922895
0.532304960932907 | [ -7.65 -10.18] | 1.4079849593166334
0.635016165815772 | [-5.75 -9.15] | 1.543211083651704
0.7367656054945524 | [-3.75 -7.97] | 1.6504387816060153
0.8371730171382759 | [-1.71 -6.68] | 1.7260625109261685
0.9358935187023983 | [ 0.34 -5.31] | 1.5809378836338073
1.0169958044791576 | [ 2.76 -4.08] | 1.0960444472597208
1.0614647921949292 | [ 4.65 -3.37] | 0.40022660240407604
1.0639867709798114 | [ 5.88 -2.5 ] | -0.3935796585358679
1.0238487999728263 | [ 6.91 -1.13] | -1.1510321801569638
0.9446675315890605 | [8.25 1.07] | -1.4117533758644416
0.8493629551517067 | [9.1  7.16] | -1.279174825300572
0.7536369112247403 | [ 9.73 11.45] | -1.1304976163293385
0.6566453427743117 | [10.24 15.12] | -0.9565294708954818
0.558348954722453 | [10.56 18.43] | -0.7705927254611167
0.45859100692313604 | [10.55 21.33] | -0.5781873760180247
0.35742669951737216 | [10.18 23.82] | -0.3797910682048865
0.2552152612294915 | [ 9.48 25.92] | -0.17709270194975152
0.15245049474809316 | [ 8.49 27.63] | 0.026625297404139617
0.04961898706931722 | [ 7.26 28.99] | 0.22745631072609723
-0.05285036817838484 | [ 5.85 30.  ] | 0.42141949855143257
-0.15457836152950385 | [ 4.29 30.68] | 0.6045225775475582
-0.2552094185436662 | [ 2.6  31.03] | 0.7722352493936245
-0.3544185671848 | [ 0.83 31.04] | 0.9143610278931145
-0.4497421102669557 | [-1.15 30.34] | 0.9224139797250684
-0.5157555934835626 | [-4.7  25.04] | 0.7101596826279148
-0.5346812955969324 | [-7.54 18.49] | 0.33595887270901675
-0.5077118052475531 | [-10.08  10.41] | -0.07706931571249692
-0.4371112950580783 | [-12.55   2.25] | -0.38105141390260444
-0.332906716002927 | [-14.75  -4.52] | -0.3626080664704568
-0.2231707350818688 | [-14.59  -7.52] | -0.14329055909577926
-0.12068688687519052 | [-14.42  -9.24] | 0.07479802644384903
-0.02038494385415001 | [-14.29 -10.51] | 0.300936750323472
0.08017881223999915 | [-13.97 -11.42] | 0.5284419171840689
0.18196102593505167 | [-13.28 -11.87] | 0.7508918399211604
0.28495675817377053 | [-12.18 -11.89] | 0.9632685793680861
0.388770678913581 | [-10.76 -11.53] | 1.1616964021730174
0.4929545035271997 | [ -9.08 -10.88] | 1.3429512873844915
0.5971012836720536 | [-7.23 -9.99] | 1.5038412169408486
0.7008355039343701 | [-5.25 -8.94] | 1.6408067889185638
0.8037821418888643 | [-3.18 -7.74] | 1.7494996913313534
0.9055596615945257 | [-1.06 -6.45] | 1.825162312728268
1.00578835239817 | [ 1.07 -5.08] | 1.5898309241785897
1.0818794348667002 | [ 3.42 -4.19] | 1.015598373791805
1.116909967898226 | [ 4.93 -3.64] | 0.3189894540828602
1.1120800601022354 | [ 5.86 -2.92] | -0.4685850484886383
1.066339529508198 | [ 6.72 -1.69] | -1.2136309437790624
0.983403604123923 | [7.98 0.39] | -1.5674409918431138
0.8812282452957111 | [9.1  5.57] | -1.4791735009751288
0.7779320317702451 | [ 9.77 10.4 ] | -1.2765892917540471
0.6768134522359724 | [10.26 14.26] | -1.0711236730481228
0.5764266640096887 | [10.58 17.7 ] | -0.865623902729008
0.47570826323020926 | [10.62 20.74] | -0.661931879804977
0.3740879567626615 | [10.31 23.35] | -0.4565510806444509
0.2715713806980396 | [ 9.66 25.57] | -0.24839251493559122
0.16848159949908004 | [ 8.71 27.41] | -0.039242432897114404
0.06523151065808565 | [ 7.52 28.89] | 0.16770506447662498
-0.03777931410771397 | [ 6.14 30.04] | 0.36879786202710313
-0.14018246855642863 | [ 4.59 30.85] | 0.5602027058815878
-0.2416240284362503 | [ 2.92 31.33] | 0.7375652233602996
-0.34176098586279646 | [ 1.15 31.46] | 0.8956814622251299
-0.44029178105422107 | [-0.67 31.25] | 0.9515674266328494
-0.5157585172406103 | [-3.95 27.  ] | 0.8087495446128963
-0.5487696839280441 | [-6.82 21.12] | 0.4799067745518508
-0.5371947321068496 | [-9.31 13.54] | 0.06248309010530217
-0.48106158379026354 | [-11.73   5.29] | -0.29340400010909035
-0.3873637442282032 | [-14.07  -2.1 ] | -0.34177856910292664
-0.2829555766969946 | [-14.3   -6.13] | -0.16342989621678133
-0.18278392138294147 | [-14.36  -8.32] | 0.03395148929997277
-0.08370972595267302 | [-14.33  -9.81] | 0.24837212759651342
0.01584031711325302 | [-14.08 -10.82] | 0.4681388334229469
0.11662865372704287 | [-13.47 -11.36] | 0.6847824361817298
0.21863487623745856 | [-12.48 -11.46] | 0.8922231593756814
0.3214366467442926 | [-11.16 -11.16] | 1.0856612423675822
0.42452499174413616 | [ -9.59 -10.57] | 1.2612303203476878
0.5274284844180887 | [-7.84 -9.73] | 1.415534697663723
0.629724104212206 | [-5.96 -8.71] | 1.5452615497606688
0.7310123584254113 | [-3.98 -7.55] | 1.6470007215738163
0.8309196448530463 | [-1.96 -6.29] | 1.717815210876771
0.9291209298971319 | [ 0.06 -4.95] | 1.6002316693525043
1.0125897675400104 | [ 2.42 -3.72] | 1.132591833259496
1.061027483725602 | [ 4.43 -3.12] | 0.414419894713441
1.0662330394824813 | [ 5.71 -2.38] | -0.40192322358295723
1.027912826745524 | [ 6.73 -1.16] | -1.18371269472033
0.9497151950248433 | [8.04 0.92] | -1.4644315823350786
0.8545462667159273 | [8.91 6.9 ] | -1.3361968947087135
0.7586869752929206 | [ 9.55 11.27] | -1.181887099685734
0.661772208397841 | [10.07 14.99] | -1.0061707899350232
0.5635365730302113 | [10.4  18.36] | -0.8193349386747988
0.46375352435128464 | [10.41 21.32] | -0.6256473665225782
0.3624901874850871 | [10.06 23.86] | -0.425257881082794
0.26013402963087 | [ 9.35 25.99] | -0.21991958965311365
0.15719337103257394 | [ 8.36 27.74] | -0.012985065800990764
0.05415552322241696 | [ 7.13 29.14] | 0.1916442050246559
-0.0485544643913113 | [ 5.71 30.2 ] | 0.39001029247252345
-0.15055866118875194 | [ 4.14 30.92] | 0.5780889570407262
-0.2514974058885023 | [ 2.45 31.31] | 0.7511196160636794
-0.35103654152559033 | [ 0.68 31.36] | 0.8949141222273906
-0.4447545109440939 | [-1.46 30.37] | 0.9102261550895459
-0.508585084520825 | [-4.88 25.27] | 0.7151145233099037
-0.5266556980374304 | [-7.65 18.82] | 0.361046538286757
-0.4996001460546502 | [-10.17  10.83] | -0.03136266846537865
-0.42938574556266007 | [-12.66   2.74] | -0.3198696084366337
-0.32558027713886145 | [-14.91  -4.05] | -0.3033407974972325
-0.2158362856708386 | [-14.8   -7.15] | -0.09285959295342366
-0.1131911063482469 | [-14.63  -8.88] | 0.12044022683785366
-0.012815678523230609 | [-14.48 -10.14] | 0.34343406981444496
0.08768927097359691 | [-14.14 -11.02] | 0.5683682986238808
0.18933610825108985 | [-13.43 -11.46] | 0.7883214366336307
0.2921733871419237 | [-12.33 -11.47] | 0.9980399838997005
0.3958314038454106 | [-10.9  -11.12] | 1.193510842214033
0.49986750183482237 | [ -9.22 -10.47] | 1.3714460544311706
0.6038729248237809 | [-7.37 -9.59] | 1.5286620368191988
0.7074702453858717 | [-5.39 -8.55] | 1.661678127202133
0.8102845836739794 | [-3.32 -7.37] | 1.766390881353537
0.9119359317591598 | [-1.19 -6.1 ] | 1.838359475760242
1.0120511505758036 | [ 0.93 -4.75] | 1.599658258601498
1.0884908086431053 | [ 3.3  -3.92] | 1.017253606078145
1.1240639038520963 | [ 4.82 -3.48] | 0.30423142679759807
1.1192900285058573 | [ 5.72 -2.89] | -0.5014296631891667
1.0730984214906787 | [ 6.55 -1.78] | -1.26220961518904
0.9893758467832038 | [7.77 0.22] | -1.6456010086099293
0.8854519616550145 | [8.94 5.13] | -1.5623094221496385
0.7804636203299545 | [ 9.61 10.14] | -1.3391906375528064
0.6786798285453548 | [10.09 14.08] | -1.1243188323924407
0.5780521981229164 | [10.42 17.59] | -0.9141522054875965
0.4772112289977388 | [10.47 20.69] | -0.7073955163806919
0.37547379556078975 | [10.17 23.36] | -0.49916294907822417
0.272819157193869 | [ 9.51 25.62] | -0.28794474077365007
0.1695643018224151 | [ 8.56 27.5 ] | -0.07540837771991579
0.06611575561325672 | [ 7.37 29.03] | 0.1353364160758409
-0.03713327112980183 | [ 5.98 30.21] | 0.34071060187839597
-0.1398170145851092 | [ 4.43 31.06] | 0.5369063361049565
-0.24157872429938645 | [ 2.75 31.59] | 0.7194406912625606
-0.3420674991817282 | [ 0.98 31.76] | 0.8822271610067774
-0.4406733339540951 | [-0.88 31.52] | 0.9388427508383275
-0.5139880216480465 | [-4.23 27.  ] | 0.7976490812089676
-0.5436369680644871 | [-7.   21.17] | 0.48083492586466353
-0.5295908716605339 | [-9.45 13.63] | 0.08365589881919602
-0.47175883573284016 | [-11.87   5.48] | -0.24945222924135796
-0.3770345047739796 | [-14.24  -1.83] | -0.2908265648848195
-0.27186139742770127 | [-14.49  -5.87] | -0.11586188671000752
-0.17109455390563 | [-14.53  -8.04] | 0.07994032556083151
-0.07165183592584351 | [-14.47  -9.48] | 0.29320632418563175
0.02806773329609658 | [-14.19 -10.46] | 0.5117262819496226
0.12889525723702044 | [-13.56 -10.97] | 0.7267622201808914
0.2308744162864529 | [-12.55 -11.04] | 0.9321132146500589
0.3336216074387002 | [-11.23 -10.74] | 1.1229229622337742
0.4366439209678083 | [ -9.65 -10.14] | 1.2953190690971323
0.5394747560400156 | [-7.9  -9.31] | 1.4459577678499194
0.6416932091263019 | [-6.01 -8.3 ] | 1.5716376750498193
0.7429028082969372 | [-4.03 -7.15] | 1.6691639229545578
0.8427330013184885 | [-2.01 -5.91] | 1.7358817813468594
0.9408647195689892 | [ 0.01 -4.59] | 1.6161499764237162
1.0247395739472516 | [ 2.35 -3.43] | 1.138001533298317
1.0736992262534406 | [ 4.34 -2.96] | 0.400061012632309
1.0789572868441304 | [ 5.58 -2.37] | -0.4350060758592924
1.0403271385500654 | [ 6.56 -1.3 ] | -1.2330134179044117
0.9616070147091703 | [7.81 0.67] | -1.5582655954550875
0.8642828426375513 | [8.77 6.26] | -1.4447299588155453
0.7659230044262387 | [ 9.4  10.85] | -1.26580322536525
0.6678340813208338 | [ 9.92 14.67] | -1.077821782478565
0.5690670606941425 | [10.28 18.12] | -0.8841548844583834
0.46900896655248125 | [10.32 21.17] | -0.6860146421484857
0.3675388275672063 | [ 9.98 23.79] | -0.48181726742517605
0.26496546457163234 | [ 9.29 26.  ] | -0.2725345954285166
0.16176030247639914 | [ 8.3  27.82] | -0.06115071245680244
0.05838782056493723 | [ 7.08 29.29] | 0.14866323128802295
-0.04474179717275811 | [ 5.66 30.42] | 0.3531016729728558
-0.14725777553348593 | [ 4.1  31.23] | 0.5482076630102817
-0.2487993276023245 | [ 2.4 31.7] | 0.7291172136917556
-0.3490182819211075 | [ 0.62 31.82] | 0.8810396815405623
-0.44284401026455206 | [-1.57 30.8 ] | 0.9126900017294494
-0.5072385783473797 | [-4.86 25.99] | 0.7436894961977337
-0.5273992418609901 | [-7.56 19.81] | 0.41463501844969813
-0.5035833505748518 | [-10.03  12.02] | 0.03680078325208207
-0.436869402141054 | [-12.49   3.96] | -0.2511049369897617
-0.3356961138359949 | [-14.84  -2.98] | -0.2513677636946424
-0.2270274469505059 | [-14.87  -6.45] | -0.05764512343567127
-0.12461610819806569 | [-14.78  -8.32] | 0.14704144116808573
-0.024341060243953397 | [-14.63  -9.61] | 0.3647941853762356
0.07594219469823929 | [-14.29 -10.5 ] | 0.5858502015186849
0.17726428137167125 | [-13.59 -10.94] | 0.802414530496588
0.2797304456102243 | [-12.51 -10.96] | 1.0087111717769126
0.38299329880997673 | [-11.11 -10.62] | 1.2002943580871077
0.48659959244431544 | [-9.46 -9.99] | 1.3736027474437817
0.590119171882315 | [-7.64 -9.14] | 1.5253934597763958
0.6931568814967762 | [-5.68 -8.12] | 1.6523328647165922
0.7953285612597301 | [-3.64 -6.96] | 1.7507895457679599
0.8962558930700963 | [-1.55 -5.72] | 1.8172028093979917
0.9955867941065945 | [ 0.54 -4.4 ] | 1.617754484470475
1.0749821762775382 | [ 2.93 -3.49] | 1.0661436020436004
1.1159768782192587 | [ 4.61 -3.15] | 0.330778033087428
1.1152073190692329 | [ 5.59 -2.68] | -0.5018103189032902
1.071717969916823 | [ 6.41 -1.71] | -1.290879561022272
0.989473747028656 | [7.58 0.17] | -1.6935724837465216
0.8862112013463681 | [8.73 4.95] | -1.6110786792674225
0.7816879201841532 | [ 9.38 10.03] | -1.3811574053256428
0.6804422845260076 | [ 9.87 14.01] | -1.1659160502814871
0.5801911576291643 | [10.23 17.57] | -0.9569845534131778
0.47950964638405125 | [10.31 20.71] | -0.7506083327611367
0.3777682602679319 | [10.02 23.43] | -0.5414538048774277
0.2750142246301989 | [ 9.36 25.74] | -0.3282844200448646
0.1716004246984642 | [ 8.41 27.66] | -0.11300187446020311
0.06794071860871603 | [ 7.21 29.22] | 0.10123586007582312
-0.03557640984457317 | [ 5.81 30.44] | 0.3108920194120765
-0.13859015126834143 | [ 4.26 31.34] | 0.5121867688078946
-0.24074382236678582 | [ 2.58 31.91] | 0.7004933929190944
-0.3416801442502859 | [ 0.8  32.14] | 0.8657754455955997
-0.43861712078171244 | [-1.22 31.59] | 0.923295116030158
-0.508185796062973 | [-4.51 27.03] | 0.7877994353269977
-0.534259980175267 | [-7.19 21.24] | 0.4855703185905827
-0.5174624711595518 | [-9.6  13.75] | 0.1124916581781806
-0.4577126688770233 | [-12.03   5.7 ] | -0.1939098064184783
-0.36179393133369303 | [-14.43  -1.5 ] | -0.22680108071752772
-0.25573969454843015 | [-14.69  -5.56] | -0.05564625339930838
-0.15430431103620668 | [-14.71  -7.7 ] | 0.13828686141111463
-0.054446649880442864 | [-14.61  -9.1 ] | 0.3500910959888575
0.04547164938020498 | [-14.29 -10.02] | 0.567024150378949
0.14635353764728068 | [-13.62 -10.5 ] | 0.7800264360505712
0.2483104126268954 | [-12.59 -10.55] | 0.9827187426893895
0.35100011596854036 | [-11.25 -10.24] | 1.1701645756512322
0.45394755419135835 | [-9.67 -9.63] | 1.338488153421686
0.5566917234843894 | [-7.9 -8.8] | 1.4844133352719082
0.6588138963025262 | [-6.01 -7.79] | 1.604871629317643
0.7599204634042358 | [-4.03 -6.66] | 1.6969065843127267
0.8596441980387641 | [-2.   -5.44] | 1.758205357845568
0.9576724954861611 | [ 0.01 -4.15] | 1.625217621420179
1.041213835607366 | [ 2.35 -3.08] | 1.1233101299797519
1.0893988169215987 | [ 4.29 -2.77] | 0.35960367876569327
1.093410475078607 | [ 5.46 -2.35] | -0.49793817832305626
1.0531506364021235 | [ 6.37 -1.43] | -1.3100872905585987
0.9728010366918534 | [7.57 0.43] | -1.6711494718491087
0.8727072321638932 | [8.59 5.64] | -1.5624682636194664
0.7716624154306588 | [ 9.21 10.48] | -1.353580742660199
0.6723445772514264 | [ 9.72 14.4 ] | -1.1514308770850168
0.5730232096864394 | [10.1  17.93] | -0.9506769140634511
0.4726711338614962 | [10.17 21.06] | -0.7481359439972081
0.37097579293122407 | [ 9.86 23.75] | -0.5401616888965952
0.2681721311422842 | [ 9.18 26.03] | -0.326944855334181
0.16469442119860553 | [ 8.19 27.92] | -0.11111995148675273
0.06098024708205658 | [ 6.97 29.46] | 0.10388931639762837
-0.04257974631987 | [ 5.56 30.67] | 0.31446886910581245
-0.1456259372009572 | [ 3.99 31.55] | 0.5167759903678855
-0.24780002701682444 | [ 2.3  32.11] | 0.7058820895538803
-0.3487436240693249 | [ 0.51 32.31] | 0.8655999177556506
-0.4421860105951303 | [-1.76 31.19] | 0.9111408836630589
-0.5063323280889026 | [-4.9  26.66] | 0.7656134446966626
-0.5279068866108648 | [-7.51 20.73] | 0.46145670686705487
-0.5067646802501659 | [-9.91 13.16] | 0.10140635924414079
-0.4432883740429364 | [-12.34   5.18] | -0.18148431614324223
-0.34474697808408916 | [-14.75  -1.86] | -0.1966579737058254
-0.23719908487862518 | [-14.94  -5.7 ] | -0.019777282971373968
-0.13497925091401436 | [-14.91  -7.72] | 0.17642211954830694
-0.034710429910793116 | [-14.77  -9.05] | 0.38904104256862626
0.06544980786278619 | [-14.42  -9.93] | 0.6062514179650365
0.16651327183714326 | [-13.73 -10.37] | 0.8193339215398308
0.26864386211262176 | [-12.67 -10.4 ] | 1.0220332236482157
0.3715299414287252 | [-11.3  -10.08] | 1.2095202073685358
0.4747183448257616 | [-9.69 -9.47] | 1.3779995798412603
0.5777642645353684 | [-7.9  -8.64] | 1.524214727468579
0.6802599864983772 | [-5.98 -7.63] | 1.6450398946925988
0.7818176700136537 | [-3.97 -6.51] | 1.7373524508782774
0.8820654912152485 | [-1.92 -5.29] | 1.7984726470506616
0.9806753999633203 | [ 0.13 -4.01] | 1.645533368348138
1.0635618164744232 | [ 2.48 -3.03] | 1.1264446379271345
1.1105356622583324 | [ 4.32 -2.81] | 0.36392525806239634
1.114064897368134 | [ 5.39 -2.51] | -0.49666195623636084
1.0736759297150018 | [ 6.2  -1.72] | -1.3168873020061072
0.9933219339665965 | [7.33 0.01] | -1.7616182391861004
0.8902220339054425 | [8.47 4.48] | -1.6897529369526167
0.7853382233537566 | [9.1  9.73] | -1.443860148026555
0.6842288969859427 | [ 9.59 13.8 ] | -1.2240587764447588
0.5841542104121298 | [ 9.99 17.42] | -1.0142590539169918
0.483546122064486 | [10.11 20.64] | -0.8071854592256501
0.38176350132032577 | [ 9.85 23.43] | -0.5964507314342845
0.2788826938302746 | [ 9.21 25.79] | -0.38078492673882436
0.17527219973498948 | [ 8.26 27.77] | -0.16216322331519678
0.0713417995721135 | [ 7.06 29.39] | 0.05631053390043457
-0.03253171334605402 | [ 5.67 30.68] | 0.27122309713896997
-0.135997356699973 | [ 4.12 31.65] | 0.4788992621519411
-0.23870254570565844 | [ 2.44 32.3 ] | 0.6746672433088379
-0.3402848262774544 | [ 0.65 32.59] | 0.8462479581908736
-0.43629151373774755 | [-1.48 31.86] | 0.915058662000076
-0.5047476296902081 | [-4.61 27.58] | 0.8002648054520656
-0.5313583963442615 | [-7.19 22.  ] | 0.5223835650369567
-0.5163178078738433 | [-9.55 14.72] | 0.17106188044779888
-0.4591285136497382 | [-11.95   6.78] | -0.12347546220585
-0.3655893530876595 | [-14.38  -0.45] | -0.19687850800416673
-0.256840586754109 | [-15.22  -5.14] | -0.05863166828648497
-0.15081879466607095 | [-15.15  -7.34] | 0.1386898121797813
-0.04877555273373612 | [-14.98  -8.7 ] | 0.35068130122767216
0.05199917286822956 | [-14.66  -9.63] | 0.5691159948403383
0.15312629507709175 | [-14.04 -10.16] | 0.784924995372494
0.25518565863367987 | [-13.06 -10.28] | 0.9916552419028082
0.3580638205937461 | [-11.75 -10.04] | 1.1842346123395473
0.4613767024310492 | [-10.18  -9.5 ] | 1.3586801016380612
0.5646955889777725 | [-8.42 -8.72] | 1.511658464695554
0.6676152244626464 | [-6.52 -7.77] | 1.6400353871786117
0.769750489422789 | [-4.51 -6.68] | 1.7406467722851793
0.8707225437487449 | [-2.45 -5.49] | 1.8104718276742204
0.9701833740326247 | [-0.37 -4.23] | 1.7487898817958776
1.0602415823159699 | [ 1.88 -3.09] | 1.3257256275422646
1.1192120600448974 | [ 3.92 -2.86] | 0.5937433360450116
1.1347153895698627 | [ 5.1  -2.72] | -0.25040303619900167
1.1066496578566594 | [ 5.83 -2.23] | -1.1071987614084886
1.0368370373107498 | [ 6.76 -0.91] | -1.789161703071301
0.9345876296111363 | [8.09 1.64] | -1.8603165094915313
0.8257280956249583 | [8.84 7.9 ] | -1.5744191898669655
0.7230324934829523 | [ 9.34 12.29] | -1.33980188373698
0.6225254174461962 | [ 9.79 16.07] | -1.1231219067260054
0.5220820047964022 | [10.04 19.47] | -0.9140605826721462
0.42063470342996545 | [ 9.92 22.44] | -0.7035101409381668
0.31801451171501316 | [ 9.42 24.98] | -0.48792312034773777
0.2145054283023199 | [ 8.57 27.12] | -0.26823888058190287
0.11050188546480073 | [ 7.46 28.89] | -0.047188831234744585
0.006381240395778667 | [ 6.14 30.33] | 0.17200795779836425
-0.09750803785918088 | [ 4.65 31.46] | 0.3858862789688311
-0.20082225186114666 | [ 3.01 32.26] | 0.5903836093136394
-0.30320196065103644 | [ 1.27 32.74] | 0.7795591917149847
-0.4042829700020651 | [-0.57 32.84] | 0.9035321254755242
-0.4857049352463674 | [-3.51 29.66] | 0.8742375569711862
-0.5297251216854579 | [-6.2  24.88] | 0.6656062081083467
-0.5334065715655784 | [-8.57 18.38] | 0.3367837231791312
-0.4951681343428824 | [-10.88  10.63] | 0.006867661366123434
-0.4174985688497614 | [-13.3    2.96] | -0.21249217957795802
-0.30915659274827756 | [-15.64  -3.48] | -0.17369661884590987
-0.1960995202696078 | [-15.59  -6.57] | 0.026477513508755574
-0.0910462547692606 | [-15.39  -8.19] | 0.23299444098565214
0.010683394040454479 | [-15.14  -9.29] | 0.4503210308136165
0.11169125563523469 | [-14.7  -10.03] | 0.6698960912740619
0.2133529596240624 | [-13.92 -10.38] | 0.8845445910471293
0.3160021247630307 | [-12.78 -10.35] | 1.0887305920378605
0.41942673754446463 | [-11.34  -9.98] | 1.2781152572015682
0.523247294842367 | [-9.65 -9.35] | 1.4491897834924417
0.6270732619283383 | [-7.79 -8.5 ] | 1.5987518504377458
0.7305334621004136 | [-5.81 -7.49] | 1.7235115850176184
0.8332613938617531 | [-3.74 -6.37] | 1.8199112479459627
0.9348840895158148 | [-1.61 -5.15] | 1.8842546770321222
1.0350420662211204 | [ 0.52 -3.88] | 1.676934815733014
1.1156963286704975 | [ 2.87 -3.13] | 1.116802842645698
1.1585780034051407 | [ 4.44 -3.07] | 0.372133639115996
1.1601394091150825 | [ 5.27 -2.97] | -0.4802591699599551
1.119081781661357 | [ 5.88 -2.4 ] | -1.3067224657704404
1.038707818579103 | [ 6.85 -0.92] | -1.9341946616069448
0.9291377993994078 | [8.22 1.78] | -1.9464343965002957
0.8160774468248652 | [8.93 8.09] | -1.6200939010191748
0.7111942526683043 | [ 9.38 12.49] | -1.3630063754899615
0.609549952133033 | [ 9.78 16.28] | -1.1344688460201267
0.5084653261140591 | [ 9.99 19.67] | -0.9185248262858832
0.4066201848911731 | [ 9.83 22.62] | -0.7032246909900571
0.30373000743919143 | [ 9.29 25.15] | -0.48403492700404577
0.20001533353630566 | [ 8.41 27.28] | -0.26146505600654724
0.09583304761717892 | [ 7.27 29.05] | -0.03799200484750177
-0.008459218024160251 | [ 5.93 30.49] | 0.18331438566865377
-0.11252071817813666 | [ 4.43 31.62] | 0.3990629259446324
-0.21600865789939064 | [ 2.79 32.42] | 0.6051528539321255
-0.31856200602960477 | [ 1.03 32.89] | 0.795473320379805
-0.41981185022780504 | [-0.82 32.99] | 0.909629185157794
-0.4988303253361939 | [-3.86 29.38] | 0.8618036423618
-0.5385499925309672 | [-6.44 24.54] | 0.6412397115021635
-0.5384480935397052 | [-8.75 17.95] | 0.3102573582256317
-0.4969020126244796 | [-11.04  10.23] | -0.012026544848427644
-0.41673642828773827 | [-13.45   2.65] | -0.2197725529072994
-0.3067582280926571 | [-15.77  -3.69] | -0.17290577550571837
-0.19272582291087528 | [-15.71  -6.68] | 0.030133709519259665
-0.08711061070087209 | [-15.48  -8.25] | 0.23789286294707568
0.014920914680812348 | [-15.21  -9.3 ] | 0.45573015220628765
0.11608022479213258 | [-14.76 -10.02] | 0.6755153539967856
0.21781584492395423 | [-13.97 -10.35] | 0.8903067702527981
0.3205066848208189 | [-12.82 -10.31] | 1.0946537827558296
0.423966760229105 | [-11.37  -9.94] | 1.284238934404185
0.5278303587072749 | [-9.68 -9.3 ] | 1.4555496403258752
0.6317137427199471 | [-7.81 -8.45] | 1.6053745405218411
0.7352491516620014 | [-5.83 -7.45] | 1.7304175572284262
0.8380722243421473 | [-3.75 -6.32] | 1.8271178186736223
0.9398107135158961 | [-1.62 -5.11] | 1.8917459378787833
1.0401038484963725 | [ 0.52 -3.84] | 1.6842020078850626
1.1209468092551205 | [ 2.86 -3.11] | 1.124640959085232
1.1641327761680291 | [ 4.42 -3.08] | 0.3810349783211833
1.1661255139466404 | [ 5.23 -3.02] | -0.4720582822292207
1.1255683321904681 | [ 5.81 -2.5 ] | -1.3026889305820522
1.0456275350369393 | [ 6.75 -1.07] | -1.9507562390950122
0.9357782338146011 | [8.13 1.43] | -1.9734080322509844
0.822174623440362 | [8.85 7.86] | -1.640985109588117
0.7170582279760875 | [ 9.31 12.31] | -1.3813135708612214
0.6153306250999525 | [ 9.72 16.12] | -1.1516053672920845
0.5142380002750581 | [ 9.93 19.53] | -0.9352206613432346
0.41241273581083976 | [ 9.79 22.5 ] | -0.7197780925292667
0.309544112174835 | [ 9.25 25.04] | -0.5004654360228276
0.20584388956182412 | [ 8.39 27.19] | -0.2776791856037699
0.10166871919779985 | [ 7.26 28.98] | -0.05386794445976903
-0.002621244942254509 | [ 5.93 30.43] | 0.1679005975220082
-0.10668250793835281 | [ 4.44 31.57] | 0.38423647027353625
-0.21017014166514025 | [ 2.81 32.39] | 0.5910513670271523
-0.3127216566887657 | [ 1.05 32.87] | 0.7822482389198094
-0.41396737609719503 | [-0.79 32.97] | 0.900537505194948
-0.49332281399166467 | [-3.81 29.45] | 0.8595061370545063
-0.533673679620185 | [-6.41 24.64] | 0.6451554052141979
-0.5342069988095957 | [-8.73 18.08] | 0.3192730259763641
-0.4932936231118981 | [-11.03  10.36] | 0.0004053967067083365
-0.41367434337053477 | [-13.45   2.79] | -0.20541786175781995
-0.30408464018542924 | [-15.78  -3.56] | -0.15957308980182866
-0.1902509772118088 | [-15.72  -6.59] | 0.04133792544710644
-0.08471670663467365 | [-15.5   -8.16] | 0.24789367542010937
0.017278919445592508 | [-15.23  -9.22] | 0.46499074358607884
0.11841220423969206 | [-14.77  -9.94] | 0.6842570770815173
0.22012331290484516 | [-13.98 -10.27] | 0.8985848835905872
0.3227914571749634 | [-12.83 -10.23] | 1.1024353578065984
0.4262312642744758 | [-11.38  -9.85] | 1.291449381301709
0.5300764945603417 | [-9.69 -9.22] | 1.462101363511643
0.6339425638695831 | [-7.82 -8.37] | 1.6111850716172988
0.7374612108006228 | [-5.83 -7.37] | 1.7354208859039804
0.8402680963106733 | [-3.75 -6.24] | 1.8312774063699688
0.9419912204418067 | [-1.62 -5.04] | 1.8950771731817861
1.0422704811088577 | [ 0.51 -3.77] | 1.686236296992594
1.1231375877313357 | [ 2.85 -3.05] | 1.124150213449593
1.166340500908777 | [ 4.41 -3.05] | 0.3771780285332659
1.1682758806750595 | [ 5.21 -3.01] | -0.4791860345981162
1.1275925144822687 | [ 5.78 -2.53] | -1.3124715121159338
1.0474911654935322 | [ 6.71 -1.11] | -1.9617690593966974
0.9375105347441444 | [8.07 1.38] | -1.9828137984678953
0.8238592976756378 | [8.8  7.82] | -1.6484935896127995
0.7187442596275437 | [ 9.26 12.28] | -1.3881830362198317
0.6170223464035733 | [ 9.67 16.1 ] | -1.1583900856261797
0.5159242559139581 | [ 9.89 19.51] | -0.9420108872112473
0.4140853341336917 | [ 9.74 22.49] | -0.7265053818802473
0.31120088057926454 | [ 9.21 25.03] | -0.5070547111158655
0.20748637660932098 | [ 8.35 27.18] | -0.28407407097051046
0.10330003116079205 | [ 7.23 28.97] | -0.06002220532776108
-0.0009973198496121514 | [ 5.9  30.43] | 0.16203049642287598
-0.10506155521225397 | [ 4.4  31.57] | 0.37869321364552355
-0.2085468986520398 | [ 2.77 32.39] | 0.5858563734603572
-0.3110900972995399 | [ 1.02 32.87] | 0.7773813583270274
-0.4123207805034247 | [-0.82 32.97] | 0.8960738188562867
-0.4913577649033511 | [-3.85 29.41] | 0.8552394755362638
-0.5311435110706115 | [-6.44 24.59] | 0.6419200344878622
-0.5311391155409294 | [-8.76 18.02] | 0.3187797619792937
-0.48973093563938047 | [-11.07  10.31] | 0.0043444372453471
-0.4097295606255946 | [-13.49   2.75] | -0.19660948733818914
-0.2998972377184643 | [-15.83  -3.57] | -0.14860751976817582
-0.1859340501098244 | [-15.76  -6.57] | 0.0520339883540743
-0.08033266192039396 | [-15.53  -8.13] | 0.2582378799872961
0.021699329500891696 | [-15.25  -9.18] | 0.4750196684001356
0.1228552713993713 | [-14.79  -9.89] | 0.6940064938986075
0.22458347268250295 | [-13.99 -10.22] | 0.9080460566812459
0.32726799150673336 | [-12.84 -10.17] | 1.1115819776393927
0.43072713108720867 | [-11.38  -9.8 ] | 1.3002651319186733
0.5345979516483023 | [-9.68 -9.16] | 1.470587025327465
0.638498738376946 | [-7.81 -8.31] | 1.619353386415983
0.7420635898142338 | [-5.82 -7.31] | 1.7432880572090157
0.8449300409505082 | [-3.74 -6.19] | 1.8388542010537523
0.9467269747269905 | [-1.6  -4.99] | 1.902346348803865
1.0470935264366386 | [ 0.54 -3.72] | 1.688336716604048
1.1277670091041505 | [ 2.88 -3.03] | 1.1212334290670554
1.1705937113155518 | [ 4.41 -3.05] | 0.37338293963677943
1.172241791426676 | [ 5.19 -3.04] | -0.4841130284749879
1.1313274446143409 | [ 5.74 -2.58] | -1.318678106426665
1.0510471203230387 | [ 6.66 -1.19] | -1.9694102775598954
0.940928281523388 | [8.01 1.29] | -1.9906411576995595
0.8271856367430744 | [8.75 7.75] | -1.655593086243357
0.7220176824588536 | [ 9.21 12.22] | -1.3948719721161973
0.6202691229586477 | [ 9.62 16.04] | -1.16490790679893
0.5191608965540496 | [ 9.84 19.46] | -0.9485141079673345
0.4173209213447154 | [ 9.7  22.44] | -0.7330525533793596
0.3144416629996683 | [ 9.17 24.99] | -0.5136491172054064
0.2107389422434257 | [ 8.32 27.14] | -0.29070321227499835
0.10657332808195749 | [ 7.2  28.93] | -0.06668393433807726
0.002308827962336484 | [ 5.87 30.39] | 0.15531789645127306
-0.10170725417230125 | [ 4.38 31.52] | 0.3718905998138963
-0.20512627166865263 | [ 2.75 32.34] | 0.5788873938594028
-0.30758309488649654 | [ 1.01 32.82] | 0.7701426696591652
-0.40870736323705914 | [-0.83 32.92] | 0.8894365960248541
-0.48746649506320133 | [-3.87 29.33] | 0.8491772044756853
-0.526768786996847 | [-6.47 24.48] | 0.636480924621642
-0.5261579325600028 | [-8.81 17.88] | 0.3155760678354145
-0.4840587362646874 | [-11.13  10.16] | 0.005738997047799385
-0.4034262646871866 | [-13.56   2.62] | -0.1893369797381831
-0.29316306665962466 | [-15.89  -3.67] | -0.137754758508033
-0.1790146022649287 | [-15.8  -6.6] | 0.06355096934072557
-0.07336171851026303 | [-15.55  -8.14] | 0.2698280693709124
0.028688717259040535 | [-15.27  -9.18] | 0.48655537525556586
0.12987087467781777 | [-14.8   -9.88] | 0.7054525691471872
0.23163699727456583 | [-13.99 -10.2 ] | 0.9193463706452023
0.3343677570106876 | [-12.83 -10.15] | 1.1226958286809152
0.43788103941494566 | [-11.36  -9.77] | 1.3112071517439834
0.5418174893021068 | [-9.65 -9.13] | 1.4814234720547605
0.6458003802382922 | [-7.78 -8.28] | 1.6301742819756397
0.7494682925127711 | [-5.77 -7.27] | 1.7541764608188062
0.8524620503940903 | [-3.68 -6.15] | 1.849853178861295
0.9544118983786795 | [-1.53 -4.95] | 1.9133922892303374
1.054954844941994 | [ 0.62 -3.69] | 1.6877863484340474
1.1350293870728443 | [ 2.94 -3.04] | 1.1104502324110086
1.17674896596508 | [ 4.43 -3.08] | 0.36361901930580537
1.1775424114374338 | [ 5.18 -3.09] | -0.4928323549381134
1.135967431095069 | [ 5.71 -2.65] | -1.3259843103210198
1.0552272369816058 | [ 6.61 -1.27] | -1.9761908435542874
0.9447907422719879 | [7.97 1.19] | -1.9973863091401187
0.8308241666433697 | [8.71 7.68] | -1.661695514191036
0.7255078384079077 | [ 9.18 12.15] | -1.4002395698053018
0.6236786911564653 | [ 9.6  15.99] | -1.1697443415227549
0.5225398263927579 | [ 9.81 19.4 ] | -0.9531325046226355
0.4206978912440454 | [ 9.67 22.38] | -0.7376686032789417
0.31783264768376324 | [ 9.15 24.93] | -0.5183680087611414
0.21415551989882298 | [ 8.29 27.08] | -0.295575918248173
0.11002841459301925 | [ 7.18 28.87] | -0.07176142584916757
0.0058191826550891244 | [ 5.86 30.32] | 0.1499589994974332
-0.09812065359196762 | [ 4.37 31.46] | 0.3661436238638917
-0.20143875432534955 | [ 2.75 32.27] | 0.572604221503383
-0.3037678005613189 | [ 1.   32.74] | 0.7631661858193309
-0.404738162244319 | [-0.83 32.83] | 0.8827951744588556
-0.48326310718874704 | [-3.88 29.23] | 0.8427978001206736
-0.5221638681205403 | [-6.5  24.34] | 0.6299336211915834
-0.5209445232975828 | [-8.85 17.69] | 0.310241908243383
-0.4780798540480755 | [-11.2    9.95] | 0.004193551416870035
-0.39670701829585914 | [-13.64   2.43] | -0.18537307448215734
-0.2859297636413375 | [-15.96  -3.81] | -0.12980209917892396
-0.17157685747776485 | [-15.83  -6.67] | 0.07282199978445242
-0.06588683594574529 | [-15.56  -8.17] | 0.2795445026273381
0.036169889801239835 | [-15.27  -9.2 ] | 0.49647204269302997
0.1373794929225491 | [-14.79  -9.89] | 0.7154693390424821
0.23919403109624726 | [-13.98 -10.21] | 0.929370353257977
0.34198547565786996 | [-12.81 -10.15] | 1.1326805828513453
0.44556876999098977 | [-11.33  -9.77] | 1.3211910151531505
0.549588058098764 | [-9.61 -9.12] | 1.4915149208675098
0.6536724854751882 | [-7.72 -8.27] | 1.6405106367785396
0.7574660115231191 | [-5.7  -7.26] | 1.764882280483141
0.8606133379602549 | [-3.6  -6.14] | 1.8609959581826967
0.9627463762785766 | [-1.45 -4.93] | 1.9248940316528977
1.063499620455046 | [ 0.72 -3.67] | 1.6852854535476764
1.1427952842989462 | [ 3.03 -3.09] | 1.0958960433285245
1.1830753336560587 | [ 4.46 -3.14] | 0.3514441715663338
1.1827552047370515 | [ 5.17 -3.16] | -0.502285403519763
1.1403380936919243 | [ 5.69 -2.72] | -1.3321330724481566
1.0590353044804977 | [ 6.59 -1.35] | -1.9804625167198888
0.9482224928908569 | [7.94 1.11] | -2.0016657553069375
0.8339799713485851 | [8.7  7.62] | -1.6656702048266527
0.7284712106917023 | [ 9.18 12.1 ] | -1.403402686957162
0.6265353430200812 | [ 9.59 15.94] | -1.1721954820059597
0.5253564295255433 | [ 9.8  19.35] | -0.9552417011824688
0.4235134554299284 | [ 9.66 22.33] | -0.7397388015861119
0.32066803353029943 | [ 9.13 24.87] | -0.5205699524226486
0.21702411069747354 | [ 8.28 27.02] | -0.2980049402421572
0.11294375633513287 | [ 7.17 28.81] | -0.0745036864079475
0.008798392497222494 | [ 5.85 30.26] | 0.14679310293900533
-0.0950562888401235 | [ 4.37 31.38] | 0.36241275898503833
-0.1982643899950085 | [ 2.75 32.19] | 0.5681323052138424
-0.3004566826424312 | [ 1.01 32.65] | 0.7577871171279557
-0.4012648394630634 | [-0.81 32.73] | 0.8774597656152952
-0.47964778632639943 | [-3.88 29.13] | 0.8374432511812908
-0.5183115363804257 | [-6.52 24.2 ] | 0.6238201969989735
-0.5166206536575269 | [-8.89 17.5 ] | 0.30423860772936673
-0.473099856301294 | [-11.25   9.74] | 0.0004937690293405003
-0.39106237540581934 | [-13.71   2.23] | -0.1850654193343171
-0.2798203433453885 | [-16.02  -3.97] | -0.12604740688424304
-0.16529667442887377 | [-15.85  -6.76] | 0.07815235777672482
-0.05959189931344229 | [-15.56  -8.23] | 0.2855458762951103
0.042459405750566906 | [-15.26  -9.24] | 0.5028546388855747
0.143692348594026 | [-14.78  -9.93] | 0.7220973553916652
0.24555441911060283 | [-13.96 -10.24] | 0.9361365981698685
0.3484060540996882 | [-12.78 -10.18] | 1.1395421957839993
0.45205787140224124 | [-11.29  -9.79] | 1.3281978871836202
0.5561568081613857 | [-9.56 -9.14] | 1.4987882623531599
0.660337437189325 | [-7.66 -8.29] | 1.6481990709088379
0.7642487524966252 | [-5.64 -7.27] | 1.7731202715951269
0.8675390660064349 | [-3.52 -6.15] | 1.869859582749492
0.9698419356128489 | [-1.36 -4.94] | 1.9343123094423373
1.0707896221419562 | [ 0.81 -3.68] | 1.6817996591726037
1.1493289039587584 | [ 3.11 -3.14] | 1.0814366967500897
1.1882033079218124 | [ 4.49 -3.2 ] | 0.3399741146090824
1.1867950496274153 | [ 5.17 -3.22] | -0.5101728011451501
1.1435723066866654 | [ 5.68 -2.78] | -1.335843309735451
1.0617510984280516 | [ 6.58 -1.4 ] | -1.9816169834759134
0.9506010667514044 | [7.94 1.07] | -2.0029443471995196
0.8361012770937518 | [8.71 7.58] | -1.667043885536474
0.7304049682965031 | [ 9.19 12.07] | -1.4040920637001157
0.6283632654641073 | [ 9.6 15.9] | -1.1721766146827126
0.5271450738947537 | [ 9.8  19.31] | -0.9548501743347071
0.42530243708195226 | [ 9.66 22.29] | -0.7392874973690666
0.32247798338593 | [ 9.13 24.83] | -0.5202495941479273
0.21886707306672246 | [ 8.29 26.98] | -0.2979284408772339
0.11483087437014791 | [ 7.18 28.76] | -0.07476863962014849
0.01074339230599751 | [ 5.86 30.2 ] | 0.14607139616390574
-0.09303642843847858 | [ 4.38 31.32] | 0.361094136205924
-0.19614999646100909 | [ 2.76 32.12] | 0.5660557665038027
-0.2982267980408644 | [ 1.03 32.57] | 0.7548154073109915
-0.39889999497486667 | [-0.79 32.64] | 0.8742975251974473
-0.47725735398861 | [-3.86 29.05] | 0.8340724618729848
-0.5158876595848627 | [-6.53 24.09] | 0.619371980171642
-0.5139536423590547 | [-8.91 17.36] | 0.29892515751049886
-0.4700189464995739 | [-11.29   9.57] | -0.004298670459691789
-0.38752930421741194 | [-13.75   2.06] | -0.1879956298891254
-0.2759670366956205 | [-16.05  -4.11] | -0.12669990474997392
-0.16133987386373816 | [-15.85  -6.83] | 0.07897984283752002
-0.05564368836889088 | [-15.55  -8.28] | 0.2871011302263969
0.04639282205708582 | [-15.24  -9.29] | 0.5048681100686464
0.1476403581921189 | [-14.76  -9.98] | 0.7244343038381151
0.24953912748136198 | [-13.94 -10.29] | 0.9387040917116815
0.3524380697323801 | [-12.75 -10.22] | 1.1423111516556985
0.4561431533980696 | [-11.25  -9.83] | 1.331216967535013
0.560302827935 | [-9.52 -9.18] | 1.5021621148054618
0.6645554805677882 | [-7.61 -8.32] | 1.6520522102608646
0.7685537071518892 | [-5.58 -7.3 ] | 1.777564564174752
0.8719483675352907 | [-3.46 -6.18] | 1.8749590014469277
0.9743742037107158 | [-1.29 -4.97] | 1.9400125172982272
1.0754618321718314 | [ 0.89 -3.7 ] | 1.6783154946755778
1.1534257409084359 | [ 3.17 -3.2 ] | 1.0702684650874987
1.1912275871576157 | [ 4.52 -3.26] | 0.3316569271503694
1.1889908886432956 | [ 5.18 -3.27] | -0.5149880111145341
1.1451688049314894 | [ 5.69 -2.81] | -1.3366689061770372
1.0629786616985404 | [ 6.59 -1.42] | -1.979872734670846
0.951597613470865 | [7.96 1.05] | -2.0013875715373106
0.8369128046944928 | [8.73 7.57] | -1.665905015434419
0.7310742968925451 | [ 9.21 12.06] | -1.4025419146260891
0.6289506482573701 | [ 9.62 15.89] | -1.1700861350940155
0.5277024057915071 | [ 9.82 19.3 ] | -0.9524489120097848
0.4258611072729595 | [ 9.67 22.26] | -0.7368261167193457
0.3230537630303298 | [ 9.15 24.8 ] | -0.5178922083298882
0.21946807257878778 | [ 8.3  26.95] | -0.29577653189923186
0.11546363255490408 | [ 7.19 28.73] | -0.0729068208304513
0.011415680706337954 | [ 5.88 30.17] | 0.14754988729514656
-0.0923150219047948 | [ 4.4  31.28] | 0.3620814991167747
-0.195368458414001 | [ 2.78 32.07] | 0.5664394620003402
-0.29737355340132465 | [ 1.05 32.52] | 0.7545116627890761
-0.39796467934097585 | [-0.77 32.58] | 0.8736733532631223
-0.47640709094114186 | [-3.84 29.01] | 0.8331577822849418
-0.5151946115911982 | [-6.52 24.03] | 0.6173451960833289
-0.5132734968934655 | [-8.91 17.29] | 0.29536174948263766
-0.46922715172712576 | [-11.3    9.48] | -0.009016016233070558
-0.38656575909664737 | [-13.76   1.97] | -0.19309508505740036
-0.2748735416682605 | [-16.05  -4.19] | -0.13096413805738824
-0.16022095974841472 | [-15.84  -6.89] | 0.07582383482045052
-0.05455132911015616 | [-15.53  -8.33] | 0.28456508429218536
0.04746479519092779 | [-15.23  -9.34] | 0.5027535246403366
0.14871531430425125 | [-14.75 -10.03] | 0.7226409723357361
0.2506330778082479 | [-13.93 -10.34] | 0.9371771822178869
0.3535581511343695 | [-12.73 -10.27] | 1.1410422016709987
0.4572924128061505 | [-11.23  -9.88] | 1.3302427708289035
0.5614842322232284 | [-9.49 -9.22] | 1.5015488046183152
0.6657734846003808 | [-7.58 -8.36] | 1.6518742847968113
0.7698142635634823 | [-5.55 -7.34] | 1.7778870043101116
0.8732584019162036 | [-3.43 -6.21] | 1.8758166741510411
0.9757410162719318 | [-1.25 -5.  ] | 1.9413707373091036
1.0768917507743183 | [ 0.93 -3.73] | 1.6755913568544951
1.1545544174452818 | [ 3.2  -3.24] | 1.0643307617673308
1.1917997453986844 | [ 4.54 -3.29] | 0.32782329748096756
1.1891358295564496 | [ 5.19 -3.29] | -0.5162172945509765
1.1450149218366754 | [ 5.7  -2.81] | -1.3349531060570783
1.0626554216638133 | [ 6.61 -1.41] | -1.976096072976911
0.9511779650473985 | [7.99 1.08] | -1.9977325949415357
0.8364081893499272 | [8.77 7.59] | -1.6628143160458175
0.7304972773497221 | [ 9.24 12.07] | -1.3993645360381033
0.628330181735372 | [ 9.65 15.9 ] | -1.1666386836840739
0.5270662327603769 | [ 9.85 19.3 ] | -0.9488183319135927
0.42522631078026885 | [ 9.7  22.26] | -0.7331506404969359
0.3224281838235586 | [ 9.17 24.8 ] | -0.5142737296427162
0.2188544769283667 | [ 8.32 26.94] | -0.2922821176754341
0.11486306150606534 | [ 7.21 28.72] | -0.0695897863947624
0.010829027441719739 | [ 5.9  30.16] | 0.15063682102368092
-0.09288664251221929 | [ 4.42 31.27] | 0.3648826501018661
-0.19592386455516905 | [ 2.8  32.06] | 0.5689083345554589
-0.2979116741971224 | [ 1.07 32.5 ] | 0.7566269331140107
-0.398485044248265 | [-0.75 32.56] | 0.8754337342424713
-0.4770874916992689 | [-3.82 29.01] | 0.8346108222996977
-0.5161589699585769 | [-6.5  24.03] | 0.617880448845608
-0.5144658362224527 | [-8.9  17.29] | 0.29410350201797536
-0.47058928975305003 | [-11.28   9.48] | -0.012630362799547379
-0.38802990914528834 | [-13.74   1.95] | -0.1989316180920394
-0.27639388548852845 | [-16.03  -4.22] | -0.1373565970564289
-0.1617846488161591 | [-15.82  -6.92] | 0.06999254913776369
-0.056149953013435214 | [-15.51  -8.36] | 0.279120915260984
0.04584519849294998 | [-15.21  -9.37] | 0.49760002139567605
0.14708732324870577 | [-14.73 -10.06] | 0.7177322105563873
0.2490041435242377 | [-13.92 -10.38] | 0.9325064854257963
0.3519312032747412 | [-12.73 -10.31] | 1.1366222534442874
0.45566755671443926 | [-11.22  -9.92] | 1.326092190500983
0.5598600328475191 | [-9.49 -9.26] | 1.4976855078196256
0.6641475990549038 | [-7.58 -8.4 ] | 1.6483123481658783
0.7681836530504303 | [-5.55 -7.38] | 1.7746350454824447
0.8716193602101356 | [-3.43 -6.25] | 1.8728741196640515
0.9740893390001494 | [-1.25 -5.04] | 1.9387242286293458
1.075222955483935 | [ 0.93 -3.76] | 1.674060233620504
1.1528809476007553 | [ 3.2  -3.27] | 1.064115844243346
1.1901323606191019 | [ 4.54 -3.3 ] | 0.3286158865988713
1.1874769109933427 | [ 5.21 -3.28] | -0.5142010913488089
1.1433743806491736 | [ 5.73 -2.79] | -1.3315364792364688
1.0610461457307874 | [ 6.64 -1.37] | -1.971468056199114
0.9496028444733703 | [8.02 1.12] | -1.9930751128159454
0.8348502946506141 | [8.8  7.62] | -1.6586839415280368
0.7289424875961472 | [ 9.27 12.1 ] | -1.3954356053533727
0.626774666254937 | [ 9.68 15.92] | -1.1627323310477231
0.5255107148976979 | [ 9.87 19.32] | -0.9448810623482251
0.42367152761669313 | [ 9.72 22.28] | -0.729191393716019
0.3208732513598691 | [ 9.2  24.82] | -0.5103165407724414
0.21729689102915345 | [ 8.34 26.96] | -0.28834858686555725
0.11329889277001391 | [ 7.23 28.74] | -0.06569397879413184
0.009253056054308453 | [ 5.92 30.17] | 0.15448898840394393
-0.09448083561396511 | [ 4.44 31.28] | 0.36869270346960814
-0.19754381114032704 | [ 2.82 32.07] | 0.5726962601017606
-0.29956556389471556 | [ 1.08 32.52] | 0.7604288071960335
-0.4001809881786116 | [-0.74 32.58] | 0.878918236653856
-0.4789674030832949 | [-3.8  29.05] | 0.837811599773154
-0.5183602749900973 | [-6.48 24.08] | 0.620515169821299
-0.5170222738857162 | [-8.87 17.35] | 0.29512488327050984
-0.47351380051271696 | [-11.25   9.54] | -0.014464105235588002
-0.39126432974538233 | [-13.71   2.  ] | -0.20406855572507382
-0.2798284345209121 | [-16.    -4.19] | -0.14412847194978487
-0.165309680385941 | [-15.79  -6.91] | 0.06317795793477461
-0.05970825295512433 | [-15.5   -8.37] | 0.2724018687207953
0.04227038253671048 | [-15.2   -9.38] | 0.4909904657816149
0.14349612261866196 | [-14.73 -10.08] | 0.7112425303787945
0.24539486003675987 | [-13.91 -10.4 ] | 0.9261722588016286
0.3483024359693043 | [-12.73 -10.34] | 1.1304713536512703
0.45201680224991153 | [-11.23  -9.95] | 1.3201237297860526
0.5561823379910351 | [-9.5  -9.29] | 1.49187241267547
0.6604352526126857 | [-7.6  -8.43] | 1.6426140551150967
0.764426524005703 | [-5.57 -7.41] | 1.769010141704879
0.8678053931901724 | [-3.45 -6.28] | 1.867292228323531
0.9702053580278487 | [-1.28 -5.06] | 1.9331945629038159
1.0712562057533876 | [ 0.89 -3.79] | 1.6738283296850558
1.149163799168822 | [ 3.18 -3.27] | 1.0687891228136752
1.1869011929996791 | [ 4.54 -3.29] | 0.3331503940492807
1.1846247690628473 | [ 5.22 -3.25] | -0.5098921964932259
1.1408071413548349 | [ 5.75 -2.75] | -1.3274558416254547
1.0586737639245039 | [ 6.67 -1.32] | -1.9671618644099786
0.9473677522225171 | [8.06 1.18] | -1.9886055229768018
0.8327154976901764 | [8.83 7.67] | -1.6545788320051065
0.7268746801062513 | [ 9.3  12.14] | -1.3917241471593373
0.6247429998532682 | [ 9.7  15.96] | -1.1592845966979992
0.5234925962773281 | [ 9.9  19.36] | -0.9415373526763093
0.4216535097041256 | [ 9.74 22.32] | -0.725848662617436
0.3188472032434286 | [ 9.22 24.85] | -0.5069272888785288
0.2152564058604863 | [ 8.36 26.99] | -0.2848911715695282
0.11123670193189239 | [ 7.25 28.77] | -0.062146127883151006
0.0071598804930281465 | [ 5.93 30.21] | 0.15816250650706387
-0.09661645568761162 | [ 4.45 31.32] | 0.37254195926707795
-0.1997352416031774 | [ 2.83 32.11] | 0.5767937103494184
-0.3018271956545004 | [ 1.09 32.56] | 0.7648523418317996
-0.4025266217485902 | [-0.74 32.63] | 0.8831137991065798
-0.48147310463223136 | [-3.79 29.11] | 0.8417904590646805
-0.5211422122369835 | [-6.46 24.16] | 0.6243571948486845
-0.5201846952301062 | [-8.85 17.46] | 0.29788613496340505
-0.47712940378957824 | [-11.21   9.66] | -0.014325934358729767
-0.395298701212649 | [-13.66   2.11] | -0.2074208164857883
-0.2841428867130843 | [-15.96  -4.11] | -0.1497064336780511
-0.16973551544617987 | [-15.77  -6.88] | 0.05702724792636666
-0.06415830317104733 | [-15.49  -8.35] | 0.26607205810508494
0.0378118086885733 | [-15.2   -9.38] | 0.48459053744638236
0.1390184015547581 | [-14.73 -10.08] | 0.7048267502975937
0.24088855140190482 | [-13.92 -10.4 ] | 0.9198016465298439
0.34376243294637754 | [-12.74 -10.34] | 1.1241792788057337
0.4474387060338633 | [-11.25  -9.95] | 1.3138927813010846
0.5515591426872113 | [-9.53 -9.3 ] | 1.4856436063415863
0.655756274595354 | [-7.63 -8.44] | 1.6363099803104189
0.7596777647771142 | [-5.61 -7.43] | 1.7625571364140626
0.8629703359723622 | [-3.5  -6.29] | 1.8606434882060219
0.9652661640417672 | [-1.33 -5.08] | 1.9263800450483417
1.066196070629946 | [ 0.84 -3.81] | 1.6747426712206233
1.1445179972720123 | [ 3.14 -3.25] | 1.0765956665005094
1.1830450964768602 | [ 4.53 -3.26] | 0.3398759791633025
1.1813814881383948 | [ 5.23 -3.22] | -0.5045545999340455
1.1380167284391094 | [ 5.76 -2.71] | -1.3236865492062888
1.056178932849126 | [ 6.69 -1.27] | -1.9640798539817255
0.9450710631724822 | [8.08 1.23] | -1.9853174506449964
0.8305688904611539 | [8.84 7.71] | -1.6514479793846675
0.7248349346732723 | [ 9.31 12.18] | -1.3890603172148446
0.6227629166171662 | [ 9.71 15.99] | -1.1570267096570557
0.5215347639701936 | [ 9.91 19.39] | -0.9394718195550735
0.41969552773752405 | [ 9.76 22.35] | -0.7238018904878601
0.3168767114382966 | [ 9.23 24.89] | -0.5048029772506658
0.2132651886159119 | [ 8.37 27.03] | -0.28263672618121527
0.10921631085217334 | [ 7.26 28.81] | -0.0597139258653204
0.005099656506806577 | [ 5.94 30.25] | 0.16083457399719897
-0.09872973094931999 | [ 4.45 31.37] | 0.37553412499599287
-0.2019169733553707 | [ 2.83 32.16] | 0.5802074715380208
Total reward: 235.58487636498484
