-2.0, 3.9, -2.0, 0.0, -1.6, -4.2, -2.1, -5.0, 1.0, 5.4, -3.4, -2.6, 1.1, 6.0, -0.1, 0.4, -0.8, 0.5
parameter ends

state | action | reward
[-0.05] | [-0.94  0.75] | -0.028806357636727776
-0.013837026603261495 | [-11.  -28.2] | -0.11495400638793656
0.05598215829915895 | [-12.73 -32.11] | -0.034470530303496213
0.13867871522786404 | [-13.83 -34.28] | 0.10560280573574557
0.2286624905683439 | [-14.29 -34.66] | 0.2674956199254712
0.32177527920629934 | [-14.3  -33.81] | 0.4223224489850601
0.41537473063423547 | [-14.05 -32.23] | 0.5578292271284065
0.5079786757319417 | [-13.65 -30.3 ] | 0.671985756881813
0.5988752688125087 | [-13.21 -28.26] | 0.7668648340012896
0.6878051660258835 | [-12.75 -26.22] | 0.8452090384100913
0.7747156510462938 | [-12.29 -24.22] | 0.9091459838884587
0.8596260525449071 | [-11.83 -22.24] | 0.9599694780787251
0.9425701755187224 | [-11.38 -20.28] | 0.9983920865641969
1.0235764562603438 | [-10.91 -18.32] | 1.024856969880308
1.1026649717614612 | [-10.44 -16.35] | 1.0397753269243923
1.179851207545505 | [ -9.96 -14.39] | 1.0436721837663132
1.2551520049734262 | [ -9.47 -12.44] | 1.0372576022575366
1.3285917560873193 | [ -8.99 -10.51] | 1.0214449343114465
1.400208139246301 | [-8.51 -8.62] | 0.9973340878114465
1.4700572432359296 | [-8.03 -6.78] | 0.9661732272354481
1.538218180183556 | [-7.57 -5.01] | 0.9293088355690897
1.6047974202031041 | [-7.13 -3.32] | 0.88813183190123
1.6699331840602436 | [-6.72 -1.71] | 0.8440321920354776
1.7338002960328693 | [-6.33 -0.21] | 0.8869264521184904
1.799222678063625 | [-7.25 -2.02] | 0.9119798838880896
1.8660230254259031 | [-6.79 -0.39] | 0.7448468852153123
1.9195818689703423 | [-0.59 12.04] | 0.19721865621796147
1.9253226540737034 | [ 1.16 15.2 ] | 0.06247539886624151
1.9179079139790896 | [ 3.39 19.39] | -0.157152434404394
1.8941834377160893 | [ 5.18 22.64] | -0.33831755258105134
1.858101499307108 | [ 6.46 24.87] | -0.47453445543534856
1.8136735987017145 | [ 7.28 26.27] | -0.5724019654217745
1.7640013806855828 | [ 7.8  27.11] | -0.6430041888396434
1.7111104642693025 | [ 8.13 27.63] | -0.6967880109397468
1.6561503653370004 | [ 8.36 28.02] | -0.7420377116372764
1.5996468099956431 | [ 8.57 28.39] | -0.7850132325579589
1.5416939109301966 | [ 8.8  28.86] | -0.8299346999961973
1.482094922810869 | [ 9.07 29.46] | -0.8790478907354863
1.4204726509770704 | [ 9.42 30.22] | -0.9329970804126914
1.356355494895586 | [ 9.83 31.15] | -0.990960391124629
1.2892510908786345 | [10.3  32.22] | -1.0507493499486353
1.2187114914145853 | [10.82 33.4 ] | -1.1089708226282111
1.1443888381601859 | [11.37 34.64] | -1.1612605220382726
1.0660798939034872 | [11.91 35.88] | -1.202617840096472
0.9837573597506016 | [12.43 37.03] | -1.2278993245002943
0.8975847683898392 | [12.87 38.02] | -1.2324803574793741
0.807911293558265 | [13.22 38.77] | -1.213006734021824
0.715244102890614 | [13.45 39.22] | -1.1680536966257404
0.6201999382635968 | [13.54 39.32] | -1.098463165478623
0.523443667687703 | [13.49 39.05] | -1.0072050143201658
0.42562664363557123 | [13.31 38.43] | -0.8987874082839683
0.3273387982477166 | [13.03 37.51] | -0.7783510810431293
0.2290824653436071 | [12.65 36.33] | -0.6506746061036061
0.13126842937101157 | [12.2  34.94] | -0.5198132496739727
0.034237553516626065 | [11.71 33.4 ] | -0.38920201184570696
-0.06171499504825395 | [11.17 31.73] | -0.2618323336689274
-0.15632255800086803 | [10.6  29.97] | -0.1402132630332506
-0.24933804818773744 | [10.   28.13] | -0.026384780670344096
-0.3405322320534119 | [ 9.39 26.24] | 0.0780751574621589
-0.4296962778984574 | [ 8.77 24.31] | 0.17206565265097412
-0.5166463697283176 | [ 8.15 22.37] | 0.2549743673260956
-0.60122901996572 | [ 7.53 20.43] | 0.32667060451488483
-0.683326250611213 | [ 6.91 18.5 ] | 0.3874741774474699
-0.7628601335910032 | [ 6.31 16.61] | 0.4381009458341647
-0.8397963786039124 | [ 5.72 14.75] | 0.4795902922972699
-0.9141467979362043 | [ 5.16 12.94] | 0.5132222282534428
-0.9859706020510607 | [ 4.62 11.19] | 0.5404325596425763
-1.0553746043170953 | [4.1  9.49] | 0.5627339602624332
-1.1225125398328797 | [3.61 7.86] | 0.581649306050094
-1.187583826396397 | [3.15 6.28] | 0.5986616731371291
-1.2508322096240523 | [2.71 4.77] | 0.6151834482664996
-1.3125448391343075 | [2.32 3.31] | 0.6325454382928579
-1.3730524286676742 | [1.95 1.91] | 0.6520060067035239
-1.432731283658711 | [1.61 0.55] | 0.40978198101071106
-1.4750931785057058 | [ -3.43 -11.26] | -0.24632552760327442
-1.4730682182432961 | [ -4.5  -12.55] | -0.3395482597724017
-1.4566666185483264 | [ -5.86 -15.05] | -0.5408490191014093
-1.424326064170644 | [ -7.06 -17.39] | -0.686667211494858
-1.3800675719661128 | [ -7.9  -19.07] | -0.770306601217197
-1.3281803816135695 | [ -8.44 -20.16] | -0.8045373475797696
-1.2719781400908798 | [ -8.76 -20.86] | -0.8058910433773947
-1.213558003415861 | [ -8.96 -21.34] | -0.7878368938353221
-1.1540285726449104 | [ -9.12 -21.76] | -0.7593645266028259
-1.0938160980688083 | [ -9.28 -22.22] | -0.7258397539193261
-1.0328967688716033 | [ -9.48 -22.8 ] | -0.6903152058743225
-0.9709472817653229 | [ -9.74 -23.55] | -0.6543464659805893
-0.9074670631811913 | [-10.08 -24.49] | -0.6181478739764407
-0.8418776104000966 | [-10.5  -25.61] | -0.5808193241264632
-0.7736048340532582 | [-10.98 -26.89] | -0.540549323903183
-0.7021531007301158 | [-11.52 -28.27] | -0.494908380722534
-0.6271679252130838 | [-12.09 -29.7 ] | -0.44127423693066786
-0.5484815287438739 | [-12.67 -31.09] | -0.3773529609879121
-0.4661359040153015 | [-13.22 -32.37] | -0.3016986036621414
-0.38038007334999197 | [-13.73 -33.45] | -0.2140981395328712
-0.29164121880335275 | [-14.17 -34.28] | -0.11569631546773405
-0.2004732392426723 | [-14.52 -34.8 ] | -0.008798326182160116
-0.10749097770868726 | [-14.77 -35.  ] | 0.10360083500857845
-0.01330268368522864 | [-14.93 -34.89] | 0.21839675902585343
0.08154520933373105 | [-15.   -34.52] | 0.3328532346263804
0.17660028455424992 | [-15.   -33.93] | 0.44481451034719166
0.2715106992363202 | [-14.95 -33.16] | 0.5524543967521055
0.36600947196615674 | [-14.84 -32.24] | 0.6540200730656501
0.4598833463522978 | [-14.69 -31.19] | 0.7479351404968831
0.5529461907201006 | [-14.5  -30.01] | 0.8328397800809131
0.6450204791144006 | [-14.26 -28.72] | 0.907592965858731
0.7359285627793025 | [-13.98 -27.31] | 0.971252531175592
0.8254942424996938 | [-13.65 -25.8 ] | 1.0231442814808736
0.9135474990757704 | [-13.29 -24.19] | 1.0629155992518131
0.9999298225464236 | [-12.88 -22.5 ] | 1.0905561293195984
1.084499254044801 | [-12.44 -20.75] | 1.10638979796718
1.1671348417645062 | [-11.97 -18.95] | 1.1110441781093034
1.2477404430252155 | [-11.49 -17.13] | 1.1054033015568774
1.3262478755423972 | [-10.99 -15.3 ] | 1.0905496612740981
1.4026194389566145 | [-10.48 -13.48] | 1.0677007262982061
1.4768498418399516 | [ -9.97 -11.69] | 1.038144818108376
1.54896759848757 | [-9.46 -9.95] | 1.003180566545417
1.619036007440868 | [-8.97 -8.26] | 0.9640632985764951
1.6871538871875513 | [-8.49 -6.63] | 0.9219606137272034
1.7534563201002757 | [-8.04 -5.07] | 0.8779181352970424
1.818115742203617 | [-7.61 -3.6 ] | 0.8328350955468851
1.8813438180909328 | [-7.21 -2.2 ] | 0.7874480892401566
1.943394670135387 | [-6.84 -0.89] | 0.7551557326549718
2.0049244347439155 | [-6.69 -0.07] | 1.0695325249888876
2.0754030565405053 | [-8.21 -4.  ] | 0.2621549665835584
2.086215517883248 | [ 2.13 17.22] | -0.12778308474611663
2.0696053132769037 | [ 4.24 21.21] | -0.3137818655459722
2.0376981750518626 | [ 5.9  24.32] | -0.4648449475418179
1.994686147815051 | [ 7.03 26.44] | -0.5770601959177968
1.944577860594385 | [ 7.73 27.78] | -0.6573053682522232
1.8903346379298567 | [ 8.15 28.59] | -0.7160179657812838
1.8337966381826283 | [ 8.41 29.12] | -0.7627992346595038
1.7759335065759416 | [ 8.6  29.56] | -0.805165833660001
1.717116466093834 | [ 8.79 30.03] | -0.848805084638398
1.6573132952754528 | [ 9.02 30.62] | -0.897647576961673
1.59621821269005 | [ 9.31 31.4 ] | -0.9533185500117667
1.5333621993260305 | [ 9.69 32.37] | -1.015502648540919
1.4682032706472468 | [10.13 33.51] | -1.0821743784635145
1.4002048333695438 | [10.64 34.8 ] | -1.1497401709909179
1.328906512232111 | [11.19 36.17] | -1.213340502480865
1.2539838496638374 | [11.74 37.53] | -1.2673328816744434
1.1752915914472664 | [12.26 38.79] | -1.3059362485715196
1.0928859107490436 | [12.72 39.85] | -1.3239796911621537
1.0070226540398888 | [13.07 40.63] | -1.3176543130296772
0.9181310225538687 | [13.29 41.06] | -1.2851178854976713
0.826765361480195 | [13.37 41.11] | -1.2267775008288673
0.7335422168796133 | [13.31 40.76] | -1.1451249136326511
0.6390745003565288 | [13.13 40.06] | -1.0441428009837719
0.5439167865828355 | [12.84 39.06] | -0.9284790526629646
0.44853286593785013 | [12.46 37.81] | -0.8026898349900771
0.35328881488569275 | [12.02 36.37] | -0.6709089998105877
0.2584673624058801 | [11.53 34.78] | -0.5367827256485368
0.16429616693353716 | [11.01 33.08] | -0.4032660366009294
0.07097500975502016 | [10.47 31.29] | -0.272666163831071
-0.02130518327966304 | [ 9.9  29.42] | -0.1469805564324232
-0.11235659537247952 | [ 9.31 27.48] | -0.027993958473613453
-0.20199614661069154 | [ 8.71 25.5 ] | 0.08276134900726981
-0.2900497846755532 | [ 8.11 23.49] | 0.18406342348481988
-0.3763574582094695 | [ 7.51 21.46] | 0.27504802147202534
-0.46077791972019255 | [ 6.91 19.45] | 0.3552341908502699
-0.5431930322801037 | [ 6.32 17.45] | 0.42452576049218804
-0.62351146636804 | [ 5.74 15.5 ] | 0.4831908141727844
-0.7016717487940051 | [ 5.18 13.59] | 0.5318234277400263
-0.7776446578106008 | [ 4.65 11.75] | 0.5712930365147694
-0.8514349889205503 | [4.14 9.98] | 0.6026872379422827
-0.9230827593388526 | [3.65 8.29] | 0.6272537785497583
-0.9926639775503807 | [3.2  6.68] | 0.6463470029046536
-1.0602911749287705 | [2.77 5.15] | 0.6613832621113511
-1.1261139757464962 | [2.38 3.71] | 0.6738088557642334
-1.1903200700705012 | [2.01 2.34] | 0.6850832291466179
-1.2531370569987623 | [1.67 1.05] | 0.6966796118160209
-1.3148357585890444 | [ 1.37 -0.16] | 0.7996579045929558
-1.3793042728436151 | [2.07 1.55] | 0.7828794735308275
-1.438560837133081 | [-2.31 -7.99] | -0.09198965707808518
-1.4335712516286143 | [ -5.46 -14.35] | -0.3628699079379044
-1.4088405330138798 | [ -6.72 -16.77] | -0.5387500647810728
-1.370772816772896 | [ -7.64 -18.51] | -0.6538401597612944
-1.3236674797753774 | [ -8.22 -19.62] | -0.7156120401263841
-1.27109724141698 | [ -8.57 -20.29] | -0.7389621483898176
-1.2154743396386682 | [ -8.79 -20.71] | -0.7376972492055189
-1.158189533068486 | [ -8.94 -21.02] | -0.721782156351326
-1.0999002854984468 | [ -9.07 -21.35] | -0.697575202828455
-1.0407728285976965 | [ -9.24 -21.75] | -0.668885291471915
-0.9806397335968942 | [ -9.45 -22.31] | -0.6380683390617808
-0.9191146769159652 | [ -9.73 -23.03] | -0.6063016674195223
-0.8556905236118322 | [-10.08 -23.94] | -0.5736615639090757
-0.7898181338802989 | [-10.5 -25. ] | -0.5392723256310752
-0.7209771215711751 | [-10.99 -26.21] | -0.5014827661934835
-0.6487385902323096 | [-11.52 -27.5 ] | -0.45813164260547623
-0.5728162451909776 | [-12.08 -28.83] | -0.4069153216655582
-0.49310186956871555 | [-12.64 -30.12] | -0.34582388834547423
-0.40968195706263205 | [-13.19 -31.33] | -0.27357237422056163
-0.32283335010889763 | [-13.7  -32.37] | -0.18992895485037004
-0.23299709108385794 | [-14.14 -33.19] | -0.09584334065415451
-0.1407322741263695 | [-14.5  -33.74] | 0.0066792457228778135
-0.04665607644221438 | [-14.77 -34.02] | 0.11492926643585602
0.04861885427718688 | [-14.95 -34.02] | 0.22594803785728065
0.1445360364725189 | [-15.05 -33.76] | 0.33692534349176095
0.2406252032112317 | [-15.07 -33.28] | 0.4454245458565004
0.33650809698102085 | [-15.04 -32.61] | 0.5493702364659879
0.4318851717464418 | [-14.94 -31.77] | 0.6469403547467878
0.5265087857237977 | [-14.79 -30.79] | 0.7365693072625539
0.6201562223351317 | [-14.59 -29.67] | 0.8168866324908246
0.7126161341858407 | [-14.34 -28.43] | 0.8867593049912607
0.8036852911372676 | [-14.05 -27.06] | 0.9453499081196908
0.8931705449167463 | [-13.7  -25.58] | 0.9921593005511299
0.9808929770949071 | [-13.31 -24.01] | 1.0270450909628948
1.066692675656015 | [-12.89 -22.37] | 1.0502149678949722
1.1504334043003204 | [-12.43 -20.65] | 1.062197602705026
1.2320068199268546 | [-11.95 -18.9 ] | 1.0637956128478618
1.3113360661987727 | [-11.44 -17.12] | 1.0560259592913586
1.3883786524193187 | [-10.92 -15.34] | 1.040053488895379
1.4631285822899733 | [-10.4  -13.56] | 1.0171231802097396
1.535617754676072 | [ -9.88 -11.81] | 0.9884960207624826
1.6059167268544106 | [ -9.37 -10.1 ] | 0.9553923924412174
1.6741350090906555 | [-8.87 -8.43] | 0.9189454906145602
1.7404211440035635 | [-8.4  -6.83] | 0.8801658142954489
1.8049629126058393 | [-7.94 -5.28] | 0.8399162962574052
1.867988103516302 | [-7.52 -3.81] | 0.7988962968003387
1.9297663927140298 | [-7.13 -2.4 ] | 0.7576314676234375
1.99061302967359 | [-6.77 -1.06] | 0.7164652665741615
2.0508952499596274 | [-6.46  0.21] | 0.3566183049380429
2.074539293635913 | [ 2.36 17.24] | -0.17176908483532713
2.0556710963447427 | [ 4.49 21.27] | -0.3553523660015404
2.0217460654297756 | [ 6.11 24.31] | -0.5008605164173957
1.9770512380690204 | [ 7.2  26.35] | -0.606067455398236
1.9256098019859935 | [ 7.86 27.6 ] | -0.6789825298321178
1.8703505194831442 | [ 8.24 28.32] | -0.7306127155601668
1.8130663929691788 | [ 8.46 28.76] | -0.7707012221539492
1.7546835875203575 | [ 8.62 29.1 ] | -0.806676333926731
1.6955405981093998 | [ 8.77 29.47] | -0.844063992802036
1.6355841718001025 | [ 8.96 29.96] | -0.8867121408454917
1.574496393592663 | [ 9.22 30.62] | -0.9362542771573736
1.5118014537233408 | [ 9.55 31.47] | -0.9925309462084764
1.4469504932400992 | [ 9.96 32.5 ] | -1.053845602053118
1.3793945677268156 | [10.44 33.68] | -1.1171007225623282
1.3086503847740139 | [10.96 34.95] | -1.1780431835802343
1.2343563059738651 | [11.5  36.25] | -1.2316352862484374
1.156314712431173 | [12.03 37.49] | -1.2725443545542505
1.0745172203021973 | [12.5  38.59] | -1.2957295496784977
0.9891501621998098 | [12.89 39.46] | -1.2970809866094046
0.900578786316926 | [13.17 40.03] | -1.274021145502565
0.8093104130740321 | [13.32 40.27] | -1.2259269727900501
0.7159402992395869 | [13.34 40.13] | -1.1542203914039173
0.621088979873557 | [13.22 39.65] | -1.0620529428775543
0.5253440073350087 | [13.   38.85] | -0.9536665980636073
0.42921883124039045 | [12.67 37.77] | -0.8336551158463072
0.3331356466869443 | [12.27 36.48] | -0.7063785173131882
0.23743025551279462 | [11.82 35.02] | -0.5756612472114923
0.14237296214342823 | [11.32 33.43] | -0.444620610722828
0.04819785585303102 | [10.79 31.73] | -0.3158294315166098
-0.0448772798428797 | [10.23 29.94] | -0.19151027547320065
-0.13664376229342362 | [ 9.65 28.07] | -0.0735880091088965
-0.22690204890707039 | [ 9.06 26.16] | 0.03632824066357887
-0.3154651242359686 | [ 8.46 24.21] | 0.13698530841987694
-0.40216310884478995 | [ 7.85 22.24] | 0.22752080306428507
-0.4868480453540945 | [ 7.25 20.27] | 0.30747961492448844
-0.5693983684277096 | [ 6.65 18.31] | 0.3768079897450153
-0.6497228170593267 | [ 6.07 16.38] | 0.43582608058434225
-0.7277636607919351 | [ 5.5 14.5] | 0.4851828243965312
-0.8034991754857064 | [ 4.95 12.67] | 0.5257986491570843
-0.8769453608841686 | [ 4.42 10.9 ] | 0.5588022510870971
-0.9481569572906063 | [3.92 9.2 ] | 0.585467659568823
-1.0172278945981243 | [3.45 7.56] | 0.6071571826612266
-1.0842913905734588 | [3.   6.01] | 0.6252747989334958
-1.1495200030923987 | [2.58 4.52] | 0.6412333812435754
-1.2131260327463695 | [2.2 3.1] | 0.6564380779097425
-1.2753627741550548 | [1.84 1.75] | 0.6722875066693264
-1.3365272423081855 | [1.52 0.47] | 0.7304256713227534
-1.3985480048303758 | [1.66 0.54] | 0.5171022572157993
-1.443610838201157 | [ -3.73 -11.28] | -0.21529444567929706
-1.4331739762017224 | [ -5.66 -14.69] | -0.4362992595853121
-1.4054209526749055 | [ -6.91 -17.1 ] | -0.6008904562895079
-1.3648409175915481 | [ -7.8  -18.82] | -0.7033768071880313
-1.3157534457382805 | [ -8.37 -19.94] | -0.7534939177906403
-1.2616491651638657 | [ -8.71 -20.63] | -0.7669923813798161
-1.204828953492044 | [ -8.92 -21.08] | -0.7576866468265397
-1.1465797478289974 | [ -9.07 -21.44] | -0.7352231464267379
-1.0874722179737542 | [ -9.22 -21.83] | -0.7055797823022524
-1.027600666782138 | [ -9.4  -22.32] | -0.6722514879341732
-0.9667373718600427 | [ -9.64 -22.97] | -0.6373006732696493
-0.9044488960578377 | [ -9.95 -23.79] | -0.6015442402220934
-0.8401955731713417 | [-10.33 -24.81] | -0.5646876343330622
-0.7734124936878681 | [-10.78 -25.98] | -0.5254966803599629
-0.7035826891922576 | [-11.3  -27.28] | -0.48202049187387697
-0.6303013897588464 | [-11.85 -28.66] | -0.43192662392336967
-0.5533265488352835 | [-12.43 -30.04] | -0.37294331933273334
-0.4726106126551446 | [-13.   -31.35] | -0.30334548218127083
-0.3883098387247062 | [-13.53 -32.52] | -0.22237878221919893
-0.3007694486316467 | [-14.01 -33.47] | -0.13050328953100815
-0.21048553050012656 | [-14.41 -34.15] | -0.029367884970299768
-0.11804840767639882 | [-14.72 -34.53] | 0.07849425000608182
-0.024076962832884557 | [-14.93 -34.62] | 0.19015090857875294
0.07084279086249408 | [-15.06 -34.42] | 0.30275845005040974
0.16620175829115091 | [-15.11 -33.98] | 0.41388147671028674
0.26158693953767415 | [-15.09 -33.34] | 0.5215338431112498
0.3566771371605182 | [-15.01 -32.53] | 0.6238471321027793
0.45122025652395714 | [-14.89 -31.57] | 0.719083400303568
0.5450041016975912 | [-14.72 -30.48] | 0.8058062327104961
0.6378323995770887 | [-14.5  -29.26] | 0.8827841284678261
0.7295136065175101 | [-14.23 -27.92] | 0.94898564667399
0.8198600587265182 | [-13.92 -26.47] | 1.0036531579096648
0.9086913503488602 | [-13.56 -24.92] | 1.046354310710114
0.995839132393212 | [-13.16 -23.28] | 1.07700346447992
1.0811520556040608 | [-12.73 -21.57] | 1.095855411668897
1.1645003362651218 | [-12.27 -19.81] | 1.1034762481679037
1.2457797514367324 | [-11.78 -18.01] | 1.1006969487370963
1.324914993763096 | [-11.28 -16.2 ] | 1.0885552889210748
1.4018623625401176 | [-10.77 -14.39] | 1.0682315996912966
1.4766117980759677 | [-10.25 -12.6 ] | 1.040983472178818
1.549188305036085 | [ -9.73 -10.84] | 1.0080838892192092
1.6196528638712488 | [-9.23 -9.13] | 0.9707663242497657
1.6881029960466487 | [-8.74 -7.47] | 0.9301791623361859
1.7546732249961796 | [-8.27 -5.89] | 0.8873504644322828
1.8195357586758587 | [-7.83 -4.37] | 0.8431627312654967
1.8829018142301999 | [-7.41 -2.93] | 0.7983360094349456
1.9450241212253818 | [-7.03 -1.56] | 0.7534164155298401
2.006201299071952 | [-6.69 -0.27] | 0.8238450345404871
2.0697921075423444 | [-8.86 -5.09] | 0.5072009865848961
2.098645001243747 | [ 1.93 16.73] | -0.11579382266277417
2.082374931093858 | [ 4.1  20.82] | -0.30134336818865776
2.0506670663303757 | [ 5.77 23.93] | -0.45188971157989544
2.0077164767006463 | [ 6.91 26.04] | -0.5636370056171751
1.9575857450435887 | [ 7.61 27.35] | -0.6432981320860399
1.9032968194674624 | [ 8.03 28.12] | -0.7012480880593512
1.846737192482693 | [ 8.28 28.6 ] | -0.7470555124832585
1.7889100425407527 | [ 8.45 28.97] | -0.7881954628173877
1.7302123098628903 | [ 8.62 29.36] | -0.8303290082591541
1.6706349716728508 | [ 8.82 29.86] | -0.8775157285568344
1.6098926561523028 | [ 9.08 30.52] | -0.9315994331207899
1.5475315452885225 | [ 9.43 31.38] | -0.9925820665195536
1.4830160325793158 | [ 9.84 32.41] | -1.0589023278656207
1.4158027008958278 | [10.33 33.6 ] | -1.127561305060101
1.3454071161495886 | [10.86 34.89] | -1.1943561360891717
1.2714611318325282 | [11.41 36.21] | -1.2542391138364213
1.1937568258012254 | [11.95 37.48] | -1.3017963266314112
1.1122734960731422 | [12.44 38.61] | -1.3318279264424324
1.0271850515152174 | [12.85 39.52] | -1.3399913453640184
0.9388461361910676 | [13.15 40.15] | -1.323424452258146
0.8477570077848782 | [13.32 40.44] | -1.2812095661506848
0.75451055599759 | [13.36 40.37] | -1.2145181803828866
0.6597298319701701 | [13.26 39.94] | -1.1263432488485776
0.5640088352144962 | [13.05 39.18] | -1.0208803537853601
0.46786958315810023 | [12.74 38.15] | -0.9027739632710257
0.3717429664493433 | [12.35 36.9 ] | -0.7764908433127162
0.27597210224725044 | [11.9  35.47] | -0.6459779932304746
0.18083215350869097 | [11.41 33.9 ] | -0.5144587939821307
0.08655963352144713 | [10.88 32.23] | -0.3845745351355013
-0.006626494914518256 | [10.33 30.46] | -0.2586010719241565
-0.09851675540820476 | [ 9.75 28.61] | -0.1385170868155216
-0.18891075028864057 | [ 9.16 26.71] | -0.02599298952716933
-0.2776203504902302 | [ 8.56 24.76] | 0.07764816740207667
-0.3644742398124424 | [ 7.95 22.79] | 0.17146765961082336
-0.44932270200232394 | [ 7.34 20.82] | 0.2549313326489312
-0.532042123813745 | [ 6.74 18.86] | 0.327907888042481
-0.6125389564879036 | [ 6.15 16.93] | 0.3906454248831718
-0.6907529992435223 | [ 5.57 15.04] | 0.4437296460038172
-0.7666599350078701 | [ 5.02 13.2 ] | 0.4880289908567334
-0.840273105556595 | [ 4.49 11.41] | 0.5246328500106912
-0.911644577811829 | [3.98 9.69] | 0.5547891272257613
-0.9808656284935814 | [3.49 8.05] | 0.579846894772565
-1.0480668577465995 | [3.04 6.47] | 0.6012089319037704
-1.1134182300928799 | [2.62 4.97] | 0.6202977941906868
-1.177129432510486 | [2.22 3.53] | 0.6385380111535769
-1.2394510403028072 | [1.86 2.17] | 0.6573563330924891
-1.300677106757264 | [1.52 0.86] | 0.6881208489293335
-1.3615560617440106 | [ 1.34 -0.04] | 0.5656414259802827
-1.4102757288375272 | [ -3.36 -10.06] | -0.18519765704139096
-1.4018447919760098 | [ -5.59 -14.32] | -0.42026299476858564
-1.375449080393223 | [ -6.87 -16.82] | -0.5888910399108129
-1.3358692765490632 | [ -7.8  -18.62] | -0.6948741426109628
-1.2874449053576142 | [ -8.39 -19.79] | -0.7470056111766213
-1.2337552230986302 | [ -8.75 -20.51] | -0.7610217010494686
-1.1771932413450181 | [ -8.98 -20.98] | -0.7510680301935652
-1.1191165034398285 | [ -9.14 -21.35] | -0.7271116669952787
-1.0601440498486903 | [ -9.29 -21.73] | -0.6953330677671917
-1.0004029635215543 | [ -9.47 -22.21] | -0.6593088669017508
-0.9396883830370725 | [ -9.71 -22.84] | -0.6211800999765362
-0.8775819180735283 | [-10.01 -23.65] | -0.5819007132716612
-0.8135524940975987 | [-10.39 -24.64] | -0.5413453045232733
-0.7470375635437242 | [-10.84 -25.8 ] | -0.4984789535899708
-0.6775160435728858 | [-11.35 -27.09] | -0.4515642861483107
-0.6045724683879835 | [-11.91 -28.46] | -0.3984690016100879
-0.5279480081845607 | [-12.49 -29.84] | -0.3370765676872826
-0.4475736519466585 | [-13.07 -31.16] | -0.2657462641485899
-0.3635819831809738 | [-13.61 -32.34] | -0.18372601597599367
-0.27629566377944786 | [-14.1  -33.32] | -0.09140502438561035
-0.1861929815673785 | [-14.51 -34.04] | 0.009683494987348079
-0.09385426006032382 | [-14.84 -34.46] | 0.11712818041776307
0.00010236862209531128 | [-15.07 -34.59] | 0.22809027934934492
0.09508308951639281 | [-15.21 -34.43] | 0.3397735752613686
0.1905650119713198 | [-15.26 -34.01] | 0.449747052244552
0.286118705426886 | [-15.25 -33.39] | 0.5560276041338632
0.3814068971633434 | [-15.18 -32.6 ] | 0.6568023066063289
0.4761647284628675 | [-15.05 -31.65] | 0.7503663068955231
0.5701707372517653 | [-14.88 -30.56] | 0.8353126838201568
0.6632216685424377 | [-14.66 -29.35] | 0.9104193082050642
0.7551207541463532 | [-14.39 -28.01] | 0.9746698663998887
0.8456761644360352 | [-14.08 -26.56] | 1.0273278640206143
0.9347039861899865 | [-13.71 -25.  ] | 1.0679858911659927
1.0220328447035847 | [-13.31 -23.36] | 1.0965849360306688
1.1075088028908833 | [-12.88 -21.65] | 1.1134061254053815
1.190999954199594 | [-12.41 -19.88] | 1.1190397188675034
1.2724004750814177 | [-11.91 -18.08] | 1.114336922153675
1.3516340407022556 | [-11.41 -16.27] | 1.1003502358078345
1.4286565635864756 | [-10.89 -14.45] | 1.0782679341249342
1.503458251702155 | [-10.36 -12.65] | 1.0493478860693246
1.576065025808551 | [ -9.84 -10.89] | 1.0148552349378739
1.6465393927505407 | [-9.33 -9.17] | 0.9760074432077233
1.7149809405015985 | [-8.84 -7.51] | 0.9339289496124138
1.7815266985013727 | [-8.36 -5.91] | 0.8896162931264264
1.8463516912325888 | [-7.91 -4.38] | 0.8439131556130659
1.9096701067832726 | [-7.49 -2.92] | 0.7974934397283571
1.9717376156779296 | [-7.1  -1.54] | 0.7508492160083148
2.0328555300092694 | [-6.75 -0.23] | 0.8040257363495206
2.095980381643921 | [-8.47 -3.95] | 0.4728217615172373
2.1239213892164495 | [ 1.95 16.93] | -0.12603339502888308
2.1073032608394704 | [ 4.11 20.99] | -0.30858567895365063
2.0752299280696214 | [ 5.77 24.1 ] | -0.4572688478307158
2.0319025873420506 | [ 6.91 26.23] | -0.5681349066513481
1.9814027682605324 | [ 7.62 27.55] | -0.6476505673336592
1.926769085463447 | [ 8.04 28.34] | -0.7060197231822192
1.869896811062023 | [ 8.29 28.84] | -0.7527314921467689
1.8117886164927623 | [ 8.47 29.24] | -0.7952394191748293
1.7528354132577202 | [ 8.64 29.65] | -0.8392135833906691
1.6930190401033163 | [ 8.85 30.19] | -0.8887197380912712
1.6320433589303722 | [ 9.12 30.9 ] | -0.945545168616521
1.5694437463088697 | [ 9.48 31.8 ] | -1.0095537644640495
1.5046760587146841 | [ 9.91 32.89] | -1.0789736158092647
1.4371925898527576 | [10.4  34.12] | -1.150523681836209
1.3665108223019125 | [10.95 35.45] | -1.2196701721327128
1.29227219851052 | [11.5 36.8] | -1.2810335992607658
1.214286380823344 | [12.04 38.09] | -1.3289356697178993
1.1325568697069135 | [12.52 39.21] | -1.3580530373451976
1.0472851146896223 | [12.92 40.09] | -1.3641150828253443
0.958851829836145 | [13.19 40.66] | -1.3445356727092423
0.867776563441788 | [13.34 40.87] | -1.2988225056794824
0.7746604080055648 | [13.34 40.71] | -1.2286112943208372
0.6801216590108531 | [13.22 40.19] | -1.1372692597934646
0.5847378278825345 | [12.98 39.35] | -1.0291818576006604
0.4890064822525283 | [12.64 38.25] | -0.9089762040912095
0.39333088522420806 | [12.24 36.94] | -0.7809792424505055
0.29802762575332353 | [11.78 35.46] | -0.6490863762197855
0.20334989980942875 | [11.28 33.86] | -0.516441357343918
0.10951700082737538 | [10.75 32.15] | -0.38553807098113546
0.016734712789229493 | [10.19 30.35] | -0.2585493295612681
-0.07479763616033568 | [ 9.61 28.47] | -0.13739725133796443
-0.16488757087455394 | [ 9.02 26.55] | -0.023731520933461633
-0.2533531275151031 | [ 8.41 24.58] | 0.08111904782370864
-0.3400275887055942 | [ 7.81 22.59] | 0.17619065919390048
-0.42476427749891504 | [ 7.2 20.6] | 0.2609103145043196
-0.5074409689519391 | [ 6.6  18.62] | 0.33509877843594293
-0.5879637280366898 | [ 6.02 16.67] | 0.39895149177292055
-0.6662700846816729 | [ 5.44 14.77] | 0.4530010445478812
-0.7423315074466295 | [ 4.89 12.92] | 0.49806639833635113
-0.8161551812237994 | [ 4.37 11.13] | 0.5351947889560272
-0.8877851479967962 | [3.86 9.41] | 0.5656023302297734
-0.9573029359007006 | [3.39 7.77] | 0.5906188944993817
-1.0248278778094901 | [2.94 6.2 ] | 0.6116420182455505
-1.0905174030440845 | [2.52 4.71] | 0.6301035786543899
-1.1545676741776485 | [2.14 3.3 ] | 0.6474520569920802
-1.2172150409203881 | [1.78 1.96] | 0.6651526141190514
-1.2787389092937662 | [1.46 0.68] | 0.7079940989449943
-1.340438534615542 | [1.43 0.28] | 0.7132853808055317
-1.3976463755063404 | [-2.24 -7.32] | -0.10931111709570426
-1.3928692863743461 | [ -5.48 -14.06] | -0.381929418311054
-1.368200983781863 | [ -6.78 -16.57] | -0.55671136983409
-1.3300398237198738 | [ -7.72 -18.39] | -0.6694342526255419
-1.2827152062872955 | [ -8.33 -19.57] | -0.7275690265222399
-1.229861256477067 | [ -8.7  -20.29] | -0.7464088138840034
-1.173942819994422 | [ -8.92 -20.74] | -0.7401524624344601
-1.1163826468316935 | [ -9.08 -21.08] | -0.7189856510246678
-1.0578530211338835 | [ -9.23 -21.42] | -0.689317148981826
-0.9985244347375101 | [ -9.4  -21.84] | -0.6548886568707128
-0.9382282100121984 | [ -9.62 -22.42] | -0.6179908940246452
-0.8765740391658038 | [ -9.91 -23.16] | -0.5797979228446023
-0.8130499085108089 | [-10.27 -24.09] | -0.5404250402722862
-0.7471018379589655 | [-10.7  -25.18] | -0.49908289127425476
-0.6782051262116677 | [-11.2 -26.4] | -0.45425311141353786
-0.6059273676335939 | [-11.74 -27.72] | -0.40394808854992814
-0.5299796995220278 | [-12.31 -29.07] | -0.3460702553156869
-0.4502522626934155 | [-12.89 -30.38] | -0.27883669873963046
-0.3668306567444324 | [-13.44 -31.59] | -0.20119346072953614
-0.27999126055516366 | [-13.95 -32.63] | -0.11311962754020818
-0.19017469511316243 | [-14.39 -33.44] | -0.01572642339738123
-0.09793931961464838 | [-14.75 -33.98] | 0.08889591658629273
-0.003901040838320314 | [-15.02 -34.23] | 0.19804365087998724
0.09132933197156229 | [-15.2 -34.2] | 0.3088483938290167
0.1871975815477989 | [-15.29 -33.91] | 0.41864879639731944
0.2832358870814759 | [-15.3  -33.39] | 0.5251804189140914
0.3790683721782618 | [-15.25 -32.67] | 0.6265238861999717
0.4743975985273061 | [-15.15 -31.8 ] | 0.7209723804875636
0.5689776689448623 | [-14.99 -30.78] | 0.8070541884355069
0.6625872445388128 | [-14.78 -29.62] | 0.8834757381044176
0.7550160150588271 | [-14.52 -28.33] | 0.9491733378669248
0.8460615039006276 | [-14.21 -26.93] | 1.003376801153204
0.9355310821140611 | [-13.85 -25.42] | 1.0456531966848028
1.0232461463606641 | [-13.45 -23.81] | 1.0759240339180791
1.1090469073761378 | [-13.02 -22.14] | 1.0944563009161232
1.1927970591191588 | [-12.55 -20.4 ] | 1.1018309137160416
1.2743879904779776 | [-12.05 -18.62] | 1.0988935459697764
1.3537423726223887 | [-11.54 -16.82] | 1.086693458928802
1.4308170348331894 | [-11.02 -15.02] | 1.0664161286357767
1.5056050954962827 | [-10.49 -13.23] | 1.0393151999070083
1.5781373711973627 | [ -9.96 -11.47] | 1.0066485826626717
1.6484831540839244 | [-9.44 -9.74] | 0.969622396321135
1.7167505251098167 | [-8.94 -8.07] | 0.9293450800185663
1.783086454671109 | [-8.46 -6.46] | 0.8867924770043758
1.8476770300662717 | [-8.  -4.9] | 0.8427832191904536
1.9107482434693965 | [-7.57 -3.42] | 0.7979623725174317
1.9725678846790093 | [-7.17 -2.01] | 0.7527900414880734
2.033449230922653 | [-6.81 -0.66] | 0.7438298728548585
2.0947048066541436 | [-6.96 -0.54] | 0.3604075146183374
2.1186841449611125 | [ 2.32 17.52] | -0.17353201626146542
2.0997443273568575 | [ 4.44 21.51] | -0.35317470591911737
2.065688107442994 | [ 6.06 24.55] | -0.4971639854814001
2.020796572639467 | [ 7.15 26.62] | -0.6027769597459385
1.9691127415605767 | [ 7.82 27.9 ] | -0.6773802269521659
1.9135893255108825 | [ 8.21 28.66] | -0.7315549215509844
1.8560353320430516 | [ 8.44 29.15] | -0.7748528998712011
1.7973828720152414 | [ 8.61 29.54] | -0.8146635062816138
1.7379682458168926 | [ 8.78 29.98] | -0.8565527343896717
1.6777303764961373 | [ 8.99 30.54] | -0.9044078562933455
1.6163396987772722 | [ 9.27 31.28] | -0.959794535650781
1.5533073784250306 | [ 9.63 32.22] | -1.0223399456282354
1.4880742284328101 | [10.07 33.34] | -1.0899967570487785
1.4200873775959078 | [10.57 34.62] | -1.159179697956484
1.34886973528473 | [11.11 35.97] | -1.2250525457360413
1.2740788257881341 | [11.67 37.33] | -1.281987048587346
1.1955498754578624 | [12.19 38.6 ] | -1.3241769338621072
1.11331862313991 | [12.65 39.68] | -1.346357381224248
1.0276209426252778 | [13.02 40.5 ] | -1.34454068666252
0.9388684892093232 | [13.26 40.97] | -1.3166299644460577
0.8476025692620371 | [13.36 41.07] | -1.262740942460241
0.7544327183737258 | [13.32 40.79] | -1.1850968796276566
0.6599712196367113 | [13.15 40.15] | -1.08749154170173
0.5647773970990223 | [12.88 39.2 ] | -0.9744927652729387
0.4693231982738101 | [12.52 38.  ] | -0.8506736857163633
0.3739840527711494 | [12.09 36.61] | -0.7202082403840242
0.27905113696619666 | [11.61 35.06] | -0.5868120368207619
0.1847584196497214 | [11.1 33.4] | -0.45348746005468193
0.09131076755432058 | [10.56 31.64] | -0.3225853139049936
-0.0010967435318000249 | [10.   29.79] | -0.1961578368723878
-0.09227295151435831 | [ 9.41 27.88] | -0.07603934155514135
-0.18203194904986167 | [ 8.82 25.92] | 0.03618959461064444
-0.2701972362964807 | [ 8.21 23.93] | 0.1392585875009718
-0.35660665127866786 | [ 7.61 21.92] | 0.23225518957495764
-0.44111718206573614 | [ 7.01 19.91] | 0.31465170459587577
-0.5236093064469877 | [ 6.41 17.92] | 0.38630809378594166
-0.6039907267218511 | [ 5.83 15.96] | 0.4474526824262001
-0.6821994493755212 | [ 5.27 14.06] | 0.4986447684424074
-0.7582061961078699 | [ 4.73 12.21] | 0.5407244608106845
-0.8320161663949361 | [ 4.21 10.43] | 0.5747555986869675
-0.903670217693972 | [3.72 8.73] | 0.6019675889837007
-0.9732455897022514 | [3.26 7.1 ] | 0.6237015415610573
-1.0408563707718155 | [2.82 5.56] | 0.6413652959297127
-1.1066539844049301 | [2.42 4.1 ] | 0.6564009973433166
-1.1708280615745987 | [2.05 2.71] | 0.6702680168886685
-1.2336081662939802 | [1.7  1.41] | 0.6844434713436507
-1.2952669723153978 | [1.39 0.17] | 0.763024736694108
-1.3586782156339945 | [1.81 1.07] | 0.7586709336812603
-1.4173120086890103 | [-2.17 -7.4 ] | -0.08502439002278114
-1.4130885555298416 | [ -5.42 -14.11] | -0.3602328302034091
-1.3889031448233657 | [ -6.71 -16.58] | -0.5373214878043395
-1.3512229638793185 | [ -7.64 -18.36] | -0.6532443942655581
-1.3043582328832528 | [ -8.24 -19.49] | -0.7151293745772049
-1.2519245129270165 | [ -8.6  -20.17] | -0.7379319869184249
-1.19637740220585 | [ -8.82 -20.6 ] | -0.7356412872212054
-1.1391399133324207 | [ -8.97 -20.91] | -0.7183721614137247
-1.0808908856558987 | [ -9.11 -21.22] | -0.692563571673305
-1.0218106429889822 | [ -9.27 -21.62] | -0.6620391135135895
-0.9617416603391664 | [ -9.48 -22.16] | -0.6291657843135534
-0.9003045847665818 | [ -9.76 -22.86] | -0.595189660871052
-0.836996520035916 | [-10.11 -23.75] | -0.5602862721497597
-0.7712694538854251 | [-10.52 -24.8 ] | -0.5237052819552889
-0.7026003069586713 | [-11.01 -25.98] | -0.4839334060635138
-0.6305529921629924 | [-11.54 -27.26] | -0.43893667919500057
-0.55482929219882 | [-12.1  -28.58] | -0.3865013188617391
-0.4753049026685388 | [-12.67 -29.88] | -0.32464788271776773
-0.3920476392882055 | [-13.22 -31.1 ] | -0.25205416873392483
-0.3053156119680153 | [-13.74 -32.16] | -0.16839477683263654
-0.21553418031456933 | [-14.19 -33.02] | -0.07449973625871728
-0.12325275611397364 | [-14.57 -33.62] | 0.027731472068614177
-0.02908673784705793 | [-14.85 -33.94] | 0.13564680871034124
0.06634494381202746 | [-15.05 -33.98] | 0.24628300537913123
0.16247314532550594 | [-15.16 -33.76] | 0.3567746942234955
0.25881143876008084 | [-15.19 -33.31] | 0.4646093359710043
0.35496492614445513 | [-15.16 -32.66] | 0.5677126407826893
0.4506193134635796 | [-15.07 -31.84] | 0.6643411501050968
0.5455154278489697 | [-14.92 -30.87] | 0.7529255937598893
0.6394219347778493 | [-14.72 -29.76] | 0.8320952581832776
0.732120940459063 | [-14.47 -28.52] | 0.9007278334515639
0.8234040660062802 | [-14.17 -27.16] | 0.9580039752870582
0.9130740002215737 | [-13.82 -25.69] | 1.0034473942158675
1.0009484574627916 | [-13.43 -24.12] | 1.0369414919851856
1.0868649153426264 | [-13.   -22.47] | 1.058721136287718
1.1706853327660662 | [-12.53 -20.76] | 1.069341983517349
1.2523004557360682 | [-12.04 -19.01] | 1.0696317379740194
1.3316335049352932 | [-11.53 -17.23] | 1.0606287878047207
1.4086431310237921 | [-11.01 -15.45] | 1.043514083138207
1.4833255867908135 | [-10.48 -13.67] | 1.0195419826630265
1.5557161291262096 | [ -9.96 -11.91] | 0.9899751208087176
1.6258897375571872 | [ -9.44 -10.19] | 0.9560272195275255
1.6939613192452345 | [-8.94 -8.52] | 0.9188163314476467
1.7600856588762042 | [-8.45 -6.9 ] | 0.879329435562389
1.8244574630666979 | [-7.99 -5.35] | 0.8383977807644076
1.887311944844222 | [-7.56 -3.86] | 0.7966809910057112
1.9489265044452107 | [-7.17 -2.44] | 0.7546567033514435
2.0096242094204237 | [-6.81 -1.08] | 0.7126112811162096
2.069779999037325 | [-6.49  0.21] | 0.18031762684545882
2.0850747364542292 | [ 2.07 16.73] | -0.14210216350231986
2.0680280418921217 | [ 4.19 20.73] | -0.32737452500870595
2.0355410919447614 | [ 5.86 23.85] | -0.4763172563478718
1.9918403549820864 | [ 7.   25.96] | -0.5851582818755728
1.9410303839760779 | [ 7.7  27.25] | -0.6612135295706795
1.8861603940990532 | [ 8.1 28. ] | -0.7153414048941749
1.8291252341998054 | [ 8.33 28.45] | -0.7573826135429508
1.7709219234774183 | [ 8.49 28.78] | -0.7949102102234927
1.7119352971178807 | [ 8.64 29.13] | -0.8335753658266994
1.6521433062016955 | [ 8.83 29.58] | -0.8773695776197066
1.5912498894767244 | [ 9.08 30.2 ] | -0.928095290214148
1.5287936192609795 | [ 9.4  31.01] | -0.9857695291570008
1.4642330354707096 | [ 9.81 32.  ] | -1.0489209290081436
1.3970188042044338 | [10.28 33.14] | -1.1147206969651644
1.326658301378914 | [10.8  34.39] | -1.1791963455605479
1.2527709769952116 | [11.34 35.68] | -1.2375454282345288
1.1751313414512485 | [11.88 36.93] | -1.2845506839114758
1.0936965557285732 | [12.38 38.07] | -1.3150946857905017
1.0086161354317964 | [12.8  39.02] | -1.3247574809531464
0.9202217608633433 | [13.12 39.69] | -1.310435937891377
0.8289963493460315 | [13.31 40.05] | -1.2708568718781839
0.7355245854384994 | [13.38 40.06] | -1.2068144421504672
0.6404321510048422 | [13.31 39.71] | -1.1210068893634748
0.5443258101538989 | [13.12 39.03] | -1.017492332774073
0.4477476394605131 | [12.83 38.07] | -0.9009508523250997
0.35115197356067834 | [12.45 36.87] | -0.775976371183538
0.2549051170748884 | [12.02 35.48] | -0.6464927256429047
0.15930282178098273 | [11.53 33.95] | -0.5157917536106638
0.06459850846801593 | [11.01 32.31] | -0.3866568991038386
-0.028975518564291803 | [10.46 30.56] | -0.2614630696796434
-0.12119926519143236 | [ 9.88 28.74] | -0.14224637509073093
-0.21186401535517663 | [ 9.29 26.86] | -0.030700560139441002
-0.30077516445898284 | [ 8.68 24.94] | 0.0718550805253696
-0.3877566521523602 | [ 8.07 22.99] | 0.16450707119258032
-0.47265580429773146 | [ 7.46 21.03] | 0.2467632946569886
-0.5553479759743741 | [ 6.86 19.09] | 0.31854679158187893
-0.6357406718181637 | [ 6.26 17.17] | 0.3801676247892244
-0.7137769588779284 | [ 5.68 15.29] | 0.43227617419638165
-0.7894380697267923 | [ 5.12 13.45] | 0.47580335613947694
-0.862745164355375 | [ 4.58 11.67] | 0.5118942855607307
-0.9337602962980646 | [4.07 9.95] | 0.5418420056198072
-1.0025867148542713 | [3.58 8.3 ] | 0.5670272836400034
-1.0693687278914117 | [3.12 6.72] | 0.5888693586116893
-1.1342914443110486 | [2.69 5.2 ] | 0.6087912186664818
-1.197580810912001 | [2.28 3.75] | 0.6282018002106527
-1.2595044609606523 | [1.91 2.36] | 0.6484967348987531
-1.3203740171461404 | [1.57 1.03] | 0.6710792132612281
-1.3805496698988855 | [ 1.27 -0.25] | 0.3474093034877755
-1.4161334137049297 | [ -3.97 -11.53] | -0.22275154322708232
-1.4064202900869474 | [ -5.56 -14.25] | -0.4363039536954841
-1.3796916445122136 | [ -6.85 -16.76] | -0.6034072802982101
-1.3397715632652616 | [ -7.78 -18.57] | -0.7075449338449599
-1.2910158534574516 | [ -8.38 -19.75] | -0.7577729971890961
-1.2370223760872738 | [ -8.74 -20.49] | -0.7700493595066685
-1.1801942473008 | [ -8.97 -20.96] | -0.75864388634399
-1.1218897893467135 | [ -9.13 -21.34] | -0.7335617085043045
-1.0627227315334926 | [ -9.28 -21.72] | -0.7009706625963602
-1.002811858726239 | [ -9.46 -22.2 ] | -0.6644130210010459
-0.9419431838494361 | [ -9.7  -22.84] | -0.6259781369986863
-0.8796905881783312 | [-10.01 -23.66] | -0.5865554475150739
-0.8155175078896743 | [-10.39 -24.65] | -0.545956873731723
-0.7488584457302554 | [-10.84 -25.82] | -0.5030905319988586
-0.6791919516415146 | [-11.35 -27.11] | -0.45617230750406645
-0.6061045089250855 | [-11.91 -28.48] | -0.4030376190529477
-0.5293410308808492 | [-12.49 -29.86] | -0.34155495954268356
-0.44883733081332033 | [-13.06 -31.18] | -0.2700861376383818
-0.36473106708112285 | [-13.61 -32.35] | -0.18789584038866425
-0.27734936213009087 | [-14.09 -33.33] | -0.09539763788685843
-0.18717356641370672 | [-14.5  -34.03] | 0.005851804198688915
-0.09478512395745639 | [-14.82 -34.45] | 0.11342625790506208
-0.0008012045386224138 | [-15.05 -34.57] | 0.2244844621002573
0.09418708204026266 | [-15.19 -34.4 ] | 0.33623847962716735
0.18966056924534333 | [-15.24 -33.98] | 0.44627093511711924
0.2851937366382466 | [-15.23 -33.36] | 0.552609430965837
0.3804527513182174 | [-15.15 -32.56] | 0.6534398086629001
0.47517518671138365 | [-15.03 -31.61] | 0.7470602267379445
0.5691409296304789 | [-14.86 -30.52] | 0.8320648872891804
0.6621473411682163 | [-14.64 -29.31] | 0.9072303552203167
0.7539979815021516 | [-14.37 -27.97] | 0.9715403589771263
0.8445013019478321 | [-14.05 -26.52] | 1.0242597655186336
0.9334737325898741 | [-13.69 -24.97] | 1.0649834275669
1.0207443446278934 | [-13.29 -23.33] | 1.0936550375812057
1.106159755537881 | [-12.85 -21.61] | 1.1105584607137793
1.189588712139143 | [-12.38 -19.85] | 1.1162864128814984
1.270926126027497 | [-11.89 -18.05] | 1.1116920639622863
1.3500964692197617 | [-11.38 -16.23] | 1.0978292829599074
1.427056492015874 | [-10.86 -14.42] | 1.075887111584929
1.5017972613484107 | [-10.34 -12.62] | 1.0471236626504485
1.5743455611842068 | [ -9.82 -10.86] | 1.0128039404061029
1.6447647535294736 | [-9.31 -9.14] | 0.9741450677350854
1.713155267810995 | [-8.82 -7.48] | 0.9322711464668688
1.7796549642184578 | [-8.34 -5.89] | 0.8881785877567084
1.8444397011065625 | [-7.89 -4.36] | 0.842711351239696
1.9077245306814243 | [-7.47 -2.9 ] | 0.7965442016463207
1.9697660615106058 | [-7.08 -1.52] | 0.7501708129309635
2.030866682732723 | [-6.73 -0.22] | 0.8050288450659046
2.094018002499865 | [-8.51 -4.06] | 0.468089102613433
2.121344572948999 | [ 2.09 17.19] | -0.1385728327029287
2.1037700047654804 | [ 4.23 21.21] | -0.31985797727838705
2.070941590709451 | [ 5.87 24.27] | -0.4665494523352852
2.0270957864742267 | [ 6.98 26.34] | -0.5754224312203082
1.9762736250992994 | [ 7.67 27.63] | -0.6533354497605347
1.9214506324742229 | [ 8.07 28.4 ] | -0.7105604886098855
1.8644675241982314 | [ 8.32 28.89] | -0.7565098509279673
1.8062884658987317 | [ 8.49 29.29] | -0.7985376715507579
1.7472790964983271 | [ 8.66 29.7 ] | -0.8422337189290112
1.6874045192182856 | [ 8.87 30.25] | -0.8915689795115065
1.6263577453371163 | [ 9.15 30.96] | -0.9482349381180603
1.5636679686183124 | [ 9.51 31.87] | -1.0120219569056248
1.498788493119596 | [ 9.94 32.97] | -1.0810863483114743
1.4311723265672145 | [10.44 34.21] | -1.1520794118765005
1.3603406599038967 | [10.98 35.55] | -1.2204105975620196
1.2859412394434833 | [11.54 36.89] | -1.2806639939961992
1.2077920024086704 | [12.07 38.17] | -1.3271558832590458
1.1259058175094667 | [12.55 39.28] | -1.3545978101180234
1.0404934901039233 | [12.94 40.15] | -1.3587982087390673
0.9519438381651719 | [13.21 40.7 ] | -1.3372878272037894
0.8607820876209805 | [13.34 40.88] | -1.2897101244143345
0.7676117710797326 | [13.34 40.7 ] | -1.2178272523867275
0.6730502319240268 | [13.2  40.15] | -1.1250960304025837
0.5776712473801776 | [12.96 39.29] | -1.0159396185300262
0.481967041191034 | [12.62 38.17] | -0.8949743840448334
0.3863352054518323 | [12.21 36.84] | -0.7664950535827332
0.29108736518516887 | [11.74 35.35] | -0.6343621497734651
0.19647321039255647 | [11.24 33.74] | -0.501678374277226
0.10270985067465331 | [10.71 32.02] | -0.3709070710528522
0.010001664002971557 | [10.15 30.21] | -0.24419900007603887
-0.08145309191743332 | [ 9.57 28.33] | -0.12345745108418989
-0.1714629166982026 | [ 8.97 26.4 ] | -0.010313480892185742
-0.25984683112502577 | [ 8.37 24.42] | 0.09392351460105713
-0.3464391434475211 | [ 7.76 22.43] | 0.18830976967323929
-0.4310942367142232 | [ 7.16 20.44] | 0.2722922022701086
-0.5136909560829946 | [ 6.56 18.46] | 0.3457105000167682
-0.5941364156408098 | [ 5.98 16.51] | 0.40877723059728244
-0.6723691416715458 | [ 5.41 14.61] | 0.4620397165680027
-0.7483615178829283 | [ 4.86 12.76] | 0.5063289169110375
-0.8221215410486853 | [ 4.33 10.98] | 0.5427012499907904
-0.8936939486872921 | [3.83 9.26] | 0.5723793486680427
-0.9631608462772427 | [3.36 7.63] | 0.5966972741705273
-1.0306420372051333 | [2.92 6.07] | 0.6170548811150791
-1.0962953408364169 | [2.5  4.58] | 0.6348850270884517
-1.1603172725892652 | [2.12 3.17] | 0.6516364019378352
-1.2229445605349503 | [1.76 1.84] | 0.6687741791950759
-1.2844571007911543 | [1.44 0.57] | 0.7193851699013762
-1.3464927929792168 | [1.52 0.45] | 0.7189181931339151
-1.403736501142375 | [-2.34 -7.58] | -0.12574946918725438
-1.3976513001806705 | [ -5.59 -14.31] | -0.3963578260541373
-1.3718692238840755 | [ -6.86 -16.77] | -0.5673137665013799
-1.33288835669055 | [ -7.78 -18.55] | -0.6762096577887287
-1.2850265052947372 | [ -8.37 -19.69] | -0.731428505043321
-1.2318447352752049 | [ -8.72 -20.38] | -0.7483822588874292
-1.1757303635816525 | [ -8.94 -20.82] | -0.741040748039177
-1.1180467853633693 | [ -9.09 -21.16] | -0.7193211729844768
-1.0594261734705022 | [ -9.24 -21.51] | -0.6894296527895346
-1.000012513786548 | [ -9.41 -21.95] | -0.6549900479998423
-0.939619112868734 | [ -9.64 -22.53] | -0.61822277350223
-0.877844181814552 | [ -9.93 -23.3 ] | -0.5802180627981424
-0.8141693561858673 | [-10.3  -24.24] | -0.5410078492578256
-0.7480389559790785 | [-10.74 -25.35] | -0.49972037179393525
-0.6789311973678549 | [-11.24 -26.59] | -0.4547635558733381
-0.6064211280967777 | [-11.78 -27.92] | -0.40409861400092545
-0.5302314502681462 | [-12.35 -29.28] | -0.3456144379902972
-0.450267024858907 | [-12.93 -30.59] | -0.27756247635167186
-0.3666297585151484 | [-13.48 -31.79] | -0.1989705504428928
-0.27961180788003087 | [-13.98 -32.81] | -0.10993220384747956
-0.18966665540816524 | [-14.42 -33.59] | -0.011678359824137202
-0.09736046678207588 | [-14.77 -34.1 ] | 0.09360782884927477
-0.003310660920817523 | [-15.02 -34.31] | 0.20318056403933318
0.0918765839409987 | [-15.19 -34.24] | 0.3141859091733562
0.187656283061439 | [-15.27 -33.92] | 0.42401921320180735
0.2835721018544306 | [-15.28 -33.37] | 0.5304878058813217
0.37925964099698883 | [-15.22 -32.63] | 0.6316959636213215
0.4744311269389306 | [-15.11 -31.74] | 0.7259259910240295
0.5688476059654665 | [-14.94 -30.7 ] | 0.8117248528804123
0.66229255687513 | [-14.73 -29.53] | 0.8878163308959982
0.7545592117553457 | [-14.47 -28.23] | 0.9531503069845256
0.8454479417034251 | [-14.16 -26.81] | 1.0069683857630507
0.9347685856598974 | [-13.8  -25.29] | 1.0488482005702713
1.0223447623619162 | [-13.4  -23.68] | 1.0787204306904221
1.1080186847004339 | [-12.96 -21.99] | 1.0968594783915084
1.1916557966550323 | [-12.5  -20.25] | 1.103851678328742
1.2731489265415463 | [-12.   -18.46] | 1.100546144711916
1.3524218098478453 | [-11.49 -16.66] | 1.0879938887138327
1.4294319077077469 | [-10.97 -14.86] | 1.0673809405472026
1.5041724966868615 | [-10.44 -13.07] | 1.0399609100001872
1.5766740589260888 | [ -9.92 -11.31] | 1.0069917033658538
1.647005066636023 | [-9.4  -9.59] | 0.9696800238820577
1.7152723304215414 | [-8.9  -7.92] | 0.9291359243634246
1.7816211632194225 | [-8.42 -6.31] | 0.8863382022307891
1.8462356985673307 | [-7.97 -4.76] | 0.84210997008537
1.909339796092004 | [-7.54 -3.29] | 0.7971023846973979
1.9711990788286338 | [-7.15 -1.88] | 0.7517832569631224
2.0321247977994674 | [-6.79 -0.55] | 0.754859760133863
2.093745170566215 | [-7.1  -0.82] | 0.3775772967855939
2.1180546740875004 | [ 2.28 17.45] | -0.1633302498220492
2.099167217326104 | [ 4.4  21.43] | -0.3428265699222367
2.0652197047871432 | [ 6.01 24.44] | -0.48663420365901694
2.020494254765406 | [ 7.09 26.48] | -0.5922726798758636
1.96901193438744 | [ 7.76 27.73] | -0.6671493124109661
1.9137015033880314 | [ 8.14 28.47] | -0.7217522244846195
1.8563563565431687 | [ 8.38 28.94] | -0.7655113030984431
1.7979022152770725 | [ 8.54 29.32] | -0.8057198079204918
1.7386757465449245 | [ 8.71 29.73] | -0.8478887615843116
1.6786203955435104 | [ 8.91 30.27] | -0.8958884177474689
1.6174134219032394 | [ 9.19 30.98] | -0.9513031157069366
1.5545735382361139 | [ 9.54 31.89] | -1.0138411217020982
1.4895477632836573 | [ 9.97 32.98] | -1.081592147468819
1.4217863413750271 | [10.47 34.22] | -1.151161040174534
1.3508105454278254 | [11.01 35.55] | -1.21793526080224
1.2762702882983048 | [11.56 36.9 ] | -1.2765039901855908
1.197986939867377 | [12.1  38.16] | -1.3212159371058676
1.115977258862443 | [12.57 39.27] | -1.3468397416949394
1.0304556631502875 | [12.95 40.12] | -1.3492593069805525
0.941813694397864 | [13.21 40.65] | -1.3260887521064368
0.8505779798319543 | [13.34 40.82] | -1.2770489080336511
0.7573519495054049 | [13.33 40.62] | -1.2039591438913255
0.662751479624659 | [13.19 40.06] | -1.110304065975448
0.5673479697859183 | [12.94 39.19] | -1.000505030517964
0.4716309917312264 | [12.6  38.06] | -0.8791560248074362
0.3759957913303936 | [12.19 36.73] | -0.7505222709318031
0.2807523340826878 | [11.73 35.23] | -0.6184301729155885
0.18614953352168723 | [11.22 33.61] | -0.48594471667204037
0.09240455561379489 | [10.69 31.89] | -0.35551468662931307
-0.0002778566252500253 | [10.13 30.08] | -0.22928240363525987
-0.09169910915013303 | [ 9.55 28.2 ] | -0.10914074373044948
-0.18166753837182972 | [ 8.95 26.26] | 0.0032936485938591803
-0.27000222768825655 | [ 8.35 24.29] | 0.10672982752664319
-0.35653778552825943 | [ 7.74 22.3 ] | 0.20024556165005997
-0.44112912805638554 | [ 7.14 20.31] | 0.28331101737941866
-0.5236558550541938 | [ 6.54 18.33] | 0.3557893775098713
-0.6040260412876589 | [ 5.96 16.39] | 0.41791557287682285
-0.682179360769049 | [ 5.39 14.49] | 0.47025698508994784
-0.7580895097246095 | [ 4.84 12.64] | 0.513661437334005
-0.8317659377032255 | [ 4.32 10.86] | 0.5491984457663449
-0.9032549503024874 | [3.82 9.15] | 0.5780997245074533
-0.9726403136323993 | [3.35 7.52] | 0.6017044402862648
-1.0400435668806238 | [2.91 5.96] | 0.6214138525396274
-1.105624331898346 | [2.49 4.48] | 0.6386589596520622
-1.1695809975388223 | [2.11 3.08] | 0.6548838487197381
-1.232152257660617 | [1.76 1.75] | 0.6715468784210611
-1.293620110579946 | [1.44 0.48] | 0.7284156236100949
-1.3558869892011736 | [1.59 0.58] | 0.720277268931492
-1.4129459145039518 | [-2.5  -8.01] | -0.15718392863191902
-1.4047681894052597 | [ -5.75 -14.71] | -0.4241229200571779
-1.3772044094372344 | [ -6.99 -17.12] | -0.5888918468884309
-1.3368731450871096 | [ -7.88 -18.84] | -0.691542270932152
-1.2880703484836433 | [ -8.44 -19.94] | -0.7417436160435028
-1.2342542356540904 | [ -8.78 -20.62] | -0.7551032092962582
-1.1777039798613753 | [ -8.99 -21.06] | -0.7453093842752548
-1.119698526439128 | [ -9.15 -21.42] | -0.7219287344525914
-1.0608103439736485 | [ -9.3  -21.79] | -0.6908897628890038
-1.0011410232162758 | [ -9.48 -22.27] | -0.6556526490363543
-0.9404725003834036 | [ -9.71 -22.9 ] | -0.6183123588267007
-0.8783806508487116 | [-10.02 -23.72] | -0.5797881419903863
-0.8143329993213556 | [-10.4  -24.72] | -0.5399257811386434
-0.7477685578521197 | [-10.86 -25.88] | -0.4976608493083028
-0.6781701629984124 | [-11.37 -27.17] | -0.4512268706475541
-0.605128265376653 | [-11.93 -28.54] | -0.39846877696922656
-0.5283915547248803 | [-12.51 -29.92] | -0.33726075483203666
-0.44789958836330995 | [-13.08 -31.23] | -0.26597139893226995
-0.3637938095480646 | [-13.62 -32.41] | -0.18387707955356455
-0.276405099661254 | [-14.11 -33.38] | -0.09140936727880544
-0.1862183380818168 | [-14.52 -34.09] | 0.00985221441928677
-0.09381798766739738 | [-14.84 -34.5 ] | 0.1174574489987825
0.00017652586172671458 | [-15.06 -34.61] | 0.22854432419665396
0.09517272276580725 | [-15.2  -34.44] | 0.34031051786453237
0.1906508987636104 | [-15.25 -34.01] | 0.4503312868952038
0.2861856145351236 | [-15.24 -33.38] | 0.5566289558031953
0.3814434367044407 | [-15.16 -32.58] | 0.6573791609801314
0.47616243081490395 | [-15.04 -31.62] | 0.7508772571210648
0.5701230491092091 | [-14.86 -30.53] | 0.8357201162164507
0.6631232997880492 | [-14.64 -29.31] | 0.910692176467928
0.7549673612759898 | [-14.37 -27.96] | 0.9747848374979078
0.8454642549542631 | [-14.05 -26.51] | 1.0272699054515297
0.934430922671654 | [-13.69 -24.95] | 1.0677482761458614
1.0216968798314283 | [-13.29 -23.3 ] | 1.0961687247458203
1.1071091113630331 | [-12.85 -21.59] | 1.1128192543661668
1.1905366462221356 | [-12.38 -19.82] | 1.118295849992974
1.2718745857886418 | [-11.89 -18.02] | 1.1134541966208853
1.3510474949081002 | [-11.38 -16.2 ] | 1.0993500574620365
1.4280121183032906 | [-10.86 -14.39] | 1.0771738798609534
1.5027594210723083 | [-10.34 -12.59] | 1.0481848105272495
1.575315994972983 | [ -9.82 -10.83] | 1.0136486076460274
1.6457449288839565 | [-9.31 -9.11] | 0.9747829306667661
1.7141463108192783 | [-8.81 -7.45] | 0.9327122344905537
1.7806576065486444 | [-8.34 -5.85] | 0.8884331083458681
1.8454542443726294 | [-7.89 -4.33] | 0.8427895020421896
1.9087508298458256 | [-7.47 -2.87] | 0.7964559504987249
1.9708035288173145 | [-7.08 -1.49] | 0.7499256245273097
2.0319143139194162 | [-6.73 -0.19] | 0.8076050101311657
2.0951525671521036 | [-8.54 -4.11] | 0.47261135227267953
2.122645301481011 | [ 2.06 17.14] | -0.1346644360579815
2.1052120513104122 | [ 4.21 21.17] | -0.3159967684581555
2.072506881916395 | [ 5.84 24.22] | -0.462875466912613
2.0287620474175414 | [ 6.96 26.3 ] | -0.5720201934469072
1.978020415844837 | [ 7.65 27.59] | -0.6502335028502433
1.9232618891060527 | [ 8.05 28.36] | -0.7077505585477382
1.8663318156421227 | [ 8.3  28.85] | -0.7539643154972945
1.8081984503959896 | [ 8.47 29.23] | -0.7962209065233999
1.749230939694333 | [ 8.64 29.65] | -0.840109832165298
1.6893974887809795 | [ 8.85 30.19] | -0.8896119192843066
1.6283938351298577 | [ 9.13 30.9 ] | -0.9464344034817562
1.5657514032567397 | [ 9.48 31.8 ] | -1.0103919292382728
1.500924982288666 | [ 9.92 32.89] | -1.0796753058953195
1.433368038730007 | [10.42 34.13] | -1.1509795888489365
1.3626009163470008 | [10.96 35.45] | -1.219762573983282
1.2882690261605816 | [11.51 36.8 ] | -1.280652344312056
1.2101865089409496 | [12.05 38.08] | -1.3279925327281414
1.1283613003081159 | [12.53 39.2 ] | -1.3564926992370914
1.0429987836748615 | [12.92 40.07] | -1.3619216164749863
0.9544827627160656 | [13.2  40.64] | -1.3417338378008454
0.863334810798431 | [13.34 40.84] | -1.2954735045207182
0.7701569082341188 | [13.34 40.67] | -1.2248035125405787
0.6755672171562634 | [13.21 40.15] | -1.1331061530944566
0.5801424111893161 | [12.97 39.31] | -1.024770666571443
0.48437896106603906 | [12.64 38.2 ] | -0.9044209875416895
0.38867919914477256 | [12.23 36.89] | -0.7763795386327295
0.2933592219729436 | [11.77 35.41] | -0.6445306971840057
0.19867227249041283 | [11.27 33.81] | -0.5119969914203307
0.10483822811695824 | [10.74 32.1 ] | -0.38126898736676146
0.012063568036189964 | [10.18 30.3 ] | -0.2545188667385709
-0.07945183299334738 | [ 9.6  28.42] | -0.13366486732603317
-0.16951519715984456 | [ 9.01 26.5 ] | -0.020348787488769032
-0.2579445268220774 | [ 8.4  24.53] | 0.0841119644934508
-0.3445733381524083 | [ 7.8  22.54] | 0.1787675293645571
-0.4292554462036326 | [ 7.19 20.55] | 0.26306025397350596
-0.5118693658005183 | [ 6.59 18.58] | 0.3368265669062601
-0.5923221370566237 | [ 6.01 16.63] | 0.40027691145056354
-0.6705524850109348 | [ 5.44 14.73] | 0.4539574008761194
-0.7465332740654911 | [ 4.89 12.88] | 0.49869842442787643
-0.8202732629200792 | [ 4.36 11.1 ] | 0.5355561625638311
-0.8918182205368117 | [3.86 9.38] | 0.5657530415298129
-0.9612515308926173 | [3.38 7.74] | 0.5906226916254543
-1.0286944909993188 | [2.94 6.17] | 0.6115641275417226
-1.0943065895372592 | [2.52 4.69] | 0.6300088548411964
-1.1582861422316215 | [2.13 3.27] | 0.6474036747755332
-1.2208717606556614 | [1.78 1.93] | 0.6652113783916193
-1.282345258448527 | [1.45 0.66] | 0.7100605930848766
-1.3440824829229698 | [1.45 0.31] | 0.7105160743490404
-1.401015074823018 | [-2.39 -7.66] | -0.13810930387427642
-1.39430172115417 | [ -5.64 -14.39] | -0.407360126167198
-1.3679792558040618 | [ -6.91 -16.86] | -0.5762684615132359
-1.3285680254162815 | [ -7.82 -18.63] | -0.6829043917329467
-1.280384944255407 | [ -8.4  -19.76] | -0.736062853327649
-1.2269683079107399 | [ -8.76 -20.46] | -0.7512779197582077
-1.1706791548674724 | [ -8.97 -20.9 ] | -0.7424866260780295
-1.112858933487562 | [ -9.13 -21.25] | -0.7195259133825187
-1.0541232037330084 | [ -9.28 -21.61] | -0.6885204385288521
-0.9946033096428049 | [ -9.45 -22.06] | -0.6530323902988584
-0.9341025803853512 | [ -9.69 -22.67] | -0.6152360366959956
-0.8722116688781524 | [ -9.98 -23.45] | -0.5761678418316897
-0.8084070963105972 | [-10.36 -24.42] | -0.5358070511125309
-0.742130834808843 | [-10.8  -25.55] | -0.493233830705253
-0.6728619648696934 | [-11.31 -26.81] | -0.4468204345635169
-0.600179949469037 | [-11.86 -28.15] | -0.3945167738945654
-0.5238154442533257 | [-12.44 -29.52] | -0.3342375631328625
-0.4436842316113222 | [-13.01 -30.84] | -0.2643052529542727
-0.35990086928541026 | [-13.56 -32.03] | -0.18386119702079567
-0.2727700479747336 | [-14.06 -33.03] | -0.09313790092119961
-0.1827555039716794 | [-14.49 -33.79] | 0.006499164737701735
-0.09042941972178586 | [-14.83 -34.26] | 0.1127705455465503
0.003590143669600712 | [-15.07 -34.44] | 0.22289690761266756
0.09870163572883807 | [-15.22 -34.33] | 0.33405785390868936
0.194368660377106 | [-15.29 -33.97] | 0.4437321256686594
0.29014545030881167 | [-15.29 -33.38] | 0.5498272935098321
0.38567826446596787 | [-15.23 -32.62] | 0.6504957925803527
0.48068840050584777 | [-15.11 -31.7 ] | 0.7440312859701325
0.5749437669290416 | [-14.94 -30.64] | 0.8290123593955061
0.6682329321859617 | [-14.73 -29.44] | 0.9041926136316758
0.7603529615615504 | [-14.46 -28.12] | 0.9685442500591874
0.8511072434358151 | [-14.14 -26.69] | 1.0213272760641425
0.9403080771570979 | [-13.78 -25.15] | 1.0621353397550464
1.0277811040062736 | [-13.38 -23.53] | 1.0909130813753183
1.1133701494781025 | [-12.94 -21.83] | 1.1079466631809844
1.1969418368699107 | [-12.47 -20.07] | 1.1138317977650807
1.2783896946224291 | [-11.98 -18.28] | 1.1094245960787192
1.3576376304107456 | [-11.47 -16.47] | 1.095780917517609
1.4346427112078903 | [-10.94 -14.66] | 1.0740899063377278
1.509397233386068 | [-10.42 -12.86] | 1.0456070532018684
1.5819301166047084 | [ -9.9 -11.1] | 1.0115914004069568
1.6523077171807317 | [-9.38 -9.38] | 0.9732504389408203
1.7206342296779105 | [-8.88 -7.71] | 0.9316949179782896
1.78705192592433 | [-8.4  -6.11] | 0.887904338647882
1.8517415665142456 | [-7.95 -4.57] | 0.8427024670714313
1.9149234137941675 | [-7.52 -3.1 ] | 0.7967408571762354
1.9768593877667926 | [-7.13 -1.7 ] | 0.7504871018903869
2.037857058858413 | [-6.78 -0.38] | 0.7715656599631084
2.1000365027495973 | [-7.6  -1.92] | 0.4174531648541932
2.125680551070829 | [ 2.19 17.37] | -0.15347892661297916
2.1073451791909665 | [ 4.32 21.36] | -0.33317599978928286
2.073851163713928 | [ 5.94 24.39] | -0.4779838313446469
Total reward: -39.53023896867467
