-1.9, 1.1, -2.4, 0.4, -3.2, 5.1, 4.9, -1.6, -1.5, -4.6, -4.9, 2.0, -4.6, -1.4, 6.0, -2.7, 1.5, -1.0
parameter ends

state | action | reward
[9.48] | 2 | -0.5
4.398686856404885 | 2 | -0.5
2.9135779095181236 | 2 | -0.5
2.350047974908653 | 2 | -0.5
1.990941648023429 | 2 | -0.5
1.827583149490939 | 2 | -0.5
1.7186025267768508 | 0 | 5.0
1.7437556004190897 | 0 | 5.0
1.8191311652651148 | 0 | 5.0
1.7841935117975671 | 0 | 5.0
1.8374114935733397 | 0 | 5.0
1.84617866877955 | 0 | 5.0
1.895255730299152 | 0 | 5.0
1.9333403486062737 | 0 | 5.0
1.9056586061222542 | 0 | 5.0
1.9650054402324024 | 0 | 5.0
1.9471185072608774 | 0 | 5.0
1.9749511377291356 | 0 | 5.0
2.020780468564465 | 0 | 5.0
1.98580713800202 | 0 | 5.0
2.0138053239549443 | 0 | 5.0
1.9754337555618344 | 0 | 5.0
1.9652103705530268 | 0 | 5.0
2.0133194310988056 | 0 | 5.0
1.99145862992728 | 0 | 5.0
2.06156712559411 | 0 | 5.0
2.0472671022069893 | 0 | 5.0
2.0534622327547045 | 0 | 5.0
2.026140239002866 | 0 | 5.0
2.0119951881378473 | 0 | 5.0
2.0564248591108534 | 0 | 5.0
2.094101083430012 | 0 | 5.0
2.061419814077264 | 0 | 5.0
2.0727995522661895 | 0 | 5.0
2.115899365363477 | 0 | 5.0
2.159060665928541 | 0 | 5.0
2.152715928907715 | 0 | 5.0
2.1907602759000304 | 0 | 5.0
2.1831580661092724 | 0 | 5.0
2.2327284638591287 | 0 | 5.0
2.2169802700985652 | 0 | 5.0
2.2182679284025673 | 0 | 5.0
2.2372681205246003 | 0 | 5.0
2.261446445629791 | 0 | 5.0
2.3151267821932593 | 0 | 5.0
2.3329675541686146 | 0 | 5.0
2.3339383525280732 | 0 | 5.0
2.3164222523700064 | 0 | 5.0
2.337518662810498 | 0 | 5.0
2.3691939381016933 | 0 | 5.0
2.391199468082039 | 0 | 5.0
2.39674889842325 | 0 | 5.0
2.403139474703201 | 0 | 5.0
2.366135377790227 | 0 | 5.0
2.4148720232705947 | 0 | 5.0
2.4286645524520933 | 0 | 5.0
2.439485042670578 | 2 | -0.5
2.4406757246097444 | 0 | 5.0
2.4531204871082526 | 0 | 5.0
2.3992884467226903 | 2 | -0.5
2.5027819224434094 | 0 | 5.0
2.4562676064939 | 0 | 5.0
2.3437967550409344 | 0 | 5.0
2.2780999278881144 | 2 | -0.5
2.4496384876684365 | 2 | -0.5
2.76081313881411 | 2 | -0.5
3.2917786547268144 | 2 | -0.5
4.562511822697 | 2 | -0.5
7.011854057000196 | 2 | -0.5
15.786565682179988 | 2 | -0.5
12.463474785756302 | 2 | -0.5
3.875385034211518 | 2 | -0.5
2.221297863046874 | 2 | -0.5
1.7095430154977327 | 2 | -0.5
1.4565879156538035 | 2 | -0.5
1.3060781612585926 | 2 | -0.5
1.2528886995751585 | 0 | 5.0
1.3305569095614218 | 0 | 5.0
1.3349577206197927 | 0 | 5.0
1.3843619347316127 | 0 | 5.0
1.4898323312442554 | 2 | -0.5
1.4289837576069522 | 0 | 5.0
1.4529316872052382 | 0 | 5.0
1.426056614265457 | 0 | 5.0
1.4379826012654402 | 0 | 5.0
1.4611375699779612 | 0 | 5.0
1.4514102558994024 | 0 | 5.0
1.46528592936909 | 0 | 5.0
1.3695986900131132 | 0 | 5.0
1.420424494379479 | 0 | 5.0
1.4226595337062882 | 0 | 5.0
1.3717170385374036 | 0 | 5.0
1.32739300251836 | 0 | 5.0
1.3433246474786835 | 0 | 5.0
1.3507648987600591 | 0 | 5.0
1.37565092837175 | 0 | 5.0
1.341496550103691 | 0 | 5.0
1.334146012447195 | 0 | 5.0
1.3565291638940629 | 0 | 5.0
1.3307591148387317 | 0 | 5.0
1.3400239073967297 | 0 | 5.0
1.384989108339759 | 0 | 5.0
1.3501613590472386 | 0 | 5.0
1.3342540023614065 | 0 | 5.0
1.3342584174458167 | 0 | 5.0
1.2820448492851106 | 0 | 5.0
1.2458905923595744 | 0 | 5.0
1.306708624803005 | 0 | 5.0
1.2674691094235706 | 0 | 5.0
1.2759482793981651 | 0 | 5.0
1.2626944760314451 | 0 | 5.0
1.277199246382173 | 0 | 5.0
1.2718608503406161 | 0 | 5.0
1.2195678074010858 | 0 | 5.0
1.2094459356628657 | 0 | 5.0
1.2304851953778813 | 0 | 5.0
1.2311549439303664 | 0 | 5.0
1.1892098253540124 | 0 | 5.0
1.194320888820745 | 0 | 5.0
1.1998757736423211 | 0 | 5.0
1.2137628097107946 | 0 | 5.0
1.194822368871804 | 2 | -0.5
1.207805820034523 | 2 | -0.5
1.272525771385889 | 2 | -0.5
1.4366439914290896 | 2 | -0.5
1.6659611995179961 | 2 | -0.5
2.109529865562568 | 2 | -0.5
3.0129958889326214 | 2 | -0.5
6.403936578440231 | 2 | -0.5
13.345686820117999 | 2 | -0.5
10.31826623095305 | 2 | -0.5
5.64752858690486 | 2 | -0.5
3.8013348940588925 | 2 | -0.5
3.017413763345088 | 2 | -0.5
2.6377402003243495 | 2 | -0.5
2.390357262411125 | 2 | -0.5
2.22261906460095 | 2 | -0.5
2.1748274268008614 | 0 | 5.0
2.139030265720632 | 0 | 5.0
2.174580822121767 | 0 | 5.0
2.15779878904413 | 0 | 5.0
2.135820185427603 | 0 | 5.0
2.146526996550448 | 0 | 5.0
2.151893040090409 | 0 | 5.0
2.1257348907425815 | 0 | 5.0
2.1241917793899594 | 0 | 5.0
2.0498497894498056 | 0 | 5.0
2.0271327934414387 | 0 | 5.0
2.0262018458080533 | 0 | 5.0
2.028718899264159 | 0 | 5.0
1.9814145911879149 | 0 | 5.0
1.9587082152177944 | 0 | 5.0
1.9102478917912349 | 0 | 5.0
1.8720941053075355 | 0 | 5.0
1.8304375070101842 | 0 | 5.0
1.7702414077290125 | 0 | 5.0
1.7682881339441132 | 0 | 5.0
1.68106661411995 | 0 | 5.0
1.7246209180094727 | 0 | 5.0
1.6773019965193172 | 0 | 5.0
1.638128082484497 | 0 | 5.0
1.6133831733285124 | 0 | 5.0
1.5592422656930975 | 0 | 5.0
1.515194017475615 | 0 | 5.0
1.5272366837811506 | 0 | 5.0
1.5215021948097676 | 0 | 5.0
1.452293353969894 | 0 | 5.0
1.4106708617265868 | 0 | 5.0
1.4887687452710208 | 0 | 5.0
1.4179018106331405 | 0 | 5.0
1.3926291951335423 | 2 | -0.5
1.4708619160124794 | 2 | -0.5
1.5512876310824035 | 2 | -0.5
1.7532443787873913 | 2 | -0.5
2.098330468049989 | 2 | -0.5
2.7998386350867865 | 2 | -0.5
4.982636802129294 | 2 | -0.5
13.406402855395543 | 2 | -0.5
12.833513819122103 | 2 | -0.5
5.4160527263205624 | 2 | -0.5
3.5598870165903946 | 2 | -0.5
2.749133659531006 | 2 | -0.5
2.411170711140507 | 2 | -0.5
2.197936217593231 | 2 | -0.5
2.075744740772242 | 2 | -0.5
2.066739880632813 | 0 | 5.0
2.051822090497137 | 0 | 5.0
2.0711645016366926 | 0 | 5.0
2.1049242324540605 | 0 | 5.0
2.059469489846437 | 0 | 5.0
2.0730228840775475 | 0 | 5.0
2.0374205784967088 | 0 | 5.0
2.0627486549680927 | 0 | 5.0
2.0825244670973353 | 0 | 5.0
2.0767349026065145 | 0 | 5.0
2.0912544942372526 | 0 | 5.0
2.087115335709266 | 0 | 5.0
2.040657781366317 | 0 | 5.0
2.0779243579144624 | 0 | 5.0
2.0555828526697715 | 0 | 5.0
2.030098406294566 | 0 | 5.0
2.0659512434304315 | 0 | 5.0
2.0314608771445615 | 0 | 5.0
2.0516222873569805 | 0 | 5.0
1.9734069709867896 | 0 | 5.0
2.024126702663484 | 0 | 5.0
2.001028199462546 | 0 | 5.0
2.0430045706636957 | 0 | 5.0
1.9985114322041726 | 0 | 5.0
2.0080333168884366 | 0 | 5.0
2.045130858719047 | 0 | 5.0
1.9984038182961001 | 0 | 5.0
1.9786896499324822 | 0 | 5.0
1.953221589759722 | 0 | 5.0
1.9470995402961433 | 0 | 5.0
1.9262992700248434 | 0 | 5.0
1.87510243702965 | 0 | 5.0
1.8581468545726216 | 0 | 5.0
1.8255982582327444 | 0 | 5.0
1.8438357027213383 | 0 | 5.0
1.847499395986604 | 0 | 5.0
1.8135335990272643 | 0 | 5.0
1.78152214712137 | 0 | 5.0
1.7943035646864411 | 2 | -0.5
1.887529351816689 | 2 | -0.5
2.0347035678028402 | 2 | -0.5
2.2380565820967013 | 2 | -0.5
2.7425887787035985 | 2 | -0.5
3.4072176579001234 | 2 | -0.5
5.9004146378848015 | 2 | -0.5
14.5347212663341 | 2 | -0.5
14.548899731553034 | 2 | -0.5
4.50456980443211 | 2 | -0.5
3.1054722979681384 | 2 | -0.5
2.3145641698789428 | 2 | -0.5
2.022395039037607 | 2 | -0.5
1.7857265168588534 | 2 | -0.5
1.6907878522479294 | 2 | -0.5
1.6091142235282814 | 0 | 5.0
1.6333334818829572 | 0 | 5.0
1.6599448512610078 | 0 | 5.0
1.6317451717932858 | 0 | 5.0
1.659757838156069 | 0 | 5.0
1.6292772048367872 | 0 | 5.0
1.655925309119536 | 0 | 5.0
1.6179377702739615 | 0 | 5.0
1.62384571266865 | 0 | 5.0
1.6115845402221953 | 0 | 5.0
1.6482557603709627 | 0 | 5.0
1.597692860865452 | 0 | 5.0
1.5817166797956128 | 0 | 5.0
1.5721560492910036 | 0 | 5.0
1.5892017604487103 | 0 | 5.0
1.5945340620522863 | 0 | 5.0
1.5665170933059924 | 0 | 5.0
1.4550714391407897 | 0 | 5.0
1.4650647286161602 | 0 | 5.0
1.4672718105613716 | 0 | 5.0
1.480399774827482 | 0 | 5.0
1.4577860491660506 | 0 | 5.0
1.4238128382733528 | 0 | 5.0
1.4067608627123624 | 0 | 5.0
1.3851157126966709 | 0 | 5.0
1.334946350353198 | 0 | 5.0
1.3651366836893966 | 0 | 5.0
1.2920151694168847 | 0 | 5.0
1.272055052734188 | 0 | 5.0
1.259971911260693 | 0 | 5.0
1.2513095844047972 | 0 | 5.0
1.1328862571023892 | 0 | 5.0
1.0985540222848127 | 0 | 5.0
1.0902622679942493 | 2 | -0.5
1.1591971288519793 | 2 | -0.5
1.326106860342744 | 2 | -0.5
1.4606872056148945 | 2 | -0.5
1.894596306347157 | 2 | -0.5
2.813179501022916 | 2 | -0.5
7.282776431160931 | 2 | -0.5
12.517207796022698 | 2 | -0.5
8.500313473811326 | 2 | -0.5
4.714948008711218 | 2 | -0.5
3.635295753055754 | 2 | -0.5
2.8714221164833353 | 2 | -0.5
2.54810545073408 | 2 | -0.5
2.3707735253068165 | 2 | -0.5
2.271332746544739 | 0 | 5.0
2.3326726949555048 | 2 | -0.5
2.2709458064386387 | 0 | 5.0
2.2938005932432497 | 0 | 5.0
2.3316616279137525 | 0 | 5.0
2.276099778900292 | 0 | 5.0
2.282538316890971 | 0 | 5.0
2.253792825533942 | 0 | 5.0
2.231638886097892 | 0 | 5.0
2.229569190548985 | 0 | 5.0
2.242445904649734 | 0 | 5.0
2.1916593165212648 | 0 | 5.0
2.1233710253543485 | 0 | 5.0
2.1236514900475765 | 0 | 5.0
2.1233047238004192 | 0 | 5.0
2.1233520489792346 | 0 | 5.0
2.073759123589957 | 0 | 5.0
2.087133199273091 | 0 | 5.0
2.0348163606296423 | 0 | 5.0
2.001869315680624 | 0 | 5.0
1.9389965691790831 | 0 | 5.0
1.9209734500459865 | 0 | 5.0
1.9256935318397754 | 0 | 5.0
1.8787757430648615 | 0 | 5.0
1.8774388167711393 | 0 | 5.0
1.8414244504002613 | 0 | 5.0
1.8856375922076953 | 0 | 5.0
1.8438701650021212 | 0 | 5.0
1.7603317565417484 | 0 | 5.0
1.7822704591334835 | 0 | 5.0
1.7765000721743223 | 0 | 5.0
1.7814693258665828 | 0 | 5.0
1.7650683443064612 | 0 | 5.0
1.699270851543075 | 0 | 5.0
1.6969734565435466 | 2 | -0.5
1.7278998428686152 | 2 | -0.5
1.8450843435628086 | 2 | -0.5
2.0817086785599344 | 2 | -0.5
2.475933912644697 | 2 | -0.5
3.115359430067917 | 2 | -0.5
5.16177890415904 | 2 | -0.5
12.071311866188246 | 2 | -0.5
14.436067912050468 | 2 | -0.5
5.566153238212004 | 2 | -0.5
3.440731647781851 | 2 | -0.5
2.623057381127867 | 2 | -0.5
2.229808517575703 | 2 | -0.5
1.9333336272654706 | 2 | -0.5
1.856306687017199 | 2 | -0.5
1.7796543339926691 | 0 | 5.0
1.7915681798905965 | 0 | 5.0
1.8076688803853742 | 0 | 5.0
1.8084232991373985 | 0 | 5.0
1.8423945199583958 | 0 | 5.0
1.913832729997231 | 0 | 5.0
1.884888139441293 | 0 | 5.0
1.9063581421834905 | 0 | 5.0
1.917123408448399 | 0 | 5.0
1.9156595007741417 | 0 | 5.0
1.9756635292679936 | 0 | 5.0
1.977250058970517 | 0 | 5.0
2.0180843480478154 | 0 | 5.0
1.9806089916496619 | 0 | 5.0
2.0499038467664428 | 0 | 5.0
2.0693379666887535 | 0 | 5.0
2.0090837144971117 | 0 | 5.0
2.0772269636537657 | 0 | 5.0
2.0725008903497195 | 0 | 5.0
2.06716725792756 | 0 | 5.0
2.0792590651701146 | 0 | 5.0
2.0922717072314865 | 0 | 5.0
2.0957856325135413 | 0 | 5.0
2.10787062519056 | 0 | 5.0
2.1352091827166264 | 0 | 5.0
2.0781654728946988 | 0 | 5.0
2.133964446356126 | 0 | 5.0
2.158596186721735 | 0 | 5.0
2.1764094476368685 | 0 | 5.0
2.2196484274357964 | 0 | 5.0
2.171319619883164 | 0 | 5.0
2.214416037401153 | 0 | 5.0
2.210049129564835 | 0 | 5.0
2.2479482716622896 | 0 | 5.0
2.2251089055337743 | 0 | 5.0
2.252536634773392 | 0 | 5.0
2.266042458389416 | 0 | 5.0
2.286036737973274 | 0 | 5.0
2.282773677978106 | 0 | 5.0
2.304325343313427 | 0 | 5.0
2.3094846707502374 | 0 | 5.0
2.3446078802921075 | 0 | 5.0
2.3365244324594068 | 2 | -0.5
2.3576257289876343 | 0 | 5.0
2.3304103860479577 | 0 | 5.0
2.3288931217165336 | 0 | 5.0
2.2481535794990406 | 0 | 5.0
2.2723963999048706 | 0 | 5.0
2.293302590251354 | 2 | -0.5
2.327246720089111 | 2 | -0.5
2.520152145452091 | 2 | -0.5
2.8678072860090014 | 2 | -0.5
3.4856019430150846 | 2 | -0.5
4.714608810070542 | 2 | -0.5
7.716471000402603 | 2 | -0.5
15.62230400002248 | 2 | -0.5
5.069507283467873 | 2 | -0.5
2.512505789567788 | 2 | -0.5
1.8078704917192916 | 2 | -0.5
1.4581477253385513 | 2 | -0.5
1.324010421428445 | 2 | -0.5
1.2154315104659819 | 2 | -0.5
1.1432398460029531 | 0 | 5.0
1.2133737750193492 | 0 | 5.0
1.291382030609011 | 0 | 5.0
1.3050169726349699 | 0 | 5.0
1.3301376924758368 | 0 | 5.0
1.3802818921182165 | 0 | 5.0
1.4275560450145766 | 0 | 5.0
1.4340537781984315 | 0 | 5.0
1.492412273161761 | 0 | 5.0
1.5321151667750914 | 0 | 5.0
1.513821118840695 | 0 | 5.0
1.5665966492132366 | 0 | 5.0
1.6162968722009747 | 0 | 5.0
1.6624849937941886 | 0 | 5.0
1.6920673421021617 | 0 | 5.0
1.7112037764445718 | 0 | 5.0
1.7299323820692902 | 0 | 5.0
1.786760279323728 | 0 | 5.0
1.8291733948192375 | 0 | 5.0
1.8290219409699768 | 0 | 5.0
1.8814166103340664 | 0 | 5.0
1.9028498175828124 | 0 | 5.0
1.9192466942650355 | 0 | 5.0
1.9403892678186012 | 0 | 5.0
2.008121053700375 | 0 | 5.0
2.0028766828809137 | 0 | 5.0
2.0450553876899997 | 0 | 5.0
2.076079875180342 | 0 | 5.0
2.0656008054884314 | 0 | 5.0
2.118079273096715 | 0 | 5.0
2.1345290050219066 | 0 | 5.0
2.131716233612742 | 0 | 5.0
2.1757619820179683 | 0 | 5.0
2.200221119054429 | 0 | 5.0
2.251713780529417 | 0 | 5.0
2.231336830161419 | 0 | 5.0
2.247360780580882 | 0 | 5.0
2.305990601791473 | 0 | 5.0
2.2694145180554868 | 0 | 5.0
2.254426972835116 | 0 | 5.0
2.2831095788331517 | 0 | 5.0
2.3212322007410138 | 0 | 5.0
2.3263894267343184 | 0 | 5.0
2.2921639820074 | 0 | 5.0
2.319284261011805 | 0 | 5.0
2.307864675698659 | 0 | 5.0
2.310727869840587 | 0 | 5.0
2.3589326394015853 | 0 | 5.0
2.385392952607689 | 0 | 5.0
2.3329943802464785 | 0 | 5.0
2.366741806031962 | 0 | 5.0
2.3407890579619814 | 0 | 5.0
2.362383585196411 | 0 | 5.0
2.360806461245847 | 0 | 5.0
2.3287132138998436 | 0 | 5.0
2.3716767262704423 | 0 | 5.0
2.4010938343202257 | 0 | 5.0
2.389691928412254 | 2 | -0.5
2.431601526207208 | 0 | 5.0
2.374598060501703 | 2 | -0.5
2.5015088972517554 | 2 | -0.5
2.79759139492818 | 2 | -0.5
3.1248662321527974 | 2 | -0.5
3.866707678969832 | 2 | -0.5
5.512097319972299 | 2 | -0.5
10.495340213330632 | 2 | -0.5
15.98692312872858 | 2 | -0.5
4.6996829805425735 | 2 | -0.5
2.572766804890842 | 2 | -0.5
1.763866730741416 | 2 | -0.5
1.4027389268752126 | 2 | -0.5
1.2359719814860692 | 2 | -0.5
1.1660675987883415 | 2 | -0.5
1.0592704904057697 | 0 | 5.0
1.087841110869883 | 0 | 5.0
1.1182491860538064 | 0 | 5.0
1.1613441225014656 | 0 | 5.0
1.2071983293546074 | 0 | 5.0
1.2181258113665419 | 0 | 5.0
1.3073921384795228 | 0 | 5.0
1.3200158998631817 | 0 | 5.0
1.385588037125504 | 0 | 5.0
1.3832740070612073 | 0 | 5.0
1.4425339715756014 | 0 | 5.0
1.421975878971059 | 0 | 5.0
1.458683103418998 | 0 | 5.0
1.4333849702500683 | 0 | 5.0
1.4589431709619474 | 0 | 5.0
1.4522771870234883 | 0 | 5.0
1.4592933535132881 | 0 | 5.0
1.5401863249719618 | 0 | 5.0
1.4745851708417386 | 0 | 5.0
1.556932663273103 | 0 | 5.0
1.5239524774672273 | 0 | 5.0
1.572344149990457 | 0 | 5.0
1.5804318671263757 | 0 | 5.0
1.5901320402194634 | 0 | 5.0
1.6010066737885122 | 0 | 5.0
1.6082481075206732 | 0 | 5.0
1.6276495698343618 | 0 | 5.0
1.6113079984582674 | 0 | 5.0
1.5636816934768731 | 0 | 5.0
1.6005324050343281 | 0 | 5.0
1.5580002391034062 | 0 | 5.0
1.5605465881679084 | 0 | 5.0
1.549364828000182 | 0 | 5.0
1.574294590041775 | 0 | 5.0
1.5272608579802085 | 0 | 5.0
1.5225359236905003 | 0 | 5.0
1.5017272694352188 | 0 | 5.0
1.499578438179757 | 0 | 5.0
1.513052235002724 | 0 | 5.0
1.4115574323242095 | 0 | 5.0
1.4508590101762182 | 0 | 5.0
1.4425387488320354 | 0 | 5.0
1.4219075677068107 | 0 | 5.0
1.4069872484066315 | 0 | 5.0
1.3980347062685083 | 0 | 5.0
1.3751273940012183 | 0 | 5.0
1.386112666630667 | 2 | -0.5
1.4594842627851037 | 2 | -0.5
1.5326659784250796 | 2 | -0.5
1.7793772938232217 | 2 | -0.5
2.1689437980102064 | 2 | -0.5
2.815836696996852 | 2 | -0.5
4.877340202604779 | 2 | -0.5
13.63106457072461 | 2 | -0.5
11.776233250470112 | 2 | -0.5
5.421694583853959 | 2 | -0.5
3.3436676619374954 | 2 | -0.5
2.666260490358628 | 2 | -0.5
2.2486787685464193 | 2 | -0.5
2.111392595842486 | 2 | -0.5
1.990843720749575 | 2 | -0.5
1.9813026387660162 | 0 | 5.0
2.0191558165939183 | 0 | 5.0
2.009367297597024 | 0 | 5.0
1.9982792991717322 | 0 | 5.0
2.042651962670379 | 0 | 5.0
2.009194546441915 | 0 | 5.0
2.0164482586954517 | 0 | 5.0
1.9956817189841354 | 0 | 5.0
2.0011721145664363 | 0 | 5.0
1.9973626142360827 | 0 | 5.0
2.033410227821522 | 0 | 5.0
2.043367832234568 | 0 | 5.0
2.0774146372739373 | 0 | 5.0
2.0153695622896035 | 0 | 5.0
2.0214927705511228 | 0 | 5.0
2.046921911411721 | 0 | 5.0
2.006046732886062 | 0 | 5.0
1.9887395852935992 | 0 | 5.0
1.958115124251587 | 0 | 5.0
1.9200203355957983 | 0 | 5.0
1.949293430737185 | 0 | 5.0
1.986743626898302 | 0 | 5.0
1.9234716667908873 | 0 | 5.0
1.898416963456527 | 0 | 5.0
1.888735475933586 | 0 | 5.0
1.868443985106387 | 0 | 5.0
1.8262674821909526 | 0 | 5.0
1.8234044422165114 | 0 | 5.0
1.8086360368562053 | 0 | 5.0
1.8687365811563479 | 0 | 5.0
1.8401742909723735 | 0 | 5.0
1.8335394895496777 | 0 | 5.0
1.8659907308614887 | 0 | 5.0
1.888359005525908 | 0 | 5.0
1.9254213465165426 | 0 | 5.0
1.908051118892075 | 0 | 5.0
1.9407096248743307 | 0 | 5.0
1.9629846861287714 | 0 | 5.0
1.9723852801624862 | 0 | 5.0
2.001477049204039 | 0 | 5.0
2.0502135002918025 | 0 | 5.0
2.057038680137807 | 0 | 5.0
2.11988285403259 | 2 | -0.5
2.0956450635094153 | 0 | 5.0
2.0546206039918213 | 2 | -0.5
2.1014355244775795 | 2 | -0.5
2.207217970112977 | 2 | -0.5
2.4372352673218196 | 2 | -0.5
2.813655413288384 | 2 | -0.5
3.560896119670803 | 2 | -0.5
5.022402356069564 | 2 | -0.5
9.981441176720828 | 2 | -0.5
15.178761794849438 | 2 | -0.5
5.147694473950853 | 2 | -0.5
3.1263672829096194 | 2 | -0.5
2.2199553561586276 | 2 | -0.5
1.8499740806201905 | 2 | -0.5
1.5982052827612323 | 2 | -0.5
1.4716526755324717 | 2 | -0.5
1.3566257513106819 | 0 | 5.0
1.4201379472341578 | 2 | -0.5
1.3936809486242836 | 0 | 5.0
1.3743381177556342 | 0 | 5.0
1.3902020946975453 | 0 | 5.0
1.3723874271314696 | 0 | 5.0
1.3664199689271612 | 0 | 5.0
1.4121335366671994 | 0 | 5.0
1.415561746064034 | 0 | 5.0
1.4398960759806643 | 0 | 5.0
1.4174058272277312 | 0 | 5.0
1.4484582881242345 | 0 | 5.0
1.4664364676265262 | 0 | 5.0
1.4795408338887328 | 0 | 5.0
1.425499979685119 | 0 | 5.0
1.4645682109688969 | 0 | 5.0
1.4805042068269558 | 0 | 5.0
1.4431065716935687 | 0 | 5.0
1.4514042136074288 | 0 | 5.0
1.4011281410746144 | 0 | 5.0
1.4717786136344122 | 0 | 5.0
1.4390726123583613 | 0 | 5.0
1.415872900541878 | 0 | 5.0
1.4129054187880505 | 0 | 5.0
1.3721978313756424 | 0 | 5.0
1.3774639397550152 | 0 | 5.0
1.4089951792387627 | 0 | 5.0
1.3619015456158983 | 0 | 5.0
1.347245531687605 | 0 | 5.0
1.3610223098263987 | 0 | 5.0
1.3287424620395696 | 0 | 5.0
1.320019730416662 | 0 | 5.0
1.3485498607290167 | 0 | 5.0
1.3669636892138899 | 0 | 5.0
1.3220501255152466 | 0 | 5.0
1.3510012186228728 | 0 | 5.0
1.29932956872594 | 0 | 5.0
1.3216967707794622 | 0 | 5.0
1.3252696666003132 | 0 | 5.0
1.3286845987248908 | 0 | 5.0
1.3120476594429862 | 0 | 5.0
1.301921553233958 | 0 | 5.0
1.314943417775151 | 0 | 5.0
1.2990106867856517 | 2 | -0.5
1.3510516633232428 | 2 | -0.5
1.4494123461164732 | 2 | -0.5
1.5514466674334053 | 2 | -0.5
1.8895116166472377 | 2 | -0.5
2.467702657093248 | 2 | -0.5
3.479660069830186 | 2 | -0.5
8.019542717518071 | 2 | -0.5
13.54843526489072 | 2 | -0.5
8.660962486050774 | 2 | -0.5
4.942735549761725 | 2 | -0.5
3.6264485305913916 | 2 | -0.5
2.896868943052773 | 2 | -0.5
2.466476807488065 | 2 | -0.5
2.2693753092293956 | 2 | -0.5
2.194843356044103 | 2 | -0.5
2.1472234052081416 | 0 | 5.0
2.129665305826388 | 0 | 5.0
2.1240339976683904 | 0 | 5.0
2.1079421772642215 | 0 | 5.0
2.1130449245008402 | 0 | 5.0
2.108964594002344 | 0 | 5.0
2.0963363604779777 | 0 | 5.0
2.0789095516266705 | 0 | 5.0
2.0685568648144765 | 0 | 5.0
2.067449610778752 | 0 | 5.0
2.030218370660485 | 0 | 5.0
2.033432109913738 | 0 | 5.0
2.0115917546106283 | 0 | 5.0
2.0145857700526273 | 0 | 5.0
2.039803085325598 | 0 | 5.0
1.9627985736884934 | 0 | 5.0
1.992773373602277 | 0 | 5.0
1.9269338636709883 | 0 | 5.0
1.951076223176749 | 0 | 5.0
1.9279194414090721 | 0 | 5.0
1.889698948143844 | 0 | 5.0
1.8666451759644678 | 0 | 5.0
1.8596447310490911 | 0 | 5.0
1.8111059090934163 | 0 | 5.0
1.832999274494703 | 0 | 5.0
1.8450548627611827 | 0 | 5.0
1.76959039448009 | 0 | 5.0
1.8323086250613072 | 0 | 5.0
1.802479357911902 | 0 | 5.0
1.7704102929248733 | 0 | 5.0
1.7780577078830155 | 0 | 5.0
1.7198189375048734 | 0 | 5.0
1.7275850685884864 | 0 | 5.0
1.687582517581727 | 0 | 5.0
1.6911026923723425 | 0 | 5.0
1.663108179958778 | 0 | 5.0
1.6684461849412444 | 0 | 5.0
1.6668199933920556 | 2 | -0.5
1.72134981084561 | 2 | -0.5
1.8422500049891735 | 2 | -0.5
2.0724002673485864 | 2 | -0.5
2.424433563109675 | 2 | -0.5
3.0619766905933514 | 2 | -0.5
4.59515610734457 | 2 | -0.5
10.495501760322524 | 2 | -0.5
14.282587713814959 | 2 | -0.5
7.2283119217823435 | 2 | -0.5
3.696358334384545 | 2 | -0.5
2.6804810624785964 | 2 | -0.5
2.218244711892295 | 2 | -0.5
1.9840042567677372 | 2 | -0.5
1.831384637148824 | 2 | -0.5
1.7673104973579035 | 0 | 5.0
1.7671607416845603 | 0 | 5.0
1.8018390539581481 | 0 | 5.0
1.8389814732230907 | 0 | 5.0
1.8485028816816031 | 0 | 5.0
1.8257277523250648 | 0 | 5.0
1.8274294170295224 | 0 | 5.0
1.8724348482357387 | 0 | 5.0
1.9082345034924157 | 0 | 5.0
1.9017287552004818 | 0 | 5.0
1.9365403614995251 | 0 | 5.0
1.9347209640553515 | 0 | 5.0
1.9632052440972736 | 0 | 5.0
1.9975138690856793 | 0 | 5.0
2.0516869309270893 | 0 | 5.0
2.0911198012709122 | 0 | 5.0
2.1286091952057795 | 0 | 5.0
2.1404220638144023 | 2 | -0.5
2.093368158411608 | 0 | 5.0
2.1308696719428943 | 0 | 5.0
2.068873417770215 | 0 | 5.0
2.065743143361711 | 0 | 5.0
2.0599805797047797 | 0 | 5.0
2.0774447524322537 | 0 | 5.0
2.061741345942759 | 0 | 5.0
2.083950182208732 | 0 | 5.0
2.0660008179437432 | 0 | 5.0
2.047475412178893 | 0 | 5.0
2.0503945598908033 | 0 | 5.0
2.0761257948914835 | 0 | 5.0
2.0694554617432344 | 0 | 5.0
2.06436678012006 | 0 | 5.0
2.050304896530639 | 0 | 5.0
2.034437155566062 | 0 | 5.0
2.048926625238828 | 0 | 5.0
2.082424445420287 | 0 | 5.0
2.07334141451405 | 0 | 5.0
2.1015301588324102 | 0 | 5.0
2.0806738966086407 | 0 | 5.0
2.0601002269230313 | 0 | 5.0
2.0593864657492045 | 0 | 5.0
2.10720746240128 | 0 | 5.0
2.074513454248372 | 0 | 5.0
2.0683700180698064 | 0 | 5.0
2.0261801952084317 | 0 | 5.0
1.9789089118889214 | 0 | 5.0
1.9623209343494945 | 2 | -0.5
2.113815717396507 | 2 | -0.5
2.239475969062011 | 2 | -0.5
2.553592856332251 | 2 | -0.5
3.012333821716096 | 2 | -0.5
4.205025023847686 | 2 | -0.5
6.848272469266836 | 2 | -0.5
15.11837360365834 | 2 | -0.5
10.145161193471846 | 2 | -0.5
3.9694542761417724 | 2 | -0.5
2.552258988676962 | 2 | -0.5
2.060975964439518 | 2 | -0.5
1.7681578562148308 | 2 | -0.5
1.582329177823132 | 2 | -0.5
1.472897065015073 | 0 | 5.0
1.5322861756224473 | 2 | -0.5
1.5062325826378404 | 0 | 5.0
1.5441233375436494 | 0 | 5.0
1.5321866782245521 | 0 | 5.0
1.5073344969450777 | 0 | 5.0
1.5626773902620659 | 0 | 5.0
1.5601420417220218 | 0 | 5.0
1.5640598901851952 | 0 | 5.0
1.5619131217260405 | 0 | 5.0
1.5569594377960243 | 0 | 5.0
1.585001112570331 | 0 | 5.0
1.5435639493295912 | 0 | 5.0
1.5443761530648217 | 0 | 5.0
1.5373334396558933 | 0 | 5.0
1.5488844997559055 | 0 | 5.0
1.525330811233257 | 0 | 5.0
1.5008623318176382 | 0 | 5.0
1.552187952650552 | 0 | 5.0
1.5357957684233505 | 0 | 5.0
1.5527507998690113 | 0 | 5.0
1.5225415559538014 | 0 | 5.0
1.5460650958285356 | 0 | 5.0
1.5380968405056399 | 0 | 5.0
1.5794000591812205 | 0 | 5.0
1.577309343870367 | 0 | 5.0
1.5524099782558582 | 0 | 5.0
1.5879241352555202 | 0 | 5.0
1.5527790910488684 | 0 | 5.0
1.6154505711434617 | 0 | 5.0
1.6209996109960896 | 0 | 5.0
1.617099075689705 | 0 | 5.0
1.6456283123884752 | 0 | 5.0
1.678317389265911 | 0 | 5.0
1.6204300967738703 | 0 | 5.0
1.6355470409063522 | 0 | 5.0
1.6072587037279578 | 0 | 5.0
1.6198172025827293 | 0 | 5.0
1.639344740497742 | 0 | 5.0
1.597846580497824 | 0 | 5.0
1.6234673965909878 | 0 | 5.0
1.5938623227263846 | 0 | 5.0
1.630687224787508 | 0 | 5.0
1.6110280497835492 | 0 | 5.0
1.5926878540884388 | 0 | 5.0
1.5896509394697025 | 2 | -0.5
1.6471943146305301 | 2 | -0.5
1.7285760957156144 | 2 | -0.5
1.9821387916057047 | 2 | -0.5
2.2745521240608735 | 2 | -0.5
2.821831203220489 | 2 | -0.5
4.136630124093852 | 2 | -0.5
7.638727980135628 | 2 | -0.5
14.048470559987072 | 2 | -0.5
8.428215250637129 | 2 | -0.5
3.9818556561794094 | 2 | -0.5
2.7964178974020766 | 2 | -0.5
2.2624884406662167 | 2 | -0.5
2.0052234460166516 | 2 | -0.5
1.774817985984747 | 2 | -0.5
1.7538032430122001 | 0 | 5.0
1.7665142354175378 | 0 | 5.0
1.7861330026246671 | 0 | 5.0
1.7587850256645985 | 0 | 5.0
1.7893595550273282 | 0 | 5.0
1.817129386334124 | 0 | 5.0
1.8131091442788605 | 0 | 5.0
1.859823948750809 | 0 | 5.0
1.8576819717607653 | 0 | 5.0
1.888467997761352 | 0 | 5.0
1.9090007537694536 | 0 | 5.0
1.9382907108593705 | 0 | 5.0
1.9583998604195172 | 0 | 5.0
1.9417985452582567 | 0 | 5.0
1.9747734836614599 | 0 | 5.0
2.015696674240484 | 0 | 5.0
1.9359681455817288 | 0 | 5.0
1.986391141614867 | 0 | 5.0
2.0036838894991704 | 0 | 5.0
2.019180846911027 | 0 | 5.0
1.9867417729466457 | 0 | 5.0
1.981608244513014 | 0 | 5.0
1.9822308025125095 | 0 | 5.0
1.9834550584836312 | 0 | 5.0
2.0034194080713523 | 0 | 5.0
2.0010478193074297 | 0 | 5.0
2.0157368430343494 | 0 | 5.0
1.9844775750667374 | 0 | 5.0
2.0289493758394657 | 0 | 5.0
2.0419186876498454 | 0 | 5.0
2.0161477445429745 | 0 | 5.0
2.0422301152389033 | 0 | 5.0
2.0037754812060804 | 0 | 5.0
2.020803526670873 | 0 | 5.0
2.0623475574235077 | 0 | 5.0
2.068000174434433 | 0 | 5.0
2.0604821760700034 | 0 | 5.0
2.072239624371247 | 0 | 5.0
2.0678445719193803 | 0 | 5.0
2.12045994793611 | 0 | 5.0
2.10041049212149 | 0 | 5.0
2.103902778310857 | 0 | 5.0
2.129483958733609 | 0 | 5.0
2.107204417838252 | 2 | -0.5
2.152963888226441 | 0 | 5.0
2.1566228550464497 | 2 | -0.5
2.277034188990765 | 2 | -0.5
2.437905773713021 | 2 | -0.5
2.7982159867467926 | 2 | -0.5
3.3541732689232715 | 2 | -0.5
4.710200510345923 | 2 | -0.5
8.180708296374965 | 2 | -0.5
15.282561720420578 | 2 | -0.5
8.329833977384073 | 2 | -0.5
3.359596661233834 | 2 | -0.5
2.184190089810875 | 2 | -0.5
1.749079206763999 | 2 | -0.5
1.5259776745304414 | 2 | -0.5
1.4052797106564698 | 2 | -0.5
1.293736514206485 | 0 | 5.0
1.3719251804479065 | 0 | 5.0
1.3471024277348551 | 0 | 5.0
1.4459799777674087 | 0 | 5.0
1.4437206001268723 | 0 | 5.0
1.5126810216511983 | 0 | 5.0
1.5967837098634412 | 0 | 5.0
1.5498311967407532 | 0 | 5.0
1.5264919719933814 | 0 | 5.0
1.5984467866713115 | 0 | 5.0
1.6867671378178848 | 0 | 5.0
1.7196459209241468 | 0 | 5.0
1.7300223406304382 | 0 | 5.0
1.7070422168624373 | 0 | 5.0
1.7108839727838239 | 0 | 5.0
1.7746519415164423 | 0 | 5.0
1.726248996590763 | 0 | 5.0
1.7578289555012325 | 0 | 5.0
1.7708968228770954 | 0 | 5.0
1.7680176564131658 | 0 | 5.0
1.8162207376719641 | 0 | 5.0
1.811940105786038 | 0 | 5.0
1.797354124306773 | 0 | 5.0
1.8056766555026318 | 0 | 5.0
1.8187118041620214 | 0 | 5.0
1.8284618646852226 | 0 | 5.0
1.8999093077520397 | 0 | 5.0
1.8893481757509754 | 0 | 5.0
1.878535851261684 | 0 | 5.0
1.8484763073414172 | 0 | 5.0
1.8112622848682922 | 0 | 5.0
1.7968651519433565 | 0 | 5.0
1.8041138239415648 | 0 | 5.0
1.7845546875962641 | 0 | 5.0
1.7493732313248938 | 0 | 5.0
1.7117532975354908 | 0 | 5.0
1.6703719643621264 | 0 | 5.0
1.6305284730827425 | 0 | 5.0
1.6330195781272954 | 0 | 5.0
1.6607428611652424 | 0 | 5.0
1.5790757365756507 | 0 | 5.0
1.5492725240385226 | 0 | 5.0
1.5234057114800486 | 0 | 5.0
1.5513832288789418 | 0 | 5.0
1.4862630061224527 | 2 | -0.5
1.5418746659056488 | 2 | -0.5
1.6381300996881216 | 2 | -0.5
1.900853653412903 | 2 | -0.5
2.2993364595771744 | 2 | -0.5
3.055217588680747 | 2 | -0.5
4.995187726465303 | 2 | -0.5
13.663517392253572 | 2 | -0.5
13.713182660465973 | 2 | -0.5
5.908311027583394 | 2 | -0.5
3.787090690658859 | 2 | -0.5
2.9129658497035416 | 2 | -0.5
2.402467161918375 | 2 | -0.5
2.096475299525663 | 2 | -0.5
1.978738816615363 | 2 | -0.5
1.8600839530029578 | 0 | 5.0
1.9359291247744526 | 0 | 5.0
1.925795163344926 | 0 | 5.0
1.9358577542076802 | 0 | 5.0
1.9703628133562403 | 0 | 5.0
2.014240127054456 | 0 | 5.0
2.0547120154167784 | 0 | 5.0
2.096293007976816 | 2 | -0.5
2.0862168399739165 | 0 | 5.0
2.050925108576709 | 0 | 5.0
2.039044269068277 | 0 | 5.0
2.0466499826058144 | 0 | 5.0
2.0858590727944963 | 0 | 5.0
2.0465910804491396 | 0 | 5.0
2.0941565414303516 | 0 | 5.0
2.0343131799357486 | 0 | 5.0
2.073153091618469 | 0 | 5.0
2.092546580445193 | 0 | 5.0
2.086218142965098 | 0 | 5.0
2.050313303591833 | 0 | 5.0
2.056067434963551 | 0 | 5.0
2.048450700676868 | 0 | 5.0
2.0316822608649847 | 0 | 5.0
2.0154811282401734 | 0 | 5.0
2.012647293280491 | 0 | 5.0
2.006371630940099 | 0 | 5.0
2.0029421797707094 | 0 | 5.0
2.0186334645002333 | 0 | 5.0
1.9585920441012556 | 0 | 5.0
1.9450820451363806 | 0 | 5.0
1.9403791432056872 | 0 | 5.0
1.9438131594380506 | 0 | 5.0
1.9020463211907825 | 0 | 5.0
1.9028724828777663 | 0 | 5.0
1.9222758886748628 | 0 | 5.0
1.8929243832555447 | 0 | 5.0
1.8835193149185738 | 0 | 5.0
1.8726981516509766 | 0 | 5.0
1.8594395394808287 | 0 | 5.0
1.78793361378298 | 0 | 5.0
1.764866635460369 | 2 | -0.5
1.8376628060201923 | 2 | -0.5
1.9758871545461165 | 2 | -0.5
2.3131274102076524 | 2 | -0.5
2.769440839944206 | 2 | -0.5
3.908085818662641 | 2 | -0.5
7.539252807926135 | 2 | -0.5
14.586737505233282 | 2 | -0.5
7.571796586044294 | 2 | -0.5
4.141779739632274 | 2 | -0.5
2.8450702521569577 | 2 | -0.5
2.226738528891912 | 2 | -0.5
1.928606737101768 | 2 | -0.5
1.7016398231148588 | 2 | -0.5
1.6573047963219638 | 0 | 5.0
1.6878333769183977 | 0 | 5.0
1.6873842348313846 | 0 | 5.0
1.7317576615725263 | 0 | 5.0
1.7630818961345773 | 0 | 5.0
1.8148327223140346 | 0 | 5.0
1.8804259660782805 | 0 | 5.0
1.9206670772919356 | 0 | 5.0
Total reward: 3531.5
