1.8, 1.1, 4.0, -0.3, -1.8, 6.8, 3.2, 1.2, -2.6, -0.4, 3.5, -0.8, -0.4, -1.2, 6.0, 3.8, 4.8, -6.0
parameter ends

state | action | reward
[3.45] | 2 | -0.5
2.5376212934820384 | 2 | -0.5
2.1143882842284487 | 2 | -0.5
1.8137210614651382 | 2 | -0.5
1.6986156287952308 | 2 | -0.5
1.6415527987098906 | 0 | 5.0
1.6922529267462234 | 0 | 5.0
1.6686676672462502 | 0 | 5.0
1.7416374937471055 | 0 | 5.0
1.73177990169192 | 0 | 5.0
1.7426013329466652 | 2 | -0.5
1.7948399132986603 | 0 | 5.0
1.7868370383833356 | 0 | 5.0
1.7275458715707481 | 0 | 5.0
1.7399104166039634 | 2 | -0.5
1.7506195567937155 | 0 | 5.0
1.72226846248746 | 0 | 5.0
1.689749449485247 | 0 | 5.0
1.6586491590688899 | 2 | -0.5
1.7993143250077694 | 1 | -0.5
1.6540904080849441 | 2 | -0.5
1.7087774306754788 | 1 | -0.5
1.5766782661133814 | 2 | -0.5
1.6985654051132522 | 1 | -0.5
1.5623821128805837 | 2 | -0.5
1.5809445639229862 | 1 | -0.5
1.525465904494204 | 2 | -0.5
1.5670720008285903 | 2 | -0.5
1.7147918163768643 | 1 | -0.5
1.5690690471207192 | 2 | -0.5
1.6677408385378487 | 1 | -0.5
1.4818960942070714 | 2 | -0.5
1.5932484550098671 | 2 | -0.5
1.706475440879909 | 1 | -0.5
1.4739129606711387 | 2 | -0.5
1.6655066260527525 | 1 | -0.5
1.478772885681094 | 2 | -0.5
1.5451033055793824 | 2 | -0.5
1.8219883364083374 | 0 | 5.0
1.671820143939185 | 0 | 5.0
1.4049829188879162 | 2 | -0.5
1.768734741657686 | 0 | 5.0
1.4252771130300408 | 0 | 5.0
1.2510199044271364 | 0 | 5.0
1.0080380609764523 | 0 | 5.0
0.7133987572318979 | 2 | -0.5
0.8836625636665704 | 0 | 5.0
0.6200993868192128 | 0 | 5.0
0.7667727804562149 | 0 | 5.0
0.8592324321367256 | 0 | 5.0
0.9408981317085034 | 0 | 5.0
1.010542989407003 | 0 | 5.0
1.1009630584278838 | 0 | 5.0
1.235829642778127 | 2 | -0.5
1.1265520538029286 | 0 | 5.0
1.2083281207979342 | 0 | 5.0
1.268671991485718 | 0 | 5.0
1.3190387545514823 | 0 | 5.0
1.3612602807717615 | 0 | 5.0
1.4448138376900796 | 0 | 5.0
1.5123167472546986 | 0 | 5.0
1.5322547930679162 | 0 | 5.0
1.612219259867893 | 0 | 5.0
1.6597278713936543 | 2 | -0.5
1.5912262493056364 | 0 | 5.0
1.6301527479152693 | 0 | 5.0
1.6380443681143302 | 0 | 5.0
1.681134879747336 | 2 | -0.5
1.68495431426732 | 0 | 5.0
1.6629936132490082 | 0 | 5.0
1.674950999010022 | 0 | 5.0
1.6690410549685122 | 0 | 5.0
1.6224732064019594 | 2 | -0.5
1.6639357783560622 | 0 | 5.0
1.6408046690214007 | 1 | -0.5
1.5303882296938731 | 2 | -0.5
1.585287114087141 | 1 | -0.5
1.4898678654119162 | 2 | -0.5
1.587338753066755 | 1 | -0.5
1.5148112809288223 | 2 | -0.5
1.5882534214226969 | 1 | -0.5
1.497638333540097 | 2 | -0.5
1.5537121419968833 | 2 | -0.5
1.6981251584706836 | 1 | -0.5
1.4912778585660604 | 2 | -0.5
1.585255731680361 | 1 | -0.5
1.4572067524814123 | 2 | -0.5
1.5780066519179248 | 1 | -0.5
1.438587141685925 | 2 | -0.5
1.522998315908365 | 2 | -0.5
1.6819366446792092 | 1 | -0.5
1.4666711910543004 | 2 | -0.5
1.59822855765054 | 1 | -0.5
1.4514969261229835 | 2 | -0.5
1.5977361395432514 | 1 | -0.5
1.3686724098165202 | 2 | -0.5
1.582009194012641 | 1 | -0.5
1.4144619857876548 | 2 | -0.5
1.6042046247116488 | 0 | 5.0
1.3917888966814305 | 2 | -0.5
1.7234722130552178 | 0 | 5.0
1.4170098085269258 | 0 | 5.0
1.1416925697182192 | 2 | -0.5
1.4362655163587972 | 0 | 5.0
1.0390494572528755 | 0 | 5.0
0.6425712613697566 | 0 | 5.0
0.7230654494540747 | 2 | -0.5
0.6857838008001388 | 0 | 5.0
0.8310877807692938 | 0 | 5.0
0.8661904160003625 | 0 | 5.0
0.9288132701604412 | 0 | 5.0
0.9910873696393742 | 0 | 5.0
1.045861118243333 | 0 | 5.0
1.125274958299689 | 0 | 5.0
1.2484538967482324 | 0 | 5.0
1.29342197813657 | 0 | 5.0
1.408492096161666 | 2 | -0.5
1.3430342629375809 | 0 | 5.0
1.3634457365804382 | 0 | 5.0
1.4217217388270562 | 0 | 5.0
1.4138397370768878 | 0 | 5.0
1.4740244060121364 | 0 | 5.0
1.538295468365732 | 0 | 5.0
1.5485004046634518 | 0 | 5.0
1.5945513398220084 | 0 | 5.0
1.592836216439247 | 0 | 5.0
1.6061301362331157 | 0 | 5.0
1.6612098590765036 | 0 | 5.0
1.6525550884847517 | 0 | 5.0
1.6679688608535677 | 0 | 5.0
1.7101357158811803 | 0 | 5.0
1.6850002940122524 | 0 | 5.0
1.670634343386363 | 0 | 5.0
1.6591842017892333 | 0 | 5.0
1.6691047610001943 | 0 | 5.0
1.68325016234347 | 0 | 5.0
1.6422263216515247 | 0 | 5.0
1.6578684859339 | 0 | 5.0
1.6313633156932215 | 0 | 5.0
1.6482629400928126 | 0 | 5.0
1.6542048842985335 | 0 | 5.0
1.6730343115598056 | 0 | 5.0
1.665113679100464 | 0 | 5.0
1.6270298304971098 | 0 | 5.0
1.6267243985134099 | 0 | 5.0
1.6714455802802646 | 0 | 5.0
1.6772374444635796 | 0 | 5.0
1.7172678142404192 | 0 | 5.0
1.6786884849859376 | 0 | 5.0
1.7523569110834472 | 0 | 5.0
1.7337436399438648 | 0 | 5.0
1.7098905570664316 | 0 | 5.0
1.7590155823478257 | 0 | 5.0
1.77700833165474 | 0 | 5.0
1.7689848510386212 | 0 | 5.0
1.7071429598389634 | 0 | 5.0
1.7586311022959094 | 0 | 5.0
1.7766927046484244 | 0 | 5.0
1.766541125431079 | 0 | 5.0
1.8091624525667382 | 0 | 5.0
1.7971841325745896 | 0 | 5.0
1.7961167995469351 | 0 | 5.0
1.7478814249828687 | 0 | 5.0
1.786091847173894 | 0 | 5.0
1.7771722603151852 | 0 | 5.0
1.7800317882979633 | 0 | 5.0
1.8132999773397205 | 0 | 5.0
1.762074662753795 | 0 | 5.0
1.7361968700445298 | 0 | 5.0
1.751050101161714 | 0 | 5.0
1.7768295375442984 | 2 | -0.5
1.7987641048620508 | 0 | 5.0
1.6976716375077667 | 0 | 5.0
1.7177362576402027 | 0 | 5.0
1.6235914539573393 | 2 | -0.5
1.8281119569143311 | 1 | -0.5
1.6221974531724552 | 2 | -0.5
1.7168693933819643 | 1 | -0.5
1.5992222850032678 | 2 | -0.5
1.733840344563702 | 1 | -0.5
1.5905675094452532 | 2 | -0.5
1.6755121226274616 | 1 | -0.5
1.5624593489449503 | 2 | -0.5
1.6774922566676513 | 2 | -0.5
1.773363056241419 | 1 | -0.5
1.5938070758742557 | 2 | -0.5
1.7814372522826003 | 1 | -0.5
1.5245995849074998 | 2 | -0.5
1.6633293221634968 | 1 | -0.5
1.5031255171366609 | 2 | -0.5
1.6478390812648964 | 2 | -0.5
1.9531750145626712 | 0 | 5.0
1.7330325727743237 | 0 | 5.0
1.4762243097149859 | 2 | -0.5
1.8352782909490726 | 0 | 5.0
1.4648944858576143 | 0 | 5.0
1.09225438068916 | 0 | 5.0
0.707728510110837 | 2 | -0.5
0.9943948997999462 | 0 | 5.0
0.6271387833823354 | 0 | 5.0
0.7085245896031744 | 0 | 5.0
0.7860740820603427 | 0 | 5.0
0.8279337469997351 | 0 | 5.0
0.8919665875731966 | 0 | 5.0
1.0146320108086004 | 0 | 5.0
1.0068559154720553 | 0 | 5.0
1.1212428005469544 | 0 | 5.0
1.1317391246490256 | 0 | 5.0
1.1961004916356974 | 0 | 5.0
1.2753206985242656 | 0 | 5.0
1.3169064142719336 | 0 | 5.0
1.3894856522555286 | 0 | 5.0
1.3894929073809619 | 0 | 5.0
1.4521657571366122 | 0 | 5.0
1.4966200740446303 | 0 | 5.0
1.5768432712379972 | 0 | 5.0
1.5765200080297501 | 0 | 5.0
1.5812190319288566 | 0 | 5.0
1.6849309752025277 | 0 | 5.0
1.7013360949111587 | 0 | 5.0
1.6960908329385216 | 0 | 5.0
1.7059792958227842 | 0 | 5.0
1.7400497116281326 | 0 | 5.0
1.7771729836039156 | 0 | 5.0
1.7647477266467146 | 0 | 5.0
1.8316270312545146 | 0 | 5.0
1.7977903723148447 | 0 | 5.0
1.8859613885236572 | 0 | 5.0
1.9364617466727467 | 0 | 5.0
1.9492313622103115 | 0 | 5.0
1.974031141274572 | 0 | 5.0
2.039025261112369 | 0 | 5.0
2.0911157301944003 | 2 | -0.5
2.0310266480361463 | 0 | 5.0
2.0883002610715344 | 0 | 5.0
2.007427603501015 | 0 | 5.0
2.032835163585377 | 0 | 5.0
2.055246967962405 | 0 | 5.0
2.0278302330958797 | 0 | 5.0
2.0220106801340543 | 0 | 5.0
1.991329132828444 | 0 | 5.0
1.9606712835816247 | 0 | 5.0
1.9633359420046081 | 0 | 5.0
1.9426856096880216 | 0 | 5.0
1.9412995020447306 | 0 | 5.0
1.9324718468699886 | 0 | 5.0
1.941362340760289 | 0 | 5.0
1.921958800589529 | 0 | 5.0
1.8912727202707604 | 0 | 5.0
1.9470820654074523 | 0 | 5.0
1.8873374852509464 | 0 | 5.0
1.8880949653355843 | 0 | 5.0
1.875798449608368 | 0 | 5.0
1.8043829104797515 | 0 | 5.0
1.8622375827061328 | 0 | 5.0
1.8451804243526737 | 0 | 5.0
1.810152916773514 | 0 | 5.0
1.8122072141490826 | 0 | 5.0
1.8027615592800017 | 0 | 5.0
1.782033784250171 | 0 | 5.0
1.7496196803924142 | 0 | 5.0
1.738088432432691 | 0 | 5.0
1.8027563185633686 | 0 | 5.0
1.7382985868270775 | 0 | 5.0
1.7864410809185978 | 2 | -0.5
1.7567199206514383 | 0 | 5.0
1.754660065135598 | 0 | 5.0
1.7074628125445659 | 0 | 5.0
1.6527395961754905 | 2 | -0.5
1.7645894104516737 | 1 | -0.5
1.6406132358532448 | 2 | -0.5
1.7388060752338073 | 1 | -0.5
1.661540419518349 | 2 | -0.5
1.7374574572489445 | 1 | -0.5
1.6304388210326937 | 2 | -0.5
1.7654092073348229 | 1 | -0.5
1.6214990480352869 | 2 | -0.5
1.7160006950931206 | 1 | -0.5
1.60519171406784 | 2 | -0.5
1.7724575286286741 | 1 | -0.5
1.5875124264372096 | 2 | -0.5
1.7174155667528086 | 1 | -0.5
1.6163908442084804 | 2 | -0.5
1.7314678923353672 | 1 | -0.5
1.5758790814325918 | 2 | -0.5
1.662030200843673 | 2 | -0.5
1.8669658093248467 | 1 | -0.5
1.612084045140528 | 2 | -0.5
1.7356987102288164 | 1 | -0.5
1.572898509391408 | 2 | -0.5
1.7243792209219708 | 1 | -0.5
1.5300964716685728 | 2 | -0.5
1.6607330404031302 | 1 | -0.5
1.434192181762109 | 2 | -0.5
1.6053824242467742 | 2 | -0.5
1.803770076778809 | 0 | 5.0
1.5505148153179045 | 2 | -0.5
1.840496563818321 | 0 | 5.0
1.5753622963095435 | 0 | 5.0
1.3666771811963758 | 2 | -0.5
1.8250530583193292 | 0 | 5.0
1.4234699337651109 | 0 | 5.0
0.9671184849951511 | 0 | 5.0
0.6034279474593466 | 0 | 5.0
0.7491841165592399 | 0 | 5.0
0.8009453559611076 | 0 | 5.0
0.8913110820787076 | 0 | 5.0
0.9821583162562234 | 0 | 5.0
1.0194145105657786 | 0 | 5.0
1.115937375579517 | 0 | 5.0
1.1770994520822389 | 0 | 5.0
1.2570320227492529 | 0 | 5.0
1.314364044754253 | 0 | 5.0
1.4372147261352592 | 2 | -0.5
1.3361654162374388 | 0 | 5.0
1.4132062359767639 | 0 | 5.0
1.412268468709255 | 0 | 5.0
1.4900680843495357 | 0 | 5.0
1.542565840364989 | 0 | 5.0
1.5304003784313298 | 0 | 5.0
1.5915206476043233 | 0 | 5.0
1.6553836030317983 | 2 | -0.5
1.6337191558933502 | 0 | 5.0
1.6459022175800002 | 0 | 5.0
1.67841098246683 | 0 | 5.0
1.6834198742803128 | 0 | 5.0
1.637754443514614 | 0 | 5.0
1.6409631250667456 | 2 | -0.5
1.6618854239832663 | 0 | 5.0
1.6111984506515762 | 0 | 5.0
1.633282235443089 | 2 | -0.5
1.686947689703973 | 1 | -0.5
1.581634620056197 | 2 | -0.5
1.697008555750356 | 1 | -0.5
1.5615214459343032 | 2 | -0.5
1.649358272648977 | 1 | -0.5
1.5724133209639022 | 2 | -0.5
1.6341594255122731 | 1 | -0.5
1.5505540276365999 | 2 | -0.5
1.621326157129287 | 1 | -0.5
1.4800205538408706 | 2 | -0.5
1.6129741817949452 | 1 | -0.5
1.5288030917249227 | 2 | -0.5
1.6419579518913685 | 1 | -0.5
1.4539105544331166 | 2 | -0.5
1.6048417449248622 | 1 | -0.5
1.4646949558969902 | 2 | -0.5
1.6412804017253382 | 1 | -0.5
1.418282244775951 | 2 | -0.5
1.5113206490155502 | 2 | -0.5
1.7028728993465314 | 1 | -0.5
1.4900806474218458 | 2 | -0.5
1.6607494797310434 | 1 | -0.5
1.4609164502528347 | 2 | -0.5
1.5650561294632626 | 1 | -0.5
1.4021476585469246 | 2 | -0.5
1.5399060429518034 | 1 | -0.5
1.339887053995989 | 2 | -0.5
1.4526356425034932 | 2 | -0.5
1.648757483654632 | 0 | 5.0
1.4750706286486421 | 2 | -0.5
1.859264826838412 | 0 | 5.0
1.5143868517571737 | 0 | 5.0
1.1644440472657243 | 0 | 5.0
0.8467521095426856 | 0 | 5.0
0.7071505560548849 | 2 | -0.5
0.6718020136424729 | 0 | 5.0
0.7155195382458652 | 0 | 5.0
0.7822396235050925 | 0 | 5.0
0.8546228543678365 | 0 | 5.0
0.9875403113150362 | 0 | 5.0
1.0311403850301855 | 0 | 5.0
1.137002410156938 | 0 | 5.0
1.2368742392705316 | 0 | 5.0
1.2913833059729969 | 2 | -0.5
1.227934451918237 | 0 | 5.0
1.2880128805405302 | 0 | 5.0
1.3651712916711436 | 0 | 5.0
1.405124115924965 | 0 | 5.0
1.4390592440549757 | 0 | 5.0
1.4743210946272824 | 0 | 5.0
1.4929623460446735 | 0 | 5.0
1.5259598134895072 | 0 | 5.0
1.6045590134084173 | 0 | 5.0
1.625460784772472 | 0 | 5.0
1.7093448663570778 | 0 | 5.0
1.7247443849466135 | 0 | 5.0
1.7771456467043447 | 0 | 5.0
1.8547494412366867 | 0 | 5.0
1.8940578009247824 | 2 | -0.5
1.8110280869813382 | 0 | 5.0
1.8710544157413496 | 0 | 5.0
1.840629380776905 | 0 | 5.0
1.8522663302667612 | 1 | -0.5
1.9465274976091638 | 2 | -0.5
1.8774563006440248 | 1 | -0.5
1.8952982028704675 | 2 | -0.5
1.869787015652694 | 1 | -0.5
1.873606007729519 | 2 | -0.5
1.874918294992213 | 1 | -0.5
1.947961793843558 | 2 | -0.5
1.9001887213289903 | 1 | -0.5
1.9798262214028364 | 2 | -0.5
1.9330338562281826 | 1 | -0.5
1.9615648646129906 | 1 | -0.5
2.123895636311273 | 2 | -0.5
1.9970810775132888 | 1 | -0.5
2.1582806768977427 | 2 | -0.5
2.022124632183023 | 1 | -0.5
2.1490230558131582 | 2 | -0.5
2.0249289527185543 | 1 | -0.5
2.1546796992652375 | 1 | -0.5
2.3270345387718745 | 2 | -0.5
2.1855330139237545 | 1 | -0.5
2.411102407258054 | 2 | -0.5
2.2170252497374197 | 1 | -0.5
2.5914344711556594 | 2 | -0.5
2.3355348863652483 | 1 | -0.5
2.6530283770565357 | 1 | -0.5
3.1277495782375637 | 2 | -0.5
2.664954343046659 | 1 | -0.5
3.254218648259232 | 2 | -0.5
2.7321363417671627 | 1 | -0.5
3.259371882782803 | 1 | -0.5
3.391285705562431 | 0 | 5.0
3.214060816630602 | 0 | 5.0
3.152712003383209 | 0 | 5.0
2.9490567052849457 | 0 | 5.0
2.8618669631242835 | 0 | 5.0
2.7574798138938874 | 0 | 5.0
2.6090687377001496 | 0 | 5.0
2.4818782706047755 | 0 | 5.0
2.383198822604149 | 1 | -0.5
2.219366089931247 | 0 | 5.0
2.0863133646175682 | 0 | 5.0
2.0934330349984673 | 0 | 5.0
2.013706735867876 | 0 | 5.0
1.9370622967612583 | 1 | -0.5
1.776175210715857 | 0 | 5.0
1.7061169829567107 | 0 | 5.0
1.6909714268228966 | 0 | 5.0
1.6591164446958646 | 0 | 5.0
1.6577667399071043 | 0 | 5.0
1.5851830331537415 | 0 | 5.0
1.5391840044936802 | 0 | 5.0
1.5276024247468585 | 0 | 5.0
1.4988009830224114 | 0 | 5.0
1.4693678870074294 | 0 | 5.0
1.4773463938551203 | 0 | 5.0
1.3985526314828103 | 0 | 5.0
1.36091518162639 | 0 | 5.0
1.3656411728313553 | 1 | -0.5
1.2525340522342598 | 0 | 5.0
1.2523473639609202 | 0 | 5.0
1.2269622173860137 | 2 | -0.5
1.294737137590555 | 1 | -0.5
1.170961073502484 | 2 | -0.5
1.253085286041572 | 1 | -0.5
1.2312585837685697 | 2 | -0.5
1.2542627415791656 | 1 | -0.5
1.2234204187116011 | 2 | -0.5
1.2191054398791823 | 1 | -0.5
1.148765162585125 | 2 | -0.5
1.2004864853750472 | 1 | -0.5
1.1328082503001102 | 2 | -0.5
1.1902745613172703 | 1 | -0.5
1.142058407018146 | 2 | -0.5
1.1758066016852735 | 2 | -0.5
1.2539468197100356 | 1 | -0.5
1.1496977140768443 | 2 | -0.5
1.246890952782381 | 1 | -0.5
1.0909979565781072 | 2 | -0.5
1.1456266748285824 | 2 | -0.5
1.3594757800516821 | 1 | -0.5
1.1515365170520993 | 2 | -0.5
1.3846629163420745 | 0 | 5.0
1.1891366680618924 | 0 | 5.0
0.9126768486142492 | 2 | -0.5
1.207579942499567 | 0 | 5.0
0.9014573229537104 | 0 | 5.0
0.6282113542104338 | 0 | 5.0
0.5000338902476972 | 0 | 5.0
0.5812909432899269 | 0 | 5.0
0.7120954891438381 | 0 | 5.0
0.8220096867865577 | 0 | 5.0
0.9131067773189234 | 2 | -0.5
0.9151772599246967 | 0 | 5.0
0.9374377358852607 | 0 | 5.0
0.9997861871770075 | 0 | 5.0
1.0776978784509104 | 0 | 5.0
1.1296415664536517 | 0 | 5.0
1.197017743217177 | 0 | 5.0
1.2349290002152427 | 0 | 5.0
1.3307773173770157 | 0 | 5.0
1.3858852668923374 | 0 | 5.0
1.4227073083525206 | 0 | 5.0
1.531195209594989 | 2 | -0.5
1.4478795763969505 | 0 | 5.0
1.533733971542811 | 0 | 5.0
1.5359519291450006 | 0 | 5.0
1.5993801774968963 | 0 | 5.0
1.5800546324254712 | 0 | 5.0
1.6382671501697952 | 0 | 5.0
1.6252776609258697 | 2 | -0.5
1.6320502241673576 | 0 | 5.0
1.5890187285238062 | 0 | 5.0
1.594130291893383 | 0 | 5.0
1.585335046111246 | 2 | -0.5
1.6323068896684094 | 0 | 5.0
1.6403681397491916 | 1 | -0.5
1.4807811978476737 | 2 | -0.5
1.5601048262146453 | 1 | -0.5
1.479180292618138 | 2 | -0.5
1.561297024913021 | 1 | -0.5
1.4665022445553557 | 2 | -0.5
1.4891017252861274 | 2 | -0.5
1.6100259291539631 | 1 | -0.5
1.486609916512223 | 2 | -0.5
1.5669498263288428 | 1 | -0.5
1.4799348782748307 | 2 | -0.5
1.5868555904866533 | 1 | -0.5
1.4774454012453062 | 2 | -0.5
1.5323518114337709 | 1 | -0.5
1.4056995093851656 | 2 | -0.5
1.4851704933419827 | 1 | -0.5
1.3467289123626434 | 2 | -0.5
1.5069423250416745 | 2 | -0.5
1.6111195212114686 | 1 | -0.5
1.455107818564911 | 2 | -0.5
1.6331429396779917 | 1 | -0.5
1.4010289639031395 | 2 | -0.5
1.4996014470793952 | 1 | -0.5
1.3428120379635748 | 2 | -0.5
1.5082450793249367 | 1 | -0.5
1.2441857340492046 | 2 | -0.5
1.4223841247501792 | 2 | -0.5
1.6415728663916656 | 0 | 5.0
1.4362879749669655 | 2 | -0.5
1.8662839746740816 | 0 | 5.0
1.4565174456013965 | 0 | 5.0
1.162411083449451 | 0 | 5.0
0.8769360435959048 | 0 | 5.0
0.5921999488692135 | 0 | 5.0
0.6654481863104706 | 0 | 5.0
0.8211117173990846 | 2 | -0.5
0.7315839514726128 | 0 | 5.0
0.8372761314455223 | 0 | 5.0
0.8830838064731098 | 0 | 5.0
0.9552160102569875 | 0 | 5.0
1.0321115586159102 | 0 | 5.0
1.1317325197479637 | 0 | 5.0
1.213293594197952 | 0 | 5.0
1.2789230851032292 | 0 | 5.0
1.3876520359718778 | 2 | -0.5
1.2712512158508005 | 0 | 5.0
1.3186330740785395 | 0 | 5.0
1.3581652230725525 | 0 | 5.0
1.392779908082987 | 0 | 5.0
1.4273165583901533 | 0 | 5.0
1.4749205924401243 | 0 | 5.0
1.479836411387438 | 0 | 5.0
1.5337804056978277 | 0 | 5.0
1.5573158043937814 | 0 | 5.0
1.5448508379817112 | 0 | 5.0
1.6207938777645987 | 0 | 5.0
1.6080209367567242 | 0 | 5.0
1.5971265387805982 | 0 | 5.0
1.610405560102812 | 0 | 5.0
1.6246753232849742 | 0 | 5.0
1.6502828786616937 | 0 | 5.0
1.6812546723872543 | 0 | 5.0
1.695732750146585 | 0 | 5.0
1.676359190544464 | 0 | 5.0
1.7202683929699873 | 0 | 5.0
1.7508924449793475 | 0 | 5.0
1.7573333296172846 | 0 | 5.0
1.7712188904049482 | 0 | 5.0
1.7449653123904139 | 0 | 5.0
1.7635488563424668 | 0 | 5.0
1.775172917768906 | 0 | 5.0
1.8090493009584374 | 0 | 5.0
1.8038848813412536 | 0 | 5.0
1.8428609390915598 | 0 | 5.0
1.851347915348124 | 0 | 5.0
1.9076460756173403 | 0 | 5.0
1.9053909056694012 | 0 | 5.0
1.9673977143163226 | 0 | 5.0
1.9825161638847397 | 0 | 5.0
2.0278440439933734 | 0 | 5.0
2.1002836451313414 | 0 | 5.0
2.1228295100842898 | 0 | 5.0
2.171893248313357 | 2 | -0.5
2.0967851165301767 | 0 | 5.0
2.138297701044375 | 0 | 5.0
2.1062497969519116 | 0 | 5.0
2.1377853123653168 | 0 | 5.0
2.156578876546074 | 0 | 5.0
2.157921073686837 | 0 | 5.0
2.1805917269813464 | 0 | 5.0
2.216970508486276 | 0 | 5.0
2.218344092991866 | 0 | 5.0
2.250753054309398 | 0 | 5.0
2.2061919908793253 | 0 | 5.0
2.2613294315582264 | 0 | 5.0
2.2425747125399624 | 0 | 5.0
2.2661497994489466 | 0 | 5.0
2.2335036211896355 | 0 | 5.0
2.213484712382394 | 0 | 5.0
2.2427669860476276 | 0 | 5.0
2.2427528836388437 | 2 | -0.5
2.297173981785172 | 0 | 5.0
2.2319123111134185 | 0 | 5.0
2.1787861308578043 | 0 | 5.0
2.113781744126621 | 2 | -0.5
2.2816674053534975 | 0 | 5.0
2.1325463513935436 | 0 | 5.0
2.08840691206736 | 2 | -0.5
2.3146896494832703 | 1 | -0.5
2.0797363192598444 | 0 | 5.0
2.000039630964019 | 2 | -0.5
2.17708522674269 | 1 | -0.5
1.9798063800457935 | 2 | -0.5
2.1303824535573184 | 1 | -0.5
1.9291444819399273 | 2 | -0.5
2.1254444193427426 | 1 | -0.5
1.9037516764315605 | 2 | -0.5
2.105813482799443 | 1 | -0.5
1.873813540799517 | 2 | -0.5
2.11740231949454 | 1 | -0.5
1.8293104660623496 | 2 | -0.5
2.0275709170153022 | 2 | -0.5
2.3613997045335724 | 0 | 5.0
2.139768812673659 | 0 | 5.0
1.904120751185795 | 2 | -0.5
2.3243748525134045 | 0 | 5.0
2.01768579917364 | 0 | 5.0
1.7796837615173533 | 0 | 5.0
1.5798855244036216 | 2 | -0.5
2.1761305379684517 | 0 | 5.0
1.7327264710954655 | 0 | 5.0
1.2528201755083457 | 0 | 5.0
0.795471054407387 | 0 | 5.0
0.7500831737803612 | 0 | 5.0
0.8505982149430746 | 0 | 5.0
0.9763815787754755 | 0 | 5.0
1.0364230680059372 | 0 | 5.0
1.151906508778344 | 2 | -0.5
1.102383797805578 | 0 | 5.0
1.1310529802674434 | 0 | 5.0
1.2050665958897337 | 0 | 5.0
1.1993977772796192 | 0 | 5.0
1.256507197330893 | 0 | 5.0
1.3001826568694552 | 0 | 5.0
1.3095116317640685 | 0 | 5.0
1.3781517129817844 | 0 | 5.0
1.4234928248278222 | 0 | 5.0
1.4820630161977706 | 0 | 5.0
1.4931430745298506 | 0 | 5.0
1.5709248034270082 | 0 | 5.0
1.6361243281541664 | 0 | 5.0
1.6711141063046013 | 0 | 5.0
1.6676009545773482 | 0 | 5.0
1.7398997759573107 | 0 | 5.0
1.7586006044744422 | 0 | 5.0
1.7832731270366262 | 0 | 5.0
1.859338942236725 | 0 | 5.0
1.8518686205736457 | 0 | 5.0
1.9136644356859323 | 0 | 5.0
1.9307849048175127 | 0 | 5.0
1.9146451218336082 | 0 | 5.0
1.9786101957039695 | 0 | 5.0
1.9478497076664159 | 0 | 5.0
2.0067337015202487 | 0 | 5.0
2.0200342455560447 | 0 | 5.0
2.1018375125711044 | 0 | 5.0
2.1164553902035306 | 0 | 5.0
2.203098943123433 | 0 | 5.0
2.1791077495978395 | 0 | 5.0
2.185573356264704 | 2 | -0.5
2.179710561350163 | 0 | 5.0
2.2139080512259386 | 0 | 5.0
2.2460261912359867 | 0 | 5.0
2.204809160756959 | 0 | 5.0
2.180376536340474 | 0 | 5.0
2.225905398053761 | 0 | 5.0
2.217056258006058 | 0 | 5.0
2.2246751105696676 | 0 | 5.0
2.221808914617285 | 0 | 5.0
2.2097127896530813 | 0 | 5.0
2.224711245866426 | 0 | 5.0
2.200110830741588 | 0 | 5.0
2.2287488047893786 | 0 | 5.0
2.283815414141262 | 0 | 5.0
2.239520324345176 | 0 | 5.0
2.2582256678425665 | 0 | 5.0
2.263148159730058 | 0 | 5.0
2.2382298039946584 | 0 | 5.0
2.2608129444812013 | 0 | 5.0
2.2736550106408986 | 0 | 5.0
2.286676837099693 | 0 | 5.0
2.2864990267646794 | 0 | 5.0
2.2619211946888482 | 0 | 5.0
2.2865168823751763 | 0 | 5.0
2.286672534538858 | 2 | -0.5
2.3453208518653605 | 0 | 5.0
2.3011068415492315 | 0 | 5.0
2.2499434021565605 | 0 | 5.0
2.251697841288909 | 0 | 5.0
2.1568057073523033 | 0 | 5.0
2.098575760778623 | 2 | -0.5
2.1802406055047814 | 0 | 5.0
2.1502624106514827 | 0 | 5.0
2.098967669169549 | 0 | 5.0
1.958023198067403 | 2 | -0.5
2.1168247884617357 | 1 | -0.5
1.8677931991482601 | 2 | -0.5
2.022709345024792 | 1 | -0.5
1.9045971609657144 | 2 | -0.5
2.0272684114343416 | 2 | -0.5
2.329189709454341 | 0 | 5.0
2.122609755776617 | 0 | 5.0
1.9590367753713998 | 2 | -0.5
2.3651652924596736 | 0 | 5.0
2.1534432969127026 | 0 | 5.0
1.9543635610665477 | 0 | 5.0
1.5366887339887874 | 2 | -0.5
2.114047432587712 | 0 | 5.0
1.7055101486423843 | 0 | 5.0
1.3884751892636042 | 0 | 5.0
1.0777482153777342 | 0 | 5.0
0.7246849458150626 | 0 | 5.0
0.8038232007969405 | 0 | 5.0
0.9401539110457551 | 0 | 5.0
1.062852673421541 | 2 | -0.5
1.0144199631779476 | 0 | 5.0
0.9935126125099254 | 0 | 5.0
1.131888619118037 | 0 | 5.0
1.1945302178198103 | 0 | 5.0
1.206015094925934 | 0 | 5.0
1.3153192181666649 | 0 | 5.0
1.3455296057496198 | 0 | 5.0
1.4321042255830179 | 0 | 5.0
1.510984376659581 | 0 | 5.0
1.5488816786567512 | 0 | 5.0
1.6610695906389048 | 2 | -0.5
1.6147230574062867 | 0 | 5.0
1.632032563091547 | 0 | 5.0
1.6312906784771877 | 0 | 5.0
1.674949361929721 | 0 | 5.0
1.66677731567726 | 0 | 5.0
1.7420366547422865 | 2 | -0.5
1.751705428437305 | 0 | 5.0
1.6960544987212638 | 0 | 5.0
1.6932884500485412 | 0 | 5.0
1.7269576993206435 | 2 | -0.5
1.7174488392605607 | 0 | 5.0
1.6978413495914304 | 0 | 5.0
1.67990026184389 | 0 | 5.0
1.6002608050205822 | 2 | -0.5
1.6507724889318949 | 1 | -0.5
1.5330849916186358 | 2 | -0.5
1.645697119556325 | 1 | -0.5
1.5125339083133555 | 2 | -0.5
1.609178664847043 | 2 | -0.5
1.7762524020716692 | 1 | -0.5
1.567861166929321 | 2 | -0.5
1.7194544628602004 | 1 | -0.5
1.5334196839965153 | 2 | -0.5
1.6813927574501792 | 1 | -0.5
1.4686178370043752 | 2 | -0.5
1.634480834585023 | 1 | -0.5
1.4612879944364487 | 2 | -0.5
1.5934558984904388 | 2 | -0.5
1.8886764614051084 | 0 | 5.0
1.7575958262944633 | 0 | 5.0
1.5330739456910516 | 0 | 5.0
1.2697993884714844 | 2 | -0.5
1.5989764506849145 | 0 | 5.0
1.2032722806489253 | 0 | 5.0
0.8560063545625611 | 0 | 5.0
0.6676116906838372 | 2 | -0.5
0.6526429865499045 | 0 | 5.0
0.7080673857621992 | 0 | 5.0
0.8043816958423029 | 0 | 5.0
0.937445291719768 | 0 | 5.0
0.9873158238974654 | 0 | 5.0
1.0283966788502201 | 0 | 5.0
1.0647574832808722 | 0 | 5.0
1.1995231248158396 | 0 | 5.0
1.2730812019724547 | 0 | 5.0
1.354287855384759 | 0 | 5.0
1.4160024930634187 | 0 | 5.0
1.4869957213695335 | 0 | 5.0
1.5662039272277852 | 0 | 5.0
1.6425126782952202 | 0 | 5.0
1.7371755034808818 | 0 | 5.0
1.8070092000286273 | 0 | 5.0
1.8864130029691213 | 0 | 5.0
1.915219309144266 | 0 | 5.0
2.0281261728793587 | 2 | -0.5
1.907795358973332 | 0 | 5.0
1.9745172243561682 | 0 | 5.0
2.0218228605174824 | 0 | 5.0
2.0600458545648475 | 0 | 5.0
2.115797218636177 | 2 | -0.5
2.06797102527132 | 0 | 5.0
2.0869406580922947 | 0 | 5.0
2.087864879456693 | 0 | 5.0
2.10151204499477 | 1 | -0.5
2.1445873707455467 | 2 | -0.5
2.069963317709158 | 1 | -0.5
2.147310714612641 | 2 | -0.5
2.1403424821598422 | 1 | -0.5
2.177179021618923 | 2 | -0.5
2.1509891592094346 | 1 | -0.5
2.1660389618123648 | 2 | -0.5
2.0962457796862717 | 1 | -0.5
2.236543863939424 | 2 | -0.5
2.149551904146174 | 1 | -0.5
2.2531395444311566 | 2 | -0.5
2.1244979750378827 | 1 | -0.5
2.2554083104437863 | 1 | -0.5
2.4064095252495776 | 2 | -0.5
2.221293626356854 | 1 | -0.5
2.4509567854792706 | 2 | -0.5
2.2336961061548606 | 1 | -0.5
2.488391690303206 | 2 | -0.5
2.3041748640203914 | 1 | -0.5
2.4713185123412957 | 1 | -0.5
2.908992184997306 | 2 | -0.5
2.545000896484238 | 1 | -0.5
2.9226262281544377 | 2 | -0.5
2.5782281369874136 | 1 | -0.5
2.952812087998698 | 2 | -0.5
2.6407990557893006 | 1 | -0.5
3.0208915879116924 | 1 | -0.5
3.8017092339725247 | 0 | 5.0
3.5970901894959746 | 0 | 5.0
3.410650181027719 | 0 | 5.0
3.2737794845183914 | 0 | 5.0
3.1435540089601086 | 1 | -0.5
2.739692946448808 | 0 | 5.0
2.609154507249917 | 0 | 5.0
2.5578370521022085 | 0 | 5.0
2.3831045742057593 | 0 | 5.0
2.296686500432652 | 0 | 5.0
2.2361284770485543 | 0 | 5.0
2.1917691898942446 | 1 | -0.5
1.9841199368949363 | 0 | 5.0
1.9607137774353045 | 0 | 5.0
1.8719648744837167 | 0 | 5.0
1.8447827475080567 | 0 | 5.0
1.8329318104382302 | 0 | 5.0
1.756112171003262 | 0 | 5.0
1.666424831562884 | 0 | 5.0
1.5975628557221957 | 0 | 5.0
1.5533839272793981 | 1 | -0.5
1.4361433251082156 | 0 | 5.0
1.3956634755519954 | 0 | 5.0
1.3660961030695784 | 0 | 5.0
1.2639917470990674 | 0 | 5.0
1.2614883508143278 | 1 | -0.5
1.1597950891380717 | 0 | 5.0
1.1222811748653567 | 0 | 5.0
1.1452897192260012 | 0 | 5.0
1.1511533321400993 | 0 | 5.0
1.1138441230719693 | 0 | 5.0
1.0892711176548457 | 1 | -0.5
1.0724127795465497 | 2 | -0.5
1.0937070840453769 | 1 | -0.5
1.0246113214522987 | 2 | -0.5
1.110735381779359 | 1 | -0.5
1.0669991525053155 | 2 | -0.5
1.066839114614072 | 1 | -0.5
1.0235744500807882 | 2 | -0.5
1.0998568972535452 | 1 | -0.5
1.0189287326764238 | 2 | -0.5
1.0867909730884047 | 1 | -0.5
0.9980726509520326 | 2 | -0.5
1.075079129249135 | 2 | -0.5
1.1182116751439262 | 1 | -0.5
1.0444516347471877 | 2 | -0.5
1.183333064656952 | 1 | -0.5
1.0312022541704768 | 2 | -0.5
1.1255910417009465 | 1 | -0.5
1.0174116152087163 | 2 | -0.5
1.0995136928567295 | 1 | -0.5
1.0039187341259215 | 2 | -0.5
1.0682448927884831 | 1 | -0.5
0.94177564022115 | 2 | -0.5
1.0161663648371972 | 2 | -0.5
1.1589265443971752 | 1 | -0.5
0.9638862361215804 | 2 | -0.5
1.0246482049076795 | 2 | -0.5
1.137674831886942 | 0 | 5.0
0.9205432806382098 | 0 | 5.0
0.6898505233370005 | 2 | -0.5
0.8171652427102674 | 0 | 5.0
0.42335586794941266 | 0 | 5.0
0.5428259432852051 | 0 | 5.0
0.6499712279564718 | 0 | 5.0
0.7256045497893497 | 0 | 5.0
0.8505157141098528 | 0 | 5.0
0.9302465447401081 | 0 | 5.0
1.022105178050165 | 0 | 5.0
1.1028109010853262 | 2 | -0.5
1.0818236662084932 | 0 | 5.0
1.100378843551814 | 0 | 5.0
1.150336584432753 | 0 | 5.0
1.2067351134219668 | 0 | 5.0
1.220874062198051 | 0 | 5.0
1.2690995455732463 | 0 | 5.0
1.3573307327601138 | 0 | 5.0
1.4212428089581421 | 0 | 5.0
1.4864536022196049 | 0 | 5.0
1.4789353315733045 | 0 | 5.0
1.5238439665408474 | 2 | -0.5
1.535446599039729 | 0 | 5.0
1.5790715872500525 | 0 | 5.0
1.522745419911314 | 0 | 5.0
1.5343127252002469 | 0 | 5.0
1.5951679002237147 | 0 | 5.0
1.569412445466559 | 2 | -0.5
1.5860597906129776 | 0 | 5.0
1.5690179998151232 | 0 | 5.0
1.524333692961992 | 2 | -0.5
1.5940045583150837 | 0 | 5.0
1.5519952846935658 | 1 | -0.5
1.4378797461856165 | 2 | -0.5
1.4983991041989946 | 1 | -0.5
1.432663092650934 | 2 | -0.5
1.4797633721150776 | 2 | -0.5
1.5902942254992225 | 1 | -0.5
1.4862949177045712 | 2 | -0.5
1.6072462573865085 | 1 | -0.5
1.4402127263198856 | 2 | -0.5
1.5452013376808076 | 1 | -0.5
1.4430423451841807 | 2 | -0.5
1.5148185543168533 | 1 | -0.5
1.3975278913443296 | 2 | -0.5
1.5490188289942408 | 1 | -0.5
1.362063163004371 | 2 | -0.5
1.4777167581086141 | 2 | -0.5
1.7006593091781348 | 1 | -0.5
1.415259995936859 | 2 | -0.5
1.542145008129161 | 1 | -0.5
1.3563534599934701 | 2 | -0.5
1.58267667442721 | 1 | -0.5
1.329794811699824 | 2 | -0.5
1.533593680049191 | 1 | -0.5
1.2957200525696186 | 2 | -0.5
1.4458355224078119 | 2 | -0.5
1.73849474678855 | 0 | 5.0
1.5094428224525727 | 0 | 5.0
1.334762230059476 | 0 | 5.0
0.999272197531506 | 0 | 5.0
0.7166985410695881 | 2 | -0.5
0.8450959879778089 | 0 | 5.0
0.6353889855999851 | 0 | 5.0
0.697948473880487 | 0 | 5.0
0.7855702375889068 | 0 | 5.0
0.9125342508392497 | 0 | 5.0
1.0027347159222801 | 0 | 5.0
1.149305237407812 | 2 | -0.5
1.0370086760099717 | 0 | 5.0
1.0893922766232245 | 0 | 5.0
1.1623372374139656 | 0 | 5.0
1.1993628803873242 | 0 | 5.0
1.2538062008843789 | 0 | 5.0
1.2821219707362668 | 0 | 5.0
1.3187992058415419 | 0 | 5.0
1.3918203981129897 | 0 | 5.0
1.4792383871575454 | 0 | 5.0
1.4940024236299774 | 0 | 5.0
1.6002609192650823 | 0 | 5.0
1.654945163625628 | 2 | -0.5
1.6034227710813902 | 0 | 5.0
1.6247292330660708 | 0 | 5.0
1.6814889386582614 | 0 | 5.0
1.7308318783131187 | 0 | 5.0
1.7495286041218618 | 0 | 5.0
1.7384616941076854 | 0 | 5.0
1.7748409366616145 | 0 | 5.0
1.8014342856469656 | 0 | 5.0
1.8305309384834407 | 0 | 5.0
1.9010484395831666 | 0 | 5.0
1.9039627250631292 | 0 | 5.0
1.9056256375056657 | 0 | 5.0
1.9563105726226837 | 0 | 5.0
1.9736905976652328 | 0 | 5.0
2.017926682466024 | 0 | 5.0
2.0974991947043558 | 0 | 5.0
2.113402079967706 | 0 | 5.0
2.166303545062548 | 0 | 5.0
2.2385803911158844 | 2 | -0.5
2.171354447804998 | 0 | 5.0
2.1959410842298612 | 0 | 5.0
2.1423329682996566 | 0 | 5.0
2.2241104219992534 | 0 | 5.0
2.1933285643669898 | 0 | 5.0
Total reward: 2882.5
