-1.6, -4.5, 4.0, -2.8, -2.2, -2.6, -4.5, 2.3, 2.3, -1.2, 0.2, 0.0, 1.1, -0.8, -2.3, 5.8, 0.4, 2.2
parameter ends

state | action | reward
[1.71] | 2 | -0.5
1.966248093636114 | 2 | -0.5
2.3596561550181328 | 2 | -0.5
3.1437022887746644 | 2 | -0.5
5.536706879583228 | 2 | -0.5
6.606555963490246 | 2 | -0.5
6.679428602703343 | 2 | -0.5
7.216533480797824 | 2 | -0.5
3.114552668815951 | 2 | -0.5
2.4969914228744865 | 2 | -0.5
2.2073996609800974 | 2 | -0.5
2.049342399112854 | 2 | -0.5
1.9666924390023364 | 2 | -0.5
1.9365992725899834 | 2 | -0.5
2.0384524296856976 | 2 | -0.5
2.110958470963526 | 2 | -0.5
2.337977290815886 | 2 | -0.5
2.7676777045199343 | 2 | -0.5
6.380250465251766 | 2 | -0.5
5.73771428463141 | 2 | -0.5
5.418414888167044 | 2 | -0.5
5.394432579355096 | 2 | -0.5
5.5392036687423545 | 2 | -0.5
3.375454459636413 | 2 | -0.5
2.3615274369983807 | 2 | -0.5
1.928957207632802 | 2 | -0.5
1.7535401085484725 | 2 | -0.5
1.6219518217721693 | 2 | -0.5
1.5615043380561786 | 2 | -0.5
1.5724682245791866 | 2 | -0.5
1.6552137393118038 | 2 | -0.5
1.7965095693828956 | 2 | -0.5
2.0101094977286595 | 2 | -0.5
2.5309746649229004 | 2 | -0.5
3.5442195547766264 | 2 | -0.5
5.665938067232607 | 2 | -0.5
6.471139677671741 | 2 | -0.5
6.649241805857416 | 2 | -0.5
6.894453810786314 | 2 | -0.5
3.608165546027393 | 2 | -0.5
2.742031785475099 | 2 | -0.5
2.2191463668521045 | 2 | -0.5
2.01787670798795 | 2 | -0.5
1.9294710062456335 | 2 | -0.5
1.85473069611334 | 2 | -0.5
1.9559242690669016 | 2 | -0.5
2.0194396613540935 | 2 | -0.5
2.1491488273595785 | 2 | -0.5
2.472552078923988 | 2 | -0.5
2.932948822057727 | 2 | -0.5
6.111585045633783 | 2 | -0.5
5.662128831725048 | 2 | -0.5
5.452200470965188 | 2 | -0.5
5.52015260226247 | 2 | -0.5
4.500757687823172 | 2 | -0.5
2.8954311061465843 | 2 | -0.5
2.26477787988348 | 2 | -0.5
1.949837138864628 | 2 | -0.5
1.7126994591817908 | 2 | -0.5
1.6043023133479763 | 2 | -0.5
1.6347934678668246 | 2 | -0.5
1.6286247375306298 | 2 | -0.5
1.7826653553690146 | 2 | -0.5
1.971176714741514 | 2 | -0.5
2.2273056223430037 | 2 | -0.5
2.6629063951761682 | 2 | -0.5
3.8269522301886583 | 2 | -0.5
6.4986599350813306 | 2 | -0.5
6.347870752117484 | 2 | -0.5
6.496869323592692 | 2 | -0.5
6.81059377590424 | 2 | -0.5
3.408975227267545 | 2 | -0.5
2.5134773674963986 | 2 | -0.5
2.123629945654195 | 2 | -0.5
1.9402128544350856 | 2 | -0.5
1.8143991794232763 | 2 | -0.5
1.7620403352064846 | 2 | -0.5
1.835160228095188 | 2 | -0.5
1.9496516832815525 | 2 | -0.5
2.150529369916847 | 2 | -0.5
2.5306528483931 | 2 | -0.5
6.435268379872917 | 2 | -0.5
5.831558280078322 | 2 | -0.5
5.503939154102551 | 2 | -0.5
5.402560575822126 | 2 | -0.5
5.4756485161021535 | 2 | -0.5
3.862321996647825 | 2 | -0.5
2.555772169470794 | 2 | -0.5
1.980559759670623 | 2 | -0.5
1.6884010336884827 | 2 | -0.5
1.517114890679631 | 2 | -0.5
1.496352575836141 | 2 | -0.5
1.4799856796249122 | 2 | -0.5
1.5462280451540413 | 2 | -0.5
1.6650790766901733 | 2 | -0.5
1.883717743365532 | 2 | -0.5
2.318593688234182 | 2 | -0.5
3.152167068582844 | 2 | -0.5
5.410502248454266 | 2 | -0.5
6.442816532448492 | 2 | -0.5
6.499519766127079 | 2 | -0.5
6.820733802601868 | 2 | -0.5
3.3222766226194307 | 2 | -0.5
2.6053090656736817 | 2 | -0.5
2.1935187810428194 | 2 | -0.5
2.0240179167910672 | 2 | -0.5
1.8865659124636769 | 2 | -0.5
1.9019611703980663 | 2 | -0.5
1.8874739721273512 | 2 | -0.5
2.0118389552850493 | 2 | -0.5
2.139054844615374 | 2 | -0.5
2.5608818310931816 | 2 | -0.5
6.641128851280973 | 2 | -0.5
6.006548902603037 | 2 | -0.5
5.656405062855375 | 2 | -0.5
5.5804389053479735 | 2 | -0.5
5.7750625386370205 | 2 | -0.5
3.527748778630128 | 2 | -0.5
2.684580813391979 | 2 | -0.5
2.099545137273779 | 2 | -0.5
1.799450404870451 | 2 | -0.5
1.6509045191463176 | 2 | -0.5
1.550168714846307 | 2 | -0.5
1.5625937383233082 | 2 | -0.5
1.5911809142514894 | 2 | -0.5
1.6860189033281838 | 2 | -0.5
1.8686732176648964 | 2 | -0.5
2.1297211008040655 | 2 | -0.5
2.6811388956344264 | 2 | -0.5
4.089864408340266 | 2 | -0.5
6.346367280455393 | 2 | -0.5
6.32381634917721 | 2 | -0.5
6.580462370709458 | 2 | -0.5
7.069362340067219 | 2 | -0.5
2.792757566546533 | 2 | -0.5
2.393364582721185 | 2 | -0.5
2.0985007314617903 | 2 | -0.5
1.9342587830182243 | 2 | -0.5
1.9413362843714628 | 2 | -0.5
1.9397193145239187 | 2 | -0.5
1.9962448106741257 | 2 | -0.5
2.0697993116989317 | 2 | -0.5
2.339384626968873 | 2 | -0.5
2.689962462323593 | 2 | -0.5
6.595385265146922 | 2 | -0.5
5.951309260261082 | 2 | -0.5
5.613939282229356 | 2 | -0.5
5.567590778179473 | 2 | -0.5
5.111939410490105 | 2 | -0.5
2.893721563320224 | 2 | -0.5
2.2431019557869756 | 2 | -0.5
1.800276990338418 | 2 | -0.5
1.6093383204446852 | 2 | -0.5
1.4933794415973083 | 2 | -0.5
1.4490367103710273 | 2 | -0.5
1.4278667094325863 | 2 | -0.5
1.4475542390987106 | 2 | -0.5
1.6222079962072067 | 2 | -0.5
1.9064011769391138 | 2 | -0.5
2.3323327892880905 | 2 | -0.5
3.0759822226492965 | 2 | -0.5
5.818921691280588 | 2 | -0.5
6.270369188767358 | 2 | -0.5
6.335005774176289 | 2 | -0.5
6.6134771975998925 | 2 | -0.5
7.136017078066193 | 2 | -0.5
3.0665829915832234 | 2 | -0.5
2.392945797040625 | 2 | -0.5
2.089066971366511 | 2 | -0.5
1.95222999473004 | 2 | -0.5
1.9082840572794386 | 2 | -0.5
1.8966297202972733 | 2 | -0.5
1.9800112987050063 | 2 | -0.5
2.155250724365661 | 2 | -0.5
2.4652510666300493 | 2 | -0.5
3.131985015762713 | 2 | -0.5
6.123121466738035 | 2 | -0.5
5.656034427660563 | 2 | -0.5
5.568240071158916 | 2 | -0.5
5.657426577066424 | 2 | -0.5
3.3992915418670866 | 2 | -0.5
2.4281998638194273 | 2 | -0.5
1.9791994396924226 | 2 | -0.5
1.7172655997963049 | 2 | -0.5
1.5396061555864573 | 2 | -0.5
1.4610617163053186 | 2 | -0.5
1.4832581724769691 | 2 | -0.5
1.498401645248342 | 2 | -0.5
1.5819140277503712 | 2 | -0.5
1.8183695397589403 | 2 | -0.5
2.1407983622301843 | 2 | -0.5
2.8434271207586077 | 2 | -0.5
4.572420438908141 | 2 | -0.5
6.245427338050272 | 2 | -0.5
6.217880092535584 | 2 | -0.5
6.36718074690807 | 2 | -0.5
6.729199165618065 | 2 | -0.5
3.142668733525499 | 2 | -0.5
2.5067912179146132 | 2 | -0.5
2.1706918293365414 | 2 | -0.5
2.0149157521613197 | 2 | -0.5
1.9726746028768745 | 2 | -0.5
1.9491647672562564 | 2 | -0.5
2.023449877146772 | 2 | -0.5
2.1212590029625797 | 2 | -0.5
2.4320772733784697 | 2 | -0.5
2.905565355374273 | 2 | -0.5
6.408978472911529 | 2 | -0.5
5.969609583390855 | 2 | -0.5
5.7958489528521016 | 2 | -0.5
5.7514002292232815 | 2 | -0.5
4.609008775475278 | 2 | -0.5
2.7166390914449896 | 2 | -0.5
2.1067339114072237 | 2 | -0.5
1.7380087932840529 | 2 | -0.5
1.5987611523521372 | 2 | -0.5
1.5031045832432488 | 2 | -0.5
1.523967746980254 | 2 | -0.5
1.5184303250149684 | 2 | -0.5
1.5373722963046543 | 2 | -0.5
1.7395298579218934 | 2 | -0.5
2.1066855698713365 | 2 | -0.5
2.5803257669782815 | 2 | -0.5
3.611126324832875 | 2 | -0.5
6.299433206745455 | 2 | -0.5
6.232556428239628 | 2 | -0.5
6.552836630363272 | 2 | -0.5
7.109686652345227 | 2 | -0.5
2.9206957819657613 | 2 | -0.5
2.554578236692827 | 2 | -0.5
2.2297092286356524 | 2 | -0.5
2.055101366627712 | 2 | -0.5
1.9936744512706521 | 2 | -0.5
2.000697454499509 | 2 | -0.5
2.011060912919796 | 2 | -0.5
2.137137825747916 | 2 | -0.5
2.369632979591506 | 2 | -0.5
2.872888902900397 | 2 | -0.5
6.638600436998351 | 2 | -0.5
6.029268093793769 | 2 | -0.5
5.774759869116128 | 2 | -0.5
5.701621714918529 | 2 | -0.5
4.820902187080048 | 2 | -0.5
3.0376867972588264 | 2 | -0.5
2.235887495095729 | 2 | -0.5
1.790442145803171 | 2 | -0.5
1.5951092834395972 | 2 | -0.5
1.4522610166596668 | 2 | -0.5
1.4254994939437118 | 2 | -0.5
1.4207448451947395 | 2 | -0.5
1.5101976596907767 | 2 | -0.5
1.6130684596591764 | 2 | -0.5
1.876567783329447 | 2 | -0.5
2.3218493319459186 | 2 | -0.5
3.425770120587488 | 2 | -0.5
5.537895394224491 | 2 | -0.5
6.200170049169335 | 2 | -0.5
6.263594847645614 | 2 | -0.5
6.662838638795103 | 2 | -0.5
3.4317834234151743 | 2 | -0.5
2.7536204959927 | 2 | -0.5
2.3969244008769235 | 2 | -0.5
2.191724445278798 | 2 | -0.5
2.103598817811471 | 2 | -0.5
2.024452853713402 | 2 | -0.5
2.0083017109006414 | 2 | -0.5
2.1300721911218066 | 2 | -0.5
2.3135203540975433 | 2 | -0.5
2.5889603295461745 | 2 | -0.5
3.0021709572645476 | 2 | -0.5
6.4158098586100065 | 2 | -0.5
5.958113372805594 | 2 | -0.5
5.772085500126828 | 2 | -0.5
5.796926109700028 | 2 | -0.5
3.516315158237792 | 2 | -0.5
2.475767370472875 | 2 | -0.5
1.9206084359268918 | 2 | -0.5
1.6325202794161986 | 2 | -0.5
1.5224915897566045 | 2 | -0.5
1.4646054933439399 | 2 | -0.5
1.4591222450643866 | 2 | -0.5
1.4721196902435854 | 2 | -0.5
1.5257118631247992 | 2 | -0.5
1.6845453078463486 | 2 | -0.5
1.8966391484744818 | 2 | -0.5
2.352407543744811 | 2 | -0.5
3.153494159648308 | 2 | -0.5
5.295195197106028 | 2 | -0.5
6.281421853434536 | 2 | -0.5
6.35476614458104 | 2 | -0.5
6.681814235288636 | 2 | -0.5
3.758363292394874 | 2 | -0.5
2.8934686409425865 | 2 | -0.5
2.432605985868074 | 2 | -0.5
2.199489483007395 | 2 | -0.5
2.0733902209131148 | 2 | -0.5
2.0553169695561695 | 2 | -0.5
2.0290999333354116 | 2 | -0.5
2.1951818642435685 | 2 | -0.5
2.468440455706494 | 2 | -0.5
2.9597856806395364 | 2 | -0.5
6.337371254620353 | 2 | -0.5
5.848571714188586 | 2 | -0.5
5.612228073177847 | 2 | -0.5
5.596676716481685 | 2 | -0.5
4.0000528700801 | 2 | -0.5
2.565322080999606 | 2 | -0.5
2.0298163719743108 | 2 | -0.5
1.7131349320295353 | 2 | -0.5
1.5647474089377236 | 2 | -0.5
1.4598826655948376 | 2 | -0.5
1.4256607211590397 | 2 | -0.5
1.4542334290215215 | 2 | -0.5
1.4828805874240067 | 2 | -0.5
1.589363624800646 | 2 | -0.5
1.8236865869707575 | 2 | -0.5
2.1702545973391385 | 2 | -0.5
2.856198464654131 | 2 | -0.5
4.515760184346 | 2 | -0.5
6.3718734676998015 | 2 | -0.5
6.46068274685647 | 2 | -0.5
6.853357799210044 | 2 | -0.5
3.4711464668234204 | 2 | -0.5
2.7780625809353396 | 2 | -0.5
2.4663414557904595 | 2 | -0.5
2.1651276808575086 | 2 | -0.5
2.0282175033620415 | 2 | -0.5
2.014301471473369 | 2 | -0.5
2.0337267826271357 | 2 | -0.5
2.1081539436211556 | 2 | -0.5
2.22888749933891 | 2 | -0.5
2.619268944639034 | 2 | -0.5
6.940921650198903 | 2 | -0.5
6.117468623800985 | 2 | -0.5
5.7279953844753395 | 2 | -0.5
5.645273726603182 | 2 | -0.5
5.737778839694492 | 2 | -0.5
3.2528621594470644 | 2 | -0.5
2.2565791027125868 | 2 | -0.5
1.8344041934096673 | 2 | -0.5
1.6023991638298516 | 2 | -0.5
1.517070962947275 | 2 | -0.5
1.438680500690956 | 2 | -0.5
1.415756601418877 | 2 | -0.5
1.3989667663992302 | 2 | -0.5
1.527250121499481 | 2 | -0.5
1.6686140521120794 | 2 | -0.5
1.9735381848378797 | 2 | -0.5
2.751824082451146 | 2 | -0.5
4.457203593727356 | 2 | -0.5
6.23605015934111 | 2 | -0.5
6.344543870232242 | 2 | -0.5
6.6605410627679555 | 2 | -0.5
3.630252441772307 | 2 | -0.5
2.7021628061253784 | 2 | -0.5
2.262545148875246 | 2 | -0.5
2.0913760271240114 | 2 | -0.5
1.9986963890965972 | 2 | -0.5
1.943915880582713 | 2 | -0.5
2.011010797930831 | 2 | -0.5
2.13275617471006 | 2 | -0.5
2.3863215759311154 | 2 | -0.5
2.833302553709422 | 2 | -0.5
6.618814717307752 | 2 | -0.5
6.023286928719585 | 2 | -0.5
5.687900875288571 | 2 | -0.5
5.696259970540345 | 2 | -0.5
5.141310148572874 | 2 | -0.5
2.8903511955863586 | 2 | -0.5
2.119126484363936 | 2 | -0.5
1.8010609014006147 | 2 | -0.5
1.613987934493006 | 2 | -0.5
1.4252951893312353 | 2 | -0.5
1.4127518854356371 | 2 | -0.5
1.4370928010756758 | 2 | -0.5
1.4635529576119006 | 2 | -0.5
1.5512845035075344 | 2 | -0.5
1.8297397258873007 | 2 | -0.5
2.2836214981923173 | 2 | -0.5
3.0757006705862033 | 2 | -0.5
5.672967007347603 | 2 | -0.5
6.275279131523286 | 2 | -0.5
6.356066287713765 | 2 | -0.5
6.632700741855268 | 2 | -0.5
3.5189111241034463 | 2 | -0.5
2.786928818668601 | 2 | -0.5
2.3901704569797215 | 2 | -0.5
2.1747747002248747 | 2 | -0.5
2.051584797321035 | 2 | -0.5
2.005897429791623 | 2 | -0.5
2.044557398759363 | 2 | -0.5
2.2227634479312592 | 2 | -0.5
2.410174694225551 | 2 | -0.5
2.7578423602446853 | 2 | -0.5
6.538547983279178 | 2 | -0.5
5.954931507074804 | 2 | -0.5
5.5791834711430734 | 2 | -0.5
5.545782142177054 | 2 | -0.5
4.4655255242909755 | 2 | -0.5
2.608846132056155 | 2 | -0.5
2.0076618175539602 | 2 | -0.5
1.6993388393794215 | 2 | -0.5
1.4513319852910578 | 2 | -0.5
1.3740743082073765 | 2 | -0.5
1.3630397868691366 | 2 | -0.5
1.3286170962024932 | 2 | -0.5
1.3792148564479036 | 2 | -0.5
1.5045129990911676 | 2 | -0.5
1.7393115325659352 | 2 | -0.5
2.1108667258505385 | 2 | -0.5
2.995477103431649 | 2 | -0.5
6.404757791059885 | 2 | -0.5
6.3195754697461055 | 2 | -0.5
6.462578635573767 | 2 | -0.5
6.971749956857938 | 2 | -0.5
3.224177502782165 | 2 | -0.5
2.6566208220443683 | 2 | -0.5
2.3050890302470717 | 2 | -0.5
2.0842833648485355 | 2 | -0.5
2.002543195871942 | 2 | -0.5
2.054598406452781 | 2 | -0.5
2.136861716177612 | 2 | -0.5
2.345925870725377 | 2 | -0.5
2.691561506272873 | 2 | -0.5
6.799840216768272 | 2 | -0.5
6.071704903974412 | 2 | -0.5
5.663232603218154 | 2 | -0.5
5.571926615091645 | 2 | -0.5
5.622987462258513 | 2 | -0.5
3.316710441041789 | 2 | -0.5
2.263387807942901 | 2 | -0.5
1.6967876097167738 | 2 | -0.5
1.471913366576122 | 2 | -0.5
1.3303198835653254 | 2 | -0.5
1.271173222522797 | 2 | -0.5
1.2039990050132312 | 2 | -0.5
1.2394272129216781 | 2 | -0.5
1.3167962084464644 | 2 | -0.5
1.4200734417640843 | 2 | -0.5
1.6074580047350402 | 2 | -0.5
1.9296425327259128 | 2 | -0.5
2.60425846191885 | 2 | -0.5
4.459508612323204 | 2 | -0.5
6.320942300319612 | 2 | -0.5
6.408625705367411 | 2 | -0.5
6.724948476809367 | 2 | -0.5
3.817575723933532 | 2 | -0.5
3.0333479305383397 | 2 | -0.5
2.623074754932738 | 2 | -0.5
2.3502965820391086 | 2 | -0.5
2.225518356410692 | 2 | -0.5
2.1488847118979026 | 2 | -0.5
2.2045275480337474 | 2 | -0.5
2.358299701483384 | 2 | -0.5
2.579973047974387 | 2 | -0.5
3.065589322926372 | 2 | -0.5
6.613521275735577 | 2 | -0.5
6.022401058692357 | 2 | -0.5
5.675365996997935 | 2 | -0.5
5.633274038399192 | 2 | -0.5
4.99674920966884 | 2 | -0.5
2.653022966677402 | 2 | -0.5
1.9714506287099882 | 2 | -0.5
1.6685797167352576 | 2 | -0.5
1.4577964050464782 | 2 | -0.5
1.2942907689893228 | 2 | -0.5
1.2825145896679637 | 2 | -0.5
1.2448576309890091 | 2 | -0.5
1.2572735121348149 | 2 | -0.5
1.3246420659252789 | 2 | -0.5
1.5000245211763525 | 2 | -0.5
1.6674779757506897 | 2 | -0.5
1.9910109276083867 | 2 | -0.5
2.795605113737803 | 2 | -0.5
5.765026860714261 | 2 | -0.5
6.2205325990250175 | 2 | -0.5
6.341292799682454 | 2 | -0.5
6.925551100567497 | 2 | -0.5
3.5613908466234983 | 2 | -0.5
2.874497928478108 | 2 | -0.5
2.4495873912569626 | 2 | -0.5
2.2494260557609618 | 2 | -0.5
2.220937663478859 | 2 | -0.5
2.1771934977965874 | 2 | -0.5
2.2202463495169296 | 2 | -0.5
2.3460668881929316 | 2 | -0.5
2.6515224239590856 | 2 | -0.5
3.0967338105749294 | 2 | -0.5
6.7684152460529505 | 2 | -0.5
6.086632599715858 | 2 | -0.5
5.7960673920425645 | 2 | -0.5
5.702810943275694 | 2 | -0.5
4.165882983829565 | 2 | -0.5
2.4689031991514447 | 2 | -0.5
1.7572867972112038 | 2 | -0.5
1.4468650345132317 | 2 | -0.5
1.291432958481257 | 2 | -0.5
1.2407965060854476 | 2 | -0.5
1.1858756285695238 | 2 | -0.5
1.1864253009774148 | 2 | -0.5
1.1878463639232888 | 2 | -0.5
1.30383744293979 | 2 | -0.5
1.427675638920358 | 2 | -0.5
1.614614955991334 | 2 | -0.5
2.0920192188675473 | 2 | -0.5
3.1333260394091815 | 2 | -0.5
6.302221408787064 | 2 | -0.5
6.235103906164445 | 2 | -0.5
6.529047857403171 | 2 | -0.5
7.043587046843293 | 2 | -0.5
3.6068142762786612 | 2 | -0.5
2.994160893678207 | 2 | -0.5
2.6333725465608113 | 2 | -0.5
2.4798873856668093 | 2 | -0.5
2.3518074788631673 | 2 | -0.5
2.381798812963324 | 2 | -0.5
2.5019521707207266 | 2 | -0.5
2.7926602116569685 | 2 | -0.5
3.180608610577693 | 2 | -0.5
6.886539568139744 | 2 | -0.5
6.314489175276087 | 2 | -0.5
5.86412313295803 | 2 | -0.5
5.714420486075455 | 2 | -0.5
4.13716379439253 | 2 | -0.5
2.2926399048585435 | 2 | -0.5
1.6137793453355758 | 2 | -0.5
1.3322031302531803 | 2 | -0.5
1.1542938118278763 | 2 | -0.5
1.0500086096764727 | 2 | -0.5
1.006753735354759 | 2 | -0.5
1.0058417689265633 | 2 | -0.5
0.9959350730977151 | 2 | -0.5
1.0198640704150645 | 2 | -0.5
1.1422543616289915 | 2 | -0.5
1.245733336134834 | 2 | -0.5
1.5141420486574348 | 0 | 5.0
1.2616950637565245 | 0 | 5.0
1.0220022618026703 | 0 | 5.0
0.7636242722870223 | 0 | -200.0
Total reward: -452.5
