-2.8, 1.1, -2.3, 0.2, -1.6, 4.9, 3.9, -1.1, -0.7, -3.8, -4.4, 2.3, -3.9, -2.2, 5.9, -2.8, 1.5, -1.1
parameter ends

state | action | reward
[5.05] | 2 | -0.5
4.829323863701401 | 2 | -0.5
3.036552802516625 | 2 | -0.5
2.5000765619059893 | 2 | -0.5
2.1586700807078736 | 2 | -0.5
1.8741090947102645 | 2 | -0.5
1.7718829699553393 | 2 | -0.5
1.718368338264964 | 2 | -0.5
1.7533967198171847 | 2 | -0.5
1.8470315614746968 | 2 | -0.5
2.016269190386927 | 2 | -0.5
2.219749674281656 | 2 | -0.5
2.838671643449923 | 2 | -0.5
3.6906821232900446 | 2 | -0.5
6.464428304348498 | 2 | -0.5
6.930610025936087 | 2 | -0.5
7.096294817180253 | 2 | -0.5
4.038290655767836 | 2 | -0.5
2.8926964410811427 | 2 | -0.5
2.217463144167704 | 2 | -0.5
1.8885408660722192 | 2 | -0.5
1.644516813551337 | 2 | -0.5
1.6100847990325702 | 2 | -0.5
1.6258120315761944 | 2 | -0.5
1.717937799127281 | 2 | -0.5
1.9085728871748096 | 2 | -0.5
2.11049216514784 | 2 | -0.5
5.971658382298201 | 2 | -0.5
5.320783390313708 | 2 | -0.5
4.999543728431448 | 2 | -0.5
4.960410779311488 | 2 | -0.5
5.063170335761645 | 2 | -0.5
4.290108818671374 | 2 | -0.5
3.2159162198837903 | 2 | -0.5
2.564878489774303 | 2 | -0.5
2.1123185934843125 | 2 | -0.5
1.990702320136053 | 2 | -0.5
1.9066845301350044 | 2 | -0.5
1.8496302662722444 | 2 | -0.5
1.9203636932288688 | 2 | -0.5
2.0228158368682903 | 2 | -0.5
2.250780401425739 | 2 | -0.5
2.5394763149143973 | 2 | -0.5
3.22769440672324 | 2 | -0.5
4.530674763255873 | 2 | -0.5
7.120661728721725 | 2 | -0.5
6.91740896637788 | 2 | -0.5
6.983118473122182 | 2 | -0.5
3.722854172897737 | 2 | -0.5
2.661210361674226 | 2 | -0.5
2.120978868886879 | 2 | -0.5
1.8126159882794253 | 2 | -0.5
1.6355805155096688 | 2 | -0.5
1.5476808319045052 | 2 | -0.5
1.4874147184897446 | 2 | -0.5
1.5415644754017108 | 2 | -0.5
1.5704455342007149 | 2 | -0.5
1.7116474994668092 | 2 | -0.5
2.00488968514431 | 2 | -0.5
2.387801678500897 | 2 | -0.5
5.400041454860707 | 2 | -0.5
5.08299262276847 | 2 | -0.5
5.021833691098506 | 2 | -0.5
5.079198340973507 | 2 | -0.5
4.541262762821588 | 2 | -0.5
3.0794587895554337 | 2 | -0.5
2.475933538019739 | 2 | -0.5
2.190896108667132 | 2 | -0.5
2.0164098185872406 | 2 | -0.5
1.9426880347569284 | 2 | -0.5
1.9471376444817328 | 2 | -0.5
1.9671955627927504 | 2 | -0.5
2.1310692434793292 | 2 | -0.5
2.3332642940681296 | 2 | -0.5
2.7047008176843916 | 2 | -0.5
3.537697062691714 | 2 | -0.5
5.288339110518027 | 2 | -0.5
7.052691153228696 | 2 | -0.5
7.016132388133329 | 2 | -0.5
7.224469059441662 | 2 | -0.5
3.2243869576119923 | 2 | -0.5
2.2845976880201473 | 2 | -0.5
1.910936389612909 | 2 | -0.5
1.6844380281754274 | 2 | -0.5
1.5916887901253225 | 2 | -0.5
1.543566074401736 | 2 | -0.5
1.5620807234385539 | 2 | -0.5
1.5934934150914133 | 2 | -0.5
1.695501933675553 | 2 | -0.5
1.9219957434677313 | 2 | -0.5
2.3789740606331597 | 2 | -0.5
5.603493698106688 | 2 | -0.5
5.1995279797724345 | 2 | -0.5
5.056104674666639 | 2 | -0.5
5.087600799291323 | 2 | -0.5
5.224769049260995 | 2 | -0.5
3.504080718183105 | 2 | -0.5
2.8548884186872754 | 2 | -0.5
2.356758438274406 | 2 | -0.5
2.058988272162786 | 2 | -0.5
1.9191879551598983 | 2 | -0.5
1.87474468809276 | 2 | -0.5
1.9005315201247786 | 2 | -0.5
1.9888539946766703 | 2 | -0.5
2.185274832589761 | 2 | -0.5
2.461213830740309 | 2 | -0.5
2.98093424631228 | 2 | -0.5
3.939309461914803 | 2 | -0.5
6.451311940430824 | 2 | -0.5
6.8557226469968 | 2 | -0.5
6.914355819474184 | 2 | -0.5
3.8945670566640254 | 2 | -0.5
2.6074772138423565 | 2 | -0.5
1.9907727664921038 | 2 | -0.5
1.7612198621261506 | 2 | -0.5
1.6494249554237161 | 2 | -0.5
1.5425460986767972 | 2 | -0.5
1.5445965599564409 | 2 | -0.5
1.5933806629057123 | 2 | -0.5
1.698453940956187 | 2 | -0.5
1.920773698557193 | 2 | -0.5
2.214022229617663 | 2 | -0.5
5.8115717610329085 | 2 | -0.5
5.37580580740919 | 2 | -0.5
5.124590177686868 | 2 | -0.5
5.084680725159559 | 2 | -0.5
5.208185915295206 | 2 | -0.5
3.9408571980428078 | 2 | -0.5
2.9419680220651974 | 2 | -0.5
2.3234871022902372 | 2 | -0.5
2.079988166301771 | 2 | -0.5
1.8614733461343127 | 2 | -0.5
1.8431551549445213 | 2 | -0.5
1.862567766775274 | 2 | -0.5
2.003011239040307 | 2 | -0.5
2.1632854946907534 | 2 | -0.5
2.5407057337724677 | 2 | -0.5
3.0493722095418128 | 2 | -0.5
4.238395222850397 | 2 | -0.5
7.01227266980886 | 2 | -0.5
6.80696792813683 | 2 | -0.5
6.9682537438431105 | 2 | -0.5
3.417170377124563 | 2 | -0.5
2.5503060370443453 | 2 | -0.5
1.9539553861801702 | 2 | -0.5
1.7079630464969995 | 2 | -0.5
1.5766398712433756 | 2 | -0.5
1.509995877909346 | 2 | -0.5
1.466715125540219 | 2 | -0.5
1.5172192433502278 | 2 | -0.5
1.604375634108404 | 2 | -0.5
1.8453530169134171 | 2 | -0.5
2.1339447129797136 | 2 | -0.5
5.724185098927876 | 2 | -0.5
5.337048332075244 | 2 | -0.5
5.128354268162383 | 2 | -0.5
5.110731129395608 | 2 | -0.5
5.305626730233212 | 2 | -0.5
3.9539668017274128 | 2 | -0.5
2.837695492368848 | 2 | -0.5
2.346480329483692 | 2 | -0.5
2.0842476566418804 | 2 | -0.5
1.9848377639904946 | 2 | -0.5
1.862747027966866 | 2 | -0.5
1.9132171845070896 | 2 | -0.5
2.0185098234084644 | 2 | -0.5
2.231846886687016 | 2 | -0.5
2.5627272482077927 | 2 | -0.5
3.2911164939225173 | 2 | -0.5
4.572965299190672 | 2 | -0.5
6.855460152624163 | 2 | -0.5
6.738391299783536 | 2 | -0.5
6.935865889125343 | 2 | -0.5
3.0537569583129844 | 2 | -0.5
2.3313627988448027 | 2 | -0.5
1.8863045224504307 | 2 | -0.5
1.662002030851291 | 2 | -0.5
1.5355060756727086 | 2 | -0.5
1.4505881257045505 | 2 | -0.5
1.4643560254816042 | 2 | -0.5
1.504468150536936 | 2 | -0.5
1.613541446133476 | 2 | -0.5
1.8460557622929992 | 2 | -0.5
2.1762886541407545 | 2 | -0.5
5.923454862768442 | 2 | -0.5
5.4226955731286015 | 2 | -0.5
5.171831898061634 | 2 | -0.5
5.193344697556971 | 2 | -0.5
5.40028534172378 | 2 | -0.5
4.116048574312462 | 2 | -0.5
3.067214980192037 | 2 | -0.5
2.5389187013051817 | 2 | -0.5
2.2172092942192223 | 2 | -0.5
2.0521854522290544 | 2 | -0.5
1.9286920015757156 | 2 | -0.5
1.9477080237654385 | 2 | -0.5
2.0006682190426393 | 2 | -0.5
2.158417622878528 | 2 | -0.5
2.4292138560687335 | 2 | -0.5
2.862629322159904 | 2 | -0.5
3.6329317107833807 | 2 | -0.5
5.113907610252312 | 2 | -0.5
6.811436880618506 | 2 | -0.5
6.699456324138033 | 2 | -0.5
6.903567892471264 | 2 | -0.5
3.0939385461053273 | 2 | -0.5
2.2385398011756976 | 2 | -0.5
1.8326793105894523 | 2 | -0.5
1.5774142022512871 | 2 | -0.5
1.493775593459947 | 2 | -0.5
1.412004993844613 | 2 | -0.5
1.4583187020574706 | 2 | -0.5
1.459908049828376 | 2 | -0.5
1.5319091439304329 | 2 | -0.5
1.7506400063591359 | 2 | -0.5
2.1262339629250904 | 2 | -0.5
5.865030401331951 | 2 | -0.5
5.4833373591597345 | 2 | -0.5
5.210392133409325 | 2 | -0.5
5.198510492239503 | 2 | -0.5
5.327939559419726 | 2 | -0.5
4.294041990305027 | 2 | -0.5
3.207741097672867 | 2 | -0.5
2.6199541967810345 | 2 | -0.5
2.404645912620439 | 2 | -0.5
2.152588425622932 | 2 | -0.5
2.0178133669112346 | 2 | -0.5
1.9247670114766713 | 2 | -0.5
1.962652106392211 | 2 | -0.5
2.037800171931325 | 2 | -0.5
2.2293756992641627 | 2 | -0.5
2.594783081552494 | 2 | -0.5
3.23334674422612 | 2 | -0.5
4.81116064085747 | 2 | -0.5
6.814556437109178 | 2 | -0.5
6.673592738857855 | 2 | -0.5
6.790216075034621 | 2 | -0.5
3.3207816910457404 | 2 | -0.5
2.360442212982041 | 2 | -0.5
1.9460513371719632 | 2 | -0.5
1.7054774028144752 | 2 | -0.5
1.4950411544510867 | 2 | -0.5
1.4929379214139211 | 2 | -0.5
1.4659754374417324 | 2 | -0.5
1.5333473678819778 | 2 | -0.5
1.6531066542046062 | 2 | -0.5
1.847177677966544 | 2 | -0.5
2.3231987325098 | 2 | -0.5
6.003270748115261 | 2 | -0.5
5.492937857260581 | 2 | -0.5
5.300572806797772 | 2 | -0.5
5.333490640580603 | 2 | -0.5
5.516673201394972 | 2 | -0.5
3.69769148640063 | 2 | -0.5
2.8214719814363667 | 2 | -0.5
2.3868538949599323 | 2 | -0.5
2.1551941262194574 | 2 | -0.5
2.0382666294794647 | 2 | -0.5
1.9277830304547927 | 2 | -0.5
1.9420159967549309 | 2 | -0.5
2.0356418537154792 | 2 | -0.5
2.1768298948433196 | 2 | -0.5
2.40085835769943 | 2 | -0.5
3.029761299253378 | 2 | -0.5
3.7564957202086457 | 2 | -0.5
5.971658333115404 | 2 | -0.5
6.670172368583993 | 2 | -0.5
6.628364965706644 | 2 | -0.5
6.937479955397735 | 2 | -0.5
2.6953936709585737 | 2 | -0.5
2.0182552363191633 | 2 | -0.5
1.6735746581927007 | 2 | -0.5
1.5626728506780962 | 2 | -0.5
1.4492924980472601 | 2 | -0.5
1.4272993404741225 | 2 | -0.5
1.4570512501958965 | 2 | -0.5
1.5045950848805476 | 2 | -0.5
1.728470932238078 | 2 | -0.5
1.9955876321751282 | 2 | -0.5
6.013251945178442 | 2 | -0.5
5.506681682352722 | 2 | -0.5
5.331214038469142 | 2 | -0.5
5.337749563470468 | 2 | -0.5
5.602946792475478 | 2 | -0.5
3.770610403779602 | 2 | -0.5
2.8571319570789653 | 2 | -0.5
2.380568235417872 | 2 | -0.5
2.1138277276171036 | 2 | -0.5
1.958336027400648 | 2 | -0.5
1.9452177423992665 | 2 | -0.5
1.9485743180280373 | 2 | -0.5
2.1077743979357013 | 2 | -0.5
2.314492381623736 | 2 | -0.5
2.5386316794336454 | 2 | -0.5
3.2177053995381444 | 2 | -0.5
4.412017771333169 | 2 | -0.5
6.65772135992538 | 2 | -0.5
6.577272886123068 | 2 | -0.5
6.624784215812531 | 2 | -0.5
3.6497805663226477 | 2 | -0.5
2.4814653014576855 | 2 | -0.5
1.9569128398888997 | 2 | -0.5
1.7149327251708302 | 2 | -0.5
1.503430870694992 | 2 | -0.5
1.460236877410058 | 2 | -0.5
1.3967415021999388 | 2 | -0.5
1.4091578947124048 | 2 | -0.5
1.4880516455932875 | 2 | -0.5
1.6072135592447367 | 2 | -0.5
1.8661396118471272 | 2 | -0.5
2.3407035768491373 | 2 | -0.5
5.803704133756184 | 2 | -0.5
5.4731494335090645 | 2 | -0.5
5.311157904944478 | 2 | -0.5
5.427148085695218 | 2 | -0.5
5.317832199358779 | 2 | -0.5
3.821356679997761 | 2 | -0.5
2.8891359745166927 | 2 | -0.5
2.4382621839289076 | 2 | -0.5
2.1409030786446643 | 2 | -0.5
2.0116392600366373 | 2 | -0.5
1.986446898577044 | 2 | -0.5
2.083624385752662 | 2 | -0.5
2.1616107945741057 | 2 | -0.5
2.431599544435385 | 2 | -0.5
2.93165397777565 | 2 | -0.5
3.6567161759060993 | 2 | -0.5
5.138632277221645 | 2 | -0.5
6.732636048553991 | 2 | -0.5
6.610647663692671 | 2 | -0.5
6.783857397902213 | 2 | -0.5
3.430985962275136 | 2 | -0.5
2.5179136250631853 | 2 | -0.5
2.026148637551211 | 2 | -0.5
1.752212389623694 | 2 | -0.5
1.59135806463723 | 2 | -0.5
1.5063157669055864 | 2 | -0.5
1.5330615691255993 | 2 | -0.5
1.5316455066864794 | 2 | -0.5
1.660451880197995 | 2 | -0.5
1.8993073482502825 | 2 | -0.5
2.281586282567789 | 2 | -0.5
5.877563103823351 | 2 | -0.5
5.451671927661592 | 2 | -0.5
5.321818119661609 | 2 | -0.5
5.451849199851655 | 2 | -0.5
4.053188315925509 | 2 | -0.5
3.035432163660679 | 2 | -0.5
2.448035357788424 | 2 | -0.5
2.1379675907151596 | 2 | -0.5
2.0084266006043445 | 2 | -0.5
1.922567839445659 | 2 | -0.5
1.9529311869154162 | 2 | -0.5
1.9911482929939732 | 2 | -0.5
2.157840299182978 | 2 | -0.5
2.4235913104348317 | 2 | -0.5
2.9492189642349973 | 2 | -0.5
3.6958307678792734 | 2 | -0.5
5.33659030327088 | 2 | -0.5
6.669453954259879 | 2 | -0.5
6.571013539527302 | 2 | -0.5
6.7026053538717685 | 2 | -0.5
7.0741024450641055 | 2 | -0.5
2.7881607405205098 | 2 | -0.5
2.1014542410808654 | 2 | -0.5
1.7831261531313907 | 2 | -0.5
1.624701133669348 | 2 | -0.5
1.5538211785826301 | 2 | -0.5
1.4795385331206548 | 2 | -0.5
1.545896524894109 | 2 | -0.5
1.6143796424932435 | 2 | -0.5
1.796985478880562 | 2 | -0.5
2.069912230038507 | 2 | -0.5
6.084725929395111 | 2 | -0.5
5.5301870371229285 | 2 | -0.5
5.220338145273588 | 2 | -0.5
5.140977135979957 | 2 | -0.5
5.301189179684617 | 2 | -0.5
4.025544255669674 | 2 | -0.5
3.1718198846037513 | 2 | -0.5
2.569954442745306 | 2 | -0.5
2.2969256084479537 | 2 | -0.5
2.0488072904356076 | 2 | -0.5
1.9563167466659088 | 2 | -0.5
1.9639551625636662 | 2 | -0.5
1.9794621412243192 | 2 | -0.5
2.037617792953317 | 2 | -0.5
2.2951211478492306 | 2 | -0.5
2.711067798333682 | 2 | -0.5
3.5658111160141 | 2 | -0.5
4.757508183532981 | 2 | -0.5
7.007096997458414 | 2 | -0.5
6.832938720906278 | 2 | -0.5
7.055490000005693 | 2 | -0.5
3.438368027985199 | 2 | -0.5
2.5850792153318705 | 2 | -0.5
2.006256122632214 | 2 | -0.5
1.6946791706313977 | 2 | -0.5
1.573921781042569 | 2 | -0.5
1.4632376460893426 | 2 | -0.5
1.4731503859110147 | 2 | -0.5
1.5483963201029052 | 2 | -0.5
1.6152956741944657 | 2 | -0.5
1.717290230151886 | 2 | -0.5
2.0093047080674435 | 2 | -0.5
6.006605596863645 | 2 | -0.5
5.365607823225128 | 2 | -0.5
5.065967775900839 | 2 | -0.5
5.032568666012747 | 2 | -0.5
5.137941411925569 | 2 | -0.5
4.327943313025522 | 2 | -0.5
3.1283897186221554 | 2 | -0.5
2.469272332149054 | 2 | -0.5
2.1138754190477202 | 2 | -0.5
1.9638473521193773 | 2 | -0.5
1.918061285102242 | 2 | -0.5
1.9336509471795373 | 2 | -0.5
2.012959907416221 | 2 | -0.5
2.1254130466272114 | 2 | -0.5
2.4995493043230654 | 2 | -0.5
2.9095064905691173 | 2 | -0.5
3.819095155363659 | 2 | -0.5
5.999939243919769 | 2 | -0.5
6.851309400748367 | 2 | -0.5
6.8846282244171455 | 2 | -0.5
7.204581006981425 | 2 | -0.5
2.6274874803688744 | 2 | -0.5
2.018967596665941 | 2 | -0.5
1.741464724019508 | 2 | -0.5
1.5227844963885169 | 2 | -0.5
1.4490991660503296 | 2 | -0.5
1.4285483274785673 | 2 | -0.5
1.4579117741772243 | 2 | -0.5
1.4844499647439287 | 2 | -0.5
1.6789029971149798 | 2 | -0.5
1.9331773425060788 | 2 | -0.5
5.985273309215808 | 2 | -0.5
5.425546090868349 | 2 | -0.5
5.157572017721082 | 2 | -0.5
5.062485799619831 | 2 | -0.5
5.236985921663043 | 2 | -0.5
4.568821488442956 | 2 | -0.5
3.1812194627089885 | 2 | -0.5
2.649648064358963 | 2 | -0.5
2.2395015500503326 | 2 | -0.5
2.0411259360110345 | 2 | -0.5
1.9713949180640942 | 2 | -0.5
1.9762991022840748 | 2 | -0.5
2.0281481134830175 | 2 | -0.5
2.1125929437810775 | 2 | -0.5
2.3372036961283285 | 2 | -0.5
2.671623586297523 | 2 | -0.5
3.4237326523043974 | 2 | -0.5
4.805391981978724 | 2 | -0.5
6.986421877158447 | 2 | -0.5
6.840628420665492 | 2 | -0.5
7.069425338968078 | 2 | -0.5
3.0148939476105965 | 2 | -0.5
2.1968953615153617 | 2 | -0.5
1.8025105520791342 | 2 | -0.5
1.610674692623449 | 2 | -0.5
1.5231795771447236 | 2 | -0.5
1.453292503611751 | 2 | -0.5
1.47888650635625 | 2 | -0.5
1.5547874284545595 | 2 | -0.5
1.7045287916036844 | 2 | -0.5
1.9381929842490007 | 2 | -0.5
5.976220285696799 | 2 | -0.5
5.474609765938786 | 2 | -0.5
5.172466264722517 | 2 | -0.5
5.095652025134213 | 2 | -0.5
5.1987937787569365 | 2 | -0.5
4.630341359680879 | 2 | -0.5
3.2431952863738904 | 2 | -0.5
2.545360137204035 | 2 | -0.5
2.23565939881217 | 2 | -0.5
2.04072863261534 | 2 | -0.5
1.956072015391881 | 2 | -0.5
1.929864909657936 | 2 | -0.5
1.9826529953864818 | 2 | -0.5
2.1082839799479514 | 2 | -0.5
2.3460066111102984 | 2 | -0.5
2.768818217427252 | 2 | -0.5
3.4956675782917697 | 2 | -0.5
5.285603118217195 | 2 | -0.5
6.884360877802219 | 2 | -0.5
6.866909054747562 | 2 | -0.5
7.0571168404364695 | 2 | -0.5
3.0773379024324172 | 2 | -0.5
2.2429188491814727 | 2 | -0.5
1.8437634302991603 | 2 | -0.5
1.6262640498752208 | 2 | -0.5
1.5461470085122608 | 2 | -0.5
1.4883077779545184 | 2 | -0.5
1.5301798920455825 | 2 | -0.5
1.6684271668933561 | 2 | -0.5
1.8356255658731935 | 2 | -0.5
2.165135330229783 | 2 | -0.5
5.977718577248439 | 2 | -0.5
5.397474655330244 | 2 | -0.5
5.168621674895313 | 2 | -0.5
5.127877705691362 | 2 | -0.5
5.289282806311431 | 2 | -0.5
4.009662232765045 | 2 | -0.5
2.947292958431194 | 2 | -0.5
2.4951116315481796 | 2 | -0.5
2.159517682296784 | 2 | -0.5
1.9395128321628339 | 2 | -0.5
1.8478898689532155 | 2 | -0.5
1.813807295030514 | 2 | -0.5
1.82524319561674 | 2 | -0.5
1.9140317193615701 | 2 | -0.5
2.1817130545514027 | 2 | -0.5
2.4832395184342437 | 2 | -0.5
3.3105844356354055 | 2 | -0.5
4.75330309054307 | 2 | -0.5
6.9175452941512905 | 2 | -0.5
6.83402424746327 | 2 | -0.5
6.949253521970247 | 2 | -0.5
3.911418679847919 | 2 | -0.5
2.806248817569623 | 2 | -0.5
2.2395708691413034 | 2 | -0.5
1.9366912668434442 | 2 | -0.5
1.8305705303649735 | 2 | -0.5
1.712540712795329 | 2 | -0.5
1.7069876175473497 | 2 | -0.5
1.740202436881554 | 2 | -0.5
1.8043697667859124 | 2 | -0.5
2.012272340909046 | 2 | -0.5
2.3701768694093834 | 2 | -0.5
5.946919011352547 | 2 | -0.5
5.371133064651085 | 2 | -0.5
5.135088820146632 | 2 | -0.5
5.106058661791671 | 2 | -0.5
5.295441499159228 | 2 | -0.5
3.1599869653384576 | 2 | -0.5
2.413812799117214 | 2 | -0.5
2.095251765101838 | 2 | -0.5
1.913897430859411 | 2 | -0.5
1.786746568740922 | 2 | -0.5
1.7691627641307255 | 2 | -0.5
1.7693078653823926 | 2 | -0.5
1.9254845313925517 | 2 | -0.5
2.0850499867425283 | 2 | -0.5
2.5041003353659765 | 2 | -0.5
3.185790606132908 | 2 | -0.5
4.6200074091653605 | 2 | -0.5
6.8638916402407 | 2 | -0.5
6.838060203901724 | 2 | -0.5
7.031672229613958 | 2 | -0.5
3.3108343052832816 | 2 | -0.5
2.4635724008102637 | 2 | -0.5
2.0432246166524246 | 2 | -0.5
1.869559490668068 | 2 | -0.5
1.7011948026020665 | 2 | -0.5
1.6603678218749898 | 2 | -0.5
1.6755203813721755 | 2 | -0.5
1.77862836226619 | 2 | -0.5
1.9069536934349915 | 2 | -0.5
2.255604448080414 | 2 | -0.5
6.307648969134065 | 2 | -0.5
5.672875017392041 | 2 | -0.5
5.244365674568141 | 2 | -0.5
5.11378697589671 | 2 | -0.5
5.180533244830665 | 2 | -0.5
4.687605204371166 | 2 | -0.5
3.070465602836068 | 2 | -0.5
2.5157685301876005 | 2 | -0.5
2.1131811021202895 | 2 | -0.5
1.8878968284538418 | 2 | -0.5
1.7958619548761794 | 2 | -0.5
1.713748990925682 | 2 | -0.5
1.729712376319123 | 2 | -0.5
1.824693905181575 | 2 | -0.5
2.0131020530054253 | 2 | -0.5
2.3428887027696743 | 2 | -0.5
2.9291100949333626 | 2 | -0.5
4.18187079632397 | 2 | -0.5
6.949201791077847 | 2 | -0.5
6.8150112236538645 | 2 | -0.5
6.936785397084505 | 2 | -0.5
3.988398613956945 | 2 | -0.5
2.8722845300692046 | 2 | -0.5
2.2610450652952383 | 2 | -0.5
1.9677864774972247 | 2 | -0.5
1.759541615188405 | 2 | -0.5
1.6383715741475657 | 2 | -0.5
1.6325455824590138 | 2 | -0.5
1.6680505224970292 | 2 | -0.5
1.7457301370869913 | 2 | -0.5
1.9253418705002046 | 2 | -0.5
2.38945623023306 | 2 | -0.5
5.699396854996509 | 2 | -0.5
5.330312152429523 | 2 | -0.5
5.089559458213497 | 2 | -0.5
5.039560951147417 | 2 | -0.5
5.16258300464083 | 2 | -0.5
5.103678740688296 | 2 | -0.5
3.3339104071327395 | 2 | -0.5
2.5606681632815933 | 2 | -0.5
2.2185044230612805 | 2 | -0.5
2.035424934336035 | 2 | -0.5
1.8846560181472891 | 2 | -0.5
1.8845419890249926 | 2 | -0.5
1.873580939154535 | 2 | -0.5
1.9702726246519742 | 2 | -0.5
2.148706173347833 | 2 | -0.5
2.4103725713920876 | 2 | -0.5
3.10603872579429 | 2 | -0.5
4.246551320172584 | 2 | -0.5
6.982229094399241 | 2 | -0.5
6.881986593364474 | 2 | -0.5
7.009893610788572 | 2 | -0.5
3.35732983541589 | 2 | -0.5
2.5154276648212877 | 2 | -0.5
2.0530499634032413 | 2 | -0.5
1.7287356099348479 | 2 | -0.5
1.5914880534111666 | 2 | -0.5
1.5564604537214533 | 2 | -0.5
1.555204356310044 | 2 | -0.5
1.5802604704484238 | 2 | -0.5
1.7364409253493673 | 2 | -0.5
1.953188541595557 | 2 | -0.5
2.282024768621695 | 2 | -0.5
5.68209038784565 | 2 | -0.5
5.300288642086768 | 2 | -0.5
5.118178185199206 | 2 | -0.5
5.1689614635824475 | 2 | -0.5
5.142743771370801 | 2 | -0.5
3.427958901699477 | 2 | -0.5
2.7280929427677574 | 2 | -0.5
2.3034955194448785 | 2 | -0.5
2.1184324542013964 | 2 | -0.5
2.0020144563642464 | 2 | -0.5
1.9521587680127892 | 2 | -0.5
1.9639100705736738 | 2 | -0.5
2.0865310869004174 | 2 | -0.5
2.2332373840606596 | 2 | -0.5
2.566844279079755 | 2 | -0.5
2.9810441951141655 | 2 | -0.5
4.331291495063122 | 2 | -0.5
7.024566013477729 | 2 | -0.5
6.873967656701662 | 2 | -0.5
6.968869418661643 | 2 | -0.5
3.2027111501215484 | 2 | -0.5
2.2895784593929647 | 2 | -0.5
1.8862133672908101 | 2 | -0.5
1.710971117315427 | 2 | -0.5
1.5217584126180097 | 2 | -0.5
1.5028102145594413 | 2 | -0.5
1.4683316461817262 | 2 | -0.5
1.453144436778661 | 2 | -0.5
1.5268136293608443 | 2 | -0.5
1.726039413108981 | 2 | -0.5
1.9820028054300876 | 2 | -0.5
5.879974027983502 | 2 | -0.5
5.395077823663229 | 2 | -0.5
5.11390741779273 | 2 | -0.5
5.065319068072321 | 2 | -0.5
5.167758973483427 | 2 | -0.5
4.765471931749858 | 2 | -0.5
3.121444363321315 | 2 | -0.5
2.5350410743093263 | 2 | -0.5
2.202748641573608 | 2 | -0.5
2.075250207411174 | 2 | -0.5
1.9951125351980417 | 2 | -0.5
2.003372812963559 | 2 | -0.5
2.071673432644159 | 2 | -0.5
2.2223064238121712 | 2 | -0.5
2.5002213790778485 | 2 | -0.5
3.0464694184137953 | 2 | -0.5
4.074894680780232 | 2 | -0.5
6.3382794618632525 | 2 | -0.5
6.876101311052552 | 2 | -0.5
6.908906455977974 | 2 | -0.5
7.116501809039201 | 2 | -0.5
2.6724065252058913 | 2 | -0.5
1.9767669915209496 | 2 | -0.5
1.5515852442131866 | 2 | -0.5
1.4598024007012271 | 2 | -0.5
1.3559521673460033 | 2 | -0.5
1.3127305714802995 | 2 | -0.5
1.3150506278818759 | 2 | -0.5
1.3571225238377225 | 2 | -0.5
1.4735467144497778 | 2 | -0.5
1.6273089762604356 | 2 | -0.5
2.003515339072556 | 2 | -0.5
5.607980664956103 | 2 | -0.5
5.16240380936515 | 2 | -0.5
4.996227822504362 | 2 | -0.5
5.0687651105053 | 2 | -0.5
5.327128687401255 | 2 | -0.5
3.7056689801542806 | 2 | -0.5
2.9406703416260833 | 2 | -0.5
2.4821509831621467 | 2 | -0.5
2.2584894177319765 | 2 | -0.5
2.1144595211573596 | 2 | -0.5
2.1241768715891616 | 2 | -0.5
2.1553629148337703 | 2 | -0.5
2.3085834568630106 | 2 | -0.5
2.5528278898121894 | 2 | -0.5
3.0975764654876636 | 2 | -0.5
3.902082873519931 | 2 | -0.5
5.754642433214444 | 2 | -0.5
7.0589112227938005 | 2 | -0.5
6.995188086816208 | 2 | -0.5
7.190083481344368 | 2 | -0.5
2.614101811773569 | 2 | -0.5
1.9944289578086742 | 2 | -0.5
1.6659533100322634 | 2 | -0.5
1.5284562582515795 | 2 | -0.5
1.408840192694161 | 2 | -0.5
1.384189128816261 | 2 | -0.5
1.345012615780355 | 2 | -0.5
1.3585243939475469 | 2 | -0.5
1.4893435411705687 | 2 | -0.5
1.6175687935020584 | 2 | -0.5
1.838472976568045 | 2 | -0.5
5.863636082949778 | 2 | -0.5
5.358363007654219 | 2 | -0.5
5.097223131187737 | 2 | -0.5
5.027664479226957 | 2 | -0.5
5.045939581322879 | 2 | -0.5
5.030875619330302 | 2 | -0.5
3.264522277029588 | 2 | -0.5
2.7068258781350174 | 2 | -0.5
2.3803167406820567 | 2 | -0.5
2.137686171607545 | 2 | -0.5
2.028767983504231 | 2 | -0.5
1.9928278642525266 | 2 | -0.5
2.0832125355305577 | 2 | -0.5
2.2567907029081717 | 2 | -0.5
2.484006907858772 | 2 | -0.5
3.0391139053666016 | 2 | -0.5
4.246084561753029 | 2 | -0.5
7.163697191338704 | 2 | -0.5
6.977127154591513 | 2 | -0.5
7.072860960691833 | 2 | -0.5
3.522922236784322 | 2 | -0.5
2.385619011118818 | 2 | -0.5
1.9059367496119706 | 2 | -0.5
1.6450433919536187 | 2 | -0.5
1.5535631843608022 | 2 | -0.5
1.4553347771038545 | 2 | -0.5
1.431104768327933 | 2 | -0.5
1.4441164546599172 | 2 | -0.5
1.504644600502964 | 2 | -0.5
1.5846775845028378 | 2 | -0.5
1.793152293725667 | 2 | -0.5
2.2244918717222206 | 2 | -0.5
5.490925821229886 | 2 | -0.5
5.16278918378415 | 2 | -0.5
4.995562339657553 | 2 | -0.5
5.067525126320125 | 2 | -0.5
5.297095687487532 | 2 | -0.5
3.3563232051999132 | 2 | -0.5
2.7576688253259127 | 2 | -0.5
2.2935576311407493 | 2 | -0.5
2.0976513802678127 | 2 | -0.5
2.0865679053019193 | 2 | -0.5
1.9926164178065893 | 2 | -0.5
2.003412522756263 | 2 | -0.5
2.1247769260485354 | 2 | -0.5
2.2711140848611455 | 2 | -0.5
2.677167413423773 | 2 | -0.5
3.1361865224237624 | 2 | -0.5
4.113777821426039 | 2 | -0.5
7.161071344200853 | 2 | -0.5
7.10978355128104 | 2 | -0.5
7.138600397668589 | 2 | -0.5
3.65620100409027 | 2 | -0.5
2.536321567025314 | 2 | -0.5
1.9546069968849549 | 2 | -0.5
1.6607858118240952 | 2 | -0.5
1.4823500881713503 | 2 | -0.5
1.412023273210571 | 2 | -0.5
1.410566501124418 | 2 | -0.5
1.448974767348761 | 2 | -0.5
1.4744511378787721 | 2 | -0.5
1.6763156563506132 | 2 | -0.5
1.9429682192904654 | 2 | -0.5
5.579732795681518 | 2 | -0.5
5.005325669223314 | 2 | -0.5
4.7622650292556825 | 2 | -0.5
4.732402355748658 | 2 | -0.5
4.847151230326565 | 2 | -0.5
4.963030759674439 | 2 | -0.5
3.3496959349987825 | 2 | -0.5
2.694084703338537 | 2 | -0.5
2.2793964899391757 | 2 | -0.5
2.0873614118642845 | 2 | -0.5
2.0533421250599453 | 2 | -0.5
2.0012614110651747 | 2 | -0.5
2.0613301629956267 | 2 | -0.5
2.238801929926282 | 2 | -0.5
2.540000350272054 | 2 | -0.5
3.0104384080673845 | 2 | -0.5
4.201450389465774 | 2 | -0.5
7.089306873691621 | 2 | -0.5
7.092557689699411 | 2 | -0.5
7.168409782752608 | 2 | -0.5
3.4456483560723195 | 2 | -0.5
2.360034295670229 | 2 | -0.5
1.8741454726421614 | 2 | -0.5
1.5600752648946445 | 2 | -0.5
1.4435262382231449 | 2 | -0.5
1.3296397385286827 | 2 | -0.5
1.331576761016056 | 2 | -0.5
1.3686520168955254 | 2 | -0.5
1.4348032531496142 | 2 | -0.5
1.6099515872528256 | 2 | -0.5
1.894816148422757 | 2 | -0.5
5.613736111507685 | 2 | -0.5
5.050068524169294 | 2 | -0.5
4.8698821799433025 | 2 | -0.5
4.846923260735218 | 2 | -0.5
4.961418511535117 | 2 | -0.5
4.605171050311585 | 2 | -0.5
3.290609284474505 | 2 | -0.5
2.672258513156215 | 2 | -0.5
2.2919942371799533 | 2 | -0.5
2.1098147374733514 | 2 | -0.5
2.0228752796654907 | 2 | -0.5
2.035324760639525 | 2 | -0.5
2.1496065593185136 | 2 | -0.5
2.28786783004836 | 2 | -0.5
2.5545165377256995 | 2 | -0.5
2.9457548535742455 | 2 | -0.5
3.7666453344311694 | 2 | -0.5
5.63102853200594 | 2 | -0.5
7.195490311228675 | 2 | -0.5
7.090371283323159 | 2 | -0.5
7.367703880803171 | 2 | -0.5
3.045897810573078 | 2 | -0.5
2.291872827036826 | 2 | -0.5
1.8607482925054963 | 2 | -0.5
1.6369692783822738 | 2 | -0.5
1.4899410393138945 | 2 | -0.5
1.4621737662694072 | 2 | -0.5
1.428927853360445 | 2 | -0.5
1.4710598895059328 | 2 | -0.5
1.5405068526864298 | 2 | -0.5
1.7438899545246607 | 2 | -0.5
1.9912101071716235 | 2 | -0.5
5.604148511435309 | 2 | -0.5
5.208823740241694 | 2 | -0.5
4.850355720999748 | 2 | -0.5
4.772022700210342 | 2 | -0.5
4.907318188680517 | 2 | -0.5
4.50671454800685 | 2 | -0.5
3.191217451732161 | 2 | -0.5
2.56175275064417 | 2 | -0.5
2.1956693106658975 | 2 | -0.5
2.0545186676126654 | 2 | -0.5
1.9596587678263764 | 2 | -0.5
1.948152466327232 | 2 | -0.5
1.9551550178744965 | 2 | -0.5
2.0309325125096893 | 2 | -0.5
2.2929246894033177 | 2 | -0.5
2.601148424487932 | 2 | -0.5
3.2650902879139734 | 2 | -0.5
4.742692603122289 | 2 | -0.5
7.266047959407958 | 2 | -0.5
7.095270295930672 | 2 | -0.5
7.314098190069904 | 2 | -0.5
3.187590152571752 | 2 | -0.5
2.415344824837106 | 2 | -0.5
1.921277486385937 | 2 | -0.5
1.7110132939513403 | 2 | -0.5
1.5521434734801955 | 2 | -0.5
1.5052300004279509 | 2 | -0.5
1.5405984797229944 | 2 | -0.5
1.5620226514127098 | 2 | -0.5
1.6847289654572775 | 2 | -0.5
1.8742546563514655 | 2 | -0.5
5.943397245313731 | 2 | -0.5
5.295176514585877 | 2 | -0.5
4.879342828264539 | 2 | -0.5
4.760064257953067 | 2 | -0.5
4.880160082162708 | 2 | -0.5
4.839763104326004 | 2 | -0.5
3.3434174979924394 | 2 | -0.5
2.594051034829982 | 2 | -0.5
2.2304464215092143 | 2 | -0.5
2.0526846481863137 | 2 | -0.5
1.979537038522842 | 2 | -0.5
1.8978524810735666 | 2 | -0.5
1.9536189956747745 | 2 | -0.5
2.1143682542360462 | 2 | -0.5
2.411357255892251 | 2 | -0.5
2.811712596007362 | 2 | -0.5
3.7712629030948466 | 2 | -0.5
5.553452302972053 | 2 | -0.5
7.249721386195108 | 2 | -0.5
7.2601923270255755 | 2 | -0.5
7.479231531017348 | 2 | -0.5
2.829791807117345 | 2 | -0.5
2.1281673084910184 | 2 | -0.5
1.79149892098847 | 2 | -0.5
1.5885412330392814 | 2 | -0.5
1.4645051442013481 | 2 | -0.5
1.4348742274462116 | 2 | -0.5
1.418119437678741 | 2 | -0.5
1.4859590289199027 | 2 | -0.5
1.6383126864535276 | 2 | -0.5
1.8252557774866023 | 2 | -0.5
5.798384383016593 | 2 | -0.5
5.153947138953301 | 2 | -0.5
4.920496597802116 | 2 | -0.5
4.728069038352776 | 2 | -0.5
4.757356598309627 | 2 | -0.5
4.991597644466023 | 2 | -0.5
3.5184326688085 | 2 | -0.5
2.732689731413834 | 2 | -0.5
2.2884886464814245 | 2 | -0.5
2.078950992997869 | 2 | -0.5
1.9460272636294444 | 2 | -0.5
1.9356240617403833 | 2 | -0.5
1.9858766321347194 | 2 | -0.5
2.058724503477622 | 2 | -0.5
2.311144707835207 | 2 | -0.5
2.6839718479104935 | 2 | -0.5
3.3114724428555413 | 2 | -0.5
4.799826950347216 | 2 | -0.5
7.253228422108309 | 2 | -0.5
7.145515045052675 | 2 | -0.5
7.393614375596532 | 2 | -0.5
3.1923396773701707 | 2 | -0.5
2.349535104732704 | 2 | -0.5
1.859021823747136 | 2 | -0.5
1.629511832105856 | 2 | -0.5
1.4963139644196113 | 2 | -0.5
1.4044206607170353 | 2 | -0.5
1.4672948248893736 | 2 | -0.5
1.5164583223334271 | 2 | -0.5
1.6100586154120617 | 2 | -0.5
1.7707385265849644 | 2 | -0.5
5.934638143324826 | 2 | -0.5
5.329015764985142 | 2 | -0.5
4.886612428213028 | 2 | -0.5
4.727899677239338 | 2 | -0.5
4.729875239517417 | 2 | -0.5
4.9755012168783805 | 2 | -0.5
3.7463453324743936 | 2 | -0.5
3.009932186134825 | 2 | -0.5
2.4045683269339424 | 2 | -0.5
2.17254767537969 | 2 | -0.5
2.0142033472956746 | 2 | -0.5
1.9511343183205359 | 2 | -0.5
1.9644060804197376 | 2 | -0.5
2.0527464397498014 | 2 | -0.5
2.3010415271437274 | 2 | -0.5
2.5631435537847524 | 2 | -0.5
3.131276192842174 | 2 | -0.5
4.392717784337568 | 2 | -0.5
7.182119214251817 | 2 | -0.5
7.294011990337548 | 2 | -0.5
7.314722134749206 | 2 | -0.5
3.7339093928367277 | 2 | -0.5
2.3909805866957448 | 2 | -0.5
1.9503126784754232 | 2 | -0.5
1.6247201769879858 | 2 | -0.5
1.5458686818143113 | 2 | -0.5
1.4703853286477688 | 2 | -0.5
1.461074440100381 | 2 | -0.5
1.446791934696989 | 2 | -0.5
1.5424760059170994 | 2 | -0.5
1.7035429102357862 | 2 | -0.5
2.00820857426064 | 2 | -0.5
5.540413695220584 | 2 | -0.5
4.981298117133562 | 2 | -0.5
4.73934736810999 | 2 | -0.5
4.734948204611204 | 2 | -0.5
4.962696564863863 | 2 | -0.5
3.965589378782558 | 2 | -0.5
2.9838604009724947 | 2 | -0.5
2.5063262076639647 | 2 | -0.5
2.2229994136658555 | 2 | -0.5
2.005494299241286 | 2 | -0.5
2.007222464173268 | 2 | -0.5
2.0177909589416627 | 2 | -0.5
2.119891027123824 | 2 | -0.5
2.346210348825485 | 2 | -0.5
2.6121178513146552 | 2 | -0.5
3.414569743730429 | 2 | -0.5
4.602928562451826 | 2 | -0.5
7.3466129454746145 | 2 | -0.5
7.145772472621624 | 2 | -0.5
7.2320578398920485 | 2 | -0.5
3.5035515288307684 | 2 | -0.5
2.3973105649372695 | 2 | -0.5
1.8939021829655232 | 2 | -0.5
1.6186554295609354 | 2 | -0.5
1.4600951222091076 | 2 | -0.5
1.399400344798811 | 2 | -0.5
1.3706172853388288 | 2 | -0.5
1.3477872648093738 | 2 | -0.5
1.4405495043839134 | 2 | -0.5
1.5294298925126404 | 2 | -0.5
1.8431668756875035 | 2 | -0.5
Total reward: -500.0
