-0.2, 0.1, 2.1, -1.3, -2.8, 4.8, 2.2, 0.2, -3.6, -1.4, 3.5, -1.8, -1.4, -2.2, 5.4, 0.8, 1.8, -8.2
parameter ends

state | action | reward
[1.52] | 0 | 5.0
1.61889419466034 | 0 | 5.0
1.725365161445849 | 2 | -0.5
1.6746845487857793 | 0 | 5.0
1.6824032301630945 | 0 | 5.0
1.721912019058976 | 0 | 5.0
1.7451985688843654 | 0 | 5.0
1.811494213693589 | 0 | 5.0
1.8192101209923346 | 0 | 5.0
1.8676668353503671 | 0 | 5.0
1.8669759538041841 | 0 | 5.0
1.8859452487921142 | 0 | 5.0
1.930840958494493 | 0 | 5.0
1.934733135080121 | 0 | 5.0
2.020914562858048 | 0 | 5.0
2.045697482101604 | 0 | 5.0
2.089530858371234 | 0 | 5.0
2.1282231031743484 | 0 | 5.0
2.1395345830056423 | 0 | 5.0
2.2156923136474793 | 0 | 5.0
2.2211398953676573 | 2 | -0.5
2.2202783790899496 | 0 | 5.0
2.220313890896863 | 0 | 5.0
2.177213684449787 | 0 | 5.0
2.161398392849585 | 0 | 5.0
2.1204138913160504 | 0 | 5.0
2.1248308206379267 | 0 | 5.0
2.091996454778282 | 2 | -0.5
2.2004864744374375 | 0 | 5.0
2.160987698410959 | 0 | 5.0
2.10208881675477 | 0 | 5.0
1.9978679684977234 | 1 | -0.5
1.9046883342314203 | 2 | -0.5
1.9768202126477767 | 2 | -0.5
2.2014268156190373 | 1 | -0.5
1.9464550947226067 | 2 | -0.5
2.1227746086840256 | 1 | -0.5
1.912298063435205 | 2 | -0.5
2.1251734259240602 | 1 | -0.5
1.935342848370355 | 2 | -0.5
2.0246037805644677 | 1 | -0.5
1.8869181114388467 | 2 | -0.5
2.149280209557399 | 1 | -0.5
1.8884746061569395 | 2 | -0.5
2.166339156078888 | 1 | -0.5
1.90233749795514 | 2 | -0.5
2.2160634150014813 | 1 | -0.5
1.83930230915098 | 2 | -0.5
2.177788841644265 | 1 | -0.5
1.8324076212877085 | 2 | -0.5
2.1812191308566153 | 1 | -0.5
1.8590967764227055 | 2 | -0.5
2.1748539563657867 | 1 | -0.5
1.8089136178720204 | 2 | -0.5
2.0069497254237643 | 1 | -0.5
1.6861529026927091 | 2 | -0.5
1.9586740225168535 | 1 | -0.5
1.5976772293549202 | 2 | -0.5
1.855889081338281 | 1 | -0.5
1.471941351248799 | 2 | -0.5
1.673402973013763 | 2 | -0.5
2.1192543340979912 | 1 | -0.5
1.6611593457164042 | 2 | -0.5
1.9572571320553354 | 1 | -0.5
1.5963156585017864 | 2 | -0.5
1.8447596690467278 | 1 | -0.5
1.4634329013843919 | 2 | -0.5
1.7040962926368404 | 2 | -0.5
2.332680777015146 | 0 | 5.0
1.9382909268371786 | 0 | 5.0
1.403142664988324 | 0 | 5.0
1.0190604943695762 | 0 | 5.0
0.7239268937767295 | 0 | 5.0
0.8249325452119287 | 0 | 5.0
1.027540905655672 | 0 | 5.0
1.0766099772593982 | 2 | -0.5
1.031304273479679 | 0 | 5.0
1.1177011858046997 | 0 | 5.0
1.1718591389178248 | 0 | 5.0
1.149481620071781 | 0 | 5.0
1.2009592609887323 | 0 | 5.0
1.2709468997027664 | 0 | 5.0
1.3478169342377921 | 0 | 5.0
1.353614370431569 | 0 | 5.0
1.4097510500392725 | 0 | 5.0
1.4212693009810689 | 0 | 5.0
1.4891323308433106 | 0 | 5.0
1.5415844996426697 | 0 | 5.0
1.5768736400824044 | 0 | 5.0
1.6023268604073428 | 0 | 5.0
1.6859934061645627 | 0 | 5.0
1.7091511369309123 | 0 | 5.0
1.7443801364214484 | 0 | 5.0
1.8340986277288678 | 2 | -0.5
1.7812797942975072 | 0 | 5.0
1.8543873972950242 | 0 | 5.0
1.8306673571700878 | 0 | 5.0
1.8890013568482265 | 0 | 5.0
1.8934943304810077 | 0 | 5.0
1.8764236504905292 | 0 | 5.0
1.9428053331963278 | 0 | 5.0
1.9120056852606453 | 0 | 5.0
1.9417082978970739 | 0 | 5.0
1.958729470865615 | 0 | 5.0
1.9479609152147415 | 0 | 5.0
1.9821380446242005 | 0 | 5.0
1.9947961998160488 | 0 | 5.0
2.055968787086328 | 0 | 5.0
2.041211781457643 | 0 | 5.0
2.0788871410598007 | 0 | 5.0
2.081338820621754 | 0 | 5.0
2.12823772445453 | 0 | 5.0
2.1388682128528176 | 0 | 5.0
2.167775398290752 | 0 | 5.0
2.226150532182801 | 2 | -0.5
2.213103885465639 | 0 | 5.0
2.210383133380394 | 0 | 5.0
2.1872164519050954 | 0 | 5.0
2.1942571886525397 | 0 | 5.0
2.2144191489933 | 0 | 5.0
2.238944743667013 | 0 | 5.0
2.245972566488961 | 0 | 5.0
2.2219037792424614 | 0 | 5.0
2.268415541206918 | 0 | 5.0
2.263054687315426 | 0 | 5.0
2.2684853685011857 | 0 | 5.0
2.2799748336227674 | 0 | 5.0
2.3083819744634915 | 0 | 5.0
2.3267887476423867 | 0 | 5.0
2.3686286326270314 | 0 | 5.0
2.3481996513610497 | 0 | 5.0
2.3382288628211754 | 0 | 5.0
2.3380201842312878 | 0 | 5.0
2.37510397751494 | 0 | 5.0
2.4050943063856187 | 2 | -0.5
2.393770850128832 | 0 | 5.0
2.3888623508781097 | 0 | 5.0
2.371573061901811 | 0 | 5.0
2.349839742275359 | 0 | 5.0
2.339571117198316 | 2 | -0.5
2.4205115898903777 | 0 | 5.0
2.3405345071107146 | 0 | 5.0
2.3107323571718466 | 0 | 5.0
2.310678243473848 | 0 | 5.0
2.2340025996705033 | 2 | -0.5
2.380154371435291 | 1 | -0.5
2.1853384932544455 | 2 | -0.5
2.3828993716374147 | 1 | -0.5
2.090013450499295 | 2 | -0.5
2.291966521365102 | 1 | -0.5
2.111567432217438 | 2 | -0.5
2.3131819961166467 | 1 | -0.5
2.0550296159810633 | 2 | -0.5
2.208909280552626 | 1 | -0.5
2.0243491991153837 | 2 | -0.5
2.2266839647041423 | 1 | -0.5
2.0066885212957315 | 2 | -0.5
2.174785887497086 | 1 | -0.5
2.013225067425025 | 2 | -0.5
2.143018318207797 | 2 | -0.5
2.4575336986789194 | 1 | -0.5
2.125422726331123 | 2 | -0.5
2.4211722589211204 | 1 | -0.5
2.0662324044624656 | 2 | -0.5
2.3455245068237787 | 1 | -0.5
2.0284525787118124 | 2 | -0.5
2.3614084870383527 | 1 | -0.5
1.9327394749044386 | 2 | -0.5
2.196835108199945 | 1 | -0.5
1.8842717101465773 | 2 | -0.5
2.1657853402263836 | 1 | -0.5
1.8395748140572814 | 2 | -0.5
2.1450525693375564 | 2 | -0.5
2.782919899773408 | 1 | -0.5
2.1712858487465088 | 1 | -0.5
1.7236256277860609 | 2 | -0.5
1.9333060148552643 | 2 | -0.5
2.5153035586644377 | 1 | -0.5
1.8697977162669837 | 2 | -0.5
2.4208682751465527 | 1 | -0.5
1.7234839032045148 | 2 | -0.5
2.2070596845803374 | 1 | -0.5
1.5398128771724322 | 2 | -0.5
1.9375467297268834 | 1 | -0.5
1.4626898331612426 | 2 | -0.5
1.8104893952883634 | 2 | -0.5
2.2680387110591123 | 0 | 5.0
1.94319406317807 | 0 | 5.0
1.480767249734416 | 0 | 5.0
1.0023390382667356 | 0 | 5.0
0.8489178344237716 | 0 | 5.0
0.9635441034346555 | 0 | 5.0
1.0621253195424405 | 0 | 5.0
1.1290693345730551 | 0 | 5.0
1.2099853334624513 | 2 | -0.5
1.1313940851403959 | 0 | 5.0
1.2460470261028156 | 0 | 5.0
1.2856555465530155 | 0 | 5.0
1.3039781830129709 | 0 | 5.0
1.3753901515373197 | 0 | 5.0
1.4228031574180082 | 0 | 5.0
1.405357078246353 | 0 | 5.0
1.4955344466869982 | 0 | 5.0
1.586540721809874 | 0 | 5.0
1.6039541246804965 | 0 | 5.0
1.6846984823146527 | 0 | 5.0
1.6986143760839318 | 0 | 5.0
1.7709767424162584 | 2 | -0.5
1.7497622796099244 | 0 | 5.0
1.7263623457879478 | 0 | 5.0
1.757195334184872 | 0 | 5.0
1.7374239983696635 | 0 | 5.0
1.7277406152880437 | 0 | 5.0
1.7323343116711045 | 2 | -0.5
1.7559868678477482 | 0 | 5.0
1.7093114997660088 | 1 | -0.5
1.6375450446619948 | 2 | -0.5
1.6901003467578395 | 0 | 5.0
1.7114573268469029 | 2 | -0.5
1.7272642004184962 | 1 | -0.5
1.6107968576498644 | 2 | -0.5
1.6898746939052083 | 1 | -0.5
1.5992754664366222 | 2 | -0.5
1.6914858771010506 | 1 | -0.5
1.5587553816934916 | 2 | -0.5
1.6412424453833203 | 2 | -0.5
1.8132557152141267 | 1 | -0.5
1.6022477013191492 | 2 | -0.5
1.7166120667677096 | 1 | -0.5
1.5386724115714292 | 2 | -0.5
1.6871844952504111 | 1 | -0.5
1.5362309328442596 | 2 | -0.5
1.6527302711231922 | 1 | -0.5
1.500915107123706 | 2 | -0.5
1.5754277139139725 | 1 | -0.5
1.3947481108108837 | 2 | -0.5
1.504862111605199 | 2 | -0.5
1.6821390864306234 | 1 | -0.5
1.4239189118836535 | 2 | -0.5
1.5753958000250916 | 1 | -0.5
1.3402067363675927 | 2 | -0.5
1.5509540630342142 | 2 | -0.5
1.87260353221368 | 1 | -0.5
1.5818561428014466 | 2 | -0.5
2.018080540036374 | 1 | -0.5
1.510829698502346 | 2 | -0.5
1.8343534249630757 | 1 | -0.5
1.4207379364749013 | 2 | -0.5
1.7862951712133146 | 1 | -0.5
1.4595661808971736 | 2 | -0.5
1.6743904769536737 | 1 | -0.5
1.265400380003334 | 2 | -0.5
1.5551554924431477 | 1 | -0.5
1.187513428307008 | 2 | -0.5
1.5762706053203288 | 1 | -0.5
1.1547868103318002 | 2 | -0.5
1.4643048938835899 | 1 | -0.5
1.1091166427837895 | 2 | -0.5
1.3028936245006193 | 2 | -0.5
1.5995834985493276 | 0 | 5.0
1.1628487730457775 | 0 | 5.0
0.8566749032346587 | 0 | 5.0
0.655621812859921 | 0 | 5.0
0.7802689931024533 | 0 | 5.0
0.8323196533998504 | 0 | 5.0
0.9435420767456116 | 0 | 5.0
1.027890393439149 | 0 | 5.0
1.0905344893296716 | 0 | 5.0
1.1637401789542483 | 0 | 5.0
1.2392993637973242 | 0 | 5.0
1.3065763904472216 | 0 | 5.0
1.4169910751863446 | 0 | 5.0
1.4876502195655499 | 0 | 5.0
1.5361004111277294 | 0 | 5.0
1.6248914544008557 | 0 | 5.0
1.6575488479542524 | 0 | 5.0
1.6934688957223192 | 0 | 5.0
1.7414476359210103 | 0 | 5.0
1.7816779399516256 | 0 | 5.0
1.8260282380974948 | 0 | 5.0
1.9005708174370821 | 0 | 5.0
1.9719933658886812 | 0 | 5.0
2.0241680609486106 | 0 | 5.0
2.079735732244642 | 0 | 5.0
2.0892983052302587 | 0 | 5.0
2.1513388665401614 | 2 | -0.5
2.1351408477742826 | 0 | 5.0
2.1186574174196315 | 0 | 5.0
2.161385278320219 | 0 | 5.0
2.1312323995644875 | 0 | 5.0
2.1626118571811204 | 1 | -0.5
2.2732147410047623 | 2 | -0.5
2.2136577034188694 | 1 | -0.5
2.2958216651441186 | 1 | -0.5
2.4349847824512625 | 2 | -0.5
2.3083435013302833 | 1 | -0.5
2.5459382888198054 | 2 | -0.5
2.364189013007131 | 1 | -0.5
2.5837568100241417 | 1 | -0.5
2.9999464935723847 | 0 | 5.0
3.1163656356954723 | 1 | -0.5
3.8118381141896363 | 0 | 5.0
3.5869806563080364 | 0 | -200.0
Total reward: 518.0
