2.3, 0.7, 1.9, 1.1, 0.4, -3.5, 1.6, 0.8, 4.5, -0.8, -0.9, -2.4, -4.0, 1.0, 2.5, -2.5, -3.8, 0.7, 0.5, -4.0, 1.1, 2.7
parameter ends

state | action | reward
[1.] | [4.7  4.59] | -43.400092650634484
0.9956159947855425 | [-1.14 -1.51] | -3.7748076577257392
0.9912736117333645 | [4.97 4.39] | -44.19400904253689
0.985544136889654 | [-0.88 -1.71] | -3.8874927132782107
0.9776077338865353 | [3.32 4.64] | -32.7556568888206
0.9669105261742873 | [-2.5  -1.51] | -8.704641673766824
0.9545223342982676 | [3.62 4.34] | -32.137900582012804
0.9404324156496437 | [-2.22 -1.8 ] | -8.310129371982908
0.9249417854942279 | [3.9  4.06] | -31.752083204756122
0.9079859630092634 | [-1.96 -2.08] | -8.303635449524483
0.8898988801173732 | [4.14 3.78] | -31.5630347481978
0.8705646029539963 | [-1.73 -2.34] | -8.599065362535061
0.8503462355836682 | [4.35 3.53] | -31.531574971152875
0.829079185383469 | [-1.53 -2.59] | -9.118002949935992
0.8071523691617092 | [4.54 3.3 ] | -31.618150969819776
0.7843556776260494 | [-1.35 -2.81] | -9.791320909757642
0.761100819391297 | [4.71 3.09] | -31.785592947543645
0.7371355244979175 | [-1.2  -3.01] | -10.56009226926993
0.7128915697459095 | [4.85 2.9 ] | -32.00103950008998
0.6880779853734146 | [-1.06 -3.19] | -11.375877047575631
0.6631441543441196 | [4.98 2.72] | -32.23702914128065
0.637763885768704 | [-0.95 -3.35] | -12.200226716464485
0.610901410821431 | [4.32 2.76] | -26.323479909788908
0.5821237340662139 | [-1.6  -3.33] | -13.689038266612926
0.5534074551449591 | [4.43 2.6 ] | -26.413869218984082
0.5243807155068163 | [-1.51 -3.48] | -14.40340568920647
0.49555182122232 | [4.52 2.46] | -26.52352364853207
0.46651944445892773 | [-1.43 -3.6 ] | -15.076935151972066
0.43780088586395643 | [4.59 2.34] | -26.631144166530614
0.408969035006611 | [-1.36 -3.71] | -15.688661419113531
0.3805483771814773 | [4.65 2.24] | -26.72201290267507
0.3520895071816837 | [-1.31 -3.8 ] | -16.225538390681002
0.3241224654345334 | [4.69 2.17] | -26.786887739848236
0.2961788180168592 | [-1.28 -3.87] | -16.68075380784886
0.26879269221269525 | [4.72 2.1 ] | -26.820812992991808
0.24147965666075147 | [-1.25 -3.92] | -17.052248451951495
0.21477660225130643 | [4.74 2.06] | -26.822098393606147
0.18818589144713166 | [-1.24 -3.96] | -17.341490126788447
0.16224598671494084 | [4.75 2.02] | -26.7914635674182
0.13644859636292847 | [-1.23 -3.99] | -17.55246662991589
0.11133268176272046 | [4.75 2.  ] | -26.73132671476765
0.08638161515127424 | [-1.23 -4.  ] | -17.690867239228258
0.06213389318862699 | [4.75 1.99] | -26.645222598259757
0.03806664479560422 | [-1.24 -4.01] | -17.76342882787504
0.014717038304969812 | [4.74 1.99] | -26.53733708109845
-0.008442162327309446 | [-1.26 -4.01] | -17.77742504269865
-0.03087588876272058 | [4.72 2.  ] | -26.412145049305437
-0.05311406561974172 | [-1.28 -3.99] | -17.740277873232355
-0.074624411516315 | [4.7  2.02] | -26.274137884271266
-0.0959380518837973 | [-1.3  -3.97] | -17.65927188562272
Total reward: -1074.378727439488
2.3, 0.7, 1.9, 1.1, 0.4, -3.5, 1.6, 0.8, 4.5, -0.8, -0.9, -2.4, -4.0, 1.0, 2.5, -2.5, -3.8, 0.7, 0.5, -4.0, 1.1, 2.7
parameter ends

state | action | reward
[1.] | [5.4  4.64] | -50.71108292166004
0.9997153564431123 | [-0.45 -1.47] | -2.4678329433922466
0.9964295682329274 | [-3.1   6.53] | -52.27633627240099
0.9962406739619528 | [22.86 -7.38] | -577.2986625151352
0.9960273215626566 | [-3.16  6.7 ] | -54.96740984813974
0.9958365232667452 | [22.79 -7.22] | -571.6792705408733
0.9956205130054699 | [-3.24  6.86] | -57.59264917472648
0.9954286696803725 | [22.71 -7.07] | -565.99153659548
0.99521085969657 | [-3.32  7.  ] | -60.1534914591733
0.9950187370736385 | [22.63 -6.93] | -560.240665827513
0.9947998946567252 | [-3.4   7.14] | -62.65198928641421
0.9946081735021772 | [22.54 -6.79] | -554.4360452814396
0.9943889830953162 | [-3.49  7.27] | -65.0908003191325
0.9941982667945432 | [22.45 -6.67] | -548.589987158907
0.9939793373142707 | [-3.59  7.38] | -67.4729241535599
0.9937901588066055 | [22.35 -6.56] | -542.7166905086228
0.9935720303404929 | [-3.69  7.49] | -69.8014913772643
0.9933848584632566 | [22.25 -6.46] | -536.8313991258125
0.9931680084015073 | [-3.79  7.59] | -72.07960087288592
0.9929832536962108 | [22.14 -6.36] | -530.9497322565246
0.992768102347446 | [-3.9   7.68] | -74.31020002587752
0.9925861223756975 | [22.04 -6.27] | -525.0871648283885
0.9923730381121407 | [-4.01  7.77] | -76.49600184051737
0.9921941423240652 | [21.93 -6.19] | -519.2586349699778
0.9919834462968489 | [-4.12  7.85] | -78.63943285037382
0.9918079004906034 | [21.82 -6.11] | -513.47825821282
0.9915998709519386 | [-4.23  7.92] | -80.74260596023538
0.9914279013591677 | [21.71 -6.04] | -507.7591297410145
0.9912227776245842 | [-4.34  7.99] | -82.80731284160997
0.9910545746533335 | [21.6  -5.97] | -502.1131981734831
0.990852560734066 | [-4.45  8.06] | -84.83503111925762
0.9906882823977274 | [21.48 -5.91] | -496.55119649601795
0.9904895503305394 | [-4.56  8.12] | -86.8269422550804
0.9903293253887827 | [21.37 -5.85] | -491.082617810402
0.9901340182880473 | [-4.67  8.18] | -88.78395670409247
0.9899779491233566 | [21.26 -5.79] | -485.7157254757293
0.98978618397801 | [-4.78  8.23] | -90.70674354950349
0.9896343492293673 | [21.15 -5.74] | -480.4575889482008
0.9894462194653771 | [-4.89  8.28] | -92.59576239868211
0.989298676438771 | [21.04 -5.69] | -475.31413816465744
0.9891142542659999 | [-5.    8.33] | -94.4512958279315
0.9889710411397635 | [20.94 -5.65] | -470.29023065993044
0.9887903797005199 | [-5.11  8.37] | -96.27348109808406
0.9886515175420033 | [20.83 -5.6 ] | -465.38972676584626
0.9884746528771393 | [-5.21  8.41] | -98.0623402264636
0.9883401474858567 | [20.73 -5.56] | -460.61556922318175
0.9881671003329817 | [-5.32  8.45] | -99.81780779850082
0.9880369439241475 | [20.62 -5.52] | -455.96986436313586
0.9878677213613493 | [-5.42  8.49] | -101.53975614081027
0.9877418941025962 | [20.52 -5.49] | -451.45396269931166
Total reward: -14231.425275608173
2.3, 0.7, 1.9, 1.1, 0.4, -3.5, 1.6, 0.8, 4.5, -0.8, -0.9, -2.4, -4.0, 1.0, 2.5, -2.5, -3.8, 0.7, 0.5, -4.0, 1.1, 2.7
parameter ends

state | action | reward
[1.] | [3.88 4.43] | -35.005190460326546
0.9919162869461533 | [-1.96 -1.67] | -6.942443498744813
0.9862640476993365 | [4.15 4.22] | -35.33805555646611
0.9792367376156248 | [-1.71 -1.88] | -6.745979287948765
0.9710246553175935 | [4.39 4.02] | -35.69439009345207
0.9616000126161318 | [-1.48 -2.09] | -6.822741111115452
0.9511853949399584 | [4.61 3.81] | -36.0682535355409
0.9397088299311704 | [-1.27 -2.28] | -7.119155375233471
0.9274226283277531 | [4.8  3.62] | -36.44948454312055
0.9142126588246751 | [-1.09 -2.47] | -7.585572044541804
0.9003585888851338 | [4.98 3.43] | -36.82552808719455
0.8857063708465641 | [-0.93 -2.66] | -8.176939449890837
0.8691342775409856 | [3.97 3.54] | -28.562981307874335
0.8502354084031934 | [-1.92 -2.58] | -10.573998772463158
0.8307258605383939 | [4.15 3.32] | -28.467193232143003
0.8104014613104475 | [-1.76 -2.79] | -11.096669839269907
0.7896449036900712 | [4.3  3.12] | -28.441236633500846
0.7682121439890968 | [-1.62 -2.98] | -11.723522018455661
0.7465067201559994 | [4.43 2.93] | -28.457847518050905
0.7242478230024737 | [-1.5  -3.15] | -12.411038806168355
0.7018576176579817 | [4.54 2.77] | -28.493646221298963
0.6790216376497648 | [-1.4  -3.31] | -13.123761633851933
0.6561786449216018 | [4.63 2.62] | -28.52949916004794
0.6329835723562353 | [-1.31 -3.45] | -13.833700610292176
0.6098899167121965 | [4.71 2.49] | -28.550517529368623
0.5865249740794268 | [-1.25 -3.57] | -14.519565437935956
0.5633552661472744 | [4.76 2.37] | -28.545802522339145
0.53998329299989 | [-1.19 -3.68] | -15.165902847360544
0.5168870296179552 | [4.81 2.27] | -28.508030348201693
0.493646876581196 | [-1.16 -3.77] | -15.762209003647914
0.47075081687816284 | [4.84 2.19] | -28.432951731885904
0.44775968997464677 | [-1.13 -3.85] | -16.302067511638977
0.42517015768141087 | [4.87 2.11] | -28.318862350976932
0.4025258707587333 | [-1.11 -3.92] | -16.782347572121417
0.3803309478204093 | [4.88 2.05] | -28.166084343708818
0.3581140541953514 | [-1.11 -3.98] | -17.202483347370926
0.3363856425885237 | [4.88 2.  ] | -27.976485326402862
0.31466142755917176 | [-1.11 -4.02] | -17.563844925284425
0.29345716550247913 | [4.87 1.96] | -27.753050469871212
0.27227748957919434 | [-1.12 -4.06] | -17.86920330393379
0.251642515482088 | [4.86 1.93] | -27.49951494871524
0.2310475044532028 | [-1.13 -4.08] | -18.1222862291151
0.21101606735582862 | [4.84 1.9 ] | -27.220058165099296
0.19103564998673386 | [-1.16 -4.1 ] | -18.327418096822008
0.171632569230855 | [4.82 1.89] | -26.919057158020912
0.15228786679929174 | [-1.18 -4.12] | -18.489235059427696
0.13352984651581074 | [4.79 1.88] | -26.600894134559557
0.11483442076933446 | [-1.21 -4.12] | -18.612465559707694
0.0967312267082596 | [4.76 1.87] | -26.269811729499988
0.07869219440803207 | [-1.25 -4.13] | -18.70176642566927
Total reward: -1086.670744875679
2.3, 0.7, 1.9, 1.1, 0.4, -3.5, 1.6, 0.8, 4.5, -0.8, -0.9, -2.4, -4.0, 1.0, 2.5, -2.5, -3.8, 0.7, 0.5, -4.0, 1.1, 2.7
parameter ends

state | action | reward
[1.] | [3.99 5.15] | -42.77908929707144
0.9998402770338133 | [-1.84 -0.94] | -4.555468641000505
0.9997841949680708 | [4.85 4.39] | -43.070800523053
0.9982645562982005 | [-1.   -1.69] | -4.13418524094198
0.995390488627477 | [5.1  4.22] | -44.05758921532687
0.9912066976417404 | [-0.76 -1.87] | -4.327457236271125
0.98423863468313 | [1.58 4.94] | -27.105771915661514
0.9733104397392929 | [-4.21 -1.25] | -19.552648851696333
0.9599407206727527 | [1.94 4.56] | -24.788955715016797
0.9441859555914858 | [-3.88 -1.62] | -17.85922209106974
0.9263948853201243 | [2.26 4.2 ] | -22.974238617038495
0.9065614766117572 | [-3.58 -1.97] | -16.84851716393714
0.8850730143362033 | [2.54 3.87] | -21.600453524259233
0.8618624449179433 | [-3.31 -2.29] | -16.38305143164428
0.837349704147238 | [2.79 3.56] | -20.597208825199647
0.8114093156120842 | [-3.08 -2.59] | -16.335146496283684
0.7844887264242707 | [3.   3.28] | -19.892122389616283
0.7564074444691009 | [-2.88 -2.86] | -16.590768634143895
0.7276359440943503 | [3.19 3.02] | -19.4162244188633
0.6979426816096217 | [-2.71 -3.1 ] | -17.051745528933353
0.6678172408223402 | [3.35 2.8 ] | -19.107561622585187
0.6369813373105869 | [-2.57 -3.31] | -17.63656429634149
0.6059402338348626 | [3.47 2.6 ] | -18.913245552726238
0.5743733916106473 | [-2.45 -3.49] | -18.28005466083437
0.5427987404737764 | [3.58 2.43] | -18.79027233615687
0.510858012964364 | [-2.36 -3.65] | -18.932288010044655
0.479079154032962 | [3.66 2.28] | -18.7054543108156
0.4470706269069388 | [-2.29 -3.78] | -19.556992274931854
0.4153680499552712 | [3.73 2.17] | -18.634746540600062
0.3835509306351302 | [-2.23 -3.89] | -20.12966682750898
0.35216048764684893 | [3.77 2.07] | -18.56207191825371
0.32075138285716365 | [-2.2  -3.97] | -20.635339092876823
0.28986859605050186 | [3.8  1.99] | -18.47753289553483
0.2590458108847726 | [-2.17 -4.04] | -21.06592000603919
0.2288301338629834 | [3.82 1.94] | -18.3753812971022
0.19873787025897552 | [-2.17 -4.08] | -21.41804056624492
0.16931679967852675 | [3.82 1.9 ] | -18.252935177978824
0.14006916820307533 | [-2.17 -4.11] | -21.69215756680428
0.11154213549822214 | [3.81 1.88] | -18.110335758721384
0.08322692305253004 | [-2.18 -4.13] | -21.891982597701144
0.05566892115170436 | [3.79 1.87] | -17.950052189439287
0.028351079694962873 | [-2.2  -4.13] | -22.023574004496382
0.0018159993613341427 | [3.77 1.87] | -17.776089945557764
-0.02445916197546214 | [-2.23 -4.13] | -22.094383479763568
-0.04993549658469582 | [3.74 1.88] | -17.593260052743034
-0.0751394206465668 | [-2.27 -4.11] | -22.112493894276387
-0.09953651651864577 | [3.7 1.9] | -17.40662934130072
-0.12365480370256593 | [-2.31 -4.08] | -22.08607057988726
-0.14696505495522857 | [3.66 1.93] | -17.221137666248858
-0.16999515368973978 | [-2.35 -4.05] | -22.02298599557156
Total reward: -1005.3758862161162
2.3, 0.7, 1.9, 1.1, 0.4, -3.5, 1.6, 0.8, 4.5, -0.8, -0.9, -2.4, -4.0, 1.0, 2.5, -2.5, -3.8, 0.7, 0.5, -4.0, 1.1, 2.7
parameter ends

state | action | reward
[1.] | [4.78 4.74] | -45.43752137166992
0.9992358617687696 | [-1.06 -1.36] | -3.1599184746837556
0.996976923273181 | [5.06 4.54] | -46.31114268236043
0.9932846218382888 | [-0.79 -1.57] | -3.2430508885951337
0.9870164235760118 | [2.04 5.12] | -30.495801981523766
0.9771483134132309 | [-3.75 -1.07] | -15.355560684730948
0.9648934965036301 | [2.41 4.74] | -28.424292704574878
0.9503092248962637 | [-3.4  -1.44] | -13.77992773176922
0.9337266625862717 | [2.74 4.38] | -26.83967085438751
0.9151417384230841 | [-3.09 -1.79] | -12.863731626349498
0.8949243532964125 | [3.04 4.05] | -25.687813427388154
0.8730105654689831 | [-2.81 -2.12] | -12.478310474069943
0.8498034029392308 | [3.3  3.73] | -24.9046771866442
0.8251815497991674 | [-2.56 -2.42] | -12.503109536305486
0.7995762464665747 | [3.53 3.44] | -24.42290534081859
0.7728120646266924 | [-2.34 -2.69] | -12.829229614988787
0.7453441486057272 | [3.74 3.18] | -24.176826846466476
0.7169467477416118 | [-2.15 -2.94] | -13.361524387578058
0.6880951269924155 | [3.91 2.95] | -24.105878565930634
0.6585173342634784 | [-1.99 -3.16] | -14.019469223747949
0.6287054253386009 | [4.07 2.74] | -24.1567225815949
0.5983455375115814 | [-1.85 -3.35] | -14.737129914995652
0.5679435786733542 | [4.2  2.56] | -24.284365931637016
0.5371481079365785 | [-1.73 -3.52] | -15.462489442671135
0.5064762842382441 | [4.31 2.41] | -24.452488867793598
0.47554336278312825 | [-1.63 -3.66] | -16.156281445319784
0.44487544488712344 | [4.4  2.28] | -24.633132110955298
0.41405862262264853 | [-1.55 -3.78] | -16.79046949864806
0.38362588535749703 | [4.47 2.17] | -24.80592479675322
0.3531381145006133 | [-1.48 -3.88] | -17.34654471457625
0.32313335563958223 | [4.53 2.08] | -24.957052421658815
0.2931510058361077 | [-1.43 -3.95] | -17.813804185134106
0.26373253095674964 | [4.57 2.01] | -25.07813060932594
0.23439931981163362 | [-1.4  -4.01] | -18.18772629929107
0.20569479624830456 | [4.6  1.96] | -25.165098044073314
0.17712555362882204 | [-1.37 -4.06] | -18.468510486406768
0.14923566644985597 | [4.62 1.93] | -25.217196777290123
0.12151987767558244 | [-1.36 -4.08] | -18.65981282912323
0.09452174430829167 | [4.63 1.91] | -25.236075920875226
0.06772683834640554 | [-1.35 -4.1 ] | -18.76768507698028
0.04167715689906789 | [4.63 1.9 ] | -25.225033092056353
0.015851521869571998 | [-1.36 -4.1 ] | -18.799709535117373
-0.009210557754474137 | [4.63 1.9 ] | -25.188393825275288
-0.034034837252055916 | [-1.37 -4.09] | -18.764313356685633
-0.05808511989643182 | [4.61 1.92] | -25.131020334255858
-0.08188980015453369 | [-1.38 -4.07] | -18.670241068051432
-0.10491672249886853 | [4.6  1.94] | -25.05793598042494
-0.1276952029203117 | [-1.4  -4.05] | -18.526162397766978
-0.14969776875857801 | [4.57 1.97] | -24.974049474222205
-0.17145314475406848 | [-1.42 -4.02] | -18.340392700625884
Total reward: -1053.454257324169
2.3, 0.7, 1.9, 1.1, 0.4, -3.5, 1.6, 0.8, 4.5, -0.8, -0.9, -2.4, -4.0, 1.0, 2.5, -2.5, -3.8, 0.7, 0.5, -4.0, 1.1, 2.7
parameter ends

state | action | reward
[1.] | [5.   5.04] | -50.53635398609402
0.9991788438051603 | [-0.84 -1.06] | -1.9809579935949606
0.9999896867526338 | [2.69 5.46] | -37.18841534211674
0.9984629165895799 | [-3.1  -0.71] | -10.268290830000247
0.9944832616264266 | [5.94 2.26] | -40.47260173495582
0.9881649728855856 | [ 0.1  -3.85] | -14.951099706540857
0.970068429238731 | [-11.16   6.2 ] | -163.06889558445067
0.9556460561920749 | [14.98 -7.95] | -287.62605857181074
0.9387467197632424 | [-10.88   5.9 ] | -153.2335941010245
0.9197383211737428 | [15.24 -8.24] | -300.12642584307997
0.8986165716917774 | [-10.64   5.62] | -144.93351080008165
0.8757882216006733 | [15.45 -8.51] | -311.1453242166111
0.8511862459333454 | [-10.45   5.36] | -138.11049382608795
0.8252499364922714 | [15.61 -8.76] | -320.5603741625633
0.7978522000695112 | [-10.31   5.12] | -132.68030993735817
0.7694593894724611 | [15.73 -8.98] | -328.3046140098809
0.7398879005869201 | [-10.21   4.91] | -128.54283421699694
0.70962638576213 | [15.81 -9.18] | -334.36409236248926
0.6784388996314275 | [-10.15   4.73] | -125.59040485814644
0.6468322532901861 | [15.85 -9.35] | -338.77258635110087
0.6145227113730536 | [-10.13   4.57] | -123.71397655304916
0.582031636317611 | [15.85 -9.49] | -341.60410992451074
0.5490322477672763 | [-10.15   4.44] | -122.80710617169
0.5160573096000176 | [15.83 -9.61] | -342.9642339020774
0.482741785855759 | [-10.19   4.34] | -122.76824588231952
0.44962708445380595 | [15.77 -9.7 ] | -342.9812031701678
0.4163146318847748 | [-10.26   4.25] | -123.5018603773768
0.3833520601673183 | [15.69 -9.78] | -341.7975721258708
0.3503118180666511 | [-10.35   4.19] | -124.91878699905908
0.3177456329757253 | [15.58 -9.83] | -339.56281122317966
0.2852013148272426 | [-10.47   4.15] | -126.93615289345664
0.2532328102394437 | [15.46 -9.86] | -336.4271229110185
0.22136736552095035 | [-10.6    4.13] | -129.4770722547666
0.19015949073239213 | [15.32 -9.88] | -332.5365431761967
0.15911965347880327 | [-10.74   4.12] | -132.4702700257044
0.12880146499345976 | [15.18 -9.88] | -328.0292890733988
0.09870209503933342 | [-10.89   4.12] | -135.84971741561148
0.06937296481816733 | [15.02 -9.87] | -323.0332370519756
0.04030111927176909 | [-11.06   4.14] | -139.55431979921403
0.012034650569729221 | [14.85 -9.84] | -317.66437464053706
-0.01594665217482882 | [-11.22   4.17] | -143.52766765461857
-0.04309902858829786 | [14.68 -9.81] | -312.0260515054373
-0.06994737100329292 | [-11.4   4.2] | -147.71784356890177
-0.09595313101116847 | [14.51 -9.77] | -306.208857646949
-0.12164358921539296 | [-11.57   4.24] | -152.07726989110262
-0.1464861785270844 | [14.33 -9.73] | -300.2909700480507
-0.17100853977745806 | [-11.75   4.29] | -156.5625794034666
-0.19468475602868565 | [14.16 -9.68] | -294.33882922979
-0.21804104771427135 | [-11.92   4.35] | -161.13449295449263
-0.24055872544928342 | [13.99 -9.62] | -288.4080300093613
Total reward: -10253.347835918334
2.3, 0.7, 1.9, 1.1, 0.4, -3.5, 1.6, 0.8, 4.5, -0.8, -0.9, -2.4, -4.0, 1.0, 2.5, -2.5, -3.8, 0.7, 0.5, -4.0, 1.1, 2.7
parameter ends

state | action | reward
[1.] | [5.24 4.46] | -47.54736266187629
0.9993371845871669 | [-0.6  -1.63] | -3.166051229030025
0.9958580539954579 | [-0.88  5.8 ] | -34.53501565183323
0.996275637447627 | [23.09 -7.58] | -590.6131921352755
0.996232539534417 | [-2.94  6.52] | -51.28410134226456
0.9962129832171613 | [23.01 -7.38] | -584.3286273856245
0.996170717881247 | [-3.01  6.71] | -54.22586084433736
0.9961521744184154 | [22.94 -7.2 ] | -578.0466816177391
0.9961107263955415 | [-3.1   6.88] | -57.10392837112953
0.9960931733964582 | [22.85 -7.03] | -571.7637083362058
0.996052527303705 | [-3.18  7.05] | -59.91751612208138
0.99603594254157 | [22.76 -6.88] | -565.4811764822089
0.9959960828919409 | [-3.28  7.2 ] | -62.66692976546795
0.9959804443040864 | [22.67 -6.73] | -559.204396100426
0.9959413555185168 | [-3.37  7.34] | -65.35326487926139
0.9959266412058906 | [22.57 -6.59] | -552.941408684994
0.9958883076244286 | [-3.47  7.47] | -67.97815132664988
0.9958744958516618 | [22.47 -6.47] | -546.7020708271496
0.9958369017449588 | [-3.58  7.59] | -70.54354419967444
0.9958239709418498 | [22.36 -6.35] | -540.4973104621332
0.9957871005236423 | [-3.68  7.7 ] | -73.05155799506555
0.9957750292884912 | [22.25 -6.24] | -534.3385344924562
0.9957388667294101 | [-3.79  7.81] | -75.50433950232421
0.9957276338343526 | [22.14 -6.14] | -528.2371670353604
0.9956921632771545 | [-3.9   7.91] | -77.90397430847558
0.9956817476754438 | [22.03 -6.04] | -522.2042986923345
0.9956469532515869 | [-4.01  8.  ] | -80.25242169637706
0.9956373340866386 | [21.92 -5.95] | -516.2504288161186
0.9956031999340188 | [-4.12  8.09] | -82.55147289735254
0.9955943565499527 | [21.81 -5.87] | -510.38528456006634
0.9955608668315484 | [-4.23  8.17] | -84.80272804343815
0.995552778784916 | [21.7  -5.79] | -504.6177023898249
0.9955199177080596 | [-4.34  8.24] | -87.00758766363326
0.9955125647804346 | [21.59 -5.72] | -498.95555961321566
0.9954803166164198 | [-4.46  8.32] | -89.16725511825314
0.9954736788275306 | [21.48 -5.65] | -493.40574526998665
0.9954420279312756 | [-4.57  8.38] | -91.2827469203641
0.9954360855523795 | [21.37 -5.58] | -487.97416137409215
0.9954050163818853 | [-4.68  8.45] | -93.35490842293021
0.995399749949112 | [21.26 -5.52] | -482.6657469928472
0.9953692470844824 | [-4.78  8.51] | -95.38443283593264
0.9953646374119047 | [21.15 -5.46] | -477.4845189698659
0.9953346855737268 | [-4.89  8.56] | -97.37188196927004
0.9953307137659541 | [21.05 -5.41] | -472.4336242526808
0.9953012978328689 | [-4.99  8.61] | -99.31770747091815
0.9952979452969886 | [20.94 -5.36] | -467.51539977882186
0.995269050322315 | [-5.1   8.66] | -101.2222716461155
0.9952662987790474 | [20.84 -5.31] | -462.73143671777217
0.9952379100063521 | [-5.2   8.71] | -103.08586720552927
0.9952357415003079 | [20.74 -5.26] | -458.08264657468476
Total reward: -14412.443707651468
2.3, 0.7, 1.9, 1.1, 0.4, -3.5, 1.6, 0.8, 4.5, -0.8, -0.9, -2.4, -4.0, 1.0, 2.5, -2.5, -3.8, 0.7, 0.5, -4.0, 1.1, 2.7
parameter ends

state | action | reward
[1.] | [4.65 4.85] | -45.381244770826385
0.9984901483541755 | [-1.19 -1.25] | -3.2449251244152952
0.9998672090095367 | [4.93 4.65] | -46.21735876136784
0.9997609931724047 | [-0.92 -1.45] | -3.2343228236564556
0.9980578575979011 | [3.87 4.76] | -37.91615874784655
0.9944324181266734 | [-1.97 -1.38] | -6.053198118642648
0.989113259190069 | [4.16 4.49] | -37.72380354729637
0.9821468206752489 | [-1.69 -1.65] | -5.873270802742552
0.9737324777539139 | [4.42 4.22] | -37.65257743615977
0.9638669233475098 | [-1.44 -1.91] | -6.041332409020693
0.9527848893760951 | [4.66 3.96] | -37.68818867542989
0.9404348217027559 | [-1.22 -2.17] | -6.488728210962039
0.9270836525049079 | [4.87 3.71] | -37.810357764570824
0.9126335603519914 | [-1.02 -2.41] | -7.1512352363327985
0.8973807928856425 | [5.06 3.48] | -37.995790203784026
0.8811835893114699 | [-0.84 -2.63] | -7.970823240777886
0.8611673089020374 | [2.7  3.87] | -22.555520477771996
0.8365874765756176 | [-3.16 -2.3 ] | -15.631095755910424
0.8108890526849283 | [2.93 3.54] | -21.491367700466952
0.7839162400748431 | [-2.95 -2.61] | -15.805590610251198
0.7561271256026223 | [3.14 3.25] | -20.748197890188226
0.7273131887943457 | [-2.76 -2.88] | -16.245370002692656
0.6979534653353139 | [3.31 2.99] | -20.253068791972712
0.6677908595949751 | [-2.59 -3.13] | -16.857164719998927
0.6373217379507995 | [3.46 2.76] | -19.942156173227346
0.6062448232404124 | [-2.45 -3.35] | -17.564504754364965
0.5750706371301929 | [3.59 2.56] | -19.761731441619464
0.5434582102638227 | [-2.34 -3.54] | -18.3067842613132
0.5119294248658083 | [3.7  2.38] | -19.66819741166912
0.48010808686958667 | [-2.24 -3.7 ] | -19.037757236677624
0.4485249722543161 | [3.78 2.23] | -19.62747846362233
0.4167730180922593 | [-2.16 -3.84] | -19.723719003383344
0.38538971083369883 | [3.85 2.11] | -19.614015881145587
0.3539412966500204 | [-2.1  -3.95] | -20.341573034459696
0.32297003554713877 | [3.91 2.  ] | -19.60956452740478
0.2920194361753908 | [-2.06 -4.04] | -20.87692842269962
0.2616348105727757 | [3.95 1.92] | -19.60193491248965
0.23134062796129828 | [-2.02 -4.11] | -21.322325439619043
0.20168372046777652 | [3.98 1.86] | -19.58377930353182
0.1721729428178512 | [-2.   -4.17] | -21.675647342137655
0.14335528330916428 | [3.99 1.81] | -19.551483542573767
0.11472712617902166 | [-1.99 -4.21] | -21.93874629379602
0.08683440191563424 | [4.   1.78] | -19.504197790914542
0.05916388738789308 | [-1.98 -4.23] | -22.1162892928967
0.0322593759430289 | [4.   1.76] | -19.443018728333087
0.005600625216029185 | [-1.99 -4.24] | -22.21481512160854
-0.020271666315540185 | [4.   1.76] | -19.370321586568462
-0.04588243692371293 | [-1.99 -4.24] | -22.241984142726785
-0.07069493038176675 | [3.99 1.76] | -19.28923145533541
-0.0952367091895588 | [-2.01 -4.23] | -22.205997907188422
Total reward: -1038.1648752943922
2.3, 0.7, 1.9, 1.1, 0.4, -3.5, 1.6, 0.8, 4.5, -0.8, -0.9, -2.4, -4.0, 1.0, 2.5, -2.5, -3.8, 0.7, 0.5, -4.0, 1.1, 2.7
parameter ends

state | action | reward
[1.] | [4.12 4.55] | -37.99643202131903
0.9971798035150435 | [-1.72 -1.55] | -5.645068024105881
0.993535980477221 | [4.39 4.34] | -38.45991723546003
0.9884846241437122 | [-1.46 -1.76] | -5.514932259040428
0.9821870189476685 | [4.64 4.14] | -38.922180698066676
0.9746412808656493 | [-1.23 -1.97] | -5.655510751234591
0.966041902904982 | [4.86 3.93] | -39.38186970495326
0.9563429362982482 | [-1.02 -2.17] | -6.015066847156801
0.9457695620092138 | [5.06 3.73] | -39.83277850097576
0.9342335856626998 | [-0.83 -2.36] | -6.545214667160318
0.9193598620086647 | [2.55 4.19] | -24.32806239214226
0.9003734065478937 | [-3.3  -1.97] | -15.043279404276937
0.8800524033368322 | [2.81 3.87] | -23.168309877231962
0.8582948792687085 | [-3.06 -2.27] | -14.79097141639583
0.8354967613485126 | [3.03 3.58] | -22.32073237715752
0.8115029613685621 | [-2.85 -2.55] | -14.878087418457868
0.7867354860877271 | [3.23 3.32] | -21.72472603385034
0.7609895351575787 | [-2.66 -2.81] | -15.212300025516187
0.7347095702925462 | [3.4  3.08] | -21.32354049754295
0.7076448181205363 | [-2.5  -3.03] | -15.714378025683965
0.6802589773399723 | [3.55 2.86] | -21.06651424125405
0.6522592271993879 | [-2.37 -3.24] | -16.3183831357491
0.6241256387822791 | [3.68 2.67] | -20.910266281537435
0.5955273358857918 | [-2.25 -3.41] | -16.97114695020046
0.5669582047411404 | [3.78 2.51] | -20.81907045623389
0.5380532774638058 | [-2.16 -3.57] | -17.63124947700556
0.5093179663840129 | [3.87 2.36] | -20.764640359810727
0.4803570753116272 | [-2.08 -3.7 ] | -18.26769550120063
0.4516854887138999 | [3.93 2.24] | -20.725525295904333
0.4228814916172613 | [-2.02 -3.81] | -18.85844935345169
0.394467593900873 | [3.99 2.14] | -20.686281109664467
0.36599907962884715 | [-1.98 -3.91] | -19.388950424653682
0.3380044212060529 | [4.03 2.05] | -20.63654177662672
0.31001920278270445 | [-1.94 -3.98] | -19.850695898353226
0.2825763605563594 | [4.05 1.99] | -20.57008252844718
0.25519484825090427 | [-1.92 -4.04] | -20.23994631366861
0.22841071464562038 | [4.07 1.93] | -20.48393532999886
0.20172911431038 | [-1.91 -4.09] | -20.556584752035473
0.17568799077316896 | [4.07 1.9 ] | -20.377593467317748
0.14978129216069982 | [-1.91 -4.12] | -20.803141653518864
0.12454776015919101 | [4.07 1.87] | -20.252323728207152
0.09947249503530027 | [-1.92 -4.14] | -20.983983910461685
0.07509405076382188 | [4.06 1.86] | -20.110591517747753
0.05089081215787497 | [-1.93 -4.15] | -21.104658077207883
0.027400261103337573 | [4.04 1.85] | -19.95559538753386
0.00409598362903604 | [-1.95 -4.15] | -21.171372322939618
-0.018486401545048065 | [4.02 1.86] | -19.79090196705489
-0.040876394143090106 | [-1.98 -4.14] | -21.190599241963156
-0.06254094374375235 | [4.   1.87] | -19.62016932969622
-0.08401111332862087 | [-2.01 -4.12] | -21.168781041364905
Total reward: -1013.7490290085384
2.3, 0.7, 1.9, 1.1, 0.4, -3.5, 1.6, 0.8, 4.5, -0.8, -0.9, -2.4, -4.0, 1.0, 2.5, -2.5, -3.8, 0.7, 0.5, -4.0, 1.1, 2.7
parameter ends

state | action | reward
[1.] | [4.32 4.67] | -40.7275572384814
0.9974373343459986 | [-1.52 -1.43] | -4.566053781356917
0.993924586514131 | [4.6  4.47] | -41.36125709760197
0.9889992773744264 | [-1.25 -1.63] | -4.432043699795985
0.9828209617146283 | [4.85 4.27] | -41.98626454366111
0.9753896589139597 | [-1.01 -1.83] | -4.5651737969260076
0.9668982203307765 | [5.08 4.07] | -42.603120247779124
0.9573025638626507 | [-0.79 -2.02] | -4.91456087713567
0.9441539513432587 | [2.02 4.66] | -25.992172212695586
0.9264753977083698 | [-3.8  -1.52] | -16.942443240545366
0.9070021473816022 | [2.33 4.31] | -24.161379611185332
0.8856930883050071 | [-3.51 -1.86] | -15.924976590618243
0.8629474452026579 | [2.61 3.98] | -22.789453376345545
0.8386650184647351 | [-3.25 -2.18] | -15.415388699555054
0.8132748562264677 | [2.86 3.68] | -21.80399748622891
0.7866207196778849 | [-3.01 -2.47] | -15.294252287286385
0.7591568299819942 | [3.07 3.4 ] | -21.13272960160809
0.7306745963346161 | [-2.81 -2.73] | -15.455753344822428
0.7016493434679104 | [3.26 3.15] | -20.70776482175903
0.671824233873881 | [-2.63 -2.96] | -15.809205544469595
0.6416921276397872 | [3.43 2.93] | -20.468378417721677
0.6109522824732843 | [-2.48 -3.17] | -16.279381984361034
0.5801119570969419 | [3.57 2.74] | -20.362469998803036
0.5488309371131369 | [-2.35 -3.34] | -16.805934582500395
0.5176281146185883 | [3.69 2.58] | -20.347011727716367
0.48612821206212764 | [-2.24 -3.5 ] | -17.342175528741187
0.4548593100884955 | [3.79 2.44] | -20.387764228253538
0.4234153658064866 | [-2.15 -3.62] | -17.85347569445834
0.3923314810492922 | [3.87 2.32] | -20.458522458931935
0.3611749697634353 | [-2.08 -3.73] | -18.315500397340724
0.330486029111336 | [3.94 2.23] | -20.54011356336432
0.2998092309692098 | [-2.02 -3.81] | -18.712451396590073
0.2696881534595941 | [3.99 2.15] | -20.61930920761248
0.2396482765071154 | [-1.98 -3.88] | -19.035419726157787
0.21023503128325433 | [4.02 2.1 ] | -20.68775019893015
0.1809581875135824 | [-1.95 -3.92] | -19.28089770435387
0.15236366703487847 | [4.05 2.06] | -20.740934596488025
0.1239486352128053 | [-1.93 -3.96] | -19.449467466165686
0.09625829010377121 | [4.07 2.03] | -20.77729894088056
0.06878002268959935 | [-1.91 -3.97] | -19.54467255724826
0.04205722584551461 | [4.07 2.02] | -20.797413000815244
0.01557007605112066 | [-1.91 -3.98] | -19.572073550660992
-0.010140800086725127 | [4.07 2.03] | -20.803299664968613
-0.03560014086483607 | [-1.92 -3.97] | -19.5384814071266
-0.06027093772311841 | [4.07 2.04] | -20.797881493831213
-0.08468079131410516 | [-1.93 -3.95] | -19.451354737362045
-0.1082970632217404 | [4.05 2.06] | -20.784546699834458
-0.13164839658340635 | [-1.94 -3.93] | -19.318341770333305
-0.15420718406972048 | [4.04 2.09] | -20.7668216583997
-0.17650150811689877 | [-1.96 -3.89] | -19.146945417676886
Total reward: -1005.5716378774864
2.3, 0.7, 1.9, 1.1, 0.4, -3.5, 1.6, 0.8, 4.5, -0.8, -0.9, -2.4, -4.0, 1.0, 2.5, -2.5, -3.8, 0.7, 0.5, -4.0, 1.1, 2.7
parameter ends

state | action | reward
[1.] | [4.46 4.46] | -39.965236403034226
0.9946351341553156 | [-1.38 -1.65] | -4.7997464930458165
0.9899000903319236 | [4.74 4.26] | -40.764859068871104
0.9837790120524899 | [-1.11 -1.85] | -4.832023730497636
0.9764487770960181 | [4.99 4.06] | -41.556544923666685
0.96789311518025 | [-0.87 -2.04] | -5.117528130078025
0.9568441213630888 | [3.18 4.35] | -29.182675952111534
0.9426964468464128 | [-2.66 -1.8 ] | -10.47639680815167
0.9270481943730504 | [3.46 4.05] | -28.58856649771402
0.909845583885342 | [-2.38 -2.09] | -10.220997595051934
0.891427569185567 | [3.72 3.77] | -28.240982903162326
0.8716873923566237 | [-2.14 -2.36] | -10.31714582991604
0.8509938813513381 | [3.95 3.51] | -28.096426046526577
0.8291900757342462 | [-1.92 -2.61] | -10.678996015403959
0.8066710870421402 | [4.16 3.27] | -28.110220521131676
0.7832329353568289 | [-1.73 -2.84] | -11.23005717833512
0.7592938012363701 | [4.34 3.05] | -28.239540187964856
0.7346061268146425 | [-1.57 -3.05] | -11.904211730970507
0.7096082763580689 | [4.49 2.85] | -28.445492874286405
0.6840126920681038 | [-1.42 -3.24] | -12.646018755172532
0.6582753251412414 | [4.63 2.68] | -28.694369694735553
0.6320722345399781 | [-1.3  -3.41] | -13.410443386395254
0.6058746151415968 | [4.74 2.52] | -28.95821427829406
0.5793257213719343 | [-1.19 -3.55] | -14.162166164010438
0.5529098722389842 | [4.84 2.38] | -29.214875818367
0.5262409997883841 | [-1.1  -3.68] | -14.874617612121005
0.49981462602817944 | [4.92 2.27] | -29.447698866207023
0.4732187029552837 | [-1.03 -3.79] | -15.528862960567118
0.4469582114934388 | [4.98 2.17] | -29.64498114730993
0.4205982955032181 | [-0.97 -3.88] | -16.11246074649685
0.3936940499383352 | [4.62 2.18] | -26.210763211204785
0.365781706655224 | [-1.34 -3.86] | -16.804970522154235
0.3383455300410643 | [4.67 2.11] | -26.32477631096404
0.31091914740049126 | [-1.3  -3.93] | -17.246736070241692
0.2840335183497765 | [4.7  2.04] | -26.40648502734915
0.25720617855334915 | [-1.27 -3.98] | -17.607917067643584
0.23097138455947874 | [4.73 1.99] | -26.453829868760334
0.20483330039962283 | [-1.25 -4.03] | -17.889392601594786
0.17932829400245082 | [4.74 1.96] | -26.467111236101058
0.15394964692019011 | [-1.24 -4.05] | -18.094545826775324
0.12923476911010268 | [4.75 1.94] | -26.448345518859767
0.10466832309059007 | [-1.23 -4.07] | -18.228495731347824
0.0807877979105582 | [4.75 1.92] | -26.400718378248282
0.05707128306716144 | [-1.24 -4.08] | -18.29747035722724
0.03405548154614049 | [4.74 1.92] | -26.32813685609425
0.011213748871983968 | [-1.25 -4.08] | -18.308308717524877
-0.010918773112356325 | [4.73 1.93] | -26.234873708377098
-0.0328718188603838 | [-1.26 -4.07] | -18.26807595674924
-0.05411249963506279 | [4.71 1.94] | -26.12529418658648
-0.07517217817093366 | [-1.28 -4.05] | -18.183775379093056
Total reward: -1075.7923808524938
2.3, 0.7, 1.9, 1.1, 0.4, -3.5, 1.6, 0.8, 4.5, -0.8, -0.9, -2.4, -4.0, 1.0, 2.5, -2.5, -3.8, 0.7, 0.5, -4.0, 1.1, 2.7
parameter ends

state | action | reward
[1.] | [5.24 4.43] | -47.293351104828595
0.999748722754084 | [-0.59 -1.67] | -3.316430986464571
0.9970312703459213 | [-0.9   5.77] | -34.30919251103503
0.9974348650610837 | [23.38 -7.68] | -605.9959734122828
0.9975055110428479 | [-2.65  6.43] | -48.49575390083069
0.9975921006438317 | [23.3  -7.47] | -598.7840525727469
0.9976574705882228 | [-2.74  6.63] | -51.643119232252886
0.9977384105947636 | [23.21 -7.27] | -591.6189429353358
0.9977988978691015 | [-2.83  6.82] | -54.73030152064874
0.9978745893568791 | [23.11 -7.09] | -584.4950031504956
0.9979305579990962 | [-2.93  7.  ] | -57.75508636231899
0.9980013729150167 | [23.01 -6.92] | -577.4118535343348
0.9980531597406241 | [-3.03  7.16] | -60.71658864349482
0.9981194429708522 | [22.9  -6.76] | -570.373065172424
0.9981673595438104 | [-3.14  7.32] | -63.6149140613066
0.9982294308484373 | [22.79 -6.61] | -563.3850286695467
0.9982737653227387 | [-3.25  7.46] | -66.45087280133203
0.9983319211437812 | [22.68 -6.47] | -556.4560216527702
0.998372939982313 | [-3.37  7.59] | -69.2257438071789
0.9984274551315311 | [22.57 -6.34] | -549.5954532739057
0.9984654047086167 | [-3.48  7.72] | -71.94108601339701
0.9985165339414753 | [22.45 -6.22] | -542.8132635731342
0.9985516420353551 | [-3.6   7.84] | -74.59859167393344
0.9985996215173157 | [22.33 -6.1 ] | -536.1194561683898
0.9986320986986911 | [-3.72  7.95] | -77.19997631887381
0.9986771473698794 | [22.21 -6.  ] | -529.5237440096095
0.998707188292503 | [-3.84  8.05] | -79.74689974392759
0.9987495091366505 | [22.09 -5.9 ] | -523.0352896289296
0.9987772937357882 | [-3.96  8.15] | -82.24091263636494
0.9988170749591794 | [21.97 -5.81] | -516.6625232300597
0.9988427695635942 | [-4.08  8.24] | -84.68342385132145
0.9988801856895677 | [21.85 -5.72] | -510.41302394535734
0.9989039440524806 | [-4.2   8.32] | -87.07568388301058
0.9989391569368333 | [21.73 -5.64] | -504.29345154274097
0.9989611211911081 | [-4.32  8.4 ] | -89.4187806590686
0.9989942809635365 | [21.61 -5.56] | -498.3095177160046
0.9990145825061097 | [-4.43  8.48] | -91.71364437520614
0.9990458284425976 | [21.5  -5.49] | -492.46598779754714
0.999064588752944 | [-4.55  8.55] | -93.96105864952948
0.9990940500837711 | [21.38 -5.42] | -486.76670526857913
0.9991113814809541 | [-4.66  8.61] | -96.16167579158272
0.9991391781387613 | [21.27 -5.35] | -481.21463279991264
0.999155184481377 | [-4.78  8.68] | -98.31603443973731
0.9991814277934847 | [21.16 -5.29] | -475.8119047382433
0.9991962051265639 | [-4.89  8.74] | -100.42457821804747
0.9992209984555003 | [21.05 -5.23] | -470.5598869670565
0.9992346356081964 | [-5.    8.79] | -102.48767440060685
0.9992580749441554 | [20.94 -5.18] | -465.4592409308708
0.9992706540818076 | [-5.1   8.84] | -104.50563185126259
0.9992928285905298 | [20.83 -5.13] | -460.50998933157257
Total reward: -14584.101019459413
2.3, 0.7, 1.9, 1.1, 0.4, -3.5, 1.6, 0.8, 4.5, -0.8, -0.9, -2.4, -4.0, 1.0, 2.5, -2.5, -3.8, 0.7, 0.5, -4.0, 1.1, 2.7
parameter ends

state | action | reward
[1.] | [4.15 4.96] | -42.06716155260577
0.9999975854763494 | [-1.69 -1.14] | -4.3991182886965
0.9993382068491586 | [4.43 4.76] | -42.52273514003785
0.9972288144741834 | [-1.42 -1.34] | -4.062960006379446
0.9937870287553158 | [4.68 4.56] | -42.95637255065883
0.9890494980568807 | [-1.18 -1.54] | -4.010553943862618
0.9831682572546148 | [4.92 4.36] | -43.37490337574251
0.9761362555760659 | [-0.96 -1.74] | -4.194365216514872
0.967714238474979 | [4.45 4.32] | -38.70942807460845
0.9576930302496469 | [-1.42 -1.8 ] | -5.466547486941245
0.9466738923147663 | [4.67 4.09] | -38.74604112390884
0.9345799069827894 | [-1.22 -2.02] | -5.7760905822490205
0.9216727400387331 | [4.86 3.87] | -38.83211603214685
0.9078328467252037 | [-1.04 -2.23] | -6.262614020661172
0.8933491893626311 | [5.03 3.67] | -38.95121912725756
0.8780619043392831 | [-0.88 -2.43] | -6.8792464841657255
0.859801330947389 | [3.23 3.94] | -26.1783267013055
0.8379841992475531 | [-2.65 -2.2 ] | -12.045872542876328
0.8153633042404138 | [3.43 3.67] | -25.43082942395772
0.7917484284369085 | [-2.47 -2.45] | -12.29234311850212
0.7675584553392555 | [3.6  3.43] | -24.88847246760065
0.7425578278548097 | [-2.3  -2.69] | -12.725460480990353
0.7171862525134376 | [3.75 3.2 ] | -24.503651384353166
0.6911664721399766 | [-2.17 -2.9 ] | -13.281220767652405
0.664956256938034 | [3.88 3.  ] | -24.23479450527733
0.6382403643662803 | [-2.05 -3.09] | -13.907024464986126
0.611492147636823 | [3.99 2.83] | -24.046893833001008
0.5843620808552279 | [-1.95 -3.26] | -14.56091858482851
0.5573368643763909 | [4.08 2.67] | -23.91148427571106
0.53003631051709 | [-1.87 -3.4 ] | -15.21053853121747
0.5029584469671247 | [4.15 2.53] | -23.80624466550568
0.47569591471941763 | [-1.8  -3.53] | -15.831891872411974
0.4487562407677234 | [4.21 2.42] | -23.7143661310864
0.4217082177668892 | [-1.75 -3.63] | -16.408094460205778
0.3950672152666305 | [4.25 2.32] | -23.623801650368858
0.36838130844138267 | [-1.71 -3.72] | -16.928139034523404
0.3421722065998607 | [4.29 2.24] | -23.526480812758884
0.31597019101028045 | [-1.69 -3.8 ] | -17.385749966124056
0.29030194716784646 | [4.31 2.17] | -23.417547989141763
0.2646826711274352 | [-1.67 -3.85] | -17.778356121537932
0.23964278762017951 | [4.32 2.12] | -23.294661024389768
0.21468489960879608 | [-1.66 -3.9 ] | -18.106197095231956
0.19034204984728556 | [4.32 2.08] | -23.157371232574462
0.16610652658573624 | [-1.66 -3.94] | -18.371565837012966
0.14251297562345425 | [4.32 2.05] | -23.006593441512283
0.11904544133532434 | [-1.67 -3.96] | -18.578182341803544
0.09623925543188781 | [4.31 2.03] | -22.844166441718674
0.07357209033395655 | [-1.68 -3.97] | -18.73068781473042
0.051579136873081105 | [4.3  2.02] | -22.67249872917357
0.029733378809585622 | [-1.7  -3.98] | -18.83424585162079
Total reward: -1044.4461466021305
2.3, 0.7, 1.9, 1.1, 0.4, -3.5, 1.6, 0.8, 4.5, -0.8, -0.9, -2.4, -4.0, 1.0, 2.5, -2.5, -3.8, 0.7, 0.5, -4.0, 1.1, 2.7
parameter ends

state | action | reward
[1.] | [5.71 4.16] | -50.12781722135487
0.998119604215474 | [-0.13 -1.94] | -3.9892057969278802
0.9909682500014574 | [-7.8   7.26] | -113.68270391697602
0.9869911297577566 | [18.27 -6.78] | -380.1034284436963
0.98234637693191 | [-7.64  7.17] | -110.03070480764302
0.9771695972919965 | [18.42 -6.87] | -386.71389546035687
0.9713957258681128 | [-7.5   7.08] | -106.67180041573029
0.9651839985542017 | [18.55 -6.96] | -392.7731624583944
0.9584393169583044 | [-7.38  6.99] | -103.60460498652571
0.9513432907070251 | [18.66 -7.05] | -398.2763050563994
0.9437722749944908 | [-7.28  6.9 ] | -100.82371523588604
0.9359290480590758 | [18.76 -7.14] | -403.22558540413644
0.9276629160351101 | [-7.19  6.81] | -98.32075958602347
0.9191966706770076 | [18.84 -7.23] | -407.6295891741611
0.9103540576275114 | [-7.11  6.73] | -96.0850906786315
0.901376775978116 | [18.91 -7.31] | -411.50233124373705
0.8920644754799391 | [-7.04  6.65] | -94.10440426453992
0.8826767042758256 | [18.97 -7.39] | -414.8623592381263
0.8729904450392387 | [-6.99  6.57] | -92.36527209398666
0.8632820835885054 | [19.02 -7.46] | -417.7318810862401
0.8533073195723331 | [-6.95  6.5 ] | -90.8535866804843
0.8433584110402766 | [19.05 -7.54] | -420.13593823284424
0.8331711073149926 | [-6.92  6.43] | -89.55492237344735
0.8230526181655886 | [19.08 -7.6 ] | -422.1016409944121
0.8127200193191982 | [-6.9   6.36] | -88.45482093106244
0.802494595647835 | [19.09 -7.66] | -423.6574773653766
0.7920759670613249 | [-6.89  6.3 ] | -87.5390115242516
0.7817986597261887 | [19.1  -7.72] | -424.8327018029839
0.7713459949059905 | [-6.89  6.25] | -86.79357547803477
0.7610649479206472 | [19.1  -7.78] | -425.65680639359795
0.7506236373689175 | [-6.89  6.2 ] | -86.2050655767391
0.7403807360547708 | [19.09 -7.83] | -426.15907344631904
0.7299901949760415 | [-6.9   6.15] | -85.76058879969032
0.7198216719761954 | [19.08 -7.87] | -426.36820598729076
0.7095159255410494 | [-6.92  6.1 ] | -85.44786017698758
0.699452924040963 | [19.06 -7.92] | -426.3120307907687
0.6892611500228164 | [-6.94  6.06] | -85.25523423400834
0.6793302444718436 | [19.04 -7.95] | -426.0172673930109
0.6692772739006995 | [-6.97  6.03] | -85.17171933436256
0.6595009492364928 | [19.01 -7.99] | -425.50935588651976
0.6496077263237459 | [-7.    5.99] | -85.18697919173898
0.6400048172145341 | [18.98 -8.02] | -424.81233607577474
0.6302888202377462 | [-7.03  5.96] | -85.2913249261351
0.6208749122142094 | [18.94 -8.05] | -423.9487706879083
0.6113505373455339 | [-7.07  5.93] | -85.47570029283654
0.6021383319265566 | [18.9  -8.08] | -422.9397056807447
0.5928172421725151 | [-7.11  5.91] | -85.73166210414212
0.5838168882241058 | [18.86 -8.1 ] | -421.8046611980894
0.5747083297419281 | [-7.15  5.88] | -86.05135737859602
0.5659277233679604 | [18.82 -8.12] | -420.5616473244849
Total reward: -12242.215644832115
2.3, 0.7, 1.9, 1.1, 0.4, -3.5, 1.6, 0.8, 4.5, -0.8, -0.9, -2.4, -4.0, 1.0, 2.5, -2.5, -3.8, 0.7, 0.5, -4.0, 1.1, 2.7
parameter ends

state | action | reward
[1.] | [3.84 4.77] | -37.781303829498256
0.9967298179230769 | [-2.   -1.34] | -6.097788138207763
0.9928750861790175 | [4.11 4.56] | -37.935360261944055
0.9876234492270903 | [-1.75 -1.55] | -5.74046390389519
0.9811388504992784 | [4.35 4.35] | -38.10418013008551
0.9734161692610781 | [-1.52 -1.75] | -5.665692132755776
0.96465238226188 | [4.57 4.14] | -38.28681428122625
0.954798403662421 | [-1.32 -1.96] | -5.822537247412866
0.9440817338943661 | [4.76 3.95] | -38.477278982745375
0.9324111622460969 | [-1.13 -2.15] | -6.163258183294958
0.9200423855641929 | [4.93 3.76] | -38.66637746074772
0.9068441456847788 | [-0.97 -2.34] | -6.6440681738988205
0.8926124584095537 | [4.65 3.68] | -35.40431896485407
0.8770994914132262 | [-1.25 -2.42] | -7.651040840797732
0.8610820013700893 | [4.8  3.49] | -35.41613728202669
0.8443629292478891 | [-1.12 -2.6 ] | -8.237297696688259
0.8272819996276006 | [4.93 3.31] | -35.43376224556616
0.8096063575991974 | [-1.   -2.77] | -8.89108347107428
0.7916968419414475 | [5.03 3.15] | -35.44275022090446
0.7732873867863532 | [-0.9  -2.93] | -9.581229706299437
0.7522171419955526 | [3.58 3.37] | -24.367347802684478
0.7279813976928957 | [-2.34 -2.73] | -13.112399896755193
0.7034936067498668 | [3.71 3.17] | -23.94649565631
0.6784565036590302 | [-2.22 -2.92] | -13.655952276691023
0.6533232980679189 | [3.81 2.99] | -23.611478428269116
0.6277619815157077 | [-2.13 -3.09] | -14.250133689924533
0.6022407439092804 | [3.9  2.83] | -23.335191500631453
0.5763962666129266 | [-2.05 -3.24] | -14.861757201360595
0.5507097163236762 | [3.97 2.69] | -23.09605792014481
0.5247897880685494 | [-1.99 -3.37] | -15.465555324836867
0.4991288028353398 | [4.02 2.57] | -22.87755599204816
0.4733106478321982 | [-1.94 -3.49] | -16.04306989012527
0.4478371382854913 | [4.06 2.46] | -22.66760027194209
0.42227036153229064 | [-1.91 -3.58] | -16.5815467005821
0.39712011370586764 | [4.09 2.38] | -22.457863638655596
0.3719295034579448 | [-1.89 -3.66] | -17.07289059019428
0.3472149277991735 | [4.11 2.3 ] | -22.24310082275881
0.3225031421914635 | [-1.88 -3.73] | -17.51271600234756
0.2983158862621441 | [4.11 2.24] | -22.020513602947673
0.27416598888567995 | [-1.87 -3.78] | -17.899512044848766
0.25057938580778516 | [4.11 2.19] | -21.789181935868914
0.22705720824774392 | [-1.88 -3.83] | -18.233928876825424
0.20412854455754295 | [4.1  2.16] | -21.549573196300212
0.18128486412900957 | [-1.89 -3.86] | -18.518183567797504
0.15905745960713982 | [4.09 2.13] | -21.30313264599775
0.13692998829462155 | [-1.91 -3.88] | -18.755577098942624
0.11543508702364237 | [4.07 2.11] | -21.051950821554545
0.09405027339429524 | [-1.93 -3.9 ] | -18.95010819224448
0.07330875018018047 | [4.04 2.1 ] | -20.798495714934973
0.052683400188892136 | [-1.96 -3.9 ] | -19.106162190698225
Total reward: -1028.5777766491462
2.3, 0.7, 1.9, 1.1, 0.4, -3.5, 1.6, 0.8, 4.5, -0.8, -0.9, -2.4, -4.0, 1.0, 2.5, -2.5, -3.8, 0.7, 0.5, -4.0, 1.1, 2.7
parameter ends

state | action | reward
[1.] | [4.65 4.77] | -44.55787594495652
0.9998419680454944 | [-1.18 -1.33] | -3.332035593879832
0.998406189778299 | [4.94 4.58] | -45.539658523928736
0.9955237569788115 | [-0.9  -1.52] | -3.292851476384491
0.9908034651753076 | [3.65 4.75] | -36.09756774655125
0.9838209756340078 | [-2.17 -1.39] | -6.78356721225291
0.9751526052635434 | [3.96 4.48] | -35.86523316995645
0.9648153711822707 | [-1.88 -1.66] | -6.419225083087415
0.9530575332259204 | [4.24 4.21] | -35.803136178394944
0.9398445273928699 | [-1.61 -1.92] | -6.425791379878631
0.9254589142299371 | [4.49 3.95] | -35.89061523235219
0.9098164209257681 | [-1.38 -2.17] | -6.729009965847316
0.8932304931243842 | [4.72 3.71] | -36.101069305636855
0.8755695086365543 | [-1.16 -2.41] | -7.2596898371816785
0.8571747025328784 | [4.92 3.48] | -36.40514671565076
0.8378698060973457 | [-0.97 -2.63] | -7.955144185525276
0.8173370776936072 | [4.62 3.38] | -32.92007268626007
0.7952735364176328 | [-1.27 -2.73] | -9.152894835199685
0.7727383744472293 | [4.8  3.17] | -33.14772929203286
0.7494852895614217 | [-1.1  -2.94] | -9.93041690680904
0.7259373840643004 | [4.95 2.97] | -33.43466190900318
0.7018097647916764 | [-0.96 -3.12] | -10.76287207709478
0.6764239145143627 | [4.48 2.94] | -28.782056765672383
0.6493853082886446 | [-1.44 -3.15] | -12.106523832938311
0.6222648125183831 | [4.61 2.76] | -28.959083950398682
0.5947227555188519 | [-1.31 -3.32] | -12.871392867585683
0.5672462996398103 | [4.72 2.6 ] | -29.170274186203255
0.5394636180783055 | [-1.21 -3.47] | -13.618078791734648
0.5118735161507372 | [4.82 2.46] | -29.391149709048676
0.48407563529065134 | [-1.12 -3.6 ] | -14.32006541165741
0.4565785052457653 | [4.9  2.35] | -29.603227513159748
0.42895669887139526 | [-1.05 -3.71] | -14.958768567120378
0.4017267359465831 | [4.96 2.25] | -29.79334571350892
0.3744413939824438 | [-0.99 -3.8 ] | -15.522278601523887
0.347416176476938 | [4.93 2.19] | -29.16749606391535
0.3201843095552503 | [-1.04 -3.85] | -16.019805457632952
0.29348299549268064 | [4.97 2.12] | -29.294277283585494
0.26683145976471107 | [-1.   -3.91] | -16.420968813157966
0.24076262093564332 | [5.   2.07] | -29.386649129353582
0.2147821240839407 | [-0.98 -3.96] | -16.738990056009545
0.1884561107484464 | [4.62 2.12] | -26.038197866559443
0.1612909901537746 | [-1.35 -3.9 ] | -17.14290270496272
0.13480456745307987 | [4.65 2.09] | -26.100460887449213
0.10848606635805388 | [-1.33 -3.92] | -17.32273980652902
0.08287619618879263 | [4.66 2.07] | -26.141401432484148
0.057456410850664226 | [-1.32 -3.94] | -17.428936612498987
0.03276610375996068 | [4.67 2.06] | -26.16280031501505
0.008281102974643696 | [-1.32 -3.94] | -17.467849846636277
-0.015461366922068828 | [4.67 2.06] | -26.16731471999342
-0.03898918416886178 | [-1.32 -3.94] | -17.446517916659808
Total reward: -1097.34982008086
2.3, 0.7, 1.9, 1.1, 0.4, -3.5, 1.6, 0.8, 4.5, -0.8, -0.9, -2.4, -4.0, 1.0, 2.5, -2.5, -3.8, 0.7, 0.5, -4.0, 1.1, 2.7
parameter ends

state | action | reward
[1.] | [5.83 4.5 ] | -54.37658272390882
0.9998380314418328 | [ 0.   -1.59] | -2.6261014571647108
0.9981741989777159 | [-9.72  8.11] | -160.39440505205215
0.9952280701103094 | [16.4  -5.98] | -304.83452071625385
0.9909615551488274 | [-9.46  7.92] | -152.42161051305135
0.9855203266535844 | [16.65 -6.17] | -315.3349666838568
0.978905062532959 | [-9.23  7.73] | -145.07451696689492
0.971293870628783 | [16.87 -6.36] | -325.2547797037013
0.9626449137321121 | [-9.01  7.55] | -138.34889132892937
0.9531664310930519 | [17.08 -6.54] | -334.5580993905015
0.9427758127409923 | [-8.82  7.37] | -132.23092078875897
0.9317092789047045 | [17.26 -6.72] | -343.21867238342935
0.9198454016659595 | [-8.65  7.2 ] | -126.6994332364093
0.9074463719347252 | [17.42 -6.89] | -351.21978443094946
0.8943540396343006 | [-8.49  7.03] | -121.72777359454935
0.8808546844409316 | [17.57 -7.05] | -358.55389469641284
0.8667556117663454 | [-8.35  6.88] | -117.28550015671033
0.8523654262708442 | [17.7 -7.2] | -365.22201132403944
0.8374591001922258 | [-8.23  6.73] | -113.3398422160053
0.8223659086406675 | [17.81 -7.34] | -371.23286662977074
0.8068306970982061 | [-8.13  6.6 ] | -109.85690024579947
0.7912018581502911 | [17.91 -7.46] | -376.6019565302883
0.7751962816453801 | [-8.04  6.47] | -106.80259600815809
0.7591800195584818 | [17.99 -7.58] | -381.3505065176597
0.7428441185646265 | [-7.97  6.36] | -104.14339547362738
0.7265709210065523 | [18.06 -7.69] | -385.50441902837537
0.710027666720588 | [-7.9   6.25] | -101.84683519145844
0.693611703323236 | [18.11 -7.79] | -389.0932470063459
0.6769684114739627 | [-7.85  6.16] | -99.88188515915148
0.6605089383131082 | [18.16 -7.88] | -392.14922765223093
0.6438586558140397 | [-7.81  6.07] | -98.21918022157097
0.6274413800879377 | [18.19 -7.96] | -394.70640000027026
0.6108642225407191 | [-7.78  6.  ] | -96.83114902780449
0.594562609093287 | [18.22 -8.04] | -396.7998207886494
0.5781270337809596 | [-7.76  5.93] | -95.69206561843689
0.5620035410266168 | [18.24 -8.1 ] | -398.4648854404048
0.5457675453225703 | [-7.75  5.87] | -94.7780444980868
0.5298747828087185 | [18.25 -8.16] | -399.7367549400947
0.5138870220847394 | [-7.74  5.81] | -94.06699599815872
0.49826882557849805 | [18.25 -8.21] | -400.6498849008924
0.48256964791522616 | [-7.74  5.77] | -93.53855509269522
0.4672620707021661 | [18.24 -8.25] | -401.23764999503607
0.4518844681540617 | [-7.75  5.73] | -93.1739937042572
0.4369166893427639 | [18.23 -8.29] | -401.5320549505587
0.42188716733041415 | [-7.76  5.69] | -92.95612394950393
0.407282319499641 | [18.22 -8.32] | -401.56352227181486
0.3926216872164622 | [-7.78  5.66] | -92.86919769661029
0.3783976068330115 | [18.2  -8.35] | -401.36074650552064
0.36412169246337034 | [-7.8   5.63] | -92.89880618241557
0.3502915972316395 | [18.18 -8.37] | -400.950605057083
Total reward: -11723.212579646313
2.3, 0.7, 1.9, 1.1, 0.4, -3.5, 1.6, 0.8, 4.5, -0.8, -0.9, -2.4, -4.0, 1.0, 2.5, -2.5, -3.8, 0.7, 0.5, -4.0, 1.1, 2.7
parameter ends

state | action | reward
[1.] | [4.67 4.86] | -45.640467937999915
0.9998993348244058 | [-1.17 -1.23] | -3.0809593329458296
0.998603968108159 | [4.96 4.67] | -46.60030691569622
0.9958621786246754 | [-0.89 -1.42] | -3.0014758246837943
0.9912251403830475 | [3.46 4.9 ] | -36.156481396017305
0.9842020883117247 | [-2.36 -1.24] | -7.290978938051622
0.9754060571735809 | [3.77 4.62] | -35.685510942403134
0.9648610336165409 | [-2.06 -1.53] | -6.72207984036309
0.9528209850949099 | [4.06 4.34] | -35.41720030475516
0.9392571612061146 | [-1.79 -1.8 ] | -6.558017241469372
0.9244585723209671 | [4.32 4.07] | -35.32928995371987
0.9083455485756459 | [-1.54 -2.06] | -6.720048085589461
0.8912385156864127 | [4.55 3.82] | -35.39275688293513
0.8730092452745346 | [-1.32 -2.3 ] | -7.134453955198059
0.8540063028712881 | [4.76 3.58] | -35.57540171092981
0.8340556491931947 | [-1.12 -2.53] | -7.734344340341823
0.8135310255334534 | [4.95 3.36] | -35.84481199926759
0.7922155845137518 | [-0.95 -2.74] | -8.460679019952627
0.7692305812107224 | [4.31 3.35] | -29.903294037328564
0.7441895145958617 | [-1.58 -2.76] | -10.13872285243556
0.7187659872091053 | [4.48 3.14] | -29.976875011739356
0.6926847534229307 | [-1.42 -2.96] | -10.832488886208342
0.6664037356582602 | [4.63 2.94] | -30.140888762054477
0.6396094216803174 | [-1.29 -3.15] | -11.58197981184694
0.6127753811994548 | [4.76 2.77] | -30.361407372125154
0.5855535575285322 | [-1.17 -3.31] | -12.34260603367946
0.5584309113182085 | [4.87 2.62] | -30.60638388215666
0.5310284861477079 | [-1.07 -3.45] | -13.078550750048347
0.5038445965022766 | [4.96 2.49] | -30.851501156948117
0.4764729015532899 | [-0.99 -3.57] | -13.764843791688042
0.44891521921816074 | [4.81 2.44] | -29.11691276502543
0.420732001045909 | [-1.14 -3.62] | -14.468969820062135
0.39294784684725215 | [4.87 2.34] | -29.30645608296449
0.3651148528703131 | [-1.08 -3.71] | -15.012401808996987
0.3377591464456291 | [4.93 2.25] | -29.471272152350455
0.3104139029428223 | [-1.03 -3.78] | -15.475775135754725
0.2836098612055789 | [4.97 2.19] | -29.60550985505439
0.25686420930782594 | [-1.   -3.84] | -15.856352831721198
0.2306170192677165 | [4.96 2.15] | -29.362073290259406
0.20437300290067767 | [-1.01 -3.87] | -16.16018785445086
0.17876338179720422 | [4.98 2.11] | -29.432889647690683
0.15328161307921426 | [-0.99 -3.91] | -16.381820654697083
0.12816432912964218 | [4.88 2.11] | -28.398463771430794
0.1029016454614091 | [-1.1 -3.9] | -16.553816582161968
0.07833625177465924 | [4.89 2.1 ] | -28.42545011186854
0.05394722502542051 | [-1.1  -3.91] | -16.639803950547385
0.030272257138481726 | [4.89 2.09] | -28.429474749128183
0.006785447618614063 | [-1.1  -3.91] | -16.662792752657005
-0.01597737492890084 | [4.88 2.09] | -28.41394169653422
-0.03854534256513856 | [-1.11 -3.9 ] | -16.629864897062912
Total reward: -1101.7290373809976
2.3, 0.7, 1.9, 1.1, 0.4, -3.5, 1.6, 0.8, 4.5, -0.8, -0.9, -2.4, -4.0, 1.0, 2.5, -2.5, -3.8, 0.7, 0.5, -4.0, 1.1, 2.7
parameter ends

state | action | reward
[1.] | [3.39 4.89] | -35.763378286371285
0.9999874092468802 | [-2.45 -1.2 ] | -7.757864611956027
0.9994385548877038 | [3.68 4.71] | -36.016308075191645
0.9974419766210865 | [-2.17 -1.39] | -6.97143888246406
0.9941134289889685 | [3.94 4.52] | -36.279739579854656
0.9894908093281016 | [-1.91 -1.58] | -6.5060465251865605
0.9837242778027879 | [4.19 4.32] | -36.559861001405864
0.976808105334917 | [-1.68 -1.77] | -6.3138935693094265
0.9689244166861566 | [4.41 4.13] | -36.85681795129273
0.9600253541408289 | [-1.47 -1.96] | -6.349185065977342
0.9503227335938393 | [4.61 3.95] | -37.16611548153677
0.9397283461408601 | [-1.28 -2.14] | -6.568871120580788
0.9284815779759789 | [4.79 3.77] | -37.480194253486665
0.9164558439719237 | [-1.11 -2.31] | -6.933303547943655
0.9039161190103678 | [4.95 3.6 ] | -37.78983412610679
0.8906995455040594 | [-0.96 -2.48] | -7.4066859280989386
0.8763529509789525 | [4.47 3.59] | -33.23873108273833
0.8605781247632056 | [-1.43 -2.5 ] | -8.642432950390855
0.8444096681541352 | [4.62 3.41] | -33.314675813246645
0.8276284045161791 | [-1.29 -2.68] | -9.160022618673379
0.8105811593516355 | [4.75 3.24] | -33.409834033671835
0.7930153216559112 | [-1.17 -2.84] | -9.741827111475587
0.775297597329969 | [4.86 3.09] | -33.50946315978689
0.7571444316607988 | [-1.07 -2.98] | -10.360085836389757
0.7389407204755647 | [4.96 2.95] | -33.60106586656746
0.7203744091512878 | [-0.98 -3.12] | -10.992017619331707
0.7013019791791163 | [4.74 2.89] | -31.108960659597788
0.6813573866957121 | [-1.21 -3.17] | -11.82283947351334
0.661500417054348 | [4.81 2.77] | -31.121713351990124
0.6413728411788141 | [-1.14 -3.29] | -12.435952539978286
0.6214111644624183 | [4.88 2.65] | -31.1193962040235
0.6012339089468179 | [-1.08 -3.4 ] | -13.027802793345746
0.5812902990097889 | [4.93 2.55] | -31.09544670079775
0.5611778658462591 | [-1.03 -3.5 ] | -13.588284329354094
0.5413572659882365 | [4.97 2.46] | -31.045524416890373
0.5214071673824574 | [-0.99 -3.58] | -14.110437202149532
0.5016118649811626 | [4.92 2.4 ] | -30.21154255572737
0.48153087861919913 | [-1.05 -3.64] | -14.619206267315557
0.4618318454756225 | [4.94 2.33] | -30.107612091148077
0.44206224765772756 | [-1.03 -3.71] | -15.062671059480563
0.42271133644422193 | [4.96 2.26] | -29.97698088513724
0.40331298221792083 | [-1.02 -3.76] | -15.460657988422549
0.384363598851218 | [4.97 2.21] | -29.820463958900525
0.36538509014889553 | [-1.02 -3.81] | -15.813551683641354
0.3468801311463073 | [4.97 2.17] | -29.639672161299504
0.3283601723868357 | [-1.02 -3.85] | -16.122777815958255
0.31033331834765104 | [4.97 2.13] | -29.43677713888282
0.29230195322879243 | [-1.02 -3.89] | -16.390507497541883
0.27477884480865833 | [4.96 2.1 ] | -29.214313526088375
0.2572585776660912 | [-1.03 -3.91] | -16.6194146502701
Total reward: -1103.6622010504902
2.3, 0.7, 1.9, 1.1, 0.4, -3.5, 1.6, 0.8, 4.5, -0.8, -0.9, -2.4, -4.0, 1.0, 2.5, -2.5, -3.8, 0.7, 0.5, -4.0, 1.1, 2.7
parameter ends

state | action | reward
[1.] | [3.78 5.13] | -40.8746233864564
0.999987330860148 | [-2.05 -0.97] | -5.4346163194139505
0.9994371501566937 | [4.39 4.63] | -40.92953745953423
0.9974349831544755 | [-1.46 -1.46] | -4.551476960099062
0.9940968888108382 | [4.65 4.45] | -41.66480927638005
0.9894609602732989 | [-1.21 -1.64] | -4.428761995164991
0.9836777100946908 | [4.89 4.27] | -42.35411942220425
0.9767415390529217 | [-0.98 -1.82] | -4.54123739677712
0.9686491692855274 | [4.81 4.16] | -40.630548002133274
0.9592835359703582 | [-1.07 -1.94] | -5.133592911861611
0.9490272223639311 | [5.01 3.97] | -41.08683190718112
0.9377974284697268 | [-0.87 -2.13] | -5.4999751285907355
0.9239478764767574 | [3.21 4.26] | -28.648459083665305
0.9068956131915774 | [-2.65 -1.88] | -10.756710961996527
0.888717360973731 | [3.45 3.99] | -27.948130903962753
0.8692958830390194 | [-2.43 -2.15] | -10.66926637238815
0.8489954148982521 | [3.66 3.73] | -27.45407481529645
0.8276500986005206 | [-2.23 -2.39] | -10.846336403170795
0.8056498977627248 | [3.84 3.49] | -27.123941437656786
0.7827834858792257 | [-2.06 -2.62] | -11.216514385640284
0.7594635366192305 | [4.   3.28] | -26.917620745921706
0.7354366192525936 | [-1.91 -2.82] | -11.718262887275053
0.7111353967004962 | [4.14 3.08] | -26.799003244948963
0.6862678012709942 | [-1.78 -3.01] | -12.300061159417407
0.6612840258666576 | [4.26 2.91] | -26.736986741138338
0.6358568492286288 | [-1.67 -3.17] | -12.920047140031473
0.6104517658442933 | [4.36 2.76] | -26.705880387178468
0.5847098327032407 | [-1.58 -3.31] | -13.545302943354336
0.559109822245305 | [4.44 2.62] | -26.685365532488717
0.5332643985261667 | [-1.51 -3.44] | -14.150922290126179
0.5076637709245654 | [4.51 2.51] | -26.660162873483465
0.48189539865634723 | [-1.45 -3.55] | -14.718987196273527
0.45645925088149364 | [4.56 2.41] | -26.619554034301487
0.4309206029571268 | [-1.4  -3.64] | -15.237602321472142
0.40578765459563676 | [4.6  2.32] | -26.556983197387822
0.3806063340222559 | [-1.37 -3.71] | -15.700347036462034
0.3558916766191971 | [4.62 2.25] | -26.470451857111854
0.3311729062405848 | [-1.35 -3.78] | -16.107198435361216
0.30697062173618367 | [4.64 2.2 ] | -26.363605911333693
0.2827997875419644 | [-1.34 -3.83] | -16.461485994665658
0.25918540634107634 | [4.65 2.15] | -26.236353601029542
0.23563043100543202 | [-1.34 -3.86] | -16.759889867271134
0.21266321212566225 | [4.64 2.12] | -26.085023909327326
0.18977674592255112 | [-1.35 -3.89] | -17.00180396607638
0.16750177082358014 | [4.63 2.1 ] | -25.910520352725946
0.14532319506701064 | [-1.36 -3.91] | -17.1904650548929
0.1237732736589672 | [4.62 2.08] | -25.71581448737693
0.10233051777364835 | [-1.38 -3.92] | -17.330460471815776
0.08152791016218754 | [4.6  2.08] | -25.504534147763163
0.060839087796850676 | [-1.4  -3.92] | -17.426875932567896
Total reward: -1056.3311382501543
