0.3, -5.3, -0.5, -0.4, -0.2, 5.8, 0.2, -5.8, 0.4
parameter ends

state | action | reward
[-0.42] | 2 | -1.0
-0.4224689304828644 | 2 | -1.0
-0.42196089029312134 | 2 | -1.0
-0.4212033748626709 | 2 | -1.0
-0.4202018082141876 | 2 | -1.0
-0.41896334290504456 | 2 | -1.0
-0.41749680042266846 | 2 | -1.0
-0.4158126711845398 | 2 | -1.0
-0.41392290592193604 | 2 | -1.0
-0.4118409752845764 | 2 | -1.0
-0.40958160161972046 | 2 | -1.0
-0.40716078877449036 | 2 | -1.0
-0.40459558367729187 | 2 | -1.0
-0.40190407633781433 | 2 | -1.0
-0.39910513162612915 | 2 | -1.0
-0.39621835947036743 | 2 | -1.0
-0.3932638168334961 | 2 | -1.0
-0.39026209712028503 | 2 | -1.0
-0.3872339427471161 | 2 | -1.0
-0.38420024514198303 | 2 | -1.0
-0.3811818063259125 | 2 | -1.0
-0.3781993091106415 | 2 | -1.0
-0.37527304887771606 | 2 | -1.0
-0.37242287397384644 | 2 | -1.0
-0.36966806650161743 | 2 | -1.0
-0.3670271337032318 | 2 | -1.0
-0.36451777815818787 | 2 | -1.0
-0.3621567487716675 | 2 | -1.0
-0.35995975136756897 | 2 | -1.0
-0.35794132947921753 | 2 | -1.0
-0.35611483454704285 | 2 | -1.0
-0.35449227690696716 | 2 | -1.0
-0.3530843257904053 | 2 | -1.0
-0.3519001603126526 | 2 | -1.0
-0.3509475588798523 | 2 | -1.0
-0.35023272037506104 | 2 | -1.0
-0.3497602641582489 | 2 | -1.0
-0.3495333194732666 | 2 | -1.0
-0.34955334663391113 | 2 | -1.0
-0.34982016682624817 | 2 | -1.0
-0.350332111120224 | 2 | -1.0
-0.3510858416557312 | 2 | -1.0
-0.35207638144493103 | 2 | -1.0
-0.3532973527908325 | 2 | -1.0
-0.3547407388687134 | 2 | -1.0
-0.3563970625400543 | 2 | -1.0
-0.3582554757595062 | 2 | -1.0
-0.36030375957489014 | 2 | -1.0
-0.36252832412719727 | 2 | -1.0
-0.3649144768714905 | 2 | -1.0
-0.36744630336761475 | 2 | -1.0
-0.37010690569877625 | 2 | -1.0
-0.37287843227386475 | 2 | -1.0
-0.37574225664138794 | 2 | -1.0
-0.37867897748947144 | 2 | -1.0
-0.38166868686676025 | 2 | -1.0
-0.3846909999847412 | 2 | -1.0
-0.38772523403167725 | 2 | -1.0
-0.390750527381897 | 2 | -1.0
-0.393746018409729 | 2 | -1.0
-0.3966909348964691 | 2 | -1.0
-0.39956486225128174 | 2 | -1.0
-0.40234771370887756 | 2 | -1.0
-0.4050200283527374 | 2 | -1.0
-0.4075630307197571 | 2 | -1.0
-0.4099588394165039 | 2 | -1.0
-0.4121905565261841 | 2 | -1.0
-0.41424232721328735 | 2 | -1.0
-0.4160996675491333 | 2 | -1.0
-0.4177493453025818 | 2 | -1.0
-0.4191795885562897 | 2 | -1.0
-0.42038026452064514 | 2 | -1.0
-0.42134276032447815 | 2 | -1.0
-0.42206019163131714 | 2 | -1.0
-0.4225274622440338 | 2 | -1.0
-0.422741174697876 | 2 | -1.0
-0.42269983887672424 | 2 | -1.0
-0.4224037528038025 | 2 | -1.0
-0.42185503244400024 | 2 | -1.0
-0.4210575819015503 | 2 | -1.0
-0.4200171232223511 | 2 | -1.0
-0.4187410771846771 | 2 | -1.0
-0.4172385632991791 | 2 | -1.0
-0.4155202805995941 | 2 | -1.0
-0.4135984480381012 | 2 | -1.0
-0.41148674488067627 | 2 | -1.0
-0.40920010209083557 | 2 | -1.0
-0.406754732131958 | 2 | -1.0
-0.4041678309440613 | 2 | -1.0
-0.40145763754844666 | 2 | -1.0
-0.3986431062221527 | 2 | -1.0
-0.3957439959049225 | 2 | -1.0
-0.3927804231643677 | 2 | -1.0
-0.38977301120758057 | 2 | -1.0
-0.3867425322532654 | 2 | -1.0
-0.3837098777294159 | 2 | -1.0
-0.3806958794593811 | 2 | -1.0
-0.3777211010456085 | 2 | -1.0
-0.37480583786964417 | 2 | -1.0
-0.3719698190689087 | 2 | -1.0
-0.3692322075366974 | 2 | -1.0
-0.36661139130592346 | 2 | -1.0
-0.36412495374679565 | 2 | -1.0
-0.36178943514823914 | 2 | -1.0
-0.35962042212486267 | 2 | -1.0
-0.35763221979141235 | 2 | -1.0
-0.35583797097206116 | 2 | -1.0
-0.3542494773864746 | 2 | -1.0
-0.3528771698474884 | 2 | -1.0
-0.35173001885414124 | 2 | -1.0
-0.3508155345916748 | 2 | -1.0
-0.35013964772224426 | 2 | -1.0
-0.3497067987918854 | 2 | -1.0
-0.3495197892189026 | 2 | -1.0
-0.3495798110961914 | 2 | -1.0
-0.3498865067958832 | 2 | -1.0
-0.35043787956237793 | 2 | -1.0
-0.35123032331466675 | 2 | -1.0
-0.3522586524486542 | 2 | -1.0
-0.35351622104644775 | 2 | -1.0
-0.3549947440624237 | 2 | -1.0
-0.3566845953464508 | 2 | -1.0
-0.35857462882995605 | 2 | -1.0
-0.3606523871421814 | 2 | -1.0
-0.3629041612148285 | 2 | -1.0
-0.3653149902820587 | 2 | -1.0
-0.3678688406944275 | 2 | -1.0
-0.37054863572120667 | 2 | -1.0
-0.37333640456199646 | 2 | -1.0
-0.3762133717536926 | 2 | -1.0
-0.3791600465774536 | 2 | -1.0
-0.3821564316749573 | 2 | -1.0
-0.38518208265304565 | 2 | -1.0
-0.3882162570953369 | 2 | -1.0
-0.39123815298080444 | 2 | -1.0
-0.3942268490791321 | 2 | -1.0
-0.39716166257858276 | 2 | -1.0
-0.4000221788883209 | 2 | -1.0
-0.4027884304523468 | 2 | -1.0
-0.4054410755634308 | 2 | -1.0
-0.4079614281654358 | 2 | -1.0
-0.4103317856788635 | 2 | -1.0
-0.4125353991985321 | 2 | -1.0
-0.4145566523075104 | 2 | -1.0
-0.41638121008872986 | 2 | -1.0
-0.4179961085319519 | 2 | -1.0
-0.41938984394073486 | 2 | -1.0
-0.42055249214172363 | 2 | -1.0
-0.42147570848464966 | 2 | -1.0
-0.42215293645858765 | 2 | -1.0
-0.4225793182849884 | 2 | -1.0
-0.4227518141269684 | 2 | -1.0
-0.4226691424846649 | 2 | -1.0
-0.42233195900917053 | 2 | -1.0
-0.42174264788627625 | 2 | -1.0
-0.4209054112434387 | 2 | -1.0
-0.4198262393474579 | 2 | -1.0
-0.41851288080215454 | 2 | -1.0
-0.41697466373443604 | 2 | -1.0
-0.41522255539894104 | 2 | -1.0
-0.4132690131664276 | 2 | -1.0
-0.4111279249191284 | 2 | -1.0
-0.4088144600391388 | 2 | -1.0
-0.4063449501991272 | 2 | -1.0
-0.40373682975769043 | 2 | -1.0
-0.4010084271430969 | 2 | -1.0
-0.3981788754463196 | 2 | -1.0
-0.39526793360710144 | 2 | -1.0
-0.39229586720466614 | 2 | -1.0
-0.38928329944610596 | 2 | -1.0
-0.3862510323524475 | 2 | -1.0
-0.38322001695632935 | 2 | -1.0
-0.3802109658718109 | 2 | -1.0
-0.3772444725036621 | 2 | -1.0
-0.3743407130241394 | 2 | -1.0
-0.3715193569660187 | 2 | -1.0
-0.3687994182109833 | 2 | -1.0
-0.36619919538497925 | 2 | -1.0
-0.363736093044281 | 2 | -1.0
-0.36142653226852417 | 2 | -1.0
-0.359285831451416 | 2 | -1.0
-0.3573281764984131 | 2 | -1.0
-0.35556647181510925 | 2 | -1.0
-0.3540123403072357 | 2 | -1.0
-0.3526759147644043 | 2 | -1.0
-0.35156598687171936 | 2 | -1.0
-0.35068976879119873 | 2 | -1.0
-0.35005298256874084 | 2 | -1.0
-0.34965980052948 | 2 | -1.0
-0.3495127260684967 | 2 | -1.0
-0.3496127724647522 | 2 | -1.0
-0.34995928406715393 | 2 | -1.0
-0.35054993629455566 | 2 | -1.0
-0.35138097405433655 | 2 | -1.0
-0.35244694352149963 | 2 | -1.0
-0.3537408709526062 | 2 | -1.0
-0.35525432229042053 | 2 | -1.0
-0.3569773733615875 | 2 | -1.0
-0.35889866948127747 | 2 | -1.0
-0.36100560426712036 | 2 | -1.0
[-0.45] | 2 | -1.0
-0.4514256417751312 | 2 | -1.0
-0.4504963755607605 | 2 | -1.0
-0.4491110146045685 | 2 | -1.0
-0.4472796618938446 | 2 | -1.0
-0.44501569867134094 | 2 | -1.0
-0.44233569502830505 | 2 | -1.0
-0.4392591118812561 | 2 | -1.0
-0.43580836057662964 | 2 | -1.0
-0.4320084750652313 | 2 | -1.0
-0.42788687348365784 | 2 | -1.0
-0.4234732985496521 | 2 | -1.0
-0.41879943013191223 | 2 | -1.0
-0.41389867663383484 | 2 | -1.0
-0.4088059067726135 | 2 | -1.0
-0.403557151556015 | 2 | -1.0
-0.39818936586380005 | 2 | -1.0
-0.3927401304244995 | 2 | -1.0
-0.38724732398986816 | 2 | -1.0
-0.38174885511398315 | 2 | -1.0
-0.3762824535369873 | 2 | -1.0
-0.37088531255722046 | 2 | -1.0
-0.3655938506126404 | 2 | -1.0
-0.3604435622692108 | 2 | -1.0
-0.35546866059303284 | 2 | -1.0
-0.3507019281387329 | 2 | -1.0
-0.34617456793785095 | 2 | -1.0
-0.34191593527793884 | 2 | -1.0
-0.33795344829559326 | 2 | -1.0
-0.33431243896484375 | 2 | -1.0
-0.33101600408554077 | 2 | -1.0
-0.32808491587638855 | 2 | -1.0
-0.3255375325679779 | 2 | -1.0
-0.3233897089958191 | 2 | -1.0
-0.3216548264026642 | 2 | -1.0
-0.3203435242176056 | 2 | -1.0
-0.31946393847465515 | 2 | -1.0
-0.31902143359184265 | 2 | -1.0
-0.31901872158050537 | 2 | -1.0
-0.3194558322429657 | 2 | -1.0
-0.32033011317253113 | 2 | -1.0
-0.3216361403465271 | 2 | -1.0
-0.3233658969402313 | 2 | -1.0
-0.325508713722229 | 2 | -1.0
-0.32805129885673523 | 2 | -1.0
-0.33097776770591736 | 2 | -1.0
-0.33426985144615173 | 2 | -1.0
-0.33790677785873413 | 2 | -1.0
-0.3418654799461365 | 2 | -1.0
-0.3461206257343292 | 2 | -1.0
-0.3506448566913605 | 2 | -1.0
-0.35540884733200073 | 2 | -1.0
-0.3603813946247101 | 2 | -1.0
-0.36552971601486206 | 2 | -1.0
-0.37081965804100037 | 2 | -1.0
-0.37621572613716125 | 2 | -1.0
-0.38168150186538696 | 2 | -1.0
-0.38717979192733765 | 2 | -1.0
-0.39267289638519287 | 2 | -1.0
-0.3981229066848755 | 2 | -1.0
-0.40349191427230835 | 2 | -1.0
-0.40874233841896057 | 2 | -1.0
-0.4138372838497162 | 2 | -1.0
-0.4187406003475189 | 2 | -1.0
-0.42341747879981995 | 2 | -1.0
-0.4278344213962555 | 2 | -1.0
-0.43195977807044983 | 2 | -1.0
-0.43576380610466003 | 2 | -1.0
-0.43921899795532227 | 2 | -1.0
-0.44230028986930847 | 2 | -1.0
-0.4449853003025055 | 2 | -1.0
-0.4472544491291046 | 2 | -1.0
-0.44909122586250305 | 2 | -1.0
-0.4504821300506592 | 2 | -1.0
-0.4514170289039612 | 2 | -1.0
-0.4518890678882599 | 2 | -1.0
-0.4518948197364807 | 2 | -1.0
-0.4514341652393341 | 2 | -1.0
-0.45051056146621704 | 2 | -1.0
-0.44913074374198914 | 2 | -1.0
-0.44730478525161743 | 2 | -1.0
-0.4450460374355316 | 2 | -1.0
-0.4423710107803345 | 2 | -1.0
-0.43929919600486755 | 2 | -1.0
-0.43585288524627686 | 2 | -1.0
-0.43205711245536804 | 2 | -1.0
-0.4279392957687378 | 2 | -1.0
-0.42352911829948425 | 2 | -1.0
-0.41885823011398315 | 2 | -1.0
-0.4139600396156311 | 2 | -1.0
-0.4088694155216217 | 2 | -1.0
-0.4036223590373993 | 2 | -1.0
-0.3982557952404022 | 2 | -1.0
-0.39280733466148376 | 2 | -1.0
-0.3873148262500763 | 2 | -1.0
-0.38181620836257935 | 2 | -1.0
-0.37634918093681335 | 2 | -1.0
-0.37095096707344055 | 2 | -1.0
-0.3656580150127411 | 2 | -1.0
-0.36050575971603394 | 2 | -1.0
-0.35552850365638733 | 2 | -1.0
-0.35075902938842773 | 2 | -1.0
-0.34622856974601746 | 2 | -1.0
-0.341966450214386 | 2 | -1.0
-0.33800017833709717 | 2 | -1.0
-0.33435508608818054 | 2 | -1.0
-0.3310542702674866 | 2 | -1.0
-0.32811859250068665 | 2 | -1.0
-0.3255663812160492 | 2 | -1.0
-0.323413610458374 | 2 | -1.0
-0.32167357206344604 | 2 | -1.0
-0.3203570246696472 | 2 | -1.0
-0.319472074508667 | 2 | -1.0
-0.3190242052078247 | 2 | -1.0
-0.31901609897613525 | 2 | -1.0
-0.3194478154182434 | 2 | -1.0
-0.32031676173210144 | 2 | -1.0
-0.3216175138950348 | 2 | -1.0
-0.32334214448928833 | 2 | -1.0
-0.3254799544811249 | 2 | -1.0
-0.3280177116394043 | 2 | -1.0
-0.3309396207332611 | 2 | -1.0
-0.3342273235321045 | 2 | -1.0
-0.3378601372241974 | 2 | -1.0
-0.3418150246143341 | 2 | -1.0
-0.3460667133331299 | 2 | -1.0
-0.3505878150463104 | 2 | -1.0
-0.35534903407096863 | 2 | -1.0
-0.36031922698020935 | 2 | -1.0
-0.36546561121940613 | 2 | -1.0
-0.37075403332710266 | 2 | -1.0
-0.3761489987373352 | 2 | -1.0
-0.38161414861679077 | 2 | -1.0
-0.3871122896671295 | 2 | -1.0
-0.3926056921482086 | 2 | -1.0
-0.3980564475059509 | 2 | -1.0
-0.4034266769886017 | 2 | -1.0
-0.40867879986763 | 2 | -1.0
-0.41377583146095276 | 2 | -1.0
-0.4186817407608032 | 2 | -1.0
-0.42336156964302063 | 2 | -1.0
-0.42778193950653076 | 2 | -1.0
-0.43191105127334595 | 2 | -1.0
-0.43571919202804565 | 2 | -1.0
-0.43917879462242126 | 2 | -1.0
-0.4422648251056671 | 2 | -1.0
-0.44495484232902527 | 2 | -1.0
-0.44722920656204224 | 2 | -1.0
-0.44907134771347046 | 2 | -1.0
-0.4504677951335907 | 2 | -1.0
-0.45140835642814636 | 2 | -1.0
-0.4518861174583435 | 2 | -1.0
-0.4518975615501404 | 2 | -1.0
-0.4514426589012146 | 2 | -1.0
-0.4505246877670288 | 2 | -1.0
-0.4491503834724426 | 2 | -1.0
-0.4473298490047455 | 2 | -1.0
-0.4450763165950775 | 2 | -1.0
-0.4424062967300415 | 2 | -1.0
-0.43933919072151184 | 2 | -1.0
-0.4358973503112793 | 2 | -1.0
-0.43210569024086 | 2 | -1.0
-0.427991658449173 | 2 | -1.0
-0.42358487844467163 | 2 | -1.0
-0.4189170002937317 | 2 | -1.0
-0.41402140259742737 | 2 | -1.0
-0.4089328944683075 | 2 | -1.0
-0.4036875367164612 | 2 | -1.0
-0.3983222246170044 | 2 | -1.0
-0.392874538898468 | 2 | -1.0
-0.3873823583126068 | 2 | -1.0
-0.38188356161117554 | 2 | -1.0
-0.3764159381389618 | 2 | -1.0
-0.37101665139198303 | 2 | -1.0
-0.3657221794128418 | 2 | -1.0
-0.36056801676750183 | 2 | -1.0
-0.3555884063243866 | 2 | -1.0
-0.35081619024276733 | 2 | -1.0
-0.34628260135650635 | 2 | -1.0
-0.3420170247554779 | 2 | -1.0
-0.33804696798324585 | 2 | -1.0
-0.3343977630138397 | 2 | -1.0
-0.33109262585639954 | 2 | -1.0
-0.3281523287296295 | 2 | -1.0
-0.32559531927108765 | 2 | -1.0
-0.32343754172325134 | 2 | -1.0
-0.3216923773288727 | 2 | -1.0
-0.3203705847263336 | 2 | -1.0
-0.319480299949646 | 2 | -1.0
-0.31902703642845154 | 2 | -1.0
-0.3190135061740875 | 2 | -1.0
-0.3194398581981659 | 2 | -1.0
-0.32030344009399414 | 2 | -1.0
-0.32159897685050964 | 2 | -1.0
-0.3233184516429901 | 2 | -1.0
-0.3254512846469879 | 2 | -1.0
-0.3279842138290405 | 2 | -1.0
-0.33090150356292725 | 2 | -1.0
-0.334184855222702 | 2 | -1.0
-0.3378135561943054 | 2 | -1.0
[-0.5] | 2 | -1.0
-0.5027972459793091 | 2 | -1.0
-0.5011026859283447 | 2 | -1.0
-0.49857673048973083 | 2 | -1.0
-0.4952382743358612 | 2 | -1.0
-0.49111223220825195 | 2 | -1.0
-0.48622947931289673 | 2 | -1.0
-0.4806264340877533 | 2 | -1.0
-0.47434476017951965 | 2 | -1.0
-0.4674311578273773 | 2 | -1.0
-0.45993679761886597 | 2 | -1.0
-0.45191702246665955 | 2 | -1.0
-0.44343075156211853 | 2 | -1.0
-0.43453991413116455 | 2 | -1.0
-0.42530912160873413 | 2 | -1.0
-0.4158048927783966 | 2 | -1.0
-0.40609505772590637 | 2 | -1.0
-0.39624837040901184 | 2 | -1.0
-0.38633376359939575 | 2 | -1.0
-0.3764197826385498 | 2 | -1.0
-0.36657413840293884 | 2 | -1.0
-0.3568630814552307 | 2 | -1.0
-0.3473510444164276 | 2 | -1.0
-0.3381001353263855 | 2 | -1.0
-0.32916978001594543 | 2 | -1.0
-0.32061633467674255 | 2 | -1.0
-0.31249290704727173 | 2 | -1.0
-0.3048490285873413 | 2 | -1.0
-0.2977305054664612 | 2 | -1.0
-0.2911793291568756 | 2 | -1.0
-0.28523343801498413 | 2 | -1.0
-0.27992677688598633 | 2 | -1.0
-0.2752891778945923 | 2 | -1.0
-0.27134639024734497 | 2 | -1.0
-0.2681199908256531 | 2 | -1.0
-0.26562753319740295 | 2 | -1.0
-0.26388245820999146 | 2 | -1.0
-0.26289403438568115 | 2 | -1.0
-0.26266756653785706 | 2 | -1.0
-0.26320427656173706 | 2 | -1.0
-0.2645012438297272 | 2 | -1.0
-0.2665516436100006 | 2 | -1.0
-0.26934438943862915 | 2 | -1.0
-0.2728644609451294 | 2 | -1.0
-0.2770926356315613 | 2 | -1.0
-0.2820056676864624 | 2 | -1.0
-0.2875761091709137 | 2 | -1.0
-0.29377245903015137 | 2 | -1.0
-0.3005591630935669 | 2 | -1.0
-0.30789661407470703 | 2 | -1.0
-0.31574124097824097 | 2 | -1.0
-0.32404571771621704 | 2 | -1.0
-0.3327590525150299 | 2 | -1.0
-0.34182676672935486 | 2 | -1.0
-0.3511911928653717 | 2 | -1.0
-0.36079177260398865 | 2 | -1.0
-0.3705654442310333 | 2 | -1.0
-0.3804469704627991 | 2 | -1.0
-0.3903694450855255 | 2 | -1.0
-0.4002647399902344 | 2 | -1.0
-0.41006407141685486 | 2 | -1.0
-0.419698566198349 | 2 | -1.0
-0.4290997385978699 | 2 | -1.0
-0.4382001757621765 | 2 | -1.0
-0.44693416357040405 | 2 | -1.0
-0.4552380442619324 | 2 | -1.0
-0.46305105090141296 | 2 | -1.0
-0.47031569480895996 | 2 | -1.0
-0.47697824239730835 | 2 | -1.0
-0.4829893112182617 | 2 | -1.0
-0.4883041977882385 | 2 | -1.0
-0.4928832948207855 | 2 | -1.0
-0.4966924488544464 | 2 | -1.0
-0.49970316886901855 | 2 | -1.0
-0.5018929243087769 | 2 | -1.0
-0.5032454133033752 | 2 | -1.0
-0.5037504434585571 | 2 | -1.0
-0.5034042000770569 | 2 | -1.0
-0.5022093653678894 | 2 | -1.0
-0.5001748204231262 | 2 | -1.0
-0.4973158538341522 | 2 | -1.0
-0.4936537742614746 | 2 | -1.0
-0.4892159700393677 | 2 | -1.0
-0.4840356111526489 | 2 | -1.0
-0.47815126180648804 | 2 | -1.0
-0.47160670161247253 | 2 | -1.0
-0.46445050835609436 | 2 | -1.0
-0.45673561096191406 | 2 | -1.0
-0.4485188126564026 | 2 | -1.0
-0.43986040353775024 | 2 | -1.0
-0.430823415517807 | 2 | -1.0
-0.42147329449653625 | 2 | -1.0
-0.41187721490859985 | 2 | -1.0
-0.4021034240722656 | 2 | -1.0
-0.39222079515457153 | 2 | -1.0
-0.38229820132255554 | 2 | -1.0
-0.37240391969680786 | 2 | -1.0
-0.36260509490966797 | 2 | -1.0
-0.3529673218727112 | 2 | -1.0
-0.34355413913726807 | 2 | -1.0
-0.3344265818595886 | 2 | -1.0
-0.3256428837776184 | 2 | -1.0
-0.3172580897808075 | 2 | -1.0
-0.30932390689849854 | 2 | -1.0
-0.3018883466720581 | 2 | -1.0
-0.2949957251548767 | 2 | -1.0
-0.2886863350868225 | 2 | -1.0
-0.2829965353012085 | 2 | -1.0
-0.27795857191085815 | 2 | -1.0
-0.27360066771507263 | 2 | -1.0
-0.269946813583374 | 2 | -1.0
-0.2670170068740845 | 2 | -1.0
-0.26482710242271423 | 2 | -1.0
-0.26338881254196167 | 2 | -1.0
-0.2627098560333252 | 2 | -1.0
-0.26279380917549133 | 2 | -1.0
-0.26364028453826904 | 2 | -1.0
-0.2652446925640106 | 2 | -1.0
-0.26759853959083557 | 2 | -1.0
-0.27068910002708435 | 2 | -1.0
-0.27449968457221985 | 2 | -1.0
-0.2790094017982483 | 2 | -1.0
-0.2841933071613312 | 2 | -1.0
-0.2900223433971405 | 2 | -1.0
-0.296463280916214 | 2 | -1.0
-0.3034789562225342 | 2 | -1.0
-0.3110281229019165 | 2 | -1.0
-0.3190656900405884 | 2 | -1.0
-0.327542781829834 | 2 | -1.0
-0.33640697598457336 | 2 | -1.0
-0.34560245275497437 | 2 | -1.0
-0.3550703823566437 | 2 | -1.0
-0.36474910378456116 | 2 | -1.0
-0.3745746314525604 | 2 | -1.0
-0.38448095321655273 | 2 | -1.0
-0.39440062642097473 | 2 | -1.0
-0.40426522493362427 | 2 | -1.0
-0.4140058159828186 | 2 | -1.0
-0.4235536456108093 | 2 | -1.0
-0.4328405559062958 | 2 | -1.0
-0.4417998194694519 | 2 | -1.0
-0.45036640763282776 | 2 | -1.0
-0.45847785472869873 | 2 | -1.0
-0.4660745859146118 | 2 | -1.0
-0.4731006324291229 | 2 | -1.0
-0.47950395941734314 | 2 | -1.0
-0.4852370321750641 | 2 | -1.0
-0.4902571737766266 | 2 | -1.0
-0.4945269525051117 | 2 | -1.0
-0.49801450967788696 | 2 | -1.0
-0.5006937980651855 | 2 | -1.0
-0.5025447010993958 | 2 | -1.0
-0.5035533905029297 | 2 | -1.0
-0.5037123560905457 | 2 | -1.0
-0.5030203461647034 | 2 | -1.0
-0.5014826059341431 | 2 | -1.0
-0.499110609292984 | 2 | -1.0
-0.4959220886230469 | 2 | -1.0
-0.4919409453868866 | 2 | -1.0
-0.48719683289527893 | 2 | -1.0
-0.4817252457141876 | 2 | -1.0
-0.4755668342113495 | 2 | -1.0
-0.4687674343585968 | 2 | -1.0
-0.46137744188308716 | 2 | -1.0
-0.45345136523246765 | 2 | -1.0
-0.4450475573539734 | 2 | -1.0
-0.436227411031723 | 2 | -1.0
-0.42705509066581726 | 2 | -1.0
-0.4175967872142792 | 2 | -1.0
-0.40792012214660645 | 2 | -1.0
-0.3980937600135803 | 2 | -1.0
-0.38818660378456116 | 2 | -1.0
-0.3782673478126526 | 2 | -1.0
-0.3684038519859314 | 2 | -1.0
-0.3586627244949341 | 2 | -1.0
-0.3491087555885315 | 2 | -1.0
-0.3398045003414154 | 2 | -1.0
-0.33080992102622986 | 2 | -1.0
-0.32218196988105774 | 2 | -1.0
-0.31397441029548645 | 2 | -1.0
-0.3062373995780945 | 2 | -1.0
-0.2990175187587738 | 2 | -1.0
-0.2923574149608612 | 2 | -1.0
-0.2862958312034607 | 2 | -1.0
-0.28086745738983154 | 2 | -1.0
-0.2761029005050659 | 2 | -1.0
-0.2720286250114441 | 2 | -1.0
-0.2686670422554016 | 2 | -1.0
-0.2660364508628845 | 2 | -1.0
-0.264151006937027 | 2 | -1.0
-0.2630208134651184 | 2 | -1.0
-0.26265189051628113 | 2 | -1.0
-0.2630462050437927 | 2 | -1.0
-0.26420167088508606 | 2 | -1.0
-0.2661121189594269 | 2 | -1.0
-0.2687673270702362 | 2 | -1.0
-0.27215296030044556 | 2 | -1.0
-0.27625060081481934 | 2 | -1.0
-0.28103771805763245 | 2 | -1.0
-0.2864876985549927 | 2 | -1.0
[-0.56] | 2 | -1.0
-0.5626729130744934 | 2 | -1.0
-0.5600784420967102 | 2 | -1.0
-0.5562109351158142 | 2 | -1.0
-0.5510992407798767 | 2 | -1.0
-0.5447814464569092 | 2 | -1.0
-0.5373049974441528 | 2 | -1.0
-0.5287256836891174 | 2 | -1.0
-0.51910799741745 | 2 | -1.0
-0.5085239410400391 | 2 | -1.0
-0.4970529079437256 | 2 | -1.0
-0.48478078842163086 | 2 | -1.0
-0.4717991352081299 | 2 | -1.0
-0.4582044184207916 | 2 | -1.0
-0.44409701228141785 | 2 | -1.0
-0.4295802116394043 | 2 | -1.0
-0.4147592782974243 | 2 | -1.0
-0.39974018931388855 | 2 | -1.0
-0.3846288323402405 | 2 | -1.0
-0.3695297837257385 | 2 | -1.0
-0.35454556345939636 | 2 | -1.0
-0.33977559208869934 | 2 | -1.0
-0.3253154754638672 | 2 | -1.0
-0.3112562894821167 | 2 | -1.0
-0.2976841628551483 | 2 | -1.0
-0.2846795916557312 | 2 | -1.0
-0.27231740951538086 | 2 | -1.0
-0.2606663405895233 | 2 | -1.0
-0.2497890144586563 | 2 | -1.0
-0.2397419959306717 | 2 | -1.0
-0.2305757850408554 | 2 | -1.0
-0.22233492136001587 | 2 | -1.0
-0.21505825221538544 | 2 | -1.0
-0.20877908170223236 | 2 | -1.0
-0.2035253494977951 | 2 | -1.0
-0.19931991398334503 | 2 | -1.0
-0.19618070125579834 | 2 | -1.0
-0.194120854139328 | 2 | -1.0
-0.1931489259004593 | 2 | -1.0
-0.19326892495155334 | 2 | -1.0
-0.19448032975196838 | 2 | -1.0
-0.19677816331386566 | 2 | -1.0
-0.20015288889408112 | 2 | -1.0
-0.204590305685997 | 2 | -1.0
-0.21007142961025238 | 2 | -1.0
-0.21657229959964752 | 2 | -1.0
-0.22406381368637085 | 2 | -1.0
-0.2325114756822586 | 2 | -1.0
-0.24187520146369934 | 2 | -1.0
-0.2521091401576996 | 2 | -1.0
-0.26316148042678833 | 2 | -1.0
-0.27497437596321106 | 2 | -1.0
-0.2874837815761566 | 2 | -1.0
-0.30061963200569153 | 2 | -1.0
-0.31430584192276 | 2 | -1.0
-0.3284606635570526 | 2 | -1.0
-0.34299683570861816 | 2 | -1.0
-0.3578222095966339 | 2 | -1.0
-0.3728402853012085 | 2 | -1.0
-0.3879508972167969 | 2 | -1.0
-0.4030510187149048 | 2 | -1.0
-0.41803568601608276 | 2 | -1.0
-0.4327988922595978 | 2 | -1.0
-0.4472346901893616 | 2 | -1.0
-0.4612382650375366 | 2 | -1.0
-0.474706768989563 | 2 | -1.0
-0.48754069209098816 | 2 | -1.0
-0.49964451789855957 | 2 | -1.0
-0.5109278559684753 | 2 | -1.0
-0.5213061571121216 | 2 | -1.0
-0.5307016968727112 | 2 | -1.0
-0.5390439033508301 | 2 | -1.0
-0.5462703704833984 | 2 | -1.0
-0.5523269176483154 | 2 | -1.0
-0.5571683049201965 | 2 | -1.0
-0.5607582926750183 | 2 | -1.0
-0.5630701780319214 | 2 | -1.0
-0.5640867352485657 | 2 | -1.0
-0.5638003945350647 | 2 | -1.0
-0.5622132420539856 | 2 | -1.0
-0.5593371391296387 | 2 | -1.0
-0.5551934838294983 | 2 | -1.0
-0.5498132705688477 | 2 | -1.0
-0.5432366132736206 | 2 | -1.0
-0.5355127453804016 | 2 | -1.0
-0.5266996026039124 | 2 | -1.0
-0.5168631672859192 | 2 | -1.0
-0.506077229976654 | 2 | -1.0
-0.49442264437675476 | 2 | -1.0
-0.4819866120815277 | 2 | -1.0
-0.4688618779182434 | 2 | -1.0
-0.45514580607414246 | 2 | -1.0
-0.4409395456314087 | 2 | -1.0
-0.42634689807891846 | 2 | -1.0
-0.4114733040332794 | 2 | -1.0
-0.39642491936683655 | 2 | -1.0
-0.38130733370780945 | 2 | -1.0
-0.36622485518455505 | 2 | -1.0
-0.35127928853034973 | 2 | -1.0
-0.33656933903694153 | 2 | -1.0
-0.3221896290779114 | 2 | -1.0
-0.30823028087615967 | 2 | -1.0
-0.2947761118412018 | 2 | -1.0
-0.28190645575523376 | 2 | -1.0
-0.2696947753429413 | 2 | -1.0
-0.2582085132598877 | 2 | -1.0
-0.2475089728832245 | 2 | -1.0
-0.23765131831169128 | 2 | -1.0
-0.22868475317955017 | 2 | -1.0
-0.22065256536006927 | 2 | -1.0
-0.21359236538410187 | 2 | -1.0
-0.2075362354516983 | 2 | -1.0
-0.2025109976530075 | 2 | -1.0
-0.1985384076833725 | 2 | -1.0
-0.1956353336572647 | 2 | -1.0
-0.19381390511989594 | 2 | -1.0
-0.19308164715766907 | 2 | -1.0
-0.19344158470630646 | 2 | -1.0
-0.19489224255084991 | 2 | -1.0
-0.19742761552333832 | 2 | -1.0
-0.20103716850280762 | 2 | -1.0
-0.2057056576013565 | 2 | -1.0
-0.21141301095485687 | 2 | -1.0
-0.21813417971134186 | 2 | -1.0
-0.22583886981010437 | 2 | -1.0
-0.23449139297008514 | 2 | -1.0
-0.24405042827129364 | 2 | -1.0
-0.25446879863739014 | 2 | -1.0
-0.2656933665275574 | 2 | -1.0
-0.2776649594306946 | 2 | -1.0
-0.29031819105148315 | 2 | -1.0
-0.3035816550254822 | 2 | -1.0
-0.31737804412841797 | 2 | -1.0
-0.33162426948547363 | 2 | -1.0
-0.34623202681541443 | 2 | -1.0
-0.3611081540584564 | 2 | -1.0
-0.3761552572250366 | 2 | -1.0
-0.39127248525619507 | 2 | -1.0
-0.4063562750816345 | 2 | -1.0
-0.42130139470100403 | 2 | -1.0
-0.4360017478466034 | 2 | -1.0
-0.4503515362739563 | 2 | -1.0
-0.4642462730407715 | 2 | -1.0
-0.47758379578590393 | 2 | -1.0
-0.4902653396129608 | 2 | -1.0
-0.5021964907646179 | 2 | -1.0
-0.5132880210876465 | 2 | -1.0
-0.523456871509552 | 2 | -1.0
-0.5326268076896667 | 2 | -1.0
-0.5407290458679199 | 2 | -1.0
-0.5477028489112854 | 2 | -1.0
-0.5534960031509399 | 2 | -1.0
-0.5580652356147766 | 2 | -1.0
-0.5613764524459839 | 2 | -1.0
-0.56340491771698 | 2 | -1.0
-0.5641356110572815 | 2 | -1.0
-0.5635629296302795 | 2 | -1.0
-0.5616912841796875 | 2 | -1.0
-0.5585346221923828 | 2 | -1.0
-0.5541163682937622 | 2 | -1.0
-0.5484695434570312 | 2 | -1.0
-0.5416363477706909 | 2 | -1.0
-0.5336679816246033 | 2 | -1.0
-0.5246240496635437 | 2 | -1.0
-0.5145724415779114 | 2 | -1.0
-0.5035885572433472 | 2 | -1.0
-0.4917546510696411 | 2 | -1.0
-0.4791592061519623 | 2 | -1.0
-0.4658960700035095 | 2 | -1.0
-0.45206356048583984 | 2 | -1.0
-0.43776342272758484 | 2 | -1.0
-0.42309999465942383 | 2 | -1.0
-0.4081789255142212 | 2 | -1.0
-0.3931063115596771 | 2 | -1.0
-0.3779875636100769 | 2 | -1.0
-0.36292654275894165 | 2 | -1.0
-0.3480243980884552 | 2 | -1.0
-0.33337903022766113 | 2 | -1.0
-0.319084107875824 | 2 | -1.0
-0.30522865056991577 | 2 | -1.0
-0.2918962836265564 | 2 | -1.0
-0.2791650891304016 | 2 | -1.0
-0.26710718870162964 | 2 | -1.0
-0.2557887136936188 | 2 | -1.0
-0.24526958167552948 | 2 | -1.0
-0.23560366034507751 | 2 | -1.0
-0.2268388420343399 | 2 | -1.0
-0.2190171480178833 | 2 | -1.0
-0.2121749371290207 | 2 | -1.0
-0.2063431441783905 | 2 | -1.0
-0.20154745876789093 | 2 | -1.0
-0.19780853390693665 | 2 | -1.0
-0.19514217972755432 | 2 | -1.0
-0.19355952739715576 | 2 | -1.0
-0.19306708872318268 | 2 | -1.0
-0.19366690516471863 | 2 | -1.0
-0.19535651803016663 | 2 | -1.0
-0.19812892377376556 | 2 | -1.0
-0.20197255909442902 | 2 | -1.0
-0.2068711370229721 | 2 | -1.0
[-0.46] | 2 | -1.0
-0.45583897829055786 | 2 | -1.0
-0.45484474301338196 | 2 | -1.0
-0.45336249470710754 | 2 | -1.0
-0.45140311121940613 | 2 | -1.0
-0.44898098707199097 | 2 | -1.0
-0.44611385464668274 | 2 | -1.0
-0.4428226053714752 | 2 | -1.0
-0.4391312897205353 | 2 | -1.0
-0.43506672978401184 | 2 | -1.0
-0.43065837025642395 | 2 | -1.0
-0.42593804001808167 | 2 | -1.0
-0.42093977332115173 | 2 | -1.0
-0.415699303150177 | 2 | -1.0
-0.41025403141975403 | 2 | -1.0
-0.4046425521373749 | 2 | -1.0
-0.3989044427871704 | 2 | -1.0
-0.39307987689971924 | 2 | -1.0
-0.38720938563346863 | 2 | -1.0
-0.38133350014686584 | 2 | -1.0
-0.37549251317977905 | 2 | -1.0
-0.36972612142562866 | 2 | -1.0
-0.3640732169151306 | 2 | -1.0
-0.3585716187953949 | 2 | -1.0
-0.35325777530670166 | 2 | -1.0
-0.3481666147708893 | 2 | -1.0
-0.3433312773704529 | 2 | -1.0
-0.33878299593925476 | 2 | -1.0
-0.3345509171485901 | 2 | -1.0
-0.3306618928909302 | 2 | -1.0
-0.3271404504776001 | 2 | -1.0
-0.324008584022522 | 2 | -1.0
-0.32128581404685974 | 2 | -1.0
-0.3189889192581177 | 2 | -1.0
-0.31713202595710754 | 2 | -1.0
-0.31572648882865906 | 2 | -1.0
-0.31478092074394226 | 2 | -1.0
-0.3143010139465332 | 2 | -1.0
-0.31428974866867065 | 2 | -1.0
-0.3147471249103546 | 2 | -1.0
-0.3156704008579254 | 2 | -1.0
-0.3170539438724518 | 2 | -1.0
-0.3188893496990204 | 2 | -1.0
-0.3211653530597687 | 2 | -1.0
-0.3238680064678192 | 2 | -1.0
-0.3269805908203125 | 2 | -1.0
-0.3304837644100189 | 2 | -1.0
-0.3343556523323059 | 2 | -1.0
-0.33857181668281555 | 2 | -1.0
-0.3431055247783661 | 2 | -1.0
-0.3479277193546295 | 2 | -1.0
-0.35300731658935547 | 2 | -1.0
-0.3583112359046936 | 2 | -1.0
-0.3638046383857727 | 2 | -1.0
-0.369451105594635 | 2 | -1.0
-0.3752129077911377 | 2 | -1.0
-0.3810512125492096 | 2 | -1.0
-0.3869263231754303 | 2 | -1.0
-0.3927980065345764 | 2 | -1.0
-0.3986257314682007 | 2 | -1.0
-0.40436893701553345 | 2 | -1.0
-0.4099873900413513 | 2 | -1.0
-0.4154415726661682 | 2 | -1.0
-0.4206927418708801 | 2 | -1.0
-0.4257035255432129 | 2 | -1.0
-0.43043801188468933 | 2 | -1.0
-0.4348621368408203 | 2 | -1.0
-0.4389439523220062 | 2 | -1.0
-0.4426538944244385 | 2 | -1.0
-0.4459649622440338 | 2 | -1.0
-0.4488530158996582 | 2 | -1.0
-0.45129698514938354 | 2 | -1.0
-0.4532789885997772 | 2 | -1.0
-0.45478448271751404 | 2 | -1.0
-0.45580244064331055 | 2 | -1.0
-0.45632535219192505 | 2 | -1.0
-0.4563494026660919 | 2 | -1.0
-0.45587441325187683 | 2 | -1.0
-0.45490384101867676 | 2 | -1.0
-0.45344486832618713 | 2 | -1.0
-0.45150816440582275 | 2 | -1.0
-0.44910794496536255 | 2 | -1.0
-0.44626176357269287 | 2 | -1.0
-0.44299042224884033 | 2 | -1.0
-0.4393177628517151 | 2 | -1.0
-0.4352705180644989 | 2 | -1.0
-0.4308779835700989 | 2 | -1.0
-0.4261719286441803 | 2 | -1.0
-0.4211862087249756 | 2 | -1.0
-0.41595658659935 | 2 | -1.0
-0.4105202853679657 | 2 | -1.0
-0.4049159288406372 | 2 | -1.0
-0.3991829752922058 | 2 | -1.0
-0.3933616578578949 | 2 | -1.0
-0.38749241828918457 | 2 | -1.0
-0.38161587715148926 | 2 | -1.0
-0.37577229738235474 | 2 | -1.0
-0.3700014054775238 | 2 | -1.0
-0.36434218287467957 | 2 | -1.0
-0.358832448720932 | 2 | -1.0
-0.35350874066352844 | 2 | -1.0
-0.3484060764312744 | 2 | -1.0
-0.3435577154159546 | 2 | -1.0
-0.33899492025375366 | 2 | -1.0
-0.33474698662757874 | 2 | -1.0
-0.3308408558368683 | 2 | -1.0
-0.3273012042045593 | 2 | -1.0
-0.32415011525154114 | 2 | -1.0
-0.3214072287082672 | 2 | -1.0
-0.31908950209617615 | 2 | -1.0
-0.3172111511230469 | 2 | -1.0
-0.31578367948532104 | 2 | -1.0
-0.31481581926345825 | 2 | -1.0
-0.3143134117126465 | 2 | -1.0
-0.3142795264720917 | 2 | -1.0
-0.3147144019603729 | 2 | -1.0
-0.31561535596847534 | 2 | -1.0
-0.3169769048690796 | 2 | -1.0
-0.3187907934188843 | 2 | -1.0
-0.3210459053516388 | 2 | -1.0
-0.3237283527851105 | 2 | -1.0
-0.32682162523269653 | 2 | -1.0
-0.3303065001964569 | 2 | -1.0
-0.3341611623764038 | 2 | -1.0
-0.33836135268211365 | 2 | -1.0
-0.3428804278373718 | 2 | -1.0
-0.3476894497871399 | 2 | -1.0
-0.35275739431381226 | 2 | -1.0
-0.3580513000488281 | 2 | -1.0
-0.36353638768196106 | 2 | -1.0
-0.36917632818222046 | 2 | -1.0
-0.3749334514141083 | 2 | -1.0
-0.3807689845561981 | 2 | -1.0
-0.38664326071739197 | 2 | -1.0
-0.39251604676246643 | 2 | -1.0
-0.39834681153297424 | 2 | -1.0
-0.40409499406814575 | 2 | -1.0
-0.40972039103507996 | 2 | -1.0
-0.4151833653450012 | 2 | -1.0
-0.42044517397880554 | 2 | -1.0
-0.4254683554172516 | 2 | -1.0
-0.4302169382572174 | 2 | -1.0
-0.4346567690372467 | 2 | -1.0
-0.43875575065612793 | 2 | -1.0
-0.4424842298030853 | 2 | -1.0
-0.4458150863647461 | 2 | -1.0
-0.44872400164604187 | 2 | -1.0
-0.4511898159980774 | 2 | -1.0
-0.45319440960884094 | 2 | -1.0
-0.4547231197357178 | 2 | -1.0
-0.4557647109031677 | 2 | -1.0
-0.45631158351898193 | 2 | -1.0
-0.4563596844673157 | 2 | -1.0
-0.4559086561203003 | 2 | -1.0
-0.4549618363380432 | 2 | -1.0
-0.4535261392593384 | 2 | -1.0
-0.4516121447086334 | 2 | -1.0
-0.44923385977745056 | 2 | -1.0
-0.4464086890220642 | 2 | -1.0
-0.44315728545188904 | 2 | -1.0
-0.43950337171554565 | 2 | -1.0
-0.4354735016822815 | 2 | -1.0
-0.4310968816280365 | 2 | -1.0
-0.4264051616191864 | 2 | -1.0
-0.42143210768699646 | 2 | -1.0
-0.41621336340904236 | 2 | -1.0
-0.41078615188598633 | 2 | -1.0
-0.40518897771835327 | 2 | -1.0
-0.3994612991809845 | 2 | -1.0
-0.3936432898044586 | 2 | -1.0
-0.3877754509449005 | 2 | -1.0
-0.38189834356307983 | 2 | -1.0
-0.37605223059654236 | 2 | -1.0
-0.37027695775032043 | 2 | -1.0
-0.3646114766597748 | 2 | -1.0
-0.35909369587898254 | 2 | -1.0
-0.3537602424621582 | 2 | -1.0
-0.3486461639404297 | 2 | -1.0
-0.34378480911254883 | 2 | -1.0
-0.33920758962631226 | 2 | -1.0
-0.33494386076927185 | 2 | -1.0
-0.33102068305015564 | 2 | -1.0
-0.3274628520011902 | 2 | -1.0
-0.3242926001548767 | 2 | -1.0
-0.32152965664863586 | 2 | -1.0
-0.3191910982131958 | 2 | -1.0
-0.3172913193702698 | 2 | -1.0
-0.315841943025589 | 2 | -1.0
-0.3148517608642578 | 2 | -1.0
-0.3143268823623657 | 2 | -1.0
-0.31427040696144104 | 2 | -1.0
-0.3146827518939972 | 2 | -1.0
-0.31556135416030884 | 2 | -1.0
-0.31690093874931335 | 2 | -1.0
-0.31869328022003174 | 2 | -1.0
-0.3209274113178253 | 2 | -1.0
-0.3235896825790405 | 2 | -1.0
-0.3266635835170746 | 2 | -1.0
-0.33013007044792175 | 2 | -1.0
-0.3339674770832062 | 2 | -1.0
Total reward: -200.0
