-1.7, 0.2, -4.8, 2.3, -4.5, 0.0, -3.0, 1.6, 6.1, 5.5, 4.4, -2.6, 0.5, -0.9, -0.2, 1.2, -3.6, 2.4
parameter ends

state | action | reward
[0.09] | [-2.72  2.67] | 0.08401126550528465
0.12207866264853044 | [-8.82 -3.58] | 0.16052870416866327
0.19301601076554692 | [-8.28 -7.58] | 0.2691802292318354
0.27517028946619604 | [ -7.72 -10.45] | 0.42400474603404803
0.36444333306559085 | [ -6.91 -12.31] | 0.585158071781374
0.4570986738711754 | [ -5.85 -13.21] | 0.7277231448554717
0.5504210201318214 | [ -4.63 -13.38] | 0.8435267864545818
0.6427490815184222 | [ -3.31 -13.11] | 0.9338004347238571
0.7332314429699617 | [ -1.96 -12.59] | 1.002909000229516
0.8215412614769273 | [ -0.62 -11.94] | 0.9829259569613534
0.902008785008653 | [  1.39 -10.56] | 0.5542604155915993
0.9476965006386489 | [ 5.89 -6.56] | -0.20889299725243315
0.9423412851045876 | [ 9.56 -2.59] | -0.9722180583495513
0.8906598591174983 | [12.85  1.69] | -1.2930498815904201
0.8149091655646148 | [11.88  5.63] | -1.2367165956917059
0.7319230176305563 | [11.4   8.77] | -1.1583506313913654
0.6422940898949687 | [10.89 11.58] | -1.0303586165216028
0.5476754992878109 | [10.17 14.18] | -0.8591377076015643
0.449490045488155 | [ 9.22 16.54] | -0.6627449504532297
0.34869231422506364 | [ 8.05 18.61] | -0.45139770524367173
0.24604901153792927 | [ 6.67 20.38] | -0.23143539327623863
0.1422073239510917 | [ 5.09 21.87] | -0.007816691663135547
0.03768826363288742 | [ 3.33 23.1 ] | 0.21524870560365195
-0.06709996267982984 | [ 1.4  24.09] | 0.4340291844966895
-0.1718260079870183 | [-0.66 24.85] | 0.6516864782924842
-0.2516684648413149 | [-4.78 19.31] | 0.7930801409573235
-0.28779978304096515 | [-8.25 13.89] | 0.7908191157139621
-0.2812490289707709 | [-11.17   8.19] | 0.6762345060579439
-0.23125105278840086 | [-13.96   1.8 ] | 0.5136439129078564
-0.1412931823667677 | [-16.53  -4.27] | 0.3441970626473725
-0.03605717888663247 | [-14.33  -8.48] | 0.34295455770919664
0.06578280451192803 | [-12.86 -10.58] | 0.4505664244410206
0.16549745470126234 | [-11.57 -12.05] | 0.5954702259624661
0.26427003562999746 | [-10.27 -13.01] | 0.7432895959124399
0.3624847160530247 | [ -8.92 -13.45] | 0.8765636621120473
0.4599161160418344 | [ -7.49 -13.45] | 0.9891502203613403
0.5561591846543498 | [ -6.01 -13.14] | 1.0802526414004028
0.6508468898217954 | [ -4.52 -12.64] | 1.1510306247812114
0.7437050491778067 | [ -3.03 -12.03] | 1.2035775301416582
0.8345783403150648 | [ -1.56 -11.35] | 1.2400263365689999
0.9233959588218192 | [ -0.12 -10.65] | 1.056911818053476
0.9966126044747445 | [ 2.84 -8.56] | 0.4095074135338734
1.0285145124393211 | [ 7.08 -5.05] | -0.5030743986600528
1.0083645533259868 | [10.49 -1.4 ] | -1.3523318658356172
0.9422126184978707 | [13.51  2.52] | -1.645663736972628
0.8552121736993946 | [12.45  6.26] | -1.5232505349284882
0.764480353746945 | [11.83  9.23] | -1.3944837993288688
0.6699760544912475 | [11.19 11.93] | -1.2346500412064794
0.5723967416147596 | [10.38 14.5 ] | -1.0502521840645946
0.4722798403375994 | [ 9.36 16.85] | -0.8485733127843933
0.37019834086945325 | [ 8.12 18.9 ] | -0.6340294141478453
0.2667373816041813 | [ 6.68 20.65] | -0.4108429283060511
0.1623553320277406 | [ 5.07 22.15] | -0.18260610136904096
0.05736649003731907 | [ 3.31 23.43] | 0.047858955347609235
-0.04800620093107909 | [ 1.41 24.52] | 0.2780587330337545
-0.15357670526185396 | [-0.63 25.42] | 0.5331869560176287
-0.23783553917447764 | [-4.24 21.04] | 0.7469376894351109
-0.2844955013091308 | [-7.28 16.86] | 0.8410248621191001
-0.29579332522313484 | [-9.85 12.74] | 0.8274543730307082
-0.27143743678969573 | [-12.37   7.68] | 0.74286680942348
-0.2094964048210379 | [-15.06   1.79] | 0.6383054522599898
-0.11198237003527697 | [-17.76  -4.13] | 0.5102199632606351
-0.00040519956519996167 | [-15.79  -8.58] | 0.5174046554002725
0.10659872376424095 | [-14.29 -10.49] | 0.6247777161823219
0.20972564122443568 | [-12.88 -11.67] | 0.7631587546833817
0.3104924736210821 | [-11.47 -12.41] | 0.901214111791353
0.4098580638015511 | [-10.01 -12.71] | 1.0237647414258293
0.508058744372686 | [ -8.51 -12.66] | 1.125831670290454
0.6049734337023623 | [ -6.98 -12.34] | 1.2071262998471952
0.7003896798115181 | [ -5.43 -11.86] | 1.2688906237835889
0.7941046278907511 | [ -3.89 -11.28] | 1.313038649832043
0.8859741792493878 | [ -2.37 -10.64] | 1.3417216262924325
0.9759226174127728 | [-0.89 -9.97] | 1.3287203079186096
1.062225484242947 | [ 0.74 -9.15] | 0.8307367518067251
1.1180598934823924 | [ 4.89 -6.41] | -0.13202303405852617
1.1218391498900955 | [ 8.33 -3.57] | -1.1303198350106292
1.07518590853259 | [11.22 -0.35] | -1.8354291543069132
0.9921109917405959 | [12.68  3.28] | -1.9501128954118399
0.8969225313915775 | [11.73  6.7 ] | -1.7706610669013323
0.8007896084471142 | [11.06  9.53] | -1.5977466164153749
0.7029526180384285 | [10.38 12.21] | -1.4130174219605578
0.6031979328854346 | [ 9.55 14.79] | -1.2162726117567955
0.501577999215278 | [ 8.52 17.12] | -1.0066845893999692
0.3984643927760281 | [ 7.28 19.15] | -0.7860795075880185
0.2942848656361991 | [ 5.87 20.91] | -0.5575838921771348
0.18936450163953783 | [ 4.29 22.44] | -0.323898942621314
0.08392924157867819 | [ 2.58 23.78] | -0.08716617155924919
-0.021845218489623414 | [ 0.73 24.93] | 0.16393910814052431
-0.12433927556214545 | [-1.52 25.12] | 0.4580076118831703
-0.2008287954544883 | [-5.05 20.58] | 0.7051959496440359
-0.24001271846960484 | [-7.79 17.18] | 0.8257472146055708
-0.24693943052519396 | [-10.3  13.4] | 0.8494685218812946
-0.22007172949688222 | [-12.89   8.48] | 0.8163003399453462
-0.15700851552501027 | [-15.74   2.61] | 0.7758526405012584
-0.059064703163409144 | [-18.65  -3.39] | 0.6936418193048094
0.05332926122757185 | [-16.85  -8.02] | 0.7089017578649386
0.16151323611866897 | [-15.38  -9.9 ] | 0.8130785443274051
0.2656522397362153 | [-13.91 -10.97] | 0.943856071793692
0.36710641357762225 | [-12.42 -11.6 ] | 1.0731451900887456
0.4669566289495459 | [-10.9  -11.85] | 1.186776315608636
0.5655991189458938 | [ -9.33 -11.77] | 1.2798262933699804
0.6630163709265186 | [ -7.73 -11.46] | 1.3519688949304185
0.7590473956254273 | [ -6.11 -11.  ] | 1.404475613902241
0.8535094670293404 | [ -4.5  -10.44] | 1.4391966041253033
0.9462528833682209 | [-2.92 -9.83] | 1.458439573549745
1.0371910601545264 | [-1.37 -9.19] | 1.46405306143506
1.1262743054830258 | [ 0.13 -8.55] | 1.1183504307007452
1.19525458761265 | [ 3.3  -6.88] | 0.22628920194537475
1.2184954467964588 | [ 6.77 -4.76] | -0.8838498603177791
1.1883217777499193 | [ 9.4  -2.32] | -1.863482710885098
1.1125374235340144 | [11.72  0.55] | -2.2428707416214277
1.0155584257627301 | [11.35  4.24] | -2.1040222905027752
0.9167316070137197 | [10.57  7.33] | -1.898509788845656
0.8180743525314176 | [ 9.93 10.11] | -1.7069044916850709
0.7183573775653251 | [ 9.26 12.84] | -1.51428677378194
0.6170390221939976 | [ 8.42 15.39] | -1.3119984916650427
0.5141932364566923 | [ 7.37 17.66] | -1.097554387143741
0.41017842680745653 | [ 6.13 19.65] | -0.8730008164910542
0.3053275034953224 | [ 4.74 21.39] | -0.6409851735094232
0.1998764197942943 | [ 3.2  22.93] | -0.403501692075403
0.0939988209503362 | [ 1.53 24.29] | -0.16218563743157027
-0.012153133963133628 | [-0.28 25.48] | 0.14747691722013462
-0.10318083669560474 | [-3.27 23.18] | 0.47541437631804784
-0.1629244326088766 | [-6.2  19.93] | 0.7064929578945648
-0.1903438987323643 | [-8.75 16.9 ] | 0.8291726741886395
-0.18690770106874935 | [-11.3   12.97] | 0.8751472668388733
-0.1497345920682544 | [-14.07   7.78] | 0.8917523169553447
-0.07681486536500322 | [-17.15   1.75] | 0.9246053837247555
0.029099934809383735 | [-20.14  -4.01] | 0.9011334384618284
0.14509368903976688 | [-18.1   -7.86] | 0.9300287491415863
0.25407555573985036 | [-16.45  -9.32] | 1.0327425368983323
0.35815346699146483 | [-14.85 -10.16] | 1.1608206228553546
0.4594888276105211 | [-13.25 -10.66] | 1.2887280307761455
0.5594667859090123 | [-11.62 -10.85] | 1.4009291456592357
0.6585463714305093 | [ -9.94 -10.77] | 1.4905625161553868
0.7566676495024001 | [ -8.21 -10.46] | 1.5560929108006496
0.8535921278121235 | [ -6.45 -10.01] | 1.5984324789598738
0.9490599857894546 | [-4.69 -9.46] | 1.6196831241691447
1.0428583304250287 | [-2.95 -8.86] | 1.622998972582837
1.1348650369180207 | [-1.25 -8.23] | 1.6112731354183967
1.2250218527642922 | [ 0.39 -7.6 ] | 1.1601318226000998
1.2913849725093935 | [ 3.7  -6.19] | 0.16438870393638785
1.3097461369324936 | [ 6.59 -4.74] | -0.9814867616811468
1.2759060272463696 | [ 8.69 -2.9 ] | -1.994268511378559
1.1974285777537275 | [10.59 -0.54] | -2.609706820661855
1.091194586156941 | [11.59  2.38] | -2.5384311188547795
0.9825280707541058 | [10.31  5.81] | -2.1972185415956162
0.8797871884937138 | [9.48 8.68] | -1.9500354299288118
0.7785597012451043 | [ 8.79 11.48] | -1.7378546494775688
0.6767532699436929 | [ 8.02 14.17] | -1.5302451621025297
0.5737646548363494 | [ 7.06 16.61] | -1.3144848024026612
0.46969380562714963 | [ 5.91 18.76] | -1.0892784656905214
0.36478680463480506 | [ 4.6  20.65] | -0.8563480016642181
0.2592343683635704 | [ 3.17 22.34] | -0.6171168108801179
0.153170258026975 | [ 1.61 23.86] | -0.37254855964335726
0.04670376783192019 | [-0.08 25.21] | -0.05800511756410677
-0.04778085276162798 | [-2.68 23.86] | 0.2976239211475716
-0.11416699522761417 | [-5.42 21.07] | 0.5783670498790998
-0.15002179040020117 | [-7.8  18.71] | 0.7557283152635647
-0.15825798265002494 | [-10.2   15.69] | 0.857414319193094
-0.13678889728765345 | [-12.83  11.35] | 0.9207995540004463
-0.0823051375322437 | [-15.81   5.87] | 0.9919083188575604
0.006102921536191231 | [-19.02  -0.09] | 1.038848758914524
0.11794414737751044 | [-19.75  -5.41] | 1.068030884898848
0.23201086952437827 | [-18.07  -7.92] | 1.132682765026776
0.34007232417285616 | [-16.45  -8.99] | 1.235652291524444
0.443794761228081 | [-14.78  -9.59] | 1.3498327745898364
0.5449896262864496 | [-13.11  -9.89] | 1.4575647461490713
0.6448046945360336 | [-11.4   -9.92] | 1.5479846681235434
0.7436252794792126 | [-9.65 -9.73] | 1.6165025484578857
0.8414165348420501 | [-7.88 -9.38] | 1.6624820651756047
0.9379912087012006 | [-6.1  -8.91] | 1.6871204656796817
1.0331365102993046 | [-4.32 -8.38] | 1.6926497483283842
1.1266771280297976 | [-2.58 -7.8 ] | 1.6821735483767088
1.2185125948045026 | [-0.88 -7.22] | 1.6202138926227485
1.3066897268693056 | [ 0.9  -6.58] | 0.9206366706695263
1.3609908447861203 | [ 4.4 -5.5] | -0.30510034336787717
1.3594667169568768 | [ 6.61 -4.46] | -1.4851700211097087
1.3065257574782774 | [ 8.27 -2.88] | -2.432804164785019
1.2133609587699254 | [ 9.8  -0.73] | -2.9491277044051842
1.0977628982566534 | [10.58  1.72] | -2.7619519268516424
0.9846969205063629 | [9.16 5.2 ] | -2.347540676107454
0.880165548436623 | [8.32 8.13] | -2.0761271680041933
0.7778772659877221 | [ 7.66 11.04] | -1.8544631435704544
0.675147319767045 | [ 6.92 13.81] | -1.638675959833785
0.571328948896878 | [ 5.99 16.33] | -1.4149430366557485
0.4665740556955188 | [ 4.88 18.55] | -1.1827455888121572
0.3611253057268948 | [ 3.64 20.52] | -0.9438319359891798
0.2551283868397512 | [ 2.27 22.3 ] | -0.6990424036386924
0.14864477770544393 | [ 0.79 23.92] | -0.43263138501159
0.043988943909579206 | [-0.96 24.95] | -0.06636450353694864
-0.039243683163183565 | [-3.66 22.17] | 0.2963959787876037
-0.09138500914457934 | [-5.81 20.42] | 0.548870313118083
-0.11842669066777954 | [-7.88 18.67] | 0.7268507190236068
-0.12161796315251708 | [-10.15  16.07] | 0.8512474140524416
-0.09826750013812448 | [-12.74  12.16] | 0.9548450665237437
-0.044733912571054635 | [-15.73   7.07] | 1.076953859840248
0.04090288781480359 | [-19.01   1.38] | 1.2436075864785565
0.155386360051946 | [-22.09  -3.74] | 1.2955231285363313
0.2760884665568889 | [-19.95  -6.98] | 1.3113731542508043
0.3875578979373091 | [-18.08  -8.04] | 1.3837305132926088
0.49279192219593615 | [-16.25  -8.57] | 1.481786132940968
0.5945303517880104 | [-14.43  -8.86] | 1.5864202348111731
0.694694260467132 | [-12.61  -8.95] | 1.681108480353475
0.794107634932659 | [-10.76  -8.83] | 1.7556438795907405
0.8928750528763227 | [-8.86 -8.54] | 1.8056323521286641
0.9907815676982974 | [-6.93 -8.13] | 1.830370249622408
1.0875215206750986 | [-5.   -7.64] | 1.8311641770201368
1.1828013182301125 | [-3.09 -7.1 ] | 1.8111644737855133
1.2764099662508448 | [-1.22 -6.54] | 1.7743931575501746
1.3682346686128921 | [ 0.58 -5.98] | 1.2093383791244559
1.4334655701718304 | [ 3.61 -5.35] | 0.08299472296198449
1.448340141956447 | [ 5.65 -4.97] | -1.1381283132684892
1.4109190876629214 | [ 6.89 -4.17] | -2.2079508787684152
1.329145555932462 | [ 8.07 -2.67] | -2.939305094930091
1.2177992500369128 | [ 9.12 -0.69] | -3.203291640570015
1.0948234911157155 | [9.32 1.46] | -2.871552798865247
0.9799968883000724 | [7.93 4.92] | -2.424864085640269
0.8746972478900431 | [7.13 7.95] | -2.1450998067927824
0.7716930702822926 | [ 6.51 10.96] | -1.9181968009495853
0.6681934198784353 | [ 5.79 13.79] | -1.6956112369140612
0.5637123133630436 | [ 4.87 16.35] | -1.4654442165150756
0.4584748191050988 | [ 3.81 18.61] | -1.2282041295229458
0.35269401904843056 | [ 2.61 20.64] | -0.9853160096093035
0.24643933515872968 | [ 1.32 22.49] | -0.736937606208736
0.139674788875357 | [-0.1  24.21] | -0.4083281468949643
0.043833460892061034 | [-2.2  23.51] | -0.027784622453446636
-0.026762747075230714 | [-4.34 21.69] | 0.3090014795909601
-0.06652506507513521 | [-6.26 19.96] | 0.5419257236164229
-0.08445366678452733 | [-8.2  18.53] | 0.7159793019185995
-0.08104871910187825 | [-10.45  16.05] | 0.8572946179430312
-0.05287866753898794 | [-13.08  12.26] | 0.9969875674609932
0.003930166540619244 | [-16.13   7.33] | 1.1693772553419741
0.09149550479199903 | [-19.46   1.87] | 1.3924389965051787
0.20684715167941045 | [-22.57  -3.  ] | 1.4724795545602212
0.32824343152370833 | [-20.48  -6.24] | 1.4787558105295087
0.44043873095674824 | [-18.58  -7.26] | 1.533910545159779
0.5461658340854566 | [-16.67  -7.73] | 1.6131849106096308
0.6480850803712087 | [-14.77  -7.96] | 1.7016651340811026
0.7482326741426152 | [-12.88  -8.02] | 1.783544484339947
0.8475916449647469 | [-10.96  -7.89] | 1.847615518748218
0.9463741403275622 | [-9.01 -7.61] | 1.8883144123152158
1.0444128870915304 | [-7.03 -7.23] | 1.9041688638827672
1.1414118296809657 | [-5.06 -6.77] | 1.8960787249644508
1.2370667035583607 | [-3.1  -6.27] | 1.8668580311018461
1.3311383444966425 | [-1.2  -5.76] | 1.820709981421393
1.4234897210030169 | [ 0.63 -5.24] | 1.2055528140340848
1.4880556226833344 | [ 3.46 -5.01] | 0.017148066743868873
1.5008694377047365 | [ 5.11 -5.11] | -1.2410150117553973
1.4608045966276757 | [ 5.97 -4.75] | -2.3241143459747704
1.376605605985233 | [ 6.81 -3.59] | -3.038966330284309
1.2640479174051336 | [ 7.6  -1.84] | -3.332978878786457
1.1394803029123222 | [ 7.9  -0.19] | -3.188149465102947
1.0181424388331293 | [7.21 2.03] | -2.7540989891980296
0.9077193587634995 | [6.12 5.35] | -2.367598530776416
0.8037359818401026 | [5.45 8.51] | -2.0982373121148337
0.7004768259239574 | [ 4.79 12.36] | -1.8031493620738552
0.5965959101876739 | [ 3.99 15.3 ] | -1.575649766201525
0.4919657137834058 | [ 3.05 17.67] | -1.342010176121555
0.3868322517623664 | [ 2.01 19.83] | -1.1037708649566293
0.28118968887127954 | [ 0.87 21.83] | -0.8483022888356057
0.17630854876298088 | [-0.45 23.44] | -0.3595888774855649
0.10671232735988755 | [-3.73 16.27] | 0.23008521013160163
0.09422409338459203 | [-5.05 16.07] | 0.4763367712480212
0.09654864082599336 | [-6.59 15.67] | 0.7097688769258896
0.11433180846043602 | [-8.51 14.55] | 0.94992662180181
0.1503625359002351 | [-10.91  12.46] | 1.220063277008058
0.208933088963557 | [-13.85   9.29] | 1.5426886783022233
0.29430835280125206 | [-17.24   5.21] | 1.9126893464189483
0.4073163209534499 | [-20.61   0.95] | 2.2501752299630238
0.5403442977067793 | [-22.89  -2.31] | 2.2021239888384843
0.6674246181813246 | [-19.4   -4.52] | 2.017770806696724
0.778918836908957 | [-16.67  -5.25] | 1.9675218846801552
0.8828172628031313 | [-14.26  -5.7 ] | 1.9864764704282711
0.9836508148555916 | [-11.97  -5.95] | 2.0261340263951864
1.083554753566057 | [-9.69 -5.97] | 2.0560269358656664
1.1830652750802553 | [-7.41 -5.79] | 2.0621514672249304
1.2819769302635446 | [-5.14 -5.48] | 2.0404177583677576
1.3798474065615673 | [-2.91 -5.09] | 1.9916399912142857
1.4762226002343801 | [-0.74 -4.67] | 1.8383325833612345
1.5669331830211295 | [ 1.44 -4.31] | 1.0604824151327261
1.6237609803590014 | [ 3.63 -4.93] | -0.17375155051462976
1.627941135106774 | [ 4.38 -5.72] | -1.3838172731848077
1.5823013839874829 | [ 4.52 -6.05] | -2.44704022065072
1.494582149264829 | [ 4.9  -5.46] | -3.169459768466276
1.3795868528795594 | [ 5.52 -4.02] | -3.4793705636742227
1.2529883468527987 | [ 5.88 -2.41] | -3.4683906961364075
1.1261381358706908 | [ 5.73 -1.11] | -3.28751580950685
1.0050337708527164 | [ 5.11 -0.25] | -2.9164757689247898
0.8943389229667691 | [3.87 6.04] | -1.9899917912727545
0.7968801913878277 | [ 3.34 12.61] | -1.8025199997175647
0.6965192248124019 | [ 2.77 15.08] | -1.6358118020777777
0.5938720656991742 | [ 2.09 17.36] | -1.4456909703405987
0.489748005708225 | [ 1.31 19.5 ] | -1.238850909900153
0.38453742054710927 | [ 0.4  21.52] | -0.9495697596347124
0.28486706447481286 | [-1.   22.33] | -0.5107832183768776
0.20801447931303707 | [-3.   20.78] | -0.07751714842757562
0.15943257583985598 | [-4.63 19.99] | 0.24823608979669454
0.13341495937897696 | [-6.32 19.14] | 0.5232039267515942
0.12848035741693556 | [-8.35 17.57] | 0.7825385694970072
0.14671764476194793 | [-10.87  14.84] | 1.0581071216185938
0.19180197445266 | [-13.88  11.  ] | 1.3789316891913164
0.2669653271905387 | [-17.32   6.34] | 1.75190831577884
0.3721915596190526 | [-20.73   1.68] | 2.128354236603269
0.5004476595791222 | [-23.35  -1.85] | 2.1624209050017194
0.6263492748543958 | [-20.25  -4.11] | 2.0288159589728116
0.7383125820518113 | [-17.71  -4.81] | 1.9951204921564631
0.8428628395790256 | [-15.38  -5.2 ] | 2.0208428002098837
0.9441393632147725 | [-13.15  -5.4 ] | 2.069638032213887
1.0444309285217137 | [-10.92  -5.42] | 2.112789403711515
1.1445138882014207 | [-8.67 -5.27] | 2.1342453648880246
1.2443360545555795 | [-6.4  -4.98] | 2.1274908465514266
1.3435197672423338 | [-4.14 -4.62] | 2.0914477937920437
1.4416119379564072 | [-1.9  -4.22] | 2.027960868666272
1.5381926329844913 | [ 0.27 -3.82] | 1.533754730250742
1.61399261885559 | [ 2.64 -3.95] | 0.49052647578271313
1.6454629927259954 | [ 3.98 -4.93] | -0.7463955455321697
1.6255806751420396 | [ 4.15 -5.82] | -1.9336753246644325
1.5578768978221202 | [ 4.14 -5.98] | -2.856778386771394
1.454683418726162 | [ 4.48 -5.1 ] | -3.362691447428678
1.3327463304583602 | [ 4.85 -3.62] | -3.4783444625709192
1.2061882727916577 | [ 4.86 -2.21] | -3.3596022896537634
1.0831682169737549 | [ 4.45 -1.17] | -3.130867157357111
0.9675247195283251 | [ 3.62 -0.51] | -2.744970492213995
0.8615261908515488 | [2.84 7.63] | -1.986138181831006
0.7607873646480128 | [ 2.52 13.38] | -1.7902024466648847
0.6582551629545792 | [ 1.91 15.8 ] | -1.600374825017151
0.5545095394463238 | [ 1.21 18.06] | -1.3981134085705667
0.4498043542741084 | [ 0.42 20.21] | -1.1131987694389418
0.35039910385260115 | [-0.8  21.23] | -0.6842096343955049
0.27146097374591643 | [-2.53 20.29] | -0.18551957075948777
0.22618511532109276 | [-4.26 18.52] | 0.19026992368920229
0.20671699611631586 | [-5.68 18.16] | 0.47094868736966594
0.20562088201270523 | [-7.47 17.18] | 0.7505088601988915
0.2247287724449595 | [-9.75 15.22] | 1.0582319494108159
0.26759559237932873 | [-12.57  12.2 ] | 1.4214146581420286
0.33812308959114484 | [-15.88   8.27] | 1.848434475039255
0.4381970968178062 | [-19.34   3.97] | 2.287481509213985
0.5632945504909799 | [-22.17   0.39] | 2.542558774109436
0.6980007740543517 | [-22.37  -2.03] | 2.4106509863901775
0.8209853742867287 | [-18.82  -3.24] | 2.216561166991021
0.9299135999385191 | [-16.1   -3.76] | 2.1660075211714402
1.0329245637756845 | [-13.64  -4.12] | 2.1848770030373936
1.1341527260454627 | [-11.25  -4.27] | 2.219762428695731
1.2352785243413185 | [-8.84 -4.23] | 2.2400183792890913
1.336548798184025 | [-6.4  -4.02] | 2.232040117416122
1.437603097962662 | [-3.96 -3.72] | 2.1917582192276246
1.5379072202943194 | [-1.54 -3.37] | 2.1196646569814552
1.6369301450921745 | [ 0.82 -3.02] | 1.482377351770845
1.7088747480000173 | [ 2.91 -3.64] | 0.3735044292217627
1.7334629448565988 | [ 3.69 -4.94] | -0.7784313118838319
1.710377834953499 | [ 3.41 -6.22] | -1.9256127409067925
1.6414009732297652 | [ 3.04 -6.85] | -2.8614905743742733
1.5372615072934859 | [ 3.17 -6.36] | -3.4108286117538245
1.4138235027483668 | [ 3.54 -5.03] | -3.561467196049461
1.2852659294559223 | [ 3.66 -3.58] | -3.457307387123263
1.1600290790194911 | [ 3.4  -2.42] | -3.233882962093807
1.0419937615715622 | [ 2.76 -1.6 ] | -2.954653872775869
0.9327184977696271 | [ 1.74 -1.07] | -2.3433425696049324
0.8306891877918291 | [ 2.03 11.89] | -1.9237491550017114
0.7277708601210843 | [ 1.53 14.47] | -1.7364017529747375
0.6240036404458831 | [ 0.94 16.81] | -1.5311940281406462
0.5201437517179671 | [ 0.24 18.94] | -1.2206742618749744
0.42395949167604824 | [-0.92 19.84] | -0.7592100515632974
0.3502540721320987 | [-2.49 19.02] | -0.3057400665335675
0.30296739896937985 | [-3.76 18.7 ] | 0.048608328377501245
0.27706462145107924 | [-5.07 18.45] | 0.35634150614844995
0.27025580028137286 | [-6.71 17.73] | 0.6588334435830595
0.283535308268006 | [-8.83 16.1 ] | 0.9895027759852756
0.3200532689110918 | [-11.5   13.47] | 1.3773597228142507
0.38362335424053673 | [-14.68   9.92] | 1.8363051338388596
0.4768594258593987 | [-18.12   5.85] | 2.3230541894321686
0.5970472595988381 | [-21.12   2.21] | 2.718723568056349
0.7335961314391443 | [-22.84  -0.19] | 2.7342595603140927
0.8661915851466586 | [-20.69  -1.74] | 2.4700563594379954
0.9826672380040314 | [-17.28  -2.49] | 2.2981456363343984
1.0884640180454523 | [-14.6   -2.97] | 2.27187253270672
1.1909234211883721 | [-12.09  -3.27] | 2.2992930531345235
1.2931543211348184 | [-9.57 -3.35] | 2.3272326986201395
1.3959883023083464 | [-7.   -3.23] | 2.3307045570239597
1.4992051162591564 | [-4.4  -2.97] | 2.3006750938496006
1.6022491271527564 | [-1.81 -2.65] | 2.235504970896581
1.704525247612401 | [ 0.74 -2.32] | 1.6710589293443612
1.782893890866145 | [ 2.66 -2.89] | 0.699025828782398
1.8190532058681657 | [ 3.47 -4.24] | -0.31843288684713394
1.8122338829729672 | [ 3.11 -5.84] | -1.408180406447242
1.760625097433165 | [ 2.28 -7.17] | -2.4413261917713753
1.6692533949450077 | [ 1.95 -7.61] | -3.209495070869525
1.551092415901922 | [ 2.23 -6.88] | -3.587097179288464
1.4211493861772606 | [ 2.6  -5.46] | -3.6141238080472604
1.2909694757356829 | [ 2.67 -4.06] | -3.447111006197735
1.1664715855530097 | [ 2.37 -2.96] | -3.1945268877790873
1.0501505715908697 | [ 1.71 -2.17] | -2.899896801168764
0.9428307279039287 | [ 0.67 -1.62] | -2.1788536864795787
0.8454727672151002 | [ 1.12 10.81] | -1.855454444906962
0.7484053742066353 | [ 0.82 13.58] | -1.6922035191242517
0.6499979348203039 | [ 0.29 15.85] | -1.3977723326621472
0.5584978394503382 | [-0.61 17.18] | -0.9604905102817528
0.4855387170639043 | [-1.86 17.21] | -0.48364552818603024
0.43736055229473103 | [-3.05 17.01] | -0.07079692747371051
0.41211997019113256 | [-4.16 16.98] | 0.28533426044322363
0.4068378165986401 | [-5.53 16.64] | 0.6366222634669417
0.42163581081886586 | [-7.33 15.65] | 1.0207781128652884
0.45866168762431814 | [-9.67 13.9 ] | 1.469382020316382
0.5212117401888549 | [-12.54  11.36] | 1.9981581502393353
0.6122732535035323 | [-15.78   8.23] | 2.557326646736727
0.7305770857794864 | [-18.76   5.11] | 2.9862634948197395
0.8660043262415499 | [-20.46   2.79] | 3.1418137282667096
1.0047642093065585 | [-20.6    1.48] | 3.0535793653139374
1.1378541761195686 | [-19.94   0.78] | 2.8265743263641037
1.2612538582956365 | [-18.77   0.27] | 2.5540362467075606
1.3742455947825543 | [-16.99  -0.3 ] | 2.3282906109415014
1.4796006619635682 | [-14.67  -0.87] | 2.208819520018386
1.5817078588448588 | [-11.81  -1.37] | 2.198683755648162
1.6841657715870142 | [-8.86 -1.61] | 2.2251641282704124
1.788072275991033 | [-5.89 -1.62] | 2.2301987454720167
1.892937043246347 | [-2.9  -1.48] | 2.092136785425275
1.9918411480413043 | [-3.28 -1.85] | 0.45067374777764424
1.9973629903284034 | [-3.97 -2.47] | 0.5141273311152158
2.0070711963258607 | [-0.83 -2.38] | 0.8207725710915802
2.035919226015203 | [ 2.09 -2.38] | 0.7271809545213559
2.0619986589694363 | [ 2.72 -3.13] | 0.2985467249940388
2.067838005251426 | [ 2.97 -4.21] | -0.21976457196939866
2.051474588692109 | [ 2.66 -5.57] | -0.8668301760457365
2.0092127406456157 | [ 1.91 -7.09] | -1.646345732913049
1.9375716353400252 | [ 1.04 -8.49] | -2.501321790769973
1.8358806059340835 | [ 0.57 -9.28] | -3.114093741478185
1.7167551855762169 | [ 0.97 -8.6 ] | -3.530386086311168
1.5878862177491568 | [ 1.57 -7.8 ] | -3.81690962902982
1.4516786895158618 | [ 2.06 -6.35] | -3.7868838438086394
1.3175097022901532 | [ 2.18 -4.9 ] | -3.576729094356964
1.1904830131504853 | [ 1.96 -3.75] | -3.2991281201900957
1.0723771283159445 | [ 1.4  -2.89] | -2.991081840778036
0.9636144867124319 | [ 0.48 -2.25] | -2.252006799206516
0.8692436038607246 | [ 0.79 10.07] | -1.7668119361004075
0.7792451087243291 | [ 0.48 12.66] | -1.5564225211729739
0.6915883800989723 | [-0.11 14.54] | -1.209197206006852
0.6152038327891078 | [-1.03 15.5 ] | -0.7064790419783995
0.5621751550878349 | [-2.33 15.19] | -0.18995447687421485
0.5359522766441615 | [-3.41 15.14] | 0.2458143124461817
0.5326689086126 | [-4.63 14.91] | 0.6703861925856451
0.5517620584898704 | [-6.18 14.26] | 1.1246240867911437
0.5941671133014543 | [-8.19 13.15] | 1.639477996863946
0.6618683358476789 | [-10.68  11.55] | 2.2251760171803427
0.7568051175862808 | [-13.53   9.52] | 2.8115980981713573
0.8769386812419295 | [-16.19   7.32] | 3.1923075818353435
1.0113429196903463 | [-17.61   5.36] | 3.2224419780756466
1.1455421982689111 | [-17.62   3.94] | 3.031653587035281
1.2719912864498615 | [-17.12   2.96] | 2.768942421375684
1.389140582826506 | [-16.49   2.19] | 2.4871758066237057
1.49748668703204 | [-15.76   1.48] | 2.1946566775586067
1.5977929632111698 | [-15.04   0.77] | 1.8914959770973516
1.6896257230168306 | [-14.23  -0.03] | 1.6426703990474756
1.7738885368396604 | [-12.64  -0.89] | 1.6820686753841263
1.860436998751696 | [-6.08 -1.89] | 1.8032672293177283
1.9474450357847752 | [-7.28 -2.27] | -0.03251606180279755
1.9305134467868372 | [-7.23 -2.41] | 0.17746209937155027
1.92442249243649 | [-4.36 -2.26] | 0.5499997177452318
1.9382174000253096 | [-1.76 -2.17] | 0.8012628494350099
1.9660353703374311 | [ 0.75 -2.14] | 0.766937560094114
1.9929460343759993 | [ 1.82 -2.47] | 0.43353069723217724
2.003604002735033 | [ 2.33 -3.16] | -0.006836083814197903
1.994597371070882 | [ 2.46 -4.15] | -0.5530960094644407
1.963246574748736 | [ 2.23 -5.38] | -1.2311116941763809
1.9059044227160769 | [ 1.78 -6.68] | -2.0384877508084274
1.8193723136326125 | [ 1.39 -7.76] | -2.8833933987221556
1.7045136042475448 | [ 1.45 -8.09] | -3.546213608811462
1.5703766476246175 | [ 2.04 -7.31] | -3.8490409803176844
1.429928387302748 | [ 2.54 -5.82] | -3.8103638701402196
1.2929887537078764 | [ 2.57 -4.39] | -3.588692914159735
1.1642016498120806 | [ 2.25 -3.3 ] | -3.3083864144500015
1.0447592770597263 | [ 1.68 -2.51] | -3.008770677738611
0.9346485183439621 | [ 0.8  -1.92] | -2.6406204074634774
0.8364707195149154 | [-0.49 -1.84] | -1.8287486022721828
0.7614128567483035 | [-0.5   9.04] | -1.050489674150396
0.707786314238257 | [-1.37 10.12] | -0.5127624169290286
0.6787804914423613 | [-2.35 10.25] | 0.0230849820815276
0.6758341667211989 | [-3.14 10.45] | 0.5228473582424092
0.6966119804094398 | [-3.97 10.64] | 1.0250396324296567
0.7395714033827399 | [-4.95 10.84] | 1.553148055902468
0.8039474160545914 | [-6.16 11.03] | 2.123858969187463
0.8900141244092286 | [-7.63 11.19] | 2.721822240213229
0.9976273737300703 | [-9.32 11.3 ] | 3.2432108039353804
1.1226856842713069 | [-10.99  11.11] | 3.4640489555695484
1.2542825050249198 | [-11.98  10.06] | 3.2828401103110716
1.3797337629638373 | [-12.2    8.42] | 2.9374439296729884
1.4944725103453615 | [-12.15   6.84] | 2.593082530130601
1.5994472715207244 | [-11.97   5.43] | 2.2691625141322427
1.696303360849307 | [-11.71   4.18] | 1.96050384169865
1.7853869686374053 | [-11.57   3.06] | 1.6526538966960467
1.8653993354546727 | [-11.7    1.97] | 1.3352317181383457
1.9344114888627961 | [-12.12   0.85] | 0.8898912608783148
1.9839052398908519 | [-16.41  -0.96] | -0.8977910085149208
1.9315317284144122 | [-10.98  -2.11] | -0.27058042273997907
1.9056051127441753 | [-7.94 -2.06] | 0.11301323223990686
1.8988938769712427 | [-5.61 -2.03] | 0.39276942356976074
1.9058352917853534 | [-3.32 -1.99] | 0.631831584273642
1.9248927138356122 | [-0.96 -1.94] | 0.8422738945537763
1.955625620105365 | [ 1.47 -1.93] | 0.7466209764064605
1.9819717970530004 | [ 2.19 -2.35] | 0.3610360059461163
1.9892929314840266 | [ 2.66 -3.07] | -0.08884430614880603
1.9768295048491475 | [ 2.73 -4.1 ] | -0.650890006920461
1.9416274035947092 | [ 2.46 -5.34] | -1.3478679186408533
1.8799310578003703 | [ 2.03 -6.6 ] | -2.1687876248621083
1.788821116187844 | [ 1.72 -7.57] | -3.000880714109263
1.6702199634840402 | [ 1.91 -7.69] | -3.6142357468152055
1.5343200820349596 | [ 2.55 -6.73] | -3.8551105270025237
1.3939526046447925 | [ 2.96 -5.22] | -3.773356865009683
1.2581922014231366 | [ 2.88 -3.85] | -3.535672330302393
1.1309337219199371 | [ 2.49 -2.84] | -3.25171405803084
1.013060814119398 | [ 1.84 -2.12] | -2.951405624308947
0.9044553245140193 | [ 0.88 -1.6 ] | -2.608429821028421
0.8065457241445941 | [-0.4  -1.48] | -1.8199411207179865
0.7272465117003999 | [-0.24 10.34] | -1.1412958460922484
0.665580908012696 | [-1.05 11.56] | -0.6452360803195959
0.6263907343636476 | [-2.17 11.51] | -0.12318021495687816
0.6132723772909165 | [-3.04 11.64] | 0.34074738108776975
0.6230958273177187 | [-3.93 11.72] | 0.7993791950403442
0.6545360942691684 | [-5.02 11.7 ] | 1.2800102450587856
0.7070102896636642 | [-6.39 11.56] | 1.8069653169776452
0.7811804264665615 | [-8.09 11.27] | 2.387425278627531
0.8781665586318113 | [-10.11  10.8 ] | 2.964182801529108
0.9965722617949804 | [-12.21  10.12] | 3.3480501628112798
1.1280009346083437 | [-13.7    8.95] | 3.3358871967217065
1.258582983166771 | [-14.04   7.38] | 3.0585414586351196
1.3799237455213826 | [-13.86   5.92] | 2.7342831540429633
1.4912709188359583 | [-13.55   4.67] | 2.4171052516754297
1.5939216514583294 | [-13.12   3.56] | 2.112477096268322
1.6889055310827428 | [-12.72   2.56] | 1.8068615027055779
1.7754566425533125 | [-12.55   1.61] | 1.4865747770667315
1.8516032622224508 | [-12.69   0.61] | 1.1892752964628952
1.9169798845516461 | [-12.42  -0.45] | 0.28181245367062224
1.9304064051015148 | [-10.71  -2.16] | -0.2843180041668097
1.9034519902448372 | [-8.31 -2.17] | 0.06495719503932897
1.893913327040797 | [-5.88 -2.13] | 0.3745137686488949
1.899625391541603 | [-3.57 -2.09] | 0.6242900564471124
1.917944561165561 | [-1.21 -2.05] | 0.8393897969602222
1.9480739256861355 | [ 1.21 -2.04] | 0.7474629579186737
1.9739102023429533 | [ 1.96 -2.42] | 0.3653794925891077
1.9808453212539177 | [ 2.47 -3.12] | -0.08127694720260617
1.9681363273169974 | [ 2.6 -4.1] | -0.6398685523831427
1.9328741479317988 | [ 2.4  -5.29] | -1.333503661756092
1.8713111590075189 | [ 2.04 -6.51] | -2.1522705892365273
1.7804643915123806 | [ 1.81 -7.44] | -2.98553780518581
1.6620936535202486 | [ 2.04 -7.54] | -3.6028020454035072
1.5262743595417818 | [ 2.7  -6.58] | -3.8470093160188927
1.3858916198626028 | [ 3.11 -5.06] | -3.7673161927701
1.2500830299070533 | [ 3.03 -3.7 ] | -3.5306996679633467
1.1227791957354536 | [ 2.63 -2.71] | -3.2475508335850622
1.0048672487665427 | [ 1.97 -2.  ] | -2.9483941596057583
0.8962143890920313 | [ 1.   -1.49] | -2.639416268221645
0.7965116846287984 | [-0.19 -1.2 ] | -1.9111747706487376
0.7120140980136526 | [5.41e-04 1.08e+01] | -1.2905805665347827
0.641246457273332 | [-0.74 12.3 ] | -0.8533281587578188
0.5889354864443842 | [-1.82 12.57] | -0.36475795077933815
0.5608153152693481 | [-2.79 12.62] | 0.08289750812315226
0.5556278544108407 | [-3.68 12.72] | 0.5030630380654473
0.5715268157331487 | [-4.74 12.64] | 0.9326748920317858
0.607886942892195 | [-6.11 12.36] | 1.3993652152874982
0.6652312207802759 | [-7.85 11.8 ] | 1.9272156885161602
0.7453247731649751 | [-10.01  10.93] | 2.5112239272873316
0.8495275789856268 | [-12.46   9.76] | 3.051592403438674
0.9745472152334671 | [-14.7    8.33] | 3.3172438011306915
1.1086824658355714 | [-15.75   6.7 ] | 3.2108810989971337
1.2385328317141369 | [-15.67   5.24] | 2.9385023140479998
1.3589579222825956 | [-15.27   4.07] | 2.63755522780885
1.4699011258233885 | [-14.77   3.08] | 2.3384492454096293
1.572563999995437 | [-14.16   2.2 ] | 2.040088925515032
1.6674111998991905 | [-13.65   1.37] | 1.7263766951559254
1.7530706880019775 | [-13.42   0.51] | 1.4312105274036064
1.828936574761902 | [-12.76  -0.46] | 1.319154717365916
1.9010345414804823 | [-7.59 -1.58] | 0.5996671932932042
1.9231465271994643 | [-9.72 -2.37] | -0.2138229994403794
1.8977307693971688 | [-7.14 -2.26] | 0.21714841263623333
1.8946631983895632 | [-4.57 -2.2 ] | 0.5384732814132636
1.90797932428421 | [-2.16 -2.16] | 0.7780072325262911
1.9340639102144845 | [ 0.25 -2.14] | 0.8522729368617209
1.9648972201416863 | [ 1.96 -2.3 ] | 0.6173739470044911
1.9844150021920701 | [ 2.56 -2.87] | 0.19088409391192016
1.9840568767379123 | [ 2.81 -3.76] | -0.3287763636038727
1.9617579422324174 | [ 2.66 -4.91] | -0.9752054372080924
1.9140552989245876 | [ 2.24 -6.18] | -1.756018908924856
1.8374709105814022 | [ 1.81 -7.32] | -2.613781139399686
1.7312530715578895 | [ 1.73 -7.87] | -3.3609803070862525
1.6019894074065897 | [ 2.25 -7.36] | -3.786933455930057
1.4623373463454732 | [ 2.88 -5.97] | -3.8466980638483173
1.3234436430311143 | [ 3.07 -4.45] | -3.667762873676542
1.191623402893937 | [ 2.83 -3.26] | -3.4002326961988003
1.0689178116616096 | [ 2.32 -2.4 ] | -3.1066017542625435
0.9556386454608214 | [ 1.52 -1.78] | -2.7997965596310945
0.851431300839533 | [ 0.41 -1.36] | -2.264134246832019
0.7610539915460464 | [0.47 9.22] | -1.6475450666365752
0.6734252052630171 | [ 0.09 12.86] | -1.3179492572890221
0.5950745714420785 | [-0.71 14.26] | -0.8860077831619698
0.5352023821634718 | [-1.87 14.39] | -0.41056103606379984
0.4995008035495166 | [-2.91 14.34] | 0.012894627975546101
0.4862869158896047 | [-3.89 14.38] | 0.398440596782379
0.49341815865756683 | [-5.08 14.17] | 0.7898552567555708
0.5207541741817111 | [-6.63 13.57] | 1.217826054203401
0.5694200955262801 | [-8.64 12.52] | 1.7109002316748503
0.6418489330034894 | [-11.14  10.95] | 2.275793859011871
0.7403171371939045 | [-13.99   8.93] | 2.836766289876237
0.8627712337646121 | [-16.62   6.74] | 3.185214451779868
0.9981770530339145 | [-17.94   4.8 ] | 3.1886291248030547
1.13241364401917 | [-17.88   3.44] | 2.985734627608119
1.2584822870146597 | [-17.32   2.5 ] | 2.719170273210782
1.375117068104455 | [-16.65   1.77] | 2.436704475615437
1.4829395270199741 | [-15.89   1.11] | 2.144697504884182
1.5827155015309773 | [-15.14   0.44] | 1.8600926630028032
1.6745416003820806 | [-13.87  -0.4 ] | 1.670859525417735
1.7606681811018146 | [-11.79  -1.17] | 1.645291128920487
1.8460226118990444 | [-8.47 -1.73] | 1.4699824063154985
1.9158465926558612 | [-8.5  -2.27] | -0.044479707968860936
1.8988736135137676 | [-7.44 -2.31] | 0.20267428119088388
1.8940981351877657 | [-4.9  -2.27] | 0.5274336517649841
1.9059989899554033 | [-2.47 -2.23] | 0.7730652572970586
1.931038720599716 | [-0.04 -2.22] | 0.9089360794733418
1.9643507682145378 | [ 2.03 -2.31] | 0.723921502792895
1.989106039234893 | [ 2.65 -2.85] | 0.29653668142865186
1.9936076391826727 | [ 2.94 -3.72] | -0.2146690637393286
1.9762204881668561 | [ 2.79 -4.87] | -0.8496017966506006
1.9335602165085268 | [ 2.33 -6.16] | -1.6190128528907002
1.8620944171504772 | [ 1.8  -7.36] | -2.47844567228611
1.7605197684239522 | [ 1.59 -8.04] | -3.2596906148823686
1.6342626569849557 | [ 2.02 -7.7 ] | -3.7475962366997346
1.495476877740649 | [ 2.71 -6.4 ] | -3.8681984806188665
1.3557325410014565 | [ 3.02 -4.83] | -3.720909464211859
1.2222320032309844 | [ 2.88 -3.54] | -3.4627872546436578
1.097625929768147 | [ 2.43 -2.61] | -3.1716308892802876
0.982458161577273 | [ 1.7  -1.94] | -2.8652358204974524
0.8764894640926107 | [ 0.64 -1.47] | -2.3754786194182285
0.7819328150406394 | [0.7  8.89] | -1.8034983901086206
0.687614287012702 | [ 0.44 12.95] | -1.5223023798448323
0.5986350037547696 | [-0.26 14.8 ] | -1.1492055295923365
0.5229539589296514 | [-1.3 15.5] | -0.6777578123650099
0.47036687484308914 | [-2.53 15.19] | -0.22913781219122922
0.4421509668155533 | [-3.52 15.24] | 0.14527599469838984
0.4342843564782472 | [-4.6  15.21] | 0.5013264697019328
0.44564958410514555 | [-6.   14.77] | 0.8756343921453014
0.4770116338180769 | [-7.85 13.8 ] | 1.2987847959793837
0.5305733824688054 | [-10.22  12.2 ] | 1.7969737144258726
0.6095275335621065 | [-13.08   9.96] | 2.361735208848408
0.7156694612862884 | [-16.16   7.31] | 2.8809263125977016
0.8442661704306487 | [-18.59   4.79] | 3.149438843595765
0.9820202874870236 | [-19.42   2.99] | 3.1149418273115836
1.1165087195409704 | [-19.08   1.92] | 2.9156464142248173
1.2425181181921527 | [-18.37   1.24] | 2.659881850228362
1.3591315050995092 | [-17.57   0.72] | 2.38024917081495
1.4667050808278537 | [-16.32   0.08] | 2.1261816858811007
1.5670322054169434 | [-14.4   -0.65] | 1.9713667798852395
1.6632288708817984 | [-11.84  -1.28] | 1.9472675550108831
1.7590327960852878 | [-8.94 -1.64] | 1.9975547003749738
1.856682437004848 | [-5.99 -1.72] | 1.7863359024834242
1.941869681934579 | [-7.48 -2.1 ] | -0.03114171392473823
1.9235164323560532 | [-7.39 -2.34] | 0.18010400773134236
1.9161294259370345 | [-4.51 -2.29] | 0.5570287476678591
1.9289138405077664 | [-1.9  -2.29] | 0.8136701499715151
1.9560491541694636 | [ 0.64 -2.31] | 0.8041611688882899
1.9837430732619565 | [ 1.89 -2.64] | 0.48672205631410775
1.9961707094965166 | [ 2.46 -3.35] | 0.03520694667337575
1.9884610351406322 | [ 2.62 -4.36] | -0.5284598307562884
1.9577285199162333 | [ 2.39 -5.58] | -1.2273684022845477
1.9002406663355123 | [ 1.95 -6.84] | -2.0520101755228963
1.8130055714033182 | [ 1.58 -7.82] | -2.8982586907898282
1.6975157705112467 | [ 1.73 -7.99] | -3.5504985466344094
1.5631941173768933 | [ 2.44 -7.08] | -3.8515321608340956
1.4226034945707358 | [ 3.02 -5.53] | -3.818331062675412
1.2852941560391014 | [ 3.09 -4.07] | -3.6005146071386416
1.1559714215804722 | [ 2.79 -2.97] | -3.3218393342398986
1.0359435144488924 | [ 2.21 -2.18] | -3.0222350830007776
0.9253267645143938 | [ 1.31 -1.62] | -2.710718798009749
0.8237665882756913 | [ 0.13 -1.26] | -1.9554758172247306
0.7329179950375707 | [ 0.41 11.18] | -1.4772610948296794
0.6516611881246246 | [-0.15 13.22] | -1.151072775364407
0.5806412772388654 | [-1.05 14.26] | -0.6793013335080433
0.5316945187546096 | [-2.3  13.99] | -0.19373433825688197
0.5082090174112799 | [-3.29 14.01] | 0.21890740525389263
0.5063939738450759 | [-4.35 13.94] | 0.6181908679231424
0.5252497292057333 | [-5.7  13.56] | 1.0388263004435676
0.5650918894761375 | [-7.44 12.81] | 1.510391889164211
0.6275424293647006 | [-9.65 11.62] | 2.053106577943712
0.7150059605427178 | [-12.29   9.98] | 2.6362813716561844
0.8278509943619461 | [-15.05   8.02] | 3.1026872789181827
0.959101205038498 | [-17.04   6.04] | 3.236793967520202
1.094437180467834 | [-17.47   4.42] | 3.0809765499694053
1.2232621379034447 | [-17.08   3.27] | 2.8214372600464896
1.3427360649843807 | [-16.49   2.41] | 2.5376658471998
1.4530654918528187 | [-15.8    1.67] | 2.248793313979333
1.5552854505845124 | [-15.05   0.96] | 1.9481097063551398
1.6492679467037772 | [-14.41   0.23] | 1.67564956336055
1.735134795043777 | [-13.08  -0.66] | 1.542741590261516
1.8167040414942073 | [-10.72  -1.4 ] | 1.7815533008305104
1.9075744482065977 | [-5.34 -2.01] | 0.20985848936993018
1.9054710663701067 | [-8.56 -2.36] | -0.001964620561385501
1.8902049740713456 | [-5.9  -2.29] | 0.3946651918172531
1.8954363801691079 | [-3.4  -2.25] | 0.6796312426438125
1.91550817100596 | [-0.99 -2.23] | 0.8966408639674819
1.9478173106702834 | [ 1.46 -2.24] | 0.7923832395407592
1.9754759847462098 | [ 2.18 -2.66] | 0.39118538644652073
1.9834940749974712 | [ 2.64 -3.39] | -0.07837734380847693
1.970987492388593 | [ 2.7  -4.41] | -0.664134044896281
1.9348820356070782 | [ 2.42 -5.62] | -1.3852414685956187
1.8714825256072394 | [ 2.   -6.83] | -2.223164611288255
1.7782341464921185 | [ 1.75 -7.69] | -3.0502910580938067
1.6579191494232786 | [ 2.04 -7.65] | -3.638959690974264
1.5213030234276592 | [ 2.75 -6.57] | -3.8579347810113487
1.380883239004312 | [ 3.18 -5.01] | -3.7661437787336736
1.2453158977156429 | [ 3.11 -3.65] | -3.5261022520493075
1.1182907837958593 | [ 2.71 -2.65] | -3.2415650584523914
1.0006626492696094 | [ 2.05 -1.95] | -2.9404503461753326
0.8923204168924393 | [ 1.06 -1.44] | -2.629478913146846
0.7929989619114545 | [0.07 0.65] | -1.8750960895270867
0.7017104298811998 | [ 0.26 11.56] | -1.4036055995258634
0.622771799914948 | [-0.41 13.35] | -1.0289568106623939
0.5577320218610863 | [-1.42 14.01] | -0.5604426053548534
0.5154291203849379 | [-2.56 13.86] | -0.10818208425000199
0.4969791237053596 | [-3.51 13.93] | 0.2887587806679668
0.4993593367554118 | [-4.58 13.85] | 0.6806963052326974
0.5218616993608253 | [-5.97 13.45] | 1.09905662738421
0.5650069945804275 | [-7.77 12.66] | 1.5729849433532608
0.6307104701607885 | [-10.04  11.4 ] | 2.119675449884115
0.721481760217226 | [-12.73   9.69] | 2.697901419539654
0.8372357361327761 | [-15.47   7.69] | 3.134397689515515
0.9699540611004597 | [-17.29   5.72] | 3.2285445763394147
1.1051495072265918 | [-17.57   4.15] | 3.05521261127354
1.2332162586190194 | [-17.13   3.06] | 2.7920522591770025
1.3518598750152921 | [-16.52   2.23] | 2.5080701289125624
1.4614367989587844 | [-15.81   1.52] | 2.2186270575838867
1.5629509950482483 | [-15.06   0.82] | 1.9216960408506392
1.656291186453553 | [-14.25   0.06] | 1.6708564921862807
1.7421235617771234 | [-12.72  -0.8 ] | 1.5711917982563723
1.82475058355219 | [-10.16  -1.48] | 1.6827048897411643
1.9095414039510967 | [-7.4  -2.11] | 0.04659120103856135
1.8985196160788398 | [-8.28 -2.31] | 0.07521370772095647
1.8874743084560748 | [-5.75 -2.27] | 0.4261328923833145
1.894283428647109 | [-3.34 -2.24] | 0.6919538504970453
1.9148816097262746 | [-0.94 -2.22] | 0.903706904197446
1.9474597604900352 | [ 1.5  -2.24] | 0.7975240260666718
1.975320108123137 | [ 2.22 -2.66] | 0.39447763018394544
1.9834765218094388 | [ 2.68 -3.4 ] | -0.07708718155011528
1.9710377972286657 | [ 2.72 -4.43] | -0.6651246074691967
1.9349135882979374 | [ 2.44 -5.64] | -1.3884920855664362
1.8714103771017634 | [ 2.01 -6.85] | -2.2279217463127985
1.7780088257845295 | [ 1.75 -7.7 ] | -3.054519959174323
1.6575726355296494 | [ 2.05 -7.65] | -3.6411040627768982
1.520914727896702 | [ 2.76 -6.56] | -3.858376914858989
1.3805014768614823 | [ 3.19 -5.  ] | -3.7657996004963077
1.2449562238630874 | [ 3.12 -3.64] | -3.5255665360545785
1.1179528191162897 | [ 2.73 -2.64] | -3.2409708868318674
1.0003452873943461 | [ 2.06 -1.94] | -2.939739493728455
0.892026252888546 | [ 1.07 -1.43] | -2.6286435257991982
0.7927336142942801 | [0.08 0.68] | -1.8730576332855076
0.7012001553716785 | [ 0.29 11.71] | -1.4076115367671822
0.6216236746439072 | [-0.38 13.52] | -1.0406575722057043
0.5554059690052515 | [-1.38 14.21] | -0.5735573844549356
0.511798966518611 | [-2.54 14.03] | -0.11940682999029081
0.49220625682792646 | [-3.5  14.09] | 0.2767254971023316
0.49349188841717934 | [-4.58 14.  ] | 0.6664233475238557
0.5149342434607229 | [-5.98 13.57] | 1.0817808130146438
0.557078362300851 | [-7.79 12.75] | 1.5521595639953543
0.6218515339826391 | [-10.08  11.44] | 2.095612406910917
0.7118040046398302 | [-12.79   9.67] | 2.673451851567806
0.8269730690236955 | [-15.57   7.61] | 3.1163601460566266
0.95952050731005 | [-17.43   5.59] | 3.222151010387349
1.0949694120877103 | [-17.73   4.02] | 3.0570892268795893
1.2234978401073602 | [-17.29   2.94] | 2.797743747956329
1.342642194355207 | [-16.67   2.13] | 2.5155891259826504
1.4526844763952946 | [-15.95   1.43] | 2.2270455611258058
1.5546220882709556 | [-15.18   0.75] | 1.9337926707320576
1.6485060868554773 | [-14.25  -0.02] | 1.6940466642296619
1.7352797079205278 | [-12.6   -0.86] | 1.6072335142794911
1.8193077566617104 | [-9.96 -1.51] | 1.8195687158450449
1.9114772237870001 | [-5.49 -1.97] | 0.1380990277903575
1.9052512598371019 | [-8.85 -2.35] | -0.045763953533494696
1.8875553901241444 | [-6.09 -2.28] | 0.3740417810277222
1.8916246840721733 | [-3.58 -2.25] | 0.6661495498156554
1.9108391277579326 | [-1.17 -2.24] | 0.8869480320811068
1.942381060621665 | [ 1.27 -2.25] | 0.7874207214936908
1.969420727982205 | [ 2.02 -2.65] | 0.391779713912587
1.9770489415038401 | [ 2.52 -3.36] | -0.07205210376806476
1.9644040300551031 | [ 2.62 -4.35] | -0.6516200872310424
1.9284455118770554 | [ 2.4  -5.53] | -1.3668910282389055
1.8654543548403233 | [ 2.04 -6.71] | -2.201284506097921
1.7727538823295133 | [ 1.83 -7.55] | -3.0306439630200757
1.652872817505239 | [ 2.14 -7.52] | -3.6259856997029765
1.5164250399891275 | [ 2.86 -6.45] | -3.850739415702414
1.3760005554148083 | [ 3.29 -4.9 ] | -3.7621499198322033
1.2403597308573435 | [ 3.21 -3.54] | -3.5233973593922796
1.1132512262323546 | [ 2.81 -2.55] | -3.2397092526067452
0.9955390519248062 | [ 2.14 -1.86] | -2.9397170531629877
0.8871055965412842 | [ 1.15 -1.36] | -2.6300468406240602
0.7876771694352425 | [-0.06 -1.1 ] | -1.8698750798592092
0.6991451949164058 | [ 0.2  11.39] | -1.3457242129488667
0.6234930047578835 | [-0.48 13.12] | -0.9678176344970589
0.5621968499529315 | [-1.5 13.7] | -0.5000215010666811
0.5236696669180048 | [-2.61 13.58] | -0.048868341312543834
0.5087920663632628 | [-3.56 13.63] | 0.35477409204835353
0.5149386179791079 | [-4.66 13.51] | 0.7579686166842825
0.5415053748605888 | [-6.06 13.09] | 1.1906959201108858
0.589007682663277 | [-7.87 12.32] | 1.6810372752553737
0.6593167237453803 | [-10.14  11.12] | 2.240411366767604
0.7546148076899319 | [-12.8    9.53] | 2.8102934297974675
0.8738224767199322 | [-15.41   7.68] | 3.194957053323932
1.0075143361513035 | [-16.97   5.82] | 3.2188460916793766
1.14122573088358 | [-17.08   4.32] | 3.0075477805372643
1.2668347931300308 | [-16.62   3.23] | 2.7304151747879364
1.3829225235777727 | [-16.03   2.37] | 2.4412197428755906
1.4901845927705393 | [-15.33   1.61] | 2.149228523044807
1.5895450169001564 | [-14.64   0.89] | 1.8470660875371792
1.6804471768399654 | [-14.01   0.12] | 1.5895740005495809
1.763382549090076 | [-12.62  -0.78] | 1.4921663417002737
1.8430541462413383 | [-10.1   -1.49] | 1.3464129060633232
1.908465410879637 | [-8.92 -2.22] | -0.1094358140530372
1.8890783424235116 | [-7.9  -2.28] | 0.13487949241626454
1.8814471975875073 | [-5.43 -2.26] | 0.46327903780372665
1.8903127921864502 | [-3.06 -2.25] | 0.7172070366943073
1.912309273351959 | [-0.68 -2.24] | 0.9223726239717467
1.9459841017122301 | [ 1.74 -2.26] | 0.8108156715979759
1.9747321437025902 | [ 2.45 -2.7 ] | 0.3994588811392602
1.9834028405652202 | [ 2.87 -3.46] | -0.08246822424677859
1.9710277789374484 | [ 2.86 -4.52] | -0.6829569657621789
1.9344385507718314 | [ 2.52 -5.75] | -1.4187767919698449
1.869980823332076 | [ 2.05 -6.95] | -2.265592770253573
1.7753924141749409 | [ 1.79 -7.76] | -3.0867920450976727
1.6540593310720786 | [ 2.12 -7.64] | -3.6586830619639943
1.5170645393800215 | [ 2.85 -6.49] | -3.8633770527812907
1.3766640218392387 | [ 3.28 -4.92] | -3.7641088123628603
1.2412688867032933 | [ 3.21 -3.56] | -3.5217438524681097
1.1144338275818282 | [ 2.81 -2.57] | -3.236348289982745
0.996997302245806 | [ 2.13 -1.87] | -2.9342326282397595
0.8888661441253196 | [ 1.12 -1.37] | -2.600595658418599
0.7891729353051647 | [0.75 5.47] | -1.9843623645649464
0.6879124221993876 | [ 0.84 13.01] | -1.6999079984619136
0.5892467415269825 | [ 0.29 15.4 ] | -1.3992294933663476
0.497603345306417 | [-0.64 16.75] | -0.9689348125498953
0.42470790936279285 | [-1.93 16.66] | -0.5172141527117348
0.3761171059713781 | [-3.08 16.44] | -0.13557479276510814
0.34930817125435826 | [-4.09 16.5 ] | 0.19032354046416977
0.3410009716196217 | [-5.29 16.38] | 0.5039755101172506
0.3506404905616961 | [-6.89 15.69] | 0.8380910141591547
0.37983387590218715 | [-8.98 14.27] | 1.2219931188440174
0.4316738280805203 | [-11.62  12.02] | 1.6808391072872004
0.5099140954990852 | [-14.76   9.  ] | 2.207689455754412
0.6163588548909996 | [-18.04   5.61] | 2.704072645194201
0.7457670881934045 | [-20.55   2.71] | 3.0016794852474913
0.8851996315098891 | [-21.46   0.89] | 3.01732862308051
1.022113721626626 | [-20.89  -0.05] | 2.756119105165232
1.14626439279434 | [-18.42  -0.85] | 2.460508660446328
1.2569560117543221 | [-15.35  -1.6 ] | 2.325482089889561
1.3613546917677726 | [-12.52  -2.15] | 2.3244686783941915
1.4654059821628784 | [-9.72 -2.45] | 2.360049101220275
1.5708965082768684 | [-6.88 -2.47] | 2.3785300140517553
1.6775959702504417 | [-4.01 -2.28] | 2.3631337134404213
1.7848229466221335 | [-1.14 -1.98] | 2.31193617082788
1.8919852789070133 | [ 1.72 -1.63] | 1.8412169995737282
1.9774704124334732 | [ 2.81 -2.17] | 1.147824783225303
2.029163414295111 | [ 3.59 -3.2 ] | 0.5279531798766949
2.051797047129227 | [ 3.73 -4.6 ] | -0.1566192672905022
2.043996465820343 | [ 2.99 -6.27] | -0.9596231311383698
2.0023046138199034 | [ 1.72 -7.95] | -1.8457489757243568
1.9258690075095077 | [ 0.63 -9.24] | -2.584370048279047
1.8243093025179336 | [ 0.54 -9.2 ] | -3.012711901704784
1.7121602196488397 | [ 1.03 -8.46] | -3.43403076440233
1.5885415122898165 | [ 1.53 -7.76] | -3.73489880975358
1.4558670721680487 | [ 2.02 -6.33] | -3.7082327339914207
1.3245678415298108 | [ 2.17 -4.89] | -3.508717424170811
1.1998477244894963 | [ 1.91 -3.74] | -3.2310475473757134
1.0839521797351501 | [ 1.26 -2.88] | -2.335122719696919
0.9849942223824458 | [1.63 9.98] | -2.02253488827986
0.8858647282112053 | [ 1.35 12.51] | -1.9021939665161822
0.783913534505906 | [ 0.98 14.9 ] | -1.7473707759139323
0.6804292220161934 | [ 0.51 17.15] | -1.4856221957768303
0.5815788173231681 | [-0.35 18.59] | -1.0626458952108913
0.49913844425473936 | [-1.65 18.81] | -0.5543335352486566
0.4423135507979637 | [-3.1  18.32] | -0.09143240901790065
0.4114050336512937 | [-4.48 17.99] | 0.29921299674423163
0.4031936665828695 | [-6.13 17.25] | 0.6823693575755342
0.4182563520942939 | [-8.26 15.69] | 1.1023293419551812
0.45928453842290906 | [-10.95  13.26] | 1.58917921960755
0.5293768692493837 | [-14.14  10.07] | 2.1420389729506284
0.6298732034083581 | [-17.47   6.53] | 2.670000156554526
0.7554815789220198 | [-20.08   3.5 ] | 3.007341053180171
0.8931277731489801 | [-21.15   1.58] | 3.0754209913445814
1.0304096040301811 | [-20.9    0.59] | 2.899278983197707
1.1586566021171485 | [-19.45  -0.05] | 2.627206879989179
1.2751075211751357 | [-17.27  -0.63] | 2.4126381014373393
1.3828147913355124 | [-14.67  -1.17] | 2.3195077809111155
1.4871438799788839 | [-11.74  -1.63] | 2.3255585107956582
1.5920428540268303 | [-8.84 -1.85] | 2.3495659670181404
1.698346247758059 | [-5.91 -1.84] | 2.3492793802696426
1.8055337976281696 | [-2.98 -1.66] | 2.317736360957465
1.913068457830502 | [-0.03 -1.36] | 2.082650602910233
2.0107942299265233 | [ 1.92 -1.32] | 1.53860607096016
2.0806179650583903 | [ 1.28 -2.31] | 0.7412871901692853
2.105723100687275 | [ 1.87 -3.22] | 0.34400648336446704
2.1118934904391105 | [ 2.36 -4.33] | -0.13788665791784338
2.0975236881154875 | [ 2.26 -5.73] | -0.7503022882251086
2.0587808875270692 | [ 1.62 -7.29] | -1.4977869317196537
1.991874070127405 | [ 0.73 -8.78] | -2.2586718656650637
1.898910610744246 | [ 0.29 -9.45] | -2.74368840465182
1.793603786500926 | [ 0.62 -8.87] | -3.0696287460387293
1.6820709868199402 | [ 1.04 -8.41] | -3.5107448618892714
1.5574999574612942 | [ 1.5  -7.64] | -3.7654842501453083
1.4248524377719956 | [ 1.89 -6.21] | -3.7006535272509278
1.2944532586888147 | [ 1.96 -4.82] | -3.4813309012437603
1.171079170785647 | [ 1.67 -3.72] | -3.1953493294283484
1.0566365352653788 | [ 1.  -2.9] | -2.4819929433241352
0.9549518173202094 | [1.43 9.93] | -2.0373071741383937
0.8546658279693422 | [ 1.16 12.6 ] | -1.8998704476989812
0.7520951275699643 | [ 0.79 15.02] | -1.6944739822957553
0.6507206704004529 | [ 0.18 17.  ] | -1.3621006722176565
0.558760611633556 | [-0.81 18.04] | -0.876176961973098
0.48880441772653305 | [-2.23 17.7 ] | -0.3706651576927445
0.4456472705546192 | [-3.5  17.45] | 0.05141957672261979
0.4260439895043635 | [-4.84 17.14] | 0.4336096693326175
0.4283598359077476 | [-6.54 16.29] | 0.8293384918129508
0.4539947467463183 | [-8.74 14.68] | 1.2753802664600886
0.5056840194377302 | [-11.49  12.28] | 1.7959589556128472
0.5863485441787952 | [-14.69   9.22] | 2.368046325260096
0.6961715157161915 | [-17.87   5.96] | 2.859187979774247
0.8273335526698328 | [-20.04   3.34] | 3.1000167420340987
0.9657575576390617 | [-20.59   1.75] | 3.0722280505299735
1.100544156769068 | [-20.1    0.92] | 2.882100044223266
1.226702824820319 | [-19.16   0.4 ] | 2.61292982291097
1.3422875035875186 | [-17.49  -0.18] | 2.3674410500749867
1.4491678217748838 | [-15.28  -0.77] | 2.221538859903363
1.5517303271087215 | [-12.51  -1.3 ] | 2.191778392130598
1.653967971558165 | [-9.56 -1.61] | 2.2190651254695886
1.757626446772243 | [-6.61 -1.67] | 2.23267500939018
1.8623862073220578 | [-3.63 -1.56] | 2.2157100963797824
1.967747155098772 | [-0.62 -1.31] | 0.8461610442432075
1.9960038424151696 | [-4.41 -2.45] | 0.4590501921546756
2.002316767684535 | [-1.46 -2.4 ] | 0.7712270957388397
2.0278031244781514 | [ 1.5  -2.38] | 0.6995558482467322
2.0514605032820823 | [ 2.22 -3.08] | 0.2905068808949851
2.055784653164112 | [ 2.6  -4.09] | -0.20776475992818894
2.0388812032454906 | [ 2.45 -5.38] | -0.8349466915299973
1.997081064161486 | [ 1.88 -6.83] | -1.5988428533954706
1.9266676238152172 | [ 1.15 -8.19] | -2.450532231282226
1.826365707010857 | [ 0.74 -9.  ] | -3.1383716241909414
1.7053963010556388 | [ 1.1  -8.54] | -3.6133890192155502
1.5725174396293746 | [ 1.79 -7.59] | -3.8624351928550564
1.4340599214000402 | [ 2.29 -6.05] | -3.794614113224686
1.299192309631229 | [ 2.37 -4.61] | -3.567099370586847
1.1721612466404483 | [ 2.11 -3.49] | -3.2835353306115396
1.054301271824108 | [ 1.52 -2.67] | -2.9748389456566526
0.9458216596037355 | [ 0.57 -2.07] | -2.326957878347317
0.8499708933610302 | [0.84 9.81] | -1.826921465392799
0.7567950385918123 | [ 0.55 12.71] | -1.6102496496830911
0.6658213855741932 | [-0.05 14.69] | -1.2661141339377633
0.5856790148966926 | [-0.98 15.7 ] | -0.7735963369069924
0.5285155279009056 | [-2.28 15.36] | -0.27331965349467646
0.4976996965523183 | [-3.35 15.34] | 0.14136458357557316
0.48902579027967963 | [-4.48 15.23] | 0.5345305411623175
0.5013834458741285 | [-5.95 14.7 ] | 0.9487954541574088
0.5355882531959147 | [-7.86 13.67] | 1.416457532702324
0.5937011586542505 | [-10.27  12.06] | 1.960066291267554
0.6784231355300787 | [-13.14   9.91] | 2.551229204224031
0.7901863414561959 | [-16.08   7.45] | 3.037002153758979
0.9216886002994766 | [-18.13   5.2 ] | 3.2149494963028165
1.058483205623859 | [-18.58   3.59] | 3.1079180673112807
1.1898068157535602 | [-18.14   2.57] | 2.8767251862335446
1.3121493834349043 | [-17.47   1.84] | 2.6073620555920787
1.425262902061947 | [-16.72   1.22] | 2.3228916814482217
1.529954495040846 | [-15.9    0.59] | 2.0331839000547656
1.6267015188033045 | [-14.67  -0.18] | 1.804783826044579
1.7169605114392656 | [-12.74  -0.96] | 1.7248846042435482
1.8049507773918465 | [-9.93 -1.53] | 1.9870848536208296
1.9032126056205982 | [-4.44 -1.86] | 0.8294434917002811
1.9348476036361206 | [-8.42 -2.43] | -0.015303700465010742
1.918133715551334 | [-5.89 -2.31] | 0.3827975156782835
1.922561755438283 | [-3.21 -2.23] | 0.6837382618528366
1.9431688717849736 | [-0.7  -2.18] | 0.8965772249161331
1.9762263430275575 | [ 1.8  -2.18] | 0.7839248403169128
2.0045401045108493 | [ 2.45 -2.68] | 0.37244917973054553
2.0128793367247866 | [ 2.81 -3.51] | -0.10787527923499377
2.000264041535968 | [ 2.73 -4.64] | -0.704845923734307
1.963535712618407 | [ 2.29 -5.96] | -1.436243966039707
1.8990321915077346 | [ 1.69 -7.28] | -2.2793584908612488
1.804457177891637 | [ 1.28 -8.22] | -3.09961673703955
1.6831411834291163 | [ 1.48 -8.22] | -3.6734871017408106
1.5461398478888368 | [ 2.15 -7.14] | -3.8808205809641327
1.4057204277384634 | [ 2.58 -5.57] | -3.7828239992686887
1.2703022524693575 | [ 2.55 -4.18] | -3.539990607362407
1.143447632602217 | [ 2.2  -3.15] | -3.2528178913000554
1.0259944206848124 | [ 1.56 -2.39] | -2.9478360280567704
0.917843517530624 | [ 0.61 -1.84] | -2.50516285085283
0.8238045282538912 | [0.04 4.33] | -1.7135424071685934
0.7404655995300126 | [-0.15 10.76] | -1.2394944146368292
0.6731178197603798 | [-0.95 12.05] | -0.7425610913042986
0.6279223398451059 | [-2.08 12.06] | -0.2164667376748847
0.6088895002739604 | [-2.98 12.2 ] | 0.2482498243854388
0.6130393926184452 | [-3.89 12.28] | 0.701931322989609
0.6390789039810468 | [-5.01 12.21] | 1.175685645035738
0.6865393486083639 | [-6.43 11.97] | 1.6960029131873242
0.7561530016759562 | [-8.22 11.52] | 2.275594030801501
0.8493032051026811 | [-10.35  10.85] | 2.8683900747770594
0.9652228965522996 | [-12.6    9.94] | 3.29666544959893
1.0961889203267703 | [-14.25   8.63] | 3.3416331309144476
1.2281488089223678 | [-14.66   7.04] | 3.0986595791142797
Total reward: 33.96383763066966
