-0.2, 0.1, 2.1, -1.3, -2.8, 4.8, 2.2, 0.2, -3.6, -1.4, 2.5, -1.8, -1.4, -2.2, 5.4, 0.8, 1.8, -8.2
parameter ends

state | action | reward
[6.13] | 2 | -0.5
6.361530201491629 | 2 | -0.5
3.3410770726088215 | 2 | -0.5
2.5286186014163143 | 2 | -0.5
2.05267421604 | 2 | -0.5
1.8862310401447306 | 2 | -0.5
1.7838670024808545 | 2 | -0.5
1.6858853190960195 | 0 | 5.0
1.728405439863827 | 0 | 5.0
1.7327575197249658 | 0 | 5.0
1.7387528062099817 | 0 | 5.0
1.780519355024124 | 0 | 5.0
1.7274245809787714 | 0 | 5.0
1.7442952234779583 | 2 | -0.5
1.7779916203292498 | 0 | 5.0
1.7401544117484522 | 0 | 5.0
1.741575205180879 | 0 | 5.0
1.717421369279009 | 0 | 5.0
1.655578193042834 | 2 | -0.5
1.7669933993228788 | 1 | -0.5
1.6644793059211307 | 2 | -0.5
1.723611264457843 | 1 | -0.5
1.6349573177520915 | 2 | -0.5
1.6815484488574215 | 1 | -0.5
1.6223043901926428 | 2 | -0.5
1.7260201259413834 | 1 | -0.5
1.6331275304069397 | 2 | -0.5
1.684556508795494 | 1 | -0.5
1.5981029350036173 | 2 | -0.5
1.699562290644528 | 2 | -0.5
1.8844901705969141 | 1 | -0.5
1.5454029311873383 | 2 | -0.5
1.7466972955564344 | 1 | -0.5
1.5502034038112162 | 2 | -0.5
1.7326220701688768 | 1 | -0.5
1.539781582646269 | 2 | -0.5
1.748786428671969 | 1 | -0.5
1.5383378501253853 | 2 | -0.5
1.63833516393834 | 1 | -0.5
1.4630497848531303 | 2 | -0.5
1.5645910870717967 | 2 | -0.5
1.8570427024978726 | 1 | -0.5
1.5181487927355344 | 2 | -0.5
1.7498738512989247 | 1 | -0.5
1.4432476419878368 | 2 | -0.5
1.6683257733642984 | 1 | -0.5
1.3911753583571747 | 2 | -0.5
1.536656869414465 | 2 | -0.5
1.826367689060299 | 0 | 5.0
1.5815808205801496 | 0 | 5.0
1.4095020471541198 | 0 | 5.0
1.1097445544866875 | 2 | -0.5
1.3217948743135226 | 0 | 5.0
0.8389389332156993 | 0 | 5.0
0.7302139625414067 | 0 | 5.0
0.8065406362674383 | 0 | 5.0
0.9139361405951575 | 0 | 5.0
1.038601664144485 | 0 | 5.0
1.1391179826389912 | 2 | -0.5
1.0911458019518654 | 0 | 5.0
1.1316848149373009 | 0 | 5.0
1.1799714061823992 | 0 | 5.0
1.255359299673476 | 0 | 5.0
1.3134679106874911 | 0 | 5.0
1.4062978183117685 | 0 | 5.0
1.486041777397917 | 0 | 5.0
1.5944570901712938 | 0 | 5.0
1.6643718256158109 | 0 | 5.0
1.6893886091206285 | 0 | 5.0
1.8043733756453766 | 0 | 5.0
1.8480850742660624 | 0 | 5.0
1.93790641252711 | 0 | 5.0
2.004055491564195 | 0 | 5.0
2.053652932335661 | 0 | 5.0
2.1360094235870917 | 0 | 5.0
2.225098352438222 | 2 | -0.5
2.0769993404557505 | 0 | 5.0
2.119231075472686 | 0 | 5.0
2.144150021035079 | 0 | 5.0
2.19819875207617 | 0 | 5.0
2.194539043377431 | 0 | 5.0
2.2517517749344256 | 0 | 5.0
2.224115323090538 | 2 | -0.5
2.271993038249077 | 1 | -0.5
2.2559999527897294 | 2 | -0.5
2.2281989225914303 | 1 | -0.5
2.2407992333904865 | 2 | -0.5
2.2476525366563163 | 1 | -0.5
2.2629497416203397 | 1 | -0.5
2.350923566797941 | 2 | -0.5
2.2558151127040484 | 1 | -0.5
2.4061422965152537 | 2 | -0.5
2.271342977446087 | 1 | -0.5
2.384647398902429 | 2 | -0.5
2.345189975547606 | 1 | -0.5
2.4596710970093714 | 1 | -0.5
2.7166896117547723 | 2 | -0.5
2.4732208084667837 | 1 | -0.5
2.742046003657439 | 2 | -0.5
2.497318199519339 | 1 | -0.5
2.7528553409473506 | 1 | -0.5
3.2134129038443877 | 0 | 5.0
3.3992830305951487 | 1 | -0.5
3.5701878320559435 | 0 | 5.0
3.4535507617300847 | 0 | -200.0
Total reward: -15.5
