-0.2, 0.1, 2.1, -1.3, -2.8, 4.8, 2.2, 0.2, -3.6, -1.4, 2.5, -1.8, -1.4, -2.2, 5.4, 0.8, 1.8, -8.2
parameter ends

state | action | reward
[4.26] | 2 | -0.5
4.2775514979124525 | 2 | -0.5
4.4756211643596 | 2 | -0.5
4.850411659418298 | 2 | -0.5
5.706938572228275 | 2 | -0.5
2.0261350381569314 | 2 | -0.5
1.8364474768001309 | 2 | -0.5
1.753232709802392 | 2 | -0.5
1.6849978178233294 | 2 | -0.5
1.684834524467591 | 2 | -0.5
1.8451219941885348 | 1 | -0.5
1.6907335405729267 | 2 | -0.5
1.7951239254123392 | 1 | -0.5
1.6796329823223164 | 2 | -0.5
1.7471390636534747 | 1 | -0.5
1.6932056405728044 | 2 | -0.5
1.7442858223010345 | 2 | -0.5
1.8792629242976464 | 1 | -0.5
1.6573090866832896 | 2 | -0.5
1.7760961837297626 | 1 | -0.5
1.617251674108965 | 2 | -0.5
1.7815520606301565 | 1 | -0.5
1.568765338091488 | 2 | -0.5
1.7168447860753733 | 2 | -0.5
1.8834263637774504 | 1 | -0.5
1.639672428418024 | 2 | -0.5
1.7468144545040956 | 1 | -0.5
1.566572635540916 | 2 | -0.5
1.6904343428644952 | 2 | -0.5
2.0275924370873235 | 1 | -0.5
1.6011659955702278 | 2 | -0.5
1.801220173039968 | 1 | -0.5
1.520538486157781 | 2 | -0.5
1.7311742921636692 | 1 | -0.5
1.5299903662138672 | 2 | -0.5
1.7341929047721143 | 1 | -0.5
1.4682554568588815 | 2 | -0.5
1.6074567931085222 | 2 | -0.5
1.8864607277086067 | 0 | 5.0
1.6397269380093735 | 0 | 5.0
1.42679835042731 | 2 | -0.5
2.0069679780404996 | 0 | 5.0
1.6370503051438077 | 0 | 5.0
1.3833990283268356 | 0 | 5.0
0.8360165343967164 | 0 | 5.0
0.6543347785537258 | 0 | 5.0
0.7173905320251431 | 0 | 5.0
0.7892672575028657 | 0 | 5.0
0.9003102055456252 | 0 | 5.0
1.0088042237885926 | 0 | 5.0
1.0527684527751624 | 0 | 5.0
1.1143196735836574 | 0 | 5.0
1.1818311879698773 | 0 | 5.0
1.2932267126049468 | 2 | -0.5
1.1899904762183633 | 0 | 5.0
1.2432750466764129 | 0 | 5.0
1.321747537446711 | 0 | 5.0
1.32079930211892 | 0 | 5.0
1.3554276119173352 | 0 | 5.0
1.3955927155455312 | 0 | 5.0
1.4621540393079195 | 0 | 5.0
1.507025660639285 | 0 | 5.0
1.5183098415786143 | 0 | 5.0
1.5845337083535702 | 0 | 5.0
1.6104308580860016 | 0 | 5.0
1.6565525343038023 | 0 | 5.0
1.682110863474448 | 0 | 5.0
1.7192418604215214 | 0 | 5.0
1.7358431395440712 | 0 | 5.0
1.7857547372762101 | 0 | 5.0
1.8242397894908493 | 0 | 5.0
1.8512190301617824 | 1 | -0.5
1.8938138156400273 | 2 | -0.5
1.812370784367623 | 1 | -0.5
1.9277888659360096 | 2 | -0.5
1.8637942122112376 | 1 | -0.5
1.954125198741331 | 2 | -0.5
1.870317073268259 | 1 | -0.5
1.9864075701496138 | 2 | -0.5
1.8980085208905437 | 1 | -0.5
2.013365912708299 | 2 | -0.5
1.9055923684934768 | 1 | -0.5
2.012817567733168 | 2 | -0.5
1.9910646242879522 | 1 | -0.5
2.15615849207719 | 2 | -0.5
1.9864117801185794 | 1 | -0.5
2.1416142232659907 | 1 | -0.5
2.341943030386686 | 2 | -0.5
2.1848094379169347 | 1 | -0.5
2.520815246260554 | 2 | -0.5
2.220059787540271 | 1 | -0.5
2.5188735477295094 | 1 | -0.5
3.0381158153487595 | 0 | 5.0
3.3590561487466486 | 0 | 5.0
3.6872485100594936 | 0 | 5.0
3.5775475800098606 | 1 | -0.5
3.0108333747002693 | 0 | 5.0
2.8475411565077158 | 0 | 5.0
2.7998943003401955 | 0 | 5.0
2.7538416463997457 | 0 | 5.0
2.5922934142878695 | 0 | 5.0
2.5062439161286796 | 1 | -0.5
2.277461495190097 | 0 | 5.0
2.2533234604408348 | 0 | 5.0
2.1161002914414953 | 1 | -0.5
1.972691885198103 | 0 | 5.0
1.9438781239196559 | 0 | 5.0
1.8959770794022228 | 0 | 5.0
1.7939732777125725 | 0 | 5.0
1.7914993029418032 | 0 | 5.0
1.8165591691207486 | 0 | 5.0
1.7122374718252449 | 0 | 5.0
1.6984056755721717 | 0 | 5.0
1.5869820860998776 | 0 | 5.0
1.5727800866112398 | 0 | 5.0
1.5169319519952824 | 0 | 5.0
1.4535021413261409 | 1 | -0.5
1.4396828816374905 | 0 | 5.0
1.4670214502995051 | 0 | 5.0
1.4013141678398326 | 0 | 5.0
1.3938520001482881 | 0 | 5.0
1.374191218555109 | 1 | -0.5
1.4175197012285154 | 0 | 5.0
1.4724131513018872 | 0 | 5.0
1.49366825329547 | 0 | 5.0
1.5472127078550513 | 1 | -0.5
1.6129435535787262 | 2 | -0.5
1.5439820729231417 | 1 | -0.5
1.6577366684516694 | 2 | -0.5
1.5584697265474463 | 1 | -0.5
1.66352936253028 | 2 | -0.5
1.6091205991562325 | 1 | -0.5
1.6931893514120329 | 2 | -0.5
1.5776324176983008 | 1 | -0.5
1.6349612166672973 | 1 | -0.5
1.848961929792172 | 2 | -0.5
1.7014344153857923 | 1 | -0.5
1.913452342997213 | 2 | -0.5
1.7850815533618085 | 1 | -0.5
1.9780621202900377 | 2 | -0.5
1.84708684871614 | 1 | -0.5
2.0229336890311376 | 2 | -0.5
1.8679717316368716 | 1 | -0.5
2.123023503307344 | 1 | -0.5
2.56328997676438 | 2 | -0.5
2.192319694299855 | 1 | -0.5
2.6216294179683866 | 2 | -0.5
2.206563995895973 | 1 | -0.5
2.5652790831307857 | 2 | -0.5
2.2535478345036335 | 1 | -0.5
2.617673703125904 | 1 | -0.5
3.3270528397360812 | 0 | 5.0
3.5408329546467 | 0 | 5.0
3.379580060483567 | 0 | 5.0
3.2794742861204997 | 1 | -0.5
2.8426231597875016 | 0 | 5.0
2.741444333845505 | 0 | 5.0
2.6430321498988762 | 0 | 5.0
2.534660247231008 | 0 | 5.0
2.4797086154201455 | 0 | 5.0
2.455674750010438 | 1 | -0.5
2.2110886251196953 | 0 | 5.0
2.18252622276318 | 0 | 5.0
2.1013397411019414 | 0 | 5.0
1.9948704212201713 | 0 | 5.0
1.9462371061575512 | 1 | -0.5
1.7559545358422093 | 0 | 5.0
1.7562687854146448 | 0 | 5.0
1.6989192584474788 | 0 | 5.0
1.7111285644764507 | 0 | 5.0
1.679736532656458 | 0 | 5.0
1.6559198304881906 | 0 | 5.0
1.6094463557154517 | 0 | 5.0
1.545241905899406 | 0 | 5.0
1.5384267810094898 | 0 | 5.0
1.4816509802953717 | 1 | -0.5
1.4023609474176577 | 0 | 5.0
1.3936303526662346 | 0 | 5.0
1.3237529737689855 | 0 | 5.0
1.3184626137168296 | 0 | 5.0
1.3164640144096944 | 0 | 5.0
1.2526758642703049 | 0 | 5.0
1.2020243529966097 | 0 | 5.0
1.2073918586239436 | 0 | 5.0
1.2043876305962713 | 0 | 5.0
1.1062695222422256 | 0 | 5.0
1.1211353126774568 | 0 | 5.0
1.1000511943902838 | 0 | 5.0
1.0643601126879672 | 0 | 5.0
1.0085542415322257 | 1 | -0.5
0.9880172235144067 | 0 | 5.0
1.0106030258423155 | 0 | 5.0
0.9500257904238917 | 0 | 5.0
0.9980552465972389 | 0 | 5.0
0.9556141472746886 | 0 | 5.0
0.8954352411181358 | 0 | 5.0
0.8849995207877491 | 0 | 5.0
0.8937688036588896 | 0 | 5.0
0.8415392502779031 | 0 | 5.0
0.8363550002286612 | 0 | 5.0
0.8101077153519571 | 1 | -0.5
0.8106485935984059 | 0 | 5.0
0.8137515946405997 | 0 | 5.0
0.8463824730891416 | 0 | 5.0
0.8670268917558321 | 0 | 5.0
0.8788995514283676 | 0 | 5.0
0.9010891459077534 | 0 | 5.0
0.9348270561208083 | 0 | 5.0
0.9088675869019154 | 0 | 5.0
0.9249288072560077 | 0 | 5.0
0.9367807345232116 | 0 | 5.0
0.9710147082021535 | 0 | 5.0
0.9868871481126066 | 0 | 5.0
0.9539299412842073 | 0 | 5.0
0.9954612650977702 | 0 | 5.0
0.9977683271768728 | 0 | 5.0
1.0344900085402553 | 0 | 5.0
1.0196806203379059 | 0 | 5.0
1.0266937025989913 | 0 | 5.0
1.067527173420496 | 0 | 5.0
1.1501789189831848 | 0 | 5.0
1.0912100315656603 | 0 | 5.0
1.1369648890009691 | 0 | 5.0
1.1567859776598826 | 0 | 5.0
1.1895893144005256 | 0 | 5.0
1.1550879479379281 | 0 | 5.0
1.2190997004134885 | 1 | -0.5
1.2121425665930745 | 0 | 5.0
1.281902958434608 | 0 | 5.0
1.3598057838936017 | 0 | 5.0
1.3821381769737602 | 1 | -0.5
1.5003218058269217 | 2 | -0.5
1.3918347838949676 | 1 | -0.5
1.4928631243739952 | 2 | -0.5
1.3906046377525394 | 1 | -0.5
1.542951465979406 | 2 | -0.5
1.4391223682195666 | 1 | -0.5
1.605768268344546 | 2 | -0.5
1.4878534714635132 | 1 | -0.5
1.6114016117911887 | 2 | -0.5
1.5147525856685895 | 1 | -0.5
1.695625374171159 | 2 | -0.5
1.531677030702303 | 1 | -0.5
1.7718781510608632 | 2 | -0.5
1.637478828562425 | 1 | -0.5
1.7934302293213484 | 1 | -0.5
2.1073429361163383 | 2 | -0.5
1.8321041252060415 | 1 | -0.5
2.2636627976628363 | 2 | -0.5
1.9398862802735155 | 1 | -0.5
2.398583337202265 | 2 | -0.5
2.103301499378179 | 1 | -0.5
2.5543293756695307 | 2 | -0.5
2.2154359216720803 | 2 | -0.5
1.9289054670286776 | 1 | -0.5
2.2431756796096005 | 1 | -0.5
2.738072198011076 | 2 | -0.5
2.280613659866426 | 1 | -0.5
2.863239651085072 | 2 | -0.5
2.4209816764658303 | 1 | -0.5
2.9506636709165663 | 2 | -0.5
2.3959521710943537 | 1 | -0.5
2.8153124376362837 | 2 | -0.5
2.4562346701922766 | 1 | -0.5
2.918688820217101 | 1 | -0.5
3.244931460786211 | 0 | 5.0
3.186044618845918 | 0 | 5.0
3.1132696466796297 | 0 | 5.0
3.0319548517241697 | 0 | 5.0
2.8574381951187506 | 1 | -0.5
2.554699591290289 | 0 | 5.0
2.4800995570371818 | 0 | 5.0
2.421932594328689 | 0 | 5.0
2.352432780670965 | 0 | 5.0
2.2300190376668154 | 0 | 5.0
2.110929173405146 | 1 | -0.5
1.9846253564440652 | 0 | 5.0
1.9373579462027064 | 0 | 5.0
1.927233014963339 | 0 | 5.0
1.8547947448962134 | 0 | 5.0
1.78873598641519 | 0 | 5.0
1.7817981390296136 | 0 | 5.0
1.714262987357736 | 0 | 5.0
1.7017599507040284 | 0 | 5.0
1.5948298183113023 | 0 | 5.0
1.510353698474494 | 0 | 5.0
1.5266939113443085 | 0 | 5.0
1.4537796117378128 | 0 | 5.0
1.3460276642354396 | 0 | 5.0
1.286452533897296 | 0 | 5.0
1.2804399241959676 | 0 | 5.0
1.2350550295593612 | 1 | -0.5
1.2169783511784804 | 0 | 5.0
1.173639970004378 | 0 | 5.0
1.1983479855752508 | 0 | 5.0
1.172589981624624 | 0 | 5.0
1.1740349507957053 | 0 | 5.0
1.124807289460547 | 0 | 5.0
1.1467248527398306 | 0 | 5.0
1.1187685292944294 | 0 | 5.0
1.0896350051708095 | 0 | 5.0
1.0549596250148565 | 0 | 5.0
1.0660657524634038 | 0 | 5.0
1.0610105137567756 | 0 | 5.0
1.022709530453042 | 0 | 5.0
1.0231349845330164 | 0 | 5.0
1.037404413727111 | 0 | 5.0
0.9832483765639656 | 0 | 5.0
0.9384172316327299 | 0 | 5.0
0.9378693373195486 | 0 | 5.0
0.9114186619087212 | 0 | 5.0
0.9280052092861322 | 0 | 5.0
0.9299119955983268 | 0 | 5.0
0.8996100517631445 | 0 | 5.0
0.9135929021101585 | 0 | 5.0
0.8773491165615268 | 0 | 5.0
0.8620619004545393 | 0 | 5.0
0.8657507034682862 | 0 | 5.0
0.8545388045593081 | 0 | 5.0
0.807133639397559 | 0 | 5.0
0.7991562817598958 | 0 | 5.0
0.7848681813174495 | 0 | 5.0
0.78596548408339 | 0 | 5.0
0.7430417277777577 | 0 | 5.0
0.7867948885472358 | 0 | 5.0
0.7675872199362821 | 0 | 5.0
0.7195730704825097 | 1 | -0.5
0.6981949580805517 | 0 | 5.0
0.7265328526553883 | 0 | 5.0
0.7900152381457607 | 0 | 5.0
0.7842688666641028 | 0 | 5.0
0.8306655473030825 | 0 | 5.0
0.9025466454518447 | 0 | 5.0
0.8920393032256473 | 0 | 5.0
0.9578693111799547 | 0 | 5.0
0.9661226941688043 | 0 | 5.0
1.0220402453573492 | 0 | 5.0
1.0482345833264386 | 0 | 5.0
1.1173383685271392 | 0 | 5.0
1.1473226467384157 | 0 | 5.0
1.1622658899803247 | 1 | -0.5
1.2560446977981303 | 2 | -0.5
1.2123496045180633 | 1 | -0.5
1.3192215413633914 | 2 | -0.5
1.1972992555277466 | 1 | -0.5
1.2761200425679222 | 2 | -0.5
1.2327105066121904 | 1 | -0.5
1.3416756301754778 | 1 | -0.5
1.4978094467700322 | 2 | -0.5
1.3755267056691578 | 1 | -0.5
1.484351356920303 | 2 | -0.5
1.3353172152258754 | 1 | -0.5
1.5193839742314847 | 2 | -0.5
1.415446017095339 | 1 | -0.5
1.5987010901490217 | 2 | -0.5
1.4740196514471242 | 1 | -0.5
1.6593959192196452 | 2 | -0.5
1.5139394302640015 | 1 | -0.5
1.6887397275042557 | 2 | -0.5
1.5069026822172178 | 1 | -0.5
1.7468167530910177 | 2 | -0.5
1.5929391816020753 | 1 | -0.5
1.7591380662175478 | 1 | -0.5
1.9790478804070402 | 2 | -0.5
1.7831139793765243 | 1 | -0.5
2.048833163367188 | 2 | -0.5
1.7778102657669095 | 1 | -0.5
2.1070654195254335 | 2 | -0.5
1.8957119989200268 | 1 | -0.5
2.117860571775603 | 1 | -0.5
2.66227745600147 | 2 | -0.5
2.1462187236229906 | 1 | -0.5
2.6877160694903823 | 2 | -0.5
2.2288457155560377 | 1 | -0.5
2.675746604589991 | 2 | -0.5
2.2748734081834243 | 1 | -0.5
2.6264467783743655 | 1 | -0.5
3.402399899880672 | 0 | 5.0
3.2174421446269412 | 0 | 5.0
3.1614797788577187 | 0 | 5.0
3.0209347531272965 | 0 | 5.0
2.9387884343982984 | 0 | 5.0
2.722090959945416 | 1 | -0.5
2.488919542299248 | 0 | 5.0
2.406979927745715 | 0 | 5.0
2.292378976092075 | 0 | 5.0
2.2546678726526572 | 0 | 5.0
2.1706028751197906 | 0 | 5.0
2.107627890154725 | 1 | -0.5
1.9659243113772 | 0 | 5.0
1.9522425515092978 | 0 | 5.0
1.8716877721474352 | 0 | 5.0
1.80785777213962 | 0 | 5.0
1.7926081245456345 | 0 | 5.0
1.7239494708025427 | 0 | 5.0
1.608570742914831 | 1 | -0.5
1.5937280285921047 | 0 | 5.0
1.5172468430314427 | 0 | 5.0
1.484774695729483 | 0 | 5.0
1.4763186140172624 | 0 | 5.0
1.4451046444533127 | 0 | 5.0
1.4233287213407708 | 0 | 5.0
1.460264422075782 | 0 | 5.0
1.4628069147574503 | 0 | 5.0
1.4025345128191533 | 0 | 5.0
1.3806256357649094 | 1 | -0.5
1.4035590023691096 | 0 | 5.0
1.4042099524622313 | 0 | 5.0
1.474990304252939 | 0 | 5.0
1.4948956647578484 | 0 | 5.0
1.5180896317870165 | 1 | -0.5
1.6521962160448826 | 2 | -0.5
1.555192733833875 | 1 | -0.5
1.6752086343624888 | 2 | -0.5
1.5936837151960974 | 1 | -0.5
1.7242279299185819 | 2 | -0.5
1.5889736922718514 | 1 | -0.5
1.6649647426013365 | 1 | -0.5
1.874216190688416 | 2 | -0.5
1.709001202542712 | 1 | -0.5
1.8390359133038894 | 2 | -0.5
1.6865589823048575 | 1 | -0.5
1.8452958988796055 | 1 | -0.5
2.065964818964093 | 2 | -0.5
1.853631311107215 | 1 | -0.5
2.1106045620016816 | 2 | -0.5
1.8478772050932584 | 1 | -0.5
2.102231901547024 | 1 | -0.5
2.4307995800146562 | 2 | -0.5
2.069011603174867 | 1 | -0.5
2.4476757645490945 | 2 | -0.5
2.143750004789066 | 1 | -0.5
2.481544237013475 | 2 | -0.5
2.25001221168365 | 1 | -0.5
2.599208800532667 | 1 | -0.5
3.298085664065951 | 0 | 5.0
3.5669378738009625 | 0 | 5.0
3.4222760139193125 | 0 | 5.0
3.285722855309226 | 0 | 5.0
3.1646652371734323 | 1 | -0.5
2.8328787430290965 | 0 | 5.0
2.729556368443043 | 0 | 5.0
2.560004307771519 | 0 | 5.0
2.4766808537211156 | 0 | 5.0
2.324723559162998 | 0 | 5.0
2.2484223432593295 | 0 | 5.0
2.2262581687761385 | 1 | -0.5
2.0001811713378914 | 0 | 5.0
1.9529367799888273 | 0 | 5.0
1.8949483213476441 | 0 | 5.0
1.8464353007827843 | 0 | 5.0
1.830680965605765 | 0 | 5.0
1.7455698023650463 | 0 | 5.0
1.6688313747772103 | 0 | 5.0
1.6357507516828358 | 0 | 5.0
1.6168987991816848 | 0 | 5.0
1.5779223851604727 | 0 | 5.0
1.4945510245334437 | 0 | 5.0
1.4078086996512118 | 0 | 5.0
1.32361629218595 | 0 | 5.0
1.273377945096325 | 1 | -0.5
1.2322236212988897 | 0 | 5.0
1.2318258024925284 | 0 | 5.0
1.2508756746078002 | 0 | 5.0
1.1870639551717226 | 0 | 5.0
1.1677656884004795 | 0 | 5.0
1.1850109171744752 | 1 | -0.5
1.1587855709268475 | 2 | -0.5
1.1721463647926875 | 0 | 5.0
1.1334357062262321 | 1 | -0.5
1.1167657784704403 | 2 | -0.5
1.1609542772790937 | 2 | -0.5
1.2062028093757258 | 1 | -0.5
1.1748947251037407 | 2 | -0.5
1.1927801427548552 | 1 | -0.5
1.1979439367403986 | 2 | -0.5
1.1641248303750353 | 1 | -0.5
1.157675768935911 | 2 | -0.5
1.1557339026580433 | 2 | -0.5
1.1923393969190537 | 1 | -0.5
1.0809446298098828 | 2 | -0.5
1.1546691417371755 | 1 | -0.5
1.1000389335566605 | 2 | -0.5
1.1563268139498972 | 1 | -0.5
1.0305649189490367 | 2 | -0.5
1.1612111432864018 | 1 | -0.5
1.053387278633417 | 2 | -0.5
1.1230845087341843 | 1 | -0.5
1.057841587614042 | 2 | -0.5
1.0883478183149284 | 2 | -0.5
1.226531705865184 | 1 | -0.5
1.0912036451590157 | 2 | -0.5
1.2386281570366677 | 1 | -0.5
1.0204057112837357 | 2 | -0.5
1.1872269176799246 | 1 | -0.5
0.9417066147264075 | 2 | -0.5
1.0826977979887094 | 1 | -0.5
0.8731247517219484 | 2 | -0.5
0.9831681365831553 | 2 | -0.5
1.1400463233932427 | 0 | 5.0
0.9709013303894743 | 0 | 5.0
0.6487860540602494 | 0 | 5.0
0.5484323318628098 | 2 | -0.5
0.48496632997155087 | 0 | 5.0
0.5965986695436986 | 0 | 5.0
0.5837078569364273 | 0 | 5.0
0.7745064936363169 | 0 | 5.0
0.8250436342819673 | 0 | 5.0
0.9260221006620976 | 0 | 5.0
1.0079419436640602 | 0 | 5.0
1.028331530121493 | 0 | 5.0
1.1373303950651164 | 0 | 5.0
1.221123123686356 | 0 | 5.0
1.3039749006916161 | 0 | 5.0
1.4145693746303671 | 0 | 5.0
1.5173247192172605 | 0 | 5.0
1.5981583204910155 | 2 | -0.5
1.582293075354216 | 0 | 5.0
1.652120968740933 | 0 | 5.0
1.6510736993805137 | 0 | 5.0
1.7333732284224446 | 0 | 5.0
1.7762028206480451 | 0 | 5.0
1.8637290927853496 | 0 | 5.0
1.9171161107549888 | 0 | 5.0
1.9788380025852679 | 0 | 5.0
2.03725737011624 | 0 | 5.0
2.117319937943198 | 2 | -0.5
2.0181196480747685 | 0 | 5.0
2.0435078868377246 | 0 | 5.0
2.0477818293269703 | 0 | 5.0
2.128253345420644 | 2 | -0.5
2.0565016551111364 | 1 | -0.5
2.092206129254209 | 2 | -0.5
2.061849517938351 | 1 | -0.5
2.1343991128645867 | 2 | -0.5
2.103887051805866 | 1 | -0.5
2.149675114440829 | 2 | -0.5
2.0918406666636877 | 1 | -0.5
2.2025948253634557 | 2 | -0.5
2.134036249679916 | 1 | -0.5
2.188649400948178 | 1 | -0.5
2.3804480292537957 | 2 | -0.5
2.2211658594413524 | 1 | -0.5
2.3773982970182277 | 2 | -0.5
2.257213758510455 | 1 | -0.5
2.474034280976281 | 2 | -0.5
2.2758572333655662 | 1 | -0.5
2.478997326322846 | 1 | -0.5
2.8158919508601317 | 0 | 5.0
2.9239871595494553 | 1 | -0.5
3.3721091562941177 | 1 | -0.5
3.54460524574086 | 0 | 5.0
3.3942306312755433 | 0 | 5.0
3.3034861737310104 | 0 | -200.0
Total reward: 1124.0
