-0.3, 0.5, 6.1, 3.8, 2.6, 1.9, -5.0, 5.2, 1.4, 3.9
parameter ends

state | action | reward
[0.03] | 1 | 1.0
0.03195054456591606 | 0 | 1.0
0.03495796397328377 | 1 | 1.0
0.03406080603599548 | 0 | 1.0
0.037065453827381134 | 1 | 1.0
0.03616686537861824 | 0 | 1.0
0.039171427488327026 | 1 | 1.0
0.03827408328652382 | 0 | 1.0
0.04128120839595795 | 1 | 1.0
0.04038778319954872 | 0 | 1.0
0.04340015724301338 | 1 | 1.0
0.04251338168978691 | 0 | 1.0
0.045533791184425354 | 1 | 1.0
0.04465653374791145 | 0 | 1.0
0.04768791422247887 | 1 | 1.0
0.04682324826717377 | 0 | 1.0
0.04986877739429474 | 1 | 1.0
0.04902004823088646 | 0 | 1.0
0.05208320915699005 | 1 | 1.0
0.051254115998744965 | 0 | 1.0
0.05433877930045128 | 1 | 1.0
0.053533464670181274 | 0 | 1.0
0.05664396658539772 | 1 | 1.0
0.05586710572242737 | 0 | 1.0
0.05900835618376732 | 1 | 1.0
0.05826525017619133 | 0 | 1.0
0.061442818492650986 | 1 | 1.0
0.06073951721191406 | 0 | 1.0
0.06395974010229111 | 1 | 1.0
0.0633031576871872 | 0 | 1.0
0.06657325476408005 | 0 | 1.0
0.06597129255533218 | 1 | 1.0
0.061501480638980865 | 0 | 1.0
0.060963261872529984 | 1 | 1.0
0.05655941367149353 | 0 | 1.0
0.05608885735273361 | 1 | 1.0
0.05175585672259331 | 0 | 1.0
0.051358357071876526 | 1 | 1.0
0.047102633863687515 | 0 | 1.0
0.046785082668066025 | 0 | 1.0
0.042614661157131195 | 1 | 1.0
0.0345965214073658 | 0 | 1.0
0.03052128665149212 | 1 | 1.0
0.022601773962378502 | 0 | 1.0
0.018627071753144264 | 0 | 1.0
Total reward: 45.0
-0.3, 0.5, 6.1, 3.8, 2.6, 1.9, -5.0, 5.2, 1.4, 3.9
parameter ends

state | action | reward
[-0.04] | 1 | 1.0
-0.03764582797884941 | 0 | 1.0
-0.03361507132649422 | 1 | 1.0
-0.033488575369119644 | 0 | 1.0
-0.02945958450436592 | 1 | 1.0
-0.029332758858799934 | 0 | 1.0
-0.025301333516836166 | 1 | 1.0
-0.02516994997859001 | 0 | 1.0
-0.021131886169314384 | 1 | 1.0
-0.020991666242480278 | 0 | 1.0
-0.016942646354436874 | 1 | 1.0
-0.016789143905043602 | 0 | 1.0
-0.012724638916552067 | 1 | 1.0
-0.012553136795759201 | 0 | 1.0
-0.008468305692076683 | 1 | 1.0
-0.00827370397746563 | 0 | 1.0
-0.004163277335464954 | 1 | 1.0
-0.0039399778470396996 | 0 | 1.0
0.00020184749155305326 | 1 | 1.0
0.00046006287448108196 | 0 | 1.0
0.004639745689928532 | 1 | 1.0
0.0049398429691791534 | 0 | 1.0
0.009164615534245968 | 0 | 1.0
0.009514441713690758 | 1 | 1.0
0.005993368569761515 | 0 | 1.0
0.00640188017860055 | 1 | 1.0
0.002941514365375042 | 0 | 1.0
0.0034123503137379885 | 1 | 1.0
1.721195258141961e-05 | 0 | 1.0
0.0005553920636884868 | 1 | 1.0
-0.0027685470413416624 | 0 | 1.0
-0.002156586153432727 | 0 | 1.0
-0.005401846021413803 | 1 | 1.0
-0.012499606236815453 | 0 | 1.0
-0.015656951814889908 | 1 | 1.0
-0.022663969546556473 | 0 | 1.0
-0.025728808715939522 | 1 | 1.0
-0.032639142125844955 | 0 | 1.0
-0.0356050543487072 | 0 | 1.0
Total reward: 39.0
-0.3, 0.5, 6.1, 3.8, 2.6, 1.9, -5.0, 5.2, 1.4, 3.9
parameter ends

state | action | reward
[0.03] | 1 | 1.0
0.029125278815627098 | 0 | 1.0
0.03293035179376602 | 1 | 1.0
0.03282412514090538 | 0 | 1.0
0.03661270812153816 | 1 | 1.0
0.03649170324206352 | 0 | 1.0
0.04026731848716736 | 1 | 1.0
0.04013489931821823 | 0 | 1.0
0.04390071704983711 | 1 | 1.0
0.043759919703006744 | 0 | 1.0
0.04751881957054138 | 1 | 1.0
0.04737243428826332 | 0 | 1.0
0.05112709477543831 | 1 | 1.0
0.050977736711502075 | 0 | 1.0
0.054730694741010666 | 1 | 1.0
0.054580867290496826 | 0 | 1.0
0.0583345890045166 | 1 | 1.0
0.05818675830960274 | 0 | 1.0
0.061943698674440384 | 1 | 1.0
0.06180034205317497 | 0 | 1.0
0.06556300073862076 | 1 | 1.0
0.06542668491601944 | 0 | 1.0
0.06919768452644348 | 1 | 1.0
0.06907110661268234 | 0 | 1.0
0.072853222489357 | 1 | 1.0
0.07273931056261063 | 0 | 1.0
0.07653557509183884 | 1 | 1.0
0.07643752545118332 | 0 | 1.0
0.08025126904249191 | 1 | 1.0
0.08017262071371078 | 0 | 1.0
0.08400756865739822 | 1 | 1.0
0.08395231515169144 | 0 | 1.0
0.08781265467405319 | 1 | 1.0
0.08778531849384308 | 0 | 1.0
0.09167579561471939 | 1 | 1.0
0.09168149530887604 | 0 | 1.0
0.09560751169919968 | 1 | 1.0
0.09565212577581406 | 0 | 1.0
0.09961982816457748 | 1 | 1.0
0.09971007704734802 | 0 | 1.0
0.10372649878263474 | 0 | 1.0
0.10387006402015686 | 1 | 1.0
0.1001448780298233 | 0 | 1.0
0.10035064816474915 | 1 | 1.0
0.09668970853090286 | 0 | 1.0
0.09696134179830551 | 1 | 1.0
0.0933692529797554 | 0 | 1.0
0.09371184557676315 | 1 | 1.0
0.0901947095990181 | 0 | 1.0
0.09061484783887863 | 0 | 1.0
0.08718035370111465 | 1 | 1.0
0.07989612966775894 | 0 | 1.0
0.07655377686023712 | 1 | 1.0
0.06936480849981308 | 0 | 1.0
0.06611952930688858 | 1 | 1.0
0.05903216823935509 | 0 | 1.0
Total reward: 56.0
-0.3, 0.5, 6.1, 3.8, 2.6, 1.9, -5.0, 5.2, 1.4, 3.9
parameter ends

state | action | reward
[0.03] | 1 | 1.0
0.027759253978729248 | 0 | 1.0
0.03157738596200943 | 1 | 1.0
0.031483687460422516 | 0 | 1.0
0.035283949226140976 | 1 | 1.0
0.03517361357808113 | 0 | 1.0
0.038958512246608734 | 1 | 1.0
0.03883384168148041 | 0 | 1.0
0.04260546341538429 | 1 | 1.0
0.04246838390827179 | 1 | 1.0
0.04622846096754074 | 0 | 1.0
0.05388521030545235 | 1 | 1.0
0.05763515457510948 | 0 | 1.0
0.0652858316898346 | 1 | 1.0
0.06903347373008728 | 0 | 1.0
0.07668569684028625 | 1 | 1.0
0.08043872565031052 | 0 | 1.0
0.08810006827116013 | 1 | 1.0
0.09186617285013199 | 0 | 1.0
0.09954432398080826 | 0 | 1.0
0.10333143174648285 | 1 | 1.0
0.10323084890842438 | 0 | 1.0
0.10704731196165085 | 1 | 1.0
0.10697723925113678 | 0 | 1.0
0.11082533001899719 | 1 | 1.0
0.1107884868979454 | 0 | 1.0
0.1146712452173233 | 1 | 1.0
0.11467111855745316 | 0 | 1.0
0.11859238147735596 | 1 | 1.0
0.11863331496715546 | 0 | 1.0
0.12259779125452042 | 1 | 1.0
0.12268507480621338 | 0 | 1.0
0.12669840455055237 | 1 | 1.0
0.1268383413553238 | 0 | 1.0
0.13090720772743225 | 0 | 1.0
0.13110725581645966 | 1 | 1.0
0.12744268774986267 | 0 | 1.0
0.12771165370941162 | 1 | 1.0
0.1241181418299675 | 0 | 1.0
0.12445976585149765 | 1 | 1.0
0.12094208598136902 | 0 | 1.0
0.12136168032884598 | 1 | 1.0
0.11792626231908798 | 0 | 1.0
0.1184307262301445 | 0 | 1.0
0.1150856763124466 | 1 | 1.0
0.10789646208286285 | 0 | 1.0
0.10465183109045029 | 1 | 1.0
0.09756673127412796 | 0 | 1.0
Total reward: 48.0
-0.3, 0.5, 6.1, 3.8, 2.6, 1.9, -5.0, 5.2, 1.4, 3.9
parameter ends

state | action | reward
[0.04] | 1 | 1.0
0.04470159113407135 | 0 | 1.0
0.04881403222680092 | 1 | 1.0
0.04901362955570221 | 0 | 1.0
0.05310608074069023 | 1 | 1.0
0.05328700691461563 | 0 | 1.0
0.05736218020319939 | 1 | 1.0
0.05752693861722946 | 0 | 1.0
0.06158708035945892 | 1 | 1.0
0.061737727373838425 | 0 | 1.0
0.06578468531370163 | 1 | 1.0
0.06592290103435516 | 1 | 1.0
0.0699581727385521 | 0 | 1.0
0.07788994908332825 | 1 | 1.0
0.08191470801830292 | 0 | 1.0
0.08983991295099258 | 1 | 1.0
0.09386175125837326 | 0 | 1.0
0.10178777575492859 | 1 | 1.0
0.10581411421298981 | 0 | 1.0
0.11374825239181519 | 1 | 1.0
0.11778653413057327 | 0 | 1.0
0.12573620676994324 | 0 | 1.0
0.12979404628276825 | 1 | 1.0
0.12996327877044678 | 0 | 1.0
0.1340486854314804 | 1 | 1.0
0.13424645364284515 | 0 | 1.0
0.1383613795042038 | 1 | 1.0
0.138590008020401 | 0 | 1.0
0.14273707568645477 | 1 | 1.0
0.14299960434436798 | 0 | 1.0
0.1471821814775467 | 1 | 1.0
0.1474824696779251 | 0 | 1.0
0.15170472860336304 | 1 | 1.0
0.1520475149154663 | 0 | 1.0
0.15631453692913055 | 1 | 1.0
0.15670546889305115 | 0 | 1.0
0.16102328896522522 | 1 | 1.0
0.16146910190582275 | 0 | 1.0
0.16584482789039612 | 0 | 1.0
0.16635343432426453 | 1 | 1.0
0.16299931704998016 | 0 | 1.0
0.1635800004005432 | 1 | 1.0
0.16030047833919525 | 0 | 1.0
0.16095753014087677 | 1 | 1.0
0.1577579826116562 | 0 | 1.0
0.15849731862545013 | 0 | 1.0
0.155384823679924 | 1 | 1.0
0.14842534065246582 | 0 | 1.0
0.14540894329547882 | 1 | 1.0
0.13854841887950897 | 0 | 1.0
0.13563264906406403 | 1 | 1.0
Total reward: 51.0
-0.3, 0.5, 6.1, 3.8, 2.6, 1.9, -5.0, 5.2, 1.4, 3.9
parameter ends

state | action | reward
[-0.03] | 1 | 1.0
-0.030323931947350502 | 0 | 1.0
-0.02567782625555992 | 1 | 1.0
-0.024945208802819252 | 0 | 1.0
-0.020320460200309753 | 1 | 1.0
-0.019607843831181526 | 0 | 1.0
-0.015001659281551838 | 1 | 1.0
-0.014306479133665562 | 0 | 1.0
-0.009716561995446682 | 1 | 1.0
-0.009036719799041748 | 0 | 1.0
-0.0044612037017941475 | 1 | 1.0
-0.0037950132973492146 | 1 | 1.0
0.0007675869856029749 | 0 | 1.0
0.00922603439539671 | 1 | 1.0
0.013776851817965508 | 0 | 1.0
0.022227440029382706 | 1 | 1.0
0.02677399106323719 | 0 | 1.0
0.03522401675581932 | 1 | 1.0
0.039773616939783096 | 0 | 1.0
0.04823027178645134 | 1 | 1.0
0.05279022455215454 | 0 | 1.0
0.06126077100634575 | 0 | 1.0
0.065838523209095 | 1 | 1.0
0.0665266141295433 | 0 | 1.0
0.07112997770309448 | 1 | 1.0
0.07184449583292007 | 0 | 1.0
0.0764751210808754 | 1 | 1.0
0.07721809297800064 | 0 | 1.0
0.08187831938266754 | 1 | 1.0
0.08265244960784912 | 0 | 1.0
0.08734526485204697 | 1 | 1.0
0.08815399557352066 | 0 | 1.0
0.09288318455219269 | 1 | 1.0
0.09373076260089874 | 0 | 1.0
0.09850089251995087 | 1 | 1.0
0.09939245134592056 | 0 | 1.0
0.10420902073383331 | 1 | 1.0
0.10515067726373672 | 0 | 1.0
0.11002015322446823 | 0 | 1.0
0.11101910471916199 | 1 | 1.0
0.10815155506134033 | 0 | 1.0
0.10921630263328552 | 1 | 1.0
0.10641644150018692 | 0 | 1.0
0.10755036771297455 | 1 | 1.0
0.1048225611448288 | 0 | 1.0
0.10603056848049164 | 1 | 1.0
0.10338077694177628 | 0 | 1.0
0.10466930270195007 | 0 | 1.0
0.10210511088371277 | 1 | 1.0
0.09569317102432251 | 0 | 1.0
0.09322404861450195 | 1 | 1.0
0.08691035211086273 | 0 | 1.0
0.08454126864671707 | 0 | 1.0
Total reward: 53.0
-0.3, 0.5, 6.1, 3.8, 2.6, 1.9, -5.0, 5.2, 1.4, 3.9
parameter ends

state | action | reward
[0.04] | 1 | 1.0
0.03701268881559372 | 0 | 1.0
0.04063398018479347 | 1 | 1.0
0.04036145657300949 | 0 | 1.0
0.04400119185447693 | 1 | 1.0
0.04374908655881882 | 0 | 1.0
0.04741107299923897 | 1 | 1.0
0.047183483839035034 | 0 | 1.0
0.05087203532457352 | 1 | 1.0
0.05067360773682594 | 0 | 1.0
0.05439360812306404 | 1 | 1.0
0.05422964319586754 | 0 | 1.0
0.05798666179180145 | 1 | 1.0
0.05786321684718132 | 0 | 1.0
0.06166360154747963 | 1 | 1.0
0.0615876168012619 | 0 | 1.0
0.06543861329555511 | 0 | 1.0
0.06541803479194641 | 1 | 1.0
0.06153009831905365 | 0 | 1.0
0.06157409027218819 | 1 | 1.0
0.057753004133701324 | 0 | 1.0
0.05786556378006935 | 1 | 1.0
0.054116297513246536 | 0 | 1.0
0.05430291220545769 | 1 | 1.0
0.05063199996948242 | 0 | 1.0
0.05089965835213661 | 0 | 1.0
0.047315243631601334 | 1 | 1.0
0.03988398611545563 | 0 | 1.0
0.036396075040102005 | 1 | 1.0
0.02906489185988903 | 0 | 1.0
0.025678982958197594 | 0 | 1.0
Total reward: 31.0
-0.3, 0.5, 6.1, 3.8, 2.6, 1.9, -5.0, 5.2, 1.4, 3.9
parameter ends

state | action | reward
[-0.02] | 1 | 1.0
-0.02402385324239731 | 0 | 1.0
-0.02088649570941925 | 1 | 1.0
-0.021642478182911873 | 0 | 1.0
-0.018485965207219124 | 1 | 1.0
-0.019221190363168716 | 0 | 1.0
-0.01604241132736206 | 1 | 1.0
-0.016753491014242172 | 0 | 1.0
-0.01354883424937725 | 1 | 1.0
-0.01423182338476181 | 0 | 1.0
-0.010997097939252853 | 1 | 1.0
-0.011647412553429604 | 0 | 1.0
-0.008377758786082268 | 1 | 1.0
-0.008990081027150154 | 0 | 1.0
-0.005679881200194359 | 1 | 1.0
-0.006248048972338438 | 0 | 1.0
-0.002890828298404813 | 1 | 1.0
-0.003407725365832448 | 0 | 1.0
3.955459760618396e-06 | 0 | 1.0
-0.0004534808686003089 | 1 | 1.0
-0.004775597248226404 | 0 | 1.0
-0.005164064466953278 | 1 | 1.0
-0.009414643980562687 | 0 | 1.0
-0.009729720652103424 | 1 | 1.0
-0.013903290033340454 | 0 | 1.0
-0.01413900125771761 | 0 | 1.0
-0.018228452652692795 | 1 | 1.0
-0.026166915893554688 | 0 | 1.0
-0.03016326203942299 | 1 | 1.0
-0.038005828857421875 | 0 | 1.0
-0.04190460219979286 | 1 | 1.0
-0.04964537173509598 | 0 | 1.0
Total reward: 32.0
-0.3, 0.5, 6.1, 3.8, 2.6, 1.9, -5.0, 5.2, 1.4, 3.9
parameter ends

state | action | reward
[0.03] | 1 | 1.0
0.026225203648209572 | 0 | 1.0
0.03028241917490959 | 1 | 1.0
0.03042650781571865 | 0 | 1.0
0.034463293850421906 | 1 | 1.0
0.034588590264320374 | 0 | 1.0
0.03860833868384361 | 1 | 1.0
0.038718029856681824 | 0 | 1.0
0.042723678052425385 | 1 | 1.0
0.0428205281496048 | 0 | 1.0
0.04681462422013283 | 1 | 1.0
0.046901024878025055 | 0 | 1.0
0.05088580399751663 | 1 | 1.0
0.0509638711810112 | 0 | 1.0
0.05494130402803421 | 1 | 1.0
0.055012911558151245 | 0 | 1.0
0.05898476392030716 | 1 | 1.0
0.059051595628261566 | 0 | 1.0
0.06301946938037872 | 1 | 1.0
0.06308307498693466 | 0 | 1.0
0.06704846024513245 | 1 | 1.0
0.06711027771234512 | 0 | 1.0
0.07107458263635635 | 1 | 1.0
0.0711359903216362 | 1 | 1.0
0.07510057091712952 | 0 | 1.0
0.08296781033277512 | 1 | 1.0
0.08693400025367737 | 0 | 1.0
0.09480682015419006 | 0 | 1.0
0.09878266602754593 | 1 | 1.0
0.09886464476585388 | 0 | 1.0
0.10285834968090057 | 1 | 1.0
0.10295910388231277 | 0 | 1.0
0.10697249323129654 | 1 | 1.0
0.10709412395954132 | 0 | 1.0
0.1111295223236084 | 1 | 1.0
0.1112746149301529 | 0 | 1.0
0.11533485352993011 | 1 | 1.0
0.11550654470920563 | 0 | 1.0
0.11959502100944519 | 1 | 1.0
0.11979708075523376 | 0 | 1.0
0.1239178255200386 | 1 | 1.0
0.1241547167301178 | 0 | 1.0
0.12831248342990875 | 1 | 1.0
0.12858946621418 | 0 | 1.0
0.13278982043266296 | 1 | 1.0
0.13311301171779633 | 0 | 1.0
0.13736243546009064 | 0 | 1.0
0.13773898780345917 | 1 | 1.0
0.1342465579509735 | 0 | 1.0
0.13468481600284576 | 1 | 1.0
0.13125582039356232 | 0 | 1.0
0.1317589282989502 | 1 | 1.0
0.12839742004871368 | 0 | 1.0
0.1289699524641037 | 1 | 1.0
0.12568150460720062 | 0 | 1.0
0.12632954120635986 | 0 | 1.0
0.12312127649784088 | 1 | 1.0
0.11606135219335556 | 0 | 1.0
0.11294221132993698 | 1 | 1.0
0.10597406327724457 | 0 | 1.0
0.10294836759567261 | 1 | 1.0
0.09607770293951035 | 0 | 1.0
0.09315164387226105 | 0 | 1.0
Total reward: 63.0
-0.3, 0.5, 6.1, 3.8, 2.6, 1.9, -5.0, 5.2, 1.4, 3.9
parameter ends

state | action | reward
[-0.03] | 1 | 1.0
-0.03327658772468567 | 0 | 1.0
-0.030332455411553383 | 1 | 1.0
-0.03128133714199066 | 0 | 1.0
-0.028317248448729515 | 1 | 1.0
-0.02924416959285736 | 0 | 1.0
-0.026256276294589043 | 1 | 1.0
-0.02715708315372467 | 0 | 1.0
-0.02414100244641304 | 1 | 1.0
-0.025010952726006508 | 0 | 1.0
-0.02196168713271618 | 1 | 1.0
-0.02279534935951233 | 0 | 1.0
-0.01970718987286091 | 1 | 1.0
-0.020498327910900116 | 0 | 1.0
-0.01736474223434925 | 1 | 1.0
-0.018106209114193916 | 0 | 1.0
-0.014919732697308064 | 0 | 1.0
-0.015603338368237019 | 1 | 1.0
-0.020152634009718895 | 0 | 1.0
-0.02076890505850315 | 1 | 1.0
-0.02524835802614689 | 0 | 1.0
-0.02579294703900814 | 1 | 1.0
-0.030197182670235634 | 0 | 1.0
-0.030664216727018356 | 0 | 1.0
-0.03498625382781029 | 1 | 1.0
-0.043158672749996185 | 0 | 1.0
-0.0473896823823452 | 1 | 1.0
-0.05546844005584717 | 0 | 1.0
-0.05960414931178093 | 1 | 1.0
-0.06758357584476471 | 0 | 1.0
Total reward: 30.0
-0.3, 0.5, 6.1, 3.8, 2.6, 1.9, -5.0, 5.2, 1.4, 3.9
parameter ends

state | action | reward
[0.] | 1 | 1.0
0.0032927729189395905 | 0 | 1.0
0.007506709545850754 | 1 | 1.0
0.00781972799450159 | 0 | 1.0
0.012038277462124825 | 1 | 1.0
0.012357465922832489 | 0 | 1.0
0.01658371277153492 | 1 | 1.0
0.016912240535020828 | 0 | 1.0
0.021149419248104095 | 1 | 1.0
0.02149064652621746 | 0 | 1.0
0.025742219761013985 | 1 | 1.0
0.026099784299731255 | 0 | 1.0
0.030369523912668228 | 1 | 1.0
0.030747419223189354 | 0 | 1.0
0.03503949195146561 | 1 | 1.0
0.03544216603040695 | 0 | 1.0
0.03976121544837952 | 1 | 1.0
0.040193669497966766 | 0 | 1.0
0.04454493522644043 | 1 | 1.0
0.04501282051205635 | 0 | 1.0
0.04940222203731537 | 1 | 1.0
0.049911972135305405 | 0 | 1.0
0.0543462298810482 | 0 | 1.0
0.05490517243742943 | 1 | 1.0
0.05159265547990799 | 0 | 1.0
0.05220923200249672 | 1 | 1.0
0.04895604029297829 | 0 | 1.0
0.04963336139917374 | 1 | 1.0
0.04644346982240677 | 0 | 1.0
0.04718601703643799 | 1 | 1.0
0.044064827263355255 | 0 | 1.0
0.044878482818603516 | 0 | 1.0
0.041832879185676575 | 1 | 1.0
0.03493242338299751 | 0 | 1.0
0.03197101876139641 | 1 | 1.0
0.025157088413834572 | 0 | 1.0
0.02228379063308239 | 1 | 1.0
0.01556158997118473 | 0 | 1.0
0.012782124802470207 | 0 | 1.0
0.0061587379314005375 | 1 | 1.0
-0.004303407855331898 | 0 | 1.0
Total reward: 41.0
-0.3, 0.5, 6.1, 3.8, 2.6, 1.9, -5.0, 5.2, 1.4, 3.9
parameter ends

state | action | reward
[-0.] | 1 | 1.0
-0.0007466101669706404 | 0 | 1.0
0.003843617159873247 | 1 | 1.0
0.004543589893728495 | 0 | 1.0
0.009159070439636707 | 1 | 1.0
0.00988674070686102 | 0 | 1.0
0.014532092027366161 | 1 | 1.0
0.015292463824152946 | 0 | 1.0
0.01997295208275318 | 1 | 1.0
0.020771756768226624 | 0 | 1.0
0.025493400171399117 | 1 | 1.0
0.026337211951613426 | 0 | 1.0
0.031106889247894287 | 0 | 1.0
0.032003238797187805 | 1 | 1.0
0.02903028018772602 | 0 | 1.0
0.029987890273332596 | 1 | 1.0
0.027078114449977875 | 0 | 1.0
0.028100451454520226 | 1 | 1.0
0.025258254259824753 | 0 | 1.0
0.026350224390625954 | 1 | 1.0
0.023581495508551598 | 0 | 1.0
0.02474946901202202 | 0 | 1.0
0.022061659023165703 | 1 | 1.0
0.015522838570177555 | 0 | 1.0
0.012925193645060062 | 1 | 1.0
0.006479430478066206 | 0 | 1.0
0.003976602107286453 | 1 | 1.0
-0.0023700653109699488 | 0 | 1.0
Total reward: 28.0
-0.3, 0.5, 6.1, 3.8, 2.6, 1.9, -5.0, 5.2, 1.4, 3.9
parameter ends

state | action | reward
[-0.05] | 1 | 1.0
-0.04936172813177109 | 0 | 1.0
-0.045533835887908936 | 1 | 1.0
-0.04562130570411682 | 0 | 1.0
-0.041818730533123016 | 1 | 1.0
-0.0419299378991127 | 0 | 1.0
-0.03814937174320221 | 1 | 1.0
-0.03828126937150955 | 0 | 1.0
-0.034519992768764496 | 1 | 1.0
-0.03467009216547012 | 0 | 1.0
-0.030925892293453217 | 1 | 1.0
-0.031092185527086258 | 1 | 1.0
-0.027363300323486328 | 0 | 1.0
-0.01973973959684372 | 1 | 1.0
-0.016024822369217873 | 0 | 1.0
-0.008411189541220665 | 1 | 1.0
-0.004702568519860506 | 0 | 1.0
0.002908557653427124 | 1 | 1.0
0.00661830697208643 | 0 | 1.0
0.014234199188649654 | 1 | 1.0
0.017952434718608856 | 0 | 1.0
0.02558038756251335 | 1 | 1.0
0.029314575716853142 | 0 | 1.0
0.03696206957101822 | 0 | 1.0
0.04071995988488197 | 1 | 1.0
0.04059159755706787 | 0 | 1.0
0.04438142850995064 | 1 | 1.0
0.044286154210567474 | 0 | 1.0
0.04811017960309982 | 1 | 1.0
0.048050712794065475 | 0 | 1.0
0.05191199481487274 | 1 | 1.0
0.05189189314842224 | 0 | 1.0
0.055794354528188705 | 1 | 1.0
0.055818092077970505 | 0 | 1.0
0.059766579419374466 | 1 | 1.0
0.05983962491154671 | 0 | 1.0
0.06383998692035675 | 1 | 1.0
0.06396890431642532 | 0 | 1.0
0.06802807003259659 | 0 | 1.0
0.0682206004858017 | 1 | 1.0
0.06455089151859283 | 0 | 1.0
0.06481621414422989 | 1 | 1.0
0.061221733689308167 | 0 | 1.0
0.061564039438962936 | 1 | 1.0
0.05805009603500366 | 0 | 1.0
0.058475200086832047 | 0 | 1.0
0.05504879727959633 | 1 | 1.0
0.04777567461133003 | 0 | 1.0
0.044445767998695374 | 1 | 1.0
0.03727199509739876 | 0 | 1.0
0.0340430922806263 | 1 | 1.0
Total reward: 51.0
-0.3, 0.5, 6.1, 3.8, 2.6, 1.9, -5.0, 5.2, 1.4, 3.9
parameter ends

state | action | reward
[-0.03] | 1 | 1.0
-0.029535386711359024 | 0 | 1.0
-0.025976313278079033 | 1 | 1.0
-0.02632899396121502 | 0 | 1.0
-0.022787421941757202 | 1 | 1.0
-0.02315598912537098 | 0 | 1.0
-0.019628599286079407 | 1 | 1.0
-0.020009910687804222 | 0 | 1.0
-0.016493769362568855 | 1 | 1.0
-0.01688503846526146 | 0 | 1.0
-0.013377530500292778 | 1 | 1.0
-0.013776254840195179 | 0 | 1.0
-0.010275010019540787 | 1 | 1.0
-0.010678907856345177 | 0 | 1.0
-0.007181740365922451 | 1 | 1.0
-0.007588686887174845 | 0 | 1.0
-0.004093539901077747 | 1 | 1.0
-0.004501515533775091 | 0 | 1.0
-0.0010064077796414495 | 1 | 1.0
-0.001413443242199719 | 0 | 1.0
0.002083580708131194 | 1 | 1.0
0.0016794531838968396 | 0 | 1.0
0.005180371925234795 | 1 | 1.0
0.004781168419867754 | 0 | 1.0
0.008288033306598663 | 1 | 1.0
0.00789586827158928 | 0 | 1.0
0.011410851962864399 | 1 | 1.0
0.011027989909052849 | 0 | 1.0
0.014553440734744072 | 1 | 1.0
0.014182350598275661 | 0 | 1.0
0.017720844596624374 | 1 | 1.0
0.0173642598092556 | 0 | 1.0
0.020918667316436768 | 1 | 1.0
0.02057964913547039 | 0 | 1.0
0.02415318973362446 | 1 | 1.0
0.02383519895374775 | 0 | 1.0
0.02743152342736721 | 1 | 1.0
0.027138497680425644 | 0 | 1.0
0.030761761590838432 | 1 | 1.0
0.0304982028901577 | 0 | 1.0
0.034153155982494354 | 1 | 1.0
0.03392422944307327 | 0 | 1.0
0.0376163125038147 | 1 | 1.0
0.03742794692516327 | 0 | 1.0
0.04116338491439819 | 1 | 1.0
0.041022397577762604 | 0 | 1.0
0.04480832442641258 | 0 | 1.0
0.0447225347161293 | 1 | 1.0
0.04076921194791794 | 0 | 1.0
0.04074767604470253 | 1 | 1.0
0.03686079755425453 | 0 | 1.0
0.0369073823094368 | 1 | 1.0
0.03309179097414017 | 0 | 1.0
0.033211853355169296 | 1 | 1.0
0.02947394922375679 | 0 | 1.0
0.02967434749007225 | 0 | 1.0
0.026022128760814667 | 1 | 1.0
0.018522435799241066 | 0 | 1.0
0.014965767040848732 | 1 | 1.0
0.00756506621837616 | 0 | 1.0
0.0041092862375080585 | 0 | 1.0
Total reward: 61.0
-0.3, 0.5, 6.1, 3.8, 2.6, 1.9, -5.0, 5.2, 1.4, 3.9
parameter ends

state | action | reward
[-0.03] | 1 | 1.0
-0.03521772101521492 | 0 | 1.0
-0.03218268230557442 | 1 | 1.0
-0.033040449023246765 | 0 | 1.0
-0.02998531609773636 | 1 | 1.0
-0.03082151710987091 | 0 | 1.0
-0.027743421494960785 | 1 | 1.0
-0.028554895892739296 | 0 | 1.0
-0.0254504457116127 | 1 | 1.0
-0.026233460754156113 | 0 | 1.0
-0.023098666220903397 | 1 | 1.0
-0.023848839104175568 | 0 | 1.0
-0.020679030567407608 | 1 | 1.0
-0.021391231566667557 | 0 | 1.0
-0.018180979415774345 | 1 | 1.0
-0.01884923316538334 | 0 | 1.0
-0.0155922407284379 | 1 | 1.0
-0.016209617257118225 | 0 | 1.0
-0.012898625805974007 | 0 | 1.0
-0.013457120396196842 | 1 | 1.0
-0.017880748957395554 | 0 | 1.0
-0.01837104558944702 | 1 | 1.0
-0.02272404357790947 | 0 | 1.0
-0.023141926154494286 | 1 | 1.0
-0.027419038116931915 | 0 | 1.0
-0.02775873988866806 | 0 | 1.0
-0.03195308521389961 | 1 | 1.0
-0.03999748080968857 | 0 | 1.0
-0.0441003143787384 | 1 | 1.0
-0.05205060541629791 | 0 | 1.0
-0.056057728826999664 | 1 | 1.0
-0.06390830874443054 | 0 | 1.0
Total reward: 32.0
-0.3, 0.5, 6.1, 3.8, 2.6, 1.9, -5.0, 5.2, 1.4, 3.9
parameter ends

state | action | reward
[0.01] | 1 | 1.0
0.010558617301285267 | 0 | 1.0
0.013882285915315151 | 1 | 1.0
0.013298730365931988 | 0 | 1.0
0.016614386811852455 | 1 | 1.0
0.01602446287870407 | 0 | 1.0
0.01933542639017105 | 1 | 1.0
0.018742384389042854 | 0 | 1.0
0.022051818668842316 | 1 | 1.0
0.021458791568875313 | 0 | 1.0
0.02476978302001953 | 1 | 1.0
0.024179862812161446 | 0 | 1.0
0.027495497837662697 | 1 | 1.0
0.026911817491054535 | 0 | 1.0
0.030235258862376213 | 1 | 1.0
0.029661068692803383 | 0 | 1.0
0.03299563005566597 | 1 | 1.0
0.0324343703687191 | 0 | 1.0
0.03578360006213188 | 1 | 1.0
0.035238996148109436 | 0 | 1.0
0.03860674798488617 | 1 | 1.0
0.03808289021253586 | 0 | 1.0
0.04147343337535858 | 1 | 1.0
0.04097486659884453 | 0 | 1.0
0.04439295083284378 | 1 | 1.0
0.04392478987574577 | 0 | 1.0
0.04737576097249985 | 1 | 1.0
0.0469437837600708 | 0 | 1.0
0.0504336915910244 | 1 | 1.0
0.0500444732606411 | 0 | 1.0
0.05358017608523369 | 0 | 1.0
0.053241193294525146 | 1 | 1.0
0.04903145506978035 | 0 | 1.0
0.04875132441520691 | 1 | 1.0
0.04460225999355316 | 0 | 1.0
0.04438428953289986 | 1 | 1.0
0.04030008614063263 | 0 | 1.0
0.04014897719025612 | 1 | 1.0
0.03613528609275818 | 0 | 1.0
0.03605716675519943 | 0 | 1.0
0.032121140509843826 | 1 | 1.0
0.024331776425242424 | 0 | 1.0
0.020482327789068222 | 1 | 1.0
0.01278211735188961 | 0 | 1.0
0.00902348943054676 | 1 | 1.0
0.0014180138241499662 | 0 | 1.0
-0.002243707189336419 | 0 | 1.0
-0.00974696408957243 | 1 | 1.0
Total reward: 48.0
-0.3, 0.5, 6.1, 3.8, 2.6, 1.9, -5.0, 5.2, 1.4, 3.9
parameter ends

state | action | reward
[-0.03] | 1 | 1.0
-0.03214973956346512 | 0 | 1.0
-0.028224997222423553 | 1 | 1.0
-0.02820638008415699 | 0 | 1.0
-0.024287372827529907 | 1 | 1.0
-0.024272790178656578 | 0 | 1.0
-0.02035609446465969 | 1 | 1.0
-0.020342160016298294 | 0 | 1.0
-0.016424447298049927 | 1 | 1.0
-0.016407836228609085 | 0 | 1.0
-0.012485798448324203 | 1 | 1.0
-0.012463157996535301 | 0 | 1.0
-0.008533420972526073 | 1 | 1.0
-0.008501292206346989 | 0 | 1.0
-0.004560334607958794 | 1 | 1.0
-0.0045150634832680225 | 0 | 1.0
-0.00055913400137797 | 1 | 1.0
-0.0004967888235114515 | 0 | 1.0
0.0034781822469085455 | 1 | 1.0
0.0035619076807051897 | 0 | 1.0
0.007560398895293474 | 1 | 1.0
0.007670281920582056 | 0 | 1.0
0.011697277426719666 | 1 | 1.0
0.011838673613965511 | 0 | 1.0
0.015899769961833954 | 1 | 1.0
0.016078723594546318 | 0 | 1.0
0.02018023654818535 | 1 | 1.0
0.020403606817126274 | 0 | 1.0
0.024552682414650917 | 0 | 1.0
0.024828268215060234 | 1 | 1.0
0.021234463900327682 | 0 | 1.0
0.02157123200595379 | 1 | 1.0
0.01804068498313427 | 0 | 1.0
0.018442343920469284 | 1 | 1.0
0.014979684725403786 | 0 | 1.0
0.015451372601091862 | 1 | 1.0
0.012062734924256802 | 0 | 1.0
0.012611049227416515 | 0 | 1.0
0.009304113686084747 | 1 | 1.0
0.0021468214690685272 | 0 | 1.0
-0.0010689226910471916 | 1 | 1.0
-0.008131948299705982 | 0 | 1.0
-0.011251603253185749 | 1 | 1.0
-0.018214059993624687 | 0 | 1.0
Total reward: 44.0
-0.3, 0.5, 6.1, 3.8, 2.6, 1.9, -5.0, 5.2, 1.4, 3.9
parameter ends

state | action | reward
[0.01] | 1 | 1.0
0.005357468966394663 | 0 | 1.0
0.008289479650557041 | 1 | 1.0
0.007310695480555296 | 0 | 1.0
0.010227372869849205 | 1 | 1.0
0.009235127829015255 | 0 | 1.0
0.012140325270593166 | 1 | 1.0
0.011138330213725567 | 0 | 1.0
0.014035572297871113 | 1 | 1.0
0.013027248904109001 | 0 | 1.0
0.015919823199510574 | 1 | 1.0
0.014908388257026672 | 0 | 1.0
0.01779942400753498 | 1 | 1.0
0.016787979751825333 | 0 | 1.0
0.019680533558130264 | 1 | 1.0
0.018672140315175056 | 0 | 1.0
0.0215692650526762 | 1 | 1.0
0.020567022264003754 | 0 | 1.0
0.02347184531390667 | 1 | 1.0
0.022478966042399406 | 0 | 1.0
0.02539476752281189 | 1 | 1.0
0.024414658546447754 | 0 | 1.0
0.027344945818185806 | 1 | 1.0
0.02638128772377968 | 0 | 1.0
0.029329877346754074 | 1 | 1.0
0.028386715799570084 | 0 | 1.0
0.03135782107710838 | 1 | 1.0
0.030439652502536774 | 0 | 1.0
0.033437974750995636 | 1 | 1.0
0.03254985436797142 | 0 | 1.0
0.03558068349957466 | 1 | 1.0
0.03472832590341568 | 0 | 1.0
0.03779764845967293 | 1 | 1.0
0.0369875505566597 | 0 | 1.0
0.040102146565914154 | 0 | 1.0
0.03934171050786972 | 1 | 1.0
0.03471013531088829 | 0 | 1.0
0.034007880836725235 | 1 | 1.0
0.029436243698000908 | 0 | 1.0
0.028795382007956505 | 1 | 1.0
0.0242877546697855 | 0 | 1.0
0.023712866008281708 | 1 | 1.0
0.019274765625596046 | 0 | 1.0
0.01877184584736824 | 0 | 1.0
0.014410288073122501 | 1 | 1.0
0.006194569170475006 | 0 | 1.0
0.001918300986289978 | 1 | 1.0
-0.006209683138877153 | 0 | 1.0
-0.010396596044301987 | 1 | 1.0
-0.018431467935442924 | 0 | 1.0
-0.02252313122153282 | 0 | 1.0
-0.030457619577646255 | 1 | 1.0
-0.04222963750362396 | 0 | 1.0
Total reward: 53.0
-0.3, 0.5, 6.1, 3.8, 2.6, 1.9, -5.0, 5.2, 1.4, 3.9
parameter ends

state | action | reward
[0.04] | 1 | 1.0
0.040823813527822495 | 0 | 1.0
0.04456926882266998 | 1 | 1.0
0.044421955943107605 | 0 | 1.0
0.048187751322984695 | 1 | 1.0
0.04806262627243996 | 0 | 1.0
0.05185231938958168 | 1 | 1.0
0.05175324156880379 | 0 | 1.0
0.055570922791957855 | 1 | 1.0
0.05550234392285347 | 0 | 1.0
0.059352729469537735 | 1 | 1.0
0.05931979417800903 | 0 | 1.0
0.06320830434560776 | 1 | 1.0
0.06321694701910019 | 0 | 1.0
0.067149817943573 | 1 | 1.0
0.06720687448978424 | 0 | 1.0
0.07119126617908478 | 0 | 1.0
0.07130459696054459 | 1 | 1.0
0.06755108386278152 | 0 | 1.0
0.06772980839014053 | 1 | 1.0
0.06404395401477814 | 0 | 1.0
0.0642920434474945 | 1 | 1.0
0.06067879870533943 | 0 | 1.0
0.06100171059370041 | 1 | 1.0
0.05746760219335556 | 0 | 1.0
0.057872332632541656 | 0 | 1.0
0.05442551150918007 | 1 | 1.0
0.047132402658462524 | 0 | 1.0
0.043782904744148254 | 1 | 1.0
0.03659072145819664 | 0 | 1.0
Total reward: 30.0
-0.3, 0.5, 6.1, 3.8, 2.6, 1.9, -5.0, 5.2, 1.4, 3.9
parameter ends

state | action | reward
[0.03] | 1 | 1.0
0.03167233243584633 | 0 | 1.0
0.03599206358194351 | 1 | 1.0
0.036397967487573624 | 0 | 1.0
0.04069552198052406 | 1 | 1.0
0.041080448776483536 | 0 | 1.0
0.04535828158259392 | 1 | 1.0
0.04572443664073944 | 0 | 1.0
0.04998447746038437 | 1 | 1.0
0.05033358186483383 | 1 | 1.0
0.0545772947371006 | 0 | 1.0
0.06271501630544662 | 1 | 1.0
0.06694342941045761 | 0 | 1.0
0.07506973296403885 | 1 | 1.0
0.07929016649723053 | 0 | 1.0
0.08741211891174316 | 1 | 1.0
0.09163161367177963 | 0 | 1.0
0.09975608438253403 | 1 | 1.0
0.10398156940937042 | 0 | 1.0
0.11211540549993515 | 1 | 1.0
0.11635386943817139 | 0 | 1.0
0.12450406700372696 | 1 | 1.0
0.12876270711421967 | 0 | 1.0
0.13693653047084808 | 0 | 1.0
0.14122293889522552 | 1 | 1.0
0.14162534475326538 | 0 | 1.0
0.14594770967960358 | 1 | 1.0
0.1463872641324997 | 0 | 1.0
0.1507478803396225 | 1 | 1.0
0.15122738480567932 | 0 | 1.0
0.1556294858455658 | 1 | 1.0
0.15615271031856537 | 0 | 1.0
0.1606004238128662 | 1 | 1.0
0.16117215156555176 | 0 | 1.0
0.16567066311836243 | 1 | 1.0
0.16629676520824432 | 0 | 1.0
0.17085233330726624 | 0 | 1.0
0.17153985798358917 | 1 | 1.0
0.16836340725421906 | 0 | 1.0
0.16912080347537994 | 1 | 1.0
0.16601616144180298 | 0 | 1.0
0.1668468564748764 | 1 | 1.0
0.16381852328777313 | 0 | 1.0
0.16472755372524261 | 1 | 1.0
0.1617816537618637 | 0 | 1.0
0.16277563571929932 | 0 | 1.0
0.15992002189159393 | 1 | 1.0
0.1532200425863266 | 0 | 1.0
0.1504645198583603 | 1 | 1.0
0.14386813342571259 | 0 | 1.0
Total reward: 50.0
