-0.1, 4.0, -5.0, -4.0, -5.0, -3.0, -5.0, -6.0, 1.0, 0.0
parameter ends

state | action | reward
[-0.03] | [-7.51] | 9.166962505745074
-0.08320208754980521 | [10.87] | 9.280275048845146
-0.1420858999035965 | [3.41] | 9.305610751519671
-0.1048014903182374 | [0.5] | 9.311722741484258
0.004280823443399476 | [-1.6] | 9.186121598259955
0.08546341929515357 | [14.68] | 9.196653338921974
0.16513278046193458 | [8.97] | 8.96379224458484
0.34881805377378466 | [-10.28] | -1.116596531154081
Total reward: 63.294541698206835
-0.1, 4.0, -5.0, -4.0, -5.0, -3.0, -5.0, -6.0, 1.0, 0.0
parameter ends

state | action | reward
[-0.03] | [-8.24] | 9.169163840748377
-0.07592163076756402 | [10.09] | 9.270870328857873
-0.12873311920067967 | [3.9] | 9.289413931865516
-0.08551645873684788 | [3.05] | 9.26997444223512
0.05435410292658476 | [-3.78] | 9.214654173241996
0.19247480048367327 | [10.53] | 9.137253745067385
0.3303358061105786 | [-2.77] | 8.920980436993984
0.4685807731643005 | [16.52] | -1.3005879492908776
Total reward: 62.97172294971937
-0.1, 4.0, -5.0, -4.0, -5.0, -3.0, -5.0, -6.0, 1.0, 0.0
parameter ends

state | action | reward
[-0.07] | [-8.19] | 9.176270293381648
-0.12127261104514583 | [10.16] | 9.314329924367707
-0.17684970664978478 | [0.33] | 9.30415122044355
-0.16728098877461622 | [2.44] | 9.30891132196566
-0.0936147106049661 | [-2.99] | 9.197799071555162
-0.02276360550958307 | [13.27] | 9.209837151124905
0.04625472585904489 | [8.67] | 9.024286047464953
0.2186537104944748 | [-7.85] | -1.0679715103856566
Total reward: 63.467613519917926
-0.1, 4.0, -5.0, -4.0, -5.0, -3.0, -5.0, -6.0, 1.0, 0.0
parameter ends

state | action | reward
[-0.] | [-8.08] | 9.172446643641607
-0.05365845545034731 | [10.17] | 9.30038604317485
-0.10808114725541536 | [0.21] | 9.285133873012722
-0.10477003847130632 | [3.18] | 9.310594505733723
-0.045140413678911286 | [-0.7] | 9.240378561715072
0.02615220980487668 | [10.88] | 9.251453971354266
0.11033594646778844 | [7.81] | 9.102143639046211
0.29635333005803227 | [-7.66] | 9.044123205817197
0.482386021579046 | [5.72] | -1.4079525866569877
Total reward: 72.29870785683867
-0.1, 4.0, -5.0, -4.0, -5.0, -3.0, -5.0, -6.0, 1.0, 0.0
parameter ends

state | action | reward
[0.09] | [-10.09] | 9.19982592879236
0.04370850525843373 | [8.07] | 9.341420770464461
-0.0006918285549523818 | [-4.49] | 9.132115869135028
-0.046078897156182616 | [12.76] | 9.185893415379113
-0.09373666510332763 | [11.38] | 9.145890950831882
-0.04513133991458773 | [15.74] | 9.06900484699673
0.10052884012056913 | [13.84] | -1.3365422605263282
Total reward: 53.73760952107325
-0.1, 4.0, -5.0, -4.0, -5.0, -3.0, -5.0, -6.0, 1.0, 0.0
parameter ends

state | action | reward
[0.02] | [-8.99] | 9.172000830357218
-0.029488143490830773 | [9.41] | 9.28868915709902
-0.07952518167828061 | [1.29] | 9.311226260185068
-0.032915087065679104 | [-2.47] | 9.187809329921688
0.009841786717984042 | [11.81] | 9.191201450818342
0.04913577916208037 | [13.55] | 9.154869256145057
0.18492965326374192 | [13.21] | 8.926185122952964
0.4225210018503208 | [-5.68] | -1.177661526818676
Total reward: 63.05431988066068
-0.1, 4.0, -5.0, -4.0, -5.0, -3.0, -5.0, -6.0, 1.0, 0.0
parameter ends

state | action | reward
[-0.04] | [-10.29] | 9.211070761657318
-0.09045010495894583 | [7.09] | 9.349459912327205
-0.13867228299252415 | [-6.32] | 9.154466098075277
-0.18805583613540688 | [10.91] | 9.212361714220442
-0.2399971744827373 | [8.78] | 9.19025198620687
-0.19726673463450534 | [13.14] | 9.154915023132649
-0.05979641490300624 | [13.68] | 8.932094948550603
0.17887497781590678 | [-5.21] | -1.155321069501618
Total reward: 63.04929937466874
-0.1, 4.0, -5.0, -4.0, -5.0, -3.0, -5.0, -6.0, 1.0, 0.0
parameter ends

state | action | reward
[-0.05] | [-8.38] | 9.18171539902803
-0.10489934046684955 | [10.14] | 9.304514978114183
-0.16236611748247487 | [1.55] | 9.319289931035515
-0.1215419861141033 | [-3.68] | 9.206680636695912
-0.08410500455585593 | [12.28] | 9.230546758312736
-0.04955600900497783 | [10.93] | 9.176298164344805
0.08479650491889576 | [4.28] | 8.655127497147415
0.32336656843348627 | [-26.77] | -1.2970137877479675
Total reward: 62.777159576930636
-0.1, 4.0, -5.0, -4.0, -5.0, -3.0, -5.0, -6.0, 1.0, 0.0
parameter ends

state | action | reward
[0.01] | [-8.17] | 9.175686523917014
-0.04676417826827439 | [10.29] | 9.28217995528507
-0.10504280592663238 | [3.56] | 9.301172713603853
-0.06651073012163136 | [1.55] | 9.255445276696634
0.06986979634838965 | [-7.73] | 9.247043931329733
0.20491035699893445 | [7.66] | 9.12441105699435
0.33996156004085354 | [-9.57] | 9.0055724381953
0.4760045342580902 | [9.95] | -1.2932684726849417
Total reward: 63.09824342333701
-0.1, 4.0, -5.0, -4.0, -5.0, -3.0, -5.0, -6.0, 1.0, 0.0
parameter ends

state | action | reward
[-0.09] | [-8.36] | 9.200169585797287
-0.14643094833579853 | [9.59] | 9.338518678670521
-0.20790538786115803 | [-2.29] | 9.12815574161362
-0.27085062124155573 | [13.53] | 9.153339665531425
-0.33646109602766694 | [13.83] | 9.090241300274146
-0.3088588758328887 | [20.93] | 9.004352896117544
-0.18815084353904984 | [25.48] | -1.1881618506746308
Total reward: 53.72661601732991
-0.1, 4.0, -5.0, -4.0, -5.0, -3.0, -5.0, -6.0, 1.0, 0.0
parameter ends

state | action | reward
[-0.08] | [-6.49] | 9.169211128798022
-0.13370666580212592 | [11.83] | 9.316621032355526
-0.18993557775224212 | [1.8] | 9.320337147358076
-0.1459639041653946 | [-5.94] | 9.227860537252912
-0.10466274473633419 | [11.81] | 9.266040373982904
-0.06532493878125878 | [5.87] | 9.118552954594868
0.07716298643249342 | [-9.43] | 9.074241944125058
0.21972389543848272 | [7.15] | -1.2825960685171736
Total reward: 63.21026904995019
-0.1, 4.0, -5.0, -4.0, -5.0, -3.0, -5.0, -6.0, 1.0, 0.0
parameter ends

state | action | reward
[0.08] | [-7.81] | 9.16560233508237
0.03091165954108817 | [10.57] | 9.279292583467049
-0.02196343307992607 | [3.1] | 9.305006599050516
0.021281770635226398 | [0.21] | 9.310171305221944
0.12145492288633455 | [2.09] | 9.211292186216735
0.28230137457067983 | [-11.52] | 9.22281502891441
0.44272938315608673 | [4.5] | 8.973840846853921
0.6029373473782039 | [-17.53] | -1.0977982307995746
Total reward: 63.37022265400737
-0.1, 4.0, -5.0, -4.0, -5.0, -3.0, -5.0, -6.0, 1.0, 0.0
parameter ends

state | action | reward
[0.09] | [-7.91] | 9.175033778782383
0.02708275562662598 | [10.51] | 9.278418486347032
-0.040249817985374456 | [4.06] | 9.296041955932692
-0.010973737699075357 | [2.66] | 9.262367107192407
0.11567606818823149 | [-5.39] | 9.231168767603275
0.2407801384943807 | [9.62] | 9.133396690106473
0.3657805225530498 | [-5.75] | 8.966146457472433
0.4915030332237097 | [14.05] | -1.2887856603937373
Total reward: 63.05378758304297
-0.1, 4.0, -5.0, -4.0, -5.0, -3.0, -5.0, -6.0, 1.0, 0.0
parameter ends

state | action | reward
[-0.03] | [-8.39] | 9.16837487524976
-0.08033020600619768 | [9.9] | 9.294069404405867
-0.1373356224788997 | [0.22] | 9.274274845191746
-0.13669438633945222 | [3.41] | 9.300979337251508
-0.0802123025398228 | [0.94] | 9.26835438055981
0.07053279416228608 | [-8.3] | 9.268259181167723
0.21699436861538696 | [7.01] | 9.159764627440966
0.36341900289509527 | [-10.12] | 9.051732309252131
0.5107403026185686 | [9.07] | -1.2239998693997347
Total reward: 72.56180909111978
-0.1, 4.0, -5.0, -4.0, -5.0, -3.0, -5.0, -6.0, 1.0, 0.0
parameter ends

state | action | reward
[-0.05] | [-10.02] | 9.174769212787256
-0.0949981894652405 | [8.09] | 9.301851167865593
-0.1438959707813396 | [-2.95] | 9.092253634083054
-0.19445486840939277 | [10.42] | 9.05691864805526
-0.2475794355271301 | [12.83] | 8.930017862202366
-0.21238430925228954 | [23.34] | -1.2523961561425425
Total reward: 44.30341436885099
-0.1, 4.0, -5.0, -4.0, -5.0, -3.0, -5.0, -6.0, 1.0, 0.0
parameter ends

state | action | reward
[0.08] | [-8.81] | 9.171172603639203
0.014741649470165149 | [10.41] | 9.313804753941994
-0.04824309398968067 | [0.05] | 9.272587843667775
-0.05811267842590934 | [5.57] | 9.266830348376939
-0.015791663273598936 | [0.1] | 9.216555220168914
0.08268318372265383 | [0.73] | 8.976532647522195
0.22484620673543035 | [-15.99] | -1.0397143379325116
Total reward: 54.177769079384504
-0.1, 4.0, -5.0, -4.0, -5.0, -3.0, -5.0, -6.0, 1.0, 0.0
parameter ends

state | action | reward
[-0.09] | [-7.07] | 9.168093576769587
-0.14274968503151775 | [11.45] | 9.283030279858693
-0.1981867508063785 | [4.5] | 9.302701955303156
-0.15627501982918762 | [1.98] | 9.236662031620261
-0.015601202749743817 | [-8.82] | 9.24099065735133
0.12412401584186467 | [6.66] | 9.064781342878725
0.26392908275009225 | [-12.98] | 8.983000938556906
0.4048741197509468 | [5.39] | -1.4043122233557108
Total reward: 62.87494855898296
-0.1, 4.0, -5.0, -4.0, -5.0, -3.0, -5.0, -6.0, 1.0, 0.0
parameter ends

state | action | reward
[0.07] | [-9.17] | 9.186038000858598
0.008107586993434883 | [9.12] | 9.314303051175935
-0.053049093079741684 | [-0.99] | 9.105397874763353
-0.11507293453184744 | [11.95] | 9.072828700576135
-0.178961416254337 | [14.88] | 8.943787300434979
-0.1529089187969513 | [25.4] | -1.2400833001845637
Total reward: 44.382271627624434
-0.1, 4.0, -5.0, -4.0, -5.0, -3.0, -5.0, -6.0, 1.0, 0.0
parameter ends

state | action | reward
[-0.01] | [-8.86] | 9.194067962043295
-0.06930737976309581 | [9.11] | 9.327200416006832
-0.13233246710143745 | [-2.45] | 9.119424506266503
-0.19698789174117423 | [12.32] | 9.12002598494473
-0.264382846611537 | [13.55] | 9.033252908789406
-0.2409549637228213 | [22.4] | 8.915206038501527
-0.12775823789353227 | [31.35] | -1.2468132697530447
Total reward: 53.46236454679925
-0.1, 4.0, -5.0, -4.0, -5.0, -3.0, -5.0, -6.0, 1.0, 0.0
parameter ends

state | action | reward
[-0.09] | [-9.8] | 9.194752301999447
-0.14165348798809002 | [8.05] | 9.324324111779195
-0.19823683939467415 | [-3.98] | 9.120636088220547
-0.25651145682316057 | [10.99] | 9.122616243046616
-0.3176123183731173 | [11.77] | 9.0427323727058
-0.28862904413536933 | [20.43] | 8.93501923450143
-0.17091854713027216 | [29.94] | -1.2043601484479443
Total reward: 53.53572020380509
