-1.7, 2.2, -1.1, 1.7, -1.1, 6.0, 6.0, -0.5, 0.1, -2.9, -3.3, 2.9, -3.3, -1.0, 6.0, -1.6, 2.5, -0.5
parameter ends

state | action | reward
[2.] | 2 | -0.5
2.4232673304478 | 2 | -0.5
3.126415734643829 | 2 | -0.5
7.550474647611397 | 2 | -0.5
7.262431952696528 | 2 | -0.5
7.311107988607923 | 2 | -0.5
4.929024004095273 | 2 | -0.5
3.4094421421973324 | 2 | -0.5
2.707351109631532 | 2 | -0.5
2.2857634335860015 | 2 | -0.5
2.042552345642393 | 2 | -0.5
1.8977839434175015 | 0 | 5.0
2.019096406481972 | 0 | 5.0
2.043502223837602 | 0 | 5.0
2.119208091131994 | 2 | -0.5
2.059780298069616 | 0 | 5.0
2.046730366491141 | 0 | 5.0
2.103973160771047 | 0 | 5.0
2.105758604348418 | 0 | 5.0
2.161842774098296 | 0 | 5.0
2.1617094024210863 | 0 | 5.0
2.193934109878499 | 0 | 5.0
2.268624702179847 | 2 | -0.5
2.226122870250787 | 0 | 5.0
2.2338088719052243 | 2 | -0.5
2.258598887062715 | 2 | -0.5
2.4570289955499685 | 2 | -0.5
2.8368370691419647 | 2 | -0.5
3.291230183919567 | 2 | -0.5
4.433074703898397 | 2 | -0.5
7.146937252724052 | 2 | -0.5
6.969833156912426 | 2 | -0.5
6.915750759716155 | 2 | -0.5
3.736420721066349 | 2 | -0.5
2.2181051544570387 | 2 | -0.5
1.778835181232979 | 2 | -0.5
1.4568917559346184 | 2 | -0.5
1.2749760722188568 | 2 | -0.5
1.195472795963494 | 2 | -0.5
1.1824842914567109 | 2 | -0.5
1.175546685905101 | 2 | -0.5
1.2628356691313103 | 2 | -0.5
1.334102187579664 | 2 | -0.5
1.4464985673006747 | 2 | -0.5
1.6718799598555893 | 2 | -0.5
2.0910160872928127 | 2 | -0.5
5.453006804103122 | 2 | -0.5
5.147526762411168 | 2 | -0.5
5.095813112903035 | 2 | -0.5
5.248883971847276 | 2 | -0.5
5.510449116064233 | 2 | -0.5
3.9186687517369565 | 2 | -0.5
3.2021309463101315 | 2 | -0.5
2.7823251175523156 | 2 | -0.5
2.4481346385188782 | 2 | -0.5
2.347080312878445 | 2 | -0.5
2.288367563190472 | 0 | 5.0
2.308346884999562 | 2 | -0.5
2.3932048705077524 | 2 | -0.5
2.5481481271435156 | 2 | -0.5
2.8737618650627015 | 2 | -0.5
3.492962193482187 | 2 | -0.5
7.894371264917073 | 2 | -0.5
7.305706355387189 | 2 | -0.5
7.029432255533722 | 2 | -0.5
7.007150260263981 | 2 | -0.5
3.5286526997289887 | 2 | -0.5
2.293626942154046 | 2 | -0.5
1.7216107285943227 | 2 | -0.5
1.4369774443310026 | 2 | -0.5
1.265418631049638 | 2 | -0.5
1.15919073183528 | 2 | -0.5
1.1344544325431536 | 2 | -0.5
1.1584500813665284 | 2 | -0.5
1.1537965753067572 | 2 | -0.5
1.2137010626210227 | 2 | -0.5
1.3916863989318653 | 2 | -0.5
1.688594273049743 | 2 | -0.5
2.129069292029913 | 2 | -0.5
5.190584470774841 | 2 | -0.5
4.9933439750959305 | 2 | -0.5
4.91480308236193 | 2 | -0.5
5.071509592682341 | 2 | -0.5
4.783110471828335 | 2 | -0.5
3.4761688963551474 | 2 | -0.5
2.900355453557238 | 2 | -0.5
2.638219153979574 | 2 | -0.5
2.383274507068326 | 2 | -0.5
2.241481169180959 | 2 | -0.5
2.2762677629572954 | 2 | -0.5
2.3579585947866857 | 2 | -0.5
2.558725526295602 | 2 | -0.5
2.8583414828898177 | 2 | -0.5
3.382439843236929 | 2 | -0.5
4.408050635316831 | 2 | -0.5
7.337691125834976 | 2 | -0.5
6.96361090160992 | 2 | -0.5
6.921381685790139 | 2 | -0.5
3.340683379854561 | 2 | -0.5
2.22125727752403 | 2 | -0.5
1.6117980371197256 | 2 | -0.5
1.284531737917839 | 2 | -0.5
1.1494274857374225 | 2 | -0.5
1.0982079235993771 | 2 | -0.5
1.1418302005181755 | 2 | -0.5
1.1594223009228521 | 2 | -0.5
1.2168488491251117 | 2 | -0.5
1.3921074153651183 | 2 | -0.5
1.5893178257597522 | 2 | -0.5
2.0111858655820463 | 2 | -0.5
5.359160437954382 | 2 | -0.5
5.097289184898952 | 2 | -0.5
5.043403584227042 | 2 | -0.5
5.170512022937696 | 2 | -0.5
4.6419139427648775 | 2 | -0.5
3.4478655670927503 | 2 | -0.5
2.888794233281634 | 2 | -0.5
2.503078756862586 | 2 | -0.5
2.3363297976428727 | 2 | -0.5
2.2409294651484437 | 2 | -0.5
2.2869164736538456 | 2 | -0.5
2.2987063662157827 | 2 | -0.5
2.4827945711856385 | 2 | -0.5
2.789363103070813 | 2 | -0.5
3.3121878831025535 | 2 | -0.5
4.297573661950322 | 2 | -0.5
7.317873767765153 | 2 | -0.5
6.938230486358684 | 2 | -0.5
6.879511043633816 | 2 | -0.5
4.313210002880572 | 2 | -0.5
2.432165759362233 | 2 | -0.5
1.866002995623747 | 2 | -0.5
1.5213941329668164 | 2 | -0.5
1.3887618197013079 | 2 | -0.5
1.2811807955915546 | 0 | 5.0
1.3400382747470991 | 2 | -0.5
1.3221866209761997 | 2 | -0.5
1.3328718932719688 | 2 | -0.5
1.3178180144097165 | 2 | -0.5
1.4857170720296085 | 2 | -0.5
1.730606644701018 | 2 | -0.5
2.1259932416164307 | 2 | -0.5
5.671567814702445 | 2 | -0.5
5.360286295538321 | 2 | -0.5
5.158698542096112 | 2 | -0.5
5.235392966379875 | 2 | -0.5
5.435929089701163 | 2 | -0.5
4.135544884179273 | 2 | -0.5
3.0389878948538724 | 2 | -0.5
2.5585373712108184 | 2 | -0.5
2.3406240569970085 | 2 | -0.5
2.1572405572003035 | 2 | -0.5
2.108003549830598 | 2 | -0.5
2.076282684272609 | 2 | -0.5
2.1986246527014583 | 2 | -0.5
2.40576747640747 | 2 | -0.5
2.7211120066236902 | 2 | -0.5
3.226849148148133 | 2 | -0.5
7.564395302250586 | 2 | -0.5
7.073326842513113 | 2 | -0.5
6.860939092987517 | 2 | -0.5
6.879994197480601 | 2 | -0.5
3.9427815086264832 | 2 | -0.5
2.6045426833145853 | 2 | -0.5
2.052394447738164 | 2 | -0.5
1.696880752155234 | 2 | -0.5
1.4877896788773657 | 2 | -0.5
1.4353630371972432 | 0 | 5.0
1.4876649398047583 | 0 | 5.0
1.5195529916479915 | 2 | -0.5
1.505204949076176 | 2 | -0.5
1.5325181139316268 | 2 | -0.5
1.626016830418359 | 2 | -0.5
1.785099046425021 | 2 | -0.5
2.0435912134433707 | 2 | -0.5
2.4363612736682967 | 2 | -0.5
6.020529389244741 | 2 | -0.5
5.710729915652496 | 2 | -0.5
5.4936431514941395 | 2 | -0.5
5.523394613546825 | 2 | -0.5
5.753196284354778 | 2 | -0.5
3.623531530556068 | 2 | -0.5
2.806509627411352 | 2 | -0.5
2.318684835532854 | 2 | -0.5
2.0581582663583915 | 2 | -0.5
1.9189880367105843 | 2 | -0.5
1.8756781428533722 | 2 | -0.5
1.915316868049137 | 2 | -0.5
2.024892856639071 | 2 | -0.5
2.23363034888942 | 2 | -0.5
2.611574871672894 | 2 | -0.5
3.1480678521675802 | 2 | -0.5
6.935222570051177 | 2 | -0.5
6.470643456657238 | 2 | -0.5
6.32604556845206 | 2 | -0.5
6.4381982512797995 | 2 | -0.5
3.892575883025253 | 2 | -0.5
2.624782851723873 | 2 | -0.5
2.0640047818393934 | 2 | -0.5
1.8549985835016358 | 2 | -0.5
1.655595876329937 | 2 | -0.5
1.539216252042773 | 2 | -0.5
1.4958341575779137 | 2 | -0.5
1.501777859720059 | 2 | -0.5
1.593912835600321 | 2 | -0.5
1.7597525835240682 | 2 | -0.5
2.018456895494055 | 2 | -0.5
2.4435433015361956 | 2 | -0.5
6.020684317069844 | 2 | -0.5
5.618537350024539 | 2 | -0.5
5.449909815221584 | 2 | -0.5
5.495521803097713 | 2 | -0.5
4.704968438379627 | 2 | -0.5
3.2610094147310478 | 2 | -0.5
2.5733803355953495 | 2 | -0.5
2.1423689064816096 | 2 | -0.5
1.915803394560499 | 2 | -0.5
1.8343694203577994 | 2 | -0.5
1.852461451011336 | 2 | -0.5
1.8706791426345686 | 2 | -0.5
2.0166477359426915 | 2 | -0.5
2.285459739247441 | 2 | -0.5
2.6428610848485543 | 2 | -0.5
3.470488092717239 | 2 | -0.5
6.785931350089826 | 2 | -0.5
6.486617843684932 | 2 | -0.5
6.514324343188557 | 2 | -0.5
4.560432853461891 | 2 | -0.5
3.2981608821313326 | 2 | -0.5
2.46315842952347 | 2 | -0.5
2.002930339832268 | 2 | -0.5
1.78452074848945 | 2 | -0.5
1.6415942990665489 | 0 | 5.0
1.73470979557166 | 2 | -0.5
1.6718684065063787 | 0 | 5.0
1.6503227644480671 | 2 | -0.5
1.6805337789461632 | 2 | -0.5
1.767870247976977 | 2 | -0.5
1.932076892587628 | 2 | -0.5
2.225238604541362 | 2 | -0.5
2.61441365753686 | 2 | -0.5
6.357810739517096 | 2 | -0.5
5.950021752074524 | 2 | -0.5
5.75563750689237 | 2 | -0.5
5.835641277381499 | 2 | -0.5
4.024472044347535 | 2 | -0.5
2.815835870786675 | 2 | -0.5
2.28729316618541 | 2 | -0.5
2.0483309515636114 | 2 | -0.5
1.8559227774669382 | 2 | -0.5
1.7181954797776553 | 2 | -0.5
1.6549163745912108 | 2 | -0.5
1.674507859611832 | 2 | -0.5
1.764514585059231 | 2 | -0.5
1.8717373206897963 | 2 | -0.5
2.2373784209731125 | 2 | -0.5
2.8195012727009905 | 2 | -0.5
6.684333330945328 | 2 | -0.5
6.230847307980731 | 2 | -0.5
6.0951523185368774 | 2 | -0.5
6.17470548167381 | 2 | -0.5
4.199134124038144 | 2 | -0.5
3.130036697094158 | 2 | -0.5
2.4780275659061606 | 2 | -0.5
2.07229293205796 | 2 | -0.5
1.9098589665515708 | 2 | -0.5
1.8629728395858918 | 2 | -0.5
1.8083281514537328 | 2 | -0.5
1.8414210427115993 | 2 | -0.5
1.9773078956822674 | 2 | -0.5
2.1770931766328054 | 2 | -0.5
2.6445861852592003 | 2 | -0.5
3.2666458505041422 | 2 | -0.5
6.409748484926701 | 2 | -0.5
6.065317786537951 | 2 | -0.5
5.988663383618488 | 2 | -0.5
6.101274521674034 | 2 | -0.5
4.0087063422225135 | 2 | -0.5
2.6904907335324224 | 2 | -0.5
2.1038675187094746 | 2 | -0.5
1.8195214359239242 | 2 | -0.5
1.647442654982858 | 2 | -0.5
1.5654671184254403 | 2 | -0.5
1.5541354362837083 | 2 | -0.5
1.5833774498716726 | 2 | -0.5
1.7036158110223591 | 2 | -0.5
1.8492104593449747 | 2 | -0.5
2.138064999673135 | 2 | -0.5
2.8459536886529606 | 2 | -0.5
6.175169421383493 | 2 | -0.5
5.905988044196762 | 2 | -0.5
5.91281509838345 | 2 | -0.5
6.024353522192107 | 2 | -0.5
4.189169440354387 | 2 | -0.5
3.1242024668542716 | 2 | -0.5
2.462670561366808 | 2 | -0.5
2.2682294473740474 | 2 | -0.5
2.035155123331011 | 2 | -0.5
1.9273563572014627 | 2 | -0.5
1.8863771052274363 | 0 | 5.0
1.8838733528292806 | 2 | -0.5
2.0038077012817506 | 2 | -0.5
2.1274615060924615 | 2 | -0.5
2.39008826629648 | 2 | -0.5
2.9202303902821263 | 2 | -0.5
6.880671622806241 | 2 | -0.5
6.4258987351828925 | 2 | -0.5
6.238257167632991 | 2 | -0.5
6.286834713670575 | 2 | -0.5
4.010163746142773 | 2 | -0.5
2.6780068511803057 | 2 | -0.5
2.046756158018057 | 2 | -0.5
1.7076899815947508 | 2 | -0.5
1.5688839825166347 | 2 | -0.5
1.4777551579216253 | 2 | -0.5
1.4844645319121892 | 2 | -0.5
1.5276412826772108 | 2 | -0.5
1.5810245221027828 | 2 | -0.5
1.7284875939192725 | 2 | -0.5
2.0237205265950715 | 2 | -0.5
2.6292981854543926 | 2 | -0.5
6.019154707241336 | 2 | -0.5
5.765746126221728 | 2 | -0.5
5.669281325123297 | 2 | -0.5
5.811716882725471 | 2 | -0.5
4.988220492117694 | 2 | -0.5
3.442282376214098 | 2 | -0.5
2.7981105003819993 | 2 | -0.5
2.407515634240026 | 2 | -0.5
2.259916136850453 | 2 | -0.5
2.1301209908788072 | 2 | -0.5
2.0990045727461872 | 0 | 5.0
2.053379404485064 | 0 | 5.0
2.1203254227878063 | 2 | -0.5
2.0890270551238093 | 2 | -0.5
2.1897233182917075 | 2 | -0.5
2.4114779591036286 | 2 | -0.5
2.8420457679729214 | 2 | -0.5
3.2453845844524207 | 2 | -0.5
7.349261956897437 | 2 | -0.5
6.8668032337376035 | 2 | -0.5
6.739630655284753 | 2 | -0.5
5.354115980149981 | 2 | -0.5
2.826767470994317 | 2 | -0.5
2.0218860141055544 | 2 | -0.5
1.6380143339560536 | 2 | -0.5
1.418222129156917 | 2 | -0.5
1.3741846396944417 | 2 | -0.5
1.299900592378593 | 2 | -0.5
1.2594848044847473 | 2 | -0.5
1.3216739071851675 | 2 | -0.5
1.4442988370361554 | 2 | -0.5
1.6533510300814367 | 2 | -0.5
2.0895492622297653 | 2 | -0.5
5.760024685148628 | 2 | -0.5
5.381896870291452 | 2 | -0.5
5.2204733121594655 | 2 | -0.5
5.292033767879961 | 2 | -0.5
5.533154325710547 | 2 | -0.5
3.8846357255761172 | 2 | -0.5
3.1057987391871884 | 2 | -0.5
2.50903735894741 | 2 | -0.5
2.236500132798288 | 2 | -0.5
2.185857965878371 | 2 | -0.5
2.081287562246076 | 2 | -0.5
2.136400127776558 | 2 | -0.5
2.2389239668661114 | 2 | -0.5
2.4261873179507765 | 2 | -0.5
2.793204411721301 | 2 | -0.5
3.6694477083405066 | 2 | -0.5
7.142857284728887 | 2 | -0.5
6.687328888212843 | 2 | -0.5
6.591665217573529 | 2 | -0.5
5.089730144259759 | 2 | -0.5
2.863387052504379 | 2 | -0.5
2.0888633452061844 | 2 | -0.5
1.696942827859646 | 2 | -0.5
1.4630565124657644 | 2 | -0.5
1.3460147312175843 | 2 | -0.5
1.2944495380383798 | 2 | -0.5
1.2436881173954704 | 2 | -0.5
1.3407921530755178 | 2 | -0.5
1.4010359335082276 | 2 | -0.5
1.5615754901263532 | 2 | -0.5
1.86424522199087 | 2 | -0.5
2.314357970921975 | 2 | -0.5
5.624232968188726 | 2 | -0.5
5.333862065733961 | 2 | -0.5
5.302712949429996 | 2 | -0.5
5.425695608440969 | 2 | -0.5
5.083607443531934 | 2 | -0.5
3.790307927583768 | 2 | -0.5
2.9240173235395512 | 2 | -0.5
2.5625168379960934 | 2 | -0.5
2.312609423004193 | 2 | -0.5
2.211760296420054 | 2 | -0.5
2.1567648026044806 | 0 | 5.0
2.1547819094373675 | 2 | -0.5
2.2281755780727366 | 2 | -0.5
2.313643195646174 | 2 | -0.5
2.558935938287806 | 2 | -0.5
2.885464781736541 | 2 | -0.5
3.5989532151626773 | 2 | -0.5
7.5725810515654555 | 2 | -0.5
6.9501699647883814 | 2 | -0.5
6.806393689187939 | 2 | -0.5
6.8307710806367545 | 2 | -0.5
2.9506018916483865 | 2 | -0.5
2.0475007296918806 | 2 | -0.5
1.67627612494466 | 2 | -0.5
1.4684884342905835 | 2 | -0.5
1.3378756602483908 | 2 | -0.5
1.2598847873498067 | 2 | -0.5
1.2859454541641917 | 2 | -0.5
1.2392181444119261 | 2 | -0.5
1.2978476986431287 | 2 | -0.5
1.4135971717345877 | 2 | -0.5
1.5873315440829718 | 2 | -0.5
1.9860336129260958 | 2 | -0.5
5.741271112033958 | 2 | -0.5
5.30949125757072 | 2 | -0.5
5.165492906327753 | 2 | -0.5
5.179318817856477 | 2 | -0.5
5.364063038016138 | 2 | -0.5
4.2402828927765555 | 2 | -0.5
3.135257636335791 | 2 | -0.5
2.664913350300317 | 2 | -0.5
2.3365813522323435 | 2 | -0.5
2.1693913854678866 | 2 | -0.5
2.1430220871461354 | 2 | -0.5
2.104609607756554 | 2 | -0.5
2.2176911542074444 | 2 | -0.5
2.4263196533886697 | 2 | -0.5
2.9082325722667903 | 2 | -0.5
3.8333676812762856 | 2 | -0.5
7.064115963228707 | 2 | -0.5
6.754630480953239 | 2 | -0.5
6.719999220436866 | 2 | -0.5
5.406127466673019 | 2 | -0.5
2.999786767384476 | 2 | -0.5
2.1470287546232023 | 2 | -0.5
1.7892775105989205 | 2 | -0.5
1.544366346387847 | 2 | -0.5
1.448518061182444 | 2 | -0.5
1.3927100462324333 | 2 | -0.5
1.3394231612183876 | 2 | -0.5
1.3729250565984958 | 2 | -0.5
1.5119437207929787 | 2 | -0.5
1.6600510675062965 | 2 | -0.5
1.8914717038217703 | 2 | -0.5
2.4446930187644624 | 2 | -0.5
5.582409153621136 | 2 | -0.5
5.360408057633649 | 2 | -0.5
5.2846374542405306 | 2 | -0.5
5.501454730606947 | 2 | -0.5
4.34836923935703 | 2 | -0.5
3.2665020041867927 | 2 | -0.5
2.743364239282843 | 2 | -0.5
2.406949118516158 | 2 | -0.5
2.279370650414811 | 2 | -0.5
2.1375963387591193 | 2 | -0.5
2.181780258839168 | 2 | -0.5
2.2329794183516785 | 2 | -0.5
2.4360957030209245 | 2 | -0.5
2.795713924366052 | 2 | -0.5
3.3616968068067163 | 2 | -0.5
7.474373244650266 | 2 | -0.5
6.938826227828322 | 2 | -0.5
6.6570204957212695 | 2 | -0.5
6.577066024622289 | 2 | -0.5
5.362752643366712 | 2 | -0.5
2.9814694487501376 | 2 | -0.5
2.179600076864969 | 2 | -0.5
1.771349900017376 | 2 | -0.5
1.5357560283334795 | 2 | -0.5
1.4111867196619614 | 2 | -0.5
1.3695542930438782 | 2 | -0.5
1.3302556456825494 | 2 | -0.5
1.3306019980039427 | 2 | -0.5
1.4140854507061906 | 2 | -0.5
1.5627962299385691 | 2 | -0.5
1.8111343341048374 | 2 | -0.5
2.342876293788312 | 2 | -0.5
5.761035471446464 | 2 | -0.5
5.4006313321500015 | 2 | -0.5
5.264607196564482 | 2 | -0.5
5.330147000424664 | 2 | -0.5
5.593721040836614 | 2 | -0.5
3.9638393312301328 | 2 | -0.5
3.0414144366969738 | 2 | -0.5
2.547532294072783 | 2 | -0.5
2.276436149163483 | 2 | -0.5
2.162880761196359 | 2 | -0.5
2.1514814259752697 | 2 | -0.5
2.1841132653381115 | 2 | -0.5
2.2979600589652334 | 2 | -0.5
2.625319922775833 | 2 | -0.5
3.0932516486964707 | 2 | -0.5
4.047440577859609 | 2 | -0.5
6.946686224220264 | 2 | -0.5
6.6557561653195885 | 2 | -0.5
6.642523847245038 | 2 | -0.5
4.430310139233471 | 2 | -0.5
2.4433481190688657 | 2 | -0.5
1.8678544479445955 | 2 | -0.5
1.5116648116799012 | 2 | -0.5
1.3318545911783868 | 2 | -0.5
1.255426581248192 | 2 | -0.5
1.2053509340758453 | 2 | -0.5
1.248594915227911 | 2 | -0.5
1.2509238842838686 | 2 | -0.5
1.3756048508976797 | 2 | -0.5
1.515986114945076 | 2 | -0.5
1.8523374352809727 | 2 | -0.5
5.774160497123604 | 2 | -0.5
5.348357174853977 | 2 | -0.5
5.1578395188154875 | 2 | -0.5
5.244400348234523 | 2 | -0.5
5.278974036729752 | 2 | -0.5
3.6290541779635257 | 2 | -0.5
2.8620963165137163 | 2 | -0.5
2.535835871894086 | 2 | -0.5
2.2846633275217743 | 2 | -0.5
2.1986080748712196 | 2 | -0.5
2.2177490505187607 | 0 | 5.0
2.1999135809277885 | 2 | -0.5
2.291155357788918 | 2 | -0.5
2.371097920203064 | 2 | -0.5
2.6308442745659906 | 2 | -0.5
3.0759231212458493 | 2 | -0.5
3.769285560584731 | 2 | -0.5
7.486824216453736 | 2 | -0.5
7.03959169185098 | 2 | -0.5
6.968601044609716 | 2 | -0.5
4.499234443133463 | 2 | -0.5
2.6243541621546296 | 2 | -0.5
1.8925965474938564 | 2 | -0.5
1.617826321740719 | 2 | -0.5
1.4408221694390444 | 2 | -0.5
1.3020452451788083 | 2 | -0.5
1.2563337465662316 | 0 | 5.0
1.2342553936044587 | 2 | -0.5
1.2848842568940984 | 2 | -0.5
1.2831753827989998 | 2 | -0.5
1.3605435373955583 | 2 | -0.5
1.5059119504433278 | 2 | -0.5
1.6245352692924089 | 2 | -0.5
2.028395537026365 | 2 | -0.5
5.641504637812781 | 2 | -0.5
5.265540544958411 | 2 | -0.5
5.160915931823576 | 2 | -0.5
5.276554746985383 | 2 | -0.5
5.055762591716165 | 2 | -0.5
3.5831514796266037 | 2 | -0.5
2.8774977742139503 | 2 | -0.5
2.45541984327578 | 2 | -0.5
2.3345244643968424 | 2 | -0.5
2.2003368420365597 | 2 | -0.5
2.165786499307857 | 2 | -0.5
2.178034495749498 | 2 | -0.5
2.315316464729876 | 2 | -0.5
2.611370607332118 | 2 | -0.5
3.1248341711506447 | 2 | -0.5
3.874252859128351 | 2 | -0.5
7.199236541540085 | 2 | -0.5
6.732808551365926 | 2 | -0.5
6.719052396585059 | 2 | -0.5
4.9108156105391085 | 2 | -0.5
2.781008906397369 | 2 | -0.5
2.0611862842536013 | 2 | -0.5
1.5923631836780479 | 2 | -0.5
1.3505571326737111 | 2 | -0.5
1.2700283996472819 | 2 | -0.5
1.2579237039494826 | 2 | -0.5
1.2540566422276271 | 2 | -0.5
1.3199681798258491 | 2 | -0.5
1.4684862232727156 | 2 | -0.5
1.6730077908527052 | 2 | -0.5
2.0908150063136017 | 2 | -0.5
5.649638757926431 | 2 | -0.5
5.294295885223637 | 2 | -0.5
5.232550514415465 | 2 | -0.5
5.344951354729473 | 2 | -0.5
4.971342814604019 | 2 | -0.5
3.4980146972563184 | 2 | -0.5
2.8305263316896423 | 2 | -0.5
2.480382984156751 | 2 | -0.5
2.309744385195872 | 2 | -0.5
2.1770809945923815 | 2 | -0.5
2.103050555800163 | 2 | -0.5
2.178812242018949 | 2 | -0.5
2.302990663132382 | 2 | -0.5
2.5242897006778593 | 2 | -0.5
2.813554490225537 | 2 | -0.5
3.4569464794887486 | 2 | -0.5
7.454194488864322 | 2 | -0.5
6.9125803937759684 | 2 | -0.5
6.751355713737187 | 2 | -0.5
6.756177036161735 | 2 | -0.5
3.551035670263292 | 2 | -0.5
2.2976082969082237 | 2 | -0.5
1.7749826003841593 | 2 | -0.5
1.4986224771779602 | 2 | -0.5
1.3280562179714264 | 2 | -0.5
1.2350341499366906 | 2 | -0.5
1.2492292741111908 | 2 | -0.5
1.287457247922269 | 2 | -0.5
1.3967174809527811 | 2 | -0.5
1.5149065506497752 | 2 | -0.5
1.7811395250201512 | 2 | -0.5
2.3091580915753176 | 2 | -0.5
5.511579310316409 | 2 | -0.5
5.320749175214303 | 2 | -0.5
5.306248197514506 | 2 | -0.5
5.516891377755466 | 2 | -0.5
4.238256970304149 | 2 | -0.5
3.2883137822544297 | 2 | -0.5
2.7417803860230454 | 2 | -0.5
2.369813194508986 | 2 | -0.5
2.2067065048033943 | 2 | -0.5
2.1444943942140258 | 2 | -0.5
2.176826708810574 | 0 | 5.0
2.205068318155633 | 2 | -0.5
2.304373284929575 | 2 | -0.5
2.4647531343453037 | 2 | -0.5
2.9578306044482794 | 2 | -0.5
3.4711831328267797 | 2 | -0.5
7.419089095691284 | 2 | -0.5
6.962510143654342 | 2 | -0.5
6.880966554075114 | 2 | -0.5
5.229599714276748 | 2 | -0.5
2.8080538721172914 | 2 | -0.5
2.107332150275039 | 2 | -0.5
1.6335772367461667 | 2 | -0.5
1.4504085966504596 | 2 | -0.5
1.3569989955237909 | 2 | -0.5
1.2763888949085944 | 0 | 5.0
1.3380046736575304 | 2 | -0.5
1.2975335121739622 | 2 | -0.5
1.3699096622384341 | 2 | -0.5
1.4349328551120872 | 2 | -0.5
1.5932276714000806 | 2 | -0.5
1.8452567336893875 | 2 | -0.5
2.2244225980384393 | 2 | -0.5
5.593832846497689 | 2 | -0.5
5.268588651748964 | 2 | -0.5
5.168204667854524 | 2 | -0.5
5.349765090866742 | 2 | -0.5
4.335036842618016 | 2 | -0.5
3.1859910155426214 | 2 | -0.5
2.6414051199335 | 2 | -0.5
2.313092774521355 | 2 | -0.5
2.097486385894913 | 2 | -0.5
2.061507514371246 | 2 | -0.5
2.0666158292958374 | 2 | -0.5
2.163296372361394 | 2 | -0.5
2.341383746235837 | 2 | -0.5
2.6491454524742464 | 2 | -0.5
3.1148640386481463 | 2 | -0.5
4.104544343961654 | 2 | -0.5
6.839728628904376 | 2 | -0.5
6.651719338044873 | 2 | -0.5
6.701934582530105 | 2 | -0.5
3.566545947856347 | 2 | -0.5
2.356286890469549 | 2 | -0.5
1.794025296309626 | 2 | -0.5
1.6062841339466096 | 2 | -0.5
1.4179669905998975 | 2 | -0.5
1.364866487880665 | 2 | -0.5
1.3664510674502763 | 2 | -0.5
1.3781325135508171 | 2 | -0.5
1.4175884858753565 | 2 | -0.5
1.5459141505445835 | 2 | -0.5
1.7881608833679483 | 2 | -0.5
2.304623050074614 | 2 | -0.5
5.683036386371615 | 2 | -0.5
5.331713965309923 | 2 | -0.5
5.315888383603461 | 2 | -0.5
5.4028223464288585 | 2 | -0.5
4.55244008765824 | 2 | -0.5
3.3095852677121735 | 2 | -0.5
2.6057002896590107 | 2 | -0.5
2.265454616373332 | 2 | -0.5
2.142149103199249 | 2 | -0.5
2.041540114494279 | 2 | -0.5
2.0372534792752104 | 2 | -0.5
2.1032934649795574 | 2 | -0.5
2.2377210075113934 | 2 | -0.5
2.5190835531997364 | 2 | -0.5
3.1096496443675568 | 2 | -0.5
4.0297308603101945 | 2 | -0.5
6.912149549765704 | 2 | -0.5
6.572361351239712 | 2 | -0.5
6.686191992049506 | 2 | -0.5
3.3755611690647127 | 2 | -0.5
2.206971501093712 | 2 | -0.5
1.8598069467428102 | 2 | -0.5
1.5498461747752634 | 2 | -0.5
1.443855751438379 | 2 | -0.5
1.344000935616002 | 2 | -0.5
1.3482988795797006 | 2 | -0.5
1.4051144887996945 | 2 | -0.5
1.4649264110635356 | 2 | -0.5
1.6200253692225428 | 2 | -0.5
1.8747962889226955 | 2 | -0.5
2.2575352525286716 | 2 | -0.5
5.720286113894896 | 2 | -0.5
5.337972605148532 | 2 | -0.5
5.265584527339617 | 2 | -0.5
5.412049775101254 | 2 | -0.5
4.7676249116202944 | 2 | -0.5
3.441438741553775 | 2 | -0.5
2.8029179453922635 | 2 | -0.5
2.41885378056994 | 2 | -0.5
2.1353178159207316 | 2 | -0.5
2.071973061553362 | 2 | -0.5
2.0571548550776195 | 2 | -0.5
2.1198470250804102 | 2 | -0.5
2.302085562508623 | 2 | -0.5
2.5176710243009897 | 2 | -0.5
2.8613696621796767 | 2 | -0.5
3.6212137184266866 | 2 | -0.5
7.203289349666057 | 2 | -0.5
6.747548405137681 | 2 | -0.5
6.660419338230405 | 2 | -0.5
5.137366808313008 | 2 | -0.5
2.7256514773363367 | 2 | -0.5
1.979873657795961 | 2 | -0.5
1.72802570665588 | 2 | -0.5
1.5824709625673137 | 2 | -0.5
1.462337654085377 | 2 | -0.5
1.4156830941274738 | 0 | 5.0
1.3831916019946031 | 2 | -0.5
1.431338873317167 | 2 | -0.5
1.4879335741965243 | 2 | -0.5
1.6201408788999627 | 2 | -0.5
1.848384497256022 | 2 | -0.5
2.2758288873145682 | 2 | -0.5
6.128883204980781 | 2 | -0.5
5.6956201993766475 | 2 | -0.5
5.5517989859514065 | 2 | -0.5
5.708756120657284 | 2 | -0.5
4.433237581105285 | 2 | -0.5
3.0743333192417537 | 2 | -0.5
2.4428008058276878 | 2 | -0.5
2.275053399361954 | 2 | -0.5
2.0152348333904864 | 2 | -0.5
1.9638077761721309 | 2 | -0.5
2.027823419797088 | 2 | -0.5
1.9635387777919022 | 2 | -0.5
2.1511470448066645 | 2 | -0.5
2.30790755421412 | 2 | -0.5
2.6893271398739236 | 2 | -0.5
3.4566009398655715 | 2 | -0.5
6.908934892053906 | 2 | -0.5
6.510824355079834 | 2 | -0.5
6.382565385811625 | 2 | -0.5
5.1882705514802465 | 2 | -0.5
2.7986358227580945 | 2 | -0.5
2.142718939923278 | 2 | -0.5
1.7624897751002158 | 2 | -0.5
1.4894425512950362 | 2 | -0.5
1.3788056102165367 | 2 | -0.5
1.3508864345207363 | 2 | -0.5
1.3843146373862818 | 2 | -0.5
1.47188570483136 | 2 | -0.5
1.5983876406516468 | 2 | -0.5
1.8416265630830415 | 2 | -0.5
2.1976601663341837 | 2 | -0.5
5.91802659717686 | 2 | -0.5
5.591271805725717 | 2 | -0.5
5.49026020767408 | 2 | -0.5
5.64382812444586 | 2 | -0.5
4.5272117951451385 | 2 | -0.5
3.260045040684375 | 2 | -0.5
2.6853599412563485 | 2 | -0.5
2.3415944428751234 | 2 | -0.5
2.1522050139110926 | 2 | -0.5
2.047195118138616 | 2 | -0.5
2.034609999951806 | 0 | 5.0
2.0120792620802153 | 2 | -0.5
2.075587811086831 | 2 | -0.5
2.1705966659127505 | 2 | -0.5
2.4549463675821923 | 2 | -0.5
2.9160499376514086 | 2 | -0.5
3.9132396190188077 | 2 | -0.5
6.857019601437197 | 2 | -0.5
6.5896207008308325 | 2 | -0.5
6.518131469423273 | 2 | -0.5
5.272173778094876 | 2 | -0.5
2.8956535219254937 | 2 | -0.5
2.1555126441760977 | 2 | -0.5
1.770694801538748 | 2 | -0.5
1.5228761106041837 | 2 | -0.5
1.4624184801755717 | 2 | -0.5
1.3753216402694965 | 2 | -0.5
1.3914131129580112 | 2 | -0.5
1.4934711254707203 | 2 | -0.5
1.5805417222376732 | 2 | -0.5
1.757348893026622 | 2 | -0.5
2.1664736196204495 | 2 | -0.5
6.103251777310022 | 2 | -0.5
5.624222959201679 | 2 | -0.5
5.496763644967393 | 2 | -0.5
5.440795695224334 | 2 | -0.5
5.57778310342815 | 2 | -0.5
4.560702584115029 | 2 | -0.5
3.3989846491356994 | 2 | -0.5
2.6668201626902253 | 2 | -0.5
2.290527156428453 | 2 | -0.5
2.211688556307688 | 2 | -0.5
2.1148700122010258 | 2 | -0.5
2.111862408649099 | 0 | 5.0
2.0753161519715153 | 2 | -0.5
2.233426025053882 | 2 | -0.5
2.4581748584709864 | 2 | -0.5
2.786934735503261 | 2 | -0.5
3.3759575011805047 | 2 | -0.5
7.387672722638533 | 2 | -0.5
6.870619069820105 | 2 | -0.5
6.692958441868452 | 2 | -0.5
6.350585418232929 | 2 | -0.5
3.56155737171304 | 2 | -0.5
2.449277747339817 | 2 | -0.5
1.9074511119724014 | 2 | -0.5
1.6235044656333892 | 2 | -0.5
1.4488144446775542 | 2 | -0.5
1.4295864258070181 | 2 | -0.5
1.4072100752145607 | 0 | 5.0
1.3774173305651094 | 2 | -0.5
1.3868614821136007 | 2 | -0.5
1.5079968108931268 | 2 | -0.5
1.6307938393569466 | 2 | -0.5
1.893968464667726 | 2 | -0.5
2.32547877807835 | 2 | -0.5
5.951761609453634 | 2 | -0.5
5.559708683940525 | 2 | -0.5
5.437656537921512 | 2 | -0.5
5.59742077303986 | 2 | -0.5
4.460095897229911 | 2 | -0.5
3.340925046992215 | 2 | -0.5
2.5537283626881195 | 2 | -0.5
2.2393666690005793 | 2 | -0.5
2.090815624166494 | 2 | -0.5
1.9800145306422094 | 2 | -0.5
2.019637841728294 | 2 | -0.5
2.080419096015217 | 2 | -0.5
2.3070352556560807 | 2 | -0.5
2.5455261578503237 | 2 | -0.5
3.1945112505326994 | 2 | -0.5
6.996227505060633 | 2 | -0.5
6.522755264572779 | 2 | -0.5
6.361658530705578 | 2 | -0.5
6.40378850065855 | 2 | -0.5
4.238965813470699 | 2 | -0.5
2.976589120310087 | 2 | -0.5
2.3758490374901635 | 2 | -0.5
1.8796002777392011 | 2 | -0.5
1.6333583903329278 | 2 | -0.5
1.526842771920942 | 2 | -0.5
1.4494799844335322 | 2 | -0.5
1.5021538311253055 | 2 | -0.5
1.454829112227995 | 2 | -0.5
1.6077303741068125 | 2 | -0.5
1.7501893803144093 | 2 | -0.5
2.0855776741343797 | 2 | -0.5
2.6334068789834735 | 2 | -0.5
6.124990443187082 | 2 | -0.5
5.769963613378919 | 2 | -0.5
5.714311900722689 | 2 | -0.5
5.859412359188507 | 2 | -0.5
4.4383962847600555 | 2 | -0.5
3.1395553646749055 | 2 | -0.5
2.6191223198785187 | 2 | -0.5
2.247677880101727 | 2 | -0.5
2.1158008015376226 | 2 | -0.5
1.9343083856903625 | 2 | -0.5
1.967101405693999 | 0 | 5.0
1.9251267589618581 | 2 | -0.5
2.0042984459168567 | 2 | -0.5
2.1970665055895116 | 2 | -0.5
2.3961912623398165 | 2 | -0.5
3.0254054314052476 | 2 | -0.5
7.094327232102131 | 2 | -0.5
6.60464632929816 | 2 | -0.5
6.354718705838063 | 2 | -0.5
6.43514377584704 | 2 | -0.5
3.5629864273210456 | 2 | -0.5
2.535182198889011 | 2 | -0.5
1.9227885509953822 | 2 | -0.5
1.629736153531448 | 2 | -0.5
1.5047437921821458 | 2 | -0.5
1.4143326434669665 | 2 | -0.5
1.397295339304417 | 2 | -0.5
1.4163745311641844 | 2 | -0.5
1.4260006988114298 | 2 | -0.5
1.5418848095671207 | 2 | -0.5
1.8139872058595614 | 2 | -0.5
2.1753779314984256 | 2 | -0.5
6.164113374859046 | 2 | -0.5
5.731041622505621 | 2 | -0.5
5.490456626902731 | 2 | -0.5
5.54431193881576 | 2 | -0.5
5.7212606197304305 | 2 | -0.5
3.7463959746981086 | 2 | -0.5
2.7548147865127106 | 2 | -0.5
2.471550463182335 | 2 | -0.5
2.1819168040896093 | 2 | -0.5
2.063203600021031 | 2 | -0.5
1.9505880258769874 | 2 | -0.5
1.9600781169970878 | 2 | -0.5
1.9997856592343908 | 2 | -0.5
2.2633456457870387 | 2 | -0.5
2.5453768510500105 | 2 | -0.5
3.0939991289652617 | 2 | -0.5
7.0803489586175905 | 2 | -0.5
6.627242252677449 | 2 | -0.5
6.411939008728774 | 2 | -0.5
6.502125793201371 | 2 | -0.5
3.6948490267364416 | 2 | -0.5
2.3826474370075537 | 2 | -0.5
1.951124372966616 | 2 | -0.5
1.6632312966858442 | 2 | -0.5
1.5125388174687229 | 2 | -0.5
1.4330679606853516 | 2 | -0.5
1.4343216777987131 | 2 | -0.5
1.4228398323642946 | 2 | -0.5
1.4836595089824725 | 2 | -0.5
1.655443419149929 | 2 | -0.5
1.9479225904005915 | 2 | -0.5
2.394645368211052 | 2 | -0.5
5.992927284387199 | 2 | -0.5
5.689846095839007 | 2 | -0.5
5.5290449679551115 | 2 | -0.5
5.657933110438693 | 2 | -0.5
5.055409140376969 | 2 | -0.5
3.410259395167553 | 2 | -0.5
2.745059598805443 | 2 | -0.5
2.3556569336735302 | 2 | -0.5
2.1709516814171796 | 2 | -0.5
2.0703842369956074 | 2 | -0.5
2.01006276378993 | 2 | -0.5
2.016306717959398 | 0 | 5.0
1.9786059312008815 | 2 | -0.5
2.072003934067624 | 2 | -0.5
2.293635143381477 | 2 | -0.5
2.6655894843872834 | 2 | -0.5
3.302924477324867 | 2 | -0.5
7.1497835635127105 | 2 | -0.5
6.709736191661095 | 2 | -0.5
6.58048356222102 | 2 | -0.5
6.470026116125348 | 2 | -0.5
3.2647275311245956 | 2 | -0.5
2.2763493661521297 | 2 | -0.5
1.9376982137312433 | 2 | -0.5
1.6880663233618118 | 2 | -0.5
1.5630337698075263 | 2 | -0.5
1.4787368232554632 | 2 | -0.5
1.4142936919134266 | 2 | -0.5
1.4781143660351652 | 2 | -0.5
1.5373583447687074 | 2 | -0.5
1.6655594695691804 | 2 | -0.5
1.9803932002379336 | 2 | -0.5
2.522374155235567 | 2 | -0.5
5.714680131500789 | 2 | -0.5
5.431108565333087 | 2 | -0.5
5.344605782764666 | 2 | -0.5
5.464961804238559 | 2 | -0.5
4.466948109364235 | 2 | -0.5
3.380243850644184 | 2 | -0.5
2.6587833200983577 | 2 | -0.5
2.30603039510936 | 2 | -0.5
2.0322930505980246 | 2 | -0.5
1.9336387014570395 | 2 | -0.5
1.8901840265681997 | 2 | -0.5
1.990368211900679 | 2 | -0.5
2.105462897509543 | 2 | -0.5
2.3552883318388345 | 2 | -0.5
2.8463366517024062 | 2 | -0.5
3.8787955146583113 | 2 | -0.5
6.806517536280772 | 2 | -0.5
6.597834156322509 | 2 | -0.5
6.539686661446165 | 2 | -0.5
4.888860301617894 | 2 | -0.5
2.887165491223521 | 2 | -0.5
2.0622509596096803 | 2 | -0.5
1.7089905118056175 | 2 | -0.5
1.5021733864158662 | 2 | -0.5
1.4374103012820727 | 2 | -0.5
1.4153928293500773 | 2 | -0.5
1.4154304331328895 | 2 | -0.5
1.4913091308600472 | 2 | -0.5
1.6617572194741304 | 2 | -0.5
2.010594581219665 | 2 | -0.5
2.3791362655246315 | 2 | -0.5
5.715160021435078 | 2 | -0.5
5.384572027634071 | 2 | -0.5
5.294988015871899 | 2 | -0.5
5.494732071826053 | 2 | -0.5
4.147495944543751 | 2 | -0.5
Total reward: -329.5
