-2.6, 0.7, -2.3, 0.2, -2.2, 4.6, 5.0, -1.2, -0.1, -3.6, -4.4, 1.7, -3.9, -2.1, 5.7, -2.7, 1.6, -1.2
parameter ends

state | action | reward
[2.76] | 2 | -0.5
2.138379670517542 | 2 | -0.5
1.849979965473521 | 2 | -0.5
1.6701059414993191 | 2 | -0.5
1.5925860665124925 | 0 | 5.0
1.6850010529537243 | 0 | 5.0
1.6609919380701412 | 0 | 5.0
1.712319534207522 | 0 | 5.0
1.7731294459524933 | 0 | 5.0
1.8114228933978949 | 0 | 5.0
1.867074677610034 | 0 | 5.0
1.9279111918242295 | 0 | 5.0
1.9913331478877148 | 0 | 5.0
2.053909260821157 | 2 | -0.5
1.9906782403962184 | 0 | 5.0
1.9845843154846672 | 0 | 5.0
1.9891989818445133 | 0 | 5.0
1.9791033295613354 | 2 | -0.5
2.035215627394871 | 0 | 5.0
2.0091340025534326 | 2 | -0.5
2.1498001154662147 | 2 | -0.5
2.344313751459697 | 2 | -0.5
2.8190097340999043 | 2 | -0.5
6.569568723376581 | 2 | -0.5
6.088600028017626 | 2 | -0.5
5.759181149123912 | 2 | -0.5
5.71679207280326 | 2 | -0.5
5.4935373240295835 | 2 | -0.5
3.2910742538249744 | 2 | -0.5
2.2641705235843057 | 2 | -0.5
1.8036272149332848 | 2 | -0.5
1.5591182901272251 | 2 | -0.5
1.4859806670178286 | 2 | -0.5
1.446150028251208 | 2 | -0.5
1.4323272180823108 | 2 | -0.5
1.503007752512012 | 2 | -0.5
1.6463774190428078 | 2 | -0.5
1.8674500702578636 | 2 | -0.5
2.293393252722473 | 2 | -0.5
2.946070864054109 | 2 | -0.5
6.4326390666700615 | 2 | -0.5
6.235976714571808 | 2 | -0.5
6.2292108858151245 | 2 | -0.5
5.823123527530544 | 2 | -0.5
3.878606289172514 | 2 | -0.5
2.9070033114233644 | 2 | -0.5
2.329590289708773 | 2 | -0.5
2.1055866418592974 | 2 | -0.5
1.9880091830694289 | 2 | -0.5
1.9632867839179289 | 2 | -0.5
2.01940370933821 | 2 | -0.5
2.1442629364324732 | 2 | -0.5
2.3732780451315296 | 2 | -0.5
2.6687185910365225 | 2 | -0.5
6.806856722814285 | 2 | -0.5
6.031496903190281 | 2 | -0.5
5.750403125884887 | 2 | -0.5
5.607878709658914 | 2 | -0.5
5.706817592712773 | 2 | -0.5
3.4162779402551147 | 2 | -0.5
2.351084115761261 | 2 | -0.5
1.9066609377633628 | 2 | -0.5
1.5697059895964363 | 2 | -0.5
1.420024963333638 | 2 | -0.5
1.3995134657200312 | 2 | -0.5
1.3867655688569274 | 2 | -0.5
1.4197654525594217 | 2 | -0.5
1.5115797348198914 | 2 | -0.5
1.6547303784934155 | 2 | -0.5
1.9138640595100196 | 2 | -0.5
2.422170343684371 | 2 | -0.5
6.697992730130066 | 2 | -0.5
6.427922578015827 | 2 | -0.5
6.294350701941062 | 2 | -0.5
6.4081934779200695 | 2 | -0.5
5.457009314009428 | 2 | -0.5
3.892829909415407 | 2 | -0.5
2.9971614491486736 | 2 | -0.5
2.4655243784985807 | 2 | -0.5
2.227912475715641 | 2 | -0.5
2.0873512837683683 | 2 | -0.5
2.1185779315930326 | 0 | 5.0
2.088642294257911 | 2 | -0.5
2.146935639303252 | 2 | -0.5
2.266221001445572 | 2 | -0.5
2.5077743511065878 | 2 | -0.5
2.9755354529388502 | 2 | -0.5
6.68850617578954 | 2 | -0.5
6.141053083922651 | 2 | -0.5
5.860295843766524 | 2 | -0.5
5.840561608814618 | 2 | -0.5
4.376186407733116 | 2 | -0.5
2.7862496298332733 | 2 | -0.5
2.110578547245793 | 2 | -0.5
1.666956017023257 | 2 | -0.5
1.5239387232086579 | 2 | -0.5
1.4066623831241116 | 2 | -0.5
1.3853388190035298 | 2 | -0.5
1.3475007882153813 | 2 | -0.5
1.419300749096057 | 2 | -0.5
1.5804885956710846 | 2 | -0.5
1.8263605506737968 | 2 | -0.5
2.249221812776052 | 2 | -0.5
3.1952383988973283 | 2 | -0.5
6.225169755098424 | 2 | -0.5
6.053061988343776 | 2 | -0.5
6.152895420797136 | 2 | -0.5
5.1645086510681 | 2 | -0.5
3.4498184542263055 | 2 | -0.5
2.705714720806423 | 2 | -0.5
2.35673715961952 | 2 | -0.5
2.098979980182974 | 2 | -0.5
2.0119196197689604 | 2 | -0.5
2.0050631120458315 | 2 | -0.5
2.053171946346623 | 2 | -0.5
2.243090212332009 | 2 | -0.5
2.5658432054113383 | 2 | -0.5
3.1009130680334898 | 2 | -0.5
6.559065732526697 | 2 | -0.5
6.001556092109671 | 2 | -0.5
5.767432919915549 | 2 | -0.5
5.828694267051106 | 2 | -0.5
3.6454531401630215 | 2 | -0.5
2.356073318876032 | 2 | -0.5
1.930598349250429 | 2 | -0.5
1.6288710711713206 | 2 | -0.5
1.5085601737410042 | 2 | -0.5
1.4092911887679391 | 2 | -0.5
1.3998671724440197 | 2 | -0.5
1.376987317731621 | 2 | -0.5
1.4206980417445523 | 2 | -0.5
1.5456187305499802 | 2 | -0.5
1.6961310198362325 | 2 | -0.5
2.0650444698354553 | 2 | -0.5
2.8633205566841977 | 2 | -0.5
6.250713388540356 | 2 | -0.5
6.098705916051119 | 2 | -0.5
6.089998714288262 | 2 | -0.5
6.315239870873491 | 2 | -0.5
3.8028220516948 | 2 | -0.5
2.855859686858765 | 2 | -0.5
2.384245942660472 | 2 | -0.5
2.157447889443556 | 2 | -0.5
2.0087674593412554 | 2 | -0.5
1.9807843874962257 | 2 | -0.5
1.9710080798787186 | 2 | -0.5
2.1031908659784193 | 2 | -0.5
2.2741243797618345 | 2 | -0.5
2.6143557770415917 | 2 | -0.5
3.1758008637600716 | 2 | -0.5
6.454635571801065 | 2 | -0.5
5.983105463074123 | 2 | -0.5
5.774205242842435 | 2 | -0.5
5.900737884178036 | 2 | -0.5
3.5791921611504356 | 2 | -0.5
2.4738938692557126 | 2 | -0.5
1.9552692421089433 | 2 | -0.5
1.7116076011684147 | 2 | -0.5
1.5253978748801638 | 2 | -0.5
1.453300764286625 | 2 | -0.5
1.3710212240100081 | 2 | -0.5
1.3954681608378043 | 2 | -0.5
1.3972139455383283 | 2 | -0.5
1.53820910959054 | 2 | -0.5
1.7172934014011783 | 2 | -0.5
2.0892655070191006 | 2 | -0.5
2.7643422188506372 | 2 | -0.5
6.310482387675244 | 2 | -0.5
6.105380743841066 | 2 | -0.5
6.087920419895353 | 2 | -0.5
6.258084901823595 | 2 | -0.5
4.142273020826721 | 2 | -0.5
3.1184581669960907 | 2 | -0.5
2.551149858221077 | 2 | -0.5
2.3202021825456245 | 2 | -0.5
2.1278735158911255 | 2 | -0.5
2.0885092719142517 | 2 | -0.5
2.022311881764411 | 2 | -0.5
2.1771721883044437 | 2 | -0.5
2.2867437575375167 | 2 | -0.5
2.592865886653295 | 2 | -0.5
3.147431073866142 | 2 | -0.5
6.673076797633076 | 2 | -0.5
6.134136766942839 | 2 | -0.5
5.872042811830151 | 2 | -0.5
5.844429272589811 | 2 | -0.5
3.3523312311901603 | 2 | -0.5
2.187372004048973 | 2 | -0.5
1.7327068789015683 | 2 | -0.5
1.5425007796283134 | 2 | -0.5
1.398683663244568 | 2 | -0.5
1.3286308022673714 | 2 | -0.5
1.280969428036308 | 2 | -0.5
1.3770749065632137 | 2 | -0.5
1.4229520458084262 | 2 | -0.5
1.6144312036443236 | 2 | -0.5
1.8929430438609323 | 2 | -0.5
2.3523670571745305 | 2 | -0.5
6.425792605825302 | 2 | -0.5
6.176249221142829 | 2 | -0.5
6.161337401593761 | 2 | -0.5
6.412859163679688 | 2 | -0.5
3.9905562536975725 | 2 | -0.5
3.0929880196261053 | 2 | -0.5
2.540054237203172 | 2 | -0.5
2.33339811914121 | 2 | -0.5
2.143425245021619 | 2 | -0.5
2.118237274225148 | 0 | 5.0
2.125976535819718 | 2 | -0.5
2.20223285421641 | 2 | -0.5
2.3220931179742967 | 2 | -0.5
2.6427843541059395 | 2 | -0.5
3.223997862494576 | 2 | -0.5
6.727690231336681 | 2 | -0.5
6.257964852236086 | 2 | -0.5
6.054939536432881 | 2 | -0.5
6.056111985173045 | 2 | -0.5
3.176811137764485 | 2 | -0.5
2.1011581673771946 | 2 | -0.5
1.6476809815399232 | 2 | -0.5
1.430599022260006 | 2 | -0.5
1.3090187752083202 | 2 | -0.5
1.1904944574774847 | 2 | -0.5
1.2209336721109034 | 2 | -0.5
1.2151087278488188 | 2 | -0.5
1.2744803980709427 | 2 | -0.5
1.402094897069148 | 2 | -0.5
1.5824650537990455 | 2 | -0.5
2.0309374419331117 | 2 | -0.5
2.762734478234493 | 2 | -0.5
5.974142684336202 | 2 | -0.5
5.821450805280496 | 2 | -0.5
5.92733230155308 | 2 | -0.5
5.352938872929848 | 2 | -0.5
3.8634617670344524 | 2 | -0.5
3.004931925844138 | 2 | -0.5
2.6851872774654093 | 2 | -0.5
2.4414833390120307 | 2 | -0.5
2.2859419717787293 | 2 | -0.5
2.2110802038282285 | 2 | -0.5
2.261149839531222 | 0 | 5.0
2.208700826817547 | 2 | -0.5
2.298745277946981 | 2 | -0.5
2.5321466698295523 | 2 | -0.5
2.912953835099946 | 2 | -0.5
3.6546289125093976 | 2 | -0.5
6.937516607214695 | 2 | -0.5
6.4656038422838895 | 2 | -0.5
6.301305710480813 | 2 | -0.5
6.318964417831178 | 2 | -0.5
2.9831171001827284 | 2 | -0.5
2.142031284619575 | 2 | -0.5
1.6983345240862149 | 2 | -0.5
1.4347965689838682 | 2 | -0.5
1.2495378572164164 | 2 | -0.5
1.1663200530413365 | 2 | -0.5
1.1615711784400264 | 2 | -0.5
1.1656786696903825 | 2 | -0.5
1.253693264110784 | 2 | -0.5
1.3724139033295617 | 2 | -0.5
1.562662816893822 | 2 | -0.5
1.9062175490586488 | 2 | -0.5
2.826376211840267 | 2 | -0.5
5.707868374164066 | 2 | -0.5
5.596056394998467 | 2 | -0.5
5.825351571468551 | 2 | -0.5
5.493838933123168 | 2 | -0.5
3.980585037263241 | 2 | -0.5
3.3234841032738704 | 2 | -0.5
2.8260400633142235 | 2 | -0.5
2.573899000826202 | 2 | -0.5
2.4546686196731744 | 2 | -0.5
2.4197824511375354 | 2 | -0.5
2.4325748164941103 | 0 | 5.0
2.414746407632049 | 2 | -0.5
2.6111095559467623 | 2 | -0.5
2.925786676971289 | 2 | -0.5
3.4149304730550463 | 2 | -0.5
7.527899412064903 | 2 | -0.5
6.94196417620395 | 2 | -0.5
6.62260113934881 | 2 | -0.5
6.547876164316909 | 2 | -0.5
3.736461089993122 | 2 | -0.5
2.2235835179920307 | 2 | -0.5
1.6525084973499793 | 2 | -0.5
1.3644149695833596 | 2 | -0.5
1.1941815503717588 | 2 | -0.5
1.104098609984033 | 2 | -0.5
1.0577046463496207 | 2 | -0.5
1.04992995483959 | 2 | -0.5
1.0286984751474832 | 2 | -0.5
1.1386933414914988 | 2 | -0.5
1.2413690955362182 | 2 | -0.5
1.508535857081432 | 2 | -0.5
2.1308406934125945 | 2 | -0.5
5.456143500614685 | 2 | -0.5
5.314761931034455 | 2 | -0.5
5.345795679551852 | 2 | -0.5
5.641273309691774 | 2 | -0.5
4.366083503363295 | 2 | -0.5
3.471849566352792 | 2 | -0.5
2.9835120690853745 | 2 | -0.5
2.6102723971828685 | 2 | -0.5
2.4644698077008815 | 2 | -0.5
2.403422226476447 | 2 | -0.5
2.4160680227757774 | 2 | -0.5
2.595943845098096 | 0 | 5.0
2.512847719204338 | 2 | -0.5
2.7668131873301878 | 2 | -0.5
3.224812757270441 | 2 | -0.5
7.752555355428748 | 2 | -0.5
7.175729625869553 | 2 | -0.5
6.740353536186896 | 2 | -0.5
6.684291562554922 | 2 | -0.5
3.217062699462871 | 2 | -0.5
1.920883397301048 | 2 | -0.5
1.4858933311145395 | 2 | -0.5
1.2106294682790606 | 2 | -0.5
1.1046988227676169 | 2 | -0.5
1.0333100267382769 | 2 | -0.5
0.9999594414503623 | 2 | -0.5
1.0030704230072334 | 2 | -0.5
1.054774250687089 | 2 | -0.5
1.1134312777602389 | 2 | -0.5
1.2557275449961929 | 2 | -0.5
1.5531538449275237 | 2 | -0.5
2.2165040957882782 | 2 | -0.5
5.240606386776082 | 2 | -0.5
5.137013765047199 | 2 | -0.5
5.227219574825088 | 2 | -0.5
5.542369847593456 | 2 | -0.5
3.8819220692110523 | 2 | -0.5
3.0822350881674008 | 2 | -0.5
2.7062746288012454 | 2 | -0.5
2.494409005272512 | 2 | -0.5
2.3407299916835926 | 2 | -0.5
2.2665944892376824 | 2 | -0.5
2.3463309646704973 | 2 | -0.5
2.4405863934266403 | 2 | -0.5
2.6321990097390477 | 2 | -0.5
3.1090685862632537 | 2 | -0.5
3.918213124499993 | 2 | -0.5
7.414345845062307 | 2 | -0.5
6.991650905833236 | 2 | -0.5
6.834848065778288 | 2 | -0.5
6.855415289512816 | 2 | -0.5
2.954390459001687 | 2 | -0.5
2.125140218760553 | 2 | -0.5
1.6341463535732375 | 2 | -0.5
1.4260208951207956 | 2 | -0.5
1.2384941125408975 | 2 | -0.5
1.172568292851556 | 2 | -0.5
1.146290880037334 | 2 | -0.5
1.1342830618668696 | 2 | -0.5
1.178042817478104 | 2 | -0.5
1.2527469665463509 | 2 | -0.5
1.390384731372892 | 2 | -0.5
1.6176087171182751 | 2 | -0.5
2.0245321479230274 | 2 | -0.5
5.391465595620887 | 2 | -0.5
5.190484080863566 | 2 | -0.5
5.125538969891109 | 2 | -0.5
5.2761615073567665 | 2 | -0.5
5.17835935168958 | 2 | -0.5
3.6830980290821222 | 2 | -0.5
2.968393508798411 | 2 | -0.5
2.645671510211638 | 2 | -0.5
2.394176564837785 | 2 | -0.5
2.3041517474195783 | 2 | -0.5
2.3750211239542343 | 2 | -0.5
2.480579616362801 | 2 | -0.5
2.6527028226066984 | 2 | -0.5
3.158259758030467 | 2 | -0.5
3.905776278044287 | 2 | -0.5
7.24740699631035 | 2 | -0.5
6.799694823883484 | 2 | -0.5
6.710108519900289 | 2 | -0.5
5.200547379418792 | 2 | -0.5
2.470570268310069 | 2 | -0.5
1.818692277999548 | 2 | -0.5
1.4416745708585335 | 2 | -0.5
1.312773858659927 | 2 | -0.5
1.1416124336411346 | 2 | -0.5
1.1057363020043713 | 2 | -0.5
1.107140478779481 | 2 | -0.5
1.1487568844815303 | 2 | -0.5
1.2545964860976289 | 2 | -0.5
1.3504447384968938 | 2 | -0.5
1.6070681583274242 | 2 | -0.5
2.07128680528367 | 2 | -0.5
5.347413907934996 | 2 | -0.5
5.225339890790484 | 2 | -0.5
5.154237248996218 | 2 | -0.5
5.394905965172968 | 2 | -0.5
4.634750427844056 | 2 | -0.5
3.4824571405998834 | 2 | -0.5
2.824989078192837 | 2 | -0.5
2.584224491126545 | 2 | -0.5
2.3991516159004083 | 2 | -0.5
2.322993649032788 | 2 | -0.5
2.333135927074805 | 2 | -0.5
2.417217141568815 | 2 | -0.5
2.6200705300762532 | 2 | -0.5
2.972526780909293 | 2 | -0.5
3.5561244209005083 | 2 | -0.5
7.658448784633886 | 2 | -0.5
7.07025385267157 | 2 | -0.5
6.892287428997154 | 2 | -0.5
6.451122852993563 | 2 | -0.5
3.182113411496902 | 2 | -0.5
2.1061474144930297 | 2 | -0.5
1.555303977686839 | 2 | -0.5
1.3334718797468081 | 2 | -0.5
1.2309423462211728 | 2 | -0.5
1.093196750448431 | 2 | -0.5
1.0916065389484138 | 2 | -0.5
1.1213009178160054 | 2 | -0.5
1.2265728212943765 | 2 | -0.5
1.339861362160883 | 2 | -0.5
1.523615547316345 | 2 | -0.5
1.8739690613579232 | 2 | -0.5
5.432280976984743 | 2 | -0.5
5.102366550865947 | 2 | -0.5
5.006080911483403 | 2 | -0.5
5.0957424981075015 | 2 | -0.5
5.416482983109647 | 2 | -0.5
4.184685344992406 | 2 | -0.5
3.3954746250622683 | 2 | -0.5
3.026866109145283 | 2 | -0.5
2.693909906075919 | 2 | -0.5
2.5011234116734706 | 2 | -0.5
2.4179491543942055 | 2 | -0.5
2.4382880744212714 | 2 | -0.5
2.4844059166175048 | 2 | -0.5
2.718005685497778 | 2 | -0.5
3.0166652589693213 | 2 | -0.5
3.572137436880635 | 2 | -0.5
7.979516685126169 | 2 | -0.5
7.260475228046116 | 2 | -0.5
6.983036111223972 | 2 | -0.5
5.068029613834695 | 2 | -0.5
2.342172647060892 | 2 | -0.5
1.600657037595782 | 2 | -0.5
1.3433074242918892 | 2 | -0.5
1.207818256261617 | 2 | -0.5
1.0861685855560372 | 2 | -0.5
1.0035873813888174 | 2 | -0.5
0.9809710751681917 | 2 | -0.5
1.0067512037630295 | 2 | -0.5
1.0793965735593574 | 2 | -0.5
1.1791041080026883 | 2 | -0.5
1.3925196190737787 | 2 | -0.5
1.7152739302269975 | 2 | -0.5
5.229308636106548 | 2 | -0.5
4.967857861888131 | 2 | -0.5
4.897181774028506 | 2 | -0.5
5.000357349622192 | 2 | -0.5
5.255193976108107 | 2 | -0.5
4.10722190669741 | 2 | -0.5
3.128460270565299 | 2 | -0.5
2.7737047997955138 | 2 | -0.5
2.4848587031335514 | 2 | -0.5
2.404840328373051 | 2 | -0.5
2.3559782161138303 | 2 | -0.5
2.3929697772469423 | 2 | -0.5
2.612654679063018 | 2 | -0.5
2.8534909402591313 | 2 | -0.5
3.4222649692067177 | 2 | -0.5
4.23985424717661 | 2 | -0.5
7.69049278830279 | 2 | -0.5
7.287490791921065 | 2 | -0.5
7.0877385825857075 | 2 | -0.5
3.7011718888334486 | 2 | -0.5
2.2443937057421675 | 2 | -0.5
1.625253744483146 | 2 | -0.5
1.2276318876999868 | 2 | -0.5
1.1303902171888225 | 2 | -0.5
1.0823273502308026 | 2 | -0.5
0.9871261749596 | 2 | -0.5
0.994264989874954 | 2 | -0.5
1.0598630304114036 | 2 | -0.5
1.0969240036147079 | 2 | -0.5
1.1978261343275745 | 2 | -0.5
1.4318871398813318 | 2 | -0.5
1.8059094048019466 | 2 | -0.5
5.190771411157724 | 2 | -0.5
4.917067799358975 | 2 | -0.5
4.9328728135669895 | 2 | -0.5
5.074132380560472 | 2 | -0.5
5.307354843491066 | 2 | -0.5
3.9047196882517743 | 2 | -0.5
3.148977681974648 | 2 | -0.5
2.7358966219955794 | 2 | -0.5
2.5120503808202446 | 2 | -0.5
2.4179142915372234 | 2 | -0.5
2.408191022336084 | 2 | -0.5
2.435977347618454 | 2 | -0.5
2.5982719598654325 | 2 | -0.5
2.997238713825504 | 2 | -0.5
3.5634056667187854 | 2 | -0.5
4.599555843319519 | 2 | -0.5
7.419034231663208 | 2 | -0.5
7.129362292882881 | 2 | -0.5
7.059985624814566 | 2 | -0.5
2.994514494615732 | 2 | -0.5
1.8514317488924663 | 2 | -0.5
1.3291918918115269 | 2 | -0.5
1.164886088563402 | 2 | -0.5
1.0824871176854667 | 2 | -0.5
1.0342547654205325 | 2 | -0.5
1.0038235449993789 | 2 | -0.5
1.0628747788872852 | 2 | -0.5
1.0879016452322037 | 2 | -0.5
1.2215327011574109 | 2 | -0.5
1.412384789466067 | 2 | -0.5
1.7399578878313946 | 2 | -0.5
5.317813529190651 | 2 | -0.5
5.0740223035206995 | 2 | -0.5
4.990798010919774 | 2 | -0.5
5.103722524514152 | 2 | -0.5
5.4211110094210975 | 2 | -0.5
4.226597324760178 | 2 | -0.5
3.386262772834052 | 2 | -0.5
2.9145187994388952 | 2 | -0.5
2.6204286753764725 | 2 | -0.5
2.4506002288540754 | 2 | -0.5
2.462867970719098 | 2 | -0.5
2.470729813514117 | 2 | -0.5
2.5833355179165034 | 2 | -0.5
2.8769889788831295 | 2 | -0.5
3.281396577916339 | 2 | -0.5
3.949915726919777 | 2 | -0.5
7.641504121714453 | 2 | -0.5
7.112024198491724 | 2 | -0.5
6.9416170491717235 | 2 | -0.5
6.412294050465153 | 2 | -0.5
2.9833789692096295 | 2 | -0.5
1.960636739931021 | 2 | -0.5
1.4814476527474645 | 2 | -0.5
1.222835603470711 | 2 | -0.5
1.0445055946469224 | 2 | -0.5
1.0099516390291237 | 2 | -0.5
1.0077149841470976 | 2 | -0.5
1.0452787301468498 | 2 | -0.5
1.0644753057618823 | 2 | -0.5
1.153069342989099 | 2 | -0.5
1.3411647187623617 | 2 | -0.5
1.6139052998794532 | 2 | -0.5
5.230897885927628 | 2 | -0.5
4.993539235672938 | 2 | -0.5
4.869055176199603 | 2 | -0.5
5.07155315592275 | 2 | -0.5
5.402137966453118 | 2 | -0.5
3.9827552772186205 | 2 | -0.5
3.1447819672527304 | 2 | -0.5
2.719838871777622 | 2 | -0.5
2.5035371442124235 | 2 | -0.5
2.3845357986848352 | 2 | -0.5
2.412733818571122 | 2 | -0.5
2.499729557576806 | 2 | -0.5
2.7660399166463936 | 2 | -0.5
3.108841303426138 | 2 | -0.5
3.7781735606504774 | 2 | -0.5
7.762922084022577 | 2 | -0.5
7.208350062492162 | 2 | -0.5
6.984130389557174 | 2 | -0.5
4.051009793244912 | 2 | -0.5
2.2137872195154396 | 2 | -0.5
1.6944108348792706 | 2 | -0.5
1.410686027066623 | 2 | -0.5
1.1934796111461943 | 2 | -0.5
1.0615724540598117 | 2 | -0.5
0.9904568307905887 | 2 | -0.5
0.9925889468826787 | 2 | -0.5
1.0028433921459878 | 2 | -0.5
1.0887587404688546 | 2 | -0.5
1.1552207408665416 | 2 | -0.5
1.3158125352769179 | 2 | -0.5
1.6252538573622743 | 2 | -0.5
5.297831474626298 | 2 | -0.5
4.965944818371648 | 2 | -0.5
4.9304702040429325 | 2 | -0.5
5.07258799712251 | 2 | -0.5
5.03035829934166 | 2 | -0.5
3.71017502380334 | 2 | -0.5
2.9821388501731376 | 2 | -0.5
2.596963592000113 | 2 | -0.5
2.430841374754722 | 2 | -0.5
2.339792230926256 | 2 | -0.5
2.351676388302429 | 2 | -0.5
2.546840204842963 | 2 | -0.5
2.6886099971780255 | 2 | -0.5
3.1771536182444766 | 2 | -0.5
4.155711261117575 | 2 | -0.5
7.580830640179334 | 2 | -0.5
7.140722690565547 | 2 | -0.5
6.988257820416032 | 2 | -0.5
3.9736593664329267 | 2 | -0.5
2.113956090516149 | 2 | -0.5
1.6651679913092359 | 2 | -0.5
1.3546410084650067 | 2 | -0.5
1.1646536361536102 | 2 | -0.5
1.0866915024029091 | 2 | -0.5
1.0890420073679576 | 2 | -0.5
1.0697826538478328 | 2 | -0.5
1.1517363712810038 | 2 | -0.5
1.1505545410031854 | 2 | -0.5
1.3380334180310614 | 2 | -0.5
1.6148448311421657 | 2 | -0.5
2.0542293939180847 | 2 | -0.5
5.256202130997239 | 2 | -0.5
5.0377921749539745 | 2 | -0.5
4.9876046844371364 | 2 | -0.5
5.102690436971115 | 2 | -0.5
5.185992149343322 | 2 | -0.5
3.706097832373175 | 2 | -0.5
2.988815887173779 | 2 | -0.5
2.595432327053769 | 2 | -0.5
2.417231419050061 | 2 | -0.5
2.2937866010472594 | 2 | -0.5
2.285582367805051 | 2 | -0.5
2.404498520858914 | 2 | -0.5
2.5639962497658115 | 2 | -0.5
3.0328055786002843 | 2 | -0.5
3.7775029758477228 | 2 | -0.5
7.566112112615939 | 2 | -0.5
7.083366263510751 | 2 | -0.5
6.960756417901933 | 2 | -0.5
6.206974475690182 | 2 | -0.5
2.772737624947187 | 2 | -0.5
1.8129516949590592 | 2 | -0.5
1.497909125224002 | 2 | -0.5
1.3040974176235631 | 2 | -0.5
1.2263377955443104 | 2 | -0.5
1.1009525668914124 | 2 | -0.5
1.0970599982387945 | 2 | -0.5
1.0623482080980435 | 2 | -0.5
1.1139936785816296 | 2 | -0.5
1.1922635272163917 | 2 | -0.5
1.362657905168943 | 2 | -0.5
1.6641898584982955 | 2 | -0.5
2.086088910385408 | 2 | -0.5
5.082657741858777 | 2 | -0.5
4.948947031126121 | 2 | -0.5
4.904633605464534 | 2 | -0.5
5.0292111808064295 | 2 | -0.5
5.174079620349275 | 2 | -0.5
3.6448502308363886 | 2 | -0.5
2.9938516159546245 | 2 | -0.5
2.587268610267886 | 2 | -0.5
2.400079071857539 | 2 | -0.5
2.3374280642084115 | 2 | -0.5
2.3148438239083915 | 2 | -0.5
2.4661493607098066 | 2 | -0.5
2.7040278904443023 | 2 | -0.5
3.268394972046243 | 2 | -0.5
4.158077869276497 | 2 | -0.5
7.545592930252273 | 2 | -0.5
7.055489545852589 | 2 | -0.5
6.949637723026325 | 2 | -0.5
5.270124069273915 | 2 | -0.5
2.755284963633883 | 2 | -0.5
1.8254658730780755 | 2 | -0.5
1.4961611965096475 | 2 | -0.5
1.2943103028586562 | 2 | -0.5
1.116702360981113 | 2 | -0.5
1.0286156584609327 | 2 | -0.5
1.0195623249035728 | 2 | -0.5
1.0868724850213025 | 2 | -0.5
1.0584680006628358 | 2 | -0.5
1.1795098697497663 | 2 | -0.5
1.32809839492574 | 2 | -0.5
1.7433797047940587 | 2 | -0.5
5.4358306690649565 | 2 | -0.5
5.0450760346927845 | 2 | -0.5
4.9454342605873025 | 2 | -0.5
5.086698646924948 | 2 | -0.5
5.343144187964096 | 2 | -0.5
3.785106029041224 | 2 | -0.5
3.0559575405464114 | 2 | -0.5
2.718252410140319 | 2 | -0.5
2.5462932441419386 | 2 | -0.5
2.4156220057030007 | 2 | -0.5
2.4428962695019703 | 2 | -0.5
2.5383801963722794 | 2 | -0.5
2.740560577338357 | 2 | -0.5
3.134710019244973 | 2 | -0.5
3.9163261620306082 | 2 | -0.5
7.7876349522114525 | 2 | -0.5
7.262392123811599 | 2 | -0.5
6.9983147880482734 | 2 | -0.5
6.6287702401619315 | 2 | -0.5
2.916639932037225 | 2 | -0.5
1.7296203869306652 | 2 | -0.5
1.3654575642204785 | 2 | -0.5
1.2046813366801379 | 2 | -0.5
1.103921270877696 | 2 | -0.5
1.0543845513437924 | 2 | -0.5
1.0388365178005101 | 2 | -0.5
1.0581028425846473 | 2 | -0.5
1.0771558097685379 | 2 | -0.5
1.1582050388031055 | 2 | -0.5
1.286287048254068 | 2 | -0.5
1.6032388039867915 | 2 | -0.5
2.0594115203402987 | 2 | -0.5
5.231381794330808 | 2 | -0.5
5.088132850620048 | 2 | -0.5
5.16816662117116 | 2 | -0.5
5.404738545664988 | 2 | -0.5
4.326745699602845 | 2 | -0.5
3.490548548027123 | 2 | -0.5
2.900303918710924 | 2 | -0.5
2.601875303243124 | 2 | -0.5
2.468379192507031 | 2 | -0.5
2.439779034735674 | 2 | -0.5
2.523283598134328 | 2 | -0.5
2.6844310050314433 | 2 | -0.5
2.9338564776633844 | 2 | -0.5
3.521912670054457 | 2 | -0.5
7.772975401381494 | 2 | -0.5
7.0873358656891305 | 2 | -0.5
6.8170674385135825 | 2 | -0.5
6.754621914404845 | 2 | -0.5
3.2556985374610723 | 2 | -0.5
1.8357182237636944 | 2 | -0.5
1.4423409700221312 | 2 | -0.5
1.2108292629749071 | 2 | -0.5
1.0598689398077015 | 2 | -0.5
1.021287074825908 | 2 | -0.5
0.9832635268258317 | 2 | -0.5
0.9810839617111797 | 2 | -0.5
0.9934820191110929 | 2 | -0.5
1.1027946746810475 | 2 | -0.5
1.213879223937592 | 2 | -0.5
1.539303354258707 | 2 | -0.5
1.862738596269008 | 2 | -0.5
5.499227082803101 | 2 | -0.5
5.332788835329678 | 2 | -0.5
5.294900880720282 | 2 | -0.5
5.365400542954429 | 2 | -0.5
5.711524639790857 | 2 | -0.5
4.071714475703993 | 2 | -0.5
3.293546675618822 | 2 | -0.5
2.8515348191221603 | 2 | -0.5
2.549955838699713 | 2 | -0.5
2.4547680070367774 | 2 | -0.5
2.438044183069621 | 2 | -0.5
2.5407836628783453 | 0 | 5.0
2.5107219434964834 | 2 | -0.5
2.7242534679480617 | 2 | -0.5
3.044483146735393 | 2 | -0.5
3.692744976589106 | 2 | -0.5
7.4901408237014415 | 2 | -0.5
6.896031405895808 | 2 | -0.5
6.716508881868084 | 2 | -0.5
4.602733724714288 | 2 | -0.5
2.32366227594523 | 2 | -0.5
1.6087568032541386 | 2 | -0.5
1.3278763515891119 | 2 | -0.5
1.2277139824538064 | 2 | -0.5
1.0629681909453697 | 2 | -0.5
1.0147509014651257 | 2 | -0.5
1.0090376391595308 | 2 | -0.5
1.0059853424819034 | 2 | -0.5
1.0979763523052608 | 2 | -0.5
1.227169258370351 | 2 | -0.5
1.404817693092913 | 2 | -0.5
1.7714169535040165 | 2 | -0.5
5.604511255291426 | 2 | -0.5
5.347083734548163 | 2 | -0.5
5.32177939931164 | 2 | -0.5
5.445923989013882 | 2 | -0.5
5.44321064551177 | 2 | -0.5
3.8663759355543483 | 2 | -0.5
3.0821602120593714 | 2 | -0.5
2.755911262281867 | 2 | -0.5
2.5335078066579557 | 2 | -0.5
2.3863767367827835 | 2 | -0.5
2.4456661578384598 | 2 | -0.5
2.509799509947106 | 2 | -0.5
2.698313261778021 | 2 | -0.5
3.173306276721097 | 2 | -0.5
3.8542577950787833 | 2 | -0.5
7.262490274911261 | 2 | -0.5
6.762946260024609 | 2 | -0.5
6.614326662662954 | 2 | -0.5
5.461232091277427 | 2 | -0.5
2.572389130239976 | 2 | -0.5
1.8052673635402428 | 2 | -0.5
1.4014923191352242 | 2 | -0.5
1.1922814669922241 | 2 | -0.5
1.1209443716478007 | 2 | -0.5
1.055755787388362 | 2 | -0.5
1.0303573323886184 | 2 | -0.5
1.0213125896228814 | 2 | -0.5
1.1140799413852551 | 2 | -0.5
1.1982261117385864 | 2 | -0.5
1.3893766187552952 | 2 | -0.5
1.8080493071169563 | 2 | -0.5
5.6192650073135795 | 2 | -0.5
5.304173621146536 | 2 | -0.5
5.289287373517142 | 2 | -0.5
5.511475303826495 | 2 | -0.5
4.8197120308436086 | 2 | -0.5
3.668228866046323 | 2 | -0.5
2.9318256259699558 | 2 | -0.5
2.6211023527562296 | 2 | -0.5
2.4149630284462775 | 2 | -0.5
2.3573849788514614 | 2 | -0.5
2.366094080774579 | 2 | -0.5
2.514696108439179 | 2 | -0.5
2.695187221768123 | 2 | -0.5
3.0711188184230718 | 2 | -0.5
3.7505149242679225 | 2 | -0.5
7.300941638021143 | 2 | -0.5
6.871505514366503 | 2 | -0.5
6.603909165368018 | 2 | -0.5
5.2554572520632545 | 2 | -0.5
2.0495234330823315 | 2 | -0.5
1.5541644907257885 | 2 | -0.5
1.2394191071595844 | 2 | -0.5
1.1138307497994682 | 2 | -0.5
1.0341099146042545 | 2 | -0.5
0.9804137556493504 | 2 | -0.5
1.0003834680971755 | 2 | -0.5
1.0518400465022555 | 2 | -0.5
1.1423135462645597 | 2 | -0.5
1.3522268526965777 | 2 | -0.5
1.6776037951537832 | 2 | -0.5
2.340648939160913 | 2 | -0.5
5.410596450128362 | 2 | -0.5
5.231397779751322 | 2 | -0.5
5.32034509121108 | 2 | -0.5
5.699311794767108 | 2 | -0.5
3.888457765690785 | 2 | -0.5
3.2291763741120136 | 2 | -0.5
2.830203526563676 | 2 | -0.5
2.54938633983915 | 2 | -0.5
2.4337529150053725 | 2 | -0.5
2.3956140446070853 | 2 | -0.5
2.390173314297521 | 2 | -0.5
2.503884808611187 | 2 | -0.5
2.7010655213460377 | 2 | -0.5
3.1269825090517065 | 2 | -0.5
3.983577933985017 | 2 | -0.5
7.233026058212168 | 2 | -0.5
6.871361026560408 | 2 | -0.5
6.706439295887708 | 2 | -0.5
5.591189191116977 | 2 | -0.5
2.691353835776249 | 2 | -0.5
1.7714640952492926 | 2 | -0.5
1.392835542984684 | 2 | -0.5
1.213409242809031 | 2 | -0.5
1.1140213940105537 | 2 | -0.5
1.0755731726345596 | 2 | -0.5
1.079607798356502 | 2 | -0.5
1.0868387675401356 | 2 | -0.5
1.1528092371380985 | 2 | -0.5
1.1988282450055254 | 2 | -0.5
1.4012694071760599 | 2 | -0.5
1.6579743320682367 | 2 | -0.5
2.3289823227235456 | 2 | -0.5
5.294142398191777 | 2 | -0.5
5.204645337138658 | 2 | -0.5
5.334479707073243 | 2 | -0.5
5.466970594639585 | 2 | -0.5
3.8821674841157026 | 2 | -0.5
3.1496493805401724 | 2 | -0.5
2.730082589899536 | 2 | -0.5
2.54986083997859 | 2 | -0.5
2.3865245368783277 | 2 | -0.5
2.3528693335742563 | 2 | -0.5
2.4644932571388085 | 2 | -0.5
2.6040199110102247 | 2 | -0.5
2.901680003352742 | 2 | -0.5
3.5655834980406302 | 2 | -0.5
7.510496277597618 | 2 | -0.5
7.030545901598096 | 2 | -0.5
6.699396419913051 | 2 | -0.5
6.686301090368987 | 2 | -0.5
3.429379869362244 | 2 | -0.5
2.04416616007973 | 2 | -0.5
1.5065610952770074 | 2 | -0.5
1.265889996168668 | 2 | -0.5
1.1359299880549314 | 2 | -0.5
1.0351188727993423 | 2 | -0.5
1.061002727312427 | 2 | -0.5
1.0300967452417065 | 2 | -0.5
0.9853326740693948 | 2 | -0.5
1.1064538700458855 | 2 | -0.5
1.238526206486193 | 2 | -0.5
1.3941524473782154 | 2 | -0.5
1.730055356574555 | 2 | -0.5
5.598072147023973 | 2 | -0.5
5.319118596470662 | 2 | -0.5
5.231431118875642 | 2 | -0.5
5.36404531277949 | 2 | -0.5
5.687068324399074 | 2 | -0.5
4.104586356969635 | 2 | -0.5
3.3609438861734757 | 2 | -0.5
2.830358209498751 | 2 | -0.5
2.6420793279851513 | 2 | -0.5
2.52563680981828 | 2 | -0.5
2.51575588396232 | 0 | 5.0
2.5341199764830726 | 2 | -0.5
2.6350276092249807 | 2 | -0.5
2.8078103590650514 | 2 | -0.5
3.1704085781498685 | 2 | -0.5
3.6765720510301354 | 2 | -0.5
8.129595020631138 | 2 | -0.5
7.310143423051316 | 2 | -0.5
7.0197425920456045 | 2 | -0.5
6.98837398797848 | 2 | -0.5
2.8611558264839756 | 2 | -0.5
1.6961663030967447 | 2 | -0.5
1.2261817403580173 | 2 | -0.5
1.1205970197023603 | 2 | -0.5
0.9958398083074026 | 2 | -0.5
0.9430214293711271 | 2 | -0.5
0.8985932482718011 | 2 | -0.5
0.8901214647529053 | 2 | -0.5
0.9868430342505546 | 2 | -0.5
1.0561797738494667 | 2 | -0.5
1.2646379628876563 | 2 | -0.5
1.4584892793728383 | 2 | -0.5
2.0333650683111135 | 2 | -0.5
5.003657095905909 | 2 | -0.5
4.915155908258239 | 2 | -0.5
5.019088237926021 | 2 | -0.5
5.32201193426473 | 2 | -0.5
4.324057628643229 | 2 | -0.5
3.3693140119174085 | 2 | -0.5
2.899755513597521 | 2 | -0.5
2.6549963623516164 | 2 | -0.5
2.530678283850549 | 2 | -0.5
2.474257644584911 | 2 | -0.5
2.559518647793238 | 2 | -0.5
2.7104896170560293 | 2 | -0.5
3.0101446836080656 | 2 | -0.5
3.555494843458986 | 2 | -0.5
4.622602475118179 | 2 | -0.5
7.419470033521572 | 2 | -0.5
7.076806617448504 | 2 | -0.5
6.957829595091018 | 2 | -0.5
2.642295322076818 | 2 | -0.5
1.658305279987776 | 2 | -0.5
1.334969607709418 | 2 | -0.5
1.1711097473413659 | 2 | -0.5
1.0330228941213806 | 2 | -0.5
0.9596004542119071 | 2 | -0.5
0.9248817406428145 | 2 | -0.5
0.9213047508451425 | 2 | -0.5
1.0108021774950458 | 2 | -0.5
1.0442509999909722 | 2 | -0.5
1.174856582898857 | 2 | -0.5
1.3520778602389334 | 2 | -0.5
1.7298561486730608 | 2 | -0.5
5.122623403935686 | 2 | -0.5
4.89273854819138 | 2 | -0.5
4.91024556706702 | 2 | -0.5
5.03951888667788 | 2 | -0.5
5.249516116502011 | 2 | -0.5
3.898045409298005 | 2 | -0.5
3.2567234611986207 | 2 | -0.5
2.75847255176189 | 2 | -0.5
2.5352874051073737 | 2 | -0.5
2.4271189141624787 | 2 | -0.5
2.4261852247104163 | 2 | -0.5
2.4385352676804986 | 2 | -0.5
2.5604395792065255 | 2 | -0.5
2.905946207487961 | 2 | -0.5
3.5021328254402446 | 2 | -0.5
4.280153552919604 | 2 | -0.5
7.440721956051786 | 2 | -0.5
7.002246667212935 | 2 | -0.5
7.013764174935377 | 2 | -0.5
2.948974306580181 | 2 | -0.5
1.923893878182647 | 2 | -0.5
1.499868709146402 | 2 | -0.5
1.198511935983255 | 2 | -0.5
1.0706134478855722 | 2 | -0.5
0.9605149129561014 | 2 | -0.5
0.9598670857229397 | 2 | -0.5
0.9394831775675286 | 2 | -0.5
0.9664577124008751 | 2 | -0.5
1.0000530905005367 | 2 | -0.5
1.0929759486129254 | 2 | -0.5
1.2531247443047546 | 2 | -0.5
1.6042470882190263 | 2 | -0.5
5.308637400354516 | 2 | -0.5
4.985237964494123 | 2 | -0.5
4.936107790214885 | 2 | -0.5
5.08146464451691 | 2 | -0.5
5.119810041326851 | 2 | -0.5
3.9947945099251094 | 2 | -0.5
3.232622920940245 | 2 | -0.5
2.884503349305532 | 2 | -0.5
2.609453880032473 | 2 | -0.5
2.5108333541164223 | 2 | -0.5
2.453146259498082 | 2 | -0.5
Total reward: -390.0
