-1.6, -4.5, 4.0, -2.8, -2.2, -2.6, -4.5, 2.3, 2.3, -1.2, 0.2, 0.0, 1.1, -0.8, -2.3, 5.8, 0.4, 2.2
parameter ends

state | action | reward
[7.66] | 2 | -0.5
11.659832185940406 | 2 | -0.5
1.5490435740228212 | 2 | -0.5
1.5466001997132903 | 2 | -0.5
1.6029266600655925 | 2 | -0.5
1.7002475104421158 | 2 | -0.5
1.9925119389686994 | 2 | -0.5
2.446103081202612 | 2 | -0.5
3.111757633348247 | 2 | -0.5
4.9100359378236815 | 2 | -0.5
8.388904676717985 | 2 | -0.5
8.420579817680464 | 2 | -0.5
5.169126896346914 | 2 | -0.5
3.3661355617101427 | 2 | -0.5
2.6251043918436814 | 2 | -0.5
2.328826588507883 | 2 | -0.5
2.060757141869137 | 2 | -0.5
1.9370528213003868 | 0 | 5.0
2.020238126904641 | 2 | -0.5
1.9767136169480417 | 2 | -0.5
1.9648876943148592 | 2 | -0.5
1.9990455510663125 | 2 | -0.5
2.1988890687562086 | 2 | -0.5
2.4489316189567525 | 2 | -0.5
2.9466009457734788 | 2 | -0.5
3.9100750648120255 | 2 | -0.5
4.011616227852785 | 2 | -0.5
3.818973243872321 | 2 | -0.5
3.839748240878848 | 2 | -0.5
3.9753641367723005 | 2 | -0.5
4.2432170041894395 | 2 | -0.5
4.737100839388367 | 2 | -0.5
5.97390787580941 | 2 | -0.5
1.5811619955583416 | 2 | -0.5
1.461095358419667 | 2 | -0.5
1.432680439487328 | 2 | -0.5
1.4725326394387168 | 2 | -0.5
1.497003899183681 | 2 | -0.5
1.6652727032349184 | 2 | -0.5
1.8675727410747358 | 2 | -0.5
2.339486006549147 | 2 | -0.5
3.429430721606991 | 2 | -0.5
8.197774368628666 | 2 | -0.5
8.063750908682556 | 2 | -0.5
6.772540455109728 | 2 | -0.5
3.9264401424151654 | 2 | -0.5
2.8956212802136303 | 2 | -0.5
2.420745670522167 | 2 | -0.5
2.0997851254891833 | 2 | -0.5
1.9253220513550244 | 2 | -0.5
1.8555197913564896 | 2 | -0.5
1.8376984940965868 | 2 | -0.5
1.8849568089448372 | 2 | -0.5
2.0710302297743626 | 2 | -0.5
2.3540850549598273 | 2 | -0.5
2.751832240984011 | 2 | -0.5
3.37415561725375 | 2 | -0.5
4.031049405655075 | 2 | -0.5
3.8190475847460186 | 2 | -0.5
3.818119236452753 | 2 | -0.5
3.9613388034008503 | 2 | -0.5
4.247557734047503 | 2 | -0.5
4.53020618613448 | 2 | -0.5
5.250798866590597 | 2 | -0.5
6.487345499203756 | 2 | -0.5
1.7367941152261108 | 2 | -0.5
1.6574441838108749 | 2 | -0.5
1.6278656269716392 | 2 | -0.5
1.6500600358739477 | 2 | -0.5
1.7977431451900845 | 2 | -0.5
1.9597938482075647 | 2 | -0.5
2.2165161848175607 | 2 | -0.5
2.7966910071697653 | 2 | -0.5
4.250719594751937 | 2 | -0.5
8.167454962197745 | 2 | -0.5
8.061946926894061 | 2 | -0.5
5.28344192327995 | 2 | -0.5
3.3719390338445465 | 2 | -0.5
2.4939538354021797 | 2 | -0.5
2.1002553769789274 | 2 | -0.5
1.9165846672813145 | 2 | -0.5
1.7776992058316188 | 2 | -0.5
1.7349222893852967 | 2 | -0.5
1.7137184932145109 | 2 | -0.5
1.7875786220349428 | 2 | -0.5
1.92950297843706 | 2 | -0.5
2.1375691866100612 | 2 | -0.5
2.597325912320959 | 2 | -0.5
3.4067180462246585 | 2 | -0.5
4.036445528746926 | 2 | -0.5
3.919028138033546 | 2 | -0.5
3.882124657075403 | 2 | -0.5
3.997241344424316 | 2 | -0.5
4.271200853333484 | 2 | -0.5
4.764666391576989 | 2 | -0.5
5.533358086479995 | 2 | -0.5
7.311332959285703 | 2 | -0.5
1.8013553679494687 | 2 | -0.5
1.7040302159354286 | 2 | -0.5
1.6732636500957259 | 2 | -0.5
1.778433156861424 | 2 | -0.5
1.9008178653440715 | 2 | -0.5
2.0985873414099636 | 2 | -0.5
2.4935590646941606 | 2 | -0.5
3.2568499876182546 | 2 | -0.5
4.707510389130025 | 2 | -0.5
8.048272731386911 | 2 | -0.5
8.059840109822678 | 2 | -0.5
5.036306392597059 | 2 | -0.5
3.247263980578506 | 2 | -0.5
2.5177397864390114 | 2 | -0.5
2.081436632032964 | 2 | -0.5
1.8435580662011444 | 2 | -0.5
1.7577365133788176 | 2 | -0.5
1.680874280239422 | 2 | -0.5
1.6711007812044572 | 2 | -0.5
1.7087434343569772 | 2 | -0.5
1.8728875349518992 | 2 | -0.5
2.0781618497982324 | 2 | -0.5
2.617270657233861 | 2 | -0.5
3.516273804315647 | 2 | -0.5
3.9718780286963002 | 2 | -0.5
3.851960786037884 | 2 | -0.5
3.925174528632849 | 2 | -0.5
4.182225063192276 | 2 | -0.5
4.626645276695408 | 2 | -0.5
5.506260460348883 | 2 | -0.5
7.491353215385446 | 2 | -0.5
1.8674661835471968 | 2 | -0.5
1.7749978519734462 | 2 | -0.5
1.7675498162056988 | 2 | -0.5
1.828894307079051 | 2 | -0.5
1.9528146925007797 | 2 | -0.5
2.2085492977716923 | 2 | -0.5
2.6353194344279927 | 2 | -0.5
3.376802449117779 | 2 | -0.5
4.9933239539337855 | 2 | -0.5
8.12495352294444 | 2 | -0.5
8.063245930035723 | 2 | -0.5
6.574996914746653 | 2 | -0.5
3.77742438352461 | 2 | -0.5
2.6887511167045632 | 2 | -0.5
2.164530919559467 | 2 | -0.5
1.8701706222914332 | 2 | -0.5
1.7825030384845089 | 2 | -0.5
1.676956460001482 | 2 | -0.5
1.6300514068741894 | 2 | -0.5
1.6491788900311661 | 2 | -0.5
1.8086784844603794 | 2 | -0.5
1.9287495917237918 | 2 | -0.5
2.1784568797323858 | 2 | -0.5
2.650089648588087 | 2 | -0.5
3.550904141777818 | 2 | -0.5
3.9066129418096147 | 2 | -0.5
3.8043844866272183 | 2 | -0.5
3.810903411512742 | 2 | -0.5
3.9944605861179037 | 2 | -0.5
4.324625804051625 | 2 | -0.5
4.972416723920166 | 2 | -0.5
6.119824799584985 | 2 | -0.5
8.59449231508473 | 2 | -0.5
1.8019812984578938 | 2 | -0.5
1.7612549285799466 | 2 | -0.5
1.8020379455053033 | 2 | -0.5
1.8624174773357012 | 2 | -0.5
2.0958047742503547 | 2 | -0.5
2.4272711589757088 | 2 | -0.5
3.2035914597224533 | 2 | -0.5
5.030185389074403 | 2 | -0.5
8.144380591640608 | 2 | -0.5
8.152699261318581 | 2 | -0.5
5.033307587121003 | 2 | -0.5
3.4176444533089163 | 2 | -0.5
2.3563063048185455 | 2 | -0.5
1.9650589541418744 | 2 | -0.5
1.771217567727786 | 2 | -0.5
1.6156561202209976 | 2 | -0.5
1.5220397161174355 | 2 | -0.5
1.5544418236782045 | 2 | -0.5
1.6514514790490404 | 2 | -0.5
1.7691084684662948 | 2 | -0.5
1.976230734578427 | 2 | -0.5
2.4621243257386016 | 2 | -0.5
3.3627397652756423 | 2 | -0.5
3.9042783156274687 | 2 | -0.5
3.8220740819551535 | 2 | -0.5
3.8175245107544455 | 2 | -0.5
3.9973672295746825 | 2 | -0.5
4.233606238651662 | 2 | -0.5
4.717375004439878 | 2 | -0.5
5.983155043103302 | 2 | -0.5
8.03919708727014 | 2 | -0.5
1.8413054955184869 | 2 | -0.5
1.817934895065904 | 2 | -0.5
1.8407372062260121 | 2 | -0.5
1.9159941100895768 | 2 | -0.5
2.0800164081807355 | 2 | -0.5
2.441360709138105 | 2 | -0.5
3.0518430430405274 | 2 | -0.5
4.403523558226318 | 2 | -0.5
8.24018819294604 | 2 | -0.5
7.995511325399845 | 2 | -0.5
8.034920298738683 | 2 | -0.5
3.9559833935064894 | 2 | -0.5
2.726537601105239 | 2 | -0.5
2.1075899496858814 | 2 | -0.5
1.820681512982893 | 2 | -0.5
1.6808393390306469 | 2 | -0.5
1.5930782521155922 | 2 | -0.5
1.5329884094338193 | 2 | -0.5
1.5727034090434502 | 2 | -0.5
1.65620159807277 | 2 | -0.5
1.773764110802172 | 2 | -0.5
1.9884456314884846 | 2 | -0.5
2.369556243309494 | 2 | -0.5
3.0377589410652246 | 2 | -0.5
4.11722874596689 | 2 | -0.5
3.972880722453652 | 2 | -0.5
3.942234403235735 | 2 | -0.5
4.155447078644914 | 2 | -0.5
4.428740633178879 | 2 | -0.5
5.08962409857585 | 2 | -0.5
6.743619715896949 | 2 | -0.5
9.139407106478698 | 2 | -0.5
2.008271234433754 | 2 | -0.5
1.9803277578050276 | 2 | -0.5
1.9875204048882855 | 2 | -0.5
2.1128861691116056 | 2 | -0.5
2.3895545191276852 | 2 | -0.5
2.8759154740835484 | 2 | -0.5
3.5120413967677084 | 2 | -0.5
5.178221487088232 | 2 | -0.5
8.108141589780526 | 2 | -0.5
8.097190065921717 | 2 | -0.5
4.84249179604091 | 2 | -0.5
2.9319112457371364 | 2 | -0.5
2.1771194031100944 | 2 | -0.5
1.8634363693170628 | 2 | -0.5
1.6755104055202226 | 2 | -0.5
1.5306475318591286 | 1 | -0.5
1.7131069284560134 | 2 | -0.5
1.5504863690625457 | 2 | -0.5
1.5034608946772514 | 2 | -0.5
1.4905687236447038 | 2 | -0.5
1.522970088010164 | 2 | -0.5
1.6708466258006667 | 2 | -0.5
1.8865721932714463 | 2 | -0.5
2.3641013048417197 | 2 | -0.5
3.0229255377466147 | 2 | -0.5
4.051719919554345 | 2 | -0.5
3.8871059187661294 | 2 | -0.5
3.8971641684829805 | 2 | -0.5
4.017860567809659 | 2 | -0.5
4.299285564507083 | 2 | -0.5
4.9992436518526695 | 2 | -0.5
6.277065048028934 | 2 | -0.5
9.250384142865311 | 2 | -0.5
1.896832550695356 | 2 | -0.5
1.8904050241052737 | 2 | -0.5
1.8933901836081721 | 2 | -0.5
1.9912236502088803 | 2 | -0.5
2.1178514848118963 | 2 | -0.5
2.4236131953654687 | 2 | -0.5
2.9810484472108234 | 2 | -0.5
3.9531775029675313 | 2 | -0.5
8.30979085679532 | 2 | -0.5
8.048071547566781 | 2 | -0.5
8.043816459837764 | 2 | -0.5
5.076695630779738 | 2 | -0.5
3.0742248246030766 | 2 | -0.5
2.368135420759499 | 2 | -0.5
1.9367601147698297 | 2 | -0.5
1.7035595852446959 | 2 | -0.5
1.5462529175076205 | 2 | -0.5
1.5295392095514802 | 2 | -0.5
1.5769137418228214 | 2 | -0.5
1.6474029707771143 | 2 | -0.5
1.7105569323087675 | 2 | -0.5
2.020008221227929 | 2 | -0.5
2.525078466473323 | 2 | -0.5
3.3908684327633747 | 2 | -0.5
4.022990229254542 | 2 | -0.5
3.939006810288605 | 2 | -0.5
3.9987484099689623 | 2 | -0.5
4.195923437916169 | 2 | -0.5
4.572852542926434 | 2 | -0.5
5.311758915456407 | 2 | -0.5
6.381958874954761 | 2 | -0.5
7.980392886953693 | 2 | -0.5
1.9773154705964164 | 2 | -0.5
1.9461970098559238 | 2 | -0.5
1.9804447031070733 | 2 | -0.5
2.013457490253013 | 2 | -0.5
2.1942155026918844 | 2 | -0.5
2.4133210980834536 | 2 | -0.5
2.8992879172020833 | 2 | -0.5
3.8430286436208068 | 2 | -0.5
8.466191815932284 | 2 | -0.5
8.103703956392433 | 2 | -0.5
8.100060865169413 | 2 | -0.5
3.954696039580251 | 2 | -0.5
2.5428595874735023 | 2 | -0.5
2.0003282773726 | 2 | -0.5
1.6818842281393849 | 2 | -0.5
1.572289268997962 | 1 | -0.5
1.7823579256890016 | 2 | -0.5
1.5904508626249574 | 1 | -0.5
1.7798947289454186 | 2 | -0.5
1.6086752037772203 | 2 | -0.5
1.5785461461363972 | 2 | -0.5
1.5192367183829272 | 2 | -0.5
1.5797021160040299 | 2 | -0.5
1.7358015179204194 | 2 | -0.5
1.9258218347877543 | 2 | -0.5
2.2171740366047734 | 2 | -0.5
2.9236178125812886 | 2 | -0.5
4.245691600824483 | 2 | -0.5
4.112149797273401 | 2 | -0.5
4.047445262247348 | 2 | -0.5
4.2371428289068716 | 2 | -0.5
4.53407431343317 | 2 | -0.5
5.14307439064001 | 2 | -0.5
6.221189673187253 | 2 | -0.5
8.316447680993724 | 2 | -0.5
2.0219413648088045 | 2 | -0.5
1.981734575531001 | 2 | -0.5
1.9281719525251542 | 2 | -0.5
2.052589100710163 | 2 | -0.5
2.2323399322377044 | 2 | -0.5
2.609330644366512 | 2 | -0.5
3.368347457851994 | 2 | -0.5
4.531626415571771 | 2 | -0.5
8.048955198767455 | 2 | -0.5
7.825868589251115 | 2 | -0.5
6.152220073932499 | 2 | -0.5
3.1741276157881564 | 2 | -0.5
2.1932270857978855 | 2 | -0.5
1.7613257358066225 | 2 | -0.5
1.5156401629922647 | 2 | -0.5
1.3690793139030812 | 2 | -0.5
1.3502203003111353 | 2 | -0.5
1.3171759223919637 | 2 | -0.5
1.4195890234962738 | 2 | -0.5
1.5148982132684419 | 2 | -0.5
1.7747926695899097 | 2 | -0.5
2.170350890174346 | 2 | -0.5
3.140759147727131 | 2 | -0.5
4.132286954580136 | 2 | -0.5
4.068185032604778 | 2 | -0.5
4.2255127004582524 | 2 | -0.5
4.457787481128317 | 2 | -0.5
4.999002478094226 | 2 | -0.5
5.828531787735328 | 2 | -0.5
7.216839807112528 | 2 | -0.5
2.2503468995267752 | 2 | -0.5
2.1411114633968547 | 2 | -0.5
2.1543112454537625 | 2 | -0.5
2.1879844027712485 | 2 | -0.5
2.345176037090561 | 2 | -0.5
2.5984716833953456 | 2 | -0.5
3.138779132076277 | 2 | -0.5
4.1178847648540255 | 2 | -0.5
8.30654427900401 | 2 | -0.5
7.9399845987688975 | 2 | -0.5
7.846637235074441 | 2 | -0.5
4.926238636407808 | 2 | -0.5
2.8896027938597806 | 2 | -0.5
2.036659773538235 | 2 | -0.5
1.6633433853582982 | 2 | -0.5
1.462620806810944 | 2 | -0.5
1.3100488727313844 | 2 | -0.5
1.2429060317724236 | 2 | -0.5
1.255678906850845 | 2 | -0.5
1.3192418212755006 | 2 | -0.5
1.3767205660488566 | 2 | -0.5
1.540184102026898 | 2 | -0.5
1.7842822507019864 | 2 | -0.5
2.2884888442908653 | 2 | -0.5
3.222861264260703 | 0 | 5.0
2.9316882171098317 | 0 | 5.0
2.323338478687911 | 0 | 5.0
1.7430591075627608 | 0 | 5.0
1.1858953016111766 | 0 | -200.0
Total reward: -363.5
