-1.6, -4.5, 4.0, -2.8, -2.2, -2.6, -4.5, 2.3, 2.3, -1.2, 0.2, 0.0, 1.1, -0.8, -2.3, 5.8, 0.4, 2.2
parameter ends

state | action | reward
[1.74] | 2 | -0.5
2.0260189244996356 | 2 | -0.5
2.5102253588156356 | 2 | -0.5
3.5478558902729334 | 2 | -0.5
6.9505444012825945 | 2 | -0.5
6.763348292278072 | 2 | -0.5
6.834923754162769 | 2 | -0.5
5.493456971388722 | 2 | -0.5
3.4418700714734403 | 2 | -0.5
2.723920753122665 | 2 | -0.5
2.3579350739864062 | 2 | -0.5
2.122398509602239 | 2 | -0.5
1.9495619774293873 | 2 | -0.5
1.898561965311305 | 2 | -0.5
1.869174280223834 | 2 | -0.5
1.9729390243507494 | 2 | -0.5
2.1943652648023892 | 2 | -0.5
2.514354361491989 | 2 | -0.5
2.9986132921975384 | 2 | -0.5
4.199487509995997 | 2 | -0.5
7.001085416526576 | 2 | -0.5
13.648989829151002 | 2 | -0.5
8.662907677526258 | 2 | -0.5
3.845331524069518 | 2 | -0.5
2.647325061345357 | 2 | -0.5
2.1299713647308924 | 2 | -0.5
1.8555475770100855 | 2 | -0.5
1.6148383602112986 | 2 | -0.5
1.5763170180653059 | 2 | -0.5
1.5111397573804113 | 2 | -0.5
1.6156901150361684 | 2 | -0.5
1.7083045309097866 | 2 | -0.5
1.9461271163944325 | 2 | -0.5
2.2506778908804446 | 2 | -0.5
2.8654816125086424 | 2 | -0.5
7.131215867957943 | 2 | -0.5
6.764494535962955 | 2 | -0.5
6.71775457207042 | 2 | -0.5
6.923442780879395 | 2 | -0.5
4.334145080172528 | 2 | -0.5
3.041901903224623 | 2 | -0.5
2.4278293818512076 | 2 | -0.5
2.0736133029128028 | 2 | -0.5
1.920513069454187 | 2 | -0.5
1.8391357091355782 | 2 | -0.5
1.7905711477841726 | 2 | -0.5
1.8232312402827136 | 2 | -0.5
1.921947773650937 | 2 | -0.5
2.1148990285106812 | 2 | -0.5
2.5441632599057997 | 2 | -0.5
3.351853382898252 | 2 | -0.5
5.161849232983674 | 2 | -0.5
13.220095200506675 | 2 | -0.5
13.77299566774455 | 2 | -0.5
5.629770885723018 | 2 | -0.5
3.451863940948044 | 2 | -0.5
2.6060024296014954 | 2 | -0.5
2.1060715339395126 | 2 | -0.5
1.879725619353388 | 2 | -0.5
1.7016177065516753 | 2 | -0.5
1.64353222846754 | 2 | -0.5
1.658105391300029 | 2 | -0.5
1.7294481023114574 | 2 | -0.5
1.8838295703110237 | 2 | -0.5
2.2120004573710452 | 2 | -0.5
2.736229363163585 | 2 | -0.5
3.9117444601763376 | 2 | -0.5
6.839405013222498 | 2 | -0.5
6.710359501435862 | 2 | -0.5
6.811450123352744 | 2 | -0.5
4.942851772746885 | 2 | -0.5
3.106778684340767 | 2 | -0.5
2.349008980051393 | 2 | -0.5
2.0683439160039176 | 2 | -0.5
1.940669856036943 | 2 | -0.5
1.8660491023991415 | 2 | -0.5
1.8044544616319695 | 2 | -0.5
1.8397158150351236 | 2 | -0.5
1.9483073019210224 | 2 | -0.5
2.161827477515476 | 2 | -0.5
2.572195321673218 | 2 | -0.5
3.4368438021606376 | 2 | -0.5
5.794464364169839 | 2 | -0.5
13.687094652048975 | 2 | -0.5
13.681418819787146 | 2 | -0.5
4.678471826906191 | 2 | -0.5
2.919579705712969 | 2 | -0.5
2.280588915258006 | 2 | -0.5
1.9200624711535774 | 2 | -0.5
1.685419527986191 | 2 | -0.5
1.5756893734426265 | 2 | -0.5
1.5386016182952704 | 2 | -0.5
1.532201107558433 | 2 | -0.5
1.6164174276013545 | 2 | -0.5
1.6817160109547988 | 2 | -0.5
1.9932742844926088 | 2 | -0.5
2.2746827230616695 | 2 | -0.5
3.0285805211584704 | 2 | -0.5
7.0455187940408575 | 2 | -0.5
6.743675416215866 | 2 | -0.5
6.840048395664819 | 2 | -0.5
5.267601376074557 | 2 | -0.5
3.4384079011919013 | 2 | -0.5
2.705458650243505 | 2 | -0.5
2.221718855819671 | 2 | -0.5
1.9517807846296635 | 2 | -0.5
1.8195430319702692 | 2 | -0.5
1.8060233902682883 | 2 | -0.5
1.8360386070283827 | 2 | -0.5
1.901402512861208 | 2 | -0.5
2.0678130710447347 | 2 | -0.5
2.365033806058918 | 2 | -0.5
2.891414097005359 | 2 | -0.5
4.0298419189713135 | 2 | -0.5
7.441037615199827 | 2 | -0.5
13.598660956226146 | 2 | -0.5
9.223487210572225 | 2 | -0.5
4.152502897250928 | 2 | -0.5
2.8342187210238245 | 2 | -0.5
2.209752726323827 | 2 | -0.5
1.8771880130574548 | 2 | -0.5
1.6743900762044073 | 2 | -0.5
1.6437313077463163 | 2 | -0.5
1.5598356685181944 | 2 | -0.5
1.6289718292308637 | 2 | -0.5
1.7508690768752673 | 2 | -0.5
1.85923884206757 | 2 | -0.5
2.222351334907702 | 2 | -0.5
2.884482206397768 | 2 | -0.5
7.213297284986178 | 2 | -0.5
6.902313861085743 | 2 | -0.5
6.776554335060122 | 2 | -0.5
6.910257036131038 | 2 | -0.5
3.901943095819754 | 2 | -0.5
2.8728243842128958 | 2 | -0.5
2.3282524013960684 | 2 | -0.5
2.048920575251068 | 2 | -0.5
1.8157339021932897 | 2 | -0.5
1.8072424308711799 | 2 | -0.5
1.7137353950188319 | 2 | -0.5
1.775375035731922 | 2 | -0.5
1.9124757273300486 | 2 | -0.5
2.0535863605822153 | 2 | -0.5
2.3648736381405393 | 2 | -0.5
3.0657094863449825 | 2 | -0.5
4.65119294398952 | 2 | -0.5
10.648204785417246 | 2 | -0.5
13.68657951671432 | 2 | -0.5
5.426027609538629 | 2 | -0.5
3.3539883238139967 | 2 | -0.5
2.5431725788276056 | 2 | -0.5
2.2007070067124546 | 2 | -0.5
1.9195404003070142 | 2 | -0.5
1.8078516897413792 | 2 | -0.5
1.738545731943888 | 2 | -0.5
1.7213714446911446 | 2 | -0.5
1.8424908480570672 | 2 | -0.5
2.0256529756113797 | 2 | -0.5
2.2464565247115003 | 2 | -0.5
2.8365467172352816 | 2 | -0.5
3.8785786410063317 | 2 | -0.5
7.040306557726666 | 2 | -0.5
6.785100003108885 | 2 | -0.5
6.772798780685722 | 2 | -0.5
4.9652805377859215 | 2 | -0.5
3.0042709117563646 | 2 | -0.5
2.3182727686070934 | 2 | -0.5
2.029738929172915 | 2 | -0.5
1.7961767213426048 | 2 | -0.5
1.673100159455198 | 2 | -0.5
1.6473952899094282 | 2 | -0.5
1.5714789198448658 | 2 | -0.5
1.6061852796267266 | 2 | -0.5
1.7127409640827411 | 2 | -0.5
1.8838069674737357 | 2 | -0.5
2.1700559875636176 | 2 | -0.5
2.7788516111407633 | 2 | -0.5
4.059404418940868 | 2 | -0.5
11.600590457546994 | 2 | -0.5
13.840162286707242 | 2 | -0.5
5.4288844237508025 | 2 | -0.5
3.404174927414129 | 2 | -0.5
2.702064770043276 | 2 | -0.5
2.3345793858807697 | 2 | -0.5
2.0422653510673214 | 2 | -0.5
1.8843881500567234 | 2 | -0.5
1.822709893045381 | 2 | -0.5
1.8371446573734957 | 2 | -0.5
1.8885597891993424 | 2 | -0.5
2.026966582636832 | 2 | -0.5
2.2317092198691046 | 2 | -0.5
2.6794041768747845 | 2 | -0.5
3.6821753744630135 | 2 | -0.5
7.005307656026643 | 2 | -0.5
6.731365539887031 | 2 | -0.5
6.70796324500967 | 2 | -0.5
4.9426367377171605 | 2 | -0.5
3.263650907161015 | 2 | -0.5
2.459178198914438 | 2 | -0.5
2.010047368700269 | 2 | -0.5
1.8290924802874668 | 2 | -0.5
1.715917938650342 | 2 | -0.5
1.686008878641985 | 2 | -0.5
1.6372514044721957 | 2 | -0.5
1.6556953364928415 | 2 | -0.5
1.7659725529987234 | 2 | -0.5
2.005846720296709 | 2 | -0.5
2.3258800454796873 | 2 | -0.5
2.848485860813152 | 2 | -0.5
4.292884599136869 | 2 | -0.5
10.412972049719745 | 2 | -0.5
13.681714821649855 | 2 | -0.5
6.24946024669395 | 2 | -0.5
3.5281271217077994 | 2 | -0.5
2.5023156375285387 | 2 | -0.5
2.1107057232361552 | 2 | -0.5
1.87863798626718 | 2 | -0.5
1.6873406273840188 | 2 | -0.5
1.646103601968987 | 2 | -0.5
1.59497060354124 | 2 | -0.5
1.670507935597772 | 2 | -0.5
1.7607408942981553 | 2 | -0.5
1.9708855053400827 | 2 | -0.5
2.3632189222668605 | 2 | -0.5
3.1347717651154223 | 2 | -0.5
6.972752069347955 | 2 | -0.5
6.7269090653427375 | 2 | -0.5
6.664014061216706 | 2 | -0.5
6.543477590392087 | 2 | -0.5
3.7360691272476902 | 2 | -0.5
2.801746109517644 | 2 | -0.5
2.3825877689080572 | 2 | -0.5
2.051951079579119 | 2 | -0.5
1.885390802285085 | 2 | -0.5
1.806318021815583 | 2 | -0.5
1.8328212933589474 | 2 | -0.5
1.8364592098488752 | 2 | -0.5
1.9755732044877303 | 2 | -0.5
2.1647695191589906 | 2 | -0.5
2.5488244429227667 | 2 | -0.5
3.3207746565093217 | 2 | -0.5
4.803071850709077 | 2 | -0.5
9.634232136362717 | 2 | -0.5
13.79126976738863 | 2 | -0.5
5.877007459484135 | 2 | -0.5
3.7397216712427714 | 2 | -0.5
2.759035524285933 | 2 | -0.5
2.256797632312893 | 2 | -0.5
1.8950430037779238 | 2 | -0.5
1.7941662568320307 | 2 | -0.5
1.663120471552143 | 2 | -0.5
1.7333973435315702 | 2 | -0.5
1.731790056889713 | 2 | -0.5
1.8793709467593 | 2 | -0.5
2.1428286514555506 | 2 | -0.5
2.6239305816235703 | 2 | -0.5
3.506317420408636 | 2 | -0.5
6.893432208644127 | 2 | -0.5
6.646930676991092 | 2 | -0.5
6.639603979958658 | 2 | -0.5
5.048090711076384 | 2 | -0.5
3.312994563142878 | 2 | -0.5
2.3539994165330564 | 2 | -0.5
2.0155905949510013 | 2 | -0.5
1.7710967233080734 | 2 | -0.5
1.6564994672972633 | 2 | -0.5
1.6122351761679163 | 2 | -0.5
1.6948904221681538 | 2 | -0.5
1.751980902373626 | 2 | -0.5
1.947340505308903 | 2 | -0.5
2.2419362263720997 | 2 | -0.5
2.7007669718740015 | 2 | -0.5
3.819941869975069 | 2 | -0.5
8.307153367290178 | 2 | -0.5
13.805836224847557 | 2 | -0.5
10.577752332012231 | 2 | -0.5
4.987250825139611 | 2 | -0.5
3.457762176575646 | 2 | -0.5
2.564888118969942 | 2 | -0.5
2.116479567797978 | 2 | -0.5
1.9013115767081763 | 2 | -0.5
1.7681272918007511 | 2 | -0.5
1.7042938514060013 | 2 | -0.5
1.697198665165756 | 2 | -0.5
1.7987574753254085 | 2 | -0.5
1.9830534964799587 | 2 | -0.5
2.2539150730136375 | 2 | -0.5
2.684527246384606 | 2 | -0.5
3.4509806473649927 | 2 | -0.5
6.822500318735982 | 2 | -0.5
6.573631108092016 | 2 | -0.5
6.584397301341549 | 2 | -0.5
4.947856582925041 | 2 | -0.5
3.3394410275349236 | 2 | -0.5
2.498959298809089 | 2 | -0.5
2.0971843447757075 | 2 | -0.5
1.8255014745122335 | 2 | -0.5
1.6800052672656558 | 2 | -0.5
1.625789004068832 | 2 | -0.5
1.6618625611730062 | 2 | -0.5
1.7016241721703727 | 2 | -0.5
1.877669485161325 | 2 | -0.5
2.1469823788879476 | 2 | -0.5
2.586156871719732 | 2 | -0.5
3.377980229580895 | 2 | -0.5
5.584746254596175 | 2 | -0.5
13.811456647381117 | 2 | -0.5
13.875255277542195 | 2 | -0.5
4.627380424178291 | 2 | -0.5
3.075588371745321 | 2 | -0.5
2.385381170958935 | 2 | -0.5
2.0200854363922063 | 2 | -0.5
1.9133134134271415 | 2 | -0.5
1.812323428484043 | 2 | -0.5
1.762457067427243 | 2 | -0.5
1.7896283721271409 | 2 | -0.5
1.8756739949681351 | 2 | -0.5
2.048115375745238 | 2 | -0.5
2.353683184870288 | 2 | -0.5
3.081328755440433 | 2 | -0.5
7.253742165023019 | 2 | -0.5
6.825851062005095 | 2 | -0.5
6.662533703348409 | 2 | -0.5
5.983695514145289 | 2 | -0.5
3.4525028165121654 | 2 | -0.5
2.5080209019081767 | 2 | -0.5
2.071973541426034 | 2 | -0.5
1.878649898627799 | 2 | -0.5
1.72337109492195 | 2 | -0.5
1.7118345437790068 | 2 | -0.5
1.7084593599030171 | 2 | -0.5
1.7519316951300015 | 2 | -0.5
1.93112518172973 | 2 | -0.5
2.256963478018283 | 2 | -0.5
2.8699817969366395 | 2 | -0.5
4.100503665458694 | 2 | -0.5
8.178832196419602 | 2 | -0.5
13.694136990872957 | 2 | -0.5
6.966992175606741 | 2 | -0.5
3.914177793021658 | 2 | -0.5
2.8006649315479066 | 2 | -0.5
2.21588596035775 | 2 | -0.5
1.9253653617813078 | 2 | -0.5
1.773032633544475 | 2 | -0.5
1.7054968748374997 | 2 | -0.5
1.703709766258976 | 2 | -0.5
1.7668957100732643 | 2 | -0.5
1.9242211132623588 | 2 | -0.5
2.123054757803145 | 2 | -0.5
2.520420739134172 | 2 | -0.5
3.256555521016792 | 2 | -0.5
7.139059450144153 | 2 | -0.5
6.794072627228136 | 2 | -0.5
6.729200053421648 | 2 | -0.5
6.828377733005379 | 2 | -0.5
4.165441174015181 | 2 | -0.5
2.939534034148342 | 2 | -0.5
2.317584784511147 | 2 | -0.5
1.9737150158922208 | 2 | -0.5
1.7851096388433378 | 2 | -0.5
1.6850409223887408 | 2 | -0.5
1.6992480052835213 | 2 | -0.5
1.7033761988005038 | 2 | -0.5
1.7942255730957968 | 2 | -0.5
1.9333074706268794 | 2 | -0.5
2.203530805234008 | 2 | -0.5
2.5195441000442154 | 2 | -0.5
3.260682207438539 | 2 | -0.5
5.148297467457389 | 2 | -0.5
13.844146843643014 | 2 | -0.5
13.810263410183437 | 2 | -0.5
5.43131322745125 | 2 | -0.5
3.3362002914736957 | 2 | -0.5
2.7483644501122906 | 2 | -0.5
2.3619072833005523 | 2 | -0.5
2.040864959858788 | 2 | -0.5
1.9422592956877374 | 2 | -0.5
1.8699467480679395 | 2 | -0.5
1.8595212848092422 | 2 | -0.5
1.9505385065992036 | 2 | -0.5
2.132678786415268 | 2 | -0.5
2.432174858579241 | 2 | -0.5
2.940614644822455 | 2 | -0.5
3.829561576111979 | 2 | -0.5
6.926828142938728 | 2 | -0.5
6.7040942315927055 | 2 | -0.5
6.802891514632455 | 2 | -0.5
4.129625068807076 | 2 | -0.5
2.7813290130170825 | 2 | -0.5
2.2495238447917956 | 2 | -0.5
1.9041222454647968 | 2 | -0.5
1.7552050222733482 | 2 | -0.5
1.6240407671175747 | 2 | -0.5
1.6525522034377118 | 2 | -0.5
1.6142472001829666 | 2 | -0.5
1.7119339221543868 | 2 | -0.5
1.8999712188847195 | 2 | -0.5
2.2600443863074315 | 2 | -0.5
2.7238813751011794 | 2 | -0.5
3.6176889414848787 | 2 | -0.5
6.3137397128833985 | 2 | -0.5
13.684226848308967 | 2 | -0.5
10.67928354804174 | 2 | -0.5
4.443903578467976 | 2 | -0.5
3.106517577790147 | 2 | -0.5
2.4665893127514065 | 2 | -0.5
2.086813647070115 | 2 | -0.5
1.8937998984910993 | 2 | -0.5
1.8564310300194133 | 2 | -0.5
1.805348348915333 | 2 | -0.5
1.8873775938299484 | 2 | -0.5
1.9393973034763994 | 2 | -0.5
2.093019110218993 | 2 | -0.5
2.38030194362432 | 2 | -0.5
2.9600162477781446 | 2 | -0.5
4.140870834016082 | 2 | -0.5
7.021070371733177 | 2 | -0.5
6.809964827393915 | 2 | -0.5
6.846114342686387 | 2 | -0.5
4.09402969644122 | 2 | -0.5
2.79483036818641 | 2 | -0.5
2.26403412038428 | 2 | -0.5
1.8813945612915257 | 2 | -0.5
1.7422398256366887 | 2 | -0.5
1.5917217703367008 | 2 | -0.5
1.6252481208299225 | 2 | -0.5
1.6047974704869128 | 2 | -0.5
1.6646982727446604 | 2 | -0.5
1.8975252346095386 | 2 | -0.5
2.252793689505242 | 2 | -0.5
2.7469134614505624 | 2 | -0.5
3.7999591795520895 | 2 | -0.5
6.682989766816466 | 2 | -0.5
13.533318051179398 | 2 | -0.5
8.40570393552135 | 2 | -0.5
4.579654533017254 | 2 | -0.5
2.9607667953490706 | 2 | -0.5
2.393602776845756 | 2 | -0.5
1.9859052147188168 | 2 | -0.5
1.8544884254412914 | 2 | -0.5
1.78750836549073 | 2 | -0.5
1.7819016403533625 | 2 | -0.5
1.8193472458208375 | 2 | -0.5
1.9547431026941031 | 2 | -0.5
2.183060123041277 | 2 | -0.5
2.5414231446200333 | 2 | -0.5
3.327745746062183 | 2 | -0.5
7.280646132476333 | 2 | -0.5
6.899270478583646 | 2 | -0.5
6.885317956866259 | 2 | -0.5
5.756663177627333 | 2 | -0.5
3.5185867741849264 | 2 | -0.5
2.508806104800148 | 2 | -0.5
2.1276500032483656 | 2 | -0.5
1.8603945076018085 | 2 | -0.5
1.7221974548094585 | 2 | -0.5
1.6408549633167768 | 2 | -0.5
1.6503400876231256 | 2 | -0.5
1.6890737209344966 | 2 | -0.5
1.7874371726040987 | 2 | -0.5
2.009128766615425 | 2 | -0.5
2.3245309667339313 | 2 | -0.5
3.062950570277903 | 2 | -0.5
4.427511084731869 | 2 | -0.5
12.054128201476523 | 2 | -0.5
13.570751448612219 | 2 | -0.5
5.137635747801578 | 2 | -0.5
3.290048444505258 | 2 | -0.5
2.621918168896766 | 2 | -0.5
2.1709391877212756 | 2 | -0.5
1.9444118603019023 | 2 | -0.5
1.7952991783689658 | 2 | -0.5
1.7198565456656194 | 2 | -0.5
1.7907656752717267 | 2 | -0.5
1.8653654379841582 | 2 | -0.5
2.0724201294348887 | 2 | -0.5
2.3745445191964607 | 2 | -0.5
3.104414023688556 | 2 | -0.5
7.374406671579296 | 2 | -0.5
6.984504026990942 | 2 | -0.5
6.892714761898222 | 2 | -0.5
7.0066409695591885 | 2 | -0.5
3.7835074514007068 | 2 | -0.5
2.537787067001448 | 2 | -0.5
2.0903467590188236 | 2 | -0.5
1.8103686624908837 | 2 | -0.5
1.642420747665766 | 2 | -0.5
1.5624592176651908 | 2 | -0.5
1.5819897772006295 | 2 | -0.5
1.6463306511398765 | 2 | -0.5
1.7571722567810486 | 2 | -0.5
2.037543642225357 | 2 | -0.5
2.428645475933907 | 2 | -0.5
3.2358285364838313 | 2 | -0.5
4.752809550705301 | 2 | -0.5
13.523783919898884 | 2 | -0.5
9.467090230037549 | 2 | -0.5
4.792839006418268 | 2 | -0.5
3.273356201470084 | 2 | -0.5
2.6989294672071793 | 2 | -0.5
2.249241097519754 | 2 | -0.5
1.9871652948008747 | 2 | -0.5
1.8510794552971153 | 2 | -0.5
1.8432976386175202 | 2 | -0.5
1.8327500905601881 | 2 | -0.5
1.9853134949886397 | 2 | -0.5
2.1048764969359866 | 2 | -0.5
2.3500566255128796 | 2 | -0.5
2.8749668223845086 | 2 | -0.5
3.725038275308806 | 2 | -0.5
7.328283574498825 | 2 | -0.5
7.073047948436087 | 2 | -0.5
7.072125690184375 | 2 | -0.5
4.794433676231564 | 2 | -0.5
3.1281157274497806 | 2 | -0.5
2.419854660529581 | 2 | -0.5
1.9929727931801589 | 2 | -0.5
1.7941294381136066 | 2 | -0.5
1.6681887054033113 | 2 | -0.5
1.6391834745489529 | 2 | -0.5
1.6318131669382232 | 2 | -0.5
1.677296066631364 | 2 | -0.5
1.7843086112756599 | 2 | -0.5
1.975323998306298 | 2 | -0.5
2.4010659292991443 | 2 | -0.5
3.3118992813267814 | 2 | -0.5
5.928448163460899 | 2 | -0.5
13.42053746244943 | 2 | -0.5
9.560503652430654 | 2 | -0.5
4.4188820872724 | 2 | -0.5
2.939696094264061 | 2 | -0.5
2.3882681863662656 | 2 | -0.5
2.059249180808606 | 2 | -0.5
1.864147392182901 | 2 | -0.5
1.7625102201764788 | 2 | -0.5
1.7367316156691845 | 2 | -0.5
1.830455675029647 | 2 | -0.5
1.9332595299090272 | 2 | -0.5
2.2103142216367804 | 2 | -0.5
2.6756427367695217 | 2 | -0.5
3.6616650873937444 | 2 | -0.5
7.249661989250757 | 2 | -0.5
6.96505453926715 | 2 | -0.5
7.042854893636872 | 2 | -0.5
4.8640643318589705 | 2 | -0.5
3.157946437920407 | 2 | -0.5
2.441442365010317 | 2 | -0.5
2.012420035315457 | 2 | -0.5
1.846387864907958 | 2 | -0.5
1.7369396272378337 | 2 | -0.5
1.735409464829779 | 2 | -0.5
1.8058077584505707 | 2 | -0.5
1.9337530650959462 | 2 | -0.5
2.219335654695056 | 2 | -0.5
2.7104530813661745 | 2 | -0.5
4.060203263445656 | 2 | -0.5
8.573031368943859 | 2 | -0.5
13.399598505481553 | 2 | -0.5
5.251501241511154 | 2 | -0.5
3.235049006360876 | 2 | -0.5
2.4623063961077327 | 2 | -0.5
2.0293962437740887 | 2 | -0.5
1.8050067822045768 | 2 | -0.5
1.7106145868065428 | 2 | -0.5
1.6484185959975146 | 2 | -0.5
1.6659755830378593 | 2 | -0.5
1.7291232949500845 | 2 | -0.5
1.8848234519969642 | 2 | -0.5
2.1494611748013193 | 2 | -0.5
2.6061050621320345 | 2 | -0.5
3.901780103452912 | 2 | -0.5
7.201670626689155 | 2 | -0.5
7.061200343922341 | 2 | -0.5
7.103442762216883 | 2 | -0.5
5.439536664429855 | 2 | -0.5
3.6632962956426747 | 2 | -0.5
2.611358314338524 | 2 | -0.5
2.26400831782225 | 2 | -0.5
2.0282170378755624 | 2 | -0.5
1.8950054657020892 | 2 | -0.5
1.8433773173320445 | 2 | -0.5
1.8552393587910931 | 2 | -0.5
1.9137097222064094 | 2 | -0.5
2.1129968241154646 | 2 | -0.5
2.61584007145643 | 2 | -0.5
3.203450284249286 | 2 | -0.5
4.37337812888591 | 2 | -0.5
9.018780592207847 | 2 | -0.5
13.311537162681761 | 2 | -0.5
6.261470850567551 | 2 | -0.5
3.6447083189279343 | 2 | -0.5
2.5217264701257265 | 2 | -0.5
2.14659644784881 | 2 | -0.5
1.7848372959791199 | 2 | -0.5
1.6839234803405176 | 2 | -0.5
1.5790287959266502 | 2 | -0.5
1.5980659112737674 | 2 | -0.5
1.6099878359704478 | 2 | -0.5
1.7083628744772963 | 2 | -0.5
1.885501334715333 | 2 | -0.5
2.1263186220672488 | 2 | -0.5
2.79964220164623 | 2 | -0.5
4.160921965333068 | 2 | -0.5
7.261602616628086 | 2 | -0.5
7.1025115952795 | 2 | -0.5
7.297118714007564 | 2 | -0.5
3.867145614996307 | 2 | -0.5
2.9358706836232575 | 2 | -0.5
2.467911547299609 | 2 | -0.5
2.1239250248130634 | 2 | -0.5
1.9242118988115897 | 2 | -0.5
1.874462739035344 | 2 | -0.5
1.8290255939623108 | 2 | -0.5
1.884616634738764 | 2 | -0.5
2.089732656590377 | 2 | -0.5
2.397351597025943 | 2 | -0.5
2.8358567968444133 | 2 | -0.5
4.122922802543538 | 2 | -0.5
7.600188755678593 | 2 | -0.5
13.279336794478464 | 2 | -0.5
6.231421415896569 | 2 | -0.5
3.7936984964884677 | 2 | -0.5
2.810561834570916 | 2 | -0.5
2.141893447208968 | 2 | -0.5
1.7982557277370144 | 2 | -0.5
1.6346733171971666 | 2 | -0.5
1.5647992775475958 | 2 | -0.5
1.5298499073188347 | 2 | -0.5
1.5654797770732969 | 2 | -0.5
1.6856474180473537 | 2 | -0.5
1.864642467906194 | 2 | -0.5
2.1586371644374616 | 2 | -0.5
2.7788617570505454 | 2 | -0.5
3.858084704581869 | 2 | -0.5
7.252297506985408 | 2 | -0.5
7.14096535755947 | 2 | -0.5
7.180705271472482 | 2 | -0.5
4.0909946181607495 | 2 | -0.5
2.8934234018819103 | 2 | -0.5
2.3956023669984465 | 2 | -0.5
2.0989454627858413 | 2 | -0.5
1.9365538352182614 | 2 | -0.5
1.878877281343582 | 2 | -0.5
1.892677848620881 | 2 | -0.5
2.0671583143711727 | 2 | -0.5
2.220443833569799 | 2 | -0.5
2.4576848260290256 | 2 | -0.5
3.065701826170739 | 2 | -0.5
4.027547252523662 | 2 | -0.5
7.041104781057398 | 2 | -0.5
13.32779297412604 | 2 | -0.5
13.413336526320052 | 2 | -0.5
4.772969622222288 | 2 | -0.5
3.27503196726972 | 2 | -0.5
2.5716096745528247 | 2 | -0.5
2.0814836685940152 | 2 | -0.5
1.8383807329795745 | 2 | -0.5
1.7264932831573043 | 2 | -0.5
1.688373617403661 | 2 | -0.5
1.6429423145891935 | 2 | -0.5
1.7055120397091625 | 2 | -0.5
1.7828455349619907 | 2 | -0.5
1.9559319733152944 | 2 | -0.5
2.33261259105654 | 2 | -0.5
3.0445307958988694 | 2 | -0.5
7.439933631998076 | 2 | -0.5
7.095045203058129 | 2 | -0.5
7.040055680866637 | 2 | -0.5
6.422340526490398 | 2 | -0.5
4.018311793042591 | 2 | -0.5
2.874886507665588 | 2 | -0.5
2.4269946470158086 | 2 | -0.5
2.0553936366634367 | 2 | -0.5
1.8414588425603715 | 2 | -0.5
1.791317452816387 | 2 | -0.5
1.7488595697522613 | 2 | -0.5
1.7817896910619468 | 2 | -0.5
1.9151640510718075 | 2 | -0.5
2.151210684838127 | 2 | -0.5
2.538802082219205 | 2 | -0.5
3.310508089493946 | 2 | -0.5
4.894228766353671 | 2 | -0.5
13.417531420762902 | 2 | -0.5
13.361958271018695 | 2 | -0.5
6.293200939908462 | 2 | -0.5
3.2985435624595216 | 2 | -0.5
2.432408138959909 | 2 | -0.5
2.0569323482008737 | 2 | -0.5
1.8368303302699591 | 2 | -0.5
1.7436482570220304 | 2 | -0.5
1.667427047893315 | 2 | -0.5
1.686795654928275 | 2 | -0.5
1.7164639585916939 | 2 | -0.5
1.8358144550048232 | 2 | -0.5
2.056840971215559 | 2 | -0.5
2.5068087478136833 | 2 | -0.5
3.184913641638499 | 2 | -0.5
7.410045339947503 | 2 | -0.5
7.119452463231799 | 2 | -0.5
7.119065007218543 | 2 | -0.5
4.747432372020374 | 2 | -0.5
2.964028617500438 | 2 | -0.5
2.375681455656917 | 2 | -0.5
1.9797449691441844 | 2 | -0.5
1.813113779514267 | 2 | -0.5
1.708490790150858 | 2 | -0.5
1.6788841326734598 | 2 | -0.5
1.7426566764668325 | 2 | -0.5
1.8481462575593701 | 2 | -0.5
2.1140935783516595 | 2 | -0.5
2.4539817224363936 | 2 | -0.5
3.190434008188148 | 2 | -0.5
4.414233339383686 | 2 | -0.5
9.011469823852769 | 2 | -0.5
13.25998578165657 | 2 | -0.5
6.5351298240605145 | 2 | -0.5
3.9247974830652987 | 2 | -0.5
2.721252319101026 | 2 | -0.5
2.3486139784002735 | 2 | -0.5
2.0686241752342127 | 2 | -0.5
1.8622175098803462 | 2 | -0.5
1.7439758067537297 | 2 | -0.5
1.750989645331726 | 2 | -0.5
1.7872335530524492 | 2 | -0.5
1.9095913975016052 | 2 | -0.5
2.1136680076420027 | 2 | -0.5
2.547812801338416 | 2 | -0.5
3.4646842834525713 | 2 | -0.5
7.518261829013725 | 2 | -0.5
7.155430567713121 | 2 | -0.5
7.150798870558456 | 2 | -0.5
5.318643913213158 | 2 | -0.5
3.1378502334333986 | 2 | -0.5
2.291952634579566 | 2 | -0.5
1.9087546515922325 | 2 | -0.5
1.7395116872410006 | 2 | -0.5
1.6259701186742954 | 2 | -0.5
1.5667736947873165 | 2 | -0.5
1.5684202393397786 | 2 | -0.5
1.6696604128191908 | 2 | -0.5
1.8729802601182375 | 2 | -0.5
2.191183865377485 | 2 | -0.5
2.66845191868591 | 2 | -0.5
4.217029191544619 | 2 | -0.5
9.125334186334037 | 2 | -0.5
13.267981295746822 | 2 | -0.5
7.060167084572491 | 2 | -0.5
4.283666200427902 | 2 | -0.5
2.98825772326911 | 2 | -0.5
2.405212851989257 | 2 | -0.5
2.109987283602413 | 2 | -0.5
2.01026000468549 | 2 | -0.5
1.8797013585147064 | 2 | -0.5
1.8940088159361894 | 2 | -0.5
1.9573489360411354 | 2 | -0.5
2.090506010562787 | 2 | -0.5
2.327598269355756 | 2 | -0.5
2.877152564606146 | 2 | -0.5
3.48004381892678 | 2 | -0.5
7.594352176218792 | 2 | -0.5
7.251396858312361 | 2 | -0.5
7.14670605222094 | 2 | -0.5
6.49252085864657 | 2 | -0.5
3.587989070687 | 2 | -0.5
2.5516465952463414 | 2 | -0.5
2.194122622020641 | 2 | -0.5
1.8667991633735634 | 2 | -0.5
1.6540620742361254 | 2 | -0.5
1.527171308327004 | 2 | -0.5
1.550499995952598 | 2 | -0.5
1.6251883505074458 | 2 | -0.5
1.7406447808022394 | 2 | -0.5
1.9371836331161718 | 2 | -0.5
2.3469662114024445 | 2 | -0.5
3.0854693740503105 | 2 | -0.5
4.695282134248605 | 2 | -0.5
13.001137291820378 | 2 | -0.5
13.156460901295 | 2 | -0.5
6.6977741925003045 | 2 | -0.5
4.119587169569857 | 2 | -0.5
2.8985712040608465 | 2 | -0.5
2.3009602283583512 | 2 | -0.5
1.9974455119575396 | 2 | -0.5
1.8321146331212212 | 2 | -0.5
1.7814061400846963 | 2 | -0.5
1.7774624059584574 | 2 | -0.5
1.8880306523108434 | 2 | -0.5
2.010101505582235 | 2 | -0.5
2.4052031520674566 | 2 | -0.5
2.886700928601766 | 2 | -0.5
3.8734388214762845 | 2 | -0.5
7.408774530143739 | 2 | -0.5
7.175055173002871 | 2 | -0.5
7.374447983073439 | 2 | -0.5
4.161217354891472 | 2 | -0.5
2.9382193588999717 | 2 | -0.5
2.28029538159975 | 2 | -0.5
1.9313385206242348 | 2 | -0.5
1.7274745162649507 | 2 | -0.5
1.6486511295809534 | 2 | -0.5
1.620117272077274 | 2 | -0.5
1.6547755428284698 | 2 | -0.5
1.733587116117355 | 2 | -0.5
1.9603854567760564 | 2 | -0.5
2.2338898723434784 | 2 | -0.5
2.878879014894756 | 2 | -0.5
4.471610237165547 | 2 | -0.5
12.197181624239036 | 2 | -0.5
13.167816702182337 | 2 | -0.5
5.619693640332023 | 2 | -0.5
3.5016448809332927 | 2 | -0.5
2.660964636388 | 2 | -0.5
2.1922445972851414 | 2 | -0.5
1.9771906522850318 | 2 | -0.5
1.7848548519865104 | 2 | -0.5
1.7015820700236417 | 2 | -0.5
1.7177962148944812 | 2 | -0.5
1.7585353844076976 | 2 | -0.5
1.8315882941989552 | 2 | -0.5
2.08020572256323 | 2 | -0.5
2.478419341120186 | 2 | -0.5
3.150890106756011 | 2 | -0.5
7.718366385498147 | 2 | -0.5
7.3384786608058405 | 2 | -0.5
7.312446360099167 | 2 | -0.5
6.05591454428164 | 2 | -0.5
3.566115813009009 | 2 | -0.5
2.6319377987136403 | 2 | -0.5
2.168866569736139 | 2 | -0.5
1.8775341736447864 | 2 | -0.5
1.7677164720776397 | 2 | -0.5
1.7273713918886997 | 2 | -0.5
1.724735957491464 | 2 | -0.5
1.8228612886682456 | 2 | -0.5
2.051677746543135 | 2 | -0.5
2.4345404724523814 | 2 | -0.5
2.9575449376978598 | 2 | -0.5
4.518118069098079 | 2 | -0.5
8.500581177449597 | 2 | -0.5
13.0950560440115 | 2 | -0.5
8.919554477958501 | 2 | -0.5
4.031852291068609 | 2 | -0.5
2.9162850190514047 | 2 | -0.5
2.2432616166858517 | 2 | -0.5
1.9799439240780539 | 2 | -0.5
1.8300256539036546 | 2 | -0.5
1.755097243591697 | 2 | -0.5
1.7327978798776011 | 2 | -0.5
1.7825810147856576 | 2 | -0.5
1.9096030386801146 | 2 | -0.5
2.100127085635906 | 2 | -0.5
2.5357045941360283 | 2 | -0.5
3.2198945493418636 | 2 | -0.5
7.611591890173741 | 2 | -0.5
7.340234120777899 | 2 | -0.5
7.355848953520604 | 2 | -0.5
5.06797890275694 | 2 | -0.5
3.3932774155904477 | 2 | -0.5
2.565301099740592 | 2 | -0.5
2.158167697039176 | 2 | -0.5
1.9465785322665015 | 2 | -0.5
1.8089943953610526 | 2 | -0.5
1.763279708996016 | 2 | -0.5
1.7732999807876433 | 2 | -0.5
1.8428432483334758 | 2 | -0.5
2.020637940731804 | 2 | -0.5
2.3354471999594457 | 2 | -0.5
2.8713197836454207 | 2 | -0.5
3.943100569140879 | 2 | -0.5
8.149414480516112 | 2 | -0.5
13.083290784931739 | 2 | -0.5
8.273734770220253 | 2 | -0.5
4.086065007489411 | 2 | -0.5
2.895107814682591 | 2 | -0.5
2.3921115517868343 | 2 | -0.5
2.0416227335488006 | 2 | -0.5
1.8196133618961479 | 2 | -0.5
1.7092669437686603 | 2 | -0.5
1.7624000318985173 | 2 | -0.5
1.8393142507786224 | 2 | -0.5
1.9580903470161282 | 2 | -0.5
2.1283585510760985 | 2 | -0.5
2.3700461097971623 | 2 | -0.5
3.0266969025537853 | 2 | -0.5
4.1029803614436595 | 2 | -0.5
7.539131066927709 | 2 | -0.5
7.448354279545932 | 2 | -0.5
5.477276575194172 | 2 | -0.5
3.031967702112727 | 2 | -0.5
2.342682125925871 | 2 | -0.5
1.9733003336915609 | 2 | -0.5
1.820682629038726 | 2 | -0.5
1.6345617344454466 | 2 | -0.5
1.6088248811365216 | 2 | -0.5
1.5636581459824639 | 2 | -0.5
1.6685732520474716 | 2 | -0.5
1.7940646531126374 | 2 | -0.5
2.0074786923039154 | 2 | -0.5
2.4522590881919455 | 2 | -0.5
3.180959606425925 | 2 | -0.5
5.211732062521844 | 2 | -0.5
13.052292838593026 | 2 | -0.5
13.086283636888222 | 2 | -0.5
5.386664460708889 | 2 | -0.5
3.6569403941667407 | 2 | -0.5
2.866385980417713 | 2 | -0.5
2.4596833308936596 | 2 | -0.5
2.227923398857941 | 2 | -0.5
2.0188611796843032 | 2 | -0.5
1.9321851435626523 | 2 | -0.5
1.9286153229068117 | 2 | -0.5
2.0081648477621696 | 2 | -0.5
2.1490366622928754 | 2 | -0.5
2.4321498216177226 | 2 | -0.5
2.8192823519873085 | 2 | -0.5
3.7567897968811526 | 2 | -0.5
7.878268930431634 | 2 | -0.5
7.593195867989987 | 2 | -0.5
7.508659501069867 | 2 | -0.5
5.384757008383503 | 2 | -0.5
3.0971830914470613 | 2 | -0.5
2.2374857519690576 | 2 | -0.5
1.8821603442258827 | 2 | -0.5
1.6295313767197104 | 2 | -0.5
1.5267945378836927 | 2 | -0.5
1.4422472214267639 | 2 | -0.5
1.4197954667565806 | 2 | -0.5
1.5186226213627376 | 2 | -0.5
1.5739250706106345 | 2 | -0.5
1.7527967072763722 | 2 | -0.5
2.020065852508576 | 2 | -0.5
2.5584049668566706 | 2 | -0.5
3.9437205238795476 | 2 | -0.5
6.757426533588116 | 2 | -0.5
12.847846770893533 | 2 | -0.5
8.387916133413787 | 2 | -0.5
4.78407520627292 | 2 | -0.5
3.268241554416717 | 2 | -0.5
2.7514315384276222 | 2 | -0.5
2.340232525464309 | 2 | -0.5
2.1659840097988408 | 2 | -0.5
2.041819323738135 | 2 | -0.5
1.9842426011958338 | 2 | -0.5
2.020031159058933 | 2 | -0.5
2.1104245818631124 | 2 | -0.5
2.219755230822215 | 2 | -0.5
2.5345889273136892 | 2 | -0.5
3.112909941358699 | 2 | -0.5
4.116889317825166 | 2 | -0.5
7.8390705402825 | 2 | -0.5
7.564634474621239 | 2 | -0.5
7.638601866464197 | 2 | -0.5
3.5291407262857812 | 2 | -0.5
2.5884599129910186 | 2 | -0.5
2.0184630170918014 | 2 | -0.5
1.74093080222917 | 2 | -0.5
1.6119681223348081 | 2 | -0.5
1.5194356041856758 | 2 | -0.5
1.4845179429475672 | 2 | -0.5
1.4965559759563716 | 2 | -0.5
1.6129680241940827 | 2 | -0.5
1.7514863755537047 | 2 | -0.5
2.173950544037078 | 2 | -0.5
2.654288675277261 | 2 | -0.5
4.322188443250467 | 2 | -0.5
9.664930351601516 | 2 | -0.5
12.920829436500544 | 2 | -0.5
6.190666053990241 | 2 | -0.5
3.5711324091213283 | 2 | -0.5
2.7341840663030683 | 2 | -0.5
2.305235291067132 | 2 | -0.5
2.0095186149312667 | 2 | -0.5
1.839200493973845 | 2 | -0.5
1.806273033076831 | 2 | -0.5
1.8274768069788008 | 2 | -0.5
1.929267822729045 | 2 | -0.5
2.062248622841425 | 2 | -0.5
2.401714323945305 | 2 | -0.5
2.8777132436755757 | 2 | -0.5
3.9167016954805987 | 2 | -0.5
7.747660152875788 | 2 | -0.5
7.502777994086114 | 2 | -0.5
7.218187692989104 | 2 | -0.5
4.05505385947822 | 2 | -0.5
2.614526781436417 | 2 | -0.5
2.0274074443196954 | 2 | -0.5
1.7761078380201814 | 2 | -0.5
1.6315968026506653 | 2 | -0.5
1.596376137117331 | 2 | -0.5
1.5764411999984287 | 2 | -0.5
1.641293545016105 | 2 | -0.5
1.8278354318919217 | 2 | -0.5
2.1079220974739328 | 2 | -0.5
2.592568176006478 | 2 | -0.5
3.7074353091821886 | 2 | -0.5
7.5293221778323165 | 2 | -0.5
12.850946159337015 | 2 | -0.5
13.017077088537487 | 2 | -0.5
4.438731432884111 | 2 | -0.5
3.0803144675890186 | 2 | -0.5
Total reward: -500.0
