-2.7, 1.0, -2.3, 0.4, -2.3, 4.9, 4.2, -1.4, -0.5, -4.0, -4.3, 2.1, -4.2, -2.0, 5.6, -2.9, 1.2, -1.2
parameter ends

state | action | reward
[1.64] | 2 | -0.5
1.545446140413069 | 2 | -0.5
1.5158381567319552 | 2 | -0.5
1.5357682202159517 | 2 | -0.5
1.6176743734214576 | 2 | -0.5
1.8582446040278229 | 2 | -0.5
2.118996005115928 | 2 | -0.5
2.818369045702859 | 2 | -0.5
7.124426654964948 | 2 | -0.5
6.838122919433011 | 2 | -0.5
6.85128965318605 | 2 | -0.5
4.707750726635567 | 2 | -0.5
3.205164356668692 | 2 | -0.5
2.4777665072569723 | 2 | -0.5
2.1492921371126843 | 2 | -0.5
2.0185950002318203 | 2 | -0.5
1.9218016275617618 | 2 | -0.5
1.8414063323274477 | 2 | -0.5
1.827856659304813 | 2 | -0.5
1.9456002196781725 | 2 | -0.5
2.119334718147715 | 2 | -0.5
2.419283608068831 | 2 | -0.5
6.391283400967716 | 2 | -0.5
5.635891807565136 | 2 | -0.5
5.268679947854316 | 2 | -0.5
5.084061300528429 | 2 | -0.5
5.217397152972383 | 2 | -0.5
3.947884302360395 | 2 | -0.5
2.632776702509061 | 2 | -0.5
2.232164256888632 | 2 | -0.5
1.846018880183639 | 2 | -0.5
1.6572486491898664 | 2 | -0.5
1.5504935167020248 | 2 | -0.5
1.5378326984827233 | 2 | -0.5
1.6447854940501667 | 2 | -0.5
1.7297726359393524 | 2 | -0.5
1.9914368427993634 | 2 | -0.5
2.3498716450689074 | 2 | -0.5
2.9569727132217576 | 2 | -0.5
7.114209829031918 | 2 | -0.5
6.8571606459860766 | 2 | -0.5
6.787921648146142 | 2 | -0.5
6.925940215420116 | 2 | -0.5
4.160492826744319 | 2 | -0.5
2.8946178634440454 | 2 | -0.5
2.426857334685459 | 2 | -0.5
2.1603918411714123 | 2 | -0.5
1.9395419878932436 | 2 | -0.5
1.9174285976619265 | 2 | -0.5
1.827527071275968 | 2 | -0.5
1.8822287183750823 | 2 | -0.5
1.989579712849305 | 2 | -0.5
2.1497577765695812 | 2 | -0.5
2.639992131670378 | 2 | -0.5
6.102677063732664 | 2 | -0.5
5.595293532666663 | 2 | -0.5
5.318608134096116 | 2 | -0.5
5.260075409361928 | 2 | -0.5
5.396252694010822 | 2 | -0.5
3.4056369484912112 | 2 | -0.5
2.5393720887309366 | 2 | -0.5
1.9616028924967819 | 2 | -0.5
1.7160721581498888 | 2 | -0.5
1.6760947207513468 | 2 | -0.5
1.6188543050735933 | 2 | -0.5
1.6571778451889427 | 2 | -0.5
1.7971896997835652 | 2 | -0.5
2.039979282745059 | 2 | -0.5
2.3302787858691705 | 2 | -0.5
3.05032699119916 | 2 | -0.5
6.92497808266501 | 2 | -0.5
6.660809199422513 | 2 | -0.5
6.656746511962155 | 2 | -0.5
5.800235211608838 | 2 | -0.5
3.4672470692698454 | 2 | -0.5
2.735276030042412 | 2 | -0.5
2.296402632406128 | 2 | -0.5
2.00477916406212 | 2 | -0.5
1.871016037692638 | 2 | -0.5
1.8319954375088936 | 2 | -0.5
1.8601519977002456 | 2 | -0.5
1.9812311771553772 | 2 | -0.5
2.086188757519764 | 2 | -0.5
2.534233547756759 | 2 | -0.5
6.430071186601023 | 2 | -0.5
5.809263728077436 | 2 | -0.5
5.318232197903728 | 2 | -0.5
5.290972383672107 | 2 | -0.5
5.437470052591675 | 2 | -0.5
3.334561262094668 | 2 | -0.5
2.5309284044314215 | 2 | -0.5
2.165009372233773 | 2 | -0.5
1.8529654832252656 | 2 | -0.5
1.6461011146237967 | 2 | -0.5
1.607109991108789 | 2 | -0.5
1.5548675385780089 | 2 | -0.5
1.6217792451985766 | 2 | -0.5
1.7533620093760582 | 2 | -0.5
1.9918080587646443 | 2 | -0.5
2.3940739573923535 | 2 | -0.5
3.1101548185446406 | 2 | -0.5
6.903784260175773 | 2 | -0.5
6.689023335967817 | 2 | -0.5
6.700281347870011 | 2 | -0.5
6.137626653245434 | 2 | -0.5
3.8464014031482217 | 2 | -0.5
2.8652572747658365 | 2 | -0.5
2.3221855939352216 | 2 | -0.5
2.0796607452849516 | 2 | -0.5
1.9064986246250084 | 2 | -0.5
1.8663532966571286 | 2 | -0.5
1.8444667197888662 | 2 | -0.5
1.9243094947963957 | 2 | -0.5
2.0307133695729265 | 2 | -0.5
2.330268766269033 | 2 | -0.5
2.7906037542099456 | 2 | -0.5
5.867562788781871 | 2 | -0.5
5.433718807166497 | 2 | -0.5
5.2340162445051135 | 2 | -0.5
5.2568549413707135 | 2 | -0.5
4.444518638779026 | 2 | -0.5
2.920735063788078 | 2 | -0.5
2.2208521585816583 | 2 | -0.5
1.856979097125674 | 2 | -0.5
1.6962202576903675 | 2 | -0.5
1.5382929704175692 | 2 | -0.5
1.5296927146814248 | 2 | -0.5
1.5186518941764533 | 2 | -0.5
1.539556103461533 | 2 | -0.5
1.645760039385051 | 2 | -0.5
1.9213850509325336 | 2 | -0.5
2.3619364649733865 | 2 | -0.5
3.097643027147486 | 2 | -0.5
6.922924549750628 | 2 | -0.5
6.719867803278091 | 2 | -0.5
6.712943618356451 | 2 | -0.5
5.753378018435714 | 2 | -0.5
4.011244033567018 | 2 | -0.5
2.903720710475945 | 2 | -0.5
2.4078431871498136 | 2 | -0.5
2.118585909777508 | 2 | -0.5
1.997752122159607 | 2 | -0.5
1.9486399077651348 | 2 | -0.5
1.8896866728109394 | 2 | -0.5
2.008081812673456 | 2 | -0.5
2.194620720128686 | 2 | -0.5
2.494521577112974 | 2 | -0.5
6.6703593736369555 | 2 | -0.5
5.803743754815464 | 2 | -0.5
5.376329515491766 | 2 | -0.5
5.2496420608676875 | 2 | -0.5
5.283458038039424 | 2 | -0.5
3.449251065336713 | 2 | -0.5
2.5285374817633586 | 2 | -0.5
2.044392222793347 | 2 | -0.5
1.7534044571024614 | 2 | -0.5
1.6385653715022122 | 2 | -0.5
1.4948565368153397 | 2 | -0.5
1.502448404182457 | 2 | -0.5
1.4863039013905714 | 2 | -0.5
1.5316445836673656 | 2 | -0.5
1.6715199044247908 | 2 | -0.5
1.9205725725576135 | 2 | -0.5
2.4382713275350003 | 2 | -0.5
3.3385613308892386 | 2 | -0.5
6.956697049795266 | 2 | -0.5
6.787689286639627 | 2 | -0.5
6.789174058752047 | 2 | -0.5
5.987328054222726 | 2 | -0.5
3.737304192806595 | 2 | -0.5
2.7571941640674615 | 2 | -0.5
2.3455845127610764 | 2 | -0.5
2.1097449113678604 | 2 | -0.5
2.016694186846513 | 2 | -0.5
1.9748189804278644 | 2 | -0.5
1.961557699646819 | 2 | -0.5
2.082315602454755 | 2 | -0.5
2.2414783206064777 | 2 | -0.5
2.504327583536111 | 2 | -0.5
6.621538126301711 | 2 | -0.5
5.803527317738754 | 2 | -0.5
5.382739995693231 | 2 | -0.5
5.232552909562363 | 2 | -0.5
5.190689671363917 | 2 | -0.5
4.760875152571202 | 2 | -0.5
3.0132427532673205 | 2 | -0.5
2.2393499985444394 | 2 | -0.5
1.8941897741917837 | 2 | -0.5
1.6849185311372603 | 2 | -0.5
1.576060248281425 | 2 | -0.5
1.530804928812984 | 2 | -0.5
1.4949926003714111 | 2 | -0.5
1.5495523250160252 | 2 | -0.5
1.6013852499786791 | 2 | -0.5
1.7634136398756275 | 2 | -0.5
2.1580199666732174 | 2 | -0.5
2.8694966674851687 | 2 | -0.5
7.130783147786371 | 2 | -0.5
6.788084733504892 | 2 | -0.5
6.7476698902293855 | 2 | -0.5
6.139868663302994 | 2 | -0.5
3.806702895067981 | 2 | -0.5
2.8650929264180296 | 2 | -0.5
2.367141206866294 | 2 | -0.5
2.1024722903716864 | 2 | -0.5
1.938432130447234 | 2 | -0.5
1.9045344752922524 | 2 | -0.5
1.884029492971107 | 2 | -0.5
1.940631459865171 | 2 | -0.5
2.0973644458544882 | 2 | -0.5
2.3026638208161807 | 2 | -0.5
2.827644709315519 | 2 | -0.5
5.775946454182846 | 2 | -0.5
5.356931367574796 | 2 | -0.5
5.220229267716993 | 2 | -0.5
5.324008592638915 | 2 | -0.5
4.036361563446765 | 2 | -0.5
2.6884880438591128 | 2 | -0.5
2.0600132570041727 | 2 | -0.5
1.7783676258965972 | 2 | -0.5
1.667849021641831 | 2 | -0.5
1.5483900985717118 | 2 | -0.5
1.5271301264071815 | 2 | -0.5
1.5750514539878084 | 2 | -0.5
1.7372386632499357 | 2 | -0.5
1.9395113946579363 | 2 | -0.5
2.3423144158468276 | 2 | -0.5
2.9907354764943723 | 2 | -0.5
7.029709885687184 | 2 | -0.5
6.70874147074858 | 2 | -0.5
6.689317346376784 | 2 | -0.5
6.864990419087304 | 2 | -0.5
3.8183246066148895 | 2 | -0.5
2.796772270346973 | 2 | -0.5
2.3860134308338754 | 2 | -0.5
2.133897712364337 | 2 | -0.5
1.9554700015725703 | 2 | -0.5
1.8824887365757361 | 2 | -0.5
1.8912663249023343 | 2 | -0.5
1.9783054793749852 | 2 | -0.5
2.1366134000427053 | 2 | -0.5
2.322843976427922 | 2 | -0.5
2.7943110571952188 | 2 | -0.5
6.037680529864497 | 2 | -0.5
5.582674151672656 | 2 | -0.5
5.425586988356797 | 2 | -0.5
5.420740930718322 | 2 | -0.5
4.547550844975767 | 2 | -0.5
3.133002037996679 | 2 | -0.5
2.471012394620951 | 2 | -0.5
1.976147996799114 | 2 | -0.5
1.7975328309945489 | 2 | -0.5
1.6641328854058024 | 2 | -0.5
1.5967983807211434 | 2 | -0.5
1.5563570885717253 | 2 | -0.5
1.62378323501396 | 2 | -0.5
1.7196138951283144 | 2 | -0.5
1.9763728146040505 | 2 | -0.5
2.376427398435828 | 2 | -0.5
2.9952648021155586 | 2 | -0.5
6.829750138000099 | 2 | -0.5
6.556662061433134 | 2 | -0.5
6.487816264866803 | 2 | -0.5
5.626627049486838 | 2 | -0.5
3.3831390301780875 | 2 | -0.5
2.6674549247159223 | 2 | -0.5
2.274402212581849 | 2 | -0.5
2.0753289878593764 | 2 | -0.5
1.910247942362525 | 2 | -0.5
1.8887865857933874 | 2 | -0.5
1.9054035145431423 | 2 | -0.5
1.9954803533449499 | 2 | -0.5
2.157222908673456 | 2 | -0.5
2.563469738997983 | 2 | -0.5
6.478378219080405 | 2 | -0.5
5.855703137722048 | 2 | -0.5
5.518062724656219 | 2 | -0.5
5.399209396611517 | 2 | -0.5
5.553542675705611 | 2 | -0.5
3.529589401060307 | 2 | -0.5
2.426712140158063 | 2 | -0.5
1.9853261585074893 | 2 | -0.5
1.6675826281463577 | 2 | -0.5
1.5963199829833041 | 2 | -0.5
1.487921569958558 | 2 | -0.5
1.4680755543424109 | 2 | -0.5
1.510370208053742 | 2 | -0.5
1.567534566032405 | 2 | -0.5
1.7464752963485912 | 2 | -0.5
2.0523908186270265 | 2 | -0.5
2.5449057900611964 | 2 | -0.5
6.858487677032411 | 2 | -0.5
6.457472946768509 | 2 | -0.5
6.356962901999656 | 2 | -0.5
6.516464104985062 | 2 | -0.5
4.486411343083031 | 2 | -0.5
3.107308628627837 | 2 | -0.5
2.536739386410807 | 2 | -0.5
2.1551027119060646 | 2 | -0.5
2.0352212209828946 | 2 | -0.5
1.9652605969661299 | 2 | -0.5
1.9479433462247695 | 2 | -0.5
2.0513862727342165 | 2 | -0.5
2.2607413919688546 | 2 | -0.5
2.5611757392280836 | 2 | -0.5
6.505674038592117 | 2 | -0.5
5.817316795855069 | 2 | -0.5
5.475427311854123 | 2 | -0.5
5.3486071589747475 | 2 | -0.5
5.488085636895382 | 2 | -0.5
3.250596104921772 | 2 | -0.5
2.3908314625640044 | 2 | -0.5
1.9440177022643879 | 2 | -0.5
1.6492386584862109 | 2 | -0.5
1.4915544529884097 | 2 | -0.5
1.3947373997640125 | 2 | -0.5
1.4159871459935656 | 2 | -0.5
1.4219180700738785 | 2 | -0.5
1.504615746319854 | 2 | -0.5
1.6391585604106642 | 2 | -0.5
1.9430249240988884 | 2 | -0.5
2.470251744297933 | 2 | -0.5
3.6860184857956444 | 2 | -0.5
6.606164140518571 | 2 | -0.5
6.542659787449812 | 2 | -0.5
6.755016098312946 | 2 | -0.5
4.706356602677312 | 2 | -0.5
3.198391668950568 | 2 | -0.5
2.716604909888102 | 2 | -0.5
2.354838150403223 | 2 | -0.5
2.1842942550798643 | 2 | -0.5
2.0902343278375364 | 2 | -0.5
2.0406560185105787 | 2 | -0.5
2.0693755457564285 | 2 | -0.5
2.2091167315544737 | 2 | -0.5
2.4404646401921872 | 2 | -0.5
2.693579910340517 | 2 | -0.5
6.716280595367022 | 2 | -0.5
5.99060012863371 | 2 | -0.5
5.587403336808196 | 2 | -0.5
5.322146496827899 | 2 | -0.5
5.33395734329533 | 2 | -0.5
3.8367935461083404 | 2 | -0.5
2.6426845580632805 | 2 | -0.5
1.9861874206831824 | 2 | -0.5
1.6921078103102796 | 2 | -0.5
1.5394729298680156 | 2 | -0.5
1.3823499159634187 | 2 | -0.5
1.3582995641406983 | 2 | -0.5
1.314587102370224 | 2 | -0.5
1.318780585112846 | 2 | -0.5
1.4906963179699426 | 2 | -0.5
1.6490858603085305 | 2 | -0.5
1.994270509666649 | 2 | -0.5
2.675784597963927 | 2 | -0.5
6.849323310833213 | 2 | -0.5
6.608475891495789 | 2 | -0.5
6.68035879447608 | 2 | -0.5
5.110326818831579 | 2 | -0.5
3.42601985787833 | 2 | -0.5
2.7064692650560547 | 2 | -0.5
2.3056674617864696 | 2 | -0.5
2.1735804823722944 | 2 | -0.5
1.960078183293052 | 2 | -0.5
2.0082970179067057 | 2 | -0.5
2.0010582489878397 | 2 | -0.5
2.129115648481835 | 2 | -0.5
2.3612649892651567 | 2 | -0.5
2.7279015298718647 | 2 | -0.5
6.222269025955937 | 2 | -0.5
5.689511658672484 | 2 | -0.5
5.410013750436851 | 2 | -0.5
5.415929536081466 | 2 | -0.5
5.544449902717599 | 2 | -0.5
3.235043612582465 | 2 | -0.5
2.356093433178206 | 2 | -0.5
1.9936015229864663 | 2 | -0.5
1.8166949498604736 | 2 | -0.5
1.6049575920764931 | 2 | -0.5
1.4978447167036355 | 2 | -0.5
1.5816959789331673 | 2 | -0.5
1.6067990228783606 | 2 | -0.5
1.6952193068695403 | 2 | -0.5
1.893369756847787 | 2 | -0.5
2.287475898576229 | 2 | -0.5
3.198426077382092 | 2 | -0.5
6.770093651201941 | 2 | -0.5
6.529865406290312 | 2 | -0.5
6.502380286210264 | 2 | -0.5
6.559556157263263 | 2 | -0.5
3.7453856563241734 | 2 | -0.5
2.7496028114218403 | 2 | -0.5
2.313145551703056 | 2 | -0.5
2.1468599300292763 | 2 | -0.5
2.0105036432044257 | 2 | -0.5
1.929586145869741 | 2 | -0.5
2.0176457230352725 | 2 | -0.5
2.1511929389870326 | 2 | -0.5
2.399523387661161 | 2 | -0.5
2.658217264462581 | 2 | -0.5
6.628160165987484 | 2 | -0.5
5.908543291795406 | 2 | -0.5
5.5326118829074025 | 2 | -0.5
5.420968812226678 | 2 | -0.5
5.562944821164116 | 2 | -0.5
3.461637391734362 | 2 | -0.5
2.3858167977473577 | 2 | -0.5
1.9227710436799377 | 2 | -0.5
1.6696988382002467 | 2 | -0.5
1.5701209729117045 | 2 | -0.5
1.5260867749138178 | 2 | -0.5
1.4494101124094547 | 2 | -0.5
1.4836082625440028 | 2 | -0.5
1.5316239359095385 | 2 | -0.5
1.644525800023425 | 2 | -0.5
1.9273830570238444 | 2 | -0.5
2.2737677952839834 | 2 | -0.5
3.24416453186098 | 2 | -0.5
6.688438258135256 | 2 | -0.5
6.568939596881719 | 2 | -0.5
6.679085252739761 | 2 | -0.5
5.091470231036207 | 2 | -0.5
3.4094365301872678 | 2 | -0.5
2.6865558616976655 | 2 | -0.5
2.3288145554110806 | 2 | -0.5
2.1254907956484024 | 2 | -0.5
2.0427491702039577 | 2 | -0.5
1.9533173890949622 | 2 | -0.5
2.0150621028175153 | 2 | -0.5
2.094093922514475 | 2 | -0.5
2.2798547745897557 | 2 | -0.5
2.5870542594375556 | 2 | -0.5
6.540984328302869 | 2 | -0.5
5.914669784872396 | 2 | -0.5
5.525787814207865 | 2 | -0.5
5.3255921600987515 | 2 | -0.5
5.356304719822185 | 2 | -0.5
4.086658372775073 | 2 | -0.5
2.777419708189842 | 2 | -0.5
2.2073496030670245 | 2 | -0.5
1.791914827158542 | 2 | -0.5
1.5925935272480358 | 2 | -0.5
1.4861548640404496 | 2 | -0.5
1.44478709929462 | 2 | -0.5
1.4750426926191098 | 2 | -0.5
1.5454608583308271 | 2 | -0.5
1.7303332785353729 | 2 | -0.5
2.0327639237365576 | 2 | -0.5
2.435496122626306 | 2 | -0.5
3.493902810324906 | 2 | -0.5
6.647463974608677 | 2 | -0.5
6.540894605878902 | 2 | -0.5
6.6265456868031665 | 2 | -0.5
4.875888385659067 | 2 | -0.5
3.4289367539296736 | 2 | -0.5
2.612985533525626 | 2 | -0.5
2.2639341622392104 | 2 | -0.5
2.1064668217172744 | 2 | -0.5
1.9840433861137108 | 2 | -0.5
1.9757503194347323 | 2 | -0.5
2.0580703943265704 | 2 | -0.5
2.1598551094395537 | 2 | -0.5
2.3985715611620892 | 2 | -0.5
6.838544204455949 | 2 | -0.5
5.994616248853051 | 2 | -0.5
5.51912270142147 | 2 | -0.5
5.363458567933124 | 2 | -0.5
5.399666026525065 | 2 | -0.5
4.247094175187921 | 2 | -0.5
2.900991727390916 | 2 | -0.5
2.2627042420922834 | 2 | -0.5
1.8161862384287035 | 2 | -0.5
1.5991957225024733 | 2 | -0.5
1.5177395284304018 | 2 | -0.5
1.4835178438963093 | 2 | -0.5
1.4928626041897521 | 2 | -0.5
1.5066694192761219 | 2 | -0.5
1.6060625819319037 | 2 | -0.5
1.8674365195101061 | 2 | -0.5
2.229038209883327 | 2 | -0.5
3.0803694786256828 | 2 | -0.5
6.862265705983998 | 2 | -0.5
6.679674796941498 | 2 | -0.5
6.694868205447652 | 2 | -0.5
6.094171413121811 | 2 | -0.5
3.5776682703993212 | 2 | -0.5
2.754486671683011 | 2 | -0.5
2.3177348253852066 | 2 | -0.5
2.0529285681342055 | 2 | -0.5
1.9378931493442195 | 2 | -0.5
1.8529800842392345 | 2 | -0.5
1.9032513631891275 | 2 | -0.5
1.9458320328910315 | 2 | -0.5
2.104527397149177 | 2 | -0.5
2.3459666524302896 | 2 | -0.5
6.665459900756936 | 2 | -0.5
5.820010398313615 | 2 | -0.5
5.405454362087179 | 2 | -0.5
5.200814548560242 | 2 | -0.5
5.242453461664619 | 2 | -0.5
4.553957100135865 | 2 | -0.5
2.881974163367061 | 2 | -0.5
2.1611639554355624 | 2 | -0.5
1.9196322498170946 | 2 | -0.5
1.6721133810121926 | 2 | -0.5
1.5810919365317953 | 2 | -0.5
1.4749144830556826 | 2 | -0.5
1.5092331540978638 | 2 | -0.5
1.600730468473986 | 2 | -0.5
1.7554503768758434 | 2 | -0.5
2.081211020441149 | 2 | -0.5
2.6529251576857615 | 2 | -0.5
7.103518185257249 | 2 | -0.5
6.686437381986504 | 2 | -0.5
6.657108785521936 | 2 | -0.5
6.67793858864245 | 2 | -0.5
4.153671575331107 | 2 | -0.5
3.0795306054625056 | 2 | -0.5
2.505086261278834 | 2 | -0.5
2.133534941584611 | 2 | -0.5
2.0415706542979937 | 2 | -0.5
1.904408490234226 | 2 | -0.5
1.863571792065246 | 2 | -0.5
1.8902123521652978 | 2 | -0.5
2.038203642738321 | 2 | -0.5
2.241540036117463 | 2 | -0.5
2.695630121960364 | 2 | -0.5
6.147968809848657 | 2 | -0.5
5.625130079342576 | 2 | -0.5
5.332807824019659 | 2 | -0.5
5.315783748978694 | 2 | -0.5
4.748974996618554 | 2 | -0.5
3.1519011822327214 | 2 | -0.5
2.437659815222219 | 2 | -0.5
1.8881844452437786 | 2 | -0.5
1.6825976314933793 | 2 | -0.5
1.580919298505408 | 2 | -0.5
1.513972295602749 | 2 | -0.5
1.5265950729252902 | 2 | -0.5
1.5451718901821458 | 2 | -0.5
1.5715907748239801 | 2 | -0.5
1.7976786441544772 | 2 | -0.5
2.056100790614237 | 2 | -0.5
2.4757154835392425 | 2 | -0.5
3.5219001580456983 | 2 | -0.5
6.736980261552987 | 2 | -0.5
6.557332333533526 | 2 | -0.5
6.719572767988062 | 2 | -0.5
4.347736652767482 | 2 | -0.5
2.831390016745465 | 2 | -0.5
2.40240048583463 | 2 | -0.5
2.0015571687082456 | 2 | -0.5
1.8283466404399147 | 2 | -0.5
1.7632582492858018 | 2 | -0.5
1.7895038394849465 | 2 | -0.5
1.8205082780747233 | 2 | -0.5
1.901096638798284 | 2 | -0.5
2.1796918615328202 | 2 | -0.5
2.4792373571678112 | 2 | -0.5
6.277346617082335 | 2 | -0.5
5.803801722075849 | 2 | -0.5
5.446629220219771 | 2 | -0.5
5.43790947814487 | 2 | -0.5
5.5159290267478385 | 2 | -0.5
3.7514351623680637 | 2 | -0.5
2.8693884664403186 | 2 | -0.5
2.3938726148361473 | 2 | -0.5
2.0635918090149934 | 2 | -0.5
1.9200162618884746 | 2 | -0.5
1.8293518097594894 | 2 | -0.5
1.7802794166454272 | 2 | -0.5
1.7936523484836069 | 2 | -0.5
1.9254708512097252 | 2 | -0.5
2.116487245107434 | 2 | -0.5
2.3979977851203036 | 2 | -0.5
2.9947794890531156 | 2 | -0.5
7.106596697420309 | 2 | -0.5
6.674581143952069 | 2 | -0.5
6.492816980856722 | 2 | -0.5
6.680540927191285 | 2 | -0.5
3.61028352556145 | 2 | -0.5
2.7804425396358186 | 2 | -0.5
2.3229679584348246 | 2 | -0.5
1.9844516677980373 | 2 | -0.5
1.7802556281707662 | 2 | -0.5
1.669260329615136 | 2 | -0.5
1.6259021566338963 | 2 | -0.5
1.7142552481414932 | 2 | -0.5
1.7759644571730555 | 2 | -0.5
2.038221908676066 | 2 | -0.5
2.502453172462961 | 2 | -0.5
5.977904941979593 | 2 | -0.5
5.446736258857258 | 2 | -0.5
5.299430926914368 | 2 | -0.5
5.333423191437156 | 2 | -0.5
4.879263239886467 | 2 | -0.5
3.189644001260647 | 2 | -0.5
2.5387308789111356 | 2 | -0.5
2.136698913964128 | 2 | -0.5
1.8892629277502833 | 2 | -0.5
1.8000620096441478 | 2 | -0.5
1.7628425289283676 | 2 | -0.5
1.8045599647877022 | 2 | -0.5
1.892494124625757 | 2 | -0.5
2.095279441417049 | 2 | -0.5
2.519101204785598 | 2 | -0.5
3.0402098466793572 | 2 | -0.5
7.032689889220943 | 2 | -0.5
6.624781003649101 | 2 | -0.5
6.572851611627623 | 2 | -0.5
6.544454578799827 | 2 | -0.5
3.4850271304427283 | 2 | -0.5
2.5466571386996635 | 2 | -0.5
2.07546307826613 | 2 | -0.5
1.832981438158712 | 2 | -0.5
1.6723460938497736 | 2 | -0.5
1.6143703986379494 | 2 | -0.5
1.627415291901453 | 2 | -0.5
1.6760703749014902 | 2 | -0.5
1.8236023547502522 | 2 | -0.5
2.07299262590661 | 2 | -0.5
2.592635905939344 | 2 | -0.5
5.791449937802648 | 2 | -0.5
5.489155485987888 | 2 | -0.5
5.317773708466678 | 2 | -0.5
5.405226101172569 | 2 | -0.5
4.5280552534623695 | 2 | -0.5
3.3150363207915703 | 2 | -0.5
2.4738148374014295 | 2 | -0.5
2.1685809225428563 | 2 | -0.5
1.9061537346249837 | 2 | -0.5
1.8362730447537028 | 2 | -0.5
1.8150747028123475 | 2 | -0.5
1.7908984523905305 | 2 | -0.5
1.9269044080701914 | 2 | -0.5
2.0729476042905737 | 2 | -0.5
2.4664046027963793 | 2 | -0.5
3.1675457682130292 | 2 | -0.5
7.0422339163067535 | 2 | -0.5
6.753664647805322 | 2 | -0.5
6.624637718614673 | 2 | -0.5
6.659629016469509 | 2 | -0.5
3.980774878594168 | 2 | -0.5
2.7160847886690505 | 2 | -0.5
2.1839946380875666 | 2 | -0.5
1.8863452952125273 | 2 | -0.5
1.7394188780622843 | 2 | -0.5
1.6423693252861056 | 2 | -0.5
1.6550168162633774 | 2 | -0.5
1.6459650748213361 | 2 | -0.5
1.7790894355717009 | 2 | -0.5
1.9555794788411864 | 2 | -0.5
2.2851179668293438 | 2 | -0.5
6.23978979821219 | 2 | -0.5
5.542073995874751 | 2 | -0.5
5.323929654721094 | 2 | -0.5
5.331275136723156 | 2 | -0.5
5.443383699613156 | 2 | -0.5
3.72405372896822 | 2 | -0.5
2.522651649271939 | 2 | -0.5
2.0750035377232834 | 2 | -0.5
1.8654331616803332 | 2 | -0.5
1.7448522753687055 | 2 | -0.5
1.679908639812538 | 2 | -0.5
1.69516873488292 | 2 | -0.5
1.8683445575633688 | 2 | -0.5
2.032238594037276 | 2 | -0.5
2.4154050357141448 | 2 | -0.5
3.122424959866305 | 2 | -0.5
6.943705388512424 | 2 | -0.5
6.581777746819007 | 2 | -0.5
6.509385470640113 | 2 | -0.5
6.22317406795193 | 2 | -0.5
3.6478511528125668 | 2 | -0.5
2.5501729597846987 | 2 | -0.5
2.210002459782102 | 2 | -0.5
1.8884445896013682 | 2 | -0.5
1.7414139926045789 | 2 | -0.5
1.6320339595704259 | 2 | -0.5
1.625741720348151 | 2 | -0.5
1.661556611283465 | 2 | -0.5
1.7242636026341438 | 2 | -0.5
1.9064038481143626 | 2 | -0.5
2.2815138341749335 | 2 | -0.5
6.292911627634797 | 2 | -0.5
5.7254431824911025 | 2 | -0.5
5.459389567855542 | 2 | -0.5
5.347703360780681 | 2 | -0.5
5.4997011989600475 | 2 | -0.5
3.595433499648238 | 2 | -0.5
2.6353595610341882 | 2 | -0.5
2.1496541277368557 | 2 | -0.5
1.8726803292291265 | 2 | -0.5
1.7664457053081828 | 2 | -0.5
1.727703350065891 | 2 | -0.5
1.711604738463277 | 2 | -0.5
1.7932770242787837 | 2 | -0.5
1.9283116736042285 | 2 | -0.5
2.319564574633576 | 2 | -0.5
2.9912993681824718 | 2 | -0.5
6.9934572992967565 | 2 | -0.5
6.585874426407086 | 2 | -0.5
6.485824911858333 | 2 | -0.5
6.57059932832401 | 2 | -0.5
4.708538901798051 | 2 | -0.5
3.251070910948767 | 2 | -0.5
2.5244314388330515 | 2 | -0.5
2.190648617506125 | 2 | -0.5
1.9000409893990533 | 2 | -0.5
1.7968804732300532 | 2 | -0.5
1.7728364346531824 | 2 | -0.5
1.8286667308291455 | 2 | -0.5
1.8923585023755396 | 2 | -0.5
1.989993874157385 | 2 | -0.5
2.3203440765441092 | 2 | -0.5
2.704390465150308 | 2 | -0.5
6.1442044979131 | 2 | -0.5
5.631137358082979 | 2 | -0.5
5.443380139664156 | 2 | -0.5
5.45018210091847 | 2 | -0.5
4.966601040183406 | 2 | -0.5
2.984919872753459 | 2 | -0.5
2.2719480030543147 | 2 | -0.5
1.882287752753679 | 2 | -0.5
1.704032053203696 | 2 | -0.5
1.5933091042160226 | 2 | -0.5
1.6011984189316883 | 2 | -0.5
1.6399193955314666 | 2 | -0.5
1.716748064446051 | 2 | -0.5
1.8647039821244795 | 2 | -0.5
2.1393599609798586 | 2 | -0.5
2.675609126053937 | 2 | -0.5
7.058218278400485 | 2 | -0.5
6.601594486381026 | 2 | -0.5
6.520969144915482 | 2 | -0.5
6.638229488676133 | 2 | -0.5
3.9520723962405495 | 2 | -0.5
2.947148797326424 | 2 | -0.5
2.331301045544146 | 2 | -0.5
2.0782615957482586 | 2 | -0.5
1.9078656870969102 | 2 | -0.5
1.8352997951706582 | 2 | -0.5
1.8679697226097556 | 2 | -0.5
1.9128006385596126 | 2 | -0.5
2.02387512299858 | 2 | -0.5
2.2725499048286735 | 2 | -0.5
2.6635490472292767 | 2 | -0.5
6.4378477475282105 | 2 | -0.5
5.872999973579051 | 2 | -0.5
5.567390092548924 | 2 | -0.5
5.525169263719372 | 2 | -0.5
5.630072451741309 | 2 | -0.5
3.5778263459093083 | 2 | -0.5
2.5749038528373416 | 2 | -0.5
2.054644099824145 | 2 | -0.5
1.761294929075747 | 2 | -0.5
1.598661257930777 | 2 | -0.5
1.562719497887732 | 2 | -0.5
1.5288746607305705 | 2 | -0.5
1.6012591235524531 | 2 | -0.5
1.728956955069028 | 2 | -0.5
1.9066169980905479 | 2 | -0.5
2.3337723244257877 | 2 | -0.5
3.0435324644550206 | 2 | -0.5
6.6012002137964645 | 2 | -0.5
6.409559496904517 | 2 | -0.5
6.419572977141566 | 2 | -0.5
5.215603930021814 | 2 | -0.5
3.3058553134265014 | 2 | -0.5
2.5475727483033843 | 2 | -0.5
2.107073810865095 | 2 | -0.5
1.904177383369112 | 2 | -0.5
1.8220921062842077 | 2 | -0.5
1.7665125317526897 | 2 | -0.5
1.8555215572808499 | 2 | -0.5
1.950045844830631 | 2 | -0.5
2.229066003836288 | 2 | -0.5
2.553918611149082 | 2 | -0.5
6.483859317366386 | 2 | -0.5
5.898527757795642 | 2 | -0.5
5.625593104053137 | 2 | -0.5
5.511194674070064 | 2 | -0.5
5.6375396361904695 | 2 | -0.5
3.2585114665373487 | 2 | -0.5
2.3697196074182654 | 2 | -0.5
1.9354458540647228 | 2 | -0.5
1.7752680491093409 | 2 | -0.5
1.6669127290569332 | 2 | -0.5
1.5702679966635908 | 2 | -0.5
1.5814029630812736 | 2 | -0.5
1.6230443053392063 | 2 | -0.5
1.7479227440094252 | 2 | -0.5
1.9740101103405132 | 2 | -0.5
2.3820475347758006 | 2 | -0.5
2.975059899621905 | 2 | -0.5
6.720774191146894 | 2 | -0.5
6.401511054727505 | 2 | -0.5
6.371675926443723 | 2 | -0.5
5.853510640644439 | 2 | -0.5
3.597733351921899 | 2 | -0.5
2.7040679720944407 | 2 | -0.5
2.275421830955744 | 2 | -0.5
1.9552878054165779 | 2 | -0.5
1.7821297670453267 | 2 | -0.5
1.7809587482928735 | 2 | -0.5
1.7943572570645645 | 2 | -0.5
1.8071812161381704 | 2 | -0.5
1.994502060952751 | 2 | -0.5
2.2456472112183103 | 2 | -0.5
2.7649799280867176 | 2 | -0.5
6.02601930029373 | 2 | -0.5
5.682191811715399 | 2 | -0.5
5.50830676152991 | 2 | -0.5
5.53800943935084 | 2 | -0.5
4.46259270225442 | 2 | -0.5
2.878340341583669 | 2 | -0.5
2.2363759086161874 | 2 | -0.5
1.970804446258409 | 2 | -0.5
1.774056306879387 | 2 | -0.5
1.6425773822261065 | 2 | -0.5
1.597659698565087 | 2 | -0.5
1.6625938143394867 | 2 | -0.5
1.748492273732811 | 2 | -0.5
1.921237617276816 | 2 | -0.5
2.2374131954010212 | 2 | -0.5
2.776299373459315 | 2 | -0.5
6.8796485472937094 | 2 | -0.5
6.469032334626947 | 2 | -0.5
6.304793962707554 | 2 | -0.5
6.4425679223214365 | 2 | -0.5
3.86809902974975 | 2 | -0.5
2.7627559877565235 | 2 | -0.5
2.268553257531057 | 2 | -0.5
1.9068885752273173 | 2 | -0.5
1.7836901606377833 | 2 | -0.5
1.6724688130794036 | 2 | -0.5
1.6592823014988374 | 2 | -0.5
1.7370562414205397 | 2 | -0.5
1.8833565793668774 | 2 | -0.5
2.0581671506552013 | 2 | -0.5
2.3703532420943594 | 2 | -0.5
6.328411021856768 | 2 | -0.5
5.82832205889675 | 2 | -0.5
5.664105326763582 | 2 | -0.5
5.6435360313706715 | 2 | -0.5
5.815157062257332 | 2 | -0.5
3.6107736331277063 | 2 | -0.5
2.7638506379509895 | 2 | -0.5
2.2752241522880734 | 2 | -0.5
2.00235403643449 | 2 | -0.5
1.8489938667552428 | 2 | -0.5
1.816572348123628 | 2 | -0.5
1.7734981265503513 | 2 | -0.5
1.8882571422200518 | 2 | -0.5
2.0355653757939596 | 2 | -0.5
2.296707052657505 | 2 | -0.5
2.7599484611240124 | 2 | -0.5
7.04052659906745 | 2 | -0.5
6.466466017979392 | 2 | -0.5
6.26559231835071 | 2 | -0.5
6.256321387325722 | 2 | -0.5
5.255380490908362 | 2 | -0.5
3.2791607127758886 | 2 | -0.5
2.534656401780069 | 2 | -0.5
2.138977150060762 | 2 | -0.5
1.9041596362814446 | 2 | -0.5
1.7328452541870778 | 2 | -0.5
1.6546219180091508 | 2 | -0.5
1.653435390742393 | 2 | -0.5
1.6600689787552967 | 2 | -0.5
1.7500937481462078 | 2 | -0.5
1.9776687853810406 | 2 | -0.5
2.288084912073547 | 2 | -0.5
2.86892932393413 | 2 | -0.5
6.087849585796973 | 2 | -0.5
5.758820958117053 | 2 | -0.5
5.692757767662982 | 2 | -0.5
5.571012904059141 | 2 | -0.5
3.3876522397785807 | 2 | -0.5
2.443272864532043 | 2 | -0.5
2.013850434705789 | 2 | -0.5
1.8552852483763111 | 2 | -0.5
1.7242328986802224 | 2 | -0.5
1.6776399594443965 | 2 | -0.5
1.6747823210332735 | 2 | -0.5
1.7563982251127574 | 2 | -0.5
2.022195045546055 | 2 | -0.5
2.3043693044697044 | 2 | -0.5
2.8095272129295275 | 2 | -0.5
6.75527696878808 | 2 | -0.5
6.374109239900938 | 2 | -0.5
6.279982184480724 | 2 | -0.5
6.451999729906218 | 2 | -0.5
4.170659686724003 | 2 | -0.5
2.9540228074473998 | 2 | -0.5
2.2518430669317024 | 2 | -0.5
1.95608332130336 | 2 | -0.5
1.7814939733776183 | 2 | -0.5
1.7844257094131968 | 2 | -0.5
1.7802743772698693 | 2 | -0.5
1.881924232979974 | 2 | -0.5
1.951278167572468 | 2 | -0.5
2.1476223714707454 | 2 | -0.5
2.545516635441615 | 2 | -0.5
6.375722210574277 | 2 | -0.5
5.85457115946673 | 2 | -0.5
5.639033555067839 | 2 | -0.5
5.6327712912350005 | 2 | -0.5
4.860704303065042 | 2 | -0.5
3.174719569177326 | 2 | -0.5
2.3017303814298344 | 2 | -0.5
1.9467566871686672 | 2 | -0.5
1.7610069564381352 | 2 | -0.5
1.6736449636374433 | 2 | -0.5
1.644639390597041 | 2 | -0.5
1.6380715326937045 | 2 | -0.5
1.748261182643453 | 2 | -0.5
1.9799659610601918 | 2 | -0.5
2.189926382226865 | 2 | -0.5
2.604792815029625 | 2 | -0.5
6.803352481073305 | 2 | -0.5
6.411236309725263 | 2 | -0.5
6.276310241329912 | 2 | -0.5
6.457407129243562 | 2 | -0.5
3.9098375129511513 | 2 | -0.5
2.8751034001571014 | 2 | -0.5
2.2986595809246144 | 2 | -0.5
2.0316794073731512 | 2 | -0.5
1.8798759012390793 | 2 | -0.5
1.768915262685435 | 2 | -0.5
1.7914811707334273 | 2 | -0.5
1.8520082537462152 | 2 | -0.5
1.9551428072484938 | 2 | -0.5
2.1330109695746144 | 2 | -0.5
2.525785060250211 | 2 | -0.5
6.554471098592461 | 2 | -0.5
5.99020077235387 | 2 | -0.5
5.708048694178577 | 2 | -0.5
5.572605835077945 | 2 | -0.5
5.655299304635022 | 2 | -0.5
3.9065896816917998 | 2 | -0.5
2.62322769094926 | 2 | -0.5
2.1822428819943265 | 2 | -0.5
1.950286697375026 | 2 | -0.5
1.7728191186374085 | 2 | -0.5
1.7110259430725816 | 2 | -0.5
1.5942040952467997 | 2 | -0.5
1.650199405035706 | 2 | -0.5
1.707770761141032 | 2 | -0.5
1.92578624136261 | 2 | -0.5
2.19388976312605 | 2 | -0.5
2.7055007047023047 | 2 | -0.5
6.84308175832554 | 2 | -0.5
6.402035595801855 | 2 | -0.5
6.330432650868645 | 2 | -0.5
6.498439057717149 | 2 | -0.5
3.8480454533487523 | 2 | -0.5
2.806999451696544 | 2 | -0.5
2.229453588645287 | 2 | -0.5
1.99183111629425 | 2 | -0.5
1.8489531449249514 | 2 | -0.5
1.7999202507906507 | 2 | -0.5
1.7905001831637148 | 2 | -0.5
1.8087325762140496 | 2 | -0.5
1.9364587262837154 | 2 | -0.5
2.191472836155062 | 2 | -0.5
2.7005353664065135 | 2 | -0.5
6.230527294443433 | 2 | -0.5
5.795221445661308 | 2 | -0.5
5.635798409789988 | 2 | -0.5
5.639738280989515 | 2 | -0.5
5.202562982658143 | 2 | -0.5
3.2468767379614643 | 2 | -0.5
2.4448118133139713 | 2 | -0.5
2.005307284252792 | 2 | -0.5
1.7821940930766922 | 2 | -0.5
1.6644964769898682 | 2 | -0.5
1.631553234614333 | 2 | -0.5
1.636971427578305 | 2 | -0.5
1.7051248594634691 | 2 | -0.5
1.9369781944782516 | 2 | -0.5
2.1501590522983993 | 2 | -0.5
2.691690411468397 | 2 | -0.5
6.871568235205598 | 2 | -0.5
6.408472232077137 | 2 | -0.5
6.217986275352203 | 2 | -0.5
6.288635132581539 | 2 | -0.5
4.604514438939122 | 2 | -0.5
2.9632667833446744 | 2 | -0.5
2.413953739603871 | 2 | -0.5
2.039216435891677 | 2 | -0.5
1.7965836218314784 | 2 | -0.5
1.751501767213644 | 2 | -0.5
1.7178246945770668 | 2 | -0.5
1.760648266255912 | 2 | -0.5
1.8835556153204567 | 2 | -0.5
2.1708593455723806 | 2 | -0.5
2.593947255453685 | 2 | -0.5
6.1606312980983775 | 2 | -0.5
5.795872250204156 | 2 | -0.5
Total reward: -500.0
