-2.6, 0.9, -2.3, 0.2, -2.3, 5.1, 4.0, -1.4, -0.3, -3.8, -4.6, 1.9, -4.5, -2.2, 6.0, -2.7, 1.7, -1.5
parameter ends

state | action | reward
[4.95] | 2 | -0.5
7.831179979636719 | 2 | -0.5
15.933411168247536 | 1 | -0.5
7.2705444409375595 | 2 | -0.5
14.27177287249339 | 2 | -0.5
14.854856382224094 | 2 | -0.5
1.6286417647821296 | 2 | -0.5
1.7220575022369868 | 2 | -0.5
1.9525192824192759 | 2 | -0.5
2.4022801975454735 | 2 | -0.5
3.1856973731107554 | 2 | -0.5
5.224454527715104 | 2 | -0.5
17.61705183688783 | 0 | 5.0
17.661641977984534 | 0 | 5.0
17.610737253115825 | 0 | 5.0
13.761713600224134 | 0 | 5.0
10.160828459996647 | 0 | 5.0
5.081429631669684 | 0 | 5.0
1.6952544850940454 | 0 | 5.0
0.6983190492755067 | 0 | 5.0
0.7326656448166018 | 0 | 5.0
0.7325728938897901 | 0 | 5.0
0.7773776675841454 | 0 | 5.0
0.8037685412169476 | 0 | 5.0
0.7931346962739353 | 0 | 5.0
0.8098942486479505 | 0 | 5.0
0.8534873061233292 | 0 | 5.0
0.8325325962805158 | 0 | 5.0
0.8808487263064649 | 0 | 5.0
0.8779717819631273 | 0 | 5.0
0.8642592870979209 | 0 | 5.0
0.8768816332455629 | 0 | 5.0
0.9025069549775877 | 0 | 5.0
0.9528551860120311 | 0 | 5.0
0.9791692240418194 | 0 | 5.0
1.020863844567155 | 0 | 5.0
1.0177641429347857 | 0 | 5.0
1.0493147103244662 | 0 | 5.0
1.0913293181451313 | 0 | 5.0
1.0833776262582357 | 0 | 5.0
1.1140892668825457 | 0 | 5.0
1.0866041158351591 | 0 | 5.0
1.124614199178293 | 0 | 5.0
1.1427835675786402 | 0 | 5.0
1.1744193841392316 | 0 | 5.0
1.1730357107157627 | 0 | 5.0
1.1687884615618251 | 0 | 5.0
1.176547690339583 | 0 | 5.0
1.1889283660158303 | 0 | 5.0
1.2380008592014675 | 0 | 5.0
1.1902740357143067 | 0 | 5.0
1.1982885432749013 | 0 | 5.0
1.2386763484878691 | 0 | 5.0
1.223752744630581 | 0 | 5.0
1.2662939590394344 | 2 | -0.5
1.2768480569524234 | 2 | -0.5
1.3146656190273056 | 2 | -0.5
1.457832353953757 | 2 | -0.5
1.6636670465270165 | 2 | -0.5
2.118874935295933 | 2 | -0.5
3.087554425553901 | 2 | -0.5
7.0146556287166275 | 2 | -0.5
10.358769955387775 | 2 | -0.5
7.8625664466177385 | 2 | -0.5
4.478237193385246 | 2 | -0.5
3.354388672888419 | 2 | -0.5
2.7814227873270787 | 2 | -0.5
2.4883103491297955 | 2 | -0.5
2.3161733587441184 | 2 | -0.5
2.160002867309621 | 2 | -0.5
2.176350501746927 | 0 | 5.0
2.171089290595538 | 0 | 5.0
2.1841140116616202 | 0 | 5.0
2.1594046317394797 | 0 | 5.0
2.1669754485675745 | 0 | 5.0
2.140319975702974 | 0 | 5.0
2.139508433564205 | 0 | 5.0
2.1571847490410394 | 0 | 5.0
2.1741373572215132 | 0 | 5.0
2.1326089463342703 | 0 | 5.0
2.1202492754544258 | 0 | 5.0
2.147587115131429 | 0 | 5.0
2.1495872601480195 | 0 | 5.0
2.084639258790612 | 2 | -0.5
2.191519402560994 | 2 | -0.5
2.3089686040957713 | 2 | -0.5
2.4938030804764764 | 2 | -0.5
3.0275143628153094 | 2 | -0.5
3.8141586554251825 | 2 | -0.5
5.68455715109868 | 2 | -0.5
12.82609137904434 | 2 | -0.5
12.756956297724116 | 2 | -0.5
4.242187562589221 | 2 | -0.5
2.4729523522588526 | 2 | -0.5
1.7766791730513682 | 2 | -0.5
1.4569581584213434 | 2 | -0.5
1.30743719464951 | 2 | -0.5
1.2364884903062159 | 2 | -0.5
1.2191318730508174 | 0 | 5.0
1.1911854851908494 | 0 | 5.0
1.2145757422598382 | 0 | 5.0
1.2381892552451075 | 0 | 5.0
1.2788556265801523 | 0 | 5.0
1.2892419204268482 | 0 | 5.0
1.2784951929630157 | 0 | 5.0
1.3015078696154523 | 0 | 5.0
1.3097285258580944 | 0 | 5.0
1.352712534378241 | 0 | 5.0
1.338204136561832 | 0 | 5.0
1.3655903514340608 | 0 | 5.0
1.402277779635542 | 0 | 5.0
1.4360866680887057 | 0 | 5.0
1.4722325867352475 | 0 | 5.0
1.4885363233941402 | 0 | 5.0
1.4902775934207373 | 0 | 5.0
1.5434120299983844 | 2 | -0.5
1.4954798812775711 | 2 | -0.5
1.5930304527642225 | 2 | -0.5
1.6812947417066857 | 2 | -0.5
1.9099886284622676 | 2 | -0.5
2.2705400046780917 | 2 | -0.5
3.0420525672531156 | 2 | -0.5
5.2518914860386605 | 2 | -0.5
11.198655232352825 | 2 | -0.5
9.462421362871195 | 2 | -0.5
4.641674056122532 | 2 | -0.5
3.136491711667158 | 2 | -0.5
2.57122310615524 | 2 | -0.5
2.204162453287091 | 2 | -0.5
2.062859713175773 | 2 | -0.5
1.9734495937187433 | 2 | -0.5
1.9298639346529454 | 0 | 5.0
1.9157333139728279 | 0 | 5.0
1.9567684872911617 | 0 | 5.0
1.8921833816574496 | 0 | 5.0
1.8495258165543478 | 0 | 5.0
1.8171053494869625 | 0 | 5.0
1.8239956489287628 | 0 | 5.0
1.7711309941375382 | 0 | 5.0
1.7356788906483533 | 0 | 5.0
1.733274898637743 | 0 | 5.0
1.6665448403308667 | 2 | -0.5
1.7483925934208386 | 2 | -0.5
1.901173769430685 | 2 | -0.5
2.1618157584014774 | 2 | -0.5
2.725984681224039 | 2 | -0.5
3.8937024983667032 | 2 | -0.5
7.435435589631506 | 2 | -0.5
11.40087952885744 | 2 | -0.5
7.864678054145119 | 2 | -0.5
4.106305144130297 | 2 | -0.5
2.888940512950164 | 2 | -0.5
2.419565808627292 | 2 | -0.5
1.9740965026258208 | 2 | -0.5
1.8317732159636322 | 2 | -0.5
1.7178425977964864 | 2 | -0.5
1.720713543600207 | 0 | 5.0
1.7175842440834452 | 0 | 5.0
1.6968775374911904 | 0 | 5.0
1.7384278399370257 | 0 | 5.0
1.7238167307100247 | 0 | 5.0
1.6995337569734832 | 0 | 5.0
1.6920387679201112 | 0 | 5.0
1.7147480877907193 | 0 | 5.0
1.703188941855299 | 0 | 5.0
1.6612005083975057 | 0 | 5.0
1.6828716616925925 | 0 | 5.0
1.72508981278529 | 0 | 5.0
1.6962994093391366 | 0 | 5.0
1.7008925331953417 | 0 | 5.0
1.6892323706705892 | 2 | -0.5
1.728957215902983 | 2 | -0.5
1.8408056455107205 | 2 | -0.5
2.0022766766167552 | 2 | -0.5
2.4524981497621794 | 2 | -0.5
3.059777996597059 | 2 | -0.5
4.9000378174426205 | 2 | -0.5
11.882226868204919 | 2 | -0.5
11.77119475574241 | 2 | -0.5
6.191600101311696 | 2 | -0.5
3.36604505739881 | 2 | -0.5
2.520950073653345 | 2 | -0.5
2.136660049236762 | 2 | -0.5
1.9102175699392059 | 2 | -0.5
1.8229764927560375 | 2 | -0.5
1.734515613081865 | 0 | 5.0
1.7552162313455097 | 0 | 5.0
1.7669342140148951 | 0 | 5.0
1.8001849059582358 | 0 | 5.0
1.810812280586558 | 0 | 5.0
1.8038825417482354 | 0 | 5.0
1.787080869369367 | 0 | 5.0
1.822619956768639 | 0 | 5.0
1.817499827399801 | 0 | 5.0
1.861550408000543 | 0 | 5.0
1.8180196672854507 | 0 | 5.0
1.8598288412191382 | 0 | 5.0
1.8941972788432413 | 0 | 5.0
1.916690046704897 | 0 | 5.0
1.8931507910015037 | 0 | 5.0
1.8714920337034804 | 0 | 5.0
1.9246201488160866 | 0 | 5.0
1.8966074959172623 | 2 | -0.5
1.9152982543696797 | 2 | -0.5
2.053447294559396 | 2 | -0.5
2.3368986974247923 | 2 | -0.5
2.744618776144383 | 2 | -0.5
3.492624347453617 | 2 | -0.5
5.2597473169731686 | 2 | -0.5
11.942594859290846 | 2 | -0.5
12.040196354762674 | 2 | -0.5
5.4530943609078975 | 2 | -0.5
3.237788874437951 | 2 | -0.5
2.4087926668400996 | 2 | -0.5
1.9140016995450992 | 2 | -0.5
1.6827334091449515 | 2 | -0.5
1.5606049171304772 | 2 | -0.5
1.4855361816404125 | 0 | 5.0
1.5625164471238706 | 0 | 5.0
1.5874783380400563 | 0 | 5.0
1.577792474380088 | 0 | 5.0
1.6535880017743834 | 0 | 5.0
1.6245549410695084 | 0 | 5.0
1.6639566052828942 | 0 | 5.0
1.699175545269776 | 0 | 5.0
1.697661780707972 | 0 | 5.0
1.7406942153781113 | 0 | 5.0
1.750196626089078 | 0 | 5.0
1.7802417477485135 | 0 | 5.0
1.780926416340729 | 0 | 5.0
1.8181477125084409 | 0 | 5.0
1.8457742030044626 | 0 | 5.0
1.8227828643993256 | 0 | 5.0
1.8693689728924359 | 0 | 5.0
1.8473558758790458 | 0 | 5.0
1.89133894117423 | 2 | -0.5
1.8662886305001432 | 0 | 5.0
1.8764366531238794 | 2 | -0.5
1.9853954635907396 | 2 | -0.5
2.2291295998600735 | 2 | -0.5
2.5368075979889517 | 2 | -0.5
3.354785960756392 | 2 | -0.5
4.6836043178228275 | 2 | -0.5
12.205834373181155 | 2 | -0.5
12.034797161293167 | 2 | -0.5
6.526261318894874 | 2 | -0.5
3.6190519772460235 | 2 | -0.5
2.550727712395666 | 2 | -0.5
1.9484933379762615 | 2 | -0.5
1.6845114293485481 | 2 | -0.5
1.5466673047466932 | 2 | -0.5
1.4458057301029759 | 0 | 5.0
1.528965893463616 | 0 | 5.0
1.5195780263615435 | 0 | 5.0
1.586221463176641 | 0 | 5.0
1.6330972734570495 | 0 | 5.0
1.6306426879564813 | 0 | 5.0
1.6758160155488804 | 0 | 5.0
1.664461728019603 | 0 | 5.0
1.7439038561173896 | 0 | 5.0
1.7589795192631912 | 0 | 5.0
1.8207141200969945 | 2 | -0.5
1.7449850834452254 | 0 | 5.0
1.7626710314202862 | 0 | 5.0
1.7249213250784319 | 0 | 5.0
1.7818079603826944 | 0 | 5.0
1.7512099465620514 | 0 | 5.0
1.7394439878988854 | 0 | 5.0
1.705074755867322 | 2 | -0.5
1.7530386843933832 | 2 | -0.5
1.8798905362714011 | 2 | -0.5
2.120766018159365 | 2 | -0.5
2.50067923130178 | 2 | -0.5
3.2079318786447 | 2 | -0.5
5.12090494801849 | 2 | -0.5
11.58450331112179 | 2 | -0.5
11.501622692113758 | 2 | -0.5
5.391884481927817 | 2 | -0.5
3.3588878839947025 | 2 | -0.5
2.5814864041695444 | 2 | -0.5
2.1260940530637047 | 2 | -0.5
1.9012731412711508 | 2 | -0.5
1.7010189527338389 | 2 | -0.5
1.6514244422347144 | 0 | 5.0
1.661154071343757 | 0 | 5.0
1.724280955142876 | 0 | 5.0
1.7392619750806295 | 2 | -0.5
1.712739013932271 | 0 | 5.0
1.7512804886422793 | 0 | 5.0
1.7065433752936654 | 0 | 5.0
1.7041701196513173 | 0 | 5.0
1.6528793178028662 | 0 | 5.0
1.6789849325947979 | 0 | 5.0
1.673483266060406 | 0 | 5.0
1.6907917281610123 | 0 | 5.0
1.6715734677460599 | 0 | 5.0
1.7400722326478484 | 2 | -0.5
1.735413081898989 | 2 | -0.5
1.747414026020257 | 2 | -0.5
1.9976246597409957 | 2 | -0.5
2.312508520595812 | 2 | -0.5
3.0390142708657506 | 2 | -0.5
4.401222342184113 | 2 | -0.5
11.618186933627227 | 2 | -0.5
11.532523658475405 | 2 | -0.5
5.818893195068549 | 2 | -0.5
3.726669619752254 | 2 | -0.5
2.646290197326898 | 2 | -0.5
2.254151190425617 | 2 | -0.5
1.9402583522886114 | 2 | -0.5
1.8079449951766666 | 2 | -0.5
1.7644772986041009 | 0 | 5.0
1.7778850400454342 | 0 | 5.0
1.776616539525241 | 0 | 5.0
1.8123739565228667 | 0 | 5.0
1.8609885615305808 | 0 | 5.0
1.8606815295489452 | 0 | 5.0
1.8574978837469671 | 0 | 5.0
1.9221973159949508 | 0 | 5.0
1.916889507458648 | 0 | 5.0
1.9688151358546238 | 0 | 5.0
2.0227277750854373 | 0 | 5.0
1.9907380423455567 | 0 | 5.0
2.017541681281565 | 0 | 5.0
2.022827725498864 | 0 | 5.0
2.0166891261715665 | 0 | 5.0
2.060224450874449 | 0 | 5.0
2.0336395870966517 | 0 | 5.0
2.0605367897149423 | 0 | 5.0
2.0498041194763585 | 2 | -0.5
2.1174208502251464 | 0 | 5.0
2.071343179094302 | 2 | -0.5
2.136213239397739 | 2 | -0.5
2.3404721891075844 | 2 | -0.5
2.6790482564415745 | 2 | -0.5
3.239176310729373 | 2 | -0.5
4.534054125674373 | 2 | -0.5
8.697274593902138 | 2 | -0.5
12.662011551288963 | 2 | -0.5
6.71596605299649 | 2 | -0.5
3.26174458781242 | 2 | -0.5
2.252885617085193 | 2 | -0.5
1.8334774826631872 | 2 | -0.5
1.5682377362384428 | 2 | -0.5
1.4600523351081465 | 2 | -0.5
1.415181744772549 | 2 | -0.5
1.3976274261483008 | 0 | 5.0
1.3766553394789531 | 0 | 5.0
1.3894637093464197 | 0 | 5.0
1.334820356053165 | 0 | 5.0
1.3548744399729216 | 0 | 5.0
1.3468029469296732 | 0 | 5.0
1.356033548337941 | 0 | 5.0
1.3430213219955107 | 0 | 5.0
1.358983696355185 | 0 | 5.0
1.3076054143829388 | 0 | 5.0
1.333874159926608 | 0 | 5.0
1.2757725779568323 | 0 | 5.0
1.2600864607334064 | 0 | 5.0
1.3020644891351627 | 2 | -0.5
1.3481141618663537 | 2 | -0.5
1.4121625983650035 | 2 | -0.5
1.5165718676805064 | 2 | -0.5
1.7552544218239432 | 2 | -0.5
2.2540671214699413 | 2 | -0.5
3.41131663024775 | 2 | -0.5
10.413527140971338 | 2 | -0.5
10.322754677425339 | 2 | -0.5
7.703047699050351 | 2 | -0.5
4.828749745960874 | 2 | -0.5
3.527975478156384 | 2 | -0.5
2.941967573962889 | 2 | -0.5
2.511872952748718 | 2 | -0.5
2.2423470398802956 | 2 | -0.5
2.146224063667067 | 2 | -0.5
2.1164371270742506 | 0 | 5.0
2.0767652518245874 | 0 | 5.0
2.081407857719392 | 0 | 5.0
2.069329848067781 | 0 | 5.0
2.072029865231981 | 0 | 5.0
2.053406287499489 | 0 | 5.0
2.018846247529819 | 0 | 5.0
2.0157639959311386 | 0 | 5.0
1.9841481624943471 | 0 | 5.0
1.9537042459812075 | 0 | 5.0
1.8891240614790055 | 0 | 5.0
1.903983958260069 | 2 | -0.5
1.983174403226745 | 2 | -0.5
2.1338468598311002 | 2 | -0.5
2.4445123125942154 | 2 | -0.5
2.9317364339362433 | 2 | -0.5
3.94919972352196 | 2 | -0.5
7.847166261840847 | 2 | -0.5
12.188818252773364 | 2 | -0.5
6.250126186202152 | 2 | -0.5
3.5508944273568592 | 2 | -0.5
2.5178174908612347 | 2 | -0.5
2.062151146070953 | 2 | -0.5
1.7717285347408496 | 2 | -0.5
1.5806887540970438 | 2 | -0.5
1.531983688130931 | 0 | 5.0
1.576815404350525 | 0 | 5.0
1.5834336459689766 | 2 | -0.5
1.5507629373286147 | 0 | 5.0
1.5476743841180989 | 0 | 5.0
1.5846523959577417 | 0 | 5.0
1.4997757952996664 | 0 | 5.0
1.5627367206613114 | 0 | 5.0
1.502664161358871 | 0 | 5.0
1.5023676404149486 | 0 | 5.0
1.5144174607605279 | 0 | 5.0
1.5341188164794917 | 0 | 5.0
1.4493791605260369 | 0 | 5.0
1.5003835180960803 | 0 | 5.0
1.4493387586997264 | 0 | 5.0
1.4822661265536607 | 0 | 5.0
1.4676488188023937 | 2 | -0.5
1.4928031246704812 | 2 | -0.5
1.5834638268825347 | 2 | -0.5
1.7379210134699343 | 2 | -0.5
1.9831832781759262 | 2 | -0.5
2.4125886475120413 | 2 | -0.5
3.568941349080167 | 2 | -0.5
6.567941274556851 | 2 | -0.5
11.139231156331611 | 2 | -0.5
11.297859444602546 | 2 | -0.5
5.465936135105541 | 2 | -0.5
3.506651052895772 | 2 | -0.5
2.753394576873384 | 2 | -0.5
2.357444895812016 | 2 | -0.5
2.06658882227954 | 2 | -0.5
1.9938611758547136 | 2 | -0.5
1.9190713161278141 | 0 | 5.0
1.9123371809664984 | 0 | 5.0
1.9211478163665365 | 0 | 5.0
1.9493230638824235 | 0 | 5.0
1.965382842667801 | 0 | 5.0
1.9482058716567332 | 0 | 5.0
1.9862768071305377 | 0 | 5.0
1.9691858032054033 | 0 | 5.0
2.025132563574216 | 0 | 5.0
1.9735676694803341 | 0 | 5.0
2.0210033058120485 | 0 | 5.0
2.0346986746054987 | 0 | 5.0
2.0242061644408884 | 0 | 5.0
2.0632068626560107 | 0 | 5.0
2.0884402414291072 | 0 | 5.0
2.078557925937765 | 0 | 5.0
2.1108557409163082 | 2 | -0.5
2.1185556987563956 | 0 | 5.0
2.0995100716731043 | 2 | -0.5
2.134319770277559 | 2 | -0.5
2.281204290723932 | 2 | -0.5
2.5375731043301313 | 2 | -0.5
2.9945290635859507 | 2 | -0.5
3.9338576339196742 | 2 | -0.5
6.475453856908642 | 2 | -0.5
12.733010192168516 | 2 | -0.5
12.73643070514333 | 2 | -0.5
3.733702556616598 | 2 | -0.5
2.643146714007212 | 2 | -0.5
2.012302706131873 | 2 | -0.5
1.6920969267545183 | 2 | -0.5
1.55842508506357 | 2 | -0.5
1.4844420715510975 | 2 | -0.5
1.3957477123928685 | 0 | 5.0
1.3961234021917148 | 0 | 5.0
1.440984916162184 | 0 | 5.0
1.429161481924708 | 0 | 5.0
1.4630771985133435 | 0 | 5.0
1.4253093664082304 | 0 | 5.0
1.438192557129214 | 0 | 5.0
1.4164439599239902 | 0 | 5.0
1.4751441231646687 | 0 | 5.0
1.4673478090661987 | 0 | 5.0
1.4803531169281212 | 0 | 5.0
1.5135529397818772 | 0 | 5.0
1.5452831939478915 | 0 | 5.0
1.548997570959123 | 0 | 5.0
1.5207188433668708 | 0 | 5.0
1.5452699639030985 | 0 | 5.0
1.6145460791672193 | 0 | 5.0
1.6242050186692087 | 2 | -0.5
1.6104786643732723 | 2 | -0.5
1.6943449590724047 | 2 | -0.5
1.81032196894586 | 2 | -0.5
2.0373079766262405 | 2 | -0.5
2.579034612697282 | 2 | -0.5
3.2789244811521256 | 2 | -0.5
5.079006101922406 | 2 | -0.5
11.162400402905458 | 2 | -0.5
11.204870523406878 | 2 | -0.5
4.889167924041851 | 2 | -0.5
3.20583524084381 | 2 | -0.5
2.4325609544983156 | 2 | -0.5
2.068211418444591 | 2 | -0.5
1.9053614556704688 | 2 | -0.5
1.7798420141718287 | 2 | -0.5
1.7166304027506423 | 0 | 5.0
1.6852721800117991 | 0 | 5.0
1.758581948656678 | 0 | 5.0
1.76292206811622 | 0 | 5.0
1.7352689362208937 | 0 | 5.0
1.7950426071469534 | 0 | 5.0
1.8115984677599115 | 0 | 5.0
1.813537097987701 | 0 | 5.0
1.7923856163693435 | 0 | 5.0
1.7654223995404459 | 0 | 5.0
1.8183877105521455 | 0 | 5.0
1.780253021981234 | 0 | 5.0
1.776385187846645 | 2 | -0.5
1.849147160680842 | 2 | -0.5
1.9863379082310246 | 2 | -0.5
2.187892402499689 | 2 | -0.5
2.5182083905726262 | 2 | -0.5
3.3674764358869016 | 2 | -0.5
5.050961333912265 | 2 | -0.5
10.726640774516872 | 2 | -0.5
11.786534488817212 | 2 | -0.5
5.8941663057733775 | 2 | -0.5
3.174129444204402 | 2 | -0.5
2.4105501509081955 | 2 | -0.5
1.918418328243965 | 2 | -0.5
1.7346546345426086 | 2 | -0.5
1.6529386150577845 | 2 | -0.5
1.5844914282829958 | 0 | 5.0
1.6051182580691914 | 0 | 5.0
1.6768668632251327 | 0 | 5.0
1.6734595100331946 | 0 | 5.0
1.7029015520645656 | 0 | 5.0
1.737500564924683 | 0 | 5.0
1.7758880829126238 | 0 | 5.0
1.7957406189061744 | 0 | 5.0
1.819779896782526 | 0 | 5.0
1.8379795108551462 | 2 | -0.5
1.8147774314607974 | 0 | 5.0
1.7807142302339212 | 0 | 5.0
1.794466316972621 | 0 | 5.0
1.815847659317389 | 0 | 5.0
1.809506356531636 | 0 | 5.0
1.754448044178342 | 0 | 5.0
1.7446726260286989 | 0 | 5.0
1.80205432943741 | 2 | -0.5
1.8041956619537414 | 2 | -0.5
1.9764843444917222 | 2 | -0.5
2.2247948005982696 | 2 | -0.5
2.695362340542862 | 2 | -0.5
3.5745051312677476 | 2 | -0.5
6.46254072798412 | 2 | -0.5
11.71895842608453 | 2 | -0.5
8.861769639679371 | 2 | -0.5
4.247000532759762 | 2 | -0.5
2.9560963737964205 | 2 | -0.5
2.2759863129015643 | 2 | -0.5
1.9384080736971148 | 2 | -0.5
1.7908762419579844 | 2 | -0.5
1.6943099964128292 | 2 | -0.5
1.656019998239816 | 0 | 5.0
1.6314645108907166 | 0 | 5.0
1.645976378232975 | 0 | 5.0
1.6554528183499215 | 0 | 5.0
1.6961777504728255 | 0 | 5.0
1.6815917563835496 | 0 | 5.0
1.7044795014296794 | 0 | 5.0
1.6781369811647207 | 0 | 5.0
1.6617913380894491 | 0 | 5.0
1.6807429507497818 | 0 | 5.0
1.68496475476077 | 0 | 5.0
1.6810514459134542 | 0 | 5.0
1.7078374106807812 | 0 | 5.0
1.7068307127413487 | 0 | 5.0
1.6893663921226614 | 2 | -0.5
1.702402240901403 | 2 | -0.5
1.8938550934698175 | 2 | -0.5
2.0535016380789095 | 2 | -0.5
2.4691267215533825 | 2 | -0.5
3.1554060529637646 | 2 | -0.5
4.838659455451517 | 2 | -0.5
10.616153417365616 | 2 | -0.5
11.511532547377323 | 2 | -0.5
7.690334308192046 | 2 | -0.5
3.9102887736628897 | 2 | -0.5
2.9148546180617214 | 2 | -0.5
2.357498884895882 | 2 | -0.5
2.0557209919166963 | 2 | -0.5
1.847785209769942 | 2 | -0.5
1.7495752263980897 | 0 | 5.0
1.7925057186433473 | 0 | 5.0
1.8195674096087642 | 0 | 5.0
1.8403827937611268 | 0 | 5.0
1.792508987697729 | 0 | 5.0
1.7945901821282464 | 0 | 5.0
1.836193549548009 | 0 | 5.0
1.8337918582145063 | 0 | 5.0
1.8052570853089103 | 0 | 5.0
1.8828059948730826 | 0 | 5.0
1.9208895448244132 | 0 | 5.0
1.9297345521360065 | 0 | 5.0
1.9530525507401402 | 0 | 5.0
1.9540708387358208 | 0 | 5.0
1.9177200278243056 | 0 | 5.0
1.9948455007443942 | 0 | 5.0
2.0025074515576704 | 0 | 5.0
1.9915155180351718 | 0 | 5.0
2.050233935722241 | 2 | -0.5
2.031937620795004 | 0 | 5.0
2.0195472972903605 | 2 | -0.5
2.0993015583045342 | 2 | -0.5
2.32300670664148 | 2 | -0.5
2.729273406025557 | 2 | -0.5
3.2749801760266486 | 2 | -0.5
4.415045955603437 | 2 | -0.5
7.962952104364116 | 2 | -0.5
12.565961995164075 | 2 | -0.5
8.65312134565929 | 2 | -0.5
3.793228293330398 | 2 | -0.5
2.759649368242774 | 2 | -0.5
2.1674048561184382 | 2 | -0.5
1.9192021372981873 | 2 | -0.5
1.7342542453484349 | 2 | -0.5
1.5858627575448498 | 2 | -0.5
1.549908952929742 | 2 | -0.5
1.535777729542209 | 0 | 5.0
1.5165331781407523 | 0 | 5.0
1.5069612858172874 | 0 | 5.0
1.495733017504045 | 0 | 5.0
1.4622727771743222 | 0 | 5.0
1.442958422538918 | 0 | 5.0
1.4587497979727737 | 0 | 5.0
1.4620390986393617 | 0 | 5.0
1.4635456155849773 | 0 | 5.0
1.4611738571168564 | 0 | 5.0
1.4438760309932495 | 0 | 5.0
1.4784147349710524 | 0 | 5.0
1.4632283144031195 | 0 | 5.0
1.4247562887648815 | 2 | -0.5
1.4902994187693253 | 2 | -0.5
1.5801476324856483 | 2 | -0.5
1.8224603138429956 | 2 | -0.5
2.390436783609999 | 2 | -0.5
3.489421064562107 | 2 | -0.5
6.321225844278479 | 2 | -0.5
10.573005024142844 | 2 | -0.5
10.799316390926972 | 2 | -0.5
4.3787914509529795 | 2 | -0.5
3.2553809856779083 | 2 | -0.5
2.6259261818312867 | 2 | -0.5
2.343777857431633 | 2 | -0.5
2.113076205128335 | 2 | -0.5
2.053562278631925 | 2 | -0.5
1.9686035348857525 | 0 | 5.0
1.974987115425102 | 0 | 5.0
2.0252851287506166 | 0 | 5.0
2.0061956286917577 | 0 | 5.0
2.034792916486371 | 0 | 5.0
1.9830826029520738 | 0 | 5.0
2.0300141582030893 | 0 | 5.0
1.9727258208372562 | 0 | 5.0
1.9795739976836049 | 0 | 5.0
1.955813886475544 | 0 | 5.0
1.945561772666813 | 0 | 5.0
1.9633344362610319 | 0 | 5.0
1.9157473426213874 | 0 | 5.0
1.9554816022624415 | 2 | -0.5
2.0139039168601736 | 2 | -0.5
2.099065737542609 | 2 | -0.5
2.4071581011948795 | 2 | -0.5
3.0126355887171465 | 2 | -0.5
4.085443308602112 | 2 | -0.5
6.838603198029173 | 2 | -0.5
12.381694828058043 | 2 | -0.5
8.820124190704735 | 2 | -0.5
3.5930556314645004 | 2 | -0.5
2.481311795420108 | 2 | -0.5
1.9923922142484756 | 2 | -0.5
1.7337551990168338 | 2 | -0.5
1.5608587353871395 | 2 | -0.5
1.5161876029878136 | 2 | -0.5
1.461215785793225 | 0 | 5.0
1.480821402484614 | 0 | 5.0
1.4038878836009985 | 0 | 5.0
1.4397920883487392 | 0 | 5.0
1.4261844426533012 | 0 | 5.0
1.3886517018945008 | 0 | 5.0
1.4329821517160426 | 0 | 5.0
1.4112992891459697 | 0 | 5.0
1.4463284972879835 | 0 | 5.0
1.4371040501352763 | 0 | 5.0
1.4210398837878373 | 0 | 5.0
1.4158452079991892 | 0 | 5.0
1.4235584950713638 | 0 | 5.0
1.448539280662902 | 2 | -0.5
1.4661130102414106 | 2 | -0.5
1.5439209224935244 | 2 | -0.5
1.707677561979573 | 2 | -0.5
2.1447001186669854 | 2 | -0.5
2.8069746216879783 | 2 | -0.5
4.479851959707202 | 2 | -0.5
10.890675524147886 | 2 | -0.5
10.859838692050207 | 2 | -0.5
5.7560957049859445 | 2 | -0.5
3.7999100959825243 | 2 | -0.5
2.9127968691668276 | 2 | -0.5
2.476787708333274 | 2 | -0.5
2.24962162396715 | 2 | -0.5
2.0890557183566982 | 2 | -0.5
2.02255923268243 | 0 | 5.0
2.0678089494402836 | 0 | 5.0
2.040981313942606 | 0 | 5.0
2.0846604100360624 | 0 | 5.0
2.1292161920891037 | 0 | 5.0
2.1145637137030406 | 0 | 5.0
2.094149614788584 | 0 | 5.0
2.125944278215001 | 0 | 5.0
2.1109185406738433 | 0 | 5.0
2.169188836205875 | 0 | 5.0
2.1211172576257917 | 0 | 5.0
2.1413206101354434 | 0 | 5.0
2.129755706762019 | 0 | 5.0
2.1379767368516127 | 0 | 5.0
2.127553770781951 | 0 | 5.0
2.159883011806948 | 0 | 5.0
2.1151159022393338 | 2 | -0.5
2.2138995069194816 | 2 | -0.5
2.387824141523825 | 2 | -0.5
2.6565711002368078 | 2 | -0.5
3.2758193588640907 | 2 | -0.5
4.398382858653116 | 2 | -0.5
6.867354879304186 | 2 | -0.5
12.886941495938316 | 2 | -0.5
10.359447079823676 | 2 | -0.5
3.4982892017900626 | 2 | -0.5
2.2430336231076344 | 2 | -0.5
1.7332342439099693 | 2 | -0.5
1.4427260340997534 | 2 | -0.5
1.3326452615687037 | 2 | -0.5
1.2692824450404077 | 2 | -0.5
1.229403375775726 | 0 | 5.0
1.2396467584873965 | 0 | 5.0
1.2340341962179757 | 0 | 5.0
1.266490079593261 | 0 | 5.0
1.3228141563510625 | 0 | 5.0
1.3266606270701449 | 0 | 5.0
1.3476045398575194 | 0 | 5.0
1.4011660850903078 | 0 | 5.0
1.3977407523702021 | 0 | 5.0
1.428211128899824 | 0 | 5.0
1.4271576728161264 | 0 | 5.0
1.4980383601899558 | 0 | 5.0
1.4818513842095578 | 0 | 5.0
1.4862596749560861 | 0 | 5.0
1.5357765724607182 | 0 | 5.0
1.5700371422745791 | 0 | 5.0
1.5505309923860917 | 0 | 5.0
1.6012793229051485 | 0 | 5.0
1.6392897141371987 | 0 | 5.0
1.6364134777784085 | 2 | -0.5
1.683201145283424 | 2 | -0.5
1.7395899264132493 | 2 | -0.5
1.8833341682643958 | 2 | -0.5
2.1973310045676393 | 2 | -0.5
2.6033905258741337 | 2 | -0.5
3.64506521354319 | 2 | -0.5
6.155988702960524 | 2 | -0.5
11.287723178344875 | 2 | -0.5
6.977749346931505 | 2 | -0.5
3.440802267022577 | 2 | -0.5
2.6208652102013823 | 2 | -0.5
2.1451318379919537 | 2 | -0.5
1.9572530345176928 | 2 | -0.5
1.8307583434284578 | 2 | -0.5
1.776259598839204 | 0 | 5.0
1.8371806827124912 | 0 | 5.0
1.8327940359431292 | 0 | 5.0
1.8712678568070593 | 0 | 5.0
1.8591938036746614 | 0 | 5.0
1.8725086584993074 | 0 | 5.0
1.869528755420567 | 0 | 5.0
1.8990751079156518 | 0 | 5.0
1.9073066717585132 | 0 | 5.0
1.927991046823129 | 0 | 5.0
1.9362619433180441 | 0 | 5.0
1.9447561941499676 | 0 | 5.0
1.9297061449781638 | 0 | 5.0
1.9855060750963982 | 0 | 5.0
2.0074549746450474 | 0 | 5.0
2.0156378556892385 | 0 | 5.0
1.9734054762500308 | 2 | -0.5
2.0319029887155255 | 2 | -0.5
2.1049769768799766 | 2 | -0.5
2.2857610248586204 | 2 | -0.5
2.580031891511944 | 2 | -0.5
3.253969129534576 | 2 | -0.5
4.388612039880261 | 2 | -0.5
8.934235831043614 | 2 | -0.5
12.4277486434499 | 2 | -0.5
5.2554923494002574 | 2 | -0.5
3.153501482472051 | 2 | -0.5
2.1819142921480887 | 2 | -0.5
1.8174466623040946 | 2 | -0.5
1.5733820106948315 | 2 | -0.5
1.489902516994294 | 2 | -0.5
1.463560914986194 | 0 | 5.0
1.4772351188024795 | 0 | 5.0
1.4654552505183343 | 0 | 5.0
1.519288697525869 | 0 | 5.0
1.5737049175408833 | 0 | 5.0
1.5445690394729334 | 0 | 5.0
1.636065560389772 | 2 | -0.5
1.6139278990142414 | 0 | 5.0
1.604969285436666 | 0 | 5.0
1.5641121871121815 | 0 | 5.0
1.546878558929971 | 0 | 5.0
1.5364050047475386 | 0 | 5.0
1.5324482194532263 | 0 | 5.0
1.5247917955948662 | 0 | 5.0
1.5191705583982387 | 0 | 5.0
1.504831034761536 | 2 | -0.5
1.544373456769669 | 2 | -0.5
1.6175210639663808 | 2 | -0.5
1.86657370527423 | 2 | -0.5
2.2953811622842766 | 2 | -0.5
2.8994681454867943 | 2 | -0.5
4.461921822096323 | 2 | -0.5
10.780372776246733 | 2 | -0.5
10.744451327463151 | 2 | -0.5
5.723936621586086 | 2 | -0.5
3.6816181676674855 | 2 | -0.5
2.8112550590844747 | 2 | -0.5
2.2883879835248284 | 2 | -0.5
2.1077717587195446 | 2 | -0.5
1.9363774038931654 | 2 | -0.5
1.845066655319516 | 0 | 5.0
1.8952518768144007 | 0 | 5.0
1.8442642394056623 | 0 | 5.0
1.9074578129259105 | 0 | 5.0
1.9619203278843067 | 0 | 5.0
1.983909993266175 | 2 | -0.5
1.9569718667096259 | 0 | 5.0
1.9675584880697594 | 0 | 5.0
1.9583436169856652 | 0 | 5.0
1.9578941102186707 | 0 | 5.0
1.940105826502685 | 0 | 5.0
1.9292858333321077 | 0 | 5.0
1.8955336307733042 | 0 | 5.0
1.8995767159096 | 2 | -0.5
1.938844534116944 | 2 | -0.5
2.0369897995014776 | 2 | -0.5
2.3531843427475265 | 2 | -0.5
2.7526983518701837 | 2 | -0.5
3.6318893678756865 | 2 | -0.5
5.532723334072312 | 2 | -0.5
12.190350487532985 | 2 | -0.5
12.098710390274645 | 2 | -0.5
5.227784255263644 | 2 | -0.5
3.0171047967957025 | 2 | -0.5
2.294590213937995 | 2 | -0.5
1.8528092476861946 | 2 | -0.5
1.683638339272631 | 2 | -0.5
1.544788015353018 | 2 | -0.5
1.5348517012624525 | 0 | 5.0
1.5486059791617757 | 0 | 5.0
1.597362442765176 | 0 | 5.0
1.5974902781702351 | 0 | 5.0
1.616003369929013 | 0 | 5.0
1.5966654844347565 | 0 | 5.0
1.6671637795823546 | 0 | 5.0
1.6579640248958702 | 0 | 5.0
1.7045327407030029 | 0 | 5.0
1.703390072170152 | 0 | 5.0
1.7291854590269902 | 0 | 5.0
1.7614983658656647 | 0 | 5.0
1.782166167180219 | 0 | 5.0
1.8219443509089257 | 0 | 5.0
1.8577516145263318 | 0 | 5.0
1.8528522588609502 | 0 | 5.0
1.8633970720594821 | 0 | 5.0
1.8879538455257399 | 0 | 5.0
1.969543788577505 | 0 | 5.0
1.940710314945743 | 2 | -0.5
1.935322401832114 | 0 | 5.0
1.9119724424188815 | 2 | -0.5
1.9822989208787343 | 2 | -0.5
2.1699258266353176 | 2 | -0.5
2.5011058931486696 | 2 | -0.5
3.0879353569680124 | 2 | -0.5
4.079355390038651 | 2 | -0.5
7.003811759975001 | 2 | -0.5
12.210835857285069 | 2 | -0.5
12.331742110469571 | 2 | -0.5
4.148586825885647 | 2 | -0.5
2.8583523389515038 | 2 | -0.5
2.27266518149815 | 2 | -0.5
1.8506240902850513 | 2 | -0.5
1.6923470340875975 | 2 | -0.5
1.5676761648275166 | 2 | -0.5
1.511036369555194 | 0 | 5.0
1.531542844206703 | 0 | 5.0
1.5568115034652446 | 0 | 5.0
1.6415071339204335 | 0 | 5.0
1.6229316988071736 | 0 | 5.0
1.5865004534533655 | 0 | 5.0
1.6336431246147496 | 0 | 5.0
1.6568884484600048 | 0 | 5.0
1.6522754211573905 | 0 | 5.0
1.680860861724768 | 0 | 5.0
1.6738988344336172 | 0 | 5.0
1.664121307954443 | 0 | 5.0
1.7208843889084837 | 0 | 5.0
1.770118283207444 | 2 | -0.5
1.710393125854449 | 0 | 5.0
1.7389773304182172 | 0 | 5.0
1.7458699659536407 | 0 | 5.0
1.7163931844213651 | 0 | 5.0
1.7217862879181196 | 2 | -0.5
1.7562613843151502 | 2 | -0.5
1.8897290642535811 | 2 | -0.5
2.1470994012986666 | 2 | -0.5
2.5910484549153745 | 2 | -0.5
3.3076592858201743 | 2 | -0.5
5.024600006001138 | 2 | -0.5
11.718913980072001 | 2 | -0.5
11.616093714729352 | 2 | -0.5
4.916104363629782 | 2 | -0.5
3.3632976216514887 | 2 | -0.5
2.5591196322055314 | 2 | -0.5
2.1714000320405353 | 2 | -0.5
1.9270004344957663 | 2 | -0.5
1.7765000226639431 | 2 | -0.5
1.724340747094784 | 0 | 5.0
1.7200225848587924 | 2 | -0.5
1.7160772814012843 | 0 | 5.0
1.7169696405669597 | 0 | 5.0
1.7772052525728166 | 0 | 5.0
1.7140697048498614 | 0 | 5.0
1.750933965734338 | 0 | 5.0
1.7931091207215464 | 0 | 5.0
1.8053584677732746 | 0 | 5.0
1.8349565235374394 | 0 | 5.0
1.8281657909420146 | 0 | 5.0
1.8582623404043546 | 0 | 5.0
1.831547549409848 | 0 | 5.0
1.8781352816384858 | 0 | 5.0
1.8444919591884616 | 0 | 5.0
1.8694347037334902 | 0 | 5.0
1.8518578402900807 | 0 | 5.0
1.8664495643934345 | 2 | -0.5
1.8971612110740517 | 2 | -0.5
2.037753594428411 | 2 | -0.5
2.2311091335908935 | 2 | -0.5
2.501512527551442 | 2 | -0.5
3.019175539613287 | 2 | -0.5
4.253728895524577 | 2 | -0.5
7.706544081164488 | 2 | -0.5
11.997065690187354 | 2 | -0.5
7.841727737299894 | 2 | -0.5
3.6005649966404847 | 2 | -0.5
2.609205415404803 | 2 | -0.5
2.059472503503414 | 2 | -0.5
1.7199007657204308 | 2 | -0.5
1.5577405410569274 | 2 | -0.5
1.4469178962389821 | 2 | -0.5
1.4607878823126568 | 0 | 5.0
1.4507711073665674 | 0 | 5.0
1.4407078267792184 | 0 | 5.0
1.486229197499595 | 0 | 5.0
1.4725673745127799 | 0 | 5.0
1.4881139185289514 | 0 | 5.0
1.4830765736329872 | 0 | 5.0
1.5430815007179184 | 0 | 5.0
1.5217836527137705 | 0 | 5.0
1.5363552811449053 | 0 | 5.0
1.5851001286556348 | 0 | 5.0
1.5536833725815433 | 0 | 5.0
1.6005082574083613 | 0 | 5.0
1.5742096472007145 | 0 | 5.0
1.579881806675752 | 2 | -0.5
1.5899333137395797 | 2 | -0.5
1.6953276080646478 | 2 | -0.5
1.8796344554293298 | 2 | -0.5
2.1518818960526964 | 2 | -0.5
2.741110738796322 | 2 | -0.5
3.736497554888334 | 2 | -0.5
7.404594931370098 | 2 | -0.5
11.168644543956175 | 2 | -0.5
7.645464208535341 | 2 | -0.5
4.281205571997165 | 2 | -0.5
3.1305945873952172 | 2 | -0.5
2.453925559090607 | 2 | -0.5
2.192486494701961 | 2 | -0.5
2.0181251946578276 | 2 | -0.5
1.9248024528768872 | 2 | -0.5
1.8610931232458465 | 0 | 5.0
1.863610363313663 | 0 | 5.0
1.813358208304582 | 0 | 5.0
1.8519998296870395 | 0 | 5.0
1.7882475474821546 | 0 | 5.0
1.787151517485753 | 0 | 5.0
1.7818401287297383 | 0 | 5.0
1.7293186391371695 | 0 | 5.0
Total reward: 2272.0
