-4.8, -5.1, -3.1, -5.0, -0.5, -5.5, -0.1, 3.3, 0.4, 6.0, -5.0, 6.0, -1.8, -5.4, 1.2, 3.5, 5.5, -2.5
parameter ends

state | action | reward
[-0.05] | [ 5.8  -2.43] | 0.10039756172975801
-0.08056468576945054 | [  4.15 -32.18] | 0.05875403200287335
-0.1661475205317985 | [  2.98 -48.25] | -0.09437219609463576
-0.2708628940915749 | [  2.36 -52.26] | -0.2086947360183096
-0.37632729314685104 | [  2.02 -51.53] | -0.28871808630730356
-0.476843786981448 | [  1.79 -49.63] | -0.36232489779519106
-0.5706424877031531 | [  1.47 -47.36] | -0.4500016217821939
-0.6558762948216925 | [  0.96 -44.7 ] | -0.566490678871549
-0.7299713538752586 | [  0.24 -41.48] | -0.7770983661330609
-0.7832564725295185 | [ -1.52 -34.96] | -1.067362453797364
-0.7697637645563412 | [1.16 6.36] | -0.2634743868104133
-0.7457789011909398 | [4.37 8.93] | 0.08401995386021054
-0.7396733310992022 | [6.83 9.81] | 0.38328039838621797
-0.7476988139666558 | [ 9.06 11.13] | 0.6567822919862167
-0.767966784385631 | [11.24 12.36] | 0.9111471165084406
-0.7998748343988212 | [13.38 13.34] | 1.1396771111973223
-0.8427709050260357 | [15.4  13.96] | 1.331937413381294
-0.8955725954319821 | [17.22 14.13] | 1.4772766143396823
-0.9567245376745006 | [18.74 13.72] | 1.5673173772038584
-1.0242707617915023 | [19.86 12.68] | 1.5997940581906436
-1.0960106080889862 | [20.55 11.08] | 1.581768610730318
-1.1697621027246148 | [20.86  9.12] | 1.5276398304230383
-1.2437288573569252 | [20.9   7.04] | 1.451847567088756
-1.3167021608661498 | [20.78  4.98] | 1.3650592226760438
-1.3880222408052785 | [20.6   3.01] | 1.2741721970513509
-1.4574433582711164 | [20.39  1.14] | 1.1827535674830052
-1.5249896554948006 | [20.19 -0.66] | 0.9852003821198537
-1.5816075508797165 | [16.13 -4.55] | 0.7430099212825919
-1.620311869350995 | [12.66 -7.08] | 0.5634078510723619
-1.6441086566672891 | [ 9.84 -8.82] | 0.4208987899067165
-1.65510474992617 | [  7.24 -10.19] | 0.2758495741076893
-1.6540587420224508 | [  4.8  -11.08] | 0.10313787984682987
-1.6412030544330227 | [  2.52 -11.53] | -0.10210276289216069
-1.6168985854140208 | [  0.41 -11.73] | -0.33799120101451546
-1.581621024466161 | [ -1.52 -11.79] | -0.64517118316592
-1.5330783065702696 | [-3.3  -9.18] | -0.9858458886541352
-1.4700087206073431 | [-4.75 -7.14] | -1.2834203218983435
-1.3951058605735183 | [-5.88 -5.47] | -1.5265234444928488
-1.3107060161556294 | [-6.7  -4.02] | -1.7067361930685885
-1.2188222704698504 | [-7.25 -2.65] | -1.8202937265563044
-1.1211632872255084 | [-7.57 -1.27] | -1.8684572159071038
-1.0191322550964057 | [-7.69  0.2 ] | -1.722555695675418
-0.9169189681095384 | [-4.27  9.37] | -1.3765032756850009
-0.8174685818354187 | [ 0.39 22.07] | -0.9525279970621675
-0.7338022614063239 | [ 5.08 24.04] | -0.5214096547959004
-0.6807762550646433 | [ 9.07 21.48] | -0.20702105671174312
-0.6578286197229922 | [12.05 18.49] | -0.007157121290605167
-0.6593726673306904 | [14.18 14.65] | 0.1432014294371039
-0.6813654690914409 | [15.58 10.28] | 0.2740913861630302
-0.7195951773718143 | [16.41  6.02] | 0.3982297355008394
-0.7700371921206753 | [16.86  2.25] | 0.5163457742624327
-0.8292412651011437 | [17.08 -0.88] | 0.8431352791016823
-0.9063434872927494 | [ 13.06 -22.59] | 1.277800786548025
-1.0055343628136217 | [  9.21 -39.11] | 1.3889698407613964
-1.111937927557442 | [  5.53 -48.89] | 1.166155229013567
-1.2113291325787567 | [  2.68 -52.09] | 0.7830775050596759
-1.2964489477204773 | [  0.72 -50.93] | -0.3924264978056907
-1.3056855860022818 | [-4.46 -5.4 ] | -1.3783733143115746
-1.2310785727683153 | [-6.52 -3.39] | -1.623170294904204
-1.1446478313710688 | [-7.63 -2.46] | -1.760703877927439
-1.0503277799260966 | [-8.19 -1.21] | -1.8076583233629056
-0.9507117056034122 | [-8.4   0.27] | -1.611367695921702
-0.8522997068051589 | [-5.3   7.73] | -1.1943882469367435
-0.75973237643045 | [-1.44 17.25] | -0.8152961421609815
-0.6697492731247945 | [ 1.5 26.1] | -0.4013461901556652
-0.6021739090911125 | [ 6.25 22.22] | 0.02909095161127346
-0.5721222101730977 | [ 9.92 19.19] | 0.31767642017283004
-0.5725965918819241 | [13.03 16.06] | 0.5351268595190345
-0.5988935210942997 | [15.5  12.96] | 0.6935535572039528
-0.6443930260456023 | [17.17 10.23] | 0.801451918926968
-0.7022578249267358 | [18.13  7.77] | 0.87559676370585
-0.7674184389507871 | [18.57  5.45] | 0.9332985439146202
-0.8368222821935957 | [18.73  3.21] | 0.9841737132459818
-0.9087695138214821 | [18.74  1.1 ] | 1.0308370202545563
-0.9822812253113855 | [18.7  -0.85] | 1.230372795072958
-1.0651245070435627 | [ 14.24 -20.35] | 1.54074894556319
-1.1625891173986087 | [ 10.06 -36.37] | 1.5986859974195158
-1.2649975559355042 | [  6.15 -46.74] | 1.3470168498571402
-1.3605983008060931 | [  3.12 -50.56] | 0.1569360527134656
-1.3858895905008515 | [-1.48 -5.34] | -0.9101639982482407
-1.326943546206788 | [-4.17 -3.78] | -1.2349824847045505
-1.253949512211584 | [-5.9 -3.5] | -1.4789443494686174
-1.1703833910535018 | [-6.96 -2.55] | -1.6379175503566188
-1.0788580492494344 | [-7.56 -1.25] | -1.7143546277387058
-0.9815331716506163 | [-7.82  0.28] | -1.550370353613113
-0.8845422439408958 | [-4.59  8.42] | -1.164731430777087
-0.7922511115039986 | [-0.55 18.77] | -0.7841229728113446
-0.7065255065298465 | [ 3.   25.66] | -0.3756738791003323
-0.6452913262199731 | [ 7.49 22.38] | 0.019581081499248164
-0.6187605304328294 | [10.98 19.56] | 0.2805659619249582
-0.6205810894316927 | [13.83 16.37] | 0.46829614613191517
-0.6459630644649978 | [15.93 12.96] | 0.6009232717358578
-0.6888141478561495 | [17.23  9.66] | 0.69717316663869
-0.7434088656367905 | [17.92  6.55] | 0.7765056283297788
-0.8056468094621803 | [18.22  3.7 ] | 0.848829912343788
-0.872876263123927 | [18.32  1.17] | 0.9157619052873218
-0.9433696607451972 | [18.33 -1.05] | 1.174010504488124
-1.026293642908213 | [ 13.64 -22.67] | 1.5301030278566308
-1.1262588078249054 | [  9.57 -38.45] | 1.5805362781236671
-1.2307945531229663 | [  5.8  -48.05] | 1.3179147212541105
-1.3276889726540908 | [  2.93 -51.19] | 0.7032678536975563
-1.395393128102993 | [ -0.92 -16.03] | -0.9882898896642598
-1.334768845787686 | [-4.41 -0.94] | -1.3385443989527512
-1.2559243876805786 | [-5.82 -1.18] | -1.541394209096104
-1.1687659654598839 | [-6.88 -0.98] | -1.6745566559702896
-1.0749914782789876 | [-7.39  0.06] | -1.5864035550740068
-0.9802853748832028 | [-4.75  6.86] | -1.2406264210577187
-0.8904635409642371 | [-0.34 17.45] | -0.8324096885106141
-0.8110066643754837 | [ 3.66 23.24] | -0.3911638490644653
-0.7574664246208035 | [ 8.11 20.69] | 0.021095511100804876
-0.7364972602409465 | [11.57 18.46] | 0.3003032083476036
-0.7419897644556444 | [14.32 15.64] | 0.5000320305190532
-0.7691845649377571 | [16.28 12.44] | 0.6376397252941991
-0.8122655204375048 | [17.46  9.2 ] | 0.7360382991876095
-0.8660623021824687 | [18.07  6.11] | 0.8157438228254466
-0.926929041430567 | [18.33  3.27] | 0.8859913713138563
-0.9924802272199769 | [18.42  0.74] | 0.9720918759671145
-1.0623597696897527 | [17.88 -3.84] | 1.2638896198327358
-1.145078454549487 | [ 13.52 -23.99] | 1.6166679215038877
-1.2435366087331376 | [  9.59 -39.11] | 1.661899235500194
-1.3460835826633406 | [  5.89 -48.41] | 1.3904520740674116
-1.440959265162341 | [  3.   -51.46] | -0.06872338989406435
-1.4493545997411916 | [-1.52 -1.02] | -1.0105376570158862
-1.3836971991360276 | [-3.97 -1.71] | -1.291807833849771
-1.3071676829712173 | [-5.61 -2.13] | -1.5191997015489678
-1.2216708617282432 | [-6.65 -1.61] | -1.677046111733776
-1.129054108774091 | [-7.24 -0.57] | -1.7035301300162828
-1.0325922109757282 | [-6.28  3.17] | -1.4292038814437007
-0.9395076154927033 | [-1.22 15.17] | -1.0570627998337518
-0.8506069925902726 | [ 2.58 25.56] | -0.6366111527921534
-0.7834246089715211 | [ 7.38 22.59] | -0.18033666361688544
-0.7507854657067545 | [10.94 20.25] | 0.10714041767935084
-0.7451303914164394 | [13.69 17.31] | 0.3075349282409027
-0.7619528341337388 | [15.67 13.7 ] | 0.45383735959420507
-0.7963682892913215 | [16.89  9.91] | 0.5690618296339928
-0.843568225610079 | [17.55  6.29] | 0.6703153982003871
-0.8997822804568961 | [17.87  3.04] | 0.7627688166837239
-0.9622530914145064 | [18.    0.25] | 0.9271037076003754
-1.0330603221139614 | [16.45 -9.26] | 1.3008930731495802
-1.1203497729598302 | [ 12.43 -28.44] | 1.6223492308772762
-1.2223837011193912 | [  8.54 -42.46] | 1.596001635361476
-1.3256780735707572 | [  5.03 -50.1 ] | 1.2766533310468047
-1.4190337167861047 | [  2.39 -51.79] | -0.028033509258620803
-1.4352619257784205 | [-2.17 -1.78] | -1.122072970667662
-1.3659100187537987 | [-4.57 -1.4 ] | -1.398487834578615
-1.2857423743431848 | [-6.08 -1.68] | -1.6062300080006828
-1.197186051159018 | [-6.98 -1.09] | -1.7389244126140093
-1.102181637919193 | [-7.46 -0.02] | -1.6642028809680758
-1.0060378147415188 | [-4.93  6.6 ] | -1.3278095550539264
-0.9146382334626602 | [-0.38 17.49] | -0.9218556821801045
-0.8332364419750292 | [ 3.66 23.67] | -0.4765400145578547
-0.7774849231342548 | [ 8.14 21.08] | -0.054433811024202874
-0.7543549379497981 | [11.57 18.8 ] | 0.22826564329920826
-0.7575695965974489 | [14.28 15.9 ] | 0.43031801498415917
-0.7824732310483089 | [16.2  12.55] | 0.5724107320740748
-0.8234983083924087 | [17.35  9.14] | 0.6778481183678469
-0.8756320901540628 | [17.94  5.9 ] | 0.7659823209393769
-0.9352609080879714 | [18.21  2.97] | 0.8444813034990524
-0.999941922155603 | [18.31  0.39] | 0.975470870825219
-1.0710570412832787 | [17.01 -7.56] | 1.3132138074106845
-1.156757400033027 | [ 12.84 -26.88] | 1.6347368709429728
-1.2569428961534221 | [  8.89 -41.27] | 1.623093750047503
-1.3590533623376053 | [  5.3  -49.42] | 1.312191118550294
-1.4518415510538156 | [  2.57 -51.48] | -0.37148078844319454
-1.4421705576274841 | [-2.  -3.1] | -1.0168562832665924
-1.3788982422956904 | [-4.38 -3.3 ] | -1.3246263198620414
-1.3029482869871187 | [-5.95 -2.84] | -1.5614244322016637
-1.217105630287768 | [-6.9  -1.83] | -1.7169414311048155
-1.123862566560588 | [-7.42 -0.54] | -1.7310317085013285
-1.026961564825333 | [-6.37  3.36] | -1.4433683536533148
-0.9337995007322228 | [-1.46 14.82] | -1.061146574531833
-0.8451457073448412 | [ 2.2  24.74] | -0.6228115720794231
-0.7787934234941909 | [ 7.05 21.69] | -0.1438823259366409
-0.7478585935653155 | [10.72 19.4 ] | 0.17012878679135848
-0.7448761334426949 | [13.64 16.65] | 0.3944793854914334
-0.7651908116485601 | [15.81 13.4 ] | 0.5526243652850753
-0.8032549813495706 | [17.17 10.04] | 0.6657813646081123
-0.8536174948579838 | [17.9  6.8] | 0.7563970770447699
-0.9122179665019361 | [18.23  3.82] | 0.8359333893248455
-0.9763303115661535 | [18.36  1.17] | 0.9067567090453312
-1.044125394749155 | [18.39 -1.14] | 1.1900874307539702
-1.1245868024390147 | [ 13.85 -22.45] | 1.585331036392597
-1.2224506803131368 | [  9.9  -38.18] | 1.667541663105662
-1.3257464572564046 | [  6.16 -48.03] | 1.4186814535425778
-1.422133930304413 | [  3.22 -51.44] | 0.42523009797622857
-1.4643297537055517 | [-1.01 -5.64] | -0.971142594446195
-1.4019739633104813 | [-3.83 -1.51] | -1.2930679410004189
-1.3260538363307361 | [-5.55 -1.87] | -1.5317034007046837
-1.2407371730534291 | [-6.61 -1.32] | -1.6967261417339603
-1.1481235756304033 | [-7.21 -0.28] | -1.6869593969129963
-1.0527799131382714 | [-5.43  4.98] | -1.3903417214162148
-0.9615555184489025 | [-0.62 16.26] | -1.0007055833336613
-0.8783070257551168 | [ 3.35 24.04] | -0.5590805492644764
-0.8191366909325788 | [ 7.96 21.39] | -0.11069257986563158
-0.7931033451263181 | [11.45 19.19] | 0.18533696001613995
-0.7934269327731234 | [14.18 16.35] | 0.39622407544214916
-0.8155776604782559 | [16.13 12.96] | 0.5459455359381432
-0.854251422618643 | [17.31  9.44] | 0.6580606557461107
-0.9045203490184734 | [17.93  6.09] | 0.7518297420979823
-0.9627286477826523 | [18.21  3.05] | 0.8346981583559903
-1.026342546684425 | [18.32  0.4 ] | 0.9711975257242143
-1.0966496475912626 | [17.07 -7.51] | 1.3222901216507945
-1.1818434754090372 | [ 12.95 -26.84] | 1.6611127722835068
-1.2819151768599848 | [  9.05 -41.26] | 1.6622623473669864
-1.3842944523554033 | [  5.47 -49.51] | 1.3568678808530594
-1.4775959171404751 | [  2.72 -51.66] | -0.3471581321475476
-1.4684878988802894 | [-1.77 -2.87] | -0.9988888389370417
-1.4057712239546358 | [-4.17 -3.1 ] | -1.3100363299500646
-1.330378057503868 | [-5.77 -2.67] | -1.5545344874765359
-1.2450180336177148 | [-6.74 -1.69] | -1.7201052804678896
-1.152151425306058 | [-7.28 -0.41] | -1.7281098354037172
-1.055985579283681 | [-5.87  4.17] | -1.4414206268813763
-0.9636861712943718 | [-0.99 15.58] | -1.0784239128007052
-0.8757005237957635 | [ 2.72 25.53] | -0.6517555871805337
-0.8096513737904232 | [ 7.51 22.46] | -0.17794370262568077
-0.7782997691347968 | [11.07 20.1 ] | 0.12761672941965727
-0.7741263726658297 | [13.86 17.2 ] | 0.3437924423362172
-0.7925904165283454 | [15.89 13.7 ] | 0.49922236137432685
-0.8285643522632259 | [17.14 10.06] | 0.6165485285428645
-0.8770250177288503 | [17.81  6.57] | 0.7154938317787326
-0.9341290031017103 | [18.13  3.41] | 0.8038504011896275
-0.9971607954040671 | [18.26  0.66] | 0.9182038418845032
-1.0659736042113304 | [17.58 -4.88] | 1.2570665775313081
-1.1493723104952356 | [ 13.34 -25.18] | 1.6366133064661352
-1.2493070843592096 | [  9.44 -40.2 ] | 1.6797581165762892
-1.3530307076208965 | [  5.81 -49.12] | 1.400271430378193
-1.4485569939909215 | [  2.98 -51.78] | 0.14771794656098025
-1.4724967711123964 | [-1.34 -4.59] | -0.9643868953081058
-1.4117089974367765 | [-3.97 -2.86] | -1.291404776797826
-1.3372222552944804 | [-5.66 -2.56] | -1.5437157044220093
-1.2524761327941174 | [-6.7  -1.64] | -1.7158900987951462
-1.1600276302824337 | [-7.27 -0.41] | -1.7272374567087616
-1.0642298373373495 | [-5.86  4.16] | -1.4407343465093914
-0.9724178411787968 | [-1.   15.41] | -1.0773617186568176
-0.8850336680810296 | [ 2.68 25.27] | -0.6465349132858113
-0.8196716610008177 | [ 7.48 22.2 ] | -0.1653161457068109
-0.7890957445337787 | [11.07 19.89] | 0.14789184192371896
-0.7857720389730911 | [13.89 17.05] | 0.37054031169413537
-0.8051398287545473 | [15.96 13.65] | 0.5289698003394542
-0.8419475654107818 | [17.24 10.11] | 0.6456298505497119
-0.8910600685830853 | [17.92  6.7 ] | 0.7416163666797102
-0.9485934998437145 | [18.24  3.6 ] | 0.8262446110600311
-1.0118560853447118 | [18.37  0.88] | 0.9127081461475803
-1.0795670369318693 | [18.16 -2.54] | 1.2254735462343935
-1.1607394969101015 | [ 13.79 -23.41] | 1.6304944754878112
-1.2592372527387008 | [  9.9  -38.89] | 1.711235947358021
-1.362891843571167 | [  6.21 -48.49] | 1.4576883028306928
-1.459423565960432 | [  3.29 -51.73] | 0.4222588724450176
-1.4997434951153632 | [-0.93 -3.53] | -1.0114956216127187
-1.4341219137499017 | [-3.64 -0.41] | -1.2393555655850537
-1.3590020427633667 | [-3.25  3.  ] | -1.167217185649077
-1.283895659202188 | [ 2.28 16.4 ] | -0.7267540982861775
-1.2313091907985143 | [ 7.54 14.98] | -0.20567730679033677
-1.2102589048440728 | [11.4  14.23] | 0.14228777288985406
-1.2128136022020843 | [14.21 12.31] | 0.3954139589839869
-1.234879077420967 | [16.15  9.19] | 0.5834015907538558
-1.2723513611666826 | [17.37  5.73] | 0.7204736497180652
-1.3209353277561953 | [18.09  2.49] | 0.8183024140075605
-1.3770198300060092 | [18.49 -0.33] | 1.026369539039718
-1.4430771522020487 | [ 15.89 -14.  ] | 1.403121819949383
-1.52395614986728 | [ 12.35 -30.16] | 1.662624949710529
-1.6158937821264803 | [  8.77 -42.7 ] | 0.9909564585845176
-1.6715696489269025 | [ 4.16 -5.65] | -0.3765534078987812
-1.6361861826868211 | [ 1.11 -3.82] | -0.5301346752910112
-1.5937129268089059 | [-1.36 -8.23] | -0.7960445312798254
-1.5403537206301872 | [-3.44 -6.49] | -1.1400758652559697
-1.4723296946484954 | [-4.99 -4.78] | -1.434556677829157
-1.3926064186970843 | [-6.06 -3.17] | -1.6631823083064887
-1.3038741099875828 | [-6.74 -1.67] | -1.8194091313794651
-1.208396488686976 | [-7.13 -0.22] | -1.8103019863035157
-1.1104474914656137 | [-4.99  5.94] | -1.5392156378015907
-1.0158968142354288 | [ 0.14 18.41] | -1.1069264089443986
-0.9363116080234052 | [ 4.86 22.2 ] | -0.626360034550504
-0.885167353144664 | [ 9.1  20.24] | -0.22390898632667092
-0.8637067839183562 | [12.28 18.04] | 0.0453908124901093
-0.8662431963756424 | [14.63 14.94] | 0.24230303179302223
-0.8884529180823415 | [16.18 11.22] | 0.39580634936851766
-0.9257798401753161 | [17.08  7.44] | 0.5263554427227954
-0.9742122877947067 | [17.55  3.94] | 0.6425297154307976
-1.0306131570815396 | [17.79  0.88] | 0.7587039152398198
-1.093251950570127 | [17.65 -2.82] | 1.1242900478618454
-1.171468433341699 | [ 13.53 -23.85] | 1.5834717904897622
-1.2689227266274727 | [  9.81 -39.33] | 1.6971472873963114
-1.3725554909640827 | [  6.21 -48.94] | 1.460711038589349
-1.4694776350861567 | [  3.27 -52.26] | 0.5811620730390303
-1.5211429167644068 | [-0.61 -7.48] | -0.9794610558727298
-1.4596418914826887 | [-3.52 -1.79] | -1.2913074492728436
-1.3852392259460815 | [-5.35 -1.97] | -1.5500739010639912
-1.3006729641727837 | [-6.49 -1.35] | -1.7354951341215064
-1.2083649078770822 | [-7.14 -0.31] | -1.74946715003932
-1.1130011646556937 | [-5.42  4.81] | -1.4693055437438578
-1.0218396564121586 | [-0.45 16.23] | -1.064234199079823
-0.940983654947661 | [ 3.79 23.07] | -0.6003443208039193
-0.8854198999844016 | [ 8.36 20.69] | -0.14485402748142676
-0.8619072609646652 | [11.79 18.64] | 0.15940994921628232
-0.8638488537996395 | [14.44 15.85] | 0.3770608355533674
-0.8867628255266702 | [16.3  12.47] | 0.5321331257069871
-0.9254888780556124 | [17.4   8.97] | 0.6490503737039327
-0.9753413671935384 | [17.98  5.63] | 0.746222169172395
-1.032849032106169 | [18.25  2.63] | 0.8305011924231216
-1.095591976223216 | [1.84e+01 1.39e-02] | 1.013841317414465
-1.1668086307184584 | [ 16.28 -11.44] | 1.4005544650817827
-1.2538444963324165 | [ 12.33 -29.63] | 1.694494234370055
-1.3537284118697632 | [  8.46 -43.09] | 1.6380242129682923
-1.4538308677398843 | [  5.   -50.22] | 1.1861117834876174
-1.536225529358941 | [  1.59 -24.04] | -0.6399699721245768
-1.494608511199315 | [-2.15 -1.6 ] | -1.0860379925083186
-1.4275248895653687 | [-4.34 -2.27] | -1.3758914070953827
-1.349128788838788 | [-5.78 -1.93] | -1.6050732278530742
-1.2616989171288007 | [-6.67 -1.01] | -1.7603983714485874
-1.167390767474389 | [-7.15  0.21] | -1.6813726955200707
-1.0723647922944872 | [-3.89  8.34] | -1.356408467034301
-0.9820689678801995 | [ 0.67 19.32] | -0.8722814052228874
-0.9125588227295085 | [ 5.58 19.12] | -0.3407871835101656
-0.8761620599697983 | [ 9.68 17.48] | 0.05819514628462823
-0.8688480966822733 | [12.96 15.54] | 0.34693440445105056
-0.8857084704127911 | [15.46 12.89] | 0.550123831957065
-0.9212573187875318 | [17.09  9.95] | 0.6872715691335247
-0.9697227701725576 | [18.    6.99] | 0.7858892053793967
-1.0266673241913302 | [18.44  4.16] | 0.86434302294915
-1.0891494355530726 | [18.62  1.58] | 0.9298886871756971
-1.1552802355946274 | [18.68 -0.72] | 1.1728193316383397
-1.231832841381631 | [ 14.79 -18.91] | 1.5632742608302757
-1.3243522817006514 | [ 10.84 -35.25] | 1.7089594621913076
-1.4243611061492683 | [  7.   -46.36] | 1.5108138172167473
-1.5196434067263576 | [  3.85 -50.91] | 0.07825402001421855
-1.5334796121864598 | [-0.49 -2.01] | -0.8674019994712823
-1.47584154546314 | [-3.08 -4.33] | -1.1481344868436492
-1.4080908957494644 | [-4.98 -3.52] | -1.4453905009326538
-1.328156604478953 | [-6.19 -2.29] | -1.6644155110615637
-1.2390524625037658 | [-6.91 -0.89] | -1.7874615811868058
-1.1436827198737263 | [-6.96  1.14] | -1.5747262393128083
-1.0509520049348986 | [-1.55 13.42] | -1.1950129310366016
-0.9639959389042809 | [ 2.45 23.58] | -0.7373636659988432
-0.8997089513702833 | [ 7.37 20.82] | -0.22216155842399787
-0.8700344703278035 | [11.06 18.86] | 0.11927995318323206
-0.8673171793723472 | [13.95 16.33] | 0.3634041740854629
-0.886948674583036 | [16.05 13.16] | 0.5354888648820627
-0.923664253935053 | [17.35  9.78] | 0.6592201493741888
-0.972367343348934 | [18.05  6.49] | 0.7574567401649456
-1.0292294967447297 | [18.38  3.46] | 0.8410666650669706
-1.0916229639709716 | [18.51  0.79] | 0.9349643488463337
-1.158765019505898 | [18.11 -3.46] | 1.2582690038784878
-1.2392174258126927 | [ 13.83 -23.77] | 1.6604242080427594
-1.336252127061578 | [  9.98 -39.02] | 1.7388247269664332
-1.4382484791470613 | [  6.31 -48.53] | 1.482511904612813
-1.5331785060533059 | [  3.38 -51.72] | -0.036973603637958874
-1.540927269364529 | [-0.97  0.39] | -0.8651269052728728
-1.4805426626538092 | [1.88 9.98] | -0.5898098731616392
-1.436988252950282 | [7.07 9.12] | -0.09030546136682904
-1.4234243637674444 | [11.17  8.96] | 0.27914686085796814
-1.4334226957400074 | [14.26  7.52] | 0.5567061248136572
-1.462974000398837 | [16.43  4.81] | 0.7535719796126845
-1.5076265134883813 | [17.82  1.72] | 0.8803693616549613
-1.5627722554619303 | [18.67 -1.16] | 1.1198834280881091
-1.6298811653179481 | [ 14.45 -20.06] | 1.4473026737053794
-1.7104669546956903 | [ 10.59 -29.2 ] | 0.20762412227724145
-1.7174034435359402 | [ 6.25 -1.28] | -0.14858133524706485
-1.6957246340477776 | [ 3.32 -5.89] | -0.2634481845832991
-1.6666312373061933 | [ 0.64 -8.53] | -0.48063779935403633
-1.6271837799631665 | [-1.67 -9.59] | -0.8001512669641391
-1.5738362219476154 | [-3.6  -7.02] | -1.156146028280876
-1.5053458533986186 | [-5.04 -4.83] | -1.4571688139986738
-1.4250084049690808 | [-6.05 -2.99] | -1.6903037434049013
-1.3356842352277567 | [-6.7 -1.4] | -1.8508864862845644
-1.2397009126289018 | [-7.06  0.07] | -1.8128084157945168
-1.1422570231034552 | [-3.99  8.08] | -1.5322689406189538
-1.0486608050873825 | [ 1.   20.27] | -1.0228227842101119
-0.9790328919388278 | [ 6.23 18.11] | -0.4568032009534114
-0.9445644751083152 | [10.2  16.82] | -0.07719555601782213
-0.9373626637722583 | [13.28 14.88] | 0.19352140540857432
-0.9525652835040067 | [15.5  12.09] | 0.38756032717363875
-0.9850624329325292 | [16.88  8.9 ] | 0.5305307851637723
-1.0299117177377375 | [17.62  5.69] | 0.6456539703881023
-1.0833505692474303 | [17.99  2.71] | 0.7434673377150633
-1.1427374213398043 | [18.17  0.07] | 0.9367637121043125
-1.210892877498912 | [ 16.25 -10.9 ] | 1.3415849251819683
-1.2951928409559956 | [ 12.33 -29.27] | 1.6611937196265751
-1.3930242773296149 | [  8.49 -42.89] | 1.6223960594311233
-1.4916645605196694 | [  5.03 -50.16] | 1.175040591205565
-1.5727894670722669 | [  1.63 -23.45] | -0.6824976821765495
-1.5292498924488551 | [-2.07 -0.95] | -1.1172111847418627
-1.4610231314979873 | [-4.06 -1.3 ] | -1.397486268295149
-1.3819339727490736 | [-5.56 -1.23] | -1.6278274681365308
-1.2939990423536067 | [-6.48 -0.47] | -1.720106548065792
-1.2011928962091445 | [-5.37  3.74] | -1.5072835668089806
-1.111366379180186 | [-0.03 16.06] | -1.0791778844021016
-1.0360907847705965 | [ 4.72 20.83] | -0.5866334266592788
-0.9883192819526608 | [ 9.13 19.09] | -0.1477880499034112
-0.970157758716703 | [12.44 17.31] | 0.15047917871198188
-0.9756985342089431 | [14.92 14.55] | 0.3655400871835477
-1.000586462610333 | [16.57 11.14] | 0.5224861135352381
-1.0399954712075132 | [17.53  7.62] | 0.6448324076227521
-1.0897196168257584 | [18.04  4.33] | 0.7461586788351374
-1.1466062440792144 | [18.29  1.42] | 0.8309298192937022
-1.2084100574306411 | [18.4  -1.11] | 1.1525667238036281
-1.2835497694477929 | [ 14.14 -21.9 ] | 1.6061830478042647
-1.376870200425489 | [ 10.43 -37.55] | 1.7466322667851386
-1.4773321370649204 | [  6.8  -47.83] | 1.5371368991564354
-1.5725203363961031 | [  3.76 -51.8 ] | -0.005922113211997038
-1.5805799698398162 | [-0.49  1.13] | -0.7608935764837715
-1.5258580392293026 | [ 4.74 12.87] | -0.4660729542498742
-1.4901745382509601 | [ 9.3  11.81] | -0.06192011987274523
-1.480601649115076 | [12.61 10.45] | 0.23656254019001838
-1.4919429644604498 | [15.01  7.61] | 0.47496744390779333
-1.521217204624264 | [16.69  3.98] | 0.6538303960563726
-1.5645235144908356 | [17.79  0.45] | 0.8270343532016516
-1.61935862223745 | [17.33 -6.9 ] | 1.157945110630753
-1.6885259199286338 | [ 13.93 -23.92] | 1.4159433149434508
-1.7666852230852153 | [  9.92 -18.43] | 0.17898045987147476
-1.7683497989247283 | [ 6.23 -3.8 ] | -0.0750748352438037
-1.7496897394701845 | [ 3.54 -6.96] | -0.2002782040387438
-1.7222743382705366 | [ 1.05 -8.71] | -0.4033650425970898
-1.6845086278415895 | [-1.16 -9.48] | -0.7049978476370947
-1.633308032378361 | [-3.07 -7.09] | -1.0514127175032197
-1.5675109827290055 | [-4.56 -5.08] | -1.3594402099789868
-1.489949802355814 | [-5.65 -3.36] | -1.613736235444903
-1.4031385102040963 | [-6.4  -1.86] | -1.8045965154441495
-1.3092249497907122 | [-6.87 -0.48] | -1.8712223567657515
-1.2115126575519466 | [-5.49  4.22] | -1.6682643004365045
-1.1163712687693155 | [ 0.12 17.69] | -1.2511869499188104
-1.0362291745668561 | [ 5.05 22.01] | -0.7692154692932366
-0.9838487379854833 | [ 9.29 20.22] | -0.3604950367890011
-0.9600983700929432 | [12.37 18.05] | -0.08824915302659025
-0.9592566245189833 | [14.56 14.84] | 0.11691513166400672
-0.9774069503810418 | [15.99 10.93] | 0.2872055593952669
-1.0106649733894961 | [16.84  6.96] | 0.4375385569149896
-1.055423606782752 | [17.32  3.33] | 0.5711461856099734
-1.1086539799344028 | [17.57  0.18] | 0.798868057216021
-1.1726481913935085 | [ 16.07 -10.15] | 1.2629967740348302
-1.2554094473806556 | [ 12.41 -29.05] | 1.6581171274650062
-1.3545491487841943 | [  8.78 -42.94] | 1.6771696237375262
-1.45630647721513 | [  5.36 -50.7 ] | 1.3739774546757606
-1.5488359744098301 | [  2.64 -52.52] | -0.18024408084427718
-1.5521035545214792 | [-1.6  0.9] | -0.9697957515407202
-1.4881036195211663 | [ 3.39 15.17] | -0.6778252856004301
-1.4418374257691056 | [ 8.32 13.66] | -0.2202745875431763
-1.424147182126018 | [11.84 12.36] | 0.10093720725019636
-1.428328854757262 | [14.35  9.69] | 0.3563154257445266
-1.4513167475104805 | [16.13  6.02] | 0.5562167232551979
-1.4895106590391407 | [17.32  2.32] | 0.6996861379513377
-1.5387155990574306 | [18.07 -0.92] | 0.9940055817278897
-1.6017263024394721 | [ 14.44 -19.21] | 1.4015753628080243
-1.6809588683811376 | [ 11.14 -34.07] | 1.017239554826559
-1.736545151314236 | [ 6.48 -5.91] | -0.1784766447677721
-1.7139862012261067 | [ 3.4  -4.17] | -0.30593640540363737
-1.6825227335355233 | [ 0.81 -7.82] | -0.4765241274147664
-1.6428464331610728 | [-1.49 -9.36] | -0.7775467881064444
-1.5899511659170176 | [-3.44 -7.04] | -1.1256730880327288
-1.5222565146227773 | [-4.93 -5.05] | -1.4269255162455812
-1.4428170930282915 | [-5.98 -3.34] | -1.6665123455682467
-1.3543232226246515 | [-6.68 -1.83] | -1.837158626372588
-1.2590173394910331 | [-7.1  -0.42] | -1.8720250546617594
-1.1604434597355333 | [-5.54  4.54] | -1.6355746788894874
-1.0648833372491253 | [-0.09 17.64] | -1.2266234675166607
-0.9822028121546541 | [ 4.64 23.21] | -0.7622331584262515
-0.9260951447264523 | [ 8.96 21.14] | -0.3481429409735596
-0.8997488691297552 | [12.11 18.85] | -0.07783588898647459
-0.8970912031345022 | [14.37 15.6 ] | 0.12217736933041926
-0.91411140893932 | [15.87 11.64] | 0.2867087280451833
-0.94685608625111 | [16.76  7.58] | 0.4325532029785463
-0.9915947079722789 | [17.26  3.84] | 0.5641664324755349
-1.045177117735442 | [17.52  0.61] | 0.7303001612631281
-1.1073168052290245 | [16.89 -5.74] | 1.1497900427447183
-1.1870451874879115 | [ 13.03 -25.99] | 1.6001018535228215
-1.2855868829730206 | [  9.39 -40.9 ] | 1.686624084841299
-1.3891964751830117 | [  5.87 -49.81] | 1.4283060300917527
-1.4851559184157117 | [  3.01 -52.59] | 0.40588923792216897
-1.5265532648287825 | [-0.93 -5.67] | -1.02178972154722
-1.4635872750734165 | [-3.72 -1.43] | -1.3406366257751325
-1.3871990569025872 | [-5.48 -1.68] | -1.5883599108553978
-1.301196333762051 | [-6.57 -1.12] | -1.7648275516467022
-1.207851731387704 | [-7.17 -0.12] | -1.7481896334485167
-1.1123714432391105 | [-4.88  6.05] | -1.4529990625288065
-1.0214354809374842 | [-3.64e-03  1.74e+01] | -1.0140192539650486
-0.9450977084556195 | [ 4.55 21.52] | -0.5236191023893905
-0.8968821639310796 | [ 8.91 19.52] | -0.09302988886285787
-0.8791405508350943 | [12.25 17.54] | 0.20268798213576097
-0.8860584452672224 | [14.81 14.75] | 0.4146460073962256
-0.9129870101302353 | [16.55 11.46] | 0.5643855523112997
-0.9546275998374051 | [17.56  8.08] | 0.6771619278790201
-1.0064498235584967 | [18.07  4.9 ] | 0.7703079964199415
-1.0652002575353088 | [18.31  2.04] | 0.850127613825859
-1.1286521358600043 | [18.4  -0.46] | 1.0839943056512684
-1.202434663408504 | [ 15.23 -16.31] | 1.4896688369102
-1.2927851757002282 | [ 11.34 -33.31] | 1.7003798404938133
-1.392958191765146 | [  7.5  -45.34] | 1.5576029511191614
-1.4903106545776408 | [  4.23 -50.87] | 0.5866594429343432
-1.536579629605842 | [ 0.16 -6.02] | -0.821586734486076
-1.481482069913797 | [-2.76 -3.65] | -1.1235963792708015
-1.414413657509822 | [-4.78 -3.3 ] | -1.4217272594111965
-1.335230701459586 | [-6.1  -2.34] | -1.6464859312163405
-1.2467873925171225 | [-6.88 -1.1 ] | -1.7911009877023076
-1.151538950546162 | [-7.29  0.28] | -1.6887631100444818
-1.0560508773935369 | [-3.83  8.73] | -1.3477242153199034
-0.9655508041472027 | [ 0.59 19.44] | -0.8695770392106431
-0.8950531871117496 | [ 5.42 19.57] | -0.343567246174054
-0.857313624988525 | [ 9.53 17.78] | 0.06039140660145769
-0.849183689477717 | [12.83 15.76] | 0.3539461868634871
-0.8657195036106488 | [15.39 13.11] | 0.5614368158067207
-0.9013866628416541 | [17.08 10.21] | 0.7002502312162846
-0.9502300158971828 | [18.03  7.3 ] | 0.7979355216664874
-1.007633735437598 | [18.49  4.51] | 0.8745864255832315
-1.0705668426747845 | [18.68  1.94] | 0.9386759400240664
-1.1371161976138173 | [18.74 -0.37] | 1.135740129456319
-1.2122976449595317 | [ 15.66 -15.16] | 1.5057034449675928
-1.3024855505735482 | [ 11.63 -32.33] | 1.7072108377060744
-1.4021157733635823 | [  7.69 -44.65] | 1.5634086559571707
-1.4989937961954953 | [  4.36 -50.39] | 0.5697525073880962
-1.543242052681902 | [ 0.15 -4.  ] | -0.8530150933356377
-1.4852093277476166 | [-2.68 -2.9 ] | -1.129313586285964
-1.4172038692416893 | [-4.69 -2.76] | -1.4216395647070448
-1.3375419603829817 | [-5.99 -1.93] | -1.6430181647618805
-1.2488824687782842 | [-6.76 -0.74] | -1.7515909588601013
-1.154514200155148 | [-6.41  2.05] | -1.5346009026531948
-1.0629458978093813 | [-1.06 14.26] | -1.1754925512727779
-0.9766808342146931 | [ 2.97 24.58] | -0.7383208696093669
-0.9124811497597002 | [ 7.81 21.8 ] | -0.24253594130948158
-0.8820629686927527 | [11.37 19.72] | 0.0775424773162037
-0.877729714749514 | [14.09 16.98] | 0.30414326767703276
-0.895056067615708 | [16.03 13.5 ] | 0.4691506653332924
-0.9292834087054495 | [17.22  9.8 ] | 0.5963599100510155
-0.9757841252081106 | [17.87  6.23] | 0.7036910704792985
-1.0309399739554377 | [18.18  3.03] | 0.7973800868425343
-1.0921168454422223 | [18.31  0.25] | 0.9662891131121181
-1.1613013455461552 | [16.8  -9.08] | 1.3586364617765259
-1.2464525820967067 | [ 12.86 -27.99] | 1.7093532873590345
-1.346407221448396 | [  9.05 -42.09] | 1.7079316842048204
-1.4484312873634302 | [  5.53 -50.03] | 1.3969572394660201
-1.541196572189459 | [  2.81 -51.95] | -0.4322939333135582
-1.525471359032246 | [-1.61  0.05] | -0.9655996730903493
-1.4613732203591225 | [-0.01  6.83] | -0.8314921662465318
-1.4043133283779377 | [ 5.3  13.74] | -0.4211567331752198
-1.3714194539886677 | [ 9.77 12.98] | -0.014378113376518977
-1.3643847372315607 | [13.01 11.64] | 0.2803428740939958
-1.3781618812537046 | [15.32  8.81] | 0.5086827276744958
-1.4093934441220366 | [16.89  5.26] | 0.6779988595319224
-1.4539515945058499 | [17.88  1.81] | 0.794313553059512
-1.5077447011835423 | [18.48 -1.19] | 1.0782846615612658
-1.5744582531434528 | [ 14.55 -20.16] | 1.4783152716222565
-1.656952046888683 | [ 11.16 -34.94] | 1.2215638826404023
-1.7233939877926039 | [ 6.61 -9.9 ] | -0.0982550328517841
-1.7048350719622392 | [ 3.33 -4.53] | -0.29445202438294765
-1.6734894412935768 | [ 0.7  -7.87] | -0.4806147226766092
-1.6335009269465275 | [-1.6  -9.39] | -0.7892755633763506
-1.5802010338157064 | [-3.53 -6.96] | -1.1418450837854572
-1.5119823241322157 | [-4.99 -4.86] | -1.4429345200459378
-1.4320031293604902 | [-6.01 -3.08] | -1.678691944093687
-1.3430316227902968 | [-6.67 -1.51] | -1.8433376524559197
-1.2473488578955072 | [-7.06 -0.06] | -1.827007272236571
-1.1496848899052237 | [-4.39  7.14] | -1.5595994299412845
-1.0556331689018286 | [ 0.72 19.56] | -1.0763041432244078
-0.9827000795547719 | [ 5.82 19.37] | -0.5378235698718811
-0.9425636408131843 | [ 9.87 17.94] | -0.15114740306627855
-0.9301959628161581 | [12.96 15.94] | 0.11952920569950028
-0.9405785334530208 | [15.2  13.01] | 0.3169779988599204
-0.9690033385572591 | [16.61  9.6 ] | 0.466894992535824
-1.0107166597436614 | [17.4   6.17] | 0.5907781608957399
-1.061904278171122 | [17.81  3.  ] | 0.6977551019658288
-1.1197649207908664 | [18.    0.21] | 0.8855213358453394
-1.1863802220807849 | [16.44 -9.53] | 1.2965517695745554
-1.2695419270842394 | [ 12.55 -28.36] | 1.6519225916010414
-1.367607538734799 | [  8.76 -42.35] | 1.6468712184656242
-1.4676183390578665 | [  5.27 -50.1 ] | 1.3322223686629997
-1.558171364913365 | [  2.38 -44.26] | -0.5663158097815015
-1.531116804542455 | [-1.84 -0.58] | -1.0650790102451904
-1.4646773452263495 | [-2.59  1.57] | -1.1085912415972516
-1.3943633734600618 | [ 2.96 16.19] | -0.746760802255713
-1.3439952151560026 | [ 8.04 14.77] | -0.26348339823155226
-1.323308952957132 | [11.68 13.75] | 0.06305329904988152
-1.3249592588675099 | [14.27 11.39] | 0.3137457406159221
-1.3455587000456612 | [16.07  7.9 ] | 0.5100223971688479
-1.3814675618486403 | [17.24  4.23] | 0.6565116526609366
-1.4285779510285217 | [17.96  0.93] | 0.7668811135992073
-1.4835423107481598 | [18.24 -2.43] | 1.0777156582696765
-1.5515404884008266 | [ 14.51 -21.06] | 1.5062696250689458
-1.6359593433376463 | [ 11.26 -35.61] | 1.6891348518660074
-1.728696213501136 | [  7.64 -39.04] | -0.034067783396593526
-1.7220918837127364 | [ 3.24 -0.81] | -0.3969940736695967
-1.6851494719397149 | [ 1.33 -5.68] | -0.47075047099947215
-1.6456510682460126 | [-1.08 -8.71] | -0.7496728389070245
-1.5939222058165057 | [-3.14 -6.72] | -1.0958119176339867
-1.5273482755885466 | [-4.71 -4.89] | -1.3996509364398468
-1.4488725824450726 | [-5.82 -3.24] | -1.6442206366975332
-1.361151978409243 | [-6.56 -1.75] | -1.8206891233248494
-1.2664409111751769 | [-6.99 -0.34] | -1.8517689676531353
-1.168572730335639 | [-5.19  5.16] | -1.6156358050332582
-1.0737275486734421 | [ 0.19 18.13] | -1.18406392732689
-0.9945304391322839 | [ 5.06 21.79] | -0.6954190480105908
-0.9438464663180006 | [ 9.28 20.  ] | -0.29049742980240423
-0.9220699359459542 | [12.4  17.85] | -0.019284292533436005
-0.9235626700397366 | [14.65 14.7 ] | 0.18212768985108918
-0.9442001329268935 | [16.13 10.92] | 0.3440949982976586
-0.9797653764343545 | [16.99  7.06] | 0.48448141305762543
-1.0264844360547 | [17.45  3.52] | 0.6090855122992745
-1.0813124471459221 | [17.69  0.44] | 0.789677468033153
-1.1450226442926814 | [16.68 -7.4 ] | 1.2136919012271554
-1.226133158135002 | [ 12.85 -27.02] | 1.6307086119504295
-1.3245751366268663 | [  9.16 -41.55] | 1.6832986283218103
-1.426896079156533 | [  5.66 -50.01] | 1.4026421988578714
-1.5208700592084643 | [  2.86 -52.38] | 0.04938821950358885
-1.5384816260017622 | [-1.34 -0.98] | -1.0902524278615489
-1.4708355543440528 | [-3.78 -0.49] | -1.319746046687566
-1.3938683077307241 | [-3.63  2.6 ] | -1.2704264712552105
-1.3163091349427452 | [ 2.02 16.4 ] | -0.8338682728214999
-1.2611514446845817 | [ 7.3  14.97] | -0.3058375305020283
-1.237542252682712 | [11.17 14.22] | 0.048015093019619905
-1.2375590765421765 | [13.98 12.29] | 0.3081794730489741
-1.2572115216613566 | [15.94  9.14] | 0.5045635801851638
-1.2924790765246121 | [17.18  5.67] | 0.6502538494295325
-1.3390939545690927 | [17.91  2.42] | 0.7562922814971316
-1.3934416972407122 | [18.32 -0.41] | 0.9856497733935708
-1.4583936243162798 | [ 15.59 -14.77] | 1.3821797846643686
-1.5387521537162798 | [ 12.08 -30.87] | 1.6413207145822457
-1.6301104102872184 | [  8.52 -43.22] | 0.9551469353801413
-1.6845860045143584 | [ 3.93 -5.47] | -0.42322414915140294
-1.647318331062245 | [ 0.9  -3.62] | -0.5748571920019709
-1.603133801840637 | [-1.55 -8.05] | -0.8396918476006525
-1.5481960621925057 | [-3.61 -6.25] | -1.1826953903417323
-1.4786962650817577 | [-5.11 -4.51] | -1.4737332385236988
-1.3976890967703801 | [-6.14 -2.89] | -1.6974305178782736
-1.307903758716771 | [-6.79 -1.39] | -1.848275560239823
-1.2116018194202536 | [-7.15  0.05] | -1.8012733069189923
-1.113899248734152 | [-4.17  7.84] | -1.5104704649721925
-1.0200719956411228 | [ 0.76 19.93] | -1.0235466799905737
-0.9476896749348803 | [ 5.83 19.39] | -0.4867866833710026
-0.9086285275911737 | [ 9.86 17.89] | -0.10490209891203331
-0.8975742229887794 | [12.97 15.85] | 0.16378286886937427
-0.9095487339964254 | [15.24 12.95] | 0.35797980496452964
-0.9396513691302949 | [16.68  9.61] | 0.5025729296774937
-0.9829235186748548 | [17.48  6.26] | 0.6204137080964074
-1.035453621641502 | [17.88  3.15] | 0.7220218274092157
-1.0944336580038496 | [18.06  0.4 ] | 0.8788772145938055
-1.1609293793014992 | [16.89 -7.52] | 1.2619039944875212
-1.2430560461461109 | [ 12.86 -26.88] | 1.6321220504408
-1.3407587544536488 | [  9.04 -41.33] | 1.6512901040166779
-1.441313262456245 | [  5.48 -49.61] | 1.3525196416143748
-1.5330373466151792 | [  2.72 -51.74] | -0.4320490332577021
-1.5190341711550672 | [-1.7  -0.96] | -1.0688112680834934
-1.4529016833728357 | [-3.92 -1.54] | -1.3588936328901882
-1.3753700563187445 | [-5.53 -1.56] | -1.597227523277031
-1.2885947029647666 | [-6.51 -0.85] | -1.7441328605854836
-1.1953047507453154 | [-6.59  1.14] | -1.5604670962562426
-1.1042838460649917 | [-1.   13.89] | -1.2077174161664967
-1.0189522933037316 | [ 3.25 24.57] | -0.7765019524788302
-0.9555553721641298 | [ 8.09 21.93] | -0.290237908575408
-0.9249679085759351 | [11.55 19.89] | 0.016957657400955416
-0.9193667964317757 | [14.12 17.05] | 0.23431411749670653
-0.934560928440682 | [15.92 13.37] | 0.39915099672175924
-0.9663322541194121 | [17.03  9.44] | 0.5335361792498448
-1.0104997080633653 | [17.64  5.72] | 0.6501676686742117
-1.0636242703042074 | [17.95  2.43] | 0.751971088664801
-1.1230753624807288 | [18.1  -0.38] | 1.0147872005608984
-1.1943174697639063 | [ 15.28 -15.72] | 1.466697769486905
-1.2839104865859183 | [ 11.59 -32.99] | 1.7325009766485708
-1.3852306983232667 | [  7.87 -45.32] | 1.632262931880279
-1.4850823746970694 | [  4.59 -51.33] | 1.0485052426697157
-1.5592211572960109 | [  1.07 -17.02] | -0.7379569533339122
-1.5102869541486923 | [-2.35 -1.57] | -1.126167232350666
-1.4416955044600401 | [-4.46 -2.14] | -1.4106432311397903
-1.3621130331793943 | [-5.85 -1.76] | -1.635632483608711
-1.2737718355517673 | [-6.69 -0.83] | -1.7662195597762376
-1.1793846449460186 | [-6.64  1.33] | -1.5699273355963457
-1.0875107804394193 | [-1.08 14.03] | -1.2130198460486965
-1.001196780528929 | [ 3.12 24.68] | -0.779621835065044
-0.9368551553646232 | [ 7.96 22.  ] | -0.2911802302900013
-0.9056654596411048 | [11.46 19.93] | 0.01829037350736623
-0.8998206582053941 | [14.07 17.1 ] | 0.23686745008972804
-0.9150511699660938 | [15.9  13.45] | 0.4014824231027623
-0.9470280888106569 | [17.02  9.55] | 0.5347999680173492
-0.9914789861927166 | [17.64  5.85] | 0.6505986250422023
-1.0449228689117032 | [17.95  2.56] | 0.7522248227490543
-1.1047129942419487 | [18.1  -0.26] | 0.9981439398250681
-1.1756874314187578 | [ 15.52 -14.52] | 1.4408751111332323
-1.264719763639384 | [ 11.78 -32.14] | 1.7224197098520622
-1.366098336950123 | [  8.03 -44.81] | 1.6377305038208176
-1.4665518385360228 | [  4.71 -51.13] | 1.1678926197434467
-1.5484559456477447 | [  1.41 -24.19] | -0.6741343225266292
-1.5055690580777132 | [-2.29 -1.47] | -1.1185855194963326
-1.4373227504314592 | [-4.43 -2.11] | -1.4052447096676324
-1.3579653675095549 | [-5.85 -1.75] | -1.6313266560701019
-1.2697725872277168 | [-6.71 -0.84] | -1.7631775123502278
-1.1754616152191295 | [-6.69  1.26] | -1.565432113688044
-1.0836934823678597 | [-1.15 13.87] | -1.2042017012660549
-0.9976030057087129 | [ 3.03 24.42] | -0.7660983375721543
-0.9336366479874667 | [ 7.89 21.75] | -0.2733865859320728
-0.9030090928399606 | [11.41 19.72] | 0.040841072924875835
-0.8979097342537117 | [14.06 16.96] | 0.2628146163716377
-0.9140168642188237 | [15.94 13.39] | 0.4276279260476672
-0.9468545106324886 | [17.08  9.58] | 0.5584444173356619
-0.992030603254649 | [17.71  5.94] | 0.6706057440073251
-1.0460222805318935 | [18.02  2.7 ] | 0.768630851471129
-1.10619763313705 | [18.17 -0.1 ] | 0.9873411734634587
-1.1764346901171074 | [ 15.93 -12.75] | 1.412088297753011
-1.2639498134516742 | [ 12.13 -30.72] | 1.715818908877067
-1.3645936542692891 | [  8.36 -43.88] | 1.6584704802735595
-1.4653201586463676 | [  4.97 -50.75] | 1.2061693268068536
-1.5483662655665016 | [  1.64 -25.01] | -0.6115728573939282
-1.5090253504843891 | [-2.08 -2.11] | -1.0707934418519163
-1.4430567538678882 | [-4.29 -2.57] | -1.368755313085069
-1.3653321613117229 | [-5.76 -2.09] | -1.6055888112294756
-1.2782938044545207 | [-6.65 -1.11] | -1.7679895509159727
-1.1842104290133615 | [-7.14  0.13] | -1.7063073608002093
-1.0890360556735226 | [-4.11  7.8 ] | -1.390847355608875
-0.9985297706927124 | [ 0.52 18.86] | -0.9155160975458778
-0.927498301240663 | [ 5.37 19.59] | -0.3900213711886268
-0.8884696958211102 | [ 9.52 17.89] | 0.01861818568665268
-0.8787980207508821 | [12.81 15.95] | 0.31197697739827834
-0.8934452172185512 | [15.33 13.27] | 0.5197585161005951
-0.9271259718402365 | [16.99 10.25] | 0.6613025557415371
-0.9741393783688819 | [17.93  7.2 ] | 0.7638532626556567
-1.0300028796903362 | [18.38  4.31] | 0.8458202666877598
-1.0916952736691898 | [18.58  1.67] | 0.914448427822493
-1.1572515733828277 | [18.65 -0.67] | 1.157221149853205
-1.2332279370038082 | [ 14.89 -18.42] | 1.5529781732660763
-1.3252969168490827 | [ 10.95 -34.9 ] | 1.7120305844669153
-1.4252977796744324 | [  7.11 -46.19] | 1.5240561371891868
-1.5209216798545717 | [  3.94 -50.92] | 0.2210021440128737
-1.5437445707121258 | [-0.37 -1.52] | -0.8892714360679673
-1.4844998736464314 | [-2.98 -3.77] | -1.153266234069351
-1.416241500047892 | [-4.9  -3.17] | -1.4479055399711298
-1.3360525578850517 | [-6.13 -2.07] | -1.6668485300778826
-1.246825349189335 | [-6.86 -0.75] | -1.7714351047901078
-1.151946101286035 | [-6.48  2.07] | -1.549898418942488
-1.059965132627497 | [-1.15 14.19] | -1.1863883577444534
-0.9733720998799587 | [ 2.84 24.41] | -0.7431365940305545
-0.9090217906273497 | [ 7.7  21.61] | -0.24022513351432875
-0.8787430980915454 | [11.3  19.54] | 0.08723628274334931
-0.8748452250724273 | [14.07 16.85] | 0.31974638987250614
-0.8928375687607648 | [16.05 13.45] | 0.4871983989658009
-0.9277984885766768 | [17.28  9.83] | 0.6134938996159252
-0.9749519525399712 | [17.93  6.35] | 0.7182874525276814
-1.0306171915535303 | [18.25  3.19] | 0.8092515923078537
-1.0921641907724247 | [18.38  0.44] | 0.9518047212480822
-1.1605778135279692 | [17.26 -7.11] | 1.323065438070561
-1.244103860043535 | [ 13.21 -26.52] | 1.69498426534491
-1.343161293753517 | [  9.38 -41.06] | 1.7222396380737213
-1.445316945190608 | [  5.81 -49.55] | 1.429324722125821
-1.5389384860674802 | [  3.01 -51.9 ] | -0.34169514866759737
-1.5283935445769645 | [-1.37 -1.55] | -0.9950765424800254
-1.4649426021944945 | [-3.77 -2.13] | -1.3015219531113813
-1.3894586867828762 | [-5.38 -1.92] | -1.5532961693718617
-1.3042811099994318 | [-6.39 -1.07] | -1.7336347098153857
-1.2116519881119654 | [-6.96  0.1 ] | -1.6928252094640561
-1.11752332210519 | [-4.    7.65] | -1.392444630315427
-1.0279319907988307 | [ 0.69 18.77] | -0.901442804446188
-0.9595935302836656 | [ 5.67 18.5 ] | -0.3548342605919365
-0.9244380695399043 | [ 9.8 17. ] | 0.056802533206058214
-0.9181056155333129 | [13.09 15.17] | 0.35579240008178753
-0.9356825280108263 | [15.59 12.61] | 0.5652922055639394
-0.9716793693314415 | [17.22  9.71] | 0.7054577306959704
-1.0203719209908688 | [18.12  6.78] | 0.8046084134750491
-1.0773728025381284 | [18.56  3.98] | 0.8815707062188738
-1.1397734774898298 | [18.75  1.42] | 0.944139428013437
-1.2057127460897648 | [18.81 -0.87] | 1.2031931284866955
-1.2824625528638072 | [ 14.58 -20.31] | 1.599904007270859
-1.3751603796848828 | [ 10.66 -36.27] | 1.72427272677644
-1.474493442516795 | [  6.87 -46.91] | 1.5078359216307025
-1.568468308232535 | [  3.77 -51.04] | -0.26930858715664846
-1.5593080937909913 | [-0.6  -0.77] | -0.8532214549159933
-1.50194917342214 | [-2.22 -2.53] | -1.1081206398725107
-1.4351843929171815 | [-4.32 -2.45] | -1.4055986474917734
-1.3563997888873294 | [-5.69 -1.64] | -1.6346792356757707
-1.2683195866005095 | [-6.5  -0.46] | -1.7164988739497677
-1.1752760519529066 | [-5.32  3.99] | -1.4950205750795595
-1.085045670797174 | [-0.13 16.13] | -1.077401550155165
-1.0080567391095605 | [ 4.46 21.35] | -0.5908852184826126
-0.9580741390643578 | [ 8.91 19.42] | -0.14103925789868016
-0.9386113938177035 | [12.29 17.57] | 0.16664729496736366
-0.9436724202431948 | [14.86 14.86] | 0.3880043688969751
-0.9687507072030257 | [16.61 11.53] | 0.5466919258133556
-1.008759880012334 | [17.63  8.07] | 0.6677851736770289
-1.0592721580032856 | [18.16  4.8 ] | 0.7674038974395481
-1.1170216263291375 | [18.41  1.87] | 0.851240019749288
-1.179717488608712 | [18.51 -0.68] | 1.127273382519957
-1.254161079964049 | [ 14.9  -18.63] | 1.5652471028958985
-1.3460747530531445 | [ 11.1  -35.16] | 1.7554916627094728
-1.4468803390978429 | [  7.35 -46.52] | 1.586989697493975
-1.5439117502035575 | [  4.18 -51.39] | 0.3375645987703577
-1.5727267950770776 | [ 0.06 -4.44] | -0.787225378463245
-1.5194032741176484 | [-2.68 -4.86] | -1.0889445147740902
-1.454486579391266 | [-4.68 -3.79] | -1.407359207468701
-1.3765217888835135 | [-5.97 -2.4 ] | -1.6491238588390689
-1.2887494055890911 | [-6.75 -0.93] | -1.7990366399641293
-1.1941486689577068 | [-6.94  0.95] | -1.6153120917477297
-1.101783832965105 | [-1.57 13.02] | -1.2487635833645216
-1.0154248768687646 | [ 2.54 23.2 ] | -0.7834999570801423
-0.9519631921909085 | [ 7.5  20.49] | -0.2520104337543052
-0.9229256853129886 | [11.2  18.61] | 0.10254924477614293
-0.9205705714845949 | [14.08 16.16] | 0.3567072369546115
-0.9402949005755793 | [16.17 13.01] | 0.5357081383002911
-0.9768933337694047 | [17.47  9.64] | 0.6637465149848406
-1.025339842531775 | [18.16  6.36] | 0.7640152887633239
-1.0818500604632886 | [18.49  3.35] | 0.8477346616028831
-1.1438222642302995 | [18.63  0.69] | 0.9527292982834016
-1.2109786640089004 | [18.01 -4.51] | 1.2894371011240493
-1.2915913487200732 | [ 13.8  -24.41] | 1.6856432679182456
-1.3881954432248225 | [  9.96 -39.47] | 1.7538926538851214
-1.4893206687781793 | [  6.32 -48.75] | 1.4895444326506306
-1.5831332456279203 | [  3.4  -51.74] | -0.35407128350843375
-1.569607365567888 | [-0.94  0.44] | -0.8718160747775819
-1.5090474011255286 | [ 2.14 10.37] | -0.6064721451284634
-1.465227170654368 | [7.26 9.44] | -0.11984173184561267
-1.4509236686493991 | [11.29  9.2 ] | 0.23973923392959734
-1.459826339367044 | [14.33  7.64] | 0.5126916178140015
-1.488139975833516 | [16.45  4.82] | 0.7087589050873633
-1.5315425316507545 | [17.82  1.67] | 0.8366144879895168
-1.585492897602474 | [18.66 -1.25] | 1.093466152741933
-1.6518881065148612 | [ 14.55 -20.17] | 1.446077766458452
-1.7324664220183779 | [ 10.98 -34.95] | 0.3425867500895382
-1.7493354795913996 | [ 6.41 -1.98] | -0.1385247977593777
-1.7281519172922517 | [ 3.49 -5.71] | -0.25612479924772696
-1.69908308443986 | [ 0.83 -8.29] | -0.46559854958607905
-1.659852866564396 | [-1.48 -9.34] | -0.7819314645024439
-1.6067855304270404 | [-3.41 -6.74] | -1.1387409533366069
-1.5386170898986677 | [-4.85 -4.53] | -1.4443943626547853
-1.4585932256694203 | [-5.87 -2.68] | -1.68523415921945
-1.36954073995204 | [-6.53 -1.08] | -1.855513959208337
-1.2737727412926911 | [-6.9   0.38] | -1.7942779152708157
-1.1774201514731202 | [-2.84 10.39] | -1.5120744862537456
-1.085231666546591 | [ 2.02 22.36] | -1.0387373787908885
-1.016042439914881 | [ 7.12 20.04] | -0.4957615193470323
-0.9808543683823331 | [10.87 18.44] | -0.1426406860919383
-0.9716861155757127 | [13.67 16.06] | 0.10733820999057725
-0.9838939247221457 | [15.62 12.76] | 0.296043030451549
-1.0130822293516135 | [16.82  9.08] | 0.4480266572945426
-1.0549842160214087 | [17.49  5.49] | 0.5785573627471047
-1.1061383306148993 | [17.83  2.25] | 0.6916814982037414
-1.163899345980118 | [18.   -0.56] | 0.9984663444634609
-1.2348077829770086 | [ 14.81 -17.73] | 1.482861928048943
-1.3249446271424237 | [ 11.13 -34.74] | 1.7244588811284642
-1.425766277450052 | [  7.43 -46.45] | 1.5887615622834583
-1.5238024978331652 | [  4.24 -51.66] | 0.9779321157948346
-1.5947610149780362 | [  0.76 -15.36] | -0.8516445800193103
-1.5400880301845552 | [-2.58 -0.32] | -1.155868939851091
-1.4696571127024314 | [-2.13  3.97] | -1.154040880016733
-1.3972506441989805 | [ 3.38 17.99] | -0.7898735442437111
-1.3452319958265155 | [ 8.4  16.29] | -0.3106846882066572
-1.322794057993197 | [11.91 14.99] | 0.007441575411632796
-1.3224339803434293 | [14.39 12.4 ] | 0.25281811055986103
-1.3408786708179539 | [16.11  8.72] | 0.4493771660564444
-1.3746868295624879 | [17.23  4.9 ] | 0.6004363125016174
-1.4198908649947288 | [17.92  1.47] | 0.710754598199927
-1.4729577586548857 | [18.32 -1.44] | 1.036705504307541
-1.5396059655082268 | [ 14.58 -20.59] | 1.500178524016449
-1.6238476984000327 | [ 11.36 -35.46] | 1.707298597774392
-1.7172536044160662 | [  8.01 -46.22] | 0.43757733649510355
-1.7412904057076364 | [ 3.34 -1.2 ] | -0.4625272823150699
-1.700512271434082 | [ 0.72 -4.64] | -0.5582415738767572
-1.6561928692207593 | [-1.57 -8.24] | -0.8279145256722228
-1.6008535589294324 | [-3.51 -6.13] | -1.1720469532015896
-1.5311595983943433 | [-4.96 -4.23] | -1.468382145519025
-1.4501126181854507 | [-5.97 -2.56] | -1.7019055894834587
-1.3603643738473448 | [-6.61 -1.06] | -1.8660041617618375
-1.264115845278425 | [-6.98  0.35] | -1.8029464098276808
-1.1673104086761028 | [-3.01 10.16] | -1.51776333826217
-1.0746718199192375 | [ 1.87 22.17] | -1.039473517794688
-1.0051729158523455 | [ 6.98 19.86] | -0.49481122870026184
-0.9698503729242678 | [10.76 18.29] | -0.14023877981933572
-0.9607028132185923 | [13.59 15.95] | 0.11054565081813136
-0.9730537956524938 | [15.56 12.69] | 0.2989484605604311
-1.0024477093582478 | [16.78  9.04] | 0.449697276475081
-1.044556119863194 | [17.46  5.48] | 0.5787839883856768
-1.0958853695377586 | [17.8   2.26] | 0.6907655979916006
-1.1537829967559081 | [17.97 -0.53] | 0.9894278150390817
-1.2245815860944336 | [ 14.84 -17.4 ] | 1.4665743010963432
-1.3144274552147748 | [ 11.13 -34.47] | 1.7090221526758695
-1.4150443168827016 | [  7.42 -46.27] | 1.5753720798427362
-1.5129597368444063 | [  4.21 -51.55] | 0.9687812685060365
-1.5839736850649895 | [  0.72 -15.7 ] | -0.8474007896194572
-1.5299387859360636 | [-2.64 -0.6 ] | -1.1811178916772136
-1.458944603588212 | [-3.2   1.69] | -1.1967060855211276
-1.3852778997176833 | [ 2.43 15.97] | -0.7962133764491811
-1.3328980702542177 | [ 7.65 14.53] | -0.2808645026675919
-1.3113312776357193 | [11.47 13.71] | 0.06871648733794711
-1.3129342316482606 | [14.23 11.65] | 0.3299007314178692
-1.333905142626714 | [16.15  8.39] | 0.5280525828554866
-1.3703077539584532 | [17.38  4.86] | 0.673003411522125
-1.4178952322847282 | [18.11  1.62] | 0.774589849469598
-1.4730411627319318 | [18.53 -1.18] | 1.0672173899141213
-1.5406758051658906 | [ 14.53 -20.42] | 1.4875282928280407
-1.624456464996701 | [ 11.09 -35.38] | 1.6567055656761225
-1.7162033345468382 | [  7.38 -39.22] | -0.013379674523156304
-1.7115701517412882 | [ 3.05 -1.63] | -0.4338663828037379
-1.6731506862858705 | [ 0.39 -6.18] | -0.5726115728655085
-1.6292864454986087 | [-1.91 -8.8 ] | -0.8694020641970189
-1.5731711081099766 | [-3.82 -6.36] | -1.2201110244574003
-1.5023098028132074 | [-5.22 -4.26] | -1.512797359569407
-1.42002080323397 | [-6.17 -2.47] | -1.7353376020229896
-1.3291561533549756 | [-6.76 -0.89] | -1.8719191998745492
-1.2323508132467085 | [-6.74  1.22] | -1.701712732683873
-1.1375641929501734 | [-0.87 14.9 ] | -1.3599754790714185
-1.0489560828956213 | [ 3.63 25.51] | -0.9369488073801541
-0.9823647244186106 | [ 8.34 22.87] | -0.4618251456302504
-0.9477785809931366 | [11.66 20.57] | -0.16412596218465875
-0.9376977446117506 | [14.04 17.39] | 0.05003757934664323
-0.9480296581281584 | [15.66 13.36] | 0.22651784643764494
-0.9751925870913756 | [16.67  9.09] | 0.38365566876014956
-1.0155540245342956 | [17.24  5.09] | 0.5262478390095913
-1.0658584727321647 | [17.56  1.6 ] | 0.6517301426776692
-1.1233770072679068 | [17.72 -1.34] | 1.0506915861984745
-1.1978332950752282 | [ 13.74 -22.92] | 1.5802772914765442
-1.2938599147016765 | [ 10.2  -38.77] | 1.7521651348438985
-1.398040240893993 | [  6.66 -48.87] | 1.5531604805843813
-1.4968472146714757 | [  3.67 -52.7 ] | 0.9219501974889248
-1.5674319361766829 | [  0.33 -16.48] | -0.8831525704557639
-1.512632454086376 | [-3.01 -0.96] | -1.2561686312769238
-1.4393452315710735 | [-4.82 -1.15] | -1.5213053523919264
-1.3559256714619847 | [-6.1  -0.84] | -1.7054207194114612
-1.2651210836934348 | [-6.35  0.95] | -1.562882524606146
-1.175977972326854 | [-0.79 13.55] | -1.208897849544967
-1.0948330824774664 | [ 3.77 23.15] | -0.7623686920849078
-1.036872229854968 | [ 8.54 20.85] | -0.281213058052436
-1.010280715559464 | [11.94 18.99] | 0.026830080192956574
-1.0075457714528653 | [14.42 16.18] | 0.24798884944792834
-1.0246717658400248 | [16.13 12.52] | 0.4167469155822977
-1.057551027304737 | [17.18  8.66] | 0.5533517257494289
-1.1021477576369045 | [17.76  5.05] | 0.6687778455845793
-1.1551436272168736 | [18.06  1.87] | 0.7662009583505599
-1.214026454050155 | [18.21 -0.86] | 1.088386277058972
-1.2864743143841424 | [ 14.41 -20.27] | 1.562036732677735
-1.3777552681678964 | [ 10.82 -36.27] | 1.7534729629622223
-1.477947744755719 | [  7.21 -47.17] | 1.5862611484245202
-1.574367910582821 | [  4.09 -51.87] | 0.11497295762245474
-1.5890573957672938 | [-0.07 -1.69] | -0.8355442276485305
-1.532599563064275 | [-2.65 -4.79] | -1.0909946507799857
-1.467269347902211 | [-4.63 -3.87] | -1.4028305823635738
-1.3892766241235257 | [-5.93 -2.61] | -1.644978853550955
-1.301616264956366 | [-6.73 -1.23] | -1.8089624021002915
-1.206852707355215 | [-7.16  0.19] | -1.7413892787741097
-1.1112411571534502 | [-3.88  8.34] | -1.4260098350700925
-1.02040357979251 | [ 0.77 19.44] | -0.9268959990006045
-0.9516308682006813 | [ 5.81 18.58] | -0.3729803641728844
-0.9167850682303615 | [ 9.88 17.05] | 0.033338014583835424
-0.9106073464647189 | [13.14 15.15] | 0.32858175134020967
-0.9282132073281972 | [15.59 12.53] | 0.535648444762296
-0.9640675639139937 | [17.18  9.61] | 0.6753615592381254
-1.0124860735994239 | [18.06  6.67] | 0.775966121540347
-1.069158697696369 | [18.48  3.87] | 0.8556867917087442
-1.131240485312419 | [18.66  1.31] | 0.9215963231914851
-1.196901616310761 | [18.72 -0.97] | 1.199435740294942
-1.2740750461497763 | [ 14.23 -21.53] | 1.603248487430788
-1.3676096369896351 | [ 10.31 -37.28] | 1.706435526327739
-1.4670672073298505 | [  6.56 -47.46] | 1.4707593340753347
-1.5604121598555736 | [  3.53 -51.13] | -0.2947412172930098
-1.5509071148274804 | [-0.85 -1.12] | -0.9326339872234123
-1.4901467676277065 | [-3.31 -2.78] | -1.2317412127738332
-1.4179264758888086 | [-5.05 -2.33] | -1.5044699904900927
-1.3350382596186665 | [-6.15 -1.34] | -1.7055823173176436
-1.2439867095840795 | [-6.79 -0.09] | -1.7113233035853788
-1.150203635085175 | [-4.42  6.42] | -1.4408098180728175
-1.0604021676598712 | [ 0.46 17.88] | -0.9685323836899058
-0.9896522509490533 | [ 5.34 19.18] | -0.43501703307839823
-0.9502257936915373 | [ 9.56 17.61] | -0.00944956060748875
-0.9399772869617355 | [12.88 15.82] | 0.29530484324068007
-0.9537825388010895 | [15.41 13.21] | 0.5110645245342074
-0.9864905355088853 | [17.07 10.19] | 0.6582399673974999
-1.0325427717087385 | [18.01  7.1 ] | 0.764576728843979
-1.0875284644525571 | [18.48  4.17] | 0.8483406180044247
-1.148432358127663 | [18.68  1.5 ] | 0.9168708933216791
-1.2132712515417308 | [18.76 -0.86] | 1.1889623827910294
-1.289414488997124 | [ 14.6  -20.31] | 1.6026225050880294
-1.3820441463636886 | [ 10.73 -36.33] | 1.7398159341787391
-1.481706665388793 | [  6.97 -47.02] | 1.531070551466457
-1.5762499712247793 | [  3.87 -51.21] | -0.2051574536363876
-1.5709468220258085 | [-0.44 -2.05] | -0.8286114922563346
-1.5155204643728653 | [-2.95 -5.36] | -1.1130394222380189
-1.4498694305744975 | [-4.83 -3.95] | -1.429002883529636
-1.3712015652213998 | [-6.04 -2.37] | -1.6653953724721406
-1.2828431600997412 | [-6.77 -0.81] | -1.7936743171192793
-1.1882246419702474 | [-6.59  1.74] | -1.5894455495098212
-1.0962883054848904 | [-1.18 13.92] | -1.2291204176526618
-1.0100458868976554 | [ 2.86 24.07] | -0.7779428879497811
-0.9462647264536056 | [ 7.75 21.27] | -0.2582328699673723
-0.916603763489355 | [11.37 19.26] | 0.08441191857840749
-0.913344118353489 | [14.17 16.64] | 0.32911612032148624
-0.9319625141978842 | [16.19 13.32] | 0.503999350472212
-0.9674523382108751 | [17.43  9.79] | 0.6332078715705499
-1.014970710774062 | [18.09  6.37] | 0.7378269777274856
-1.0708181045671192 | [18.41  3.26] | 0.8269015051259995
-1.1323869049635957 | [18.54  0.53] | 0.956563772131601
-1.200178479344229 | [17.6  -6.14] | 1.320047714260921
-1.2824622507471444 | [ 13.51 -25.74] | 1.7071378158247084
-1.3804934388739583 | [  9.68 -40.5 ] | 1.7527828218414239
-1.4822251120205934 | [  6.08 -49.31] | 1.4711247509668088
-1.5759251487396762 | [  3.24 -51.88] | -0.3483861354786975
-1.5635567221384612 | [-1.11 -0.31] | -0.9334121419947786
-1.5013503828711587 | [-0.95  3.84] | -0.9807645724826574
-1.4356088904284579 | [ 4.41 18.05] | -0.679549574227238
-1.3883498336932685 | [ 9.17 16.28] | -0.24727145875921674
-1.368925135895851 | [12.41 14.63] | 0.045552675632901024
-1.3705716191606732 | [14.68 11.63] | 0.282262634858937
-1.3905543817752675 | [16.28  7.67] | 0.47625422278580476
-1.4256426104244033 | [17.34  3.73] | 0.6244707716101756
-1.4719270911332187 | [18.    0.28] | 0.8166006767125533
-1.5288189509426244 | [17.01 -8.46] | 1.2119324062023975
-1.6013897593561188 | [ 13.78 -25.53] | 1.6086920194846772
-1.6894293346305356 | [ 10.63 -39.16] | 1.5078014818439662
-1.7711727680126135 | [  6.31 -17.38] | -0.13152452355975336
-1.7506382115937198 | [ 2.86 -2.99] | -0.3722963751991543
Total reward: -10.027020259925171
