3.6, 0.3, 0.9, 4.5, 2.5, -0.5, -1.4, -2.5, 3.2, -4.2, 0.2, 4.5, -5.5, 3.0, 4.5, -0.3, -4.8, -3.8, -1.5, 2.5, -2.5, -2.5, -1.0, -4.5, 2.2, -3.0, -0.5, 5.3, 1.8, 3.2, 6.0, 1.8, -5.0, 5.4, 1.3, 0.0
parameter ends

state | action | reward
[1.25] | [9.93 1.65 1.11] | 0.9998548261941776
1.252017502867246 | [22.08  0.73 -9.07] | 0.5408071141351782
1.25088598734122 | [11.57 -0.06  0.33] | 0.9071864885284604
1.2492578684111013 | [13.25  1.4  -1.03] | 0.8230135395101251
1.2471113571579782 | [ 4.46 -0.63  7.07] | 0.880921783377103
1.2443893354435414 | [ 9.7   1.04 -0.91] | 0.8427591956220164
1.2410393761214116 | [ 4.92 -0.6   6.96] | 0.8663047890601431
1.2370470018264836 | [10.23  0.81 -1.27] | 0.8456116806958391
1.232411414154 | [ 6.23 -0.83  7.55] | 0.8554787406086404
1.227145705326558 | [10.36  0.28 -1.07] | 0.810741427751221
1.2212737816799493 | [ 3.67 -1.94  6.96] | 0.8074733180293457
1.2148442931580248 | [ 8.36 -0.33 -2.41] | 0.6357311524787851
1.2091435826753807 | [5.67 0.36 1.45] | 0.6327043347721013
1.2049598457700903 | [13.53  2.74 -5.77] | 0.5392755135887419
1.202318052902408 | [11.62  2.56  1.46] | 0.7673832743892098
1.2009563421139038 | [20.48  4.62 -4.09] | 0.6200842869718246
1.2005995342895486 | [16.51  3.4   4.37] | 0.9355276086220988
1.2010602920680808 | [25.58  5.47 -1.14] | 0.7275759717629687
1.2020426868967937 | [19.82  3.44  8.04] | 0.8756834802780951
1.2031746437277604 | [17.77  3.56 -0.85] | 0.8420804596399913
1.2043949866018548 | [5.76 0.6  4.74] | 1.0265831028956218
1.2055142921266606 | [10.84  2.12 -2.56] | 0.9184218064775848
1.2065002131595242 | [ 1.56 -0.48  5.04] | 0.9755054741955681
1.2072090725329834 | [ 6.72  1.02 -2.49] | 0.9411712589576223
1.207650019565407 | [ 0.97 -0.64  5.16] | 0.9220476247535894
1.20799544197637 | [ 5.71  0.81 -2.84] | 0.9013378265345394
1.208328132092318 | [3.78 0.28 4.48] | 0.9713339904108269
1.2086603443474058 | [11.86  2.18 -2.44] | 0.9462016949032576
1.2089036626425507 | [9.77 1.28 5.6 ] | 1.0409845370118807
1.2090968987625461 | [15.33  2.72 -1.81] | 0.853004437095362
1.2093908390239632 | [7.07 0.98 4.24] | 0.9782713093212313
1.2097465734317505 | [13.55  2.63 -2.99] | 0.8248566968445376
1.2101038156203427 | [6.46 1.03 3.56] | 0.9502592890727997
1.2104584577327064 | [13.67  2.82 -3.5 ] | 0.8135745397206764
1.2105507348195974 | [5.28 0.34 4.2 ] | 0.9879199514990457
1.2103554869399806 | [12.54  2.15 -2.73] | 0.8574646827436672
1.21023735851712 | [6.3  0.81 3.76] | 0.9626513006550796
1.2102044680032822 | [13.59  2.6  -3.19] | 0.815968249756772
1.2102112800976856 | [7.04 1.11 3.42] | 0.9490856678752622
1.2102717888894579 | [14.26  2.88 -3.54] | 0.8078155555288791
1.210126587175206 | [5.93 0.42 4.22] | 0.994569057911495
1.2097510492949823 | [13.    2.19 -2.67] | 0.8617571496099918
1.2095130207778606 | [6.72 0.85 3.77] | 0.9729876117806796
1.2094099790283201 | [13.8   2.6  -3.15] | 0.8259321603718935
1.2093930727303617 | [7.2  1.1  3.43] | 0.9616604765999848
1.2094637535939654 | [14.29  2.85 -3.5 ] | 0.8211527240517628
1.2093752807082778 | [6.06 0.48 4.17] | 1.0037740970596463
1.2091127118559022 | [13.05  2.22 -2.72] | 0.8714077486583451
1.208988762851057 | [6.66 0.84 3.75] | 0.98581446647836
1.2089926048524304 | [13.72  2.58 -3.17] | 0.8407796663327846
1.2090744157041418 | [7.05 1.05 3.45] | 0.9768049183254588
1.2092317417379512 | [14.13  2.8  -3.49] | 0.8396055829363569
1.2092143518507992 | [5.75 0.33 4.27] | 1.0225846172408724
1.2089797096746124 | [12.74  2.08 -2.63] | 0.8956980733552734
1.208880946858967 | [6.39 0.71 3.84] | 1.0036281634341144
1.2089065253019713 | [13.46  2.46 -3.1 ] | 0.8630564578242813
1.2090065961325347 | [6.84 0.94 3.49] | 0.9936678751655362
1.209179081065989 | [13.95  2.69 -3.46] | 0.859522202162933
1.2091659554731342 | [5.58 0.23 4.29] | 1.0382544931663014
1.2089267077177281 | [12.59  1.98 -2.62] | 0.9132382859765236
1.2088238284578414 | [6.3  0.64 3.8 ] | 1.017876601711162
1.2088466793510573 | [13.39  2.38 -3.15] | 0.8773767145264529
1.2089443032421527 | [6.82 0.89 3.41] | 1.0066271460029383
1.2091152622684982 | [13.95  2.65 -3.55] | 0.8702451372436765
1.209103496794278 | [5.74 0.27 4.09] | 1.046534265239137
1.2088965467993462 | [12.77  2.02 -2.83] | 0.9163269486082444
1.2088140716983404 | [6.46 0.66 3.59] | 1.026962369284296
1.2088486974654702 | [13.56  2.41 -3.37] | 0.8813724859178348
1.2089490865147994 | [6.96 0.9  3.21] | 1.0165005065242059
1.2091163722955371 | [14.09  2.66 -3.76] | 0.8752636811967113
1.2090975998270834 | [5.88 0.28 3.89] | 1.057377399936862
1.208882030103965 | [12.91  2.03 -3.04] | 0.9229895192939148
1.208785624910438 | [6.57 0.65 3.4 ] | 1.0389750207571904
1.2088028768594434 | [13.66  2.4  -3.56] | 0.8899533279744805
1.208883019864907 | [7.05 0.88 3.02] | 1.029827912962284
1.2090286635567873 | [14.17  2.63 -3.94] | 0.8865449671196617
1.2089792510987905 | [5.8  0.17 3.81] | 1.0765643346048988
1.2086987635310606 | [12.81  1.91 -3.12] | 0.9430516877264846
1.2085516248807975 | [6.53 0.57 3.29] | 1.05787503869179
1.2085299411371888 | [13.6   2.31 -3.67] | 0.9088157373474335
1.2085819718523256 | [7.04 0.81 2.88] | 1.0487236583644979
1.2087084741617091 | [14.15  2.56 -4.09] | 0.9034664661122787
1.2086524654074178 | [5.95 0.18 3.56] | 1.0916419995952158
1.2084027787126723 | [12.96  1.92 -3.37] | 0.9536345459010683
1.208279434525817 | [6.65 0.56 3.04] | 1.074935441671071
1.2082752205217626 | [13.73  2.29 -3.92] | 0.9214845393215018
1.208337592877397 | [7.13 0.79 2.64] | 1.0673217247882445
1.208468394065474 | [14.25  2.53 -4.34] | 0.9187383711764383
1.2084025478450757 | [6.   0.13 3.34] | 1.1125778812811513
1.20814160184424 | [13.01  1.87 -3.6 ] | 0.9716673046933525
1.208004067598418 | [6.69 0.5  2.82] | 1.0969818218509606
1.2079834476072981 | [13.77  2.23 -4.15] | 0.9406847054473891
1.208027203614985 | [7.18 0.72 2.4 ] | 1.090487145937263
1.2081379397481677 | [14.29  2.46 -4.57] | 0.9387895377819523
1.2080502686482166 | [5.93e+00 3.71e-04 3.18e+00] | 1.1348460696583913
1.2077275167034376 | [12.56  1.67 -3.87] | 0.9991251234261951
1.2075332656940287 | [6.58 0.38 2.57] | 1.1230898753762777
1.2074625265431675 | [13.76  2.13 -4.37] | 0.9659103443239909
1.207463814345632 | [7.28 0.65 2.16] | 1.118440507936641
1.2075401622724808 | [14.39  2.38 -4.82] | 0.9579788585327652
1.2074797960750776 | [6.39 0.11 2.69] | 1.1596376182447825
1.2072256712930072 | [13.39  1.83 -4.26] | 1.0068835280706714
1.2070804640564028 | [7.   0.42 2.18] | 1.148277312622323
1.2070399236085956 | [14.06  2.15 -4.8 ] | 0.9878259185121974
1.2069596416889747 | [6.94 0.35 2.11] | 1.1615481538620562
1.2068796608240995 | [13.98  2.07 -4.86] | 1.006929644072819
1.2066885197212438 | [6.54 0.1  2.29] | 1.1853160679313754
1.2064723608800214 | [13.53  1.81 -4.69] | 1.026983647574455
1.2063487475187264 | [7.12 0.37 1.76] | 1.1779400299285796
1.2063160659205647 | [14.19  2.1  -5.22] | 1.0154576890150218
1.2061683911250471 | [6.64 0.06 1.99] | 1.205409386831146
1.2059413258218634 | [13.51  1.75 -5.02] | 1.0441438154344276
1.2057970797898805 | [7.18 0.32 1.46] | 1.200608040588456
1.205736235515726 | [14.29  2.04 -5.52] | 1.0355403094135787
1.205530628644593 | [ 6.68 -0.04  1.77] | 1.2258229208255131
1.2052439118122276 | [13.14  1.58 -5.37] | 1.0704860932317035
1.2050350317290563 | [7.23 0.23 1.19] | 1.2282376271991047
1.204904113894505 | [14.4   1.95 -5.77] | 1.0575314909770133
1.204694297324615 | [7.29 0.09 1.29] | 1.2534589411995678
1.204449476575064 | [14.21  1.77 -5.72] | 1.0846329333889346
1.204124671885394 | [ 6.88 -0.14  1.33] | 1.2619803623433967
1.2037811645539578 | [12.88  1.39 -5.94] | 1.1344276592078495
1.2034667793379215 | [7.72 0.11 0.95] | 1.2803590247587147
1.2032354561410925 | [14.17  1.67 -5.77] | 1.1045523994256286
1.2030675865296303 | [7.53 0.15 0.65] | 1.2699487397771816
1.2029280451800362 | [11.99  1.16 -3.86] | 1.157433702950688
1.2028486636681492 | [ 5.77 -0.19  2.29] | 1.2525744318532155
1.2028320077971935 | [11.93  1.38 -5.15] | 1.1353625370310123
1.2027455627279564 | [7.21 0.17 1.72] | 1.2665608481024766
1.2026354079336108 | [14.19  1.86 -5.45] | 1.086674179631206
1.2025274287168553 | [7.51 0.32 0.93] | 1.2568375294134082
1.2024258991247168 | [14.18  1.91 -5.66] | 1.0859173926109393
1.202197492512554 | [7.04 0.08 1.14] | 1.2732113967551149
1.2019028235084643 | [14.22  1.82 -5.94] | 1.0977605146603675
1.2014525636945805 | [ 6.93 -0.11  1.06] | 1.2816645229260102
1.2009355018435934 | [13.28  1.49 -6.21] | 1.1178360346535299
1.200444509158397 | [8.27 0.25 0.56] | 1.280177458022335
1.199910896073247 | [11.91  1.04 -3.34] | 1.178767164228181
1.1994912004391782 | [ 5.85 -0.19  2.5 ] | 1.2643020076713094
1.199187789425289 | [12.01  1.36 -4.97] | 1.1513498181215174
1.1988426616735048 | [7.58 0.26 1.72] | 1.2758589104590383
1.1985076283482818 | [14.43  1.91 -5.5 ] | 1.091471793695351
1.198215380628086 | [7.84 0.44 0.67] | 1.2555963022082521
1.1979415660518968 | [12.54  1.5  -4.01] | 1.1324417110673637
1.1977116037095494 | [6.36 0.18 1.97] | 1.2564045496736558
1.1975271475220848 | [13.74  1.94 -5.19] | 1.0852415186322288
1.1973319308476038 | [7.38 0.5  1.01] | 1.2476353538720577
1.197141479704808 | [14.79  2.26 -6.1 ] | 1.050414949295743
1.196901145764117 | [8.18 0.7  0.29] | 1.2214706228764303
1.1966192256355688 | [10.51  1.15 -1.79] | 1.1502526484988156
1.1964051918898968 | [ 4.68 -0.02  3.89] | 1.1996977049168573
1.1960959358334176 | [12.95  2.05 -3.45] | 1.0337335219516859
1.195584524678849 | [7.03 0.77 2.35] | 1.145476135237452
1.194926529534755 | [15.64  2.9  -4.86] | 0.9163248510669483
1.1940696976311986 | [9.24 1.44 1.05] | 1.1191576249677055
1.1933820606806937 | [16.11  3.02 -5.99] | 0.923815541673354
1.192808297826301 | [9.41 1.45 0.3 ] | 1.1252407120051764
1.1923276076382856 | [11.31  1.76 -1.71] | 1.0676950651570412
1.19202057380194 | [5.4  0.57 3.96] | 1.1530032608926322
1.1918533016304476 | [12.69  2.28 -3.17] | 1.0280647825970233
1.1917580080759522 | [6.52 0.93 2.76] | 1.154020741281294
1.1917301315529676 | [13.91  2.67 -4.33] | 0.9946932244268496
1.1917029577781182 | [7.41 1.17 1.86] | 1.1571331268406218
1.1916889585652592 | [14.79  2.9  -5.23] | 0.9735328054863389
1.191624192860581 | [8.02 1.27 1.19] | 1.1658221152980754
1.1915358261200468 | [15.36  3.   -5.88] | 0.9761837320592193
1.1912081780129378 | [7.13 0.6  1.61] | 1.2232012765584284
1.190578634445235 | [14.36  2.33 -5.39] | 1.060573996078954
1.189752479979131 | [6.78 0.27 1.73] | 1.2632567701345145
1.188896943692155 | [13.88  1.95 -5.29] | 1.0995782919820785
1.1881441927310878 | [7.61 0.55 0.84] | 0.2669664687919178
Total reward: 172.5584695393097
