-1.1, 3.0, -2.7, -3.1, 2.3, 1.0, 4.0, 1.7, 2.0, 0.9
parameter ends

state | action | reward
[-0.02] | [0.06] | 9.359629441191625
-0.019857466216565263 | [-0.32] | 9.343394708768985
-0.0303631866480996 | [1.76] | 9.290112523393264
-0.005562782155592076 | [-4.46] | 9.34062603229228
0.01924960497615657 | [1.1] | 9.27333136484049
0.044827298231440764 | [-5.21] | 9.344593418964022
0.07202177039619101 | [0.14] | 9.345283745757708
0.05653376363619649 | [-0.77] | 9.32064213795558
0.01017397455390275 | [4.03] | 9.294422290094278
-0.022374018229028625 | [-1.91] | 9.340759225974743
-0.053543660388532976 | [4.05] | 9.216339799842277
-0.08331370776940265 | [-2.08] | 9.293776043730192
-0.11162194140756249 | [3.99] | 9.03128237225829
-0.13844346388832837 | [-2.75] | 9.036338302376638
-0.1636279087433388 | [3.88] | -1.3668512204651397
Total reward: 128.4636801869752
-1.1, 3.0, -2.7, -3.1, 2.3, 1.0, 4.0, 1.7, 2.0, 0.9
parameter ends

state | action | reward
[0.] | [-0.29] | 9.340963755749131
-0.0009566833435674499 | [1.46] | 9.275496028332658
0.03287616597239118 | [-4.93] | 9.339110621906414
0.06788016444923944 | [0.32] | 9.342717225485748
0.06938181703702816 | [-1.79] | 9.25650736623995
0.03734954244145358 | [4.19] | 9.343357031447553
0.006612260487520028 | [-1.56] | 9.236458290237604
-0.023909359601284555 | [4.52] | 9.334892965717167
-0.05504769622204528 | [-1.29] | 9.136237080460443
-0.0874486429590523 | [5.34] | 9.192929192057479
-0.12201226318442014 | [-0.77] | 8.951045831232538
-0.1468098668692854 | [5.11] | -1.1839809290339645
Total reward: 100.56573445983271
-1.1, 3.0, -2.7, -3.1, 2.3, 1.0, 4.0, 1.7, 2.0, 0.9
parameter ends

state | action | reward
[0.07] | [-0.3] | 9.349990703608189
0.0516349037822535 | [1.62] | 9.248420311232293
0.07569397461044594 | [-4.76] | 9.3434663898263
0.1013794949517131 | [0.63] | 9.240898475120972
0.11025058735859829 | [-3.76] | 9.286758784552767
0.10334699933603646 | [2.07] | 9.067184596767532
0.09911758137060851 | [-5.36] | 9.009626106776254
0.09764376576858613 | [0.81] | -1.2800847318859976
Total reward: 63.266260635998314
-1.1, 3.0, -2.7, -3.1, 2.3, 1.0, 4.0, 1.7, 2.0, 0.9
parameter ends

state | action | reward
[-0.02] | [0.2] | 9.355148178494572
-0.011215301154101355 | [-1.09] | 9.237365842647975
-0.04266756067023656 | [5.34] | 9.344850962403866
-0.07539273038750867 | [-0.01] | 9.332134490085538
-0.0588668859632553 | [0.09] | 9.307737477123466
-0.0403601831225 | [-0.43] | 9.169989147013034
-0.041177382591915807 | [2.65] | 9.176609625875422
-0.015294443388429425 | [-4.17] | 8.883855938558547
0.008377151118364883 | [2.79] | -1.2681945929474985
Total reward: 72.53949706925492
-1.1, 3.0, -2.7, -3.1, 2.3, 1.0, 4.0, 1.7, 2.0, 0.9
parameter ends

state | action | reward
[-0.08] | [0.4] | 9.335949949402302
-0.047277743533382155 | [-2.26] | 9.29962716908225
-0.0474736525456997 | [3.79] | 9.337612294622597
-0.04771148728097867 | [-1.98] | 9.28424408278072
-0.04844240588400195 | [4.11] | 9.34756063000418
-0.05008389305021383 | [-1.6] | 9.226888289053758
-0.053112141314492184 | [4.74] | 9.314219472640259
-0.05826175379311798 | [-1.] | 9.090719156346543
-0.06548557810332711 | [6.05] | 9.07814357078853
-0.07535106650518933 | [-0.19] | 8.868357069018076
-0.04765961609557858 | [1.17] | -1.3642144039026638
Total reward: 90.81910727983654
-1.1, 3.0, -2.7, -3.1, 2.3, 1.0, 4.0, 1.7, 2.0, 0.9
parameter ends

state | action | reward
[0.09] | [-0.47] | 9.332292992234944
0.05667974824243479 | [2.61] | 9.29712669473948
0.054823721334979786 | [-3.4] | 9.3419564902495
0.05349452931103754 | [2.39] | 9.261245183836147
0.05307772256820742 | [-3.78] | 9.342344125090657
0.05404694412658781 | [1.95] | 9.162125545251511
0.05674428300034256 | [-4.75] | 9.22256414966106
0.06183419412512271 | [1.02] | 8.952629825849804
0.06876345797970627 | [-6.99] | 8.835793589104735
0.07791205141560846 | [-0.62] | -1.4419876963203022
Total reward: 81.30609089969754
-1.1, 3.0, -2.7, -3.1, 2.3, 1.0, 4.0, 1.7, 2.0, 0.9
parameter ends

state | action | reward
[0.04] | [-0.05] | 9.357934327549547
0.034241154893341744 | [0.16] | 9.347676870653636
0.039489571782259834 | [-1.03] | 9.28147936808984
0.0018325173044750898 | [5.24] | 9.343690139242378
-0.035390677052259324 | [-0.28] | 9.358386233769528
-0.03486597370102291 | [1.26] | 9.17892070901119
0.003672344951965334 | [-5.34] | 9.318927965648356
0.04319199687743775 | [-0.07] | 9.277886106635272
0.029486825742677945 | [0.17] | 9.163517630423101
0.023522302342835064 | [-1.4] | 9.142553348540932
-0.02225672262597135 | [5.46] | 8.827536522989588
-0.0659396769826849 | [-1.73] | -1.334789781270399
Total reward: 100.26371944128297
-1.1, 3.0, -2.7, -3.1, 2.3, 1.0, 4.0, 1.7, 2.0, 0.9
parameter ends

state | action | reward
[-0.02] | [1.35] | 9.189089145520397
0.04044180496795147 | [-5.11] | 9.334224190881823
0.10393529580375784 | [0.23] | 9.272365209919707
0.12863256800843967 | [-1.43] | 9.292613138963059
0.11552709854840408 | [5.06] | 9.095145616285444
0.10441106710857717 | [-1.37] | 9.097138636888033
0.09494431567420436 | [5.41] | -1.2809024932436537
Total reward: 53.99967344521481
-1.1, 3.0, -2.7, -3.1, 2.3, 1.0, 4.0, 1.7, 2.0, 0.9
parameter ends

state | action | reward
[-0.06] | [-0.23] | 9.351128032551763
-0.06713804720554419 | [1.22] | 9.258230352258833
-0.03272990371729704 | [-5.19] | 9.349026837227232
0.002705321290917561 | [0.12] | 9.347303185817278
-0.005852613787180782 | [-0.7] | 9.329759698513184
-0.0426584714532715 | [3.65] | 9.28034577838739
-0.06205891730824098 | [-2.39] | 9.342349416263199
-0.07993936512220295 | [3.49] | 9.186312822169235
-0.09615905096020877 | [-2.9] | 9.25886004747311
-0.11042128377433869 | [3.09] | 8.976375174811748
-0.1229103068847949 | [-4.23] | 8.921641187785447
-0.1333900759517949 | [2.49] | -1.4793432601038838
Total reward: 100.12198927315455
-1.1, 3.0, -2.7, -3.1, 2.3, 1.0, 4.0, 1.7, 2.0, 0.9
parameter ends

state | action | reward
[-0.08] | [-0.09] | 9.356552946330812
-0.08486076741856097 | [0.62] | 9.308156792368253
-0.05888562315226299 | [-3.3] | 9.333416623966093
-0.05259820202452121 | [2.64] | 9.278250171359877
-0.04573944861621289 | [-3.37] | 9.343345917000917
-0.0379995584040477 | [2.48] | 9.198685476602009
-0.028964862765873314 | [-3.91] | 9.279142259031664
-0.018022302316683825 | [1.92] | 9.021027003487315
-0.005266577163563773 | [-5.53] | 8.980121117637363
0.009750119830984973 | [0.73] | -1.333890868923826
Total reward: 81.76480743886049
-1.1, 3.0, -2.7, -3.1, 2.3, 1.0, 4.0, 1.7, 2.0, 0.9
parameter ends

state | action | reward
[0.04] | [-0.71] | 9.249090156322538
-0.0007561273195520867 | [4.32] | 9.329916070099717
-0.03192240450786116 | [-0.62] | 9.262315981643102
-0.04630284519945456 | [3.65] | 9.314658250834048
-0.04488523597624168 | [-1.7] | 9.151507211012087
-0.046902526534014374 | [5.2] | 9.145831061188511
-0.0524769616658605 | [-0.46] | 8.965305532117286
-0.034560879100534625 | [3.25] | -1.22780131869884
Total reward: 63.19082294451846
-1.1, 3.0, -2.7, -3.1, 2.3, 1.0, 4.0, 1.7, 2.0, 0.9
parameter ends

state | action | reward
[0.08] | [-0.27] | 9.343625052103834
0.06683054153191986 | [1.71] | 9.249727108415952
0.08986994901206752 | [-4.34] | 9.34375078607654
0.11273626339093568 | [1.38] | 9.184014591328085
0.13631495549048897 | [-5.06] | 9.275352349160821
0.16155373459094755 | [0.65] | 9.085463610247501
0.1705873187792681 | [-4.27] | 9.047206579396782
0.16426929007293037 | [2.33] | -1.2856469038874214
Total reward: 63.2434931728421
-1.1, 3.0, -2.7, -3.1, 2.3, 1.0, 4.0, 1.7, 2.0, 0.9
parameter ends

state | action | reward
[0.05] | [0.4] | 9.311017868614563
0.07144200881380074 | [-1.99] | 9.304574279388438
0.05700064837022399 | [4.32] | 9.276350918650937
0.04206487041332814 | [-1.07] | 9.296087703880902
0.02631902857288894 | [5.21] | 9.207015143486062
0.009620875532745939 | [0.03] | 9.13418178240993
0.04617042746133394 | [-0.59] | 9.127143241989382
0.05334530545772018 | [3.14] | 8.726709791639095
0.08260492262519548 | [-3.85] | -1.3344601912985994
Total reward: 72.04862053876072
-1.1, 3.0, -2.7, -3.1, 2.3, 1.0, 4.0, 1.7, 2.0, 0.9
parameter ends

state | action | reward
[0.04] | [-0.22] | 9.345830931493959
0.01952635414865561 | [1.2] | 9.285749880830911
0.03835121589978954 | [-5.12] | 9.337326041098853
0.05710710900258766 | [0.34] | 9.354042880271379
0.04192485293472729 | [-1.69] | 9.177836554433998
-0.007503950197813844 | [4.71] | 9.314398438637365
-0.05759467023829345 | [-0.89] | 9.092473693303187
-0.1031997974799181 | [5.38] | 9.106133062675928
-0.14541525574736058 | [-0.92] | 8.830661883363861
-0.185112904829543 | [6.49] | -1.3866422852414648
Total reward: 81.45781108086798
-1.1, 3.0, -2.7, -3.1, 2.3, 1.0, 4.0, 1.7, 2.0, 0.9
parameter ends

state | action | reward
[0.02] | [-0.33] | 9.335898546350487
-0.006291747598534599 | [1.67] | 9.28617336852534
0.0030918252915827288 | [-4.64] | 9.333703377835358
0.013414804663278834 | [0.73] | 9.313447913696438
0.010896022999153165 | [-3.88] | 9.314067215209542
-0.003982801185011023 | [1.63] | 9.282842362012659
-0.016698108515139767 | [-4.57] | 9.330933108948024
-0.026938000438233033 | [0.69] | 9.286097868907602
-0.050452451502728944 | [-3.8] | 9.329708286677471
-0.08665690027450926 | [1.65] | 9.200963491142868
-0.1196234204147108 | [-5.] | 9.247582226460558
-0.14902657934785174 | [0.37] | 9.112605265945135
-0.2067098799793818 | [-2.81] | 9.037834645397275
-0.29233623191884883 | [3.83] | -1.2563797276545958
Total reward: 119.15547794945415
-1.1, 3.0, -2.7, -3.1, 2.3, 1.0, 4.0, 1.7, 2.0, 0.9
parameter ends

state | action | reward
[0.02] | [0.01] | 9.359066668300658
0.01629071145904884 | [-0.14] | 9.352919482035805
0.0054886722701838 | [0.72] | 9.31479961180324
0.025432550477872885 | [-3.93] | 9.318507732776377
0.031171908181305302 | [1.74] | 9.308069090589964
0.037675828862872206 | [-4.41] | 9.31945298890283
0.04521098414214597 | [1.09] | 9.287823729147476
0.0541544430223037 | [-5.16] | 9.324339113482068
0.06505559942949543 | [0.05] | 9.335939563508338
0.029025230013355333 | [-0.3] | 9.307687722674686
-0.018036758760028908 | [1.48] | 9.290544452086008
-0.02689608195093182 | [-4.81] | 9.291073548625482
-0.03438270656693655 | [0.38] | 9.317221939817957
-0.07276263698239296 | [-1.99] | 9.07571658183763
-0.1428893050206087 | [4.14] | 9.2158144257122
-0.21317235841270663 | [-1.84] | 8.900709949229118
-0.28416939347094095 | [5.23] | -1.1407039775364993
Total reward: 147.17898262299335
-1.1, 3.0, -2.7, -3.1, 2.3, 1.0, 4.0, 1.7, 2.0, 0.9
parameter ends

state | action | reward
[0.02] | [0.06] | 9.356383514135342
0.02937565245108395 | [-0.22] | 9.353936485492593
0.0336419512411043 | [1.3] | 9.225375104384883
0.07862499556603819 | [-5.07] | 9.34144893281083
0.12429956183775288 | [0.39] | 9.270652074260754
0.1397410780986042 | [-2.28] | 9.302545658353461
0.12589569249307506 | [4.01] | 9.10112922617251
0.11433318012302636 | [-2.7] | 9.09993232741798
0.10491106642618102 | [3.89] | -1.2534119605270952
Total reward: 72.79799136250125
-1.1, 3.0, -2.7, -3.1, 2.3, 1.0, 4.0, 1.7, 2.0, 0.9
parameter ends

state | action | reward
[0.01] | [-0.54] | 9.307532948295592
-0.017484441164985112 | [2.73] | 9.31904031374404
-0.021206851934641967 | [-3.38] | 9.28827020806833
-0.024529843467935183 | [2.26] | 9.322464827609892
-0.027401683781020668 | [-3.87] | 9.240116697927725
-0.03000427849435025 | [1.73] | 9.30512758621053
-0.03240393286034587 | [-4.51] | 9.114599649249865
-0.03492163588862976 | [1.11] | 9.183230580137385
-0.037760535076014914 | [-5.58] | 8.834152901300703
-0.041104352165840116 | [0.11] | -1.3735186159832706
Total reward: 81.5410170965608
-1.1, 3.0, -2.7, -3.1, 2.3, 1.0, 4.0, 1.7, 2.0, 0.9
parameter ends

state | action | reward
[0.] | [0.44] | 9.336386401198544
0.019828605558904835 | [-2.41] | 9.290517678383754
0.004709853206353221 | [3.68] | 9.345509822493685
-0.011086622189218291 | [-2.02] | 9.247304960091345
-0.02804379982810521 | [4.26] | 9.334587202177445
-0.046832807385693204 | [-1.42] | 9.134619964667529
-0.06764259482390286 | [5.42] | 9.162837915842957
-0.09115874292978424 | [-0.58] | 8.946612311987508
-0.09596234797172624 | [3.96] | -1.2270871769231022
Total reward: 72.57128907991967
-1.1, 3.0, -2.7, -3.1, 2.3, 1.0, 4.0, 1.7, 2.0, 0.9
parameter ends

state | action | reward
[0.07] | [0.55] | 9.291468796047573
0.1012884836008158 | [-3.34] | 9.33606148592303
0.11124647928522903 | [2.07] | 9.24492855478783
0.12342784566996857 | [-4.35] | 9.32654816344045
0.13844839332587797 | [0.9] | 9.157348430718518
0.15135150136461054 | [-5.58] | 9.166256677376175
0.1628269976543326 | [-0.22] | 9.049797673983521
0.11781512066882188 | [0.69] | 8.800201630092536
0.0977763506252862 | [-5.47] | -1.4824514016928332
Total reward: 71.89016001067681
