-1.3, 0.7, -2.3, -1.8, 4.0, -7.4, 0.2, 1.6, 2.7, 1.5, -2.6, 2.2, -2.3, -4.3, -3.1, 0.6, 1.2, -1.4
parameter ends

state | action | reward
[0.04] | [ 1.45 -0.9 ] | 0.017522463034499884
0.007639895810493836 | [ 11.89 -17.7 ] | -0.1343393299146794
-0.07764425215837562 | [ 16.99 -26.57] | -0.25468237138496685
-0.18250367691851707 | [ 17.15 -28.25] | -0.3106139152317994
-0.28934518779389296 | [ 15.32 -27.09] | -0.343413379826915
-0.3918639604624842 | [ 12.83 -25.1 ] | -0.3853900841016346
-0.48728521684955894 | [ 10.07 -22.82] | -0.4550256250324903
-0.5732759146519993 | [  7.14 -20.33] | -0.5589754107912694
-0.6476806457420283 | [  4.11 -17.7 ] | -0.6912853929066781
-0.7089955587344658 | [  0.45 -11.8 ] | -0.5835241041837663
-0.6900813516201372 | [-12.11  11.67] | -0.29031979162984967
-0.6530882934214025 | [-13.72  15.51] | -0.11705685349768125
-0.6089600079196589 | [-14.87  18.79] | 0.06728886595935459
-0.5593075608622445 | [-15.84  21.76] | 0.23252208352939466
-0.5034856782562609 | [-16.89  24.65] | 0.36036049186152097
-0.4390584474160135 | [-18.24  27.71] | 0.4452625695591429
-0.36245883338613055 | [-20.01  31.1 ] | 0.4909789303913995
-0.26979221590821423 | [-22.19  34.83] | 0.5039225641235174
-0.158404742437247 | [-24.39  38.43] | 0.4808644500585265
-0.03034599706378792 | [-25.47  40.31] | 0.40342035278524074
0.1046365272987919 | [-24.    38.46] | 0.2970995353252359
0.23400870091076564 | [-20.65  34.06] | 0.20254341260227263
0.3528573440900792 | [-17.19  29.78] | 0.10907055830598236
0.46168693792992 | [-14.01  26.09] | 0.016039715456966294
0.5620664531407271 | [-11.11  22.92] | -0.07841044367041962
0.654723651204586 | [-8.31 19.95] | -0.19139255335182398
0.7384386972008335 | [-5.45 16.86] | -0.3358072192952825
0.8110950980476354 | [-2.52 13.56] | -0.5094128446643402
0.8709503327010144 | [ 0.42 10.13] | -0.5358420715202977
0.8597702188644402 | [ 14.13 -16.06] | -0.42464602278836155
0.82011233362551 | [ 15.81 -19.25] | -0.27824866279010835
0.7740304172845954 | [ 17.07 -21.81] | -0.1206493477287529
0.7229962268633939 | [ 18.15 -24.1 ] | 0.011907283748673614
0.6662115888066076 | [ 19.3  -26.47] | 0.0960859800906793
0.6011228292268551 | [ 20.73 -29.16] | 0.12232417856273578
0.5240865634235988 | [ 22.54 -32.35] | 0.0919349999616152
0.4311637268407435 | [ 24.73 -36.02] | 0.013891807819695845
0.3196683840842036 | [ 26.93 -39.65] | -0.0978919182744096
0.19160061531116232 | [ 27.98 -41.72] | -0.22281557716715164
0.056648782899081505 | [ 26.45 -40.26] | -0.3117216439665249
-0.07266562244268075 | [ 23.   -36.27] | -0.3569864342485808
-0.19141846164783707 | [ 19.44 -32.37] | -0.39768160480542936
-0.30013907209298446 | [ 16.17 -29.04] | -0.4396098586206191
-0.4004110926631604 | [ 13.19 -26.19] | -0.4843909700605491
-0.49295027070514197 | [ 10.31 -23.54] | -0.5474615231305522
-0.5765364375688362 | [  7.36 -20.86] | -0.6410401089783929
-0.649064210057682 | [  4.3  -18.07] | -0.7635428804866791
-0.7088018868970382 | [  1.22 -15.23] | -0.5864514198309574
-0.6979068154530251 | [-12.2   11.77] | -0.3574228910307383
-0.6582416908020524 | [-13.78  15.55] | -0.17347114124903268
-0.6121236474643708 | [-14.89  18.78] | 0.02184064745403176
-0.56108940559495 | [-15.82  21.72] | 0.19738252257646205
-0.5043980668434224 | [-16.85  24.59] | 0.33460765180578067
-0.4395344957324666 | [-18.18  27.63] | 0.4279680239671546
-0.3628733894333272 | [-19.93  31.01] | 0.4812829220917436
-0.2704633249798221 | [-22.1   34.73] | 0.5010704238945907
-0.15953413540552686 | [-24.32  38.35] | 0.4842020455756464
-0.031867207866403104 | [-25.47  40.34] | 0.4110749834522904
0.10308149284571907 | [-24.11  38.64] | 0.30403248475559064
0.23270001859559092 | [-20.8   34.26] | 0.20752614324528454
0.3517873622295353 | [-17.32  29.95] | 0.11292326095027998
0.4607995106046046 | [-14.13  26.24] | 0.01889345981679405
0.5613129922075648 | [-11.23  23.05] | -0.07589670955198614
0.6541016617635059 | [-8.43 20.07] | -0.18830719858094178
0.7379953974914123 | [-5.58 16.98] | -0.33168404440033855
0.8108955887655787 | [-2.65 13.68] | -0.504429826161568
0.871045885934523 | [ 0.29 10.25] | -0.5543108171393158
0.8607549775461809 | [ 13.82 -15.64] | -0.440719670589012
0.8218847851032213 | [ 15.59 -18.94] | -0.29805229452556825
0.7761944252990838 | [ 16.91 -21.58] | -0.13980926669800767
0.7254079223586628 | [ 18.02 -23.91] | -0.003090821520300227
0.6689518597321311 | [ 19.18 -26.28] | 0.08726099449583288
0.6044256877730193 | [ 20.59 -28.95] | 0.12040949344744115
0.528268876724541 | [ 22.37 -32.1 ] | 0.09679758789558787
0.4365426370400634 | [ 24.55 -35.74] | 0.024769171186679678
0.3263890014650347 | [ 26.78 -39.41] | -0.08245247096489591
0.1993096905802033 | [ 27.99 -41.67] | -0.20633077626325277
0.06443346794563863 | [ 26.67 -40.5 ] | -0.2998254518414655
-0.06553155324760129 | [ 23.29 -36.59] | -0.34791534094925414
-0.18500293763090583 | [ 19.71 -32.65] | -0.38942521514844963
-0.2943392134734186 | [ 16.41 -29.28] | -0.43234155901529775
-0.3951110700554684 | [ 13.42 -26.4 ] | -0.47723665288883244
-0.48816806936951646 | [ 10.54 -23.74] | -0.5390302381242703
-0.5724107128111273 | [  7.59 -21.07] | -0.6307200556369144
-0.645754533787415 | [  4.54 -18.28] | -0.7518463492162931
-0.7064132280392217 | [  1.46 -15.44] | -0.7419995714360819
-0.693753873677657 | [-12.33  11.13] | -0.3027244399740101
-0.6590425326913564 | [-13.87  15.02] | -0.13611439322381452
-0.616665049150194 | [-14.92  18.34] | 0.046154099428356785
-0.5685566339513948 | [-15.81  21.31] | 0.21197863270308304
-0.5143367548664209 | [-16.8  24.2] | 0.34100556223563044
-0.4517322470278996 | [-18.09  27.23] | 0.42603015302772784
-0.3772365254735842 | [-19.81  30.58] | 0.4698535698323788
-0.28688909737597235 | [-21.96  34.3 ] | 0.4793497464848453
-0.1777290840232087 | [-24.19  37.97] | 0.45447004840941724
-0.05110258765517161 | [-25.43  40.13] | 0.3799581887451739
0.08389130635904936 | [-24.22  38.66] | 0.2765238792682988
0.21439421445061654 | [-20.95  34.37] | 0.18587473996886195
0.334582958199313 | [-17.47  30.05] | 0.09709748393215671
0.4446660114644948 | [-14.27  26.33] | 0.007621402971606572
0.5461447098848983 | [-11.35  23.13] | -0.08289571973219584
0.6399040096647752 | [-8.55 20.16] | -0.19083970577384543
0.7248762449732523 | [-5.7 17.1] | -0.3301419358329573
0.7989635641308992 | [-2.76 13.82] | -0.4999818185687936
0.8603426736246105 | [ 0.18 10.4 ] | -0.5338325664954289
0.8624542010754732 | [ 14.64 -16.08] | -0.3751533574912914
0.8245603407419061 | [ 16.16 -19.23] | -0.23475828199479948
0.7801696324051245 | [ 17.28 -21.75] | -0.0853949266707078
0.730695026425232 | [ 18.28 -24.01] | 0.03688120642359592
0.6752860410835582 | [ 19.39 -26.37] | 0.10921426656021054
0.6113520081906767 | [ 20.78 -29.07] | 0.12222362029230013
0.5352155412546504 | [ 22.58 -32.28] | 0.0772130242538781
0.4428943642441691 | [ 24.76 -35.98] | -0.01629473891778707
0.3316648846167885 | [ 26.92 -39.64] | -0.14176967464008944
0.2035679431337781 | [ 27.92 -41.71] | -0.27316366803105446
0.0684577235093924 | [ 26.32 -40.19] | -0.3583504645502851
-0.061092784991263756 | [ 22.87 -36.19] | -0.3967289884108417
-0.18018766169736508 | [ 19.32 -32.3 ] | -0.43115550512679074
-0.28929911907351713 | [ 16.06 -28.98] | -0.4674960903949371
-0.38996692298145896 | [ 13.09 -26.13] | -0.5076039468479374
-0.4828900660682704 | [ 10.21 -23.48] | -0.5669351367752025
-0.5668303642303613 | [  7.25 -20.8 ] | -0.657520223469709
-0.6396648421028048 | [  4.19 -18.01] | -0.777532800509109
-0.6996525930793095 | [  1.1  -15.17] | -0.5328887402618407
-0.6918866534066815 | [-12.49  11.68] | -0.30458353993321774
-0.655112071239544 | [-13.96  15.47] | -0.1299935576808116
-0.6113356875015888 | [-15.    18.71] | 0.05574997986492033
-0.5621757872717715 | [-15.89  21.64] | 0.2216404339055025
-0.5069594445909578 | [-16.9   24.51] | 0.34901672388458516
-0.44320618752654833 | [-18.23  27.55] | 0.4321023111203301
-0.3672894293499205 | [-19.99  30.93] | 0.4745544527289717
-0.27523299915187444 | [-22.17  34.67] | 0.48319119007116856
-0.16427366159813547 | [-24.36  38.28] | 0.4563610373200542
-0.036355270742029294 | [-25.44  40.19] | 0.3782306650402617
0.09875614554791787 | [-23.97  38.35] | 0.2750268922848137
0.22844192772174976 | [-20.63  33.97] | 0.18472933501286645
0.34769111850147444 | [-17.16  29.7 ] | 0.09507658579662169
0.4569423563810791 | [-13.99  26.03] | 0.005238177657525628
0.5577301451074382 | [-11.1   22.87] | -0.08664913463429744
0.6507744509016392 | [-8.3 19.9] | -0.19765284266140623
0.7348557725918351 | [-5.44 16.81] | -0.3406499584369253
0.8078535725730949 | [-2.5  13.51] | -0.513373901675408
0.8680174037477044 | [ 0.44 10.09] | -0.4881433229872819
0.8600879162169712 | [ 14.28 -15.6 ] | -0.3812947877997306
0.8233516516545651 | [ 15.9  -18.89] | -0.24659068674903667
0.7795197255476283 | [ 17.11 -21.52] | -0.09896288646645639
0.7302519656936983 | [ 18.16 -23.86] | 0.024864538482417403
0.6749128243963454 | [ 19.3  -26.26] | 0.10058774260777181
0.6110484944121249 | [ 20.71 -28.98] | 0.1176722050114477
0.5350514195003756 | [ 22.51 -32.19] | 0.07673319056289271
0.4429602713771937 | [ 24.7  -35.89] | -0.013120981917507157
0.3320181296624534 | [ 26.88 -39.58] | -0.13581500108512828
0.20414978640153536 | [ 27.92 -41.69] | -0.2662083202139592
0.06908005624402697 | [ 26.38 -40.24] | -0.3526902009031997
-0.06057207063954496 | [ 22.94 -36.27] | -0.39222145694442395
-0.17977146441430175 | [ 19.38 -32.36] | -0.4273234972415394
-0.2889633178426664 | [ 16.12 -29.03] | -0.464302364489475
-0.3896895674154586 | [ 13.15 -26.18] | -0.504779293444081
-0.4826750967035079 | [ 10.27 -23.53] | -0.5641127578369829
-0.5667062942682491 | [  7.31 -20.85] | -0.6545054733697768
-0.6396667161432067 | [  4.25 -18.06] | -0.7743804020501573
-0.6998065528551981 | [  1.16 -15.22] | -0.5431261547705786
-0.6922857246250983 | [-12.34  11.49] | -0.31643307903856827
-0.6555902003696561 | [-13.86  15.32] | -0.14214646206961687
-0.6117800316947487 | [-14.93  18.59] | 0.044874831819438965
-0.5625678760673956 | [-15.84  21.54] | 0.21325852873310608
-0.5073660640528743 | [-16.85  24.42] | 0.3437841586434479
-0.4437533250324816 | [-18.17  27.46] | 0.43023001734201155
-0.36813673954313986 | [-19.92  30.83] | 0.4759939027466197
-0.2765419228338453 | [-22.09  34.57] | 0.48783832554232653
-0.16613369014218832 | [-24.3  38.2] | 0.46426007424884386
-0.03863709867114693 | [-25.44  40.2 ] | 0.38865714047687017
0.09643272632096145 | [-24.07  38.5 ] | 0.2847626753006628
0.22637290804595878 | [-20.75  34.14] | 0.19309787772781273
0.3458960019625725 | [-17.28  29.85] | 0.10258314564400027
0.4553755615120469 | [-14.1   26.16] | 0.011843775991287636
0.5563432780581714 | [-11.19  22.98] | -0.08042677848255064
0.6495778294978188 | [-8.4  20.01] | -0.19109064557076336
0.7339119656946232 | [-5.54 16.93] | -0.33343150260850046
0.8072344316643565 | [-2.61 13.64] | -0.5057166995947274
0.8677714975655306 | [ 0.33 10.21] | -0.4962718858746039
0.8609229189702464 | [ 14.   -15.21] | -0.3930770154047942
0.8249595634248948 | [ 15.71 -18.6 ] | -0.26179130295553993
0.7815502466599973 | [ 16.97 -21.3 ] | -0.1138044600479688
0.7325713273399097 | [ 18.05 -23.67] | 0.013484331343224923
0.6775866265594918 | [ 19.19 -26.07] | 0.09444367830739714
0.6142800144000069 | [ 20.59 -28.77] | 0.11738417712433052
0.539118505372247 | [ 22.37 -31.96] | 0.08210695468484208
0.44814023507743117 | [ 24.54 -35.63] | -0.0029047106622271113
0.3384320777447597 | [ 26.75 -39.35] | -0.12225702947005922
0.21146797162542263 | [ 27.92 -41.64] | -0.2525306143064457
0.07646989171071053 | [ 26.57 -40.46] | -0.34341270779435823
-0.05377170479380315 | [ 23.19 -36.55] | -0.38522170765580865
-0.17363270186134397 | [ 19.62 -32.61] | -0.4207786889223589
-0.28340000781135355 | [ 16.34 -29.24] | -0.45841074109583996
-0.38459826671289943 | [ 13.35 -26.36] | -0.4988023149641465
-0.4780721256554235 | [ 10.47 -23.71] | -0.5568611778835811
-0.5627169839805917 | [  7.52 -21.03] | -0.6454805638263531
-0.6364341520602488 | [  4.46 -18.25] | -0.7640745510484822
-0.6974232080435183 | [  1.38 -15.41] | -0.5575949495108586
-0.6927294425534862 | [-11.85  10.61] | -0.33798448808576914
-0.6580682737965421 | [-13.53  14.6 ] | -0.1710215396801994
-0.6154865309759192 | [-14.7   18.01] | 0.015169864527911844
-0.5671319811543042 | [-15.65  21.04] | 0.18805297960127104
-0.5128313879187868 | [-16.66  23.96] | 0.3259280184605
-0.45045404907908476 | [-17.95  27.  ] | 0.42040994565108136
-0.3765670247205071 | [-19.65  30.35] | 0.4735632605894802
-0.28720686458457007 | [-21.77  34.06] | 0.49201855409546214
-0.1792576574904642 | [-24.03  37.78] | 0.47592047099569856
-0.05360253325904465 | [-25.4   40.13] | 0.4086252180931301
0.08123163112172732 | [-24.4   38.96] | 0.30484099538768844
0.21230474232900354 | [-21.21  34.75] | 0.2109807265745708
0.33316019971173977 | [-17.72  30.39] | 0.12002998139450115
0.44381846053882207 | [-14.49  26.62] | 0.028240725023980923
0.5457597212446252 | [-11.56  23.39] | -0.06371586438924629
0.6399813038247986 | [-8.76 20.41] | -0.17161666529379194
0.7255353027122943 | [-5.92 17.35] | -0.31017212104085573
0.8003537104562368 | [-3.   14.08] | -0.4797043648188767
0.8625686097753882 | [-0.05 10.66] | -0.5347663406763162
0.8674164709355228 | [ 13.99 -15.14] | -0.39983542608025713
0.8314964864952142 | [ 15.72 -18.56] | -0.2691856951972794
0.7882032629922192 | [ 16.97 -21.24] | -0.12060720015722592
0.7394672825435809 | [ 18.03 -23.59] | 0.007916082407516803
0.6849034715053908 | [ 19.14 -25.96] | 0.09031506896931646
0.6222375565605357 | [ 20.51 -28.62] | 0.11445902154745766
0.5479616913055342 | [ 22.26 -31.76] | 0.07973391885038203
0.45809599137364576 | [ 24.4  -35.42] | -0.005689126810321188
0.34958393463712434 | [ 26.63 -39.16] | -0.1263638170625947
0.2234963605946991 | [ 27.91 -41.6 ] | -0.2588418721449002
0.08858718485383817 | [ 26.73 -40.66] | -0.35322432316556707
-0.042237412783179225 | [ 23.41 -36.82] | -0.39536297135306764
-0.16278883529343005 | [ 19.82 -32.85] | -0.4293180083014718
-0.2731762836408069 | [ 16.52 -29.44] | -0.46566867982968463
-0.3748936798970939 | [ 13.51 -26.54] | -0.5043245887358542
-0.46889283694854567 | [ 10.64 -23.88] | -0.5596518930448414
-0.5541759268418275 | [  7.69 -21.21] | -0.6451127281028788
-0.6286630984000043 | [  4.64 -18.43] | -0.7610474496711017
-0.690505771994727 | [  1.55 -15.59] | -0.6139206584947624
-0.6956122901914784 | [-12.42  11.56] | -0.32620711564296767
-0.6581615168511158 | [-13.94  15.41] | -0.14916877084989563
-0.6139225455722067 | [-14.97  18.63] | 0.04031624802957078
-0.5645553534328768 | [-15.85  21.54] | 0.21061448354587337
-0.5094257280425706 | [-16.84  24.39] | 0.342703595438223
-0.4460883682643791 | [-18.13  27.4 ] | 0.4305047057675766
-0.37094141151774584 | [-19.86  30.74] | 0.4774868500477505
-0.2799901357142991 | [-22.01  34.45] | 0.4905820732397633
-0.17030346726810366 | [-24.23  38.1 ] | 0.46881929738957107
-0.04334001937426199 | [-25.44  40.2 ] | 0.3953428775985218
0.09169033253643848 | [-24.18  38.66] | 0.2910757478288106
0.22199096543116792 | [-20.9   34.34] | 0.19861254917628016
0.34192073583251475 | [-17.42  30.02] | 0.10788054605862946
0.45175591099990337 | [-14.22  26.3 ] | 0.016754146215484406
0.553015843660866 | [-11.31  23.11] | -0.07540566344549308
0.646552083066182 | [-8.51 20.13] | -0.18516927285433743
0.7312647095165292 | [-5.66 17.06] | -0.3263032984223147
0.805053288608221 | [-2.73 13.77] | -0.4977252455895241
0.8661127642152787 | [ 0.21 10.35] | -0.4610654444464446
0.8645657090675657 | [ 13.78 -15.25] | -0.4251572833037613
0.8274056416558909 | [ 15.55 -18.64] | -0.2897140513093141
0.7830055852479176 | [ 16.87 -21.33] | -0.13642118146343762
0.7332643482550698 | [ 17.98 -23.69] | -0.002930432989154963
0.6777674621243784 | [ 19.12 -26.07] | 0.08480504362397183
0.6142182781330869 | [ 20.52 -28.74] | 0.11487426253986595
0.5391004271175248 | [ 22.29 -31.89] | 0.08692388807047532
0.4484525784954506 | [ 24.44 -35.53] | 0.009095796079525514
0.3392892008016876 | [ 26.68 -39.25] | -0.10425439097264542
0.21282732864822368 | [ 27.94 -41.62] | -0.23215267389487598
0.07793361659222398 | [ 26.72 -40.6 ] | -0.3263548893987107
-0.05256433199598937 | [ 23.38 -36.75] | -0.37154458364378873
-0.17269140612712142 | [ 19.8  -32.78] | -0.40915040598171576
-0.2826544224626656 | [ 16.5  -29.39] | -0.4487205017976165
-0.38398293871088074 | [ 13.49 -26.5 ] | -0.4903619310091227
-0.4775962194047047 | [ 10.62 -23.84] | -0.5486461791972198
-0.5624615527104956 | [  7.67 -21.16] | -0.6368957404435804
-0.6364988549697023 | [  4.62 -18.39] | -0.7551860264102834
-0.6978829735614261 | [  1.53 -15.55] | -0.631649679864878
-0.7006537496545607 | [-12.46  12.  ] | -0.3489351403885511
-0.6606472739997779 | [-13.97  15.75] | -0.1634138170938835
-0.6145392654921139 | [-15.01  18.91] | 0.03160333498171563
-0.5637356801626363 | [-15.89  21.79] | 0.20513487254296683
-0.5073830546718833 | [-16.89  24.62] | 0.3393051348659663
-0.44289526425540776 | [-18.2   27.63] | 0.42903897586931494
-0.36660654824351796 | [-19.94  30.97] | 0.47840884941614753
-0.27453460147167114 | [-22.1   34.68] | 0.49422908654502856
-0.16386681106877396 | [-24.31  38.3 ] | 0.47416250795891257
-0.03632269140030822 | [-25.47  40.3 ] | 0.39981200559103647
0.09867366502653316 | [-24.12  38.61] | 0.29372217074102636
0.22846548120546162 | [-20.81  34.24] | 0.1990536084436532
0.34776853532332713 | [-17.33  29.93] | 0.10618889933153859
0.45699756240560013 | [-14.14  26.23] | 0.013596774662135977
0.5577125677426177 | [-11.23  23.04] | -0.07992564838796945
0.650702755536715 | [-8.44 20.06] | -0.19119096963000498
0.7348103190060408 | [-5.58 16.98] | -0.3336141639637484
0.8079334245735998 | [-2.65 13.68] | -0.5056713960289546
0.8683038520201951 | [ 0.29 10.26] | -0.5322209637945315
0.8596182863500764 | [ 13.82 -15.4 ] | -0.42614433090918175
0.8219533310292728 | [ 15.59 -18.76] | -0.2880405473500124
0.7771637342393046 | [ 16.9  -21.43] | -0.13307165945059263
0.7270781191179417 | [ 18.01 -23.79] | 0.0014250774654983173
0.6712172898312534 | [ 19.16 -26.16] | 0.09005270589843786
0.607241610186764 | [ 20.56 -28.84] | 0.12143827073423064
0.5316168270969909 | [ 22.34 -32.  ] | 0.09563740051507783
0.44039601690245334 | [ 24.51 -35.64] | 0.02090208677064123
0.33066882414465804 | [ 26.74 -39.33] | -0.08902801373965394
0.20383133083394533 | [ 27.96 -41.64] | -0.21455427001500454
0.06893407150977347 | [ 26.68 -40.52] | -0.3081271470784881
-0.06125688031048666 | [ 23.32 -36.63] | -0.35494052772318874
-0.18101280358297664 | [ 19.73 -32.68] | -0.394906356632168
-0.29062930195191555 | [ 16.44 -29.31] | -0.4365390081112248
-0.3916565603878327 | [ 13.44 -26.42] | -0.4802587932366592
-0.48496789512960664 | [ 10.56 -23.76] | -0.540887004322463
-0.5694863371379388 | [  7.62 -21.09] | -0.6315383693534323
-0.6431269418895276 | [  4.57 -18.31] | -0.7519205643864735
-0.7040877672292986 | [  1.48 -15.47] | -0.7279335430765226
-0.6931924484976647 | [-12.3   10.87] | -0.2911586358830254
-0.6599743673727895 | [-13.84  14.81] | -0.1295771952854889
-0.6187083079167633 | [-14.9   18.16] | 0.04910968527297601
-0.57146033395562 | [-15.79  21.16] | 0.2125821937332455
-0.5179770829396381 | [-16.77  24.05] | 0.339818528053793
-0.456072278946293 | [-18.05  27.08] | 0.42296503048713746
-0.3822813235816373 | [-19.76  30.43] | 0.46439848521435434
-0.2926390259480859 | [-21.9   34.14] | 0.4710440487252149
-0.18411303870763598 | [-24.14  37.83] | 0.4438416827293896
-0.057881314303480744 | [-25.42  40.05] | 0.3690307185643771
0.07710980455795158 | [-24.26  38.67] | 0.26674918008918214
0.2079274779157127 | [-21.01  34.42] | 0.17801401161505392
0.3285130373645911 | [-17.53  30.1 ] | 0.0912444656697264
0.43898062987603204 | [-14.32  26.37] | 0.00334493964187306
0.5408030476613371 | [-11.4   23.17] | -0.0856773522896847
0.6349037935606886 | [-8.6 20.2] | -0.191999264415492
0.7202555533612452 | [-5.75 17.14] | -0.32976665091600754
0.7947641325100387 | [-2.81 13.88] | -0.49847309278426666
0.856583471468753 | [ 0.13 10.46] | -0.5163729302284874
0.8607302388394447 | [ 14.55 -15.58] | -0.3573075683684798
0.8249030563071144 | [ 16.09 -18.85] | -0.22490411778832417
0.7819885927404165 | [ 17.23 -21.45] | -0.08015144696508482
0.7336410219267644 | [ 18.22 -23.76] | 0.040151935418237764
0.6792209890170652 | [ 19.32 -26.14] | 0.11185780663019776
0.616275610738305 | [ 20.7  -28.84] | 0.12442411053606625
0.5411926371234482 | [ 22.48 -32.05] | 0.07833587423686031
0.4499788414244388 | [ 24.65 -35.75] | -0.017233752038106565
0.3397790516715429 | [ 26.83 -39.46] | -0.14530769935053167
0.2123216316503379 | [ 27.9  -41.65] | -0.27909008480367314
0.07718209824355779 | [ 26.41 -40.3 ] | -0.36605991617553096
-0.05289811652644574 | [ 22.99 -36.35] | -0.40348821058553863
-0.1726178835269141 | [ 19.44 -32.43] | -0.43601877570395053
-0.2823151965568915 | [ 16.17 -29.09] | -0.470893230609961
-0.383498097344983 | [ 13.19 -26.22] | -0.5093822589360179
-0.4769442217393938 | [ 10.32 -23.57] | -0.5666707822665094
-0.5614842446125954 | [  7.36 -20.9 ] | -0.6552168401785935
-0.6349991428472156 | [  4.3  -18.12] | -0.7737835495822583
-0.695707289772084 | [  1.21 -15.28] | -0.5190613266425985
-0.6913441388543635 | [-12.26  11.01] | -0.29769228605077963
-0.6572741862487363 | [-13.8   14.92] | -0.13238659002039693
-0.6153997052812636 | [-14.88  18.26] | 0.04853830887488274
-0.5676847046879013 | [-15.78  21.25] | 0.21316122108113475
-0.513776794501402 | [-16.79  24.15] | 0.34097002710997193
-0.45141254899545347 | [-18.09  27.18] | 0.42454043383859985
-0.3770738725365387 | [-19.82  30.55] | 0.4665157116062747
-0.2867742953417065 | [-21.97  34.27] | 0.47380444747614453
-0.17753755511585226 | [-24.2   37.94] | 0.44676063112777137
-0.050760827621847526 | [-25.41  40.07] | 0.3712348953085811
0.0843305315425335 | [-24.15  38.55] | 0.26942411464054145
0.2148693951400103 | [-20.88  34.25] | 0.1809824950216978
0.3351248290029519 | [-17.4   29.95] | 0.09382744323008595
0.4453054820871381 | [-14.2   26.25] | 0.0056811860859179025
0.5468970993835927 | [-11.3   23.06] | -0.08403955482920393
0.640757390618287 | [-8.5  20.09] | -0.19184393753117973
0.7257940220634302 | [-5.64 17.03] | -0.3314649046716816
0.7999004280046764 | [-2.71 13.75] | -0.5017824616354575
0.8612586411169024 | [ 0.24 10.33] | -0.3557601296309069
0.8689671585062005 | [ 14.03 -16.01] | -0.4451235926859301
0.8289895590691444 | [ 15.73 -19.21] | -0.2975569431753885
0.7827612871059303 | [ 17.   -21.75] | -0.13802985274910243
0.7317896229566269 | [ 18.08 -24.02] | -0.0033227843470419183
0.6753047626998147 | [ 19.23 -26.35] | 0.082649869639794
0.6107679737387277 | [ 20.63 -29.02] | 0.1097415933833806
0.5345292437205871 | [ 22.42 -32.17] | 0.07877267661861556
0.442596620689882 | [ 24.6  -35.82] | -0.0014334317077939196
0.3321153963789739 | [ 26.81 -39.49] | -0.11618512290657786
0.20471256699678467 | [ 27.96 -41.7 ] | -0.24361063146701714
0.06972085071968256 | [ 26.55 -40.43] | -0.33411515320454954
-0.060176347253232766 | [ 23.15 -36.49] | -0.3776711230112117
-0.17959421406459358 | [ 19.58 -32.56] | -0.4153566266851293
-0.2889224169038317 | [ 16.29 -29.2 ] | -0.45469602597147946
-0.3897195001048993 | [ 13.31 -26.33] | -0.4966418641966529
-0.4827888171339723 | [ 10.43 -23.67] | -0.5562629918585827
-0.5669882067344183 | [  7.48 -20.99] | -0.6462622943040905
-0.6402207939731099 | [  4.42 -18.21] | -0.7657873664283813
-0.7007132244468273 | [  1.34 -15.37] | -0.5885415089939559
-0.6930054796471296 | [-11.96  11.04] | -0.3489980874302909
-0.6563081716887824 | [-13.61  14.96] | -0.17493501844876502
-0.6122479423679135 | [-14.76  18.3 ] | 0.01576249411071435
-0.5627608555777858 | [-15.71  21.3 ] | 0.19096767401403947
-0.5074683012250347 | [-16.73  24.2 ] | 0.3301336566047921
-0.4440988082945294 | [-18.03  27.25] | 0.42596330208904787
-0.3691498775776347 | [-19.74  30.6 ] | 0.48122016143177504
-0.2786631379661494 | [-21.88  34.32] | 0.5024883805121652
-0.16964148817723207 | [-24.13  38.01] | 0.4884666715053439
-0.043269702332450755 | [-25.43  40.24] | 0.4204822974718134
0.09161489930962755 | [-24.31  38.9 ] | 0.31500317013054324
0.22216895808495918 | [-21.08  34.62] | 0.21892767460005885
0.34236884543526425 | [-17.59  30.27] | 0.12545251369723892
0.4524029129570937 | [-14.38  26.52] | 0.03175795587597298
0.5537954150340628 | [-11.46  23.3 ] | -0.062115611595002646
0.6474723648527152 | [-8.66 20.31] | -0.17236119844396824
0.732408786737241 | [-5.82 17.24] | -0.3132779181805675
0.8065256920922441 | [-2.89 13.96] | -0.48456408924738964
0.8679937893547771 | [ 0.05 10.54] | -0.5582413618639995
0.8696144662798682 | [ 14.23 -15.99] | -0.4202539746463059
0.8305490503677604 | [ 15.89 -19.19] | -0.2770020336645077
0.7850648093906476 | [ 17.1  -21.73] | -0.12195037515561956
0.734682089795345 | [ 18.15 -24.  ] | 0.008077269583971786
0.678645373944399 | [ 19.27 -26.34] | 0.08929505232903792
0.6144326773638793 | [ 20.66 -29.01] | 0.11164678451097831
0.5384124028324432 | [ 22.45 -32.17] | 0.07599296901477004
0.4466112520317157 | [ 24.62 -35.83] | -0.008735859326202494
0.3361941757731982 | [ 26.82 -39.51] | -0.12737029243038647
0.20881328558411208 | [ 27.95 -41.72] | -0.25693171402242376
0.07382731628074743 | [ 26.54 -40.44] | -0.3470732105963213
-0.05607215401075519 | [ 23.13 -36.5 ] | -0.38921541415208727
-0.17550457681286222 | [ 19.56 -32.56] | -0.42551825921179165
-0.2848538564716571 | [ 16.28 -29.21] | -0.46358963460825564
-0.38567359990859007 | [ 13.29 -26.33] | -0.5043628390732047
-0.4787704764365504 | [ 10.41 -23.68] | -0.5628681503968149
-0.563002946377823 | [  7.46 -21.  ] | -0.6517796858129712
-0.6362709948256535 | [  4.4  -18.21] | -0.7702361825402195
-0.6967976699716093 | [  1.32 -15.37] | -0.5754550944008585
-0.6895779974025436 | [-11.94  11.02] | -0.3502300800020194
-0.6527939488392 | [-13.6   14.94] | -0.17511916095341018
-0.6086576822201751 | [-14.76  18.3 ] | 0.01674665603412863
-0.5591099585513846 | [-15.71  21.3 ] | 0.19331878263415397
-0.5037764054504582 | [-16.72  24.21] | 0.3341043393258599
-0.4403881874649848 | [-18.02  27.25] | 0.43185570110983157
-0.36544383363287714 | [-19.73  30.61] | 0.48937444317455747
-0.27498387032025884 | [-21.87  34.33] | 0.5132027814230667
-0.16600435978133488 | [-24.11  38.03] | 0.5017130216653245
-0.039669967899738943 | [-25.43  40.27] | 0.43533216296886795
0.09520894871210693 | [-24.32  38.94] | 0.32959663262156563
0.22578717627059336 | [-21.09  34.67] | 0.2323098214425592
0.34601364473808033 | [-17.6   30.31] | 0.13757278913477838
0.4560690365969477 | [-14.39  26.55] | 0.04265051695795591
0.5574773228319079 | [-11.47  23.33] | -0.052365854389940104
0.6511705308322286 | [-8.67 20.34] | -0.16367096321182475
0.7361294081804143 | [-5.83 17.27] | -0.3056130413908746
0.8102762213963132 | [-2.91 13.98] | -0.4779292048454371
0.8717795220990604 | [ 0.03 10.56] | -0.55716071396913
0.8734891648885716 | [ 14.19 -15.96] | -0.42347740851015814
0.8344484457668082 | [ 15.86 -19.17] | -0.28126355653741564
0.788964386677252 | [ 17.08 -21.72] | -0.12689562332183463
0.7385769695180961 | [ 18.13 -23.99] | 0.0026263006375780995
0.6825479582235042 | [ 19.26 -26.33] | 0.0832969073204539
0.6183671473149558 | [ 20.65 -29.  ] | 0.10487155863627295
0.5424094707260475 | [ 22.43 -32.16] | 0.06808074946562834
0.4507018414856754 | [ 24.6  -35.82] | -0.018161964933700342
0.340395241002117 | [ 26.8 -39.5] | -0.13841204106580288
0.21309936442650465 | [ 27.95 -41.73] | -0.269023517570328
0.0781229596655657 | [ 26.55 -40.48] | -0.3592165804105226
-0.051828592893128356 | [ 23.15 -36.54] | -0.4004875118898965
-0.1713183277169839 | [ 19.58 -32.61] | -0.43566603784901253
-0.2807157955504267 | [ 16.29 -29.24] | -0.47267447344255653
-0.38157373056928773 | [ 13.3  -26.37] | -0.5123514520114166
-0.47471032393423446 | [ 10.42 -23.71] | -0.5696357666688989
-0.5589946922083712 | [  7.47 -21.03] | -0.6572440577408867
-0.6323288859275045 | [  4.41 -18.24] | -0.7744271116852178
-0.6929314044319415 | [  1.32 -15.4 ] | -0.7209963864940252
-0.6809526488634384 | [-12.63  11.3 ] | -0.2665325495106155
-0.6473139245725956 | [-14.06  15.16] | -0.10100198870735419
-0.6059107665437088 | [-15.04  18.45] | 0.07834376947927282
-0.5586108749319911 | [-15.89  21.41] | 0.2401952204168627
-0.5049716851214642 | [-16.87  24.3 ] | 0.36507663227719755
-0.44267346017300074 | [-18.17  27.33] | 0.4464361110423642
-0.36817612957299733 | [-19.9  30.7] | 0.4874593659269506
-0.2775081124117599 | [-22.05  34.44] | 0.49508383667747907
-0.16777951195535856 | [-24.26  38.09] | 0.4687116538049695
-0.04061186605347754 | [-25.41  40.13] | 0.3928231703835411
0.09451489325240975 | [-24.06  38.48] | 0.29060911383083
0.22479336121720228 | [-20.76  34.15] | 0.20095561163108602
0.34476097259328553 | [-17.29  29.87] | 0.11192150284938751
0.4546960916142065 | [-14.11  26.17] | 0.02202661251929458
0.5560903057240408 | [-11.21  22.99] | -0.06978678067412789
0.6497522161878044 | [-8.41 20.03] | -0.18031330448213514
0.7345405676840633 | [-5.55 16.95] | -0.322949369337983
0.8083373705192366 | [-2.62 13.66] | -0.4960397733125508
0.8693438050769813 | [ 0.32 10.24] | -0.45217239738494147
0.8656888928973405 | [ 14.05 -14.77] | -0.3596263745485671
0.8322148614915627 | [ 15.73 -18.24] | -0.23900374803967278
0.790720531184015 | [ 16.98 -21.01] | -0.09999655607514918
0.7432482020435625 | [ 18.04 -23.43] | 0.019648019198553884
0.6895221499720314 | [ 19.17 -25.86] | 0.09327829196719616
0.6273331710505393 | [ 20.55 -28.58] | 0.10813052455147384
0.5531946551237158 | [ 22.32 -31.78] | 0.06319202434666948
0.463130738776453 | [ 24.47 -35.49] | -0.03310720691920821
0.35414412375144366 | [ 26.68 -39.26] | -0.16350801895986705
0.22755472183014108 | [ 27.87 -41.62] | -0.3002452794831809
0.09249664471665932 | [ 26.55 -40.51] | -0.39013973491392473
-0.03813664983573864 | [ 23.18 -36.62] | -0.4265350929116009
-0.1585044069753246 | [ 19.62 -32.68] | -0.45619925346026735
-0.26878400816469705 | [ 16.33 -29.3 ] | -0.488560379274845
-0.3704568660567204 | [ 13.34 -26.41] | -0.5241244526847388
-0.4644004463518274 | [ 10.46 -23.75] | -0.577561287543208
-0.5495426309281715 | [  7.51 -21.08] | -0.6618547165084301
-0.6237811619228947 | [  4.45 -18.3 ] | -0.7766554156855265
-0.6852895748653184 | [  1.36 -15.46] | -0.4440669751100022
-0.6951692178547707 | [-12.18  11.69] | -0.37343456313937845
-0.6549483480400001 | [-13.76  15.5 ] | -0.18548992834195815
-0.6085430511320024 | [-14.87  18.72] | 0.014019118175213355
-0.5574814331975089 | [-15.79  21.63] | 0.19380259525738974
-0.5010123015167149 | [-16.8   24.49] | 0.33528500568370195
-0.4366097331380808 | [-18.11  27.51] | 0.4328324810691154
-0.3606283986975376 | [-19.84  30.86] | 0.49020322586069914
-0.26906374113791004 | [-21.99  34.57] | 0.5140743616604188
-0.15899977942168816 | [-24.22  38.23] | 0.5018262595945973
-0.03190357478156898 | [-25.45  40.34] | 0.43311218242861577
0.1030715978045795 | [-24.2  38.8] | 0.32663455316105416
0.23319069205469112 | [-20.93  34.46] | 0.22914471805969244
0.35285909500294454 | [-17.45  30.13] | 0.13374802062931582
0.46240668380128297 | [-14.25  26.4 ] | 0.03855631212047746
0.5633848474256691 | [-11.34  23.19] | -0.057105002047657644
0.6566393995749492 | [-8.54 20.2 ] | -0.16984882405387508
0.7410671516454699 | [-5.7  17.11] | -0.3135079134787939
0.8145775231559699 | [-2.77 13.82] | -0.48708106013600416
0.8753791505656582 | [ 0.16 10.39] | -0.681616480736135
0.8635200722580005 | [ 14.34 -14.98] | -0.3439426896728168
0.8300284620897548 | [ 15.94 -18.39] | -0.22298123744398413
0.788616219371051 | [ 17.12 -21.12] | -0.08513452826479018
0.741242321624971 | [ 18.14 -23.52] | 0.03203646910821806
0.687550353032272 | [ 19.24 -25.94] | 0.10260787074347828
0.6252814946035734 | [ 20.61 -28.66] | 0.1145001015397818
0.5509327394451002 | [ 22.38 -31.87] | 0.06718091913165741
0.460544959876971 | [ 24.53 -35.58] | -0.030655901232881005
0.35118871412404584 | [ 26.73 -39.34] | -0.16173849797375664
0.2243362716417574 | [ 27.88 -41.65] | -0.2983655985420376
0.08927772792092303 | [ 26.51 -40.45] | -0.3873861868052335
-0.04113749423952923 | [ 23.12 -36.54] | -0.42380370583651017
-0.16125084701452405 | [ 19.55 -32.61] | -0.45405760031802145
-0.27129855790488644 | [ 16.27 -29.24] | -0.4868874203912407
-0.3727732524766701 | [ 13.29 -26.36] | -0.5230196196057173
-0.4665212953610405 | [ 10.41 -23.7 ] | -0.5772681774506652
-0.5514388918659776 | [  7.46 -21.03] | -0.6624390832090779
-0.6254179116142944 | [  4.4  -18.25] | -0.7779070298902664
-0.686646096675425 | [  1.31 -15.41] | -0.44335994817962776
-0.6955264186875213 | [-12.31  12.01] | -0.3731572823659223
-0.654198896340583 | [-13.85  15.76] | -0.18104636002030017
-0.6070631461025502 | [-14.93  18.92] | 0.020153356192284394
-0.555466241766067 | [-15.85  21.81] | 0.19979739893560405
-0.4985024000639589 | [-16.86  24.65] | 0.34025582266072313
-0.4335444650058442 | [-18.18  27.67] | 0.43666880185289636
-0.35689634412322224 | [-19.92  31.03] | 0.49324375379239654
-0.2645562102616893 | [-22.09  34.75] | 0.516605748043725
-0.15370481237219932 | [-24.3   38.37] | 0.5032810897638437
-0.026067363561134343 | [-25.46  40.38] | 0.43245182936333404
0.10893339898657381 | [-24.11  38.68] | 0.32535337081087184
0.2386666685637489 | [-20.8  34.3] | 0.2276203622671109
0.35788620636132856 | [-17.33  29.99] | 0.1316236998321857
0.4670276982013098 | [-14.14  26.28] | 0.03612983233716109
0.5676601401838826 | [-11.24  23.08] | -0.06014682060196302
0.6605627284062711 | [-8.44 20.09] | -0.17410370236982833
0.7445707114442989 | [-5.6 17. ] | -0.3191499712272492
0.81758502929274 | [-2.67 13.7 ] | -0.49370695703666195
0.8778449767091161 | [ 0.27 10.27] | -0.5379102631816045
0.8685967287713783 | [ 13.79 -15.49] | -0.43576280367049836
0.8304525189210288 | [ 15.56 -18.83] | -0.29785771397014976
0.7852984137798542 | [ 16.88 -21.5 ] | -0.14352990790324582
0.7349268131055162 | [ 18.   -23.84] | -0.010258791696178299
0.678825486692625 | [ 19.15 -26.22] | 0.07652542152089825
0.6146333122289844 | [ 20.56 -28.89] | 0.10543369247561982
0.5388068169488076 | [ 22.34 -32.05] | 0.07651264498837848
0.4474019816936345 | [ 24.51 -35.7 ] | -0.0018784376497435473
0.33752602694169087 | [ 26.74 -39.39] | -0.1154175789171653
0.21060843813263827 | [ 27.96 -41.69] | -0.24296654679729812
0.07572188839668668 | [ 26.66 -40.56] | -0.3357459956308737
-0.054387937660831984 | [ 23.29 -36.66] | -0.3804437198848896
-0.17404010648614063 | [ 19.71 -32.71] | -0.41818635752794187
-0.2835530532222164 | [ 16.41 -29.34] | -0.45761000279574543
-0.38448517904244117 | [ 13.41 -26.45] | -0.4991761188907922
-0.47770145629484073 | [ 10.53 -23.79] | -0.5576359875868528
-0.5621174381000916 | [  7.59 -21.11] | -0.6460126905276504
-0.6356490322803793 | [  4.53 -18.33] | -0.7639956609518732
-0.696500175062794 | [  1.45 -15.49] | -0.7348764978361209
-0.6849648389595752 | [-12.32  10.96] | -0.29380404365517626
-0.6511899610279316 | [-13.86  14.89] | -0.12856505040217187
-0.6095025934335497 | [-14.91  18.23] | 0.053324577036885375
-0.5619260944760486 | [-15.8   21.23] | 0.21986382607043356
-0.5081649577501725 | [-16.78  24.13] | 0.35049588769172096
-0.4460040638377945 | [-18.06  27.16] | 0.4377946949687838
-0.37196515118603396 | [-19.77  30.52] | 0.4844208713713354
-0.28208496499083097 | [-21.91  34.24] | 0.4971889329880671
-0.1733538903843377 | [-24.14  37.93] | 0.47589822757616984
-0.04700017091285519 | [-25.41  40.14] | 0.4042611716963366
0.08798812767056877 | [-24.24  38.74] | 0.30100214858287744
0.21870264640433076 | [-20.99  34.47] | 0.2091295692842631
0.33915581702070335 | [-17.51  30.14] | 0.11899653055559305
0.44949283243166677 | [-14.31  26.41] | 0.027964116973164366
0.5511970099078844 | [-11.39  23.2 ] | -0.06405320172241441
0.6451807472060768 | [-8.6  20.23] | -0.17336264122808578
0.7304047995196727 | [-5.75 17.16] | -0.31408153906871195
0.8047743028117993 | [-2.82 13.89] | -0.48558539937461803
0.8664504481963675 | [ 0.12 10.47] | -0.5188750981132058
0.8699288812290014 | [ 14.54 -15.75] | -0.3675673097634696
0.8333520153442404 | [ 16.09 -18.98] | -0.23430613809605813
0.789891615810788 | [ 17.22 -21.55] | -0.08974800592281461
0.7411255972198766 | [ 18.23 -23.85] | 0.0292921459867643
0.6863466814434893 | [ 19.33 -26.22] | 0.09884383829627974
0.6230574466895806 | [ 20.72 -28.93] | 0.10853267669522332
0.5476247426681168 | [ 22.5  -32.14] | 0.05896509166772826
0.4560586203993521 | [ 24.67 -35.85] | -0.04048410099716651
0.3455428219299145 | [ 26.84 -39.55] | -0.17217554047732847
0.2178950320967729 | [ 27.89 -41.72] | -0.30764136220048954
0.08276658549244434 | [ 26.37 -40.32] | -0.39324956335152456
-0.04715041933357312 | [ 22.94 -36.35] | -0.42850966715955163
-0.16667330516821194 | [ 19.38 -32.44] | -0.45898349235177005
-0.2761827481107784 | [ 16.12 -29.1 ] | -0.49175987816506084
-0.37719842652055513 | [ 13.14 -26.23] | -0.528253813376413
-0.4704760535946313 | [ 10.26 -23.58] | -0.5836295106719528
-0.5548265154737904 | [  7.3 -20.9] | -0.6701810862657639
-0.6281299724891855 | [  4.24 -18.11] | -0.7865478063475697
-0.688616932839502 | [  1.15 -15.27] | -0.5272368880875616
-0.6831301727565035 | [-12.34  11.22] | -0.29918646325526427
-0.6481448551546078 | [-13.85  15.09] | -0.12900986530599967
-0.605610846375621 | [-14.92  18.41] | 0.05553662595106317
-0.5573911646654514 | [-15.82  21.39] | 0.22301599487091178
-0.5030370627082353 | [-16.82  24.28] | 0.3537019711899947
-0.44021921690485155 | [-18.13  27.33] | 0.44087661032298925
-0.36538666497090216 | [-19.86  30.7 ] | 0.4876322804445312
-0.27455564158492735 | [-22.02  34.44] | 0.5007431670656717
-0.16481004823376152 | [-24.24  38.1 ] | 0.4790863551894825
-0.03769953813884022 | [-25.41  40.18] | 0.4058182975481176
0.09740050472219777 | [-24.1   38.57] | 0.3027691625551374
0.22768883020989195 | [-20.8   34.24] | 0.21113209250754655
0.3476408933413505 | [-17.34  29.94] | 0.12043213332759525
0.45753671246999345 | [-14.15  26.24] | 0.029083745265897742
0.5588794647836253 | [-11.25  23.05] | -0.0638391114173161
0.6524894877548758 | [-8.45 20.08] | -0.17508417471089827
0.7372380662588389 | [-5.6 17. ] | -0.31818280370576757
0.81101448625727 | [-2.67 13.71] | -0.49166618924180694
0.8720200470068574 | [ 0.27 10.29] | -0.4658347256861574
0.8680731769242838 | [ 13.92 -14.78] | -0.3772713031611591
0.834022581015015 | [ 15.64 -18.26] | -0.25512248241531676
0.792019025112205 | [ 16.91 -21.03] | -0.11376219977662477
0.744127275379392 | [ 17.99 -23.45] | 0.00888432902693799
0.690092650705851 | [ 19.13 -25.87] | 0.08592532468542614
0.6277229182529707 | [ 20.51 -28.58] | 0.10443175918531747
0.5535453957383473 | [ 22.27 -31.76] | 0.06328248659048374
0.46359082107571314 | [ 24.43 -35.45] | -0.02930297778974922
0.3548350611311376 | [ 26.65 -39.22] | -0.15666874604996656
0.2284817819713102 | [ 27.88 -41.62] | -0.2923335398847874
0.09349447632505968 | [ 26.62 -40.59] | -0.38401124564073513
-0.037222297018168746 | [ 23.28 -36.73] | -0.42210607709426334
-0.15767035650140052 | [ 19.7  -32.77] | -0.45274558160584993
-0.26799712115350877 | [ 16.41 -29.38] | -0.4859776052915098
-0.3696898255526385 | [ 13.41 -26.48] | -0.522045506886202
-0.4636577791171164 | [ 10.53 -23.82] | -0.5754572871893006
-0.5488610746344623 | [  7.58 -21.15] | -0.6593904535128068
-0.6232076250084967 | [  4.53 -18.37] | -0.7738120220253414
-0.684861676655557 | [  1.44 -15.53] | -0.6007814394202784
-0.6899420621000787 | [-12.7   11.85] | -0.30033030007172795
-0.6527299854159867 | [-14.12  15.63] | -0.12306288658042128
-0.6088376675938874 | [-15.09  18.81] | 0.06419364917581849
-0.5597895109383841 | [-15.94  21.69] | 0.23056866892352837
-0.5048307254393375 | [-16.92  24.53] | 0.35801383424607075
-0.4414321322578784 | [-18.22  27.54] | 0.4412022719941639
-0.3659422516195756 | [-19.97  30.9 ] | 0.4840387930167882
-0.2743602019420121 | [-22.13  34.62] | 0.49351398524159856
-0.16385782949989627 | [-24.33  38.24] | 0.46816938842392797
-0.036229548418357856 | [-25.43  40.2 ] | 0.3915880531403141
0.09890170184746144 | [-24.02  38.44] | 0.2882718682810548
0.22884071840698347 | [-20.69  34.07] | 0.19737683761153424
0.348383029110063 | [-17.23  29.79] | 0.1072096726232112
0.45790599827986334 | [-14.05  26.11] | 0.0166547551297226
0.5589303497805195 | [-11.15  22.94] | -0.07577870926591684
0.6522168898559602 | [-8.35 19.96] | -0.1870599431827337
0.736581051044142 | [-5.5  16.88] | -0.3303306260618935
0.8099041951487436 | [-2.56 13.59] | -0.5036213721338956
0.8704153188209831 | [ 0.37 10.16] | -0.4764700938144316
0.8641407634463881 | [ 14.15 -15.22] | -0.3748631090880248
0.8287995325265517 | [ 15.81 -18.6 ] | -0.2466313770891921
0.7859480764229568 | [ 17.04 -21.29] | -0.10277468580026781
0.7374300369873088 | [ 18.1  -23.67] | 0.019385025646867643
0.6827785403440602 | [ 19.23 -26.08] | 0.09437647286704119
0.6196532861688777 | [ 20.63 -28.8 ] | 0.11059021584153589
0.5445026519261582 | [ 22.41 -32.  ] | 0.06787015135194524
0.4533574386253138 | [ 24.58 -35.71] | -0.024983812543387912
0.34334235176962447 | [ 26.78 -39.43] | -0.15129589895989004
0.21608309400799564 | [ 27.9  -41.67] | -0.2846741160282744
0.08101289801079867 | [ 26.47 -40.39] | -0.3727736007110135
-0.0491075762178993 | [ 23.06 -36.45] | -0.41072741074719876
-0.16885335713554495 | [ 19.5  -32.53] | -0.44314130227758297
-0.2785477957481876 | [ 16.22 -29.17] | -0.4778109865206298
-0.3797084371596868 | [ 13.24 -26.3 ] | -0.5157780009903611
-0.4731367026695095 | [ 10.37 -23.65] | -0.5720692335440907
-0.5576871928369856 | [  7.41 -20.97] | -0.6592828654783712
-0.6312500249041837 | [  4.35 -18.18] | -0.7764571520866362
-0.6920382411184679 | [  1.26 -15.34] | -0.5384477212955052
-0.6873255442570062 | [-12.1   10.87] | -0.315359875025036
-0.6528110242106362 | [-13.69  14.81] | -0.14767279769159447
-0.6104899736493767 | [-14.81  18.18] | 0.03702857973685812
-0.5623911752468341 | [-15.73  21.19] | 0.20669940973635653
-0.5082242257277009 | [-16.74  24.1 ] | 0.34052768678216644
-0.4457719764764378 | [-18.03  27.14] | 0.4308713384294921
-0.37154729600812797 | [-19.75  30.5 ] | 0.4802541850832958
-0.281572927093268 | [-21.89  34.23] | 0.49540537732890655
-0.1728177543593502 | [-24.13  37.92] | 0.47602198080326064
-0.04647252273549961 | [-25.41  40.14] | 0.4055573604509536
0.08851844683939937 | [-24.25  38.76] | 0.3023260486461721
0.2192524064695427 | [-21.01  34.49] | 0.21004946483928882
0.3397169364884343 | [-17.53  30.16] | 0.1196239221685797
0.45005576803882497 | [-14.32  26.43] | 0.028359212113254123
0.5517563273819307 | [-11.41  23.22] | -0.06380341230979666
0.645732679991311 | [-8.61 20.24] | -0.1731448056584638
0.7309487794307625 | [-5.76 17.18] | -0.3138207115497238
0.8053130465585796 | [-2.83 13.9 ] | -0.48527363172569116
0.8669881003160459 | [ 0.11 10.48] | -0.521926115190464
0.8704587215039414 | [ 14.49 -15.72] | -0.3725576025628837
0.8338072885648283 | [ 16.06 -18.97] | -0.2391394813585198
0.7902630433486312 | [ 17.2  -21.55] | -0.09400026802650993
0.7414233100030414 | [ 18.21 -23.85] | 0.02594191832048176
0.6865978986392376 | [ 19.32 -26.22] | 0.09657943126555776
0.623301204910471 | [ 20.7  -28.92] | 0.10743238200226457
0.547907102314032 | [ 22.48 -32.12] | 0.05903394526308367
0.45642639831142084 | [ 24.65 -35.82] | -0.03932909891701461
0.34602708317495046 | [ 26.83 -39.53] | -0.17019611189689698
0.21847575717198114 | [ 27.89 -41.72] | -0.3054837886699204
0.08336240799117539 | [ 26.4  -40.35] | -0.3917421803021425
-0.04660371180338595 | [ 22.97 -36.39] | -0.42745938676226647
-0.16617712787606778 | [ 19.41 -32.47] | -0.4581451051708809
-0.2757258893143819 | [ 16.14 -29.12] | -0.49111964672116487
-0.3767702755171063 | [ 13.17 -26.26] | -0.5276888291088535
-0.47007865606985877 | [ 10.29 -23.6 ] | -0.5829680585408388
-0.55447381365435 | [  7.33 -20.92] | -0.6693325728813848
-0.6278387706641845 | [  4.27 -18.14] | -0.7855407123028345
-0.6883994851687972 | [  1.18 -15.29] | -0.5314885251471948
-0.6830685429588899 | [-12.27  11.12] | -0.3040656513494829
-0.6481604925258658 | [-13.81  15.02] | -0.13412797735948578
-0.6056433946420137 | [-14.89  18.35] | 0.050903599681594865
-0.5574243354196546 | [-15.79  21.34] | 0.21945358572330015
-0.50309607263854 | [-16.8   24.24] | 0.35154012740345914
-0.44035861089130013 | [-18.1   27.28] | 0.44023301800201065
-0.36567782305375135 | [-19.83  30.66] | 0.4884971317665696
-0.2750716118733251 | [-21.98  34.39] | 0.503077698809542
-0.16559191799249096 | [-24.21  38.06] | 0.48292978997251157
-0.038688279428228146 | [-25.41  40.18] | 0.4109153616512432
0.09638350097957993 | [-24.14  38.63] | 0.3076499480332261
0.2267912820903394 | [-20.86  34.32] | 0.21539209633898532
0.3468776548564805 | [-17.39  30.01] | 0.12429987223836657
0.45688779615858344 | [-14.2  26.3] | 0.03253095235562932
0.558321724885362 | [-11.29  23.11] | -0.06059308787110567
0.6520260783148507 | [-8.5  20.13] | -0.17170866306973825
0.7368974066437595 | [-5.65 17.05] | -0.3145295556516193
0.8108301067383248 | [-2.72 13.77] | -0.487836147652769
0.872014846057736 | [ 0.22 10.34] | -0.3626929790341584
0.8788023291722643 | [ 14.   -16.22] | -0.4612006396921303
0.8377914846668623 | [ 15.71 -19.37] | -0.31152312112586217
0.7908018345046717 | [ 16.98 -21.88] | -0.1511754271255776
0.7392438247583755 | [ 18.07 -24.13] | -0.01685363911504642
0.6822659749969365 | [ 19.23 -26.46] | 0.06780269819075688
0.6172781601593291 | [ 20.64 -29.12] | 0.0928925811140969
0.5406081891121958 | [ 22.44 -32.28] | 0.05940865257372224
0.44827010116649746 | [ 24.62 -35.93] | -0.023648528498373317
0.33745101455120663 | [ 26.83 -39.59] | -0.1411308049028876
0.20986150235366055 | [ 27.96 -41.77] | -0.2698932849256961
0.07489279821931459 | [ 26.53 -40.46] | -0.35933764605297586
-0.05482304902324875 | [ 23.11 -36.51] | -0.40112048823966173
-0.1740156901555737 | [ 19.54 -32.57] | -0.43708420670147263
-0.2831227257169768 | [ 16.25 -29.22] | -0.4746240430145519
-0.38371802036299063 | [ 13.26 -26.35] | -0.5148050991980007
-0.4765852756807567 | [ 10.39 -23.69] | -0.5726615994265387
-0.5605650799806825 | [  7.43 -21.  ] | -0.6607450972149974
-0.6335616059111596 | [  4.37 -18.21] | -0.7781051590277611
-0.6938142008211894 | [  1.29 -15.37] | -0.6462684645918023
-0.683156607394947 | [-12.25  11.36] | -0.3279546143903762
-0.6462669788256535 | [-13.8   15.22] | -0.1512229514663133
-0.6022016805842069 | [-14.89  18.52] | 0.0397911100612778
-0.5527549504971041 | [-15.81  21.49] | 0.21369051926390653
-0.4974148879803121 | [-16.81  24.39] | 0.35108125562695747
-0.4338179700587523 | [-18.11  27.43] | 0.4456397644146807
-0.358412038026468 | [-19.84  30.8 ] | 0.5007209525185244
-0.26723804701344145 | [-21.99  34.54] | 0.5228661824125433
-0.15740034424694788 | [-24.22  38.2 ] | 0.5095161329567799
-0.03039030557918839 | [-25.43  40.32] | 0.4404527553785745
0.10458306782164331 | [-24.18  38.77] | 0.3344648304620712
0.23475152883459124 | [-20.9   34.44] | 0.23746651021976625
0.35451141012281706 | [-17.43  30.11] | 0.14217549266717372
0.46416905552610954 | [-14.23  26.38] | 0.046864933223301056
0.5652599691291257 | [-11.32  23.18] | -0.04914391796726939
0.6586300088739859 | [-8.53 20.19] | -0.16250919880247994
0.7431747683191536 | [-5.68 17.11] | -0.3070249757227193
0.8167979026541871 | [-2.76 13.81] | -0.4815861135315172
0.8777020570339984 | [ 0.18 10.38] | -0.6668698344553812
0.8665624607498353 | [ 14.42 -14.9 ] | -0.32831722040316386
0.8338325142085871 | [ 16.   -18.32] | -0.2109614050597924
0.793046251412918 | [ 17.15 -21.06] | -0.07696610485598639
0.7461760049823407 | [ 18.16 -23.47] | 0.03609447355643258
0.6928797328841946 | [ 19.25 -25.9 ] | 0.1021886177375021
0.6309073047936022 | [ 20.63 -28.64] | 0.10907306405863884
0.5567565345186408 | [ 22.39 -31.86] | 0.056080893981321295
0.46646347779987746 | [ 24.54 -35.59] | -0.04794260336926687
0.35710136958145683 | [ 26.73 -39.36] | -0.18470859177054097
0.2301834097288683 | [ 27.85 -41.66] | -0.32417253749958047
0.09507848481503164 | [ 26.45 -40.44] | -0.411664214270288
-0.03535751355688641 | [ 23.06 -36.52] | -0.44513338371870786
-0.15551432569291598 | [ 19.5  -32.59] | -0.4726669680605589
-0.2656241283367501 | [ 16.22 -29.22] | -0.502982798832827
-0.3671688095457032 | [ 13.24 -26.34] | -0.536926022323561
-0.46098314227781745 | [ 10.36 -23.69] | -0.5893043722471619
-0.5459518321407169 | [  7.4  -21.01] | -0.6728064227600279
-0.6199608813013037 | [  4.34 -18.23] | -0.7866904761211237
-0.6811987172385435 | [  1.25 -15.39] | -0.4311380591748906
-0.6906401594930733 | [-12.42  12.06] | -0.35675565280043836
-0.6498955708041704 | [-13.93  15.79] | -0.16592162315546913
-0.6032617691423205 | [-14.98  18.95] | 0.03352371292830702
-0.5520741215218503 | [-15.88  21.83] | 0.21116366339825562
-0.49541468044356135 | [-16.89  24.67] | 0.3496049931696722
-0.4306450286272449 | [-18.21  27.7 ] | 0.44415412208714367
-0.35405812148403004 | [-19.96  31.06] | 0.4991085589771715
-0.26164610824236145 | [-22.12  34.79] | 0.5211017072424659
-0.15061340097959713 | [-24.33  38.41] | 0.5065291837607375
-0.02278801062639784 | [-25.45  40.37] | 0.4347586649066924
0.11226131175843337 | [-24.05  38.6 ] | 0.3282635395085999
0.24192641239926566 | [-20.72  34.21] | 0.23131164544807406
0.361091630707723 | [-17.26  29.91] | 0.1356090529655806
0.4702106237636749 | [-14.08  26.21] | 0.04029033136406596
0.5708440238358228 | [-11.18  23.02] | -0.05621702234969024
0.6637407313733961 | [-8.39 20.04] | -0.17095786515886763
0.7477085322250918 | [-5.54 16.94] | -0.31712284812364905
0.8206404165355361 | [-2.61 13.63] | -0.4928022359746628
0.8807841717381848 | [ 0.32 10.2 ] | -0.520931948594744
0.8716761702475776 | [ 13.97 -15.6 ] | -0.4194224910186545
0.8338091281339255 | [ 15.69 -18.9 ] | -0.28312913889756675
0.7889736744870163 | [ 16.97 -21.55] | -0.13215592682811061
0.738883869158019 | [ 18.06 -23.88] | -0.003802277448026428
0.6829545259863267 | [ 19.21 -26.27] | 0.07692063288274867
0.618771520267017 | [ 20.62 -28.96] | 0.09894648859830443
0.5427579087231654 | [ 22.41 -32.15] | 0.06253446414127609
0.4509626554463442 | [ 24.59 -35.82] | -0.02357026777960647
0.3405570959973973 | [ 26.8  -39.51] | -0.14384400585088816
0.21319290877035293 | [ 27.94 -41.73] | -0.27426697932611077
0.07822933588442654 | [ 26.53 -40.46] | -0.3638305731003869
-0.05164286805196839 | [ 23.12 -36.52] | -0.40465079543210086
-0.17104411910485925 | [ 19.55 -32.59] | -0.4395268785311578
-0.2803621115885864 | [ 16.27 -29.23] | -0.47619810031874676
-0.38115318382951024 | [ 13.28 -26.36] | -0.5156122606553744
-0.47421956672427573 | [ 10.4 -23.7] | -0.5727369441689683
-0.5584177755276412 | [  7.45 -21.02] | -0.660201921483042
-0.631649707536523 | [  4.39 -18.23] | -0.7771614523988393
-0.6921414090587005 | [  1.3  -15.39] | -0.584498371296751
-0.684521969615248 | [-11.97  11.05] | -0.3482502166933069
-0.6476460001074014 | [-13.61  14.97] | -0.17179405504982861
-0.603446276816076 | [-14.77  18.32] | 0.021222074431714956
-0.5538499739872639 | [-15.72  21.33] | 0.19894464245043214
-0.49847012811666935 | [-16.73  24.24] | 0.34111263378271883
-0.435029683667594 | [-18.02  27.29] | 0.440677451472376
-0.36002357338598545 | [-19.73  30.65] | 0.5005672313117469
-0.26949359010253565 | [-21.87  34.38] | 0.5272667071811249
-0.1604447802800279 | [-24.12  38.07] | 0.518603739878762
-0.03406347284206521 | [-25.42  40.32] | 0.4537768807491498
0.1008177458149555 | [-24.31  38.97] | 0.3476118127843491
0.2313604442488967 | [-21.08  34.69] | 0.248829111411836
0.3515432706779704 | [-17.59  30.33] | 0.15245079964624836
0.4615577468763477 | [-14.38  26.57] | 0.05597194577361865
0.5629303818571887 | [-11.46  23.35] | -0.040558581054068385
0.6565881630055456 | [-8.67 20.35] | -0.1534013038778605
0.7415066146795778 | [-5.83 17.27] | -0.29689226276135827
0.8156072275151559 | [-2.91 13.99] | -0.4707073694178488
0.8770611198553567 | [ 0.02 10.56] | -0.5560976228492245
0.8785801883032536 | [ 14.19 -16.02] | -0.42617845559099315
0.8393355286789053 | [ 15.86 -19.21] | -0.28427319356891595
0.7937128356352219 | [ 17.08 -21.75] | -0.13069051689020927
0.7432224282058685 | [ 18.13 -24.02] | -0.0024556501878690157
0.6871003505871391 | [ 19.26 -26.36] | 0.07646419675432524
0.6228195323236123 | [ 20.65 -29.03] | 0.0958515719399321
0.5467465865540223 | [ 22.44 -32.2 ] | 0.05645445087682341
0.4549090772053824 | [ 24.6  -35.86] | -0.0327040922248987
0.3444738132350878 | [ 26.81 -39.55] | -0.1556971049462183
0.21709153383631852 | [ 27.94 -41.76] | -0.28767970351284045
0.08211257175039016 | [ 26.53 -40.49] | -0.377015303665799
-0.04777512889869899 | [ 23.12 -36.55] | -0.4166810547414058
-0.16718996282185056 | [ 19.54 -32.61] | -0.4503233110761884
-0.27651887663150504 | [ 16.26 -29.25] | -0.4858266740268796
-0.377317882434873 | [ 13.27 -26.37] | -0.524099693818914
-0.47039462705193835 | [ 10.39 -23.71] | -0.5800624968467241
-0.554608510766385 | [  7.44 -21.03] | -0.6663419624378439
-0.6278604089830908 | [  4.38 -18.24] | -0.7821239608539391
-0.6883738451176665 | [  1.29 -15.4 ] | -0.5852161925590187
-0.6808097673133049 | [-11.98  11.04] | -0.34623911922263406
-0.6440050225470793 | [-13.62  14.97] | -0.1692790322341658
-0.5998596538243917 | [-14.77  18.32] | 0.024296784480803725
-0.5503065487566242 | [-15.72  21.33] | 0.20273787228680235
-0.4949641081955498 | [-16.73  24.24] | 0.345862798977753
-0.43155888364665174 | [-18.02  27.29] | 0.4466860885500335
-0.35658748324385114 | [-19.73  30.66] | 0.5081774164016974
-0.26609133595639656 | [-21.87  34.39] | 0.5367878148272934
-0.15707221005858937 | [-24.11  38.09] | 0.5300642899301351
-0.030709039390179438 | [-25.42  40.34] | 0.4664606017028991
0.1041721192682063 | [-24.3  39. ] | 0.3601361986035069
0.23472952115216794 | [-21.08  34.72] | 0.2604378986999355
0.35493112308812924 | [-17.6   30.36] | 0.1630500428046856
0.46496393633227245 | [-14.39  26.59] | 0.06557368490361809
0.5663530627253057 | [-11.47  23.37] | -0.031924025803777914
0.6600272967131195 | [-8.68 20.37] | -0.14572252840719518
0.7449639932581197 | [-5.84 17.29] | -0.29018003582258284
0.819084734803201 | [-2.92 14.  ] | -0.4649730172212785
0.8805595320187448 | [ 0.01 10.57] | -0.5533562714634361
0.8821885656534194 | [ 14.18 -15.99] | -0.4264438966301392
0.8430379995199332 | [ 15.85 -19.2 ] | -0.285776078352021
0.7974829842279416 | [ 17.07 -21.74] | -0.13329549571772825
0.7470446606205748 | [ 18.12 -24.01] | -0.006155174646838485
0.6909683967482035 | [ 19.25 -26.35] | 0.07152518194109735
0.6267331396122218 | [ 20.65 -29.02] | 0.0893893535431623
0.5507082773279204 | [ 22.43 -32.2 ] | 0.048087181922583516
0.4589207912097222 | [ 24.59 -35.86] | -0.04333135390287099
0.3485317236534929 | [ 26.8  -39.55] | -0.1685517656778651
0.22117830170487274 | [ 27.93 -41.78] | -0.30179820204526486
0.08619855558789499 | [ 26.52 -40.51] | -0.390806234916094
-0.043713016979096055 | [ 23.11 -36.57] | -0.42925116712735073
-0.16315652872285527 | [ 19.54 -32.63] | -0.46156244808585
-0.272512511459373 | [ 16.25 -29.27] | -0.495807430159204
-0.373335410790261 | [ 13.26 -26.39] | -0.5328659212073258
-0.4664362609312447 | [ 10.38 -23.73] | -0.5875997911710024
-0.5506775395777624 | [  7.43 -21.05] | -0.672629748373032
-0.6239603206748527 | [  4.37 -18.26] | -0.7871814417776608
-0.6845063308989744 | [  1.28 -15.41] | -0.588145350992184
-0.6769988409555745 | [-11.99  11.02] | -0.3426516860760342
-0.640389535118785 | [-13.63  14.95] | -0.16561747809328817
-0.5963938183045042 | [-14.78  18.31] | 0.02814948092017828
-0.5469578701217637 | [-15.72  21.32] | 0.20699475007895435
-0.4917127160298709 | [-16.73  24.24] | 0.3507868190724716
-0.42839346938390943 | [-18.02  27.29] | 0.4525726651970302
-0.3535008345623317 | [-19.72  30.66] | 0.5153430664366452
-0.2630758695358012 | [-21.86  34.39] | 0.5455226161100712
-0.15411450426359435 | [-24.1  38.1] | 0.5404461925950054
-0.027783577428636297 | [-25.41  40.36] | 0.47795164963358294
0.10709926911990766 | [-24.3   39.02] | 0.3715753224776795
0.23768514300148103 | [-21.08  34.74] | 0.27115638331290937
0.35792412217484404 | [-17.6   30.38] | 0.1729395660595025
0.46799460457978864 | [-14.39  26.62] | 0.07461535203662756
0.5694184554480278 | [-11.47  23.38] | -0.02372164781168437
0.6631271633174414 | [-8.68 20.39] | -0.1383642354816278
0.7481008916622516 | [-5.85 17.31] | -0.28369550885767253
0.8222611042311057 | [-2.93 14.01] | -0.45939640121680175
0.8837757739532751 | [2.95e-03 1.06e+01] | -0.5491729121002504
0.8856246917572284 | [ 14.17 -15.95] | -0.4248656809275184
0.8466935056370045 | [ 15.84 -19.17] | -0.28591714038061417
0.8013006250484569 | [ 17.06 -21.72] | -0.13490553823669243
0.7509878707711398 | [ 18.12 -23.99] | -0.009136598853545369
0.6950184060659856 | [ 19.25 -26.34] | 0.06706965744357314
0.6308825316504881 | [ 20.64 -29.01] | 0.08317230760218453
0.5549546339310968 | [ 22.42 -32.18] | 0.03968943705967862
0.46326039460224827 | [ 24.58 -35.86] | -0.054308866401223094
0.35295108004995956 | [ 26.78 -39.55] | -0.18206861291662713
0.22564338585539528 | [ 27.92 -41.79] | -0.31676850999566886
0.0906595745293895 | [ 26.52 -40.54] | -0.40544215864355826
-0.03929418503683144 | [ 23.11 -36.6 ] | -0.4425288008549842
-0.15878988084782308 | [ 19.54 -32.66] | -0.47335689831613115
-0.26819671333684336 | [ 16.25 -29.29] | -0.506214595281812
-0.36906564879627796 | [ 13.26 -26.41] | -0.5419455320142242
-0.4622126035834684 | [ 10.38 -23.75] | -0.5953477730642717
-0.5465044880282593 | [  7.42 -21.06] | -0.679042215699382
-0.6198423206064665 | [  4.36 -18.27] | -0.7923030808784535
-0.6804448191097848 | [  1.27 -15.43] | -0.5862045026437683
-0.6732674040790196 | [-11.99  10.97] | -0.3399724219481697
-0.636909950060367 | [-13.63  14.92] | -0.16306246747501868
-0.593097464441532 | [-14.78  18.29] | 0.030880266022098042
-0.5438020219656181 | [-15.71  21.3 ] | 0.2102613715734365
-0.48867921311570417 | [-16.72  24.22] | 0.3549225431492517
-0.42548079650315834 | [-18.01  27.28] | 0.45787580668325323
-0.35071558757254206 | [-19.71  30.65] | 0.5220922269902271
-0.26042388177210496 | [-21.84  34.38] | 0.5539715934315785
-0.1515875122741359 | [-24.08  38.1 ] | 0.5507069433571153
-0.02533840200979083 | [-25.4   40.37] | 0.4895697078150855
0.10954042802580405 | [-24.31  39.06] | 0.3832273954212727
0.24018743722166241 | [-21.09  34.78] | 0.2820940004057874
0.36050305224430695 | [-17.61  30.42] | 0.18308755298590676
0.47064663353715275 | [-14.4   26.65] | 0.08393055251182685
0.5721350029687262 | [-11.49  23.41] | -0.01520429991563027
0.6659078960723125 | [-8.7  20.41] | -0.13059150811803674
0.7509541167364796 | [-5.86 17.33] | -0.2766747076184318
0.825196204377076 | [-2.95 14.04] | -0.45319275264177133
0.8867976177745011 | [-0.02 10.6 ] | -0.5443228116754137
0.8890412907294079 | [ 14.14 -15.85] | -0.423353759680671
0.8504786558731687 | [ 15.82 -19.09] | -0.28677593467689005
0.8053425472854833 | [ 17.04 -21.66] | -0.13741954500303127
0.7552236672834224 | [ 18.1  -23.95] | -0.012840009881012096
0.6994278520582883 | [ 19.23 -26.29] | 0.06227851847118843
0.6354733722498951 | [ 20.62 -28.97] | 0.07706862893238742
0.5597481799143362 | [ 22.39 -32.15] | 0.031816512613554115
0.46827640655626535 | [ 24.55 -35.82] | -0.06445747752801426
0.35818288694493516 | [ 26.76 -39.53] | -0.19461251651921657
0.23101755424588638 | [ 27.91 -41.8 ] | -0.33089437714488534
0.09603654213566198 | [ 26.53 -40.58] | -0.4196975224942479
-0.03402521156139422 | [ 23.13 -36.65] | -0.45559056942742915
-0.15364918191710697 | [ 19.55 -32.71] | -0.4848967082636133
-0.2631748230714074 | [ 16.26 -29.33] | -0.5163574352335877
-0.3641468326759292 | [ 13.27 -26.45] | -0.5506928716688025
-0.45739805335806305 | [ 10.39 -23.78] | -0.6025875792279736
-0.5418111530696214 | [  7.44 -21.1 ] | -0.6847286176934008
-0.6152888825440032 | [  4.38 -18.31] | -0.7965376876870449
-0.6760415943124709 | [  1.28 -15.46] | -0.7185598127534112
-0.664842612836683 | [-12.62  11.17] | -0.2593446541926728
-0.631819451797942 | [-14.05  15.06] | -0.09249060223958595
Total reward: -112.20172374069092
