-2.8, -2.8, 3.8, -3.8, 5.8, -4.8, 4.8, 3.8, 5.8, 4.8
parameter ends

state | action | reward
[-0.02] | 0 | 1.0
-0.01624646596610546 | 1 | 1.0
-0.02033679001033306 | 0 | 1.0
-0.02051232010126114 | 1 | 1.0
-0.024578625336289406 | 0 | 1.0
-0.024731827899813652 | 1 | 1.0
-0.028777651488780975 | 0 | 1.0
-0.02891181968152523 | 1 | 1.0
-0.032940153032541275 | 0 | 1.0
-0.03305806964635849 | 1 | 1.0
-0.03707144036889076 | 0 | 1.0
-0.03717544302344322 | 1 | 1.0
-0.0411759689450264 | 0 | 1.0
-0.04126801714301109 | 1 | 1.0
-0.04525747522711754 | 0 | 1.0
-0.045339200645685196 | 1 | 1.0
-0.0493190735578537 | 0 | 1.0
-0.04939183592796326 | 1 | 1.0
-0.053363341838121414 | 0 | 1.0
-0.05342824384570122 | 1 | 1.0
-0.057392384856939316 | 0 | 1.0
-0.05745032802224159 | 1 | 1.0
-0.061407897621393204 | 0 | 1.0
-0.06145960092544556 | 1 | 1.0
-0.06541122496128082 | 0 | 1.0
-0.06545723229646683 | 1 | 1.0
-0.06940338015556335 | 0 | 1.0
-0.06944408267736435 | 1 | 1.0
-0.0733850747346878 | 0 | 1.0
-0.07342073321342468 | 1 | 1.0
-0.07735677063465118 | 0 | 1.0
-0.07738751173019409 | 1 | 1.0
-0.08131864666938782 | 0 | 1.0
-0.08134447783231735 | 1 | 1.0
-0.08527065813541412 | 0 | 1.0
-0.08529145270586014 | 1 | 1.0
-0.08921248465776443 | 0 | 1.0
-0.08922800421714783 | 1 | 1.0
-0.09314358234405518 | 0 | 1.0
-0.0931534394621849 | 1 | 1.0
-0.09706311672925949 | 0 | 1.0
-0.09706681221723557 | 1 | 1.0
-0.10097000002861023 | 0 | 1.0
-0.10096686333417892 | 1 | 1.0
-0.10486282408237457 | 0 | 1.0
-0.10485202819108963 | 1 | 1.0
-0.10873984545469284 | 0 | 1.0
-0.10872039198875427 | 1 | 1.0
-0.11259894073009491 | 0 | 1.0
-0.11256961524486542 | 1 | 1.0
-0.11643758416175842 | 0 | 1.0
-0.1163969486951828 | 1 | 1.0
-0.12025275081396103 | 0 | 1.0
-0.12019909918308258 | 1 | 1.0
-0.1240408718585968 | 0 | 1.0
-0.12397218495607376 | 1 | 1.0
-0.12779773771762848 | 0 | 1.0
-0.127711683511734 | 1 | 1.0
-0.1315184384584427 | 0 | 1.0
-0.13141223788261414 | 1 | 1.0
-0.1351972073316574 | 0 | 1.0
-0.1350676417350769 | 1 | 1.0
-0.13882730901241302 | 0 | 1.0
-0.1386706531047821 | 1 | 1.0
-0.14240090548992157 | 0 | 1.0
-0.14221280813217163 | 1 | 1.0
-0.1459089070558548 | 1 | 1.0
-0.14568431675434113 | 0 | 1.0
-0.14153870940208435 | 1 | 1.0
-0.14127187430858612 | 0 | 1.0
-0.137078657746315 | 1 | 1.0
-0.13675646483898163 | 0 | 1.0
-0.13250254094600677 | 1 | 1.0
-0.132111057639122 | 1 | 1.0
-0.12778259813785553 | 0 | 1.0
-0.11951662600040436 | 1 | 1.0
Total reward: 76.0
-2.8, -2.8, 3.8, -3.8, 5.8, -4.8, 4.8, 3.8, 5.8, 4.8
parameter ends

state | action | reward
[-0.03] | 0 | 1.0
-0.03249777480959892 | 1 | 1.0
-0.036812759935855865 | 0 | 1.0
-0.03721573203802109 | 1 | 1.0
-0.04151275381445885 | 0 | 1.0
-0.041899532079696655 | 1 | 1.0
-0.046182241290807724 | 0 | 1.0
-0.04655630141496658 | 1 | 1.0
-0.050827957689762115 | 0 | 1.0
-0.05119241774082184 | 1 | 1.0
-0.05545596778392792 | 0 | 1.0
-0.05581366643309593 | 1 | 1.0
-0.06007182225584984 | 0 | 1.0
-0.06042539328336716 | 1 | 1.0
-0.06468069553375244 | 0 | 1.0
-0.06503263860940933 | 1 | 1.0
-0.06928753107786179 | 0 | 1.0
-0.06964026391506195 | 1 | 1.0
-0.07389714568853378 | 0 | 1.0
-0.07425308227539062 | 1 | 1.0
-0.07851436734199524 | 0 | 1.0
-0.07887597382068634 | 1 | 1.0
-0.0831441730260849 | 0 | 1.0
-0.0835140198469162 | 1 | 1.0
-0.08779176324605942 | 0 | 1.0
-0.08817259967327118 | 1 | 1.0
-0.09246273338794708 | 0 | 1.0
-0.09285753965377808 | 1 | 1.0
-0.09716317802667618 | 0 | 1.0
-0.09757526963949203 | 0 | 1.0
-0.10189985483884811 | 1 | 1.0
-0.11013700813055038 | 0 | 1.0
-0.11448438465595245 | 1 | 1.0
-0.12274924665689468 | 0 | 1.0
-0.12713035941123962 | 1 | 1.0
-0.1354338824748993 | 0 | 1.0
-0.13986024260520935 | 1 | 1.0
-0.14821398258209229 | 0 | 1.0
-0.1526978760957718 | 0 | 1.0
-0.1611141413450241 | 1 | 1.0
-0.17346365749835968 | 0 | 1.0
-0.18195530772209167 | 1 | 1.0
Total reward: 42.0
-2.8, -2.8, 3.8, -3.8, 5.8, -4.8, 4.8, 3.8, 5.8, 4.8
parameter ends

state | action | reward
[-0.02] | 0 | 1.0
-0.021400952711701393 | 1 | 1.0
-0.02590249292552471 | 0 | 1.0
-0.026513971388339996 | 0 | 1.0
-0.031040670350193977 | 1 | 1.0
-0.03948240727186203 | 0 | 1.0
-0.04403704032301903 | 1 | 1.0
-0.05251110717654228 | 0 | 1.0
-0.05710369348526001 | 1 | 1.0
-0.06562020629644394 | 0 | 1.0
-0.07026145607233047 | 1 | 1.0
-0.07883122563362122 | 0 | 1.0
-0.08353272080421448 | 1 | 1.0
-0.092167429625988 | 0 | 1.0
-0.0969417542219162 | 0 | 1.0
-0.10565398633480072 | 1 | 1.0
-0.11830455809831619 | 0 | 1.0
Total reward: 17.0
-2.8, -2.8, 3.8, -3.8, 5.8, -4.8, 4.8, 3.8, 5.8, 4.8
parameter ends

state | action | reward
[0.03] | 0 | 1.0
0.029813295230269432 | 1 | 1.0
0.026739593595266342 | 0 | 1.0
0.027575254440307617 | 1 | 1.0
0.024514002725481987 | 0 | 1.0
0.025360487401485443 | 1 | 1.0
0.02230837196111679 | 0 | 1.0
0.023162489756941795 | 0 | 1.0
0.020116467028856277 | 1 | 1.0
0.013170416466891766 | 0 | 1.0
0.01012764498591423 | 1 | 1.0
0.003180116880685091 | 0 | 1.0
0.00013118980859871954 | 1 | 1.0
-0.006827049423009157 | 0 | 1.0
-0.009891558438539505 | 1 | 1.0
-0.016869863495230675 | 0 | 1.0
-0.01995961368083954 | 1 | 1.0
-0.026967650279402733 | 0 | 1.0
-0.030092740431427956 | 1 | 1.0
-0.03714067116379738 | 0 | 1.0
-0.04031183570623398 | 0 | 1.0
-0.04741048440337181 | 1 | 1.0
-0.058437641710042953 | 0 | 1.0
-0.06559843569993973 | 1 | 1.0
-0.07669443637132645 | 0 | 1.0
-0.08393585681915283 | 0 | 1.0
Total reward: 26.0
-2.8, -2.8, 3.8, -3.8, 5.8, -4.8, 4.8, 3.8, 5.8, 4.8
parameter ends

state | action | reward
[-0.03] | 0 | 1.0
-0.0283274594694376 | 1 | 1.0
-0.03266506269574165 | 0 | 1.0
-0.033107656985521317 | 0 | 1.0
-0.03746148198843002 | 1 | 1.0
-0.04572661221027374 | 0 | 1.0
-0.05010054633021355 | 1 | 1.0
-0.05839076638221741 | 0 | 1.0
-0.06279575824737549 | 1 | 1.0
-0.07112200558185577 | 0 | 1.0
-0.0755695179104805 | 1 | 1.0
-0.08394328504800797 | 0 | 1.0
-0.0884455144405365 | 1 | 1.0
-0.0968790054321289 | 0 | 1.0
-0.10144900530576706 | 0 | 1.0
-0.10995526611804962 | 1 | 1.0
-0.12239839136600494 | 0 | 1.0
Total reward: 17.0
-2.8, -2.8, 3.8, -3.8, 5.8, -4.8, 4.8, 3.8, 5.8, 4.8
parameter ends

state | action | reward
[-0.01] | 0 | 1.0
-0.011582421138882637 | 1 | 1.0
-0.015307105146348476 | 0 | 1.0
-0.015117148868739605 | 1 | 1.0
-0.01881781965494156 | 0 | 1.0
-0.018604913726449013 | 1 | 1.0
-0.02228374220430851 | 0 | 1.0
-0.02204979956150055 | 1 | 1.0
-0.02570839412510395 | 0 | 1.0
-0.025454776361584663 | 1 | 1.0
-0.029094217345118523 | 0 | 1.0
-0.028821779415011406 | 1 | 1.0
-0.03244265913963318 | 0 | 1.0
-0.03215176612138748 | 1 | 1.0
-0.03575420007109642 | 0 | 1.0
-0.03544475883245468 | 1 | 1.0
-0.03902840614318848 | 0 | 1.0
-0.03869985044002533 | 1 | 1.0
-0.04226389527320862 | 0 | 1.0
-0.04191519692540169 | 1 | 1.0
-0.0454583503305912 | 0 | 1.0
-0.04508798569440842 | 1 | 1.0
-0.04860844835639 | 0 | 1.0
-0.0482143796980381 | 1 | 1.0
-0.05170980840921402 | 0 | 1.0
-0.05128943920135498 | 1 | 1.0
-0.05475689098238945 | 0 | 1.0
-0.054307013750076294 | 1 | 1.0
-0.057742901146411896 | 0 | 1.0
-0.05725963041186333 | 1 | 1.0
-0.060659632086753845 | 0 | 1.0
-0.060138337314128876 | 1 | 1.0
-0.06349731236696243 | 1 | 1.0
-0.06293252110481262 | 0 | 1.0
-0.058443594723939896 | 1 | 1.0
-0.05782902613282204 | 0 | 1.0
-0.053284902125597 | 1 | 1.0
-0.052606817334890366 | 0 | 1.0
-0.04799385741353035 | 1 | 1.0
-0.04723763465881348 | 1 | 1.0
-0.04254142567515373 | 0 | 1.0
Total reward: 41.0
-2.8, -2.8, 3.8, -3.8, 5.8, -4.8, 4.8, 3.8, 5.8, 4.8
parameter ends

state | action | reward
[-0.02] | 0 | 1.0
-0.023556796833872795 | 1 | 1.0
-0.027614116668701172 | 0 | 1.0
-0.027756862342357635 | 1 | 1.0
-0.0317903496325016 | 0 | 1.0
-0.031910404562950134 | 1 | 1.0
-0.035922396928071976 | 0 | 1.0
-0.03602183610200882 | 1 | 1.0
-0.040014103055000305 | 0 | 1.0
-0.040094465017318726 | 1 | 1.0
-0.04406827688217163 | 0 | 1.0
-0.0441305972635746 | 1 | 1.0
-0.048086732625961304 | 0 | 1.0
-0.04813159257173538 | 1 | 1.0
-0.052070386707782745 | 0 | 1.0
-0.052097901701927185 | 1 | 1.0
-0.05601925030350685 | 0 | 1.0
-0.05602911859750748 | 1 | 1.0
-0.05993248149752617 | 0 | 1.0
-0.05992395430803299 | 1 | 1.0
-0.06380834430456161 | 0 | 1.0
-0.06378022581338882 | 1 | 1.0
-0.06764419376850128 | 0 | 1.0
-0.06759481877088547 | 1 | 1.0
-0.07143642753362656 | 0 | 1.0
-0.07136361300945282 | 1 | 1.0
-0.07518038153648376 | 0 | 1.0
-0.07508140057325363 | 1 | 1.0
-0.0788702741265297 | 0 | 1.0
-0.07874180376529694 | 1 | 1.0
-0.08249905705451965 | 0 | 1.0
-0.08233709633350372 | 1 | 1.0
-0.08605829626321793 | 1 | 1.0
-0.08585809171199799 | 0 | 1.0
-0.08173619210720062 | 1 | 1.0
-0.08149223774671555 | 0 | 1.0
-0.07732133567333221 | 1 | 1.0
-0.07702072709798813 | 0 | 1.0
-0.07278793305158615 | 1 | 1.0
-0.07241688668727875 | 1 | 1.0
-0.06810852885246277 | 0 | 1.0
-0.05986234173178673 | 1 | 1.0
Total reward: 42.0
-2.8, -2.8, 3.8, -3.8, 5.8, -4.8, 4.8, 3.8, 5.8, 4.8
parameter ends

state | action | reward
[0.03] | 0 | 1.0
0.03314470127224922 | 0 | 1.0
0.029453815892338753 | 1 | 1.0
0.02185087837278843 | 0 | 1.0
0.018138492479920387 | 1 | 1.0
0.010509463958442211 | 0 | 1.0
0.006765424273908138 | 1 | 1.0
-0.0008998801931738853 | 0 | 1.0
-0.004686281550675631 | 1 | 1.0
-0.012398645281791687 | 0 | 1.0
-0.0162388663738966 | 0 | 1.0
-0.0240098275244236 | 1 | 1.0
-0.03571245074272156 | 0 | 1.0
-0.0435541532933712 | 1 | 1.0
-0.05533400923013687 | 0 | 1.0
Total reward: 15.0
-2.8, -2.8, 3.8, -3.8, 5.8, -4.8, 4.8, 3.8, 5.8, 4.8
parameter ends

state | action | reward
[-0.04] | 0 | 1.0
-0.044935356825590134 | 1 | 1.0
-0.04927589371800423 | 0 | 1.0
-0.04970388486981392 | 1 | 1.0
-0.05402490496635437 | 0 | 1.0
-0.054434385150671005 | 1 | 1.0
-0.05873792991042137 | 0 | 1.0
-0.05913073569536209 | 1 | 1.0
-0.06341839581727982 | 0 | 1.0
-0.06379590928554535 | 1 | 1.0
-0.06806884706020355 | 0 | 1.0
-0.06843205541372299 | 1 | 1.0
-0.07269106805324554 | 0 | 1.0
-0.07304058969020844 | 1 | 1.0
-0.07728609442710876 | 0 | 1.0
-0.077622190117836 | 1 | 1.0
-0.08185427635908127 | 0 | 1.0
-0.08217687159776688 | 1 | 1.0
-0.0863952785730362 | 0 | 1.0
-0.08670396357774734 | 1 | 1.0
-0.09090810269117355 | 0 | 1.0
-0.09120211005210876 | 1 | 1.0
-0.09539103507995605 | 0 | 1.0
-0.09566925466060638 | 1 | 1.0
-0.0998416468501091 | 0 | 1.0
-0.10010257363319397 | 1 | 1.0
-0.10425672680139542 | 0 | 1.0
-0.1044984683394432 | 1 | 1.0
-0.10863222181797028 | 0 | 1.0
-0.10885240882635117 | 1 | 1.0
-0.11296314746141434 | 0 | 1.0
-0.11315891891717911 | 1 | 1.0
-0.1172434613108635 | 0 | 1.0
-0.11741140484809875 | 1 | 1.0
-0.12146597355604172 | 1 | 1.0
-0.12160202860832214 | 0 | 1.0
-0.1178194060921669 | 1 | 1.0
-0.11791888624429703 | 0 | 1.0
-0.11409460753202438 | 1 | 1.0
-0.11414547264575958 | 0 | 1.0
-0.11026749014854431 | 1 | 1.0
-0.11025691032409668 | 0 | 1.0
-0.10631240159273148 | 1 | 1.0
-0.1062266156077385 | 1 | 1.0
-0.1022019237279892 | 0 | 1.0
Total reward: 45.0
-2.8, -2.8, 3.8, -3.8, 5.8, -4.8, 4.8, 3.8, 5.8, 4.8
parameter ends

state | action | reward
[0.] | 0 | 1.0
0.0018224312225356698 | 0 | 1.0
-0.0015219086781144142 | 1 | 1.0
-0.008778586983680725 | 0 | 1.0
-0.012145109474658966 | 1 | 1.0
-0.019428664818406105 | 0 | 1.0
-0.022827785462141037 | 1 | 1.0
-0.030148662626743317 | 0 | 1.0
-0.033591367304325104 | 0 | 1.0
-0.04096061363816261 | 1 | 1.0
-0.05225749686360359 | 0 | 1.0
-0.05968671292066574 | 1 | 1.0
-0.07105041295289993 | 0 | 1.0
-0.07855822890996933 | 1 | 1.0
Total reward: 14.0
-2.8, -2.8, 3.8, -3.8, 5.8, -4.8, 4.8, 3.8, 5.8, 4.8
parameter ends

state | action | reward
[-0.] | 0 | 1.0
-0.0010520262876525521 | 0 | 1.0
-0.004278087522834539 | 1 | 1.0
-0.011418362148106098 | 0 | 1.0
-0.0146708432585001 | 1 | 1.0
-0.0218424703925848 | 0 | 1.0
-0.025132521986961365 | 1 | 1.0
-0.03234666958451271 | 0 | 1.0
-0.03568608686327934 | 0 | 1.0
-0.04295458272099495 | 1 | 1.0
-0.05415321886539459 | 0 | 1.0
-0.06148843839764595 | 1 | 1.0
-0.07276054471731186 | 0 | 1.0
Total reward: 13.0
-2.8, -2.8, 3.8, -3.8, 5.8, -4.8, 4.8, 3.8, 5.8, 4.8
parameter ends

state | action | reward
[0.02] | 0 | 1.0
0.025501485913991928 | 0 | 1.0
0.02233707532286644 | 1 | 1.0
0.01525829453021288 | 0 | 1.0
0.012067078612744808 | 1 | 1.0
0.004956494551151991 | 0 | 1.0
0.0017271559918299317 | 0 | 1.0
-0.00542655773460865 | 1 | 1.0
-0.016505882143974304 | 0 | 1.0
-0.023714516311883926 | 1 | 1.0
-0.034855883568525314 | 0 | 1.0
-0.0421382375061512 | 1 | 1.0
Total reward: 12.0
-2.8, -2.8, 3.8, -3.8, 5.8, -4.8, 4.8, 3.8, 5.8, 4.8
parameter ends

state | action | reward
[0.01] | 0 | 1.0
0.008627083152532578 | 0 | 1.0
0.004844757728278637 | 1 | 1.0
-0.0028518433682620525 | 0 | 1.0
-0.006660463288426399 | 1 | 1.0
-0.014387840405106544 | 0 | 1.0
-0.018232883885502815 | 1 | 1.0
-0.026001235470175743 | 0 | 1.0
-0.02989348955452442 | 1 | 1.0
-0.03771369904279709 | 0 | 1.0
-0.04166477918624878 | 0 | 1.0
-0.04954855144023895 | 1 | 1.0
-0.061365824192762375 | 0 | 1.0
-0.06932548433542252 | 1 | 1.0
Total reward: 14.0
-2.8, -2.8, 3.8, -3.8, 5.8, -4.8, 4.8, 3.8, 5.8, 4.8
parameter ends

state | action | reward
[0.04] | 0 | 1.0
0.044412173330783844 | 1 | 1.0
0.04063576087355614 | 0 | 1.0
0.04076594486832619 | 1 | 1.0
0.036996494978666306 | 0 | 1.0
0.03713247552514076 | 1 | 1.0
0.033367641270160675 | 0 | 1.0
0.033507127314805984 | 1 | 1.0
0.029744694009423256 | 0 | 1.0
0.02988552115857601 | 1 | 1.0
0.026123367249965668 | 0 | 1.0
0.02626342512667179 | 1 | 1.0
0.022499460726976395 | 0 | 1.0
0.02263665199279785 | 1 | 1.0
0.018868766725063324 | 0 | 1.0
0.01900094375014305 | 1 | 1.0
0.015226959250867367 | 0 | 1.0
0.015351876616477966 | 1 | 1.0
0.011569488793611526 | 0 | 1.0
0.011684747412800789 | 0 | 1.0
0.00789147149771452 | 1 | 1.0
0.000189838872756809 | 0 | 1.0
-0.0036170256789773703 | 1 | 1.0
-0.011336766183376312 | 0 | 1.0
-0.01516687124967575 | 1 | 1.0
-0.022914361208677292 | 0 | 1.0
-0.026777755469083786 | 1 | 1.0
-0.0345630906522274 | 0 | 1.0
-0.038470420986413956 | 1 | 1.0
-0.046304333955049515 | 0 | 1.0
-0.050267018377780914 | 0 | 1.0
-0.05816102772951126 | 1 | 1.0
-0.06998724490404129 | 0 | 1.0
-0.07795347273349762 | 1 | 1.0
-0.08985833078622818 | 0 | 1.0
Total reward: 35.0
-2.8, -2.8, 3.8, -3.8, 5.8, -4.8, 4.8, 3.8, 5.8, 4.8
parameter ends

state | action | reward
[0.03] | 0 | 1.0
0.03278861939907074 | 1 | 1.0
0.02986222319304943 | 0 | 1.0
0.030847841873764992 | 1 | 1.0
0.02793974056839943 | 0 | 1.0
0.028942489996552467 | 1 | 1.0
0.02605031058192253 | 0 | 1.0
0.027068013325333595 | 1 | 1.0
0.02418980747461319 | 0 | 1.0
0.02522069215774536 | 1 | 1.0
0.022354884073138237 | 0 | 1.0
0.023397531360387802 | 1 | 1.0
0.020542871206998825 | 0 | 1.0
0.02159617654979229 | 1 | 1.0
0.018751712515950203 | 0 | 1.0
0.019814852625131607 | 1 | 1.0
0.016979899257421494 | 0 | 1.0
0.01805230788886547 | 1 | 1.0
0.015226426534354687 | 0 | 1.0
0.016307778656482697 | 1 | 1.0
0.013490763492882252 | 0 | 1.0
0.014580965042114258 | 1 | 1.0
0.01177283562719822 | 0 | 1.0
0.01287201326340437 | 1 | 1.0
0.010073012672364712 | 0 | 1.0
0.011181517504155636 | 1 | 1.0
0.008392115123569965 | 0 | 1.0
0.009510530158877373 | 1 | 1.0
0.006731430999934673 | 0 | 1.0
0.007860577665269375 | 1 | 1.0
0.005092736799269915 | 0 | 1.0
0.006233696825802326 | 1 | 1.0
0.00347834057174623 | 0 | 1.0
0.004632475785911083 | 1 | 1.0
0.0018911288352683187 | 0 | 1.0
0.00306011363863945 | 1 | 1.0
0.00033463333966210485 | 0 | 1.0
0.0015204896917566657 | 1 | 1.0
-0.0011868923902511597 | 0 | 1.0
1.825025537982583e-05 | 1 | 1.0
-0.00266837771050632 | 0 | 1.0
-0.0014410889707505703 | 1 | 1.0
-0.004103823099285364 | 0 | 1.0
-0.0028510221745818853 | 1 | 1.0
-0.005486170295625925 | 0 | 1.0
-0.004203914199024439 | 1 | 1.0
-0.006807150784879923 | 0 | 1.0
-0.0054908390156924725 | 1 | 1.0
-0.008057116530835629 | 0 | 1.0
-0.006701402831822634 | 1 | 1.0
-0.00922484789043665 | 0 | 1.0
-0.007823542691767216 | 1 | 1.0
-0.010297346860170364 | 1 | 1.0
-0.0088433176279068 | 0 | 1.0
-0.0034609201829880476 | 1 | 1.0
-0.001946144737303257 | 0 | 1.0
0.003502707462757826 | 1 | 1.0
0.005093670450150967 | 0 | 1.0
0.010624113492667675 | 1 | 1.0
Total reward: 59.0
-2.8, -2.8, 3.8, -3.8, 5.8, -4.8, 4.8, 3.8, 5.8, 4.8
parameter ends

state | action | reward
[0.03] | 0 | 1.0
0.030966486781835556 | 0 | 1.0
0.027884824201464653 | 1 | 1.0
0.02089386060833931 | 0 | 1.0
0.017796752974390984 | 1 | 1.0
0.010786064900457859 | 0 | 1.0
0.007664292585104704 | 1 | 1.0
0.0006246380507946014 | 0 | 1.0
-0.0025314532686024904 | 1 | 1.0
-0.009609811939299107 | 0 | 1.0
-0.012810509651899338 | 0 | 1.0
-0.019937971606850624 | 1 | 1.0
-0.030993198975920677 | 0 | 1.0
-0.03818077594041824 | 1 | 1.0
-0.049302782863378525 | 0 | 1.0
-0.05656858906149864 | 1 | 1.0
Total reward: 16.0
-2.8, -2.8, 3.8, -3.8, 5.8, -4.8, 4.8, 3.8, 5.8, 4.8
parameter ends

state | action | reward
[-0.02] | 0 | 1.0
-0.02296457812190056 | 0 | 1.0
-0.02643343061208725 | 1 | 1.0
-0.03381456807255745 | 0 | 1.0
-0.0373053178191185 | 1 | 1.0
-0.04471273720264435 | 0 | 1.0
-0.04823510721325874 | 1 | 1.0
-0.0556785985827446 | 0 | 1.0
-0.059242889285087585 | 1 | 1.0
-0.06673284620046616 | 0 | 1.0
-0.07035011798143387 | 0 | 1.0
-0.07789769768714905 | 1 | 1.0
-0.08937650918960571 | 0 | 1.0
-0.09699352085590363 | 1 | 1.0
-0.10854822397232056 | 0 | 1.0
Total reward: 15.0
-2.8, -2.8, 3.8, -3.8, 5.8, -4.8, 4.8, 3.8, 5.8, 4.8
parameter ends

state | action | reward
[-0.01] | 0 | 1.0
-0.004458518698811531 | 0 | 1.0
-0.007451911456882954 | 1 | 1.0
-0.014351014979183674 | 0 | 1.0
-0.017352666705846786 | 1 | 1.0
-0.0242648646235466 | 0 | 1.0
-0.02728486992418766 | 1 | 1.0
-0.034220173954963684 | 0 | 1.0
-0.03726890683174133 | 1 | 1.0
-0.044237688183784485 | 0 | 1.0
-0.04732600599527359 | 0 | 1.0
-0.054339177906513214 | 1 | 1.0
-0.06527835875749588 | 0 | 1.0
-0.07234734296798706 | 1 | 1.0
-0.08334930986166 | 0 | 1.0
-0.09049256891012192 | 1 | 1.0
Total reward: 16.0
-2.8, -2.8, 3.8, -3.8, 5.8, -4.8, 4.8, 3.8, 5.8, 4.8
parameter ends

state | action | reward
[0.01] | 0 | 1.0
0.015019592829048634 | 1 | 1.0
0.01152149960398674 | 0 | 1.0
0.01193282101303339 | 1 | 1.0
0.008447641506791115 | 0 | 1.0
0.008870930410921574 | 1 | 1.0
0.005396765656769276 | 0 | 1.0
0.005830265115946531 | 1 | 1.0
0.0023655123077332973 | 0 | 1.0
0.0028077433817088604 | 1 | 1.0
-0.0006489435327239335 | 0 | 1.0
-0.00019922036153730005 | 1 | 1.0
-0.003648970276117325 | 0 | 1.0
-0.0031927907839417458 | 1 | 1.0
-0.006636544596403837 | 0 | 1.0
-0.006174768321216106 | 1 | 1.0
-0.009613304398953915 | 0 | 1.0
-0.009146640077233315 | 1 | 1.0
-0.012580595910549164 | 0 | 1.0
-0.012109619565308094 | 1 | 1.0
-0.015539511106908321 | 0 | 1.0
-0.015064682811498642 | 1 | 1.0
-0.01849091611802578 | 0 | 1.0
-0.018012594431638718 | 1 | 1.0
-0.021435478702187538 | 0 | 1.0
-0.02095392718911171 | 1 | 1.0
-0.02437368407845497 | 0 | 1.0
-0.023889085277915 | 1 | 1.0
-0.027305854484438896 | 0 | 1.0
-0.026818307116627693 | 1 | 1.0
-0.030232153832912445 | 0 | 1.0
-0.029741685837507248 | 1 | 1.0
-0.03315259516239166 | 0 | 1.0
-0.03265916183590889 | 1 | 1.0
-0.03606704995036125 | 0 | 1.0
-0.035570524632930756 | 1 | 1.0
-0.03897523134946823 | 0 | 1.0
-0.03847542032599449 | 1 | 1.0
-0.04187671095132828 | 0 | 1.0
-0.04137333109974861 | 1 | 1.0
-0.04477088153362274 | 0 | 1.0
-0.0442635715007782 | 1 | 1.0
-0.04765697196125984 | 0 | 1.0
-0.04714527353644371 | 1 | 1.0
-0.05053401365876198 | 0 | 1.0
-0.05001736432313919 | 1 | 1.0
-0.05340082198381424 | 0 | 1.0
-0.05287854000926018 | 1 | 1.0
-0.056255970150232315 | 0 | 1.0
-0.055727243423461914 | 1 | 1.0
-0.05909775570034981 | 0 | 1.0
-0.058561619371175766 | 1 | 1.0
-0.06192416325211525 | 0 | 1.0
-0.061379481106996536 | 1 | 1.0
-0.06473281979560852 | 0 | 1.0
-0.06417825073003769 | 1 | 1.0
-0.06752092391252518 | 0 | 1.0
-0.06695490330457687 | 1 | 1.0
-0.07028520852327347 | 0 | 1.0
-0.06970591098070145 | 1 | 1.0
-0.07302185148000717 | 0 | 1.0
-0.07242713123559952 | 1 | 1.0
-0.07572638243436813 | 0 | 1.0
-0.07511373609304428 | 1 | 1.0
-0.07839357852935791 | 0 | 1.0
-0.07776011526584625 | 1 | 1.0
-0.0810173824429512 | 0 | 1.0
-0.08035971224308014 | 1 | 1.0
-0.08359072357416153 | 0 | 1.0
-0.08290492743253708 | 1 | 1.0
-0.08610538393259048 | 0 | 1.0
-0.08538690954446793 | 1 | 1.0
-0.0885518342256546 | 0 | 1.0
-0.08779541403055191 | 1 | 1.0
-0.09091904014348984 | 1 | 1.0
-0.09011859446763992 | 0 | 1.0
-0.08539361506700516 | 1 | 1.0
-0.08454225957393646 | 0 | 1.0
-0.07976076006889343 | 1 | 1.0
-0.07884419709444046 | 0 | 1.0
-0.0739920362830162 | 1 | 1.0
-0.07299509644508362 | 1 | 1.0
-0.06805740296840668 | 0 | 1.0
Total reward: 83.0
-2.8, -2.8, 3.8, -3.8, 5.8, -4.8, 4.8, 3.8, 5.8, 4.8
parameter ends

state | action | reward
[0.] | 0 | 1.0
0.0017358233453705907 | 0 | 1.0
-0.001860407181084156 | 1 | 1.0
-0.00936480425298214 | 0 | 1.0
-0.012974203564226627 | 1 | 1.0
-0.020496247336268425 | 0 | 1.0
-0.02412836253643036 | 1 | 1.0
-0.03167758882045746 | 0 | 1.0
-0.03534235805273056 | 1 | 1.0
-0.04292875900864601 | 0 | 1.0
-0.04663669690489769 | 1 | 1.0
-0.05427088215947151 | 0 | 1.0
-0.0580332912504673 | 0 | 1.0
-0.06572664529085159 | 1 | 1.0
-0.07735184580087662 | 0 | 1.0
-0.08511639386415482 | 1 | 1.0
-0.09681921452283859 | 0 | 1.0
Total reward: 17.0
