0.3, -0.0, 2.7, 1.1, 6.9, -1.7, 0.5, 0.7, 0.5, -3.5, 2.5, -4.1, 1.3, -0.8, -4.6, -2.6, -4.6, -2.8
parameter ends

state | action | reward
[2.01] | 1 | -0.5
2.6390524915399807 | 1 | -0.5
3.952820082760727 | 1 | -0.5
6.995154361422062 | 1 | -0.5
6.835690685217496 | 1 | -0.5
7.062029005702248 | 1 | -0.5
3.097636178942821 | 1 | -0.5
2.05879650854726 | 1 | -0.5
1.5777583547703975 | 1 | -0.5
1.3292169035953765 | 1 | -0.5
1.192283419160094 | 1 | -0.5
1.1369299751685156 | 1 | -0.5
1.1331158681338582 | 1 | -0.5
1.1131969326383813 | 1 | -0.5
1.2152681151898364 | 1 | -0.5
1.3641592585756352 | 1 | -0.5
1.6087448209615707 | 1 | -0.5
5.1140916208601785 | 1 | -0.5
4.606663803675704 | 1 | -0.5
4.313201076409579 | 1 | -0.5
4.267698749578777 | 1 | -0.5
4.408503701951937 | 1 | -0.5
3.875560415707638 | 1 | -0.5
2.638243868692472 | 1 | -0.5
2.0947596208611268 | 1 | -0.5
1.7746663522668924 | 1 | -0.5
1.5782641207199821 | 1 | -0.5
1.5103085167830943 | 1 | -0.5
1.5333043114967473 | 1 | -0.5
1.5911808487553398 | 1 | -0.5
1.7656015690618059 | 1 | -0.5
2.1048318232725083 | 1 | -0.5
2.6578627763770784 | 1 | -0.5
3.89414319401055 | 1 | -0.5
6.56035891658598 | 1 | -0.5
6.841622129765582 | 1 | -0.5
6.8768272484058 | 1 | -0.5
7.190450944826869 | 1 | -0.5
2.5313938799522173 | 1 | -0.5
1.744265189463298 | 1 | -0.5
1.4900274112293805 | 1 | -0.5
1.2983158879295462 | 1 | -0.5
1.201994679620972 | 1 | -0.5
1.1464660831062778 | 1 | -0.5
1.1130586547223662 | 1 | -0.5
1.2017885239674873 | 1 | -0.5
1.3555760387460738 | 1 | -0.5
1.657321019011393 | 1 | -0.5
5.26996931585504 | 1 | -0.5
4.72998999471554 | 1 | -0.5
4.428972032388529 | 1 | -0.5
4.371924615621903 | 1 | -0.5
4.444564208622537 | 1 | -0.5
3.9105375418632073 | 1 | -0.5
2.647574800304215 | 1 | -0.5
2.1159110288206633 | 1 | -0.5
1.6905029065507455 | 1 | -0.5
1.5921759239727848 | 1 | -0.5
1.5015849372473427 | 1 | -0.5
1.466737309760954 | 1 | -0.5
1.5132264818741212 | 1 | -0.5
1.6222119582931016 | 1 | -0.5
1.7971498971602387 | 1 | -0.5
2.1412881651725555 | 1 | -0.5
2.902988217181568 | 1 | -0.5
4.325673560303411 | 1 | -0.5
6.846721683305226 | 1 | -0.5
6.78395447423747 | 1 | -0.5
7.022451433370744 | 1 | -0.5
2.954515149314077 | 1 | -0.5
2.007746212355317 | 1 | -0.5
1.4933928337141085 | 1 | -0.5
1.3361402328410839 | 1 | -0.5
1.1623750788039442 | 1 | -0.5
1.1164103184391958 | 1 | -0.5
1.1344018071180408 | 1 | -0.5
1.1857733273754814 | 1 | -0.5
1.3010069158984972 | 1 | -0.5
1.515569879153986 | 1 | -0.5
5.406636335349416 | 1 | -0.5
4.835316995984214 | 1 | -0.5
4.4711947209215905 | 1 | -0.5
4.269827800009534 | 1 | -0.5
4.227609175317831 | 1 | -0.5
4.393594371068131 | 1 | -0.5
3.667492700277285 | 1 | -0.5
2.7252413306448573 | 1 | -0.5
2.1641230295677873 | 1 | -0.5
1.7318033225167404 | 1 | -0.5
1.6423476612931829 | 1 | -0.5
1.5147970980529601 | 1 | -0.5
1.5030220253777664 | 1 | -0.5
1.488171785148673 | 1 | -0.5
1.5949103375042069 | 1 | -0.5
1.8843870365493998 | 1 | -0.5
2.300860689564735 | 1 | -0.5
3.1649559176841113 | 1 | -0.5
4.858649018328571 | 1 | -0.5
6.887146047752179 | 1 | -0.5
6.764915472808982 | 1 | -0.5
7.067711491923738 | 1 | -0.5
2.6783723489740803 | 1 | -0.5
1.8311214554622162 | 1 | -0.5
1.4967965406794745 | 1 | -0.5
1.2694453051935553 | 1 | -0.5
1.1732393201304114 | 1 | -0.5
1.1430380986762856 | 1 | -0.5
1.1165715120956807 | 1 | -0.5
1.1308570246520364 | 1 | -0.5
1.2212996497850936 | 1 | -0.5
1.489559823990497 | 1 | -0.5
5.67463664524888 | 1 | -0.5
4.97434376227059 | 1 | -0.5
4.620478841037924 | 1 | -0.5
4.397863962042758 | 1 | -0.5
4.399362843276641 | 1 | -0.5
4.619865186169482 | 1 | -0.5
3.363266239598218 | 1 | -0.5
2.5367365633603964 | 1 | -0.5
2.055593033999195 | 1 | -0.5
1.7302216986044856 | 1 | -0.5
1.6144267636630476 | 1 | -0.5
1.5853963505499624 | 1 | -0.5
1.5168814624195042 | 1 | -0.5
1.626583264202947 | 1 | -0.5
1.7941797433211526 | 1 | -0.5
2.070447203406268 | 1 | -0.5
2.6652597770204958 | 1 | -0.5
3.622755763555288 | 1 | -0.5
5.613724323226691 | 1 | -0.5
6.844220141338187 | 1 | -0.5
6.873472600498302 | 1 | -0.5
7.066970962886808 | 1 | -0.5
2.754242503608961 | 1 | -0.5
1.9429079577749475 | 1 | -0.5
1.541765818466597 | 1 | -0.5
1.3242105230394097 | 1 | -0.5
1.1759586341828268 | 1 | -0.5
1.1078420246848175 | 1 | -0.5
1.086065472287841 | 1 | -0.5
1.0819915387255845 | 1 | -0.5
1.1685687643557174 | 1 | -0.5
1.4070082106135435 | 1 | -0.5
1.7011277106289 | 1 | -0.5
5.132489371506973 | 1 | -0.5
4.631138899639163 | 1 | -0.5
4.383114319384355 | 1 | -0.5
4.3651275697231515 | 1 | -0.5
4.4459357077470525 | 1 | -0.5
3.6409901283670343 | 1 | -0.5
2.520966538203469 | 1 | -0.5
2.0459856075120193 | 1 | -0.5
1.7452873878961706 | 1 | -0.5
1.6004443378571898 | 1 | -0.5
1.5255817574378063 | 1 | -0.5
1.4723112812866923 | 1 | -0.5
1.5550886211424098 | 1 | -0.5
1.6408506951618587 | 1 | -0.5
1.9348580938726092 | 1 | -0.5
2.3329079973865654 | 1 | -0.5
3.6019744009538246 | 1 | -0.5
6.187967078872323 | 1 | -0.5
6.84468769823097 | 1 | -0.5
6.86202430790856 | 1 | -0.5
3.8177492781324527 | 1 | -0.5
2.3536270997240565 | 1 | -0.5
1.7470072689492153 | 1 | -0.5
1.4281982811225664 | 1 | -0.5
1.2739926487007551 | 1 | -0.5
1.1576440028183652 | 1 | -0.5
1.0911656129899132 | 1 | -0.5
1.1230127926230307 | 1 | -0.5
1.169770244586494 | 1 | -0.5
1.268652391334411 | 1 | -0.5
1.4786577675497914 | 1 | -0.5
5.585123896752239 | 1 | -0.5
4.97255016606455 | 1 | -0.5
4.594395636516329 | 1 | -0.5
4.344064855176139 | 1 | -0.5
4.409162084458576 | 1 | -0.5
4.633316111382831 | 1 | -0.5
3.188739968597553 | 1 | -0.5
2.485186871235436 | 1 | -0.5
2.0026328082260205 | 1 | -0.5
1.7401572673712065 | 1 | -0.5
1.5490798665602032 | 1 | -0.5
1.4796561072932188 | 1 | -0.5
1.5259537048673162 | 1 | -0.5
1.6353822090872763 | 1 | -0.5
1.8575063853370362 | 1 | -0.5
2.3023608855403834 | 1 | -0.5
3.0975277884218735 | 1 | -0.5
5.0230054257818075 | 1 | -0.5
6.770307343844389 | 1 | -0.5
6.717570798187832 | 1 | -0.5
6.835415582634846 | 1 | -0.5
2.8887339569876933 | 1 | -0.5
1.9455383189607496 | 1 | -0.5
1.491197518159841 | 1 | -0.5
1.270521313847253 | 1 | -0.5
1.0843747166451416 | 1 | -0.5
1.0454588655137707 | 1 | -0.5
1.0087942141910584 | 1 | -0.5
1.1184153099943839 | 1 | -0.5
1.2438800785058302 | 1 | -0.5
1.464408063705681 | 1 | -0.5
5.40716586884277 | 1 | -0.5
4.950745803918609 | 1 | -0.5
4.5603516716398245 | 1 | -0.5
4.365218074785754 | 1 | -0.5
4.45112057094848 | 1 | -0.5
4.678161514131778 | 1 | -0.5
3.11205759340263 | 1 | -0.5
2.403169293390301 | 1 | -0.5
1.99631915609567 | 1 | -0.5
1.7640898083855536 | 1 | -0.5
1.5920963148145384 | 1 | -0.5
1.556804034733225 | 1 | -0.5
1.5592019656488716 | 1 | -0.5
1.6316150435195762 | 1 | -0.5
1.8571724676713817 | 1 | -0.5
2.1684493046578073 | 1 | -0.5
2.7655385218312514 | 1 | -0.5
4.032677220479061 | 1 | -0.5
6.7458903470005644 | 1 | -0.5
6.597412208357939 | 1 | -0.5
6.795029287398098 | 1 | -0.5
2.9198695363258076 | 1 | -0.5
2.12331679599035 | 1 | -0.5
1.5131916078847496 | 1 | -0.5
1.3129946390653056 | 1 | -0.5
1.1895913997742353 | 1 | -0.5
1.056214162233231 | 1 | -0.5
1.0789304386638725 | 1 | -0.5
1.1209648661270257 | 1 | -0.5
1.18990978628572 | 1 | -0.5
1.3996259470051102 | 1 | -0.5
1.8009232113313944 | 1 | -0.5
5.098189109121386 | 1 | -0.5
4.71344610308801 | 1 | -0.5
4.485387060239395 | 1 | -0.5
4.569601673041286 | 1 | -0.5
4.799588887134747 | 1 | -0.5
3.215875547793425 | 1 | -0.5
2.4331721444894483 | 1 | -0.5
1.945627026130679 | 1 | -0.5
1.8309944620760548 | 1 | -0.5
1.6943507299774652 | 1 | -0.5
1.640779818618171 | 1 | -0.5
1.6793356908166521 | 1 | -0.5
1.7499796480839445 | 1 | -0.5
1.9791578760367954 | 1 | -0.5
2.3086578993077405 | 1 | -0.5
2.940310054267512 | 1 | -0.5
4.327965010799 | 1 | -0.5
6.813899499778491 | 1 | -0.5
6.65890313311697 | 1 | -0.5
6.845337258988099 | 1 | -0.5
2.9200485336972 | 1 | -0.5
2.1427380243654244 | 1 | -0.5
1.6842188938579892 | 1 | -0.5
1.3557467989982013 | 1 | -0.5
1.1712837314854336 | 1 | -0.5
1.1017971653750962 | 1 | -0.5
1.0938414982538949 | 1 | -0.5
1.0654494836039947 | 1 | -0.5
1.1567261095971204 | 1 | -0.5
1.3175982543066627 | 1 | -0.5
1.528600015480014 | 1 | -0.5
5.470634403798325 | 1 | -0.5
4.9192501856723 | 1 | -0.5
4.5174151022414835 | 1 | -0.5
4.382668756829523 | 1 | -0.5
4.466053885690258 | 1 | -0.5
4.680062246898745 | 1 | -0.5
2.944383643128489 | 1 | -0.5
2.136623502027143 | 1 | -0.5
1.8005800820256836 | 1 | -0.5
1.52269254268893 | 1 | -0.5
1.4313525860840473 | 1 | -0.5
1.4062971295570945 | 1 | -0.5
1.426264347279755 | 1 | -0.5
1.5545694617202728 | 1 | -0.5
1.6311517897966687 | 1 | -0.5
1.9982998817655704 | 1 | -0.5
2.4614199355892943 | 1 | -0.5
3.5479785207303682 | 1 | -0.5
6.6255047629328185 | 1 | -0.5
6.65880569068386 | 1 | -0.5
6.784594641405467 | 1 | -0.5
3.284264367816642 | 1 | -0.5
2.179141611328613 | 1 | -0.5
1.6315334471264542 | 1 | -0.5
1.3880512296707896 | 1 | -0.5
1.2475570602751467 | 1 | -0.5
1.1177439560993916 | 1 | -0.5
1.0818776007434439 | 1 | -0.5
1.1116702243224352 | 1 | -0.5
1.2324408865950993 | 1 | -0.5
1.427461913045566 | 1 | -0.5
1.6917528988924933 | 1 | -0.5
5.185779836171935 | 1 | -0.5
4.629971643172413 | 1 | -0.5
4.456399780369338 | 1 | -0.5
4.351690557942609 | 1 | -0.5
4.45149899280062 | 1 | -0.5
4.4569144789264925 | 1 | -0.5
2.962572604051614 | 1 | -0.5
2.1967540251556112 | 1 | -0.5
1.84073726604881 | 1 | -0.5
1.60543717378459 | 1 | -0.5
1.522587454565631 | 1 | -0.5
1.4565029467155737 | 1 | -0.5
1.5249857246646916 | 1 | -0.5
1.5843830957388043 | 1 | -0.5
1.8132190232055143 | 1 | -0.5
2.1418704841738636 | 1 | -0.5
2.816827023295189 | 1 | -0.5
4.762749946393654 | 1 | -0.5
6.822525650182931 | 1 | -0.5
6.783824704610602 | 1 | -0.5
7.14853491519672 | 1 | -0.5
2.4131775919436897 | 1 | -0.5
1.7690439430552005 | 1 | -0.5
1.4396483617481857 | 1 | -0.5
1.2652958103720706 | 1 | -0.5
1.1331594520239585 | 1 | -0.5
1.1209116155722652 | 1 | -0.5
1.1425228458742198 | 1 | -0.5
1.2350749728858061 | 1 | -0.5
1.350208654437335 | 1 | -0.5
1.651495935636183 | 1 | -0.5
5.153042377343151 | 1 | -0.5
4.529692004021655 | 1 | -0.5
4.222112789626467 | 1 | -0.5
4.231148912680625 | 1 | -0.5
4.388223385875071 | 1 | -0.5
3.4884405306340933 | 1 | -0.5
2.453307408694422 | 1 | -0.5
2.0269676448578364 | 1 | -0.5
1.724466403513676 | 1 | -0.5
1.566063907102397 | 1 | -0.5
1.4973166691950304 | 1 | -0.5
1.48414415468716 | 1 | -0.5
1.606474850727126 | 1 | -0.5
1.7303129920198648 | 1 | -0.5
1.9586646476246932 | 1 | -0.5
2.40434830648578 | 1 | -0.5
3.0982572427027812 | 1 | -0.5
5.2897174641925035 | 1 | -0.5
7.021632689188775 | 1 | -0.5
6.984421226989704 | 1 | -0.5
3.9539997394009325 | 1 | -0.5
2.354598613307887 | 1 | -0.5
1.7001909227730327 | 1 | -0.5
1.4367932525676645 | 1 | -0.5
1.2644809309594578 | 1 | -0.5
1.1251757430758664 | 1 | -0.5
1.0519120526680252 | 1 | -0.5
1.0890339524284118 | 1 | -0.5
1.1398629164874967 | 1 | -0.5
1.2833214732281222 | 1 | -0.5
1.4377985756656615 | 1 | -0.5
5.224978166733744 | 1 | -0.5
4.668050119526106 | 1 | -0.5
4.314281799439726 | 1 | -0.5
4.180325758456273 | 1 | -0.5
4.21472201324025 | 1 | -0.5
4.443169921088556 | 1 | -0.5
3.089940997904792 | 1 | -0.5
2.353682658406604 | 1 | -0.5
1.9594998630049127 | 1 | -0.5
1.7104667564366416 | 1 | -0.5
1.621299281227434 | 1 | -0.5
1.543928246907023 | 1 | -0.5
1.5580000837738581 | 1 | -0.5
1.5890436817964237 | 1 | -0.5
1.7596488680985558 | 1 | -0.5
1.9444938641890783 | 1 | -0.5
2.458489211050203 | 1 | -0.5
3.496440208578438 | 1 | -0.5
6.913767465367393 | 1 | -0.5
6.814076891929933 | 1 | -0.5
6.835716890838404 | 1 | -0.5
3.8566206824021774 | 1 | -0.5
2.5016099027734597 | 1 | -0.5
1.848656237487043 | 1 | -0.5
1.4475451523241685 | 1 | -0.5
1.2402170130669783 | 1 | -0.5
1.1281617850604502 | 1 | -0.5
1.0746354521506754 | 1 | -0.5
1.107762783984645 | 1 | -0.5
1.1432743604019924 | 1 | -0.5
1.2148757748266883 | 1 | -0.5
1.517943539058642 | 1 | -0.5
5.651827968033732 | 1 | -0.5
4.8919707626237425 | 1 | -0.5
4.4784765837024185 | 1 | -0.5
4.3000800885078165 | 1 | -0.5
4.236826235964146 | 1 | -0.5
4.419496878456196 | 1 | -0.5
3.54894264738639 | 1 | -0.5
2.529445295023829 | 1 | -0.5
1.9949251021207266 | 1 | -0.5
1.630371795087135 | 1 | -0.5
1.4927590249297793 | 1 | -0.5
1.4640805802809307 | 1 | -0.5
1.4530826840258628 | 1 | -0.5
1.5459881214843259 | 1 | -0.5
1.6904460129580958 | 1 | -0.5
2.121803759420451 | 1 | -0.5
2.6463907038894052 | 1 | -0.5
3.6083011944295498 | 1 | -0.5
7.0260528850453765 | 1 | -0.5
6.85973006507744 | 1 | -0.5
6.933878738635274 | 1 | -0.5
3.8192538224365564 | 1 | -0.5
2.282038237099289 | 1 | -0.5
1.7487915844507638 | 1 | -0.5
1.4858514476598117 | 1 | -0.5
1.3284059878174972 | 1 | -0.5
1.2032886680980794 | 1 | -0.5
1.2383008248803014 | 1 | -0.5
1.2382128206807443 | 1 | -0.5
1.3297775687374263 | 1 | -0.5
1.518585919261027 | 1 | -0.5
1.7929426724585475 | 1 | -0.5
5.29509063000799 | 1 | -0.5
4.592084890334638 | 1 | -0.5
4.376199858428779 | 1 | -0.5
4.306824344549918 | 1 | -0.5
4.396310098548925 | 1 | -0.5
3.2940576974145204 | 1 | -0.5
2.375372049789643 | 1 | -0.5
1.896684988306727 | 1 | -0.5
1.583863117924931 | 1 | -0.5
1.4241766654636498 | 1 | -0.5
1.3889130499496425 | 1 | -0.5
1.3702565747960906 | 1 | -0.5
1.4204608936676995 | 1 | -0.5
1.5970687415231366 | 1 | -0.5
1.8410781097054296 | 1 | -0.5
2.3656294434600618 | 1 | -0.5
3.4106388830457446 | 1 | -0.5
7.009302931956119 | 1 | -0.5
6.851214061562205 | 1 | -0.5
7.013419073567406 | 1 | -0.5
3.9187594413911966 | 1 | -0.5
2.5366686842995385 | 1 | -0.5
1.9693679487286433 | 1 | -0.5
1.6633803151721753 | 1 | -0.5
1.4478297624868004 | 1 | -0.5
1.3341822518812152 | 1 | -0.5
1.3038999022803917 | 1 | -0.5
1.3747306111048916 | 1 | -0.5
1.4506806024393506 | 1 | -0.5
1.691047709435354 | 1 | -0.5
5.668867595782349 | 1 | -0.5
4.934218237333006 | 1 | -0.5
4.456817166894541 | 1 | -0.5
4.282350656383 | 1 | -0.5
4.288912362536452 | 1 | -0.5
4.186072125943092 | 1 | -0.5
2.7736426631479154 | 1 | -0.5
2.020596392901862 | 1 | -0.5
1.6539855698734287 | 1 | -0.5
1.4901528922864358 | 1 | -0.5
1.351973938233433 | 1 | -0.5
1.3154269204144113 | 1 | -0.5
1.3068368813765727 | 1 | -0.5
1.346566602902177 | 1 | -0.5
1.4961247215391804 | 1 | -0.5
1.7672776502290504 | 1 | -0.5
2.2627322525406215 | 1 | -0.5
3.5554937690208708 | 1 | -0.5
6.278349908993363 | 1 | -0.5
6.88327930222575 | 1 | -0.5
7.046942019295674 | 1 | -0.5
3.53783438619174 | 1 | -0.5
2.5880089664839843 | 1 | -0.5
1.8841743552551526 | 1 | -0.5
1.5465925397083717 | 1 | -0.5
1.3784364120651185 | 1 | -0.5
1.3278596753496168 | 1 | -0.5
1.3368577009760767 | 1 | -0.5
1.3906378946729383 | 1 | -0.5
1.5719860672967954 | 1 | -0.5
1.7807145496134533 | 1 | -0.5
5.233950081819745 | 1 | -0.5
4.652021012567362 | 1 | -0.5
4.358377674744059 | 1 | -0.5
4.2453329630990915 | 1 | -0.5
4.330259729320807 | 1 | -0.5
3.998897928482832 | 1 | -0.5
2.595024935887012 | 1 | -0.5
1.9690838787237683 | 1 | -0.5
1.6537436329069104 | 1 | -0.5
1.4351348680592577 | 1 | -0.5
1.350196717668597 | 1 | -0.5
1.341947886495771 | 1 | -0.5
1.3858734123764997 | 1 | -0.5
1.4319290458455973 | 1 | -0.5
1.6373714930710792 | 1 | -0.5
1.9809261980646398 | 1 | -0.5
2.5695411958149683 | 1 | -0.5
3.9264266361902345 | 1 | -0.5
6.911088477795621 | 1 | -0.5
6.774104260681716 | 1 | -0.5
6.868676122159566 | 1 | -0.5
3.6600425576586035 | 1 | -0.5
2.447735129229093 | 1 | -0.5
1.840011410182402 | 1 | -0.5
1.534484434854149 | 1 | -0.5
1.3447220043456982 | 1 | -0.5
1.2727872810149425 | 1 | -0.5
1.1832164447396267 | 1 | -0.5
1.242317503655356 | 1 | -0.5
1.3142905056503802 | 1 | -0.5
1.4832217278444226 | 1 | -0.5
1.7530878317945202 | 1 | -0.5
5.162472506035564 | 1 | -0.5
4.702464288956333 | 1 | -0.5
4.3758823762353956 | 1 | -0.5
4.256786851774678 | 1 | -0.5
4.35657625057682 | 1 | -0.5
3.854110212760368 | 1 | -0.5
2.6305550819853982 | 1 | -0.5
1.933480199720561 | 1 | -0.5
1.6370249637080905 | 1 | -0.5
1.4727886855899721 | 1 | -0.5
1.396840953512205 | 1 | -0.5
1.3352656456518395 | 1 | -0.5
1.3661769945566418 | 1 | -0.5
1.4163190673866723 | 1 | -0.5
1.5871288507267185 | 1 | -0.5
1.9282569183284124 | 1 | -0.5
2.4388301509284225 | 1 | -0.5
3.6632249889768578 | 1 | -0.5
6.704062425850173 | 1 | -0.5
6.831188469188767 | 1 | -0.5
6.969076782988195 | 1 | -0.5
3.647235697417052 | 1 | -0.5
2.468542793044078 | 1 | -0.5
1.8971542931972325 | 1 | -0.5
1.5486750973279948 | 1 | -0.5
1.3679555219058463 | 1 | -0.5
1.2949341845844358 | 1 | -0.5
1.2656571808537995 | 1 | -0.5
1.2927971680444261 | 1 | -0.5
1.4094886568920189 | 1 | -0.5
1.6716286508379825 | 1 | -0.5
5.716467252755429 | 1 | -0.5
4.916654868861937 | 1 | -0.5
4.49465911149841 | 1 | -0.5
4.2993645832727765 | 1 | -0.5
4.301797253678564 | 1 | -0.5
4.331082517420271 | 1 | -0.5
2.80189398350921 | 1 | -0.5
2.087849699298365 | 1 | -0.5
1.6752586615176852 | 1 | -0.5
1.4626219954816593 | 1 | -0.5
1.3385649881590933 | 1 | -0.5
1.2972765024447874 | 1 | -0.5
1.3507353594090366 | 1 | -0.5
1.4791660503135982 | 1 | -0.5
1.664565825357866 | 1 | -0.5
2.016105072829436 | 1 | -0.5
2.7612815382212794 | 1 | -0.5
5.179443871481448 | 1 | -0.5
6.8310510074860495 | 1 | -0.5
6.902977702624786 | 1 | -0.5
7.166808950191148 | 1 | -0.5
3.0078439634162537 | 1 | -0.5
2.197713623600776 | 1 | -0.5
1.7764734999583565 | 1 | -0.5
1.5102217028512896 | 1 | -0.5
1.3947055544552 | 1 | -0.5
1.356486651240388 | 1 | -0.5
1.3497155315140565 | 1 | -0.5
1.4255088962624052 | 1 | -0.5
1.5769030375484152 | 1 | -0.5
1.870112712107238 | 1 | -0.5
5.355222750454848 | 1 | -0.5
4.774247854009065 | 1 | -0.5
4.422173584264674 | 1 | -0.5
4.315231057120931 | 1 | -0.5
4.336174880695234 | 1 | -0.5
3.9420070771808278 | 1 | -0.5
2.5059728045786707 | 1 | -0.5
1.9183557569769039 | 1 | -0.5
1.5671102565685882 | 1 | -0.5
1.3765705083861361 | 1 | -0.5
1.239564715128574 | 1 | -0.5
1.237832166411093 | 1 | -0.5
1.2182638298749104 | 1 | -0.5
1.3279851929516087 | 1 | -0.5
1.4993087290758413 | 1 | -0.5
1.7188156483086563 | 1 | -0.5
2.1738264181350906 | 1 | -0.5
3.178205376811239 | 1 | -0.5
6.481221726242616 | 1 | -0.5
6.834791579380783 | 1 | -0.5
6.94054612903242 | 1 | -0.5
3.7549206938062727 | 1 | -0.5
2.744131721060295 | 1 | -0.5
1.9961677142490912 | 1 | -0.5
1.6843793985935192 | 1 | -0.5
1.4693726492764754 | 1 | -0.5
1.3574618991849123 | 1 | -0.5
1.3622441413488315 | 1 | -0.5
1.4469962331876778 | 1 | -0.5
1.6218504209090578 | 1 | -0.5
1.9354708589199272 | 1 | -0.5
5.453762373628249 | 1 | -0.5
4.838762882936863 | 1 | -0.5
4.500360066527354 | 1 | -0.5
4.364912285610899 | 1 | -0.5
4.404148910587979 | 1 | -0.5
4.55785294937502 | 1 | -0.5
2.8440236234261693 | 1 | -0.5
1.9619851364077359 | 1 | -0.5
1.6008850764617883 | 1 | -0.5
1.388820949114637 | 1 | -0.5
1.2882350915661256 | 1 | -0.5
1.2201107128811848 | 1 | -0.5
1.2155220101917281 | 1 | -0.5
1.3061877160876585 | 1 | -0.5
1.4417869130548713 | 1 | -0.5
1.7067571621066409 | 1 | -0.5
2.1691375498881045 | 1 | -0.5
3.060687330052782 | 1 | -0.5
5.340505912609953 | 1 | -0.5
6.728654956779722 | 1 | -0.5
6.806073030259504 | 1 | -0.5
7.08813350262574 | 1 | -0.5
3.229321112140901 | 1 | -0.5
2.3777415900783323 | 1 | -0.5
1.9395028909036809 | 1 | -0.5
1.677139876732074 | 1 | -0.5
1.5086901948563256 | 1 | -0.5
1.4520887316573963 | 1 | -0.5
1.4377732625488628 | 1 | -0.5
1.5017916604630945 | 1 | -0.5
1.6420012406856075 | 1 | -0.5
1.8691397927622329 | 1 | -0.5
6.093979834158865 | 1 | -0.5
5.160815432222297 | 1 | -0.5
4.735006543351206 | 1 | -0.5
4.49366156287242 | 1 | -0.5
4.44912450815501 | 1 | -0.5
4.597464916653665 | 1 | -0.5
2.977563293943231 | 1 | -0.5
2.1646100637552093 | 1 | -0.5
1.679811395997522 | 1 | -0.5
1.4411703336652952 | 1 | -0.5
1.3013019955085547 | 1 | -0.5
1.304166421160391 | 1 | -0.5
1.2413503903012963 | 1 | -0.5
1.3062476462918096 | 1 | -0.5
1.470616419195229 | 1 | -0.5
1.7054362937137755 | 1 | -0.5
2.324391349885296 | 1 | -0.5
3.519034498809253 | 1 | -0.5
6.857915825630109 | 1 | -0.5
6.722865092691121 | 1 | -0.5
6.922414461042338 | 1 | -0.5
3.297283629796596 | 1 | -0.5
2.2563324282137844 | 1 | -0.5
1.8356365726298915 | 1 | -0.5
1.5714528767419083 | 1 | -0.5
1.4432745096413695 | 1 | -0.5
1.3959614355985381 | 1 | -0.5
1.383697876076092 | 1 | -0.5
1.410785271472651 | 1 | -0.5
1.6129826442340967 | 1 | -0.5
1.8871956450548153 | 1 | -0.5
5.404243360339621 | 1 | -0.5
4.786266144237612 | 1 | -0.5
4.489786051978176 | 1 | -0.5
4.30919238647936 | 1 | -0.5
4.368316586031057 | 1 | -0.5
3.836295424526688 | 1 | -0.5
2.541932599783903 | 1 | -0.5
1.9109697833756443 | 1 | -0.5
1.5865371323028388 | 1 | -0.5
1.3950827921776439 | 1 | -0.5
1.2643099794566763 | 1 | -0.5
1.1503119097037355 | 1 | -0.5
1.1643639916925148 | 1 | -0.5
1.2560526711721078 | 1 | -0.5
1.358467898711466 | 1 | -0.5
1.5587118630338335 | 1 | -0.5
1.9967718772269436 | 1 | -0.5
2.7658508081090116 | 1 | -0.5
4.411552865729505 | 1 | -0.5
6.883102901972067 | 1 | -0.5
6.837743168212569 | 1 | -0.5
7.061604908747575 | 1 | -0.5
3.4498750318534896 | 1 | -0.5
2.4379239086699425 | 1 | -0.5
1.972115109584419 | 1 | -0.5
1.6997178903868069 | 1 | -0.5
1.5259856568161416 | 1 | -0.5
1.425668095566054 | 1 | -0.5
1.3998207226679873 | 1 | -0.5
1.4756262879501256 | 1 | -0.5
1.5592083248685626 | 1 | -0.5
1.8068498563614563 | 1 | -0.5
5.916981140321029 | 1 | -0.5
5.03794530422488 | 1 | -0.5
4.545722332911604 | 1 | -0.5
4.291168214976963 | 1 | -0.5
4.292465730287315 | 1 | -0.5
4.509996066099206 | 1 | -0.5
2.8290826835729033 | 1 | -0.5
1.944588985730493 | 1 | -0.5
1.616346646877151 | 1 | -0.5
1.3357820151950301 | 1 | -0.5
1.2791887372464619 | 1 | -0.5
1.2055973368434263 | 1 | -0.5
1.2446827527385975 | 1 | -0.5
1.3106459493451488 | 1 | -0.5
1.4474314409145816 | 1 | -0.5
1.6782372984051395 | 1 | -0.5
2.354481727632286 | 1 | -0.5
3.4324239472776896 | 1 | -0.5
6.606886787370445 | 1 | -0.5
6.86484864397971 | 1 | -0.5
6.925884465176446 | 1 | -0.5
7.324825501629309 | 1 | -0.5
2.73097747132087 | 1 | -0.5
2.1258850469479516 | 1 | -0.5
1.7178217606012138 | 1 | -0.5
1.5080523831791932 | 1 | -0.5
1.4194580634869507 | 1 | -0.5
1.3717778186013005 | 1 | -0.5
1.3417323959808898 | 1 | -0.5
1.4657184705074484 | 1 | -0.5
1.5973692153870092 | 1 | -0.5
6.229738467223902 | 1 | -0.5
5.318255337343375 | 1 | -0.5
4.669006850769868 | 1 | -0.5
4.277030124630897 | 1 | -0.5
4.135106669576482 | 1 | -0.5
4.240691925077571 | 1 | -0.5
3.6207707086942396 | 1 | -0.5
2.3982766594933507 | 1 | -0.5
1.7850880351734908 | 1 | -0.5
1.4516609796519628 | 1 | -0.5
1.2857405688026557 | 1 | -0.5
1.2075749789093464 | 1 | -0.5
1.1957098429606443 | 1 | -0.5
1.2705828465141187 | 1 | -0.5
1.377089925504753 | 1 | -0.5
1.5896185528813973 | 1 | -0.5
1.9660190517539047 | 1 | -0.5
2.6436335605026646 | 1 | -0.5
4.570595969422323 | 1 | -0.5
7.037308069457637 | 1 | -0.5
7.010480942534602 | 1 | -0.5
7.365352200440236 | 1 | -0.5
3.0271366143247542 | 1 | -0.5
2.322691216192679 | 1 | -0.5
1.8690507172025075 | 1 | -0.5
1.6639897957726781 | 1 | -0.5
1.4734856675518915 | 1 | -0.5
1.4373417052235673 | 1 | -0.5
1.4140190080555994 | 1 | -0.5
1.4888090277674821 | 1 | -0.5
1.6085318064954144 | 1 | -0.5
1.8528826915893797 | 1 | -0.5
5.613928392198767 | 1 | -0.5
4.694445384136049 | 1 | -0.5
4.327945597252342 | 1 | -0.5
4.091952441716988 | 1 | -0.5
4.044785976770242 | 1 | -0.5
4.152777760082194 | 1 | -0.5
2.844166468780444 | 1 | -0.5
2.0352870550280557 | 1 | -0.5
1.5963199434835336 | 1 | -0.5
1.3330032976996185 | 1 | -0.5
1.171586118707534 | 1 | -0.5
1.1498126703218252 | 1 | -0.5
1.1072240451780837 | 1 | -0.5
1.1571329888359223 | 1 | -0.5
1.2782750618389644 | 1 | -0.5
1.4924175393746584 | 1 | -0.5
1.8637736942341072 | 1 | -0.5
2.6104387942661695 | 1 | -0.5
4.037109987841347 | 1 | -0.5
7.091040204933427 | 1 | -0.5
7.070611378054674 | 1 | -0.5
7.379390938163318 | 1 | -0.5
3.2517062108157053 | 1 | -0.5
2.476409642403013 | 1 | -0.5
2.003363772807123 | 1 | -0.5
1.741326341562786 | 1 | -0.5
1.6218947497771143 | 1 | -0.5
1.581950932898323 | 1 | -0.5
1.5788996219016223 | 1 | -0.5
1.7097130344971057 | 1 | -0.5
1.8993424788372089 | 1 | -0.5
6.05900456812889 | 1 | -0.5
5.1224482494171 | 1 | -0.5
4.4411860061481105 | 1 | -0.5
4.168032743829231 | 1 | -0.5
4.0309783412200675 | 1 | -0.5
4.097833175733756 | 1 | -0.5
2.7997992301219394 | 1 | -0.5
1.8848569568232072 | 1 | -0.5
1.3471472852066666 | 1 | -0.5
1.125176725020458 | 1 | -0.5
0.9979679748051995 | 1 | -0.5
0.9343683358432805 | 1 | -0.5
0.9366334689763973 | 1 | -0.5
0.9722481245767537 | 1 | -0.5
1.1108703759056924 | 1 | -0.5
1.2878297372305556 | 1 | -0.5
1.5676749672542607 | 1 | -0.5
2.2458393011307236 | 1 | -0.5
3.797653685897976 | 1 | -0.5
7.157463764842299 | 1 | -0.5
7.1680617966064695 | 1 | -0.5
7.4662763004579755 | 1 | -0.5
3.6469541288295013 | 1 | -0.5
2.7319299985304193 | 1 | -0.5
2.14357497907856 | 1 | -0.5
1.8533906629238874 | 1 | -0.5
1.7232714610637616 | 1 | -0.5
1.6929113333415562 | 1 | -0.5
1.73410303192707 | 1 | -0.5
1.8259309833081645 | 1 | -0.5
7.080955574101555 | 1 | -0.5
5.502161004517488 | 1 | -0.5
4.783434432732829 | 1 | -0.5
4.3480163650572585 | 1 | -0.5
4.063623201539672 | 1 | -0.5
3.940581547496471 | 1 | -0.5
3.935245333484875 | 0 | 5.0
4.0043918681634265 | 0 | 5.0
3.8107510154281266 | 0 | 5.0
2.6828944187831705 | 0 | -200.0
[1.63] | 1 | -0.5
1.8061180463519733 | 1 | -0.5
2.1318212940502446 | 1 | -0.5
2.8199383813035768 | 1 | -0.5
2.9321333945357706 | 1 | -0.5
2.758795793436461 | 1 | -0.5
2.743826750066472 | 1 | -0.5
2.747715088938028 | 1 | -0.5
2.8945719802883128 | 1 | -0.5
3.14206071247407 | 1 | -0.5
3.600355021407559 | 1 | -0.5
4.490245077673788 | 1 | -0.5
6.303866389527299 | 1 | -0.5
10.03554930939848 | 1 | -0.5
9.639772017814769 | 1 | -0.5
1.1484392639956826 | 1 | -0.5
1.207586938440275 | 1 | -0.5
1.2858718497314996 | 1 | -0.5
1.5193014022088598 | 1 | -0.5
1.9630343031565654 | 1 | -0.5
3.0038741297547142 | 1 | -0.5
6.445539224960942 | 1 | -0.5
8.455588081180208 | 1 | -0.5
8.715354725668517 | 1 | -0.5
3.9384360798564733 | 1 | -0.5
2.786473842690213 | 1 | -0.5
2.142037541742984 | 1 | -0.5
1.8528032816556474 | 1 | -0.5
1.6338123190381568 | 1 | -0.5
1.6244475851981854 | 1 | -0.5
1.559305985045556 | 1 | -0.5
1.61047466494606 | 1 | -0.5
1.769675695837141 | 1 | -0.5
1.9591649422071629 | 1 | -0.5
2.4271328666669567 | 1 | -0.5
3.039582633143737 | 1 | -0.5
2.742191456474698 | 1 | -0.5
2.597062172288043 | 1 | -0.5
2.6072372693456334 | 1 | -0.5
2.714593276292394 | 1 | -0.5
2.9816943388900463 | 1 | -0.5
3.3680629970437557 | 1 | -0.5
4.158122075453481 | 1 | -0.5
5.830252558919175 | 1 | -0.5
9.783982433993737 | 1 | -0.5
9.428039546317912 | 1 | -0.5
1.3244303921716316 | 1 | -0.5
1.0656538950807712 | 1 | -0.5
1.1607682726830686 | 1 | -0.5
1.3826884455107589 | 1 | -0.5
1.8297777658197962 | 1 | -0.5
2.7672424618371747 | 1 | -0.5
5.648815945909236 | 1 | -0.5
8.559585685651566 | 1 | -0.5
8.5951975054614 | 1 | -0.5
4.979452291372856 | 1 | -0.5
3.2526018281352824 | 1 | -0.5
2.537980969047628 | 1 | -0.5
2.04895180049517 | 1 | -0.5
1.8302360421219233 | 1 | -0.5
1.7202497820308436 | 1 | -0.5
1.686665678936684 | 1 | -0.5
1.7448014824332438 | 1 | -0.5
1.8271596661523062 | 1 | -0.5
2.012970536454486 | 1 | -0.5
2.321900799689412 | 1 | -0.5
2.889311301248794 | 1 | -0.5
2.9906115210731476 | 1 | -0.5
2.719632361772726 | 1 | -0.5
2.600124115641552 | 1 | -0.5
2.595920148868932 | 1 | -0.5
2.699132830260562 | 1 | -0.5
2.968601231018036 | 1 | -0.5
3.497616588732243 | 1 | -0.5
4.10658113864611 | 1 | -0.5
5.759046515246961 | 1 | -0.5
9.569225717991824 | 1 | -0.5
9.458891185458608 | 1 | -0.5
2.9362675057823293 | 1 | -0.5
0.9692768852752899 | 1 | -0.5
1.0817053651896227 | 1 | -0.5
1.2222463212073662 | 1 | -0.5
1.4978791245286136 | 1 | -0.5
1.990150507298571 | 1 | -0.5
3.2584121674125557 | 1 | -0.5
6.681838296666498 | 1 | -0.5
8.670127250756753 | 1 | -0.5
9.025711793015272 | 1 | -0.5
3.9895003837949754 | 1 | -0.5
2.6727656146396948 | 1 | -0.5
2.1387205445435122 | 1 | -0.5
1.8801904668021308 | 1 | -0.5
1.7763736645386665 | 1 | -0.5
1.6536456973303988 | 1 | -0.5
1.6878296764921539 | 1 | -0.5
1.8227885358687939 | 1 | -0.5
2.0467952641699725 | 1 | -0.5
2.50510800583849 | 1 | -0.5
2.8575360573033386 | 1 | -0.5
2.521312518519279 | 1 | -0.5
2.4356230688256226 | 1 | -0.5
2.468659365135689 | 1 | -0.5
2.5714930627025323 | 1 | -0.5
2.8111484557894886 | 1 | -0.5
3.1712081522206623 | 1 | -0.5
3.9187935641324607 | 1 | -0.5
5.487775470923203 | 1 | -0.5
9.582446418121155 | 1 | -0.5
9.416344250518234 | 1 | -0.5
2.9374785055269936 | 1 | -0.5
1.0904445629477668 | 1 | -0.5
1.0956777125309183 | 1 | -0.5
1.3201031957353053 | 1 | -0.5
1.5501391860300058 | 1 | -0.5
2.030441035100848 | 1 | -0.5
3.826272638657474 | 1 | -0.5
8.72958018199922 | 1 | -0.5
8.784808931681676 | 1 | -0.5
5.060436072115896 | 1 | -0.5
3.358407712662826 | 1 | -0.5
2.5197442749640317 | 1 | -0.5
2.1334932675823013 | 1 | -0.5
1.91134396787455 | 1 | -0.5
1.7765223922933282 | 1 | -0.5
1.7484163677156621 | 1 | -0.5
1.8106819229301605 | 1 | -0.5
1.912513769355484 | 1 | -0.5
2.1098440673314007 | 1 | -0.5
2.5198757877726474 | 1 | -0.5
3.130453718438797 | 1 | -0.5
2.75107654866974 | 1 | -0.5
2.569159057298673 | 1 | -0.5
2.5115324787739297 | 1 | -0.5
2.549003341388735 | 1 | -0.5
2.7105418858753385 | 1 | -0.5
2.9993110874052857 | 1 | -0.5
3.6156998499154036 | 1 | -0.5
4.736678050010324 | 1 | -0.5
7.331538686881866 | 1 | -0.5
9.444795118324238 | 1 | -0.5
9.304730282866648 | 1 | -0.5
1.5355842122011225 | 1 | -0.5
0.8922372915158528 | 1 | -0.5
1.0007147196936954 | 1 | -0.5
1.3054096900743895 | 1 | -0.5
1.8749635822362618 | 1 | -0.5
3.2854399529059117 | 1 | -0.5
7.618529420223826 | 1 | -0.5
8.694013527476484 | 1 | -0.5
9.0841535411447 | 1 | -0.5
4.099196236918532 | 1 | -0.5
3.0451775377594323 | 1 | -0.5
2.5568469103083356 | 1 | -0.5
2.2384478297378454 | 1 | -0.5
1.9914993641777745 | 1 | -0.5
1.9008517226901236 | 1 | -0.5
1.8536787034873783 | 1 | -0.5
1.9654405751272082 | 1 | -0.5
Total reward: -604.0
