-3.6, 2.1, -1.0, 0.5, -2.6, 5.0, 4.1, -1.1, -0.4, -3.7, -4.8, 2.3, -4.3, -2.1, 6.0, -2.7, 0.8, -1.2
parameter ends

state | action | reward
[8.8] | 2 | -0.5
4.629485662255886 | 2 | -0.5
3.0872755294275507 | 2 | -0.5
2.481239997114424 | 2 | -0.5
2.0246407884935285 | 2 | -0.5
1.8150191644206601 | 2 | -0.5
1.7101438226848402 | 2 | -0.5
2.080161507555429 | 2 | -0.5
10.33196636587832 | 2 | -0.5
10.829375848904645 | 2 | -0.5
5.740514933328395 | 2 | -0.5
4.525934077713622 | 2 | -0.5
4.039773512402186 | 2 | -0.5
3.6250027276816077 | 2 | -0.5
3.3383006957681323 | 2 | -0.5
3.2541648154335494 | 2 | -0.5
3.2721569558729984 | 2 | -0.5
3.393465077548681 | 2 | -0.5
3.5268577317231937 | 2 | -0.5
2.669795208871197 | 2 | -0.5
2.2291841648561888 | 2 | -0.5
1.9723860379156783 | 2 | -0.5
1.880346037077603 | 2 | -0.5
1.8465059350911601 | 2 | -0.5
1.8771277371717163 | 2 | -0.5
2.0178841423498666 | 2 | -0.5
2.1922314961506784 | 2 | -0.5
2.459764897968327 | 2 | -0.5
3.041167359203837 | 2 | -0.5
4.498173193940756 | 2 | -0.5
8.919527876452523 | 2 | -0.5
8.693107956366944 | 2 | -0.5
8.762482314812557 | 2 | -0.5
4.0821246837672485 | 2 | -0.5
2.8154777373919417 | 2 | -0.5
2.149986689832432 | 2 | -0.5
1.916325578529728 | 2 | -0.5
1.631483926386354 | 2 | -0.5
1.514970516786632 | 2 | -0.5
3.93308212602078 | 2 | -0.5
10.174827033478785 | 2 | -0.5
7.524456333765922 | 2 | -0.5
5.2825176935446985 | 2 | -0.5
4.251040336450508 | 2 | -0.5
3.7319544422029463 | 2 | -0.5
3.3951910588002083 | 2 | -0.5
3.1736452913396755 | 2 | -0.5
3.1110024225341064 | 2 | -0.5
3.194810511569309 | 2 | -0.5
3.397425141045018 | 2 | -0.5
3.116858734013024 | 2 | -0.5
2.4798868742159152 | 2 | -0.5
2.1156223371151106 | 2 | -0.5
1.9476893205541512 | 2 | -0.5
1.9283603913851053 | 2 | -0.5
1.9029376597433831 | 2 | -0.5
1.9604976404740662 | 2 | -0.5
2.0516325275003906 | 2 | -0.5
2.2748178485199477 | 2 | -0.5
2.9134196827194088 | 2 | -0.5
3.6874680950120795 | 2 | -0.5
5.872060406579914 | 2 | -0.5
8.79938166598973 | 2 | -0.5
8.761145340731874 | 2 | -0.5
5.3904469218215345 | 2 | -0.5
3.122632244461149 | 2 | -0.5
2.2999200194779665 | 2 | -0.5
1.8645669029429108 | 2 | -0.5
1.636519287768719 | 2 | -0.5
1.535683852443875 | 2 | -0.5
1.4416341551821885 | 2 | -0.5
9.974860147431912 | 2 | -0.5
10.324234182484512 | 2 | -0.5
6.177718733355356 | 2 | -0.5
4.531419222448923 | 2 | -0.5
3.771400177059264 | 2 | -0.5
3.4072690852460124 | 2 | -0.5
3.1156168874645105 | 2 | -0.5
3.0800031640532683 | 2 | -0.5
3.084066739351988 | 2 | -0.5
3.252894797007751 | 2 | -0.5
3.4101505004020534 | 2 | -0.5
2.715834705280597 | 2 | -0.5
2.307769129833509 | 2 | -0.5
2.0644800685901976 | 2 | -0.5
1.9339154450549485 | 2 | -0.5
1.937707756117541 | 2 | -0.5
1.975324821400867 | 2 | -0.5
2.108974206689977 | 2 | -0.5
2.326181111907336 | 2 | -0.5
2.6528403012539497 | 2 | -0.5
3.4043442663125876 | 2 | -0.5
5.036608620848447 | 2 | -0.5
8.917964399301404 | 2 | -0.5
8.816656524735228 | 2 | -0.5
6.888306392555982 | 2 | -0.5
3.5903823956676124 | 2 | -0.5
2.668552240463584 | 2 | -0.5
2.0906160384101673 | 2 | -0.5
1.911908754736192 | 2 | -0.5
1.7021224361806744 | 2 | -0.5
1.622617980943277 | 2 | -0.5
1.6072445923650909 | 2 | -0.5
10.274512425663513 | 2 | -0.5
10.763534510909645 | 2 | -0.5
5.839708343565592 | 2 | -0.5
4.545123739844009 | 2 | -0.5
3.862481768758812 | 2 | -0.5
3.4518448045973344 | 2 | -0.5
3.321547134632016 | 2 | -0.5
3.2817763869470804 | 2 | -0.5
3.3432893837873494 | 2 | -0.5
3.489645735513891 | 2 | -0.5
2.9418822479681914 | 2 | -0.5
2.3580364754577907 | 2 | -0.5
1.9931197607486784 | 2 | -0.5
1.8634562464857911 | 2 | -0.5
1.8085399296952385 | 2 | -0.5
1.8165969159514883 | 2 | -0.5
1.8342073328805717 | 2 | -0.5
1.9985732492545523 | 2 | -0.5
2.267341990637305 | 2 | -0.5
2.7514632465496214 | 2 | -0.5
3.543386545522845 | 2 | -0.5
5.806856734029584 | 2 | -0.5
8.634455203255264 | 2 | -0.5
7.076242619315596 | 2 | -0.5
3.9268856868077404 | 2 | -0.5
2.7416828830989823 | 2 | -0.5
2.202219778084556 | 2 | -0.5
1.9154100419035514 | 2 | -0.5
1.7287313647080111 | 2 | -0.5
1.6419361178776088 | 2 | -0.5
1.5640219946875649 | 2 | -0.5
10.20915985987056 | 2 | -0.5
10.866699097611233 | 2 | -0.5
5.676614313767353 | 2 | -0.5
4.409168453186692 | 2 | -0.5
3.8733017031037273 | 2 | -0.5
3.415551032248177 | 2 | -0.5
3.2921988629635215 | 2 | -0.5
3.2361665774314132 | 2 | -0.5
3.359376114604582 | 2 | -0.5
3.581367201170227 | 2 | -0.5
2.6102447751873927 | 2 | -0.5
2.2022941284199624 | 2 | -0.5
1.9697826007691606 | 2 | -0.5
1.8969509648960137 | 2 | -0.5
1.7950413517883095 | 2 | -0.5
1.8767169316304466 | 2 | -0.5
2.0228471065818456 | 2 | -0.5
2.2611681129357732 | 2 | -0.5
2.7836751385280287 | 2 | -0.5
3.400046237267526 | 2 | -0.5
5.591436833136071 | 2 | -0.5
8.683569078602192 | 2 | -0.5
8.726292830012248 | 2 | -0.5
4.297344285850197 | 2 | -0.5
2.8073664056911047 | 2 | -0.5
2.2389838413477663 | 2 | -0.5
1.8476790940175312 | 2 | -0.5
1.7233028827597865 | 2 | -0.5
1.6044852373984235 | 2 | -0.5
1.4951419271489976 | 2 | -0.5
10.185719963398666 | 2 | -0.5
10.666787272883669 | 2 | -0.5
6.283759594965229 | 2 | -0.5
4.683063641478447 | 2 | -0.5
3.907199518613935 | 2 | -0.5
3.5456491985204983 | 2 | -0.5
3.332883183149343 | 2 | -0.5
3.3088750085610648 | 2 | -0.5
3.3135876238696143 | 2 | -0.5
3.490782954835788 | 2 | -0.5
3.4756757489020016 | 2 | -0.5
2.8309293481584596 | 2 | -0.5
2.3533926492979935 | 2 | -0.5
2.1091125443108503 | 2 | -0.5
1.999825015201125 | 2 | -0.5
1.9827081488622857 | 2 | -0.5
1.945576351774132 | 2 | -0.5
2.072619022308775 | 2 | -0.5
2.2276292212108824 | 2 | -0.5
2.578591845154776 | 2 | -0.5
3.15861569099071 | 2 | -0.5
4.284787918966204 | 2 | -0.5
8.954424240349828 | 2 | -0.5
8.688537912389865 | 2 | -0.5
7.31553344719362 | 2 | -0.5
3.7222678881641302 | 2 | -0.5
2.644312790577352 | 2 | -0.5
2.0328104086258643 | 2 | -0.5
1.7919673895188108 | 2 | -0.5
1.6339818437684555 | 2 | -0.5
1.5187370546280297 | 2 | -0.5
1.5775350915679625 | 2 | -0.5
10.16267467357354 | 2 | -0.5
10.559002126587185 | 2 | -0.5
5.964248100714751 | 2 | -0.5
4.495957588433563 | 2 | -0.5
3.815802541608354 | 2 | -0.5
3.437825877451779 | 2 | -0.5
3.1632048177994094 | 2 | -0.5
3.1257906470226784 | 2 | -0.5
3.181327374356604 | 2 | -0.5
3.497695957313331 | 2 | -0.5
2.962537942740576 | 2 | -0.5
2.473986464497674 | 2 | -0.5
2.164266890830922 | 2 | -0.5
2.0016172786042183 | 2 | -0.5
1.9333520360031915 | 2 | -0.5
1.9168107397871286 | 2 | -0.5
1.9890586222739068 | 2 | -0.5
2.148279042959751 | 2 | -0.5
2.442981102810425 | 2 | -0.5
2.9863819755554193 | 2 | -0.5
3.7865753951049337 | 2 | -0.5
9.036350891167672 | 2 | -0.5
8.735612036094329 | 2 | -0.5
8.72929404248329 | 2 | -0.5
4.922751250547464 | 2 | -0.5
3.0192363987679447 | 2 | -0.5
2.3668356440596288 | 2 | -0.5
1.8819483616623025 | 2 | -0.5
1.6883836914029502 | 2 | -0.5
1.5679465896173235 | 2 | -0.5
1.4910969116700385 | 2 | -0.5
10.065515353052236 | 2 | -0.5
10.379071615241777 | 2 | -0.5
7.000922940979172 | 2 | -0.5
5.4247416612949495 | 2 | -0.5
4.236667211682902 | 2 | -0.5
3.6849498328458408 | 2 | -0.5
3.4265926877649435 | 2 | -0.5
3.28237045915158 | 2 | -0.5
3.296855347737566 | 2 | -0.5
3.424160683705409 | 2 | -0.5
3.712347463977563 | 2 | -0.5
2.839370926848476 | 2 | -0.5
2.3177912305543726 | 2 | -0.5
2.0705764701258187 | 2 | -0.5
1.9533366910021461 | 2 | -0.5
1.8778181844678854 | 2 | -0.5
1.924146368255787 | 2 | -0.5
1.959340043504789 | 2 | -0.5
2.0760084302399684 | 2 | -0.5
2.3590638648062585 | 2 | -0.5
2.679920015351148 | 2 | -0.5
3.476454750820812 | 2 | -0.5
5.552270433669121 | 2 | -0.5
8.729638853274626 | 2 | -0.5
8.712796050601398 | 2 | -0.5
4.354630570130646 | 2 | -0.5
2.793448256365281 | 2 | -0.5
2.093474494235316 | 2 | -0.5
1.8359359477307333 | 2 | -0.5
1.5894884441227464 | 2 | -0.5
1.4687534831764235 | 2 | -0.5
9.936159634851107 | 2 | -0.5
10.22984841701279 | 2 | -0.5
7.577980765992644 | 2 | -0.5
5.033335207285507 | 2 | -0.5
4.188696826418991 | 2 | -0.5
3.6556879746825635 | 2 | -0.5
3.3628694447977 | 2 | -0.5
3.2160306771957385 | 2 | -0.5
3.213423924002191 | 2 | -0.5
3.3253761098705614 | 2 | -0.5
3.586948649299174 | 2 | -0.5
3.0880875328415893 | 2 | -0.5
2.531664326226628 | 2 | -0.5
2.1961915797412472 | 2 | -0.5
1.997058532255814 | 2 | -0.5
1.9141750652559877 | 2 | -0.5
1.8956499974525416 | 2 | -0.5
1.9840872490736594 | 2 | -0.5
2.0930909359841086 | 2 | -0.5
2.357290491294493 | 2 | -0.5
2.809466164822413 | 2 | -0.5
3.681325516241766 | 2 | -0.5
5.7304532513265105 | 2 | -0.5
8.658092706420396 | 2 | -0.5
8.668001198713954 | 2 | -0.5
4.383719488167601 | 2 | -0.5
2.699458634627333 | 2 | -0.5
2.084432488588341 | 2 | -0.5
1.796772133805115 | 2 | -0.5
1.616244922658429 | 2 | -0.5
1.4607135336982942 | 2 | -0.5
1.433180497675794 | 2 | -0.5
10.016384056063673 | 2 | -0.5
10.442502848692348 | 2 | -0.5
6.709793106670284 | 2 | -0.5
4.98004116600617 | 2 | -0.5
4.109650162448975 | 2 | -0.5
3.5703713864973636 | 2 | -0.5
3.343584795879917 | 2 | -0.5
3.245009619846742 | 2 | -0.5
3.2773321861206197 | 2 | -0.5
3.429283784965791 | 2 | -0.5
3.438559582717252 | 2 | -0.5
2.6804897279111213 | 2 | -0.5
2.3476652819282102 | 2 | -0.5
2.089872210298923 | 2 | -0.5
1.9567177932074786 | 2 | -0.5
1.8736015664426047 | 2 | -0.5
1.9065656126817008 | 2 | -0.5
2.0165182936029242 | 2 | -0.5
2.160941589513212 | 2 | -0.5
2.4754046427989294 | 2 | -0.5
3.0906581983479375 | 2 | -0.5
4.004556938174 | 2 | -0.5
8.94468855026942 | 2 | -0.5
8.704731962676721 | 2 | -0.5
8.768336570662186 | 2 | -0.5
4.222458626964401 | 2 | -0.5
2.91769192246874 | 2 | -0.5
2.2257508051763497 | 2 | -0.5
1.8637919377210275 | 2 | -0.5
1.6451132672450586 | 2 | -0.5
1.5542622639959263 | 2 | -0.5
1.5213046961719476 | 2 | -0.5
10.20899219856715 | 2 | -0.5
10.878615013654565 | 2 | -0.5
5.461094489136796 | 2 | -0.5
4.410751044559045 | 2 | -0.5
3.7818183400433694 | 2 | -0.5
3.460239201979333 | 2 | -0.5
3.253173209237397 | 2 | -0.5
3.1764459849632947 | 2 | -0.5
3.25449738914903 | 2 | -0.5
3.338722761155237 | 2 | -0.5
3.5353606945779963 | 2 | -0.5
2.7411928270898267 | 2 | -0.5
2.3323879743780984 | 2 | -0.5
2.052594213530963 | 2 | -0.5
1.9461108829572202 | 2 | -0.5
1.8989341210552921 | 2 | -0.5
1.9257520577529237 | 2 | -0.5
2.0515959573994866 | 2 | -0.5
2.2251003436887866 | 2 | -0.5
2.545227693868015 | 2 | -0.5
3.125073116201172 | 2 | -0.5
4.110306339190419 | 2 | -0.5
8.8705241013024 | 2 | -0.5
8.5874654345656 | 2 | -0.5
8.692115298051265 | 2 | -0.5
3.636585499067784 | 2 | -0.5
2.4700186861415063 | 2 | -0.5
1.9682632203835781 | 2 | -0.5
1.7118354899897597 | 2 | -0.5
1.5750188073854665 | 2 | -0.5
1.5105493634937235 | 2 | -0.5
1.4789343773074146 | 2 | -0.5
10.175468374165968 | 2 | -0.5
10.859905920707167 | 2 | -0.5
5.620911382677903 | 2 | -0.5
4.5455577409880545 | 2 | -0.5
3.888278820943112 | 2 | -0.5
3.5308833827584127 | 2 | -0.5
3.333692311486363 | 2 | -0.5
3.2865244826864806 | 2 | -0.5
3.3573447108777748 | 2 | -0.5
3.5478714281077792 | 2 | -0.5
3.140966243910075 | 2 | -0.5
2.5394938145827783 | 2 | -0.5
2.1959173968958323 | 2 | -0.5
1.9476660980342666 | 2 | -0.5
1.8813782979422011 | 2 | -0.5
1.854088696700048 | 2 | -0.5
1.978782828588727 | 2 | -0.5
2.0881485720421646 | 2 | -0.5
2.2878041019883124 | 2 | -0.5
2.66608402694067 | 2 | -0.5
3.379903571360077 | 2 | -0.5
4.886453540482445 | 2 | -0.5
8.730943183078706 | 2 | -0.5
8.611478402594106 | 2 | -0.5
6.067956098554202 | 2 | -0.5
3.504469233823823 | 2 | -0.5
2.404110155088247 | 2 | -0.5
1.941203554578971 | 2 | -0.5
1.6989845326639148 | 2 | -0.5
1.5480905683400668 | 2 | -0.5
1.5043923727480073 | 2 | -0.5
10.076141986116372 | 2 | -0.5
10.476195385808698 | 2 | -0.5
6.449489859972021 | 2 | -0.5
5.003381735215787 | 2 | -0.5
4.0500558693444635 | 2 | -0.5
3.6273534414325006 | 2 | -0.5
3.370586461390267 | 2 | -0.5
3.2371212270449283 | 2 | -0.5
3.3080046430038403 | 2 | -0.5
3.5088565791282 | 2 | -0.5
3.3316614336828803 | 2 | -0.5
2.6331678150352804 | 2 | -0.5
2.3624505306005648 | 2 | -0.5
2.1320263646939877 | 2 | -0.5
1.9972395421913762 | 2 | -0.5
1.915772346566143 | 2 | -0.5
1.989086623942759 | 2 | -0.5
2.0334630956291146 | 2 | -0.5
2.2349176807333375 | 2 | -0.5
2.571834954066888 | 2 | -0.5
3.1239273473555733 | 2 | -0.5
4.063248664430337 | 2 | -0.5
8.927338759429562 | 2 | -0.5
8.639392783925482 | 2 | -0.5
7.877030546618452 | 2 | -0.5
3.7806158081930663 | 2 | -0.5
2.472012754150141 | 2 | -0.5
1.9787723451121535 | 2 | -0.5
1.7112940048323533 | 2 | -0.5
1.585514738202884 | 2 | -0.5
1.5262312278552084 | 2 | -0.5
1.5008613404715736 | 2 | -0.5
10.305776378543497 | 2 | -0.5
7.370395727582097 | 2 | -0.5
5.299213069847688 | 2 | -0.5
4.239186473123875 | 2 | -0.5
3.6143254254278934 | 2 | -0.5
3.3830915442663705 | 2 | -0.5
3.2474446298293103 | 2 | -0.5
3.2391970066236593 | 2 | -0.5
3.346010026649302 | 2 | -0.5
3.580849861388034 | 2 | -0.5
3.0357459891706524 | 2 | -0.5
2.4862398698746064 | 2 | -0.5
2.199773611742938 | 2 | -0.5
2.074523265898359 | 2 | -0.5
1.9734120938714756 | 2 | -0.5
1.9691652383121105 | 2 | -0.5
2.0441173379220734 | 2 | -0.5
2.154194477221006 | 2 | -0.5
2.3933780897484027 | 2 | -0.5
2.815731508244067 | 2 | -0.5
3.6747174726103817 | 2 | -0.5
5.329129476544506 | 2 | -0.5
8.813290992864534 | 2 | -0.5
8.79615414695404 | 2 | -0.5
5.283480229787537 | 2 | -0.5
3.1549446284252496 | 2 | -0.5
2.2567752610362333 | 2 | -0.5
1.9540620818205678 | 2 | -0.5
1.758114416413397 | 2 | -0.5
1.628892668631434 | 2 | -0.5
1.55189270807308 | 2 | -0.5
10.06962287532316 | 2 | -0.5
10.419507726791593 | 2 | -0.5
6.532695624290532 | 2 | -0.5
4.829536015631511 | 2 | -0.5
3.9442000817869722 | 2 | -0.5
3.5574035609810766 | 2 | -0.5
3.2627697370434565 | 2 | -0.5
3.1762871974977154 | 2 | -0.5
3.1700523199981947 | 2 | -0.5
3.3009273579516325 | 2 | -0.5
3.5734670655689844 | 2 | -0.5
2.836625358840921 | 2 | -0.5
2.299801924618326 | 2 | -0.5
2.052411706226882 | 2 | -0.5
1.8737385316495119 | 2 | -0.5
1.795317313074962 | 2 | -0.5
1.8106349122869028 | 2 | -0.5
1.8760616739411782 | 2 | -0.5
2.039333381117927 | 2 | -0.5
2.328014818739535 | 2 | -0.5
2.872951082233656 | 2 | -0.5
3.734727511446802 | 2 | -0.5
5.715959780056552 | 2 | -0.5
8.692291166564273 | 2 | -0.5
8.673029400028113 | 2 | -0.5
4.928436124445588 | 2 | -0.5
3.1355002332272726 | 2 | -0.5
2.3401046044096168 | 2 | -0.5
1.9842408976856196 | 2 | -0.5
1.7522585334856173 | 2 | -0.5
1.6245199165919397 | 2 | -0.5
1.5886744890513878 | 2 | -0.5
10.126674165711586 | 2 | -0.5
10.41127468537681 | 2 | -0.5
6.9016261650885475 | 2 | -0.5
5.087476305204177 | 2 | -0.5
4.181098659755599 | 2 | -0.5
3.7676266632918924 | 2 | -0.5
3.4855439475261853 | 2 | -0.5
3.324515814792562 | 2 | -0.5
3.281087381925003 | 2 | -0.5
3.3869901445546455 | 2 | -0.5
3.626647726296092 | 2 | -0.5
2.9759996980579837 | 2 | -0.5
2.3636148605706366 | 2 | -0.5
2.037312272616661 | 2 | -0.5
1.8960549478856445 | 2 | -0.5
1.7883723399924087 | 2 | -0.5
1.7959758636698095 | 2 | -0.5
1.8568099975876529 | 2 | -0.5
1.9639713751804955 | 2 | -0.5
2.221778173561708 | 2 | -0.5
2.576807736393167 | 2 | -0.5
3.326814964135264 | 2 | -0.5
5.35489732024756 | 2 | -0.5
8.677596796241366 | 2 | -0.5
8.677257951262757 | 2 | -0.5
5.047133826692193 | 2 | -0.5
3.1657884780303793 | 2 | -0.5
2.3587142220367143 | 2 | -0.5
1.9974978261988359 | 2 | -0.5
1.7865679368624836 | 2 | -0.5
1.6839779833007686 | 2 | -0.5
1.6120937054131228 | 2 | -0.5
10.281411495563912 | 2 | -0.5
10.989988086238537 | 2 | -0.5
5.572277653211479 | 2 | -0.5
4.4203317016713735 | 2 | -0.5
3.8139090499752877 | 2 | -0.5
3.489527741118496 | 2 | -0.5
3.3280415969657984 | 2 | -0.5
3.3247528371507604 | 2 | -0.5
3.4011488158311676 | 2 | -0.5
3.6438931549946263 | 2 | -0.5
2.6993162065439527 | 2 | -0.5
2.271683488868997 | 2 | -0.5
2.0892688405299524 | 2 | -0.5
1.934513139391863 | 2 | -0.5
1.8966279172037719 | 2 | -0.5
1.9011611761936231 | 2 | -0.5
2.004303425189345 | 2 | -0.5
2.1355053447773593 | 2 | -0.5
2.5897234227120354 | 2 | -0.5
3.346025024448304 | 2 | -0.5
5.163400637616856 | 2 | -0.5
8.724843639549828 | 2 | -0.5
8.68333702706929 | 2 | -0.5
4.893115116257136 | 2 | -0.5
3.005028321599241 | 2 | -0.5
2.243793660681773 | 2 | -0.5
1.9085724142797975 | 2 | -0.5
1.7226116072968256 | 2 | -0.5
1.592156544452098 | 2 | -0.5
1.6101590599341324 | 2 | -0.5
10.268860598692742 | 2 | -0.5
10.836837296452188 | 2 | -0.5
5.941709943072092 | 2 | -0.5
4.507667345767416 | 2 | -0.5
3.9051143517541385 | 2 | -0.5
3.4761408810395076 | 2 | -0.5
3.322527713139885 | 2 | -0.5
3.225456163448665 | 2 | -0.5
3.2918511179528167 | 2 | -0.5
3.4964606400031424 | 2 | -0.5
3.1040908414774995 | 2 | -0.5
2.530967927501585 | 2 | -0.5
2.131375575343481 | 2 | -0.5
1.9549267593330029 | 2 | -0.5
1.8831069767568698 | 2 | -0.5
1.8430419780146063 | 2 | -0.5
1.9413178843279457 | 2 | -0.5
2.0867077685006277 | 2 | -0.5
2.3351051732800885 | 2 | -0.5
2.7170061871286655 | 2 | -0.5
3.701442665374402 | 2 | -0.5
9.022391759509638 | 2 | -0.5
8.719481510109912 | 2 | -0.5
8.793680987901816 | 2 | -0.5
4.309934348735191 | 2 | -0.5
2.855554205526034 | 2 | -0.5
2.2667732271660057 | 2 | -0.5
1.8814811905261795 | 2 | -0.5
1.7108616661743754 | 2 | -0.5
1.6188485566863264 | 2 | -0.5
1.5857323184742587 | 2 | -0.5
10.107578467800835 | 2 | -0.5
10.638786120809113 | 2 | -0.5
5.756555089750011 | 2 | -0.5
4.556294005300454 | 2 | -0.5
3.8296413654821846 | 2 | -0.5
3.4414002015668963 | 2 | -0.5
3.2672443298329803 | 2 | -0.5
3.2160659124758744 | 2 | -0.5
3.334249705699407 | 2 | -0.5
3.522509450972165 | 2 | -0.5
2.8631909340061443 | 2 | -0.5
2.3606217380414996 | 2 | -0.5
2.0878199954554275 | 2 | -0.5
1.97502558792779 | 2 | -0.5
1.891950328298385 | 2 | -0.5
1.9049066659824356 | 2 | -0.5
2.0176496704159437 | 2 | -0.5
2.2166850628530437 | 2 | -0.5
2.4770205484389702 | 2 | -0.5
3.0976147699845895 | 2 | -0.5
4.52564818692905 | 2 | -0.5
8.928354751460759 | 2 | -0.5
8.723042370209052 | 2 | -0.5
7.630876746884795 | 2 | -0.5
3.8319576484307167 | 2 | -0.5
2.5419950999117464 | 2 | -0.5
2.0267887274358793 | 2 | -0.5
1.846239863368955 | 2 | -0.5
1.6436366948213754 | 2 | -0.5
1.5358527047650072 | 2 | -0.5
10.053026458283384 | 2 | -0.5
10.308162544346997 | 2 | -0.5
7.264971012564907 | 2 | -0.5
5.185349273736239 | 2 | -0.5
4.046514347603866 | 2 | -0.5
3.4801327692211927 | 2 | -0.5
3.2579489004023894 | 2 | -0.5
3.1745658317942342 | 2 | -0.5
3.220527256464271 | 2 | -0.5
3.3327789208437113 | 2 | -0.5
3.3606797947832394 | 2 | -0.5
2.6270931609329033 | 2 | -0.5
2.1649197609495907 | 2 | -0.5
1.9873549964782395 | 2 | -0.5
1.9012027992307963 | 2 | -0.5
1.8365836613039097 | 2 | -0.5
1.8086294478562568 | 2 | -0.5
1.9081549518979248 | 2 | -0.5
2.05513657150606 | 2 | -0.5
2.400913826275788 | 2 | -0.5
2.867789416743418 | 2 | -0.5
3.860231148184456 | 2 | -0.5
9.04695237377189 | 2 | -0.5
8.794222793356957 | 2 | -0.5
7.086642523799389 | 2 | -0.5
3.6142108156572945 | 2 | -0.5
2.742410283431011 | 2 | -0.5
2.122914114758977 | 2 | -0.5
1.8444764419247721 | 2 | -0.5
1.6868907472758603 | 2 | -0.5
1.6308267611158485 | 2 | -0.5
6.584152100567147 | 2 | -0.5
10.261141614201021 | 2 | -0.5
10.86174686738213 | 2 | -0.5
5.573904653557649 | 2 | -0.5
4.44214303529859 | 2 | -0.5
3.75046968994074 | 2 | -0.5
3.3471877232223126 | 2 | -0.5
3.1489004440370696 | 2 | -0.5
3.089784686738532 | 2 | -0.5
3.093767723931347 | 2 | -0.5
3.2224038583795074 | 2 | -0.5
3.5126638932983667 | 2 | -0.5
2.6396286597822085 | 2 | -0.5
2.228267874032284 | 2 | -0.5
2.0025519696155305 | 2 | -0.5
1.9226392274233761 | 2 | -0.5
1.847373873934617 | 2 | -0.5
1.862641977969675 | 2 | -0.5
2.034469414890116 | 2 | -0.5
2.271988169124001 | 2 | -0.5
2.842737670730556 | 2 | -0.5
3.7433444643139375 | 2 | -0.5
5.516034552665868 | 2 | -0.5
8.835603114115498 | 2 | -0.5
8.833346599783459 | 2 | -0.5
5.140408203549176 | 2 | -0.5
3.0879824602328925 | 2 | -0.5
2.2996459711595643 | 2 | -0.5
1.8852361593633724 | 2 | -0.5
1.6563216667255218 | 2 | -0.5
1.5353542808933907 | 2 | -0.5
2.061748183739859 | 2 | -0.5
10.173801966012173 | 2 | -0.5
10.854381590916681 | 2 | -0.5
5.33227597083636 | 2 | -0.5
4.19578900562974 | 2 | -0.5
3.7076620268291647 | 2 | -0.5
3.432849779301721 | 2 | -0.5
3.2341340198662305 | 2 | -0.5
3.146864763986965 | 2 | -0.5
3.2361819969177334 | 2 | -0.5
3.5149388505208257 | 2 | -0.5
2.965856189729078 | 2 | -0.5
2.406286204114239 | 2 | -0.5
2.130611650948507 | 2 | -0.5
1.9547592769145048 | 2 | -0.5
1.8681232579890275 | 2 | -0.5
1.9162594482704216 | 2 | -0.5
2.0051011531814313 | 2 | -0.5
2.179799932253389 | 2 | -0.5
2.5345459918753446 | 2 | -0.5
3.238398359400984 | 2 | -0.5
4.561925970307055 | 2 | -0.5
8.863919380357164 | 2 | -0.5
8.719518787128969 | 2 | -0.5
7.414064105454389 | 2 | -0.5
4.168587744985262 | 2 | -0.5
2.7274246142601153 | 2 | -0.5
2.09927449159856 | 2 | -0.5
1.784822386822544 | 2 | -0.5
1.6100057324435233 | 2 | -0.5
1.4713506119832256 | 2 | -0.5
1.4747914309125447 | 2 | -0.5
10.045911124354193 | 2 | -0.5
10.446018877006448 | 2 | -0.5
6.205189219459616 | 2 | -0.5
4.709291264424039 | 2 | -0.5
3.77760123943489 | 2 | -0.5
3.473394591846879 | 2 | -0.5
3.2390296617314425 | 2 | -0.5
3.1358525509268014 | 2 | -0.5
3.207555294831853 | 2 | -0.5
3.3231519047915166 | 2 | -0.5
3.419852534499333 | 2 | -0.5
2.6555516942935613 | 2 | -0.5
2.273569517151168 | 2 | -0.5
2.0008735242173485 | 2 | -0.5
1.9304777525423722 | 2 | -0.5
1.8283293892698016 | 2 | -0.5
1.8591447779016483 | 2 | -0.5
1.9544947679775535 | 2 | -0.5
2.1292158725231634 | 2 | -0.5
2.416437648909637 | 2 | -0.5
2.9542500894003183 | 2 | -0.5
4.185177026551043 | 2 | -0.5
9.112352355442008 | 2 | -0.5
8.83483213407741 | 2 | -0.5
8.84198986513698 | 2 | -0.5
4.730249706206433 | 2 | -0.5
3.0709902354927388 | 2 | -0.5
2.3046174164488282 | 2 | -0.5
1.8934767124169791 | 2 | -0.5
1.7362672514320454 | 2 | -0.5
1.594732256314685 | 2 | -0.5
1.6481723268272712 | 2 | -0.5
10.072405199598194 | 2 | -0.5
10.387742302829892 | 2 | -0.5
7.110164446283609 | 2 | -0.5
5.298753690695535 | 2 | -0.5
4.1951487484565 | 2 | -0.5
3.6997875459494143 | 2 | -0.5
3.325074876665288 | 2 | -0.5
3.124895814028715 | 2 | -0.5
3.0855126519499443 | 2 | -0.5
3.1655234574506985 | 2 | -0.5
3.2923065880724676 | 2 | -0.5
3.218340198396801 | 2 | -0.5
2.415819063047922 | 2 | -0.5
2.1011316450265465 | 2 | -0.5
1.9349160192388246 | 2 | -0.5
1.8334857063162475 | 2 | -0.5
1.8128418304725902 | 2 | -0.5
1.8460322509128755 | 2 | -0.5
2.005333356795497 | 2 | -0.5
2.210059662190691 | 2 | -0.5
2.4911892796394843 | 2 | -0.5
3.0069127578541224 | 2 | -0.5
4.227026365405194 | 2 | -0.5
9.129796904187364 | 2 | -0.5
8.878311148722599 | 2 | -0.5
8.97561672657614 | 2 | -0.5
4.378563856948339 | 2 | -0.5
3.1459015342280368 | 2 | -0.5
2.470852826881574 | 2 | -0.5
2.105447154366193 | 2 | -0.5
1.8531874303991351 | 2 | -0.5
1.7405616790808824 | 2 | -0.5
7.061725989919753 | 2 | -0.5
10.335646345391307 | 2 | -0.5
10.805502040571431 | 2 | -0.5
5.798422491086806 | 2 | -0.5
4.475807677644547 | 2 | -0.5
3.789453674016343 | 2 | -0.5
3.467442568277011 | 2 | -0.5
3.2806120987194025 | 2 | -0.5
3.170123548610368 | 2 | -0.5
3.188337920330639 | 2 | -0.5
3.285435752112084 | 2 | -0.5
3.209170197560984 | 2 | -0.5
2.438377849751342 | 2 | -0.5
2.0541801327501426 | 2 | -0.5
1.8583838072920347 | 2 | -0.5
1.756960641350192 | 2 | -0.5
1.6861465443964796 | 2 | -0.5
1.7223722208946979 | 2 | -0.5
1.8145758900591373 | 2 | -0.5
2.017965867982536 | 2 | -0.5
2.239377823016703 | 2 | -0.5
2.71613000995096 | 2 | -0.5
3.7499147536185813 | 2 | -0.5
9.055744127121374 | 2 | -0.5
8.75679954340617 | 2 | -0.5
8.838030630887369 | 2 | -0.5
4.846842634494993 | 2 | -0.5
3.2066157953979655 | 2 | -0.5
2.4725776891586073 | 2 | -0.5
2.178949899346284 | 2 | -0.5
1.970751089012815 | 2 | -0.5
1.8419781792836591 | 2 | -0.5
10.28981412379159 | 2 | -0.5
10.462252823492719 | 2 | -0.5
7.669118180118085 | 2 | -0.5
5.664432501783528 | 2 | -0.5
4.457531336745956 | 2 | -0.5
3.8025787022689492 | 2 | -0.5
3.427062884534885 | 2 | -0.5
3.2475249428145014 | 2 | -0.5
3.2103205463165834 | 2 | -0.5
3.3018746379754744 | 2 | -0.5
3.3927122582526885 | 2 | -0.5
2.425804528479621 | 2 | -0.5
2.079525896972741 | 2 | -0.5
1.775525922752165 | 2 | -0.5
1.6616704308746844 | 2 | -0.5
1.6523117868226502 | 2 | -0.5
1.5871335855242439 | 2 | -0.5
1.6515341987579535 | 2 | -0.5
1.842936244238395 | 2 | -0.5
2.1099129864926027 | 2 | -0.5
2.516063324676861 | 2 | -0.5
3.7539191095195488 | 2 | -0.5
8.905377886613767 | 2 | -0.5
8.712601180238401 | 2 | -0.5
8.787871905949762 | 2 | -0.5
4.7326412651700425 | 2 | -0.5
3.116015599429769 | 2 | -0.5
2.4042601817894376 | 2 | -0.5
2.0753874738162073 | 2 | -0.5
1.9171352164507942 | 2 | -0.5
1.865066021333474 | 2 | -0.5
1.832764743043052 | 2 | -0.5
10.582471059920715 | 2 | -0.5
7.272837813750854 | 2 | -0.5
5.512873075633478 | 2 | -0.5
4.39870348191354 | 2 | -0.5
3.844007820272836 | 2 | -0.5
3.4903170042113505 | 2 | -0.5
3.2940138853610836 | 2 | -0.5
3.2594467462093997 | 2 | -0.5
3.2947463119162275 | 2 | -0.5
3.209304588081943 | 2 | -0.5
2.424589846034848 | 2 | -0.5
1.9986673686774363 | 2 | -0.5
1.764088746400178 | 2 | -0.5
1.5862231506508164 | 2 | -0.5
1.4971233372997146 | 2 | -0.5
1.5345555395596653 | 2 | -0.5
1.542412447823993 | 2 | -0.5
1.653879194160112 | 2 | -0.5
1.890308747091852 | 2 | -0.5
2.2353654094122564 | 2 | -0.5
3.1049878177031833 | 2 | -0.5
4.974900611527759 | 2 | -0.5
8.724272738272797 | 2 | -0.5
8.742821859332523 | 2 | -0.5
4.928388721175519 | 2 | -0.5
3.431651760912498 | 2 | -0.5
2.639348086756663 | 2 | -0.5
2.1955467352256193 | 2 | -0.5
1.947801773831154 | 2 | -0.5
1.912468681611864 | 2 | -0.5
1.8194526477592072 | 2 | -0.5
10.467034688015763 | 2 | -0.5
11.005564081738187 | 2 | -0.5
6.015904357313546 | 2 | -0.5
4.605640335412262 | 2 | -0.5
3.9491529068281817 | 2 | -0.5
3.54259338225496 | 2 | -0.5
3.362755561790203 | 2 | -0.5
3.3036832175364723 | 2 | -0.5
3.3867507216543116 | 2 | -0.5
3.577087851535847 | 2 | -0.5
2.723528821001266 | 2 | -0.5
2.058243819718259 | 2 | -0.5
1.8602267276278743 | 2 | -0.5
1.7549821493664186 | 2 | -0.5
1.6334948854150846 | 2 | -0.5
1.6382697278269314 | 2 | -0.5
1.644952184547053 | 2 | -0.5
1.7705796288679345 | 2 | -0.5
1.9204198543603508 | 2 | -0.5
2.1021183379589794 | 2 | -0.5
2.5174473964141115 | 2 | -0.5
3.3068990513090046 | 2 | -0.5
5.105741632285812 | 2 | -0.5
8.775429756682865 | 2 | -0.5
8.792211610534897 | 2 | -0.5
5.629721093765955 | 2 | -0.5
3.5985788491331494 | 2 | -0.5
2.625089927112491 | 2 | -0.5
2.2251357673693657 | 2 | -0.5
2.038294456909574 | 2 | -0.5
1.88415926609185 | 2 | -0.5
1.7935590751689878 | 2 | -0.5
10.277898613828413 | 2 | -0.5
10.63811999451611 | 2 | -0.5
7.024739130421548 | 2 | -0.5
4.938815985047664 | 2 | -0.5
3.968719057531406 | 2 | -0.5
3.4538268861443995 | 2 | -0.5
3.1942958107184665 | 2 | -0.5
3.094437900034325 | 2 | -0.5
3.0405072350911184 | 2 | -0.5
3.1479811940443283 | 2 | -0.5
3.396377339014538 | 2 | -0.5
2.801011158406894 | 2 | -0.5
2.235976568562833 | 2 | -0.5
1.958242285916823 | 2 | -0.5
1.7823971260701252 | 2 | -0.5
1.7234448496773895 | 2 | -0.5
1.6863059700322163 | 2 | -0.5
1.7273905382000598 | 2 | -0.5
1.8250076206522663 | 2 | -0.5
2.0771856978213283 | 2 | -0.5
2.4156142816299604 | 2 | -0.5
2.890738264496715 | 2 | -0.5
3.9660279469713915 | 2 | -0.5
9.095203523577716 | 2 | -0.5
8.875541775849538 | 2 | -0.5
7.255576668350311 | 2 | -0.5
4.278110951910265 | 2 | -0.5
2.6996682749805347 | 2 | -0.5
2.243997281469422 | 2 | -0.5
1.9252949903432377 | 2 | -0.5
1.7621794137587816 | 2 | -0.5
1.7067518790693617 | 2 | -0.5
6.42234282732298 | 2 | -0.5
10.324495323891943 | 2 | -0.5
7.807353496891139 | 2 | -0.5
5.327992332108999 | 2 | -0.5
4.307035055957289 | 2 | -0.5
3.770199574885906 | 2 | -0.5
3.400380447670316 | 2 | -0.5
3.226096602360435 | 2 | -0.5
3.1872179242589 | 2 | -0.5
3.1700289869372695 | 2 | -0.5
3.3216087492702444 | 2 | -0.5
3.3546370676369053 | 2 | -0.5
2.532103000109488 | 2 | -0.5
2.156453878518295 | 2 | -0.5
1.9203259646849251 | 2 | -0.5
1.7984450031760684 | 2 | -0.5
1.731649820129612 | 2 | -0.5
1.7195903417537217 | 2 | -0.5
1.8579005086261438 | 2 | -0.5
1.924767021565832 | 2 | -0.5
2.2609940854242487 | 2 | -0.5
2.8273525131545054 | 2 | -0.5
4.147370352582579 | 2 | -0.5
8.977352401523634 | 2 | -0.5
8.772127213113157 | 2 | -0.5
6.857529784168357 | 2 | -0.5
3.6782580298561385 | 2 | -0.5
2.569639680140674 | 2 | -0.5
2.116716847680689 | 2 | -0.5
1.865288504428979 | 2 | -0.5
1.7518439697417898 | 2 | -0.5
1.6807550163218057 | 2 | -0.5
10.235323419392136 | 2 | -0.5
10.721792457363227 | 2 | -0.5
5.545169334141625 | 2 | -0.5
4.392801668785907 | 2 | -0.5
3.684611642268751 | 2 | -0.5
3.327305648451462 | 2 | -0.5
3.176670000473437 | 2 | -0.5
3.161533778042429 | 2 | -0.5
3.247772621341955 | 2 | -0.5
3.484349394785293 | 2 | -0.5
2.770381168400215 | 2 | -0.5
2.303606069470835 | 2 | -0.5
1.9908165838617595 | 2 | -0.5
1.8428283060681425 | 2 | -0.5
1.7550936227132026 | 2 | -0.5
1.7413183763797322 | 2 | -0.5
1.7875247980413749 | 2 | -0.5
1.9189845312974076 | 2 | -0.5
2.150041552476798 | 2 | -0.5
2.4925696936471353 | 2 | -0.5
3.1242785696727844 | 2 | -0.5
4.767697515368483 | 2 | -0.5
8.914465640431597 | 2 | -0.5
8.837706702033708 | 2 | -0.5
5.274309145861831 | 2 | -0.5
3.453242161843589 | 2 | -0.5
2.6186045859653797 | 2 | -0.5
2.152472104657511 | 2 | -0.5
1.922016331962593 | 2 | -0.5
1.7686205947235245 | 2 | -0.5
1.7080196485099393 | 2 | -0.5
10.197007389734496 | 2 | -0.5
10.511498761167058 | 2 | -0.5
6.786500028515679 | 2 | -0.5
5.26003000475192 | 2 | -0.5
4.1921807950958945 | 2 | -0.5
3.5777658301483495 | 2 | -0.5
3.298591814033269 | 2 | -0.5
3.0860995879393207 | 2 | -0.5
3.0607605140808998 | 2 | -0.5
3.162791439818719 | 2 | -0.5
3.438901818272442 | 2 | -0.5
2.569692488147108 | 2 | -0.5
2.130020916688826 | 2 | -0.5
1.865040250242595 | 2 | -0.5
1.763102784006962 | 2 | -0.5
1.6721563312447345 | 2 | -0.5
1.6900573416522722 | 2 | -0.5
Total reward: -500.0
