-2.7, 0.5, -2.2, 0.1, -2.5, 5.0, 4.3, -1.8, -0.5, -4.2, -4.0, 2.1, -4.1, -2.0, 5.7, -2.3, 0.9, -1.1
parameter ends

state | action | reward
[7.38] | 2 | -0.5
4.9810128831661125 | 2 | -0.5
3.1624195729339823 | 2 | -0.5
2.505036426310939 | 2 | -0.5
2.0820324125523317 | 2 | -0.5
1.8546606079889036 | 2 | -0.5
1.7108642410606558 | 2 | -0.5
1.6556320348824243 | 2 | -0.5
1.6929452643267744 | 2 | -0.5
1.6944476506537756 | 2 | -0.5
1.854246713337891 | 2 | -0.5
2.099008126562753 | 2 | -0.5
5.765718228000501 | 2 | -0.5
5.076117809914575 | 2 | -0.5
4.738153389394754 | 2 | -0.5
4.6149359045443035 | 2 | -0.5
4.608006811423856 | 2 | -0.5
4.818251706220456 | 2 | -0.5
3.2448761736919276 | 2 | -0.5
2.5162299947577313 | 2 | -0.5
2.174856571414332 | 2 | -0.5
1.98124866886645 | 2 | -0.5
1.858038028718695 | 2 | -0.5
1.8205800033881685 | 2 | -0.5
1.871861277532022 | 2 | -0.5
1.9557434367708497 | 2 | -0.5
2.2210136679877146 | 2 | -0.5
2.717529791453812 | 2 | -0.5
3.408594346599177 | 2 | -0.5
7.681611069257357 | 2 | -0.5
7.351409626004719 | 2 | -0.5
7.342522462470596 | 2 | -0.5
5.489322470590755 | 2 | -0.5
3.234742679258378 | 2 | -0.5
2.4014613727876166 | 2 | -0.5
1.9351978357015607 | 2 | -0.5
1.772300736571784 | 2 | -0.5
1.6041742564043326 | 2 | -0.5
1.6022296044507798 | 2 | -0.5
1.623120968610332 | 2 | -0.5
1.698954089373671 | 2 | -0.5
1.8637806907457122 | 2 | -0.5
6.463850512643112 | 2 | -0.5
5.365136500412693 | 2 | -0.5
4.800509095945129 | 2 | -0.5
4.561369498499836 | 2 | -0.5
4.550576629073016 | 2 | -0.5
4.690366188911888 | 2 | -0.5
3.697671586934536 | 2 | -0.5
2.63522628665019 | 2 | -0.5
2.1908915580600956 | 2 | -0.5
1.9408193454392333 | 2 | -0.5
1.8416510893413514 | 2 | -0.5
1.7674935311330935 | 2 | -0.5
1.7386455465687545 | 2 | -0.5
1.84718779821307 | 2 | -0.5
1.9617085241127616 | 2 | -0.5
2.280385259285996 | 2 | -0.5
2.8185671195598307 | 2 | -0.5
4.0003171435575675 | 2 | -0.5
7.578400584439977 | 2 | -0.5
7.3701706755762455 | 2 | -0.5
7.479273443049283 | 2 | -0.5
3.7146369719602053 | 2 | -0.5
2.742195372445256 | 2 | -0.5
2.1581083257155735 | 2 | -0.5
1.8804223598857053 | 2 | -0.5
1.7316143756761682 | 2 | -0.5
1.6461910664534956 | 2 | -0.5
1.64700278795964 | 2 | -0.5
1.6596162338021803 | 2 | -0.5
1.7740702640455384 | 2 | -0.5
1.8846681300035129 | 2 | -0.5
6.198229208424021 | 2 | -0.5
5.349083583651113 | 2 | -0.5
4.901078681028408 | 2 | -0.5
4.624622004372304 | 2 | -0.5
4.589398496155778 | 2 | -0.5
4.7235637004965305 | 2 | -0.5
4.0427459050373615 | 2 | -0.5
2.907488863499968 | 2 | -0.5
2.347461404530435 | 2 | -0.5
2.0939962648465764 | 2 | -0.5
1.8881343746142898 | 2 | -0.5
1.8014961403470329 | 2 | -0.5
1.792954578482714 | 2 | -0.5
1.8281747085162923 | 2 | -0.5
1.9252935537484634 | 2 | -0.5
2.2063138462288414 | 2 | -0.5
2.5676786592578105 | 2 | -0.5
3.4327787595984827 | 2 | -0.5
7.733296350869806 | 2 | -0.5
7.401580778953952 | 2 | -0.5
7.304243896456201 | 2 | -0.5
6.06465740498443 | 2 | -0.5
3.5961902494452653 | 2 | -0.5
2.6082708444955323 | 2 | -0.5
2.096804064531446 | 2 | -0.5
1.8443111620994448 | 2 | -0.5
1.692431577835068 | 2 | -0.5
1.6256120580177802 | 2 | -0.5
1.634883568260893 | 2 | -0.5
1.699421779229523 | 2 | -0.5
1.7995074496822947 | 2 | -0.5
1.9913499231325031 | 2 | -0.5
5.794548023124911 | 2 | -0.5
5.09154233937592 | 2 | -0.5
4.792366796825862 | 2 | -0.5
4.627822304087565 | 2 | -0.5
4.677581632211345 | 2 | -0.5
4.864170375633157 | 2 | -0.5
3.118062754192802 | 2 | -0.5
2.5211596255773085 | 2 | -0.5
2.088886096452012 | 2 | -0.5
1.8701338107743415 | 2 | -0.5
1.8089503432424638 | 2 | -0.5
1.781622083076473 | 2 | -0.5
1.8027108939377843 | 2 | -0.5
1.9003669466629591 | 2 | -0.5
2.0805509098716386 | 2 | -0.5
2.4319043974305763 | 2 | -0.5
3.247477303783838 | 2 | -0.5
7.724511098845937 | 2 | -0.5
7.420625128608518 | 2 | -0.5
7.3391903894910735 | 2 | -0.5
6.470755292312836 | 2 | -0.5
3.8599187989607415 | 2 | -0.5
2.8420928299100114 | 2 | -0.5
2.2658120753710276 | 2 | -0.5
1.9628782389680772 | 2 | -0.5
1.7759755491627662 | 2 | -0.5
1.7080852790287215 | 2 | -0.5
1.6976640946953219 | 2 | -0.5
1.7950230730962853 | 2 | -0.5
1.948390770579996 | 2 | -0.5
2.191054892520132 | 2 | -0.5
5.674325549012745 | 2 | -0.5
5.052734965817874 | 2 | -0.5
4.767807915284027 | 2 | -0.5
4.57109432021151 | 2 | -0.5
4.624516473338966 | 2 | -0.5
4.875386623880253 | 2 | -0.5
3.3769198308647814 | 2 | -0.5
2.6623531641840046 | 2 | -0.5
2.2573592297025815 | 2 | -0.5
1.9972120833174671 | 2 | -0.5
1.8317279438303697 | 2 | -0.5
1.7732553211983433 | 2 | -0.5
1.7847686534978953 | 2 | -0.5
1.8676280387921504 | 2 | -0.5
2.041368034324093 | 2 | -0.5
2.259180639304275 | 2 | -0.5
2.735815356960665 | 2 | -0.5
3.857616503642555 | 2 | -0.5
7.6038348169551755 | 2 | -0.5
7.338594429831719 | 2 | -0.5
7.441249423569568 | 2 | -0.5
4.241095785569495 | 2 | -0.5
2.7534615671670886 | 2 | -0.5
2.2344160269507136 | 2 | -0.5
1.9612477012178684 | 2 | -0.5
1.7783782893315783 | 2 | -0.5
1.6960743694550833 | 2 | -0.5
1.6850799058945505 | 2 | -0.5
1.763691581517805 | 2 | -0.5
1.8193377988756672 | 2 | -0.5
2.0450772776967754 | 2 | -0.5
6.198785995724421 | 2 | -0.5
5.316795558641824 | 2 | -0.5
4.77845716758862 | 2 | -0.5
4.605782951656838 | 2 | -0.5
4.541809178594413 | 2 | -0.5
4.649642399866054 | 2 | -0.5
3.7434423065713265 | 2 | -0.5
2.686534003617535 | 2 | -0.5
2.2812428204704265 | 2 | -0.5
1.9621914861146688 | 2 | -0.5
1.8174698643633056 | 2 | -0.5
1.7221196028476418 | 2 | -0.5
1.7214476781305597 | 2 | -0.5
1.7427902350440847 | 2 | -0.5
1.9032165831441845 | 2 | -0.5
2.1769030485702388 | 2 | -0.5
2.531407614160347 | 2 | -0.5
3.1690476607174762 | 2 | -0.5
4.174878224833175 | 2 | -0.5
7.470056073561583 | 2 | -0.5
7.288921389801489 | 2 | -0.5
7.450001710033707 | 2 | -0.5
4.12746341068727 | 2 | -0.5
2.8371290125337927 | 2 | -0.5
2.279847910517763 | 2 | -0.5
1.9201212259397349 | 2 | -0.5
1.7933051944238312 | 2 | -0.5
1.6787010956531296 | 2 | -0.5
1.667800111556856 | 2 | -0.5
1.7709760020330179 | 2 | -0.5
1.8528410971425924 | 2 | -0.5
2.029075564030132 | 2 | -0.5
6.022359931724245 | 2 | -0.5
5.266361317741629 | 2 | -0.5
4.74395246637352 | 2 | -0.5
4.556885587179973 | 2 | -0.5
4.57209970252091 | 2 | -0.5
4.669640913685464 | 2 | -0.5
3.5700915450068496 | 2 | -0.5
2.7204344655726196 | 2 | -0.5
2.1346088527228826 | 2 | -0.5
1.8849083034262941 | 2 | -0.5
1.809271657393454 | 2 | -0.5
1.6904172735998468 | 2 | -0.5
1.7372353038259196 | 2 | -0.5
1.7628320375519275 | 2 | -0.5
1.961334569867476 | 2 | -0.5
2.2293756034214636 | 2 | -0.5
2.6552448832434115 | 2 | -0.5
3.5193427074076897 | 2 | -0.5
7.711488727430899 | 2 | -0.5
7.427562353915536 | 2 | -0.5
7.456319998049198 | 2 | -0.5
4.074151760013929 | 2 | -0.5
2.9329930512546154 | 2 | -0.5
2.3111196466271196 | 2 | -0.5
1.9589960950156 | 2 | -0.5
1.7784612877940051 | 2 | -0.5
1.7033420334874867 | 2 | -0.5
1.7165514317721187 | 2 | -0.5
1.6475329790613014 | 2 | -0.5
1.7620947567013319 | 2 | -0.5
1.8871027320551765 | 2 | -0.5
2.1573207228434064 | 2 | -0.5
5.989709839623139 | 2 | -0.5
5.19409616303587 | 2 | -0.5
4.799441120486904 | 2 | -0.5
4.6943998880023035 | 2 | -0.5
4.721852895238998 | 2 | -0.5
4.898618369184444 | 2 | -0.5
3.4893055987047044 | 2 | -0.5
2.584181847955699 | 2 | -0.5
2.20692959723394 | 2 | -0.5
2.004626682206291 | 2 | -0.5
1.8584688582184503 | 2 | -0.5
1.8172638629545856 | 2 | -0.5
1.7746702247110147 | 2 | -0.5
1.8183254738256573 | 2 | -0.5
2.0719355206113694 | 2 | -0.5
2.2568316807664077 | 2 | -0.5
2.980266966792137 | 2 | -0.5
3.9266005124455132 | 2 | -0.5
7.42799713272177 | 2 | -0.5
7.221716895171008 | 2 | -0.5
7.348265043077953 | 2 | -0.5
4.327428601152754 | 2 | -0.5
2.876091033759668 | 2 | -0.5
2.2634547076809186 | 2 | -0.5
1.9426545238417616 | 2 | -0.5
1.754426720691612 | 2 | -0.5
1.664245505209808 | 2 | -0.5
1.634324954633529 | 2 | -0.5
1.705381665565803 | 2 | -0.5
1.7617032896429279 | 2 | -0.5
1.9374892777645025 | 2 | -0.5
2.145332336945911 | 2 | -0.5
5.762002856085615 | 2 | -0.5
5.2348742921736005 | 2 | -0.5
4.908895698383072 | 2 | -0.5
4.758182974350869 | 2 | -0.5
4.737154431904782 | 2 | -0.5
4.9391277321071865 | 2 | -0.5
3.5530688976679285 | 2 | -0.5
2.662442951911011 | 2 | -0.5
2.25069569127329 | 2 | -0.5
2.030702255446506 | 2 | -0.5
1.8799382658678219 | 2 | -0.5
1.842278174291825 | 2 | -0.5
1.9454653482119724 | 2 | -0.5
2.0766670604094886 | 2 | -0.5
2.2687397761692774 | 2 | -0.5
2.5936294882221897 | 2 | -0.5
3.353280942051733 | 2 | -0.5
7.596589108284656 | 2 | -0.5
7.232222069623342 | 2 | -0.5
7.159944790163103 | 2 | -0.5
6.057596006080711 | 2 | -0.5
3.328978999824789 | 2 | -0.5
2.4427261889257115 | 2 | -0.5
1.989602868995033 | 2 | -0.5
1.6906629426822126 | 2 | -0.5
1.5648600737855891 | 2 | -0.5
1.545239167516627 | 2 | -0.5
1.532912283619075 | 2 | -0.5
1.5673861210504818 | 2 | -0.5
1.7316342491628405 | 2 | -0.5
1.9184457299473254 | 2 | -0.5
5.892542058479748 | 2 | -0.5
5.175175484182547 | 2 | -0.5
4.78058471955895 | 2 | -0.5
4.709118765828132 | 2 | -0.5
4.764416037207852 | 2 | -0.5
4.816228404452244 | 2 | -0.5
3.100967971466461 | 2 | -0.5
2.524811080782035 | 2 | -0.5
2.114657137024192 | 2 | -0.5
1.9584714243702899 | 2 | -0.5
1.8819574651987727 | 2 | -0.5
1.8679094629903776 | 2 | -0.5
1.926660405693499 | 2 | -0.5
2.0447859921075096 | 2 | -0.5
2.3691920323128164 | 2 | -0.5
2.948740139849827 | 2 | -0.5
3.945778569209426 | 2 | -0.5
7.456148955600166 | 2 | -0.5
7.24423570696673 | 2 | -0.5
7.178964872968542 | 2 | -0.5
6.074436391421043 | 2 | -0.5
3.3456851534189878 | 2 | -0.5
2.373541030867133 | 2 | -0.5
1.9774245630510559 | 2 | -0.5
1.7250852928746716 | 2 | -0.5
1.6402800422944177 | 2 | -0.5
1.5615331828514563 | 2 | -0.5
1.576594183572932 | 2 | -0.5
1.6591775827318764 | 2 | -0.5
1.8548107654300605 | 2 | -0.5
2.066480299895651 | 2 | -0.5
5.619142056088366 | 2 | -0.5
4.9478170818835805 | 2 | -0.5
4.765248966168893 | 2 | -0.5
4.648769678048301 | 2 | -0.5
4.824358552032648 | 2 | -0.5
4.107525096765693 | 2 | -0.5
2.9318545499066264 | 2 | -0.5
2.394241365191188 | 2 | -0.5
2.091824314781867 | 2 | -0.5
1.886719365275431 | 2 | -0.5
1.8459989761856503 | 2 | -0.5
1.8284065462784045 | 2 | -0.5
1.863040460452293 | 2 | -0.5
2.0400094104991857 | 2 | -0.5
2.3320202407117856 | 2 | -0.5
2.707509582087905 | 2 | -0.5
3.6160209768292884 | 2 | -0.5
7.358045131954389 | 2 | -0.5
7.108842588490098 | 2 | -0.5
7.189397139965652 | 2 | -0.5
4.729437193487583 | 2 | -0.5
2.9527057240555266 | 2 | -0.5
2.27037215030757 | 2 | -0.5
1.922471908516169 | 2 | -0.5
1.7037469522637194 | 2 | -0.5
1.6251203668943228 | 2 | -0.5
1.6113715366471357 | 2 | -0.5
1.6321960228078192 | 2 | -0.5
1.7096724940520744 | 2 | -0.5
1.8894776221390872 | 2 | -0.5
2.1990867678674575 | 2 | -0.5
5.568052676764407 | 2 | -0.5
5.000650333874488 | 2 | -0.5
4.8271003348052695 | 2 | -0.5
4.723910907864726 | 2 | -0.5
4.840576688312874 | 2 | -0.5
4.1978902229985415 | 2 | -0.5
2.90194580141811 | 2 | -0.5
2.380507332810625 | 2 | -0.5
2.052276892256814 | 2 | -0.5
1.951687491973763 | 2 | -0.5
1.8709690870545757 | 2 | -0.5
1.918479759054941 | 2 | -0.5
1.9827425884744778 | 2 | -0.5
2.102374518899454 | 2 | -0.5
2.5187522175355817 | 2 | -0.5
3.1678342769431453 | 2 | -0.5
7.645696717725065 | 2 | -0.5
7.2320032721428955 | 2 | -0.5
7.151230240548967 | 2 | -0.5
4.988844066206494 | 2 | -0.5
3.113346468516989 | 2 | -0.5
2.142829139571844 | 2 | -0.5
1.7895792329347926 | 2 | -0.5
1.6079824814351378 | 2 | -0.5
1.4411621480518155 | 2 | -0.5
1.4503188494680483 | 2 | -0.5
1.4692828150440491 | 2 | -0.5
1.5066564891495866 | 2 | -0.5
1.6761021328382306 | 2 | -0.5
1.9235624730059238 | 2 | -0.5
5.675358727565705 | 2 | -0.5
5.160505048224526 | 2 | -0.5
4.8023919918313265 | 2 | -0.5
4.71926579562031 | 2 | -0.5
4.774381479034515 | 2 | -0.5
4.924521397973395 | 2 | -0.5
3.6926052072735045 | 2 | -0.5
2.7760655616581023 | 2 | -0.5
2.3485426822906175 | 2 | -0.5
2.079960745240676 | 2 | -0.5
1.925418890504608 | 2 | -0.5
1.9273547308022378 | 2 | -0.5
1.9152810543861851 | 2 | -0.5
1.997724236836978 | 2 | -0.5
2.2049227314870086 | 2 | -0.5
2.6394848079274578 | 2 | -0.5
3.4019931886548065 | 2 | -0.5
7.714469435181692 | 2 | -0.5
7.290522307672699 | 2 | -0.5
7.17795658959325 | 2 | -0.5
6.984890213004664 | 2 | -0.5
3.645399457031797 | 2 | -0.5
2.636932461705733 | 2 | -0.5
2.142543715688322 | 2 | -0.5
1.8190089550932766 | 2 | -0.5
1.679423202725417 | 2 | -0.5
1.5343793754348274 | 2 | -0.5
1.5377767643488591 | 2 | -0.5
1.564472943548429 | 2 | -0.5
1.6044758573201496 | 2 | -0.5
1.7614037812626184 | 2 | -0.5
2.069649156915924 | 2 | -0.5
5.696882586880379 | 2 | -0.5
5.215062267122434 | 2 | -0.5
4.859493385096778 | 2 | -0.5
4.697447279997413 | 2 | -0.5
4.691489845405097 | 2 | -0.5
4.928734035771262 | 2 | -0.5
3.4959233115119064 | 2 | -0.5
2.6972300570532233 | 2 | -0.5
2.1840501204121128 | 2 | -0.5
1.9475899279517714 | 2 | -0.5
1.8339030289398544 | 2 | -0.5
1.789184025631925 | 2 | -0.5
1.794619786168209 | 2 | -0.5
1.883615398577287 | 2 | -0.5
2.052591926891984 | 2 | -0.5
2.3553888117203154 | 2 | -0.5
2.808999758733489 | 2 | -0.5
3.918170427405596 | 2 | -0.5
7.38273037357978 | 2 | -0.5
7.13909440480842 | 2 | -0.5
7.23029181200181 | 2 | -0.5
4.411216677865079 | 2 | -0.5
2.7158247275225667 | 2 | -0.5
2.1506169523498766 | 2 | -0.5
1.8974492348786927 | 2 | -0.5
1.7879274412163064 | 2 | -0.5
1.6813180601540383 | 2 | -0.5
1.663073756113225 | 2 | -0.5
1.684898991759095 | 2 | -0.5
1.8377542813983165 | 2 | -0.5
2.043917306770197 | 2 | -0.5
2.3601469193824354 | 2 | -0.5
5.720316254937704 | 2 | -0.5
5.078319497333811 | 2 | -0.5
4.8848675526335885 | 2 | -0.5
4.8560459665420375 | 2 | -0.5
4.981805420713579 | 2 | -0.5
4.007320559982123 | 2 | -0.5
2.8196937433092386 | 2 | -0.5
2.233684940193221 | 2 | -0.5
1.9772164651101753 | 2 | -0.5
1.824435966151952 | 2 | -0.5
1.7243282948653313 | 2 | -0.5
1.6990977986749374 | 2 | -0.5
1.785887069424675 | 2 | -0.5
1.9354799606693853 | 2 | -0.5
2.152379728294826 | 2 | -0.5
2.5715451865794976 | 2 | -0.5
3.5828416785269592 | 2 | -0.5
7.294298785905733 | 2 | -0.5
7.088099103997999 | 2 | -0.5
7.156359768765078 | 2 | -0.5
4.254551792419108 | 2 | -0.5
2.823204773027065 | 2 | -0.5
2.2514891524684626 | 2 | -0.5
1.9162585639031273 | 2 | -0.5
1.7784028540260177 | 2 | -0.5
1.6906736697204001 | 2 | -0.5
1.682696811165467 | 2 | -0.5
1.7137944479060931 | 2 | -0.5
1.7925645662028786 | 2 | -0.5
1.9290045909831397 | 2 | -0.5
2.1466530724764046 | 2 | -0.5
5.914050900258698 | 2 | -0.5
5.277049775449435 | 2 | -0.5
4.960380962117186 | 2 | -0.5
4.875436680901433 | 2 | -0.5
4.892989662196027 | 2 | -0.5
5.084924126899221 | 2 | -0.5
3.3753120545617024 | 2 | -0.5
2.58356554629237 | 2 | -0.5
2.0661915053805076 | 2 | -0.5
1.9062394106671174 | 2 | -0.5
1.7669627528803424 | 2 | -0.5
1.7301580012226707 | 2 | -0.5
1.7501021695054957 | 2 | -0.5
1.8585967570365682 | 2 | -0.5
1.9965635799326462 | 2 | -0.5
2.197223363370037 | 2 | -0.5
2.767507592878604 | 2 | -0.5
3.6593706633553675 | 2 | -0.5
7.253677087400604 | 2 | -0.5
7.057786163887767 | 2 | -0.5
7.100061369789693 | 2 | -0.5
4.643287426609865 | 2 | -0.5
3.0385603643884895 | 2 | -0.5
2.344766465704365 | 2 | -0.5
2.036293618049727 | 2 | -0.5
1.9002514377849993 | 2 | -0.5
1.7975396377432662 | 2 | -0.5
1.7841639271836494 | 2 | -0.5
1.7855176599533324 | 2 | -0.5
1.959149548856371 | 2 | -0.5
2.0988766136536237 | 2 | -0.5
2.4717802248079423 | 2 | -0.5
5.752908652835551 | 2 | -0.5
5.213748677292004 | 2 | -0.5
4.881746362670481 | 2 | -0.5
4.943358098535699 | 2 | -0.5
5.076423780423332 | 2 | -0.5
3.5812952523372523 | 2 | -0.5
2.618725510503819 | 2 | -0.5
2.0844476782556867 | 2 | -0.5
1.8823396503605172 | 2 | -0.5
1.754896961338471 | 2 | -0.5
1.718812773700819 | 2 | -0.5
1.7102553340864688 | 2 | -0.5
1.835413024306041 | 2 | -0.5
2.007611785742539 | 2 | -0.5
2.345708633583893 | 2 | -0.5
2.9067331914451686 | 2 | -0.5
4.139892472916206 | 2 | -0.5
7.236708962162023 | 2 | -0.5
7.03011379386158 | 2 | -0.5
7.12000738734486 | 2 | -0.5
4.258569875337097 | 2 | -0.5
2.9013623651726816 | 2 | -0.5
2.2357852293698457 | 2 | -0.5
1.9341602851730129 | 2 | -0.5
1.7512860697384873 | 2 | -0.5
1.628943313344893 | 2 | -0.5
1.6312146710692579 | 2 | -0.5
1.63527460660926 | 2 | -0.5
1.7484090081852666 | 2 | -0.5
2.0134489042733232 | 2 | -0.5
6.158772947599588 | 2 | -0.5
5.281696531805191 | 2 | -0.5
4.984643418243472 | 2 | -0.5
4.7852018567178485 | 2 | -0.5
4.836703212706962 | 2 | -0.5
4.967435855022048 | 2 | -0.5
3.9789752283044844 | 2 | -0.5
3.0258099406693777 | 2 | -0.5
2.4059006400513248 | 2 | -0.5
2.1148805541787996 | 2 | -0.5
1.9237592739651035 | 2 | -0.5
1.8319136503000326 | 2 | -0.5
1.7872183383112614 | 2 | -0.5
1.8142271559379477 | 2 | -0.5
1.9679415750246414 | 2 | -0.5
2.194474709641628 | 2 | -0.5
2.502115466153075 | 2 | -0.5
3.225456277597633 | 2 | -0.5
7.511480290479651 | 2 | -0.5
7.127247019593498 | 2 | -0.5
7.082337039875394 | 2 | -0.5
6.660447463972524 | 2 | -0.5
3.140778399653205 | 2 | -0.5
2.3612091640744293 | 2 | -0.5
1.9512143985700081 | 2 | -0.5
1.7223692034778386 | 2 | -0.5
1.577243741360774 | 2 | -0.5
1.570379668493233 | 2 | -0.5
1.6007408819724773 | 2 | -0.5
1.6244687975448067 | 2 | -0.5
1.7413910248085986 | 2 | -0.5
1.9140073263875823 | 2 | -0.5
2.260248061152381 | 2 | -0.5
5.578537209976968 | 2 | -0.5
5.234358534010034 | 2 | -0.5
4.906773834347094 | 2 | -0.5
4.8763920864557075 | 2 | -0.5
5.033574087119886 | 2 | -0.5
4.357636648362881 | 2 | -0.5
3.093621232851121 | 2 | -0.5
2.5345403331215173 | 2 | -0.5
2.197525847872375 | 2 | -0.5
2.027621483612192 | 2 | -0.5
1.9430731624736115 | 2 | -0.5
1.927367249621099 | 2 | -0.5
1.9720663019843403 | 2 | -0.5
2.1253225478150135 | 2 | -0.5
2.365579949245911 | 2 | -0.5
2.8534086283992575 | 2 | -0.5
3.525134862169268 | 2 | -0.5
7.455979242673082 | 2 | -0.5
7.020348896381227 | 2 | -0.5
6.960204757901145 | 2 | -0.5
5.88946148778395 | 2 | -0.5
3.302935135954531 | 2 | -0.5
2.2824177823820073 | 2 | -0.5
1.8655760296575965 | 2 | -0.5
1.6724951097995708 | 2 | -0.5
1.5609783735185203 | 2 | -0.5
1.4856992638150637 | 2 | -0.5
1.530279925370766 | 2 | -0.5
1.5878488633050665 | 2 | -0.5
1.723706520041599 | 2 | -0.5
1.93872987052699 | 2 | -0.5
2.340041976389779 | 2 | -0.5
5.451109021542862 | 2 | -0.5
5.0482301026494 | 2 | -0.5
5.000839616906776 | 2 | -0.5
4.994157246334532 | 2 | -0.5
5.233279926013288 | 2 | -0.5
3.653192644278416 | 2 | -0.5
2.748698760975436 | 2 | -0.5
2.310310208107194 | 2 | -0.5
2.0682515047225993 | 2 | -0.5
1.9264855305203117 | 2 | -0.5
1.9013108195971722 | 2 | -0.5
1.8919459165817478 | 2 | -0.5
2.0005610128266635 | 2 | -0.5
2.1723498977307814 | 2 | -0.5
2.424952440750405 | 2 | -0.5
3.010681142659163 | 2 | -0.5
4.127303065692319 | 2 | -0.5
7.097720976308624 | 2 | -0.5
6.943722540005931 | 2 | -0.5
7.03660877002724 | 2 | -0.5
4.177919897523983 | 2 | -0.5
2.581118788648911 | 2 | -0.5
1.997737865119347 | 2 | -0.5
1.6836209453301323 | 2 | -0.5
1.5195178281487567 | 2 | -0.5
1.4602348130394216 | 2 | -0.5
1.485391013666925 | 2 | -0.5
1.4899617973858295 | 2 | -0.5
1.6344871938162113 | 2 | -0.5
1.7506765077419941 | 2 | -0.5
2.0463706776618835 | 2 | -0.5
5.843353071982405 | 2 | -0.5
5.31360753911704 | 2 | -0.5
5.026336483086547 | 2 | -0.5
4.852295038978081 | 2 | -0.5
4.993604508211121 | 2 | -0.5
4.390862424955499 | 2 | -0.5
3.0858297974866757 | 2 | -0.5
2.5322806245551224 | 2 | -0.5
2.205381104523708 | 2 | -0.5
2.030943226668438 | 2 | -0.5
1.933240864568734 | 2 | -0.5
1.8989414124638608 | 2 | -0.5
1.8871545554863056 | 2 | -0.5
2.0013236896233004 | 2 | -0.5
2.121609801183643 | 2 | -0.5
2.5165417402184715 | 2 | -0.5
2.998109159017091 | 2 | -0.5
4.038557935607712 | 2 | -0.5
7.294918594253374 | 2 | -0.5
7.166745535421741 | 2 | -0.5
7.1964592414840665 | 2 | -0.5
3.6959323594045967 | 2 | -0.5
2.4673878470077666 | 2 | -0.5
2.0013975765903966 | 2 | -0.5
1.7566085286945312 | 2 | -0.5
1.6291883613633875 | 2 | -0.5
1.5507023393740582 | 2 | -0.5
1.5417175918187722 | 2 | -0.5
1.6021997788230806 | 2 | -0.5
1.671618281153212 | 2 | -0.5
1.8736997713443013 | 2 | -0.5
2.215835754138871 | 2 | -0.5
5.58250696023896 | 2 | -0.5
5.0362363742048935 | 2 | -0.5
4.837891726263005 | 2 | -0.5
4.87155586083245 | 2 | -0.5
4.892348975562295 | 2 | -0.5
3.198933646484595 | 2 | -0.5
2.511786028331118 | 2 | -0.5
2.122164681754706 | 2 | -0.5
1.91401760238679 | 2 | -0.5
1.8055728225185381 | 2 | -0.5
1.7698634510283164 | 2 | -0.5
1.7897287682824425 | 2 | -0.5
1.8763991170887393 | 2 | -0.5
2.039581792424192 | 2 | -0.5
2.3167929268334655 | 2 | -0.5
2.8228616695557336 | 2 | -0.5
4.140183473613439 | 2 | -0.5
7.273444409333895 | 2 | -0.5
7.074454011495471 | 2 | -0.5
7.222267071647366 | 2 | -0.5
4.492723732450019 | 2 | -0.5
3.0119497410226335 | 2 | -0.5
2.3599911689991777 | 2 | -0.5
1.9968441655611975 | 2 | -0.5
1.858514922638557 | 2 | -0.5
1.7430523391420258 | 2 | -0.5
1.7016966410671417 | 2 | -0.5
1.7210276267672457 | 2 | -0.5
1.7851205304966937 | 2 | -0.5
1.9904374511579892 | 2 | -0.5
2.2602790329219924 | 2 | -0.5
5.930320879850671 | 2 | -0.5
5.294601007819392 | 2 | -0.5
5.024817723102383 | 2 | -0.5
4.937524891862742 | 2 | -0.5
5.037876950706095 | 2 | -0.5
4.226440394642753 | 2 | -0.5
3.059527442940335 | 2 | -0.5
2.4966928796716816 | 2 | -0.5
2.1320810662094805 | 2 | -0.5
1.9088715755213077 | 2 | -0.5
1.804015905308571 | 2 | -0.5
1.7695525188801036 | 2 | -0.5
1.8034346436293263 | 2 | -0.5
1.906046997647372 | 2 | -0.5
2.060962376509596 | 2 | -0.5
2.4639784250027135 | 2 | -0.5
3.214709326550494 | 2 | -0.5
7.422122919435084 | 2 | -0.5
7.05444371768257 | 2 | -0.5
6.986782596027879 | 2 | -0.5
5.551187728985917 | 2 | -0.5
3.196088404974291 | 2 | -0.5
2.278020997030096 | 2 | -0.5
1.953923381138245 | 2 | -0.5
1.71308166430677 | 2 | -0.5
1.6324949073956585 | 2 | -0.5
1.5889454913547858 | 2 | -0.5
1.5679194810743595 | 2 | -0.5
1.5688386922677426 | 2 | -0.5
1.6819893407204938 | 2 | -0.5
1.9161052414520094 | 2 | -0.5
2.3018105601533785 | 2 | -0.5
5.6255285980629495 | 2 | -0.5
5.223308700244337 | 2 | -0.5
5.013991084958726 | 2 | -0.5
5.007473787472443 | 2 | -0.5
5.182906784209626 | 2 | -0.5
3.7169125088914945 | 2 | -0.5
2.990542044287186 | 2 | -0.5
2.556014052128839 | 2 | -0.5
2.2099737378240922 | 2 | -0.5
2.043001208017904 | 2 | -0.5
1.9240084619573623 | 2 | -0.5
1.873120115128026 | 2 | -0.5
1.8938147645374515 | 2 | -0.5
2.0207236852215225 | 2 | -0.5
2.2487632996441347 | 2 | -0.5
2.5454205623187374 | 2 | -0.5
2.9687808954057053 | 2 | -0.5
4.100334400179871 | 2 | -0.5
7.076836349501682 | 2 | -0.5
6.8107727687760455 | 2 | -0.5
6.933904455262607 | 2 | -0.5
3.7125467672105485 | 2 | -0.5
2.441733392771542 | 2 | -0.5
1.9731366376926076 | 2 | -0.5
1.7909515617003398 | 2 | -0.5
1.6338325373379337 | 2 | -0.5
1.5804618139124418 | 2 | -0.5
1.476967043439227 | 2 | -0.5
1.5520279799631655 | 2 | -0.5
1.649854036109226 | 2 | -0.5
1.7389465438280092 | 2 | -0.5
1.9686720691861355 | 2 | -0.5
5.989861232486064 | 2 | -0.5
5.449788457370312 | 2 | -0.5
5.1565446121117455 | 2 | -0.5
5.115329142434927 | 2 | -0.5
5.313210389078425 | 2 | -0.5
4.35440156172025 | 2 | -0.5
3.1787613637276357 | 2 | -0.5
2.6288174818346253 | 2 | -0.5
2.230718067239409 | 2 | -0.5
2.0807518092113892 | 2 | -0.5
1.9847573913979106 | 2 | -0.5
1.9818419846843902 | 2 | -0.5
2.0538999875607513 | 2 | -0.5
2.3041524090171124 | 2 | -0.5
2.559114970268145 | 2 | -0.5
3.2175605717703344 | 2 | -0.5
7.414342201022425 | 2 | -0.5
6.871065513655594 | 2 | -0.5
6.751237438779843 | 2 | -0.5
6.167130454062262 | 2 | -0.5
3.2703108204249425 | 2 | -0.5
2.27700780807336 | 2 | -0.5
1.8528132210155532 | 2 | -0.5
1.6459310431959442 | 2 | -0.5
1.4835989304015014 | 2 | -0.5
1.4188846127248962 | 2 | -0.5
1.329762208735826 | 2 | -0.5
1.3715312371854131 | 2 | -0.5
1.498863505980925 | 2 | -0.5
1.5927515885226475 | 2 | -0.5
1.9202375494205586 | 2 | -0.5
5.934859611061129 | 2 | -0.5
5.425154293127098 | 2 | -0.5
5.138611423196433 | 2 | -0.5
5.055979323624816 | 2 | -0.5
5.234776163991581 | 2 | -0.5
4.386163045953884 | 2 | -0.5
3.011141376710427 | 2 | -0.5
2.5049031271403983 | 2 | -0.5
2.168202392059034 | 2 | -0.5
2.086902948618961 | 2 | -0.5
1.9719705523355089 | 2 | -0.5
1.9655137860057355 | 2 | -0.5
2.0300225652065516 | 2 | -0.5
2.267285150611242 | 2 | -0.5
2.5955004200106524 | 2 | -0.5
3.406339851136678 | 2 | -0.5
7.376642830447802 | 2 | -0.5
6.9946246249365105 | 2 | -0.5
6.855741215110557 | 2 | -0.5
5.165204648280129 | 2 | -0.5
3.010243189062306 | 2 | -0.5
2.256656016706327 | 2 | -0.5
1.839207595742308 | 2 | -0.5
1.639645384060692 | 2 | -0.5
1.4870883773263128 | 2 | -0.5
1.499941096339365 | 2 | -0.5
1.5074827482679576 | 2 | -0.5
1.5547784874662574 | 2 | -0.5
1.6820706140028612 | 2 | -0.5
1.8567061401334666 | 2 | -0.5
2.1595806097047476 | 2 | -0.5
5.665517461772252 | 2 | -0.5
5.150350763621902 | 2 | -0.5
4.991193362121417 | 2 | -0.5
5.0644007983130175 | 2 | -0.5
4.965085369197891 | 2 | -0.5
3.3539780879253844 | 2 | -0.5
2.7325102830745642 | 2 | -0.5
2.2378911823280223 | 2 | -0.5
1.990737039520977 | 2 | -0.5
1.9097407465058567 | 2 | -0.5
1.8914094381196722 | 2 | -0.5
1.9521587356351973 | 2 | -0.5
2.0050064189943937 | 2 | -0.5
2.2201048435297555 | 2 | -0.5
2.5550751158298133 | 2 | -0.5
3.342271070312636 | 2 | -0.5
7.30589293907126 | 2 | -0.5
6.9695975348833885 | 2 | -0.5
6.909912818346227 | 2 | -0.5
5.180639424837786 | 2 | -0.5
2.8557048564506538 | 2 | -0.5
2.087718170248225 | 2 | -0.5
1.7894924125428242 | 2 | -0.5
1.6385986381145885 | 2 | -0.5
1.5372568627318022 | 2 | -0.5
1.4876306927420517 | 2 | -0.5
1.5122550580498506 | 2 | -0.5
1.5935277871474312 | 2 | -0.5
1.739992378475775 | 2 | -0.5
2.047447639417701 | 2 | -0.5
6.017332496030044 | 2 | -0.5
5.414282740005529 | 2 | -0.5
5.142395657990356 | 2 | -0.5
5.017530720887693 | 2 | -0.5
5.042461150833025 | 2 | -0.5
5.219464831202436 | 2 | -0.5
3.62586635563834 | 2 | -0.5
2.6527129509854417 | 2 | -0.5
2.2322827567813683 | 2 | -0.5
2.0134499204249674 | 2 | -0.5
1.9190507898919325 | 2 | -0.5
1.8517968065894517 | 2 | -0.5
1.8810876535936973 | 2 | -0.5
1.9671959039328912 | 2 | -0.5
2.127324605642033 | 2 | -0.5
2.471228313137576 | 2 | -0.5
3.075841511845461 | 2 | -0.5
4.166259990466472 | 2 | -0.5
7.151680392638178 | 2 | -0.5
6.938964520735001 | 2 | -0.5
7.06376051702878 | 2 | -0.5
4.0117136655019365 | 2 | -0.5
2.7920677064810344 | 2 | -0.5
2.2441398339147565 | 2 | -0.5
1.9738879946222871 | 2 | -0.5
1.7715022795545126 | 2 | -0.5
1.5945781810922695 | 2 | -0.5
1.5790658762416794 | 2 | -0.5
1.5997111564833038 | 2 | -0.5
1.6407272783321933 | 2 | -0.5
1.8466203313131386 | 2 | -0.5
2.0792078822394533 | 2 | -0.5
6.263433603543911 | 2 | -0.5
5.469873951001074 | 2 | -0.5
5.0835479533715 | 2 | -0.5
4.922380175407542 | 2 | -0.5
5.010488683874178 | 2 | -0.5
5.13942237496462 | 2 | -0.5
3.3394551891029027 | 2 | -0.5
2.7281348019580096 | 2 | -0.5
2.2016876245862798 | 2 | -0.5
1.9890007686604045 | 2 | -0.5
1.853094288223435 | 2 | -0.5
1.8497387284920124 | 2 | -0.5
1.8065889711687428 | 2 | -0.5
1.8776117979335636 | 2 | -0.5
2.0512319104610053 | 2 | -0.5
2.329792055275407 | 2 | -0.5
2.9824463772749934 | 2 | -0.5
3.8794894119429686 | 2 | -0.5
7.16498616219819 | 2 | -0.5
6.9789074461574545 | 2 | -0.5
6.961672931841521 | 2 | -0.5
4.764836331474919 | 2 | -0.5
3.11348519513362 | 2 | -0.5
2.4058780952811927 | 2 | -0.5
1.944082151841182 | 2 | -0.5
1.7162062259711228 | 2 | -0.5
1.6418661266317978 | 2 | -0.5
1.5267990590849156 | 2 | -0.5
1.5633990115070406 | 2 | -0.5
1.6124557112507727 | 2 | -0.5
1.732654205417904 | 2 | -0.5
1.87659320179383 | 2 | -0.5
2.1973034460133993 | 2 | -0.5
5.770741143463178 | 2 | -0.5
5.244592854530592 | 2 | -0.5
5.0187876379939045 | 2 | -0.5
5.009154882647174 | 2 | -0.5
5.186234207608071 | 2 | -0.5
3.7269012996680067 | 2 | -0.5
2.6296275693280395 | 2 | -0.5
2.278329548035961 | 2 | -0.5
2.001399120093379 | 2 | -0.5
1.8975888444524336 | 2 | -0.5
1.8785586707033275 | 2 | -0.5
1.8908821464515029 | 2 | -0.5
2.0266003892425983 | 2 | -0.5
2.272159887522513 | 2 | -0.5
2.6852943160951024 | 2 | -0.5
3.35217074195175 | 2 | -0.5
7.26299644479106 | 2 | -0.5
6.932435366699523 | 2 | -0.5
6.792905485267924 | 2 | -0.5
6.878298555969175 | 2 | -0.5
3.491610118001581 | 2 | -0.5
2.4403030080857855 | 2 | -0.5
1.9783110419347616 | 2 | -0.5
1.7263631284715053 | 2 | -0.5
1.5927530780468604 | 2 | -0.5
1.5426034324800197 | 2 | -0.5
1.502612727315036 | 2 | -0.5
1.5616743350959035 | 2 | -0.5
1.6668560139520614 | 2 | -0.5
1.9153648973732638 | 2 | -0.5
2.3280513203678574 | 2 | -0.5
5.789850955666664 | 2 | -0.5
5.321211833269448 | 2 | -0.5
5.176106965944208 | 2 | -0.5
5.216793429111349 | 2 | -0.5
5.23681123040213 | 2 | -0.5
3.544692927235811 | 2 | -0.5
2.5876274281040184 | 2 | -0.5
2.184831467401201 | 2 | -0.5
2.0491019624916884 | 2 | -0.5
1.8772139195813087 | 2 | -0.5
1.8884155127133364 | 2 | -0.5
1.9631559313802405 | 2 | -0.5
2.190603567920689 | 2 | -0.5
2.481674784304799 | 2 | -0.5
3.0568934199150752 | 2 | -0.5
7.243728981238134 | 2 | -0.5
6.785277768557178 | 2 | -0.5
6.628298917397069 | 2 | -0.5
6.699738519473986 | 2 | -0.5
3.9293555687757493 | 2 | -0.5
2.6827994703138835 | 2 | -0.5
2.0394610039329235 | 2 | -0.5
1.747383231195649 | 2 | -0.5
1.6134871899631802 | 2 | -0.5
1.5299178670144187 | 2 | -0.5
1.4791996588177272 | 2 | -0.5
1.5099687742522538 | 2 | -0.5
1.6537799534321762 | 2 | -0.5
1.8237956713377181 | 2 | -0.5
2.029257738546377 | 2 | -0.5
2.496872652342145 | 2 | -0.5
5.656987270531397 | 2 | -0.5
5.377942738257787 | 2 | -0.5
5.301243684822969 | 2 | -0.5
5.393921966121229 | 2 | -0.5
4.435348750084778 | 2 | -0.5
3.178325796116434 | 2 | -0.5
2.519795717436061 | 2 | -0.5
2.159358664796659 | 2 | -0.5
2.010931411316393 | 2 | -0.5
1.8792381100359465 | 2 | -0.5
1.8345440813912754 | 2 | -0.5
1.897829944887931 | 2 | -0.5
1.990434891862767 | 2 | -0.5
2.231610877107001 | 2 | -0.5
2.687591440545108 | 2 | -0.5
Total reward: -500.0
