-2.8, -2.8, 3.8, -3.8, 5.8, -4.8, 4.8, 3.8, 5.8, 4.8
parameter ends

state | action | reward
[-0.] | 0 | 1.0
-0.003831643145531416 | 0 | 1.0
-0.007347801234573126 | 1 | 1.0
-0.014778034761548042 | 0 | 1.0
-0.018320182338356972 | 1 | 1.0
-0.025781121104955673 | 0 | 1.0
-0.029359903186559677 | 1 | 1.0
-0.03686223551630974 | 0 | 1.0
-0.04048893600702286 | 0 | 1.0
-0.04804401472210884 | 1 | 1.0
-0.05952851101756096 | 0 | 1.0
-0.06714826077222824 | 1 | 1.0
-0.07870415598154068 | 0 | 1.0
-0.08640749007463455 | 0 | 1.0
Total reward: 14.0
-2.8, -2.8, 3.8, -3.8, 5.8, -4.8, 4.8, 3.8, 5.8, 4.8
parameter ends

state | action | reward
[0.04] | 0 | 1.0
0.03628610447049141 | 1 | 1.0
0.03184964507818222 | 0 | 1.0
0.03132181242108345 | 1 | 1.0
0.026896407827734947 | 0 | 1.0
0.026378264650702477 | 1 | 1.0
0.02196115255355835 | 0 | 1.0
0.02145005203783512 | 1 | 1.0
0.017038710415363312 | 0 | 1.0
0.016532210633158684 | 1 | 1.0
0.012124292552471161 | 0 | 1.0
0.011620099656283855 | 1 | 1.0
0.0072133708745241165 | 0 | 1.0
0.0067092785611748695 | 1 | 1.0
0.0023015639744699 | 0 | 1.0
0.001795395859517157 | 1 | 1.0
-0.002615478355437517 | 0 | 1.0
-0.0031259229872375727 | 1 | 1.0
-0.007542181294411421 | 0 | 1.0
-0.0080591831356287 | 1 | 1.0
-0.012483157217502594 | 0 | 1.0
-0.013009132817387581 | 1 | 1.0
-0.01744331419467926 | 0 | 1.0
-0.017980873584747314 | 1 | 1.0
-0.022427977994084358 | 0 | 1.0
-0.022979991510510445 | 1 | 1.0
-0.027443017810583115 | 0 | 1.0
-0.028012676164507866 | 0 | 1.0
-0.03249497711658478 | 1 | 1.0
-0.04088995233178139 | 0 | 1.0
-0.045395269989967346 | 1 | 1.0
-0.05381814390420914 | 0 | 1.0
-0.05835734307765961 | 1 | 1.0
-0.06681898981332779 | 0 | 1.0
-0.07140351086854935 | 1 | 1.0
-0.07991541177034378 | 0 | 1.0
-0.08455746620893478 | 1 | 1.0
-0.09313187003135681 | 0 | 1.0
-0.09784460067749023 | 0 | 1.0
-0.10649459809064865 | 1 | 1.0
-0.11908237636089325 | 0 | 1.0
Total reward: 41.0
-2.8, -2.8, 3.8, -3.8, 5.8, -4.8, 4.8, 3.8, 5.8, 4.8
parameter ends

state | action | reward
[0.02] | 0 | 1.0
0.016570178791880608 | 0 | 1.0
0.013634580187499523 | 1 | 1.0
0.006787878926843405 | 0 | 1.0
0.0038328422233462334 | 1 | 1.0
-0.0030378559604287148 | 0 | 1.0
-0.006022321525961161 | 1 | 1.0
-0.012927031144499779 | 0 | 1.0
-0.015951434150338173 | 0 | 1.0
-0.022900734096765518 | 1 | 1.0
-0.033776041120290756 | 0 | 1.0
-0.04078105464577675 | 1 | 1.0
-0.051718950271606445 | 0 | 1.0
-0.058797866106033325 | 1 | 1.0
-0.06981588155031204 | 0 | 1.0
Total reward: 15.0
-2.8, -2.8, 3.8, -3.8, 5.8, -4.8, 4.8, 3.8, 5.8, 4.8
parameter ends

state | action | reward
[-0.02] | 0 | 1.0
-0.015829207375645638 | 1 | 1.0
-0.019203420728445053 | 0 | 1.0
-0.018666330724954605 | 1 | 1.0
-0.02202375791966915 | 0 | 1.0
-0.021471034735441208 | 1 | 1.0
-0.024814017117023468 | 0 | 1.0
-0.02424781769514084 | 1 | 1.0
-0.027578307315707207 | 0 | 1.0
-0.02700042724609375 | 1 | 1.0
-0.03032003901898861 | 0 | 1.0
-0.029731955379247665 | 1 | 1.0
-0.03304201737046242 | 0 | 1.0
-0.03244492784142494 | 1 | 1.0
-0.035746511071920395 | 0 | 1.0
-0.03514137491583824 | 1 | 1.0
-0.03843532130122185 | 0 | 1.0
-0.037822891026735306 | 1 | 1.0
-0.0411098450422287 | 0 | 1.0
-0.040490664541721344 | 1 | 1.0
-0.043771084398031235 | 0 | 1.0
-0.04314552992582321 | 1 | 1.0
-0.04641970619559288 | 0 | 1.0
-0.0457879900932312 | 1 | 1.0
-0.049056049436330795 | 0 | 1.0
-0.04841822385787964 | 1 | 1.0
-0.05168014019727707 | 0 | 1.0
-0.05103610083460808 | 1 | 1.0
-0.05429169163107872 | 0 | 1.0
-0.0536411851644516 | 1 | 1.0
-0.05689011514186859 | 0 | 1.0
-0.056232720613479614 | 1 | 1.0
-0.05947449058294296 | 0 | 1.0
-0.05880962684750557 | 1 | 1.0
-0.062043555080890656 | 0 | 1.0
-0.06137045845389366 | 1 | 1.0
-0.06459568440914154 | 0 | 1.0
-0.06391339749097824 | 1 | 1.0
-0.06712885200977325 | 0 | 1.0
-0.06643618643283844 | 1 | 1.0
-0.06964056193828583 | 0 | 1.0
-0.06893610209226608 | 1 | 1.0
-0.07212783396244049 | 0 | 1.0
-0.07140988111495972 | 1 | 1.0
-0.07458709925413132 | 0 | 1.0
-0.07385363429784775 | 1 | 1.0
-0.07701414823532104 | 0 | 1.0
-0.07626279443502426 | 1 | 1.0
-0.07940399646759033 | 0 | 1.0
-0.07863198220729828 | 1 | 1.0
-0.08175082504749298 | 0 | 1.0
-0.0809548869729042 | 1 | 1.0
-0.0840478241443634 | 0 | 1.0
-0.08322415500879288 | 1 | 1.0
-0.08628702163696289 | 0 | 1.0
-0.08543121814727783 | 1 | 1.0
-0.08845917880535126 | 0 | 1.0
-0.08756610006093979 | 1 | 1.0
-0.09055352956056595 | 1 | 1.0
-0.08961726725101471 | 0 | 1.0
-0.08475685119628906 | 1 | 1.0
-0.08377066254615784 | 0 | 1.0
-0.0788547620177269 | 1 | 1.0
-0.07780452072620392 | 0 | 1.0
-0.07281912118196487 | 1 | 1.0
-0.07168982177972794 | 1 | 1.0
-0.06662018597126007 | 0 | 1.0
Total reward: 67.0
-2.8, -2.8, 3.8, -3.8, 5.8, -4.8, 4.8, 3.8, 5.8, 4.8
parameter ends

state | action | reward
[-0.04] | 0 | 1.0
-0.04241747409105301 | 1 | 1.0
-0.04630102217197418 | 0 | 1.0
-0.046282656490802765 | 1 | 1.0
-0.05016910284757614 | 0 | 1.0
-0.05015571415424347 | 0 | 1.0
-0.054049182683229446 | 1 | 1.0
-0.061849694699048996 | 0 | 1.0
-0.06575439125299454 | 1 | 1.0
-0.07357136905193329 | 0 | 1.0
-0.07749836146831512 | 1 | 1.0
-0.08534277975559235 | 0 | 1.0
-0.08930348604917526 | 1 | 1.0
-0.09718672186136246 | 0 | 1.0
-0.10119309276342392 | 1 | 1.0
-0.10912712663412094 | 0 | 1.0
-0.1131918802857399 | 0 | 1.0
-0.12118940055370331 | 1 | 1.0
-0.133120596408844 | 0 | 1.0
-0.14119483530521393 | 1 | 1.0
Total reward: 20.0
-2.8, -2.8, 3.8, -3.8, 5.8, -4.8, 4.8, 3.8, 5.8, 4.8
parameter ends

state | action | reward
[0.] | 0 | 1.0
0.0020159606356173754 | 0 | 1.0
-0.0017982755089178681 | 1 | 1.0
-0.009525168687105179 | 0 | 1.0
-0.013362518511712551 | 1 | 1.0
-0.021117642521858215 | 0 | 1.0
-0.024989502504467964 | 1 | 1.0
-0.03278423473238945 | 0 | 1.0
-0.03670257702469826 | 1 | 1.0
-0.04454889893531799 | 0 | 1.0
-0.048526450991630554 | 0 | 1.0
-0.056437090039253235 | 1 | 1.0
-0.06828168034553528 | 0 | 1.0
-0.07626987248659134 | 1 | 1.0
Total reward: 14.0
-2.8, -2.8, 3.8, -3.8, 5.8, -4.8, 4.8, 3.8, 5.8, 4.8
parameter ends

state | action | reward
[-0.03] | 0 | 1.0
-0.02600667253136635 | 0 | 1.0
-0.030175121501088142 | 1 | 1.0
-0.0382583923637867 | 0 | 1.0
-0.04245428368449211 | 1 | 1.0
-0.050569385290145874 | 0 | 1.0
-0.054802682250738144 | 1 | 1.0
-0.06295966356992722 | 0 | 1.0
-0.06724101305007935 | 1 | 1.0
-0.07545062154531479 | 0 | 1.0
-0.07979153096675873 | 0 | 1.0
-0.08806537091732025 | 1 | 1.0
-0.10027293115854263 | 0 | 1.0
-0.10862324386835098 | 1 | 1.0
Total reward: 14.0
-2.8, -2.8, 3.8, -3.8, 5.8, -4.8, 4.8, 3.8, 5.8, 4.8
parameter ends

state | action | reward
[0.01] | 0 | 1.0
0.011356896720826626 | 1 | 1.0
0.008394045755267143 | 0 | 1.0
0.009341532364487648 | 1 | 1.0
0.0063933865167200565 | 0 | 1.0
0.007354351691901684 | 1 | 1.0
0.004418421071022749 | 0 | 1.0
0.005390531849116087 | 1 | 1.0
0.0024646606761962175 | 0 | 1.0
0.0034458928275853395 | 1 | 1.0
0.0005282025667838752 | 0 | 1.0
0.00151678710244596 | 1 | 1.0
-0.0013943741796538234 | 0 | 1.0
-0.0003999987675342709 | 0 | 1.0
-0.0033060992136597633 | 1 | 1.0
-0.010112165473401546 | 0 | 1.0
-0.013014518655836582 | 1 | 1.0
-0.019820818677544594 | 0 | 1.0
-0.02272731624543667 | 1 | 1.0
-0.029541611671447754 | 0 | 1.0
-0.03246014192700386 | 1 | 1.0
-0.03929027542471886 | 0 | 1.0
-0.04222891107201576 | 1 | 1.0
-0.049082983285188675 | 0 | 1.0
-0.052050162106752396 | 1 | 1.0
-0.058936707675457 | 0 | 1.0
-0.06194141134619713 | 1 | 1.0
-0.06886954605579376 | 0 | 1.0
-0.07192147523164749 | 0 | 1.0
-0.07890106737613678 | 1 | 1.0
-0.08980922400951385 | 0 | 1.0
-0.09685082733631134 | 1 | 1.0
-0.10782743245363235 | 0 | 1.0
-0.11494874954223633 | 0 | 1.0
Total reward: 34.0
-2.8, -2.8, 3.8, -3.8, 5.8, -4.8, 4.8, 3.8, 5.8, 4.8
parameter ends

state | action | reward
[0.04] | 0 | 1.0
0.037628624588251114 | 1 | 1.0
0.0338275209069252 | 0 | 1.0
0.03392891213297844 | 1 | 1.0
0.030126331374049187 | 0 | 1.0
0.030224738642573357 | 1 | 1.0
0.026417681947350502 | 0 | 1.0
0.026510057970881462 | 0 | 1.0
0.022695446386933327 | 1 | 1.0
0.014973900280892849 | 0 | 1.0
0.01114853098988533 | 1 | 1.0
0.0034114522859454155 | 0 | 1.0
-0.0004347523208707571 | 1 | 1.0
-0.008197388611733913 | 0 | 1.0
-0.012074839323759079 | 1 | 1.0
-0.01987345889210701 | 0 | 1.0
-0.023793108761310577 | 1 | 1.0
-0.031638722866773605 | 0 | 1.0
-0.035612259060144424 | 0 | 1.0
-0.0435166172683239 | 1 | 1.0
-0.05535273998975754 | 0 | 1.0
-0.06332817673683167 | 1 | 1.0
-0.07524190098047256 | 0 | 1.0
Total reward: 23.0
-2.8, -2.8, 3.8, -3.8, 5.8, -4.8, 4.8, 3.8, 5.8, 4.8
parameter ends

state | action | reward
[-0.05] | 0 | 1.0
-0.046662621200084686 | 1 | 1.0
-0.051137134432792664 | 0 | 1.0
-0.05170944333076477 | 1 | 1.0
-0.05618629977107048 | 0 | 1.0
-0.056763045489788055 | 1 | 1.0
-0.06124639883637428 | 0 | 1.0
-0.06183181330561638 | 1 | 1.0
-0.06632593274116516 | 0 | 1.0
-0.06692440062761307 | 1 | 1.0
-0.07143374532461166 | 0 | 1.0
-0.07204993069171906 | 0 | 1.0
-0.07657928764820099 | 1 | 1.0
-0.08502215147018433 | 0 | 1.0
-0.08957667648792267 | 1 | 1.0
-0.09805015474557877 | 0 | 1.0
-0.10264209657907486 | 1 | 1.0
-0.11115840077400208 | 0 | 1.0
-0.11580061167478561 | 1 | 1.0
-0.12437254190444946 | 0 | 1.0
-0.12907865643501282 | 0 | 1.0
-0.1377197653055191 | 1 | 1.0
-0.15029661357402802 | 0 | 1.0
Total reward: 23.0
-2.8, -2.8, 3.8, -3.8, 5.8, -4.8, 4.8, 3.8, 5.8, 4.8
parameter ends

state | action | reward
[0.03] | 0 | 1.0
0.03172725439071655 | 1 | 1.0
0.02775658667087555 | 0 | 1.0
0.027693094685673714 | 1 | 1.0
0.023730657994747162 | 0 | 1.0
0.023674381896853447 | 1 | 1.0
0.019718140363693237 | 0 | 1.0
0.0196671299636364 | 1 | 1.0
0.015715230256319046 | 0 | 1.0
0.01566769741475582 | 1 | 1.0
0.01171841286122799 | 0 | 1.0
0.011672675609588623 | 1 | 1.0
0.007724370341747999 | 0 | 1.0
0.00767881516367197 | 1 | 1.0
0.0037298970855772495 | 0 | 1.0
0.0036829342134296894 | 1 | 1.0
-0.00026818402693606913 | 0 | 1.0
-0.0003181591455359012 | 1 | 1.0
-0.004273100756108761 | 0 | 1.0
-0.004327747970819473 | 1 | 1.0
-0.00828821025788784 | 0 | 1.0
-0.008349287323653698 | 1 | 1.0
-0.012317084707319736 | 0 | 1.0
-0.012386487796902657 | 1 | 1.0
-0.01636359468102455 | 0 | 1.0
-0.0164434053003788 | 1 | 1.0
-0.0204320028424263 | 0 | 1.0
-0.020524537190794945 | 0 | 1.0
-0.024527063593268394 | 1 | 1.0
-0.03243940323591232 | 0 | 1.0
-0.036458589136600494 | 1 | 1.0
-0.04439208656549454 | 0 | 1.0
-0.04843767359852791 | 1 | 1.0
-0.056402090936899185 | 0 | 1.0
-0.06048429012298584 | 1 | 1.0
-0.06848990172147751 | 0 | 1.0
-0.07261957228183746 | 1 | 1.0
-0.080677330493927 | 0 | 1.0
-0.08486617356538773 | 0 | 1.0
-0.09298785775899887 | 1 | 1.0
-0.1050431877374649 | 0 | 1.0
-0.11324119567871094 | 1 | 1.0
Total reward: 42.0
-2.8, -2.8, 3.8, -3.8, 5.8, -4.8, 4.8, 3.8, 5.8, 4.8
parameter ends

state | action | reward
[0.04] | 0 | 1.0
0.03732290118932724 | 0 | 1.0
0.03366710618138313 | 1 | 1.0
0.02610226534307003 | 0 | 1.0
0.022431353107094765 | 1 | 1.0
0.014846736565232277 | 0 | 1.0
0.01115068793296814 | 1 | 1.0
0.0035362872295081615 | 0 | 1.0
-0.00019534514285624027 | 1 | 1.0
-0.007850023917853832 | 0 | 1.0
-0.011628314852714539 | 1 | 1.0
-0.019334420561790466 | 0 | 1.0
-0.023171257227659225 | 0 | 1.0
-0.030940739437937737 | 1 | 1.0
-0.042643699795007706 | 0 | 1.0
-0.05048910155892372 | 1 | 1.0
Total reward: 16.0
-2.8, -2.8, 3.8, -3.8, 5.8, -4.8, 4.8, 3.8, 5.8, 4.8
parameter ends

state | action | reward
[0.04] | 0 | 1.0
0.039786145091056824 | 0 | 1.0
0.03625614568591118 | 1 | 1.0
0.028811056166887283 | 0 | 1.0
0.025252768769860268 | 1 | 1.0
0.017774581909179688 | 0 | 1.0
0.014177041128277779 | 1 | 1.0
0.006654753815382719 | 0 | 1.0
0.0030063141603022814 | 0 | 1.0
-0.004571775905787945 | 1 | 1.0
-0.016080522909760475 | 0 | 1.0
-0.023726681247353554 | 1 | 1.0
-0.03531015291810036 | 0 | 1.0
Total reward: 13.0
-2.8, -2.8, 3.8, -3.8, 5.8, -4.8, 4.8, 3.8, 5.8, 4.8
parameter ends

state | action | reward
[0.03] | 0 | 1.0
0.028471646830439568 | 1 | 1.0
0.02461952529847622 | 0 | 1.0
0.024672742933034897 | 1 | 1.0
0.02082499861717224 | 0 | 1.0
0.02088136412203312 | 1 | 1.0
0.017035534605383873 | 0 | 1.0
0.017092622816562653 | 1 | 1.0
0.013246321119368076 | 0 | 1.0
0.01330175343900919 | 1 | 1.0
0.00945261586457491 | 0 | 1.0
0.009504000656306744 | 1 | 1.0
0.005649619270116091 | 0 | 1.0
0.005694497376680374 | 1 | 1.0
0.001832363661378622 | 0 | 1.0
0.001868141465820372 | 0 | 1.0
-0.0020044120028615 | 1 | 1.0
-0.00978515949100256 | 0 | 1.0
-0.013671002350747585 | 1 | 1.0
-0.021469637751579285 | 0 | 1.0
-0.025378582999110222 | 1 | 1.0
-0.03320489823818207 | 0 | 1.0
-0.03714714199304581 | 1 | 1.0
-0.045011378824710846 | 0 | 1.0
-0.04899771139025688 | 1 | 1.0
-0.05691073462367058 | 0 | 1.0
-0.060952723026275635 | 0 | 1.0
-0.06892618536949158 | 1 | 1.0
-0.08083200454711914 | 0 | 1.0
-0.08887815475463867 | 1 | 1.0
-0.10086308419704437 | 0 | 1.0
Total reward: 31.0
-2.8, -2.8, 3.8, -3.8, 5.8, -4.8, 4.8, 3.8, 5.8, 4.8
parameter ends

state | action | reward
[0.02] | 0 | 1.0
0.014757213182747364 | 1 | 1.0
0.010588598437607288 | 0 | 1.0
0.010335774160921574 | 1 | 1.0
0.006193583365529776 | 0 | 1.0
0.00596590805798769 | 1 | 1.0
0.0018474950920790434 | 0 | 1.0
0.0016426006332039833 | 1 | 1.0
-0.002454061061143875 | 0 | 1.0
-0.002637942787259817 | 1 | 1.0
-0.006714315619319677 | 0 | 1.0
-0.006878403946757317 | 1 | 1.0
-0.010935427621006966 | 0 | 1.0
-0.011080429889261723 | 1 | 1.0
-0.015118547715246677 | 0 | 1.0
-0.015244684182107449 | 1 | 1.0
-0.019263863563537598 | 0 | 1.0
-0.019370876252651215 | 1 | 1.0
-0.02337060682475567 | 0 | 1.0
-0.02345776930451393 | 1 | 1.0
-0.027437061071395874 | 0 | 1.0
-0.027503153309226036 | 1 | 1.0
-0.03146051988005638 | 0 | 1.0
-0.031503815203905106 | 1 | 1.0
-0.03543723374605179 | 0 | 1.0
-0.03545546904206276 | 1 | 1.0
-0.0393623523414135 | 0 | 1.0
-0.039352670311927795 | 1 | 1.0
-0.04322979599237442 | 0 | 1.0
-0.04318869858980179 | 1 | 1.0
-0.04703216254711151 | 1 | 1.0
-0.04695543274283409 | 0 | 1.0
-0.04295831546187401 | 1 | 1.0
-0.042841024696826935 | 0 | 1.0
-0.0387982502579689 | 1 | 1.0
-0.038628075271844864 | 0 | 1.0
-0.034527309238910675 | 1 | 1.0
-0.03429108113050461 | 0 | 1.0
-0.030119186267256737 | 1 | 1.0
-0.029802769422531128 | 1 | 1.0
-0.02554578147828579 | 0 | 1.0
Total reward: 41.0
-2.8, -2.8, 3.8, -3.8, 5.8, -4.8, 4.8, 3.8, 5.8, 4.8
parameter ends

state | action | reward
[0.05] | 0 | 1.0
0.046860527247190475 | 1 | 1.0
0.04197145998477936 | 0 | 1.0
0.040972255170345306 | 1 | 1.0
0.036057595163583755 | 0 | 1.0
0.03503122180700302 | 0 | 1.0
0.030087938532233238 | 1 | 1.0
0.0212277639657259 | 0 | 1.0
0.01625221222639084 | 1 | 1.0
0.007355056703090668 | 0 | 1.0
0.002336290432140231 | 1 | 1.0
-0.006608855444937944 | 0 | 1.0
-0.011682535521686077 | 1 | 1.0
-0.020687436684966087 | 0 | 1.0
-0.02582864835858345 | 0 | 1.0
-0.03490593656897545 | 1 | 1.0
-0.04791990667581558 | 0 | 1.0
Total reward: 17.0
-2.8, -2.8, 3.8, -3.8, 5.8, -4.8, 4.8, 3.8, 5.8, 4.8
parameter ends

state | action | reward
[-0.03] | 0 | 1.0
-0.032683104276657104 | 1 | 1.0
-0.037155479192733765 | 0 | 1.0
-0.037727322429418564 | 1 | 1.0
-0.04220499470829964 | 0 | 1.0
-0.042783528566360474 | 1 | 1.0
-0.04726925864815712 | 0 | 1.0
-0.047857336699962616 | 1 | 1.0
-0.052354056388139725 | 0 | 1.0
-0.05295473337173462 | 1 | 1.0
-0.057465601712465286 | 0 | 1.0
-0.058082215487957 | 1 | 1.0
-0.0626107007265091 | 0 | 1.0
-0.06324693560600281 | 0 | 1.0
-0.06779690086841583 | 1 | 1.0
-0.07626073807477951 | 0 | 1.0
-0.0808364674448967 | 1 | 1.0
-0.08933114260435104 | 0 | 1.0
-0.09394406527280807 | 1 | 1.0
-0.10248101502656937 | 0 | 1.0
-0.10714319348335266 | 1 | 1.0
-0.11573448032140732 | 0 | 1.0
-0.12045878171920776 | 0 | 1.0
-0.12911726534366608 | 1 | 1.0
-0.14171072840690613 | 0 | 1.0
-0.15044976770877838 | 1 | 1.0
Total reward: 26.0
-2.8, -2.8, 3.8, -3.8, 5.8, -4.8, 4.8, 3.8, 5.8, 4.8
parameter ends

state | action | reward
[0.] | 0 | 1.0
0.004915895871818066 | 0 | 1.0
0.0015611265553161502 | 1 | 1.0
-0.005702476017177105 | 0 | 1.0
-0.009072203189134598 | 1 | 1.0
-0.016355955973267555 | 0 | 1.0
-0.01975179836153984 | 1 | 1.0
-0.0270667914301157 | 0 | 1.0
-0.030500320717692375 | 1 | 1.0
-0.03785811737179756 | 0 | 1.0
-0.041341524571180344 | 0 | 1.0
-0.04875432699918747 | 1 | 1.0
-0.060097597539424896 | 0 | 1.0
-0.06757812201976776 | 1 | 1.0
-0.07899589836597443 | 0 | 1.0
Total reward: 15.0
-2.8, -2.8, 3.8, -3.8, 5.8, -4.8, 4.8, 3.8, 5.8, 4.8
parameter ends

state | action | reward
[-0.03] | 0 | 1.0
-0.03488815203309059 | 1 | 1.0
-0.03952743858098984 | 0 | 1.0
-0.04026292264461517 | 1 | 1.0
-0.04490119218826294 | 0 | 1.0
-0.045637402683496475 | 1 | 1.0
-0.050278130918741226 | 0 | 1.0
-0.05101856216788292 | 1 | 1.0
-0.05566524341702461 | 0 | 1.0
-0.056413453072309494 | 1 | 1.0
-0.06106968969106674 | 0 | 1.0
-0.06182938069105148 | 1 | 1.0
-0.06649895757436752 | 0 | 1.0
-0.0672740787267685 | 1 | 1.0
-0.07196105271577835 | 0 | 1.0
-0.07275588810443878 | 0 | 1.0
-0.07746469229459763 | 1 | 1.0
-0.08608774095773697 | 0 | 1.0
-0.09082324057817459 | 1 | 1.0
-0.09947827458381653 | 0 | 1.0
-0.10425246506929398 | 1 | 1.0
-0.11295146495103836 | 0 | 1.0
-0.11777696758508682 | 1 | 1.0
-0.12653253972530365 | 0 | 1.0
-0.13142278790473938 | 0 | 1.0
-0.14024829864501953 | 1 | 1.0
-0.1530097872018814 | 0 | 1.0
Total reward: 27.0
-2.8, -2.8, 3.8, -3.8, 5.8, -4.8, 4.8, 3.8, 5.8, 4.8
parameter ends

state | action | reward
[0.04] | 0 | 1.0
0.04080481827259064 | 1 | 1.0
0.03604768216609955 | 0 | 1.0
0.03520573675632477 | 1 | 1.0
0.030473701655864716 | 0 | 1.0
0.029655568301677704 | 1 | 1.0
0.02494596131145954 | 0 | 1.0
0.024149227887392044 | 1 | 1.0
0.019459957256913185 | 0 | 1.0
0.018682776018977165 | 1 | 1.0
0.014012282714247704 | 0 | 1.0
0.01325332373380661 | 1 | 1.0
0.008600533939898014 | 0 | 1.0
0.007858937606215477 | 1 | 1.0
0.0032232352532446384 | 0 | 1.0
0.0024985899217426777 | 1 | 1.0
-0.002120207529515028 | 0 | 1.0
-0.002827882766723633 | 1 | 1.0
-0.007429531309753656 | 0 | 1.0
-0.008119792677462101 | 1 | 1.0
-0.01270361989736557 | 0 | 1.0
-0.013375593349337578 | 1 | 1.0
-0.017940491437911987 | 0 | 1.0
-0.01859285682439804 | 1 | 1.0
-0.023137254640460014 | 0 | 1.0
-0.023768223822116852 | 1 | 1.0
-0.028290055692195892 | 0 | 1.0
-0.028897330164909363 | 1 | 1.0
-0.03339399769902229 | 1 | 1.0
-0.033974725753068924 | 0 | 1.0
-0.030639568343758583 | 1 | 1.0
-0.031190328299999237 | 0 | 1.0
-0.027820555493235588 | 1 | 1.0
-0.028330663219094276 | 0 | 1.0
-0.02491552010178566 | 1 | 1.0
-0.025373566895723343 | 0 | 1.0
-0.021901573985815048 | 1 | 1.0
-0.0222952701151371 | 1 | 1.0
-0.01875409111380577 | 0 | 1.0
-0.011277345940470695 | 1 | 1.0
-0.007654078304767609 | 0 | 1.0
Total reward: 41.0
