-2.7, 1.0, -2.3, 0.4, -2.3, 4.9, 4.2, -1.4, -0.5, -4.0, -4.3, 2.1, -4.2, -2.0, 5.6, -2.9, 1.2, -1.2
parameter ends

state | action | reward
[2.85] | 2 | -0.5
2.815923310775469 | 2 | -0.5
2.8867332154483654 | 2 | -0.5
3.065663861046308 | 2 | -0.5
3.416580274031534 | 2 | -0.5
3.9596952935054883 | 2 | -0.5
5.135891656716803 | 2 | -0.5
7.213392831568224 | 2 | -0.5
10.396404534681325 | 2 | -0.5
3.6434136642279524 | 2 | -0.5
1.822458616155933 | 2 | -0.5
1.969087480666957 | 2 | -0.5
2.226875411415471 | 2 | -0.5
2.655194197230353 | 2 | -0.5
3.4708563850288376 | 2 | -0.5
5.302177353439393 | 2 | -0.5
9.096824938078946 | 2 | -0.5
9.09421289369834 | 2 | -0.5
5.28775429937836 | 2 | -0.5
3.1948539524999826 | 2 | -0.5
2.2981882258608377 | 2 | -0.5
2.005113257746234 | 2 | -0.5
1.7835875471893137 | 2 | -0.5
1.6984984568968895 | 2 | -0.5
1.6634493376925774 | 2 | -0.5
1.7251359903646397 | 2 | -0.5
1.8344426632356146 | 2 | -0.5
1.9651957821626171 | 2 | -0.5
2.351934497452867 | 2 | -0.5
2.807800025297549 | 2 | -0.5
3.0126236819597603 | 2 | -0.5
2.9081721741150752 | 2 | -0.5
2.870148213580344 | 2 | -0.5
2.9296920174432377 | 2 | -0.5
3.1106723293767593 | 2 | -0.5
3.3129283979571627 | 2 | -0.5
3.8904358254355738 | 2 | -0.5
4.695255538653993 | 2 | -0.5
6.231956941122178 | 2 | -0.5
10.726282919048069 | 2 | -0.5
10.373146095378354 | 2 | -0.5
3.515887011335966 | 2 | -0.5
1.9147719764094966 | 2 | -0.5
2.1479787115434017 | 2 | -0.5
2.476164342338364 | 2 | -0.5
3.1383244464058238 | 2 | -0.5
4.4170670155825125 | 2 | -0.5
9.406630471809759 | 2 | -0.5
9.142290367791377 | 2 | -0.5
8.963854520205244 | 2 | -0.5
4.146478355774203 | 2 | -0.5
2.8741486523196706 | 2 | -0.5
2.2529143536864766 | 2 | -0.5
1.9804467234473477 | 2 | -0.5
1.8036911653815495 | 2 | -0.5
1.7385850703617023 | 2 | -0.5
1.6755868086400156 | 2 | -0.5
1.7218318567716266 | 2 | -0.5
1.8163183185713314 | 2 | -0.5
2.0091480349384434 | 2 | -0.5
2.3176984710126805 | 2 | -0.5
3.0012007146891158 | 2 | -0.5
2.8798473547926253 | 2 | -0.5
2.72391705505425 | 2 | -0.5
2.7232000011785567 | 2 | -0.5
2.801477196971386 | 2 | -0.5
3.0467772106437825 | 2 | -0.5
3.3909843665849415 | 2 | -0.5
4.133147609595801 | 2 | -0.5
5.615211451314103 | 2 | -0.5
10.5601958321146 | 2 | -0.5
10.16535202247167 | 2 | -0.5
4.832591284624188 | 2 | -0.5
1.9893776293078684 | 2 | -0.5
1.8475545819402264 | 2 | -0.5
2.0757324356873315 | 2 | -0.5
2.6348475179757074 | 2 | -0.5
3.585165939893981 | 2 | -0.5
6.0903705306503 | 2 | -0.5
9.319736858397631 | 2 | -0.5
9.361711490910418 | 2 | -0.5
5.455465507990721 | 2 | -0.5
3.2414792460995283 | 2 | -0.5
2.553304693717281 | 2 | -0.5
2.1418912745395873 | 2 | -0.5
1.9176192712022344 | 2 | -0.5
1.795202507674321 | 2 | -0.5
1.7201471307720944 | 2 | -0.5
1.7058665442409089 | 2 | -0.5
1.7689127415926615 | 2 | -0.5
1.9562002828450136 | 2 | -0.5
2.223641522927297 | 2 | -0.5
2.7088592560839206 | 2 | -0.5
2.9751910267998216 | 2 | -0.5
2.7455048275029488 | 2 | -0.5
2.7286908184211724 | 2 | -0.5
2.7378975644219268 | 2 | -0.5
2.853985888852123 | 2 | -0.5
3.1884020502629564 | 2 | -0.5
3.688144820583017 | 2 | -0.5
5.125631985191278 | 2 | -0.5
10.71472403917936 | 2 | -0.5
10.257142883798686 | 2 | -0.5
5.599833842244324 | 2 | -0.5
2.1762548353220508 | 2 | -0.5
1.8959341789634716 | 2 | -0.5
2.148610593266163 | 2 | -0.5
2.4396155849490158 | 2 | -0.5
2.908866348075865 | 2 | -0.5
4.05454666280928 | 2 | -0.5
9.47375373064481 | 2 | -0.5
9.303048587527034 | 2 | -0.5
8.85544532351162 | 2 | -0.5
4.496213410250577 | 2 | -0.5
2.878945379977604 | 2 | -0.5
2.3816682239099705 | 2 | -0.5
2.0559828748139655 | 2 | -0.5
1.8658250603599875 | 2 | -0.5
1.8350837055500564 | 2 | -0.5
1.772372791214466 | 2 | -0.5
1.8112578419056065 | 2 | -0.5
1.8892601791056813 | 2 | -0.5
2.06599955685154 | 2 | -0.5
2.3639335896940405 | 2 | -0.5
3.042484624705645 | 2 | -0.5
2.889177369394796 | 2 | -0.5
2.7139624026428275 | 2 | -0.5
2.6890519267081148 | 2 | -0.5
2.7602378758770363 | 2 | -0.5
2.9174771985549066 | 2 | -0.5
3.227211334427421 | 2 | -0.5
3.708957777966804 | 2 | -0.5
4.8672590682373436 | 2 | -0.5
7.328429701640738 | 2 | -0.5
10.357586730371802 | 2 | -0.5
10.230512981335815 | 2 | -0.5
2.1570697341470857 | 2 | -0.5
1.9335573309080183 | 2 | -0.5
2.179111464095149 | 2 | -0.5
2.566967110823655 | 2 | -0.5
3.45562886415092 | 2 | -0.5
5.385493854156281 | 2 | -0.5
9.281356475271744 | 2 | -0.5
9.308548038466519 | 2 | -0.5
4.46718323113654 | 2 | -0.5
3.0588166934286924 | 2 | -0.5
2.3706784918691794 | 2 | -0.5
2.0223904094586254 | 2 | -0.5
1.8221130078447383 | 2 | -0.5
1.7300293554955997 | 2 | -0.5
1.6963282155765362 | 2 | -0.5
1.7408005119952208 | 2 | -0.5
1.8244331624032544 | 2 | -0.5
1.9302790030337649 | 2 | -0.5
2.203249780715251 | 2 | -0.5
2.6744135412840864 | 2 | -0.5
3.0029138791882337 | 2 | -0.5
2.7745643947638197 | 2 | -0.5
2.688138293017619 | 2 | -0.5
2.725716933686131 | 2 | -0.5
2.8786946363008736 | 2 | -0.5
3.1149738446154744 | 2 | -0.5
3.543507096733654 | 2 | -0.5
4.404750305883591 | 2 | -0.5
6.103990867341452 | 2 | -0.5
10.473976348190025 | 2 | -0.5
10.22251490780053 | 2 | -0.5
2.761020769744877 | 2 | -0.5
1.8293041779869859 | 2 | -0.5
1.9945612273517896 | 2 | -0.5
2.2572954865482893 | 2 | -0.5
2.7269334777953467 | 2 | -0.5
3.846578212326021 | 2 | -0.5
9.423658693620805 | 2 | -0.5
9.209307695547169 | 2 | -0.5
6.457777129976896 | 2 | -0.5
3.631942052984 | 2 | -0.5
2.739451652646336 | 2 | -0.5
2.242845588414681 | 2 | -0.5
1.9994723827634002 | 2 | -0.5
1.8230787940719093 | 2 | -0.5
1.7750293902419911 | 2 | -0.5
1.74880852395189 | 2 | -0.5
1.8092928527206062 | 2 | -0.5
1.9623726846156246 | 2 | -0.5
2.1813884444474803 | 2 | -0.5
2.6321600986214224 | 2 | -0.5
3.072611427495958 | 2 | -0.5
2.852766350492257 | 2 | -0.5
2.7401539268997768 | 2 | -0.5
2.7209851398323917 | 2 | -0.5
2.7777822216603836 | 2 | -0.5
2.9923680189272903 | 2 | -0.5
3.320837564645664 | 2 | -0.5
3.9095190646052393 | 2 | -0.5
5.2547937707269226 | 2 | -0.5
10.741423215372446 | 2 | -0.5
10.250463513299069 | 2 | -0.5
5.557429856249765 | 2 | -0.5
1.9763522993240807 | 2 | -0.5
1.8675395456122443 | 2 | -0.5
2.1134424018769606 | 2 | -0.5
2.5689552753320863 | 2 | -0.5
3.4620040596803676 | 2 | -0.5
5.363887996064216 | 2 | -0.5
9.2003064448641 | 2 | -0.5
9.28647429687626 | 2 | -0.5
5.177034081810978 | 2 | -0.5
3.348063732083976 | 2 | -0.5
2.5481571213624474 | 2 | -0.5
2.154320375947407 | 2 | -0.5
1.9474968128815797 | 2 | -0.5
1.7986405917989452 | 2 | -0.5
1.766652415639084 | 2 | -0.5
1.7641762077313397 | 2 | -0.5
1.8598967401850066 | 2 | -0.5
2.029294565767439 | 2 | -0.5
2.2624501491288376 | 2 | -0.5
2.7186683408804497 | 2 | -0.5
3.1177328016257264 | 2 | -0.5
2.870543410128422 | 2 | -0.5
2.7963887410131028 | 2 | -0.5
2.820025611164991 | 2 | -0.5
2.962274437653979 | 2 | -0.5
3.2607097672851153 | 2 | -0.5
3.805695897185232 | 2 | -0.5
5.018338109001668 | 2 | -0.5
7.177137888273779 | 2 | -0.5
10.272282339539373 | 2 | -0.5
10.011693538496838 | 2 | -0.5
1.850222639035045 | 2 | -0.5
1.6662143361831951 | 2 | -0.5
1.8066737392327652 | 2 | -0.5
2.062317509684494 | 2 | -0.5
2.716164702648046 | 2 | -0.5
3.884036164225265 | 2 | -0.5
9.137077531318623 | 2 | -0.5
9.03418213443986 | 2 | -0.5
7.481949716104188 | 2 | -0.5
4.218906766514539 | 2 | -0.5
3.044645787473543 | 2 | -0.5
2.4241379380224988 | 2 | -0.5
2.10862548589523 | 2 | -0.5
1.957545837639098 | 2 | -0.5
1.8296649008247532 | 2 | -0.5
1.7966734940086124 | 2 | -0.5
1.8448638020219081 | 2 | -0.5
1.9673711976696158 | 2 | -0.5
2.145295614900661 | 2 | -0.5
2.4285706977155654 | 2 | -0.5
3.0553592360292137 | 2 | -0.5
3.1016238587673843 | 2 | -0.5
2.9385186158699366 | 2 | -0.5
2.8639060939243732 | 2 | -0.5
2.947630395242037 | 2 | -0.5
3.131135017105962 | 2 | -0.5
3.5326701827348734 | 2 | -0.5
4.203204337509797 | 2 | -0.5
5.422531461333136 | 2 | -0.5
10.690465319654452 | 2 | -0.5
10.090221576214928 | 2 | -0.5
3.2241661198146963 | 2 | -0.5
1.644419633125593 | 2 | -0.5
1.8066057449441493 | 2 | -0.5
2.07985509433329 | 2 | -0.5
2.546446532313342 | 2 | -0.5
3.4873035575076763 | 2 | -0.5
9.18687608080751 | 2 | -0.5
9.008974590363806 | 2 | -0.5
9.104009930345223 | 2 | -0.5
4.816793778386011 | 2 | -0.5
3.3009825437897855 | 2 | -0.5
2.538633044389867 | 2 | -0.5
2.1675341497606895 | 2 | -0.5
1.9179269949734312 | 2 | -0.5
1.7849155605882578 | 2 | -0.5
1.7583469509459673 | 2 | -0.5
1.7574705715613808 | 2 | -0.5
1.8334522864874983 | 2 | -0.5
2.0158647094862 | 2 | -0.5
2.291777000911926 | 2 | -0.5
2.9135506648525595 | 2 | -0.5
3.109349439321804 | 2 | -0.5
2.946018840961405 | 2 | -0.5
2.909528824097952 | 2 | -0.5
3.0210699553675053 | 2 | -0.5
3.2761982790783906 | 2 | -0.5
3.7107472767199496 | 2 | -0.5
4.515610080736296 | 2 | -0.5
5.519077833261548 | 2 | -0.5
10.822808336794546 | 2 | -0.5
10.267685632805483 | 2 | -0.5
5.4924791925239544 | 2 | -0.5
1.6630570665080764 | 2 | -0.5
1.7936728446197523 | 2 | -0.5
2.032747121604103 | 2 | -0.5
2.37268782318086 | 2 | -0.5
3.0206067414703694 | 2 | -0.5
4.505069264050969 | 2 | -0.5
9.163361344488436 | 2 | -0.5
8.99508376987208 | 2 | -0.5
6.8718017878012 | 2 | -0.5
3.6527140417837036 | 2 | -0.5
2.7399629762493967 | 2 | -0.5
2.320373984290568 | 2 | -0.5
2.0760175303977886 | 2 | -0.5
1.8646468589652971 | 2 | -0.5
1.7864688383309926 | 2 | -0.5
1.7573799414251277 | 2 | -0.5
1.8462665091138428 | 2 | -0.5
1.9665460712849419 | 2 | -0.5
2.1887531892991534 | 2 | -0.5
2.7100669885264304 | 2 | -0.5
3.4265076731854247 | 2 | -0.5
3.159402667635035 | 2 | -0.5
3.0253196597065277 | 2 | -0.5
3.01475990329664 | 2 | -0.5
3.1199177397934337 | 2 | -0.5
3.3912902750744216 | 2 | -0.5
3.8868347262254503 | 2 | -0.5
4.5161913420980815 | 2 | -0.5
6.065590751462971 | 2 | -0.5
10.565892426549249 | 2 | -0.5
10.19335883327209 | 2 | -0.5
1.6345669010787383 | 2 | -0.5
1.6651160832954714 | 2 | -0.5
1.7947120878621379 | 2 | -0.5
2.109071323071191 | 2 | -0.5
2.560119576682425 | 2 | -0.5
3.499895450513037 | 2 | -0.5
5.56785992922227 | 2 | -0.5
8.971470489947793 | 2 | -0.5
9.033380919177674 | 2 | -0.5
5.130319117627089 | 2 | -0.5
3.454086356220457 | 2 | -0.5
2.674122798513887 | 2 | -0.5
2.1773020476926512 | 2 | -0.5
1.990438589671225 | 2 | -0.5
1.8986643737412092 | 2 | -0.5
1.841293755514297 | 2 | -0.5
1.8518174343171196 | 2 | -0.5
1.9236355246877612 | 2 | -0.5
2.120655185236737 | 2 | -0.5
2.3492848851213304 | 2 | -0.5
2.9660618832017374 | 2 | -0.5
3.1828708419092853 | 2 | -0.5
2.9899509056384446 | 2 | -0.5
2.91717975750604 | 2 | -0.5
2.9791722186885243 | 2 | -0.5
3.1084884725404023 | 2 | -0.5
3.3385136853357777 | 2 | -0.5
3.864433317029416 | 2 | -0.5
4.852910925651939 | 2 | -0.5
7.304758719296149 | 2 | -0.5
10.278161072528645 | 2 | -0.5
10.03207857210465 | 2 | -0.5
1.9970244676149629 | 2 | -0.5
1.6955516461924607 | 2 | -0.5
1.845544199762965 | 2 | -0.5
2.199081267321994 | 2 | -0.5
2.785342390247218 | 2 | -0.5
4.067937060222694 | 2 | -0.5
9.132514083224624 | 2 | -0.5
9.052603032042434 | 2 | -0.5
9.157644488602344 | 2 | -0.5
5.289846865398228 | 2 | -0.5
3.493197056683528 | 2 | -0.5
2.7684477607992775 | 2 | -0.5
2.3048805456432455 | 2 | -0.5
2.078022234240362 | 2 | -0.5
1.9662825482811923 | 2 | -0.5
1.921893799107836 | 2 | -0.5
1.940143478318033 | 2 | -0.5
2.0720061639538185 | 2 | -0.5
2.327941584126509 | 2 | -0.5
2.588911909072346 | 2 | -0.5
3.2764568342473814 | 2 | -0.5
2.9872953023645596 | 2 | -0.5
2.7952315010506967 | 2 | -0.5
2.718508760073074 | 2 | -0.5
2.8059915022684674 | 2 | -0.5
2.980642432405843 | 2 | -0.5
3.299769837119819 | 2 | -0.5
4.031644295183398 | 2 | -0.5
5.033490704790427 | 2 | -0.5
10.555930747882083 | 2 | -0.5
9.99303410874626 | 2 | -0.5
5.539142354276981 | 2 | -0.5
1.586136001349571 | 2 | -0.5
1.5614371840134735 | 2 | -0.5
1.8022753747480569 | 2 | -0.5
2.0814938840804307 | 2 | -0.5
3.1235755179789515 | 2 | -0.5
4.767566436471444 | 2 | -0.5
9.097832958941598 | 2 | -0.5
9.2395632175323 | 2 | -0.5
5.02947426728083 | 2 | -0.5
3.670790932716349 | 2 | -0.5
2.822727641057828 | 2 | -0.5
2.394379897315867 | 2 | -0.5
2.1368312473886943 | 2 | -0.5
2.03697857567327 | 2 | -0.5
1.9727173319843798 | 2 | -0.5
2.040355918996587 | 2 | -0.5
2.202065029638889 | 2 | -0.5
2.5403603263116934 | 2 | -0.5
3.024547668040463 | 2 | -0.5
3.1236213934543233 | 2 | -0.5
2.889642012599358 | 2 | -0.5
2.751351326560956 | 2 | -0.5
2.7514707859123275 | 2 | -0.5
2.9087942953251393 | 2 | -0.5
3.0338545582658414 | 2 | -0.5
3.44799574806067 | 2 | -0.5
4.313292648959981 | 2 | -0.5
6.7178901158836295 | 2 | -0.5
10.137236851395597 | 2 | -0.5
9.894623210661264 | 2 | -0.5
1.8952450980972981 | 2 | -0.5
1.5561875417820474 | 2 | -0.5
1.7392238452119635 | 2 | -0.5
2.069357202819921 | 2 | -0.5
2.6801696448831165 | 2 | -0.5
4.1031292392669 | 2 | -0.5
9.17195677670761 | 2 | -0.5
9.116373019273304 | 2 | -0.5
6.2687150346360445 | 2 | -0.5
3.791209292025995 | 2 | -0.5
2.950795690298699 | 2 | -0.5
2.460595087347942 | 2 | -0.5
2.158347245540406 | 2 | -0.5
1.979279039646009 | 2 | -0.5
1.9421927655580706 | 2 | -0.5
1.9469275962613097 | 2 | -0.5
2.0538728547853258 | 2 | -0.5
2.2773056290206575 | 2 | -0.5
2.5751092629265044 | 2 | -0.5
3.1965971471040264 | 2 | -0.5
3.039824450164645 | 2 | -0.5
2.9116069313011974 | 2 | -0.5
2.842603351131686 | 2 | -0.5
2.955119847483632 | 2 | -0.5
3.1520600527917755 | 2 | -0.5
3.625570531489149 | 2 | -0.5
4.302853066842932 | 2 | -0.5
5.659919984534789 | 2 | -0.5
10.605393440267838 | 2 | -0.5
10.128945810737049 | 2 | -0.5
3.845857992609706 | 2 | -0.5
1.6175982375507523 | 2 | -0.5
1.7445586916974734 | 2 | -0.5
2.0083575574181056 | 2 | -0.5
2.4061688563342862 | 2 | -0.5
3.368088014691884 | 2 | -0.5
9.240439140777559 | 2 | -0.5
8.998591856361385 | 2 | -0.5
9.160454670478583 | 2 | -0.5
4.114702908177994 | 2 | -0.5
3.0569262691259693 | 2 | -0.5
2.452140786536826 | 2 | -0.5
2.1540885750799665 | 2 | -0.5
2.003492975697555 | 2 | -0.5
1.865698742900115 | 2 | -0.5
1.9184835591885088 | 2 | -0.5
2.0220733228362806 | 2 | -0.5
2.1130725682388363 | 2 | -0.5
2.5516318623953893 | 2 | -0.5
3.101703815429603 | 2 | -0.5
3.1052572818906885 | 2 | -0.5
2.9404607601771584 | 2 | -0.5
2.87910910107754 | 2 | -0.5
2.8941672761845316 | 2 | -0.5
3.0135095700109598 | 2 | -0.5
3.2920992982490374 | 2 | -0.5
3.7114415351839782 | 2 | -0.5
4.532785602878441 | 2 | -0.5
6.2558199655492075 | 2 | -0.5
10.229096743279808 | 2 | -0.5
9.956424852849713 | 2 | -0.5
1.592651703997925 | 2 | -0.5
1.5579440882562337 | 2 | -0.5
1.7247223123754574 | 2 | -0.5
1.9907638295252206 | 2 | -0.5
2.4700429148966063 | 2 | -0.5
3.50031446977001 | 2 | -0.5
9.07901668529024 | 2 | -0.5
8.997923144710217 | 2 | -0.5
8.575392794379722 | 2 | -0.5
4.350550381593992 | 2 | -0.5
3.3912431662647475 | 2 | -0.5
2.643660664582783 | 2 | -0.5
2.262879814831814 | 2 | -0.5
2.0245944342465583 | 2 | -0.5
1.8715013244151 | 2 | -0.5
1.8968160539701777 | 2 | -0.5
1.9122408498589059 | 2 | -0.5
2.06934648253474 | 2 | -0.5
2.3848503273550605 | 2 | -0.5
2.9500234756267694 | 2 | -0.5
3.0974364280076587 | 2 | -0.5
2.8916617659332355 | 2 | -0.5
2.802236826936495 | 2 | -0.5
2.7827651057583904 | 2 | -0.5
2.9022765027663096 | 2 | -0.5
3.1183605317565632 | 2 | -0.5
3.533860318959668 | 2 | -0.5
4.101160282732967 | 2 | -0.5
5.341606603993794 | 2 | -0.5
10.601502169836179 | 2 | -0.5
10.200909039712917 | 2 | -0.5
10.07690137876886 | 2 | -0.5
2.1656895017922912 | 2 | -0.5
1.784864284803527 | 2 | -0.5
2.0559857736345752 | 2 | -0.5
2.3863946381793824 | 2 | -0.5
3.464484927516274 | 2 | -0.5
9.386841179752645 | 2 | -0.5
9.119567280029901 | 2 | -0.5
8.414463008141304 | 2 | -0.5
4.519170827327816 | 2 | -0.5
3.216236377858919 | 2 | -0.5
2.511394356616255 | 2 | -0.5
2.167416959376793 | 2 | -0.5
1.9397442292261238 | 2 | -0.5
1.8590820571454434 | 2 | -0.5
1.7773647637287546 | 2 | -0.5
1.8291283765848179 | 2 | -0.5
1.906338492380867 | 2 | -0.5
2.0696568535066078 | 2 | -0.5
2.334113144537964 | 2 | -0.5
2.8185974158580875 | 2 | -0.5
3.1297621730329035 | 2 | -0.5
2.888137710312529 | 2 | -0.5
2.7628488200822887 | 2 | -0.5
2.8097082685764234 | 2 | -0.5
3.005705468777192 | 2 | -0.5
3.405498921474879 | 2 | -0.5
3.9340885009075897 | 2 | -0.5
5.267992603629001 | 2 | -0.5
10.668867939427521 | 2 | -0.5
10.209168104007759 | 2 | -0.5
7.616382298348894 | 2 | -0.5
1.6953968357542761 | 2 | -0.5
1.7603919444957181 | 2 | -0.5
1.9142609833989412 | 2 | -0.5
2.1861059664754947 | 2 | -0.5
2.811615855208894 | 2 | -0.5
3.791973230396573 | 2 | -0.5
9.353909526121255 | 2 | -0.5
9.073482774001521 | 2 | -0.5
8.545375678818278 | 2 | -0.5
4.436390993300858 | 2 | -0.5
3.0659892770424 | 2 | -0.5
2.414426129016504 | 2 | -0.5
2.1383556557405408 | 2 | -0.5
1.8536360853732663 | 2 | -0.5
1.762158268015151 | 2 | -0.5
1.77461106486615 | 2 | -0.5
1.8028153496914026 | 2 | -0.5
1.859014192455026 | 2 | -0.5
2.0114040383653755 | 2 | -0.5
2.3247651841373043 | 2 | -0.5
2.9836480625016817 | 2 | -0.5
2.942703068762977 | 2 | -0.5
2.798945291556901 | 2 | -0.5
2.7706699669681267 | 2 | -0.5
2.8265623150945514 | 2 | -0.5
2.962437819710729 | 2 | -0.5
3.2536766724617063 | 2 | -0.5
3.7391826781010447 | 2 | -0.5
4.628876473118711 | 2 | -0.5
6.642253882110089 | 2 | -0.5
10.41318752269853 | 2 | -0.5
10.140176465337156 | 2 | -0.5
3.6105897739231807 | 2 | -0.5
1.7655325138483 | 2 | -0.5
1.8935055125088525 | 2 | -0.5
2.168013092870741 | 2 | -0.5
2.691201759603129 | 2 | -0.5
3.656608108324501 | 2 | -0.5
9.343726452503823 | 2 | -0.5
9.190283378635653 | 2 | -0.5
9.299261549042374 | 2 | -0.5
4.970536564966782 | 2 | -0.5
3.4851744383067778 | 2 | -0.5
2.7402906706414893 | 2 | -0.5
2.290605087144524 | 2 | -0.5
2.0520289515344206 | 2 | -0.5
1.956376346403135 | 2 | -0.5
1.908363098457441 | 2 | -0.5
1.9033822047493796 | 2 | -0.5
1.9261586774975417 | 2 | -0.5
2.028952533302085 | 2 | -0.5
2.2936564209706463 | 2 | -0.5
2.7510026191490544 | 2 | -0.5
3.278546499621938 | 2 | -0.5
3.0049659457436135 | 2 | -0.5
2.9222534398475033 | 2 | -0.5
2.9114610905026557 | 2 | -0.5
2.9378457151563477 | 2 | -0.5
3.165841909616779 | 2 | -0.5
3.5178212906091284 | 2 | -0.5
4.14191892074748 | 2 | -0.5
5.5266276892979675 | 2 | -0.5
10.663027857887181 | 2 | -0.5
10.171327004648553 | 2 | -0.5
7.475259120323293 | 2 | -0.5
1.641577009957075 | 2 | -0.5
1.7734816343299773 | 2 | -0.5
1.8962250452873872 | 2 | -0.5
2.3735459705309765 | 2 | -0.5
2.9233068402761004 | 2 | -0.5
4.572956133180093 | 2 | -0.5
9.017899884649465 | 2 | -0.5
9.020054788470114 | 2 | -0.5
6.8304588265601796 | 2 | -0.5
4.2103832587715955 | 2 | -0.5
3.086247896427808 | 2 | -0.5
2.371049131812051 | 2 | -0.5
2.039940805406782 | 2 | -0.5
1.9007885141021752 | 2 | -0.5
1.8658396056884254 | 2 | -0.5
1.8140005165243132 | 2 | -0.5
1.8887366891558004 | 2 | -0.5
1.965851874974215 | 2 | -0.5
2.2044301144043845 | 2 | -0.5
2.594320869410236 | 2 | -0.5
3.3100638209898325 | 2 | -0.5
3.210862152113804 | 2 | -0.5
3.0473627888599064 | 2 | -0.5
3.01814421362731 | 2 | -0.5
3.0585384203112165 | 2 | -0.5
3.246254460578687 | 2 | -0.5
3.546285815688454 | 2 | -0.5
4.118306438140561 | 2 | -0.5
4.917938771707506 | 2 | -0.5
6.419950247885859 | 2 | -0.5
10.550231990904138 | 2 | -0.5
10.208639374872371 | 2 | -0.5
2.3667565366888628 | 2 | -0.5
1.7842611993718274 | 2 | -0.5
1.962963711366882 | 2 | -0.5
2.2328026250400512 | 2 | -0.5
2.698433620162007 | 2 | -0.5
3.8854571899907415 | 2 | -0.5
9.192729104065977 | 2 | -0.5
8.940212668082097 | 2 | -0.5
9.05228680349991 | 2 | -0.5
4.589102509087021 | 2 | -0.5
3.249956591953104 | 2 | -0.5
2.726718405179142 | 2 | -0.5
2.1766113598747108 | 2 | -0.5
1.9883089448499174 | 2 | -0.5
1.8830054207140998 | 2 | -0.5
1.821824114459412 | 2 | -0.5
1.778963200505219 | 2 | -0.5
1.878427353015237 | 2 | -0.5
2.0455965932912195 | 2 | -0.5
2.407988016689277 | 2 | -0.5
2.941292362004265 | 2 | -0.5
3.1783192306755303 | 2 | -0.5
2.9476069686572655 | 2 | -0.5
2.914569868643699 | 2 | -0.5
2.9204166231676156 | 2 | -0.5
3.0383106179176296 | 2 | -0.5
3.317470986681597 | 2 | -0.5
3.7363078685638476 | 2 | -0.5
4.460558268505851 | 2 | -0.5
5.995295642408684 | 2 | -0.5
10.452955765349097 | 2 | -0.5
10.11289368038997 | 2 | -0.5
1.5974669759668294 | 2 | -0.5
1.6740090298547143 | 2 | -0.5
1.8294726713617329 | 2 | -0.5
2.0130286750608666 | 2 | -0.5
2.4122863747551953 | 2 | -0.5
3.213539958103812 | 2 | -0.5
5.695551208828898 | 2 | -0.5
8.957349179346968 | 2 | -0.5
8.991114775657726 | 2 | -0.5
5.547351407652432 | 2 | -0.5
3.3154306371196256 | 2 | -0.5
2.54624620211853 | 2 | -0.5
2.128926915794564 | 2 | -0.5
1.951341712772372 | 2 | -0.5
1.8282117364022143 | 2 | -0.5
1.7493207081179905 | 2 | -0.5
1.770948303177906 | 0 | 5.0
1.7491879254870086 | 0 | 5.0
1.7771337415101431 | 0 | 5.0
1.7070549503411756 | 2 | -0.5
1.7974775229171802 | 2 | -0.5
1.9797303181985453 | 2 | -0.5
2.302929996623824 | 2 | -0.5
2.919281196714811 | 2 | -0.5
3.8799058764723884 | 2 | -0.5
3.6944450815630825 | 2 | -0.5
3.6735939483867925 | 2 | -0.5
3.8696290190697975 | 2 | -0.5
4.126675490565121 | 2 | -0.5
4.560041718720833 | 2 | -0.5
5.558484930361281 | 2 | -0.5
7.5010669527007785 | 2 | -0.5
10.713371668564847 | 2 | -0.5
1.8328252853536424 | 2 | -0.5
1.8560627312633005 | 2 | -0.5
1.9507101244996583 | 2 | -0.5
2.160336659575043 | 2 | -0.5
2.3525670276804576 | 2 | -0.5
2.785000556315576 | 2 | -0.5
3.4471933191224964 | 2 | -0.5
8.802124350096907 | 2 | -0.5
8.363015288931667 | 2 | -0.5
8.428739864653815 | 2 | -0.5
4.960147347141065 | 2 | -0.5
2.9543935461429958 | 2 | -0.5
2.1659623055969672 | 2 | -0.5
1.854537185094529 | 2 | -0.5
1.6053612121199272 | 2 | -0.5
1.4939105549445468 | 2 | -0.5
1.4713139272188727 | 2 | -0.5
1.4594898247117312 | 2 | -0.5
1.5210971016896333 | 2 | -0.5
1.6539846900196407 | 2 | -0.5
1.8699913803552204 | 2 | -0.5
2.2452787586667524 | 2 | -0.5
3.1574835489808515 | 2 | -0.5
3.6646019831118446 | 2 | -0.5
3.6241492632251497 | 2 | -0.5
3.617085195926347 | 2 | -0.5
3.844906252675969 | 2 | -0.5
4.164263483402307 | 2 | -0.5
4.724029684330851 | 2 | -0.5
6.21174839899225 | 2 | -0.5
11.45182058247898 | 2 | -0.5
2.0045566969487907 | 2 | -0.5
1.9352851485634073 | 2 | -0.5
1.941693331605338 | 2 | -0.5
2.023677139361163 | 2 | -0.5
2.2662861250376487 | 2 | -0.5
2.5911261280575206 | 2 | -0.5
3.3718856418968133 | 2 | -0.5
4.801265244615726 | 2 | -0.5
8.512030690807903 | 2 | -0.5
8.26597052673429 | 2 | -0.5
8.250459783210276 | 2 | -0.5
4.89513131519223 | 2 | -0.5
3.1927734774868464 | 2 | -0.5
2.335869737717745 | 2 | -0.5
1.9462226471593211 | 2 | -0.5
1.6498461262780768 | 2 | -0.5
1.52599659829101 | 2 | -0.5
1.4520926547775874 | 2 | -0.5
1.4743335399939108 | 2 | -0.5
1.486680985038386 | 2 | -0.5
1.5832196853786165 | 2 | -0.5
1.8101957736660974 | 2 | -0.5
2.2028659878615806 | 2 | -0.5
2.808150446285703 | 2 | -0.5
3.9244085805420714 | 2 | -0.5
3.779620753097069 | 2 | -0.5
3.705593940947094 | 2 | -0.5
3.8167555400059907 | 2 | -0.5
4.075029578765106 | 2 | -0.5
4.4672729976252015 | 2 | -0.5
5.482116351878387 | 2 | -0.5
7.010568958123072 | 2 | -0.5
11.017101972572402 | 2 | -0.5
1.9287087316808151 | 2 | -0.5
1.9036930694781138 | 2 | -0.5
2.0291289156682515 | 2 | -0.5
2.14336095633975 | 2 | -0.5
2.3387557578147673 | 2 | -0.5
2.7264639786878586 | 2 | -0.5
3.5664952918539417 | 2 | -0.5
5.050410949166393 | 2 | -0.5
8.301203391310462 | 2 | -0.5
8.1996684070651 | 2 | -0.5
5.313723945882598 | 2 | -0.5
3.2419209924230636 | 2 | -0.5
2.5419122118062845 | 2 | -0.5
2.0579230941355964 | 2 | -0.5
1.775154840673063 | 2 | -0.5
1.5692947727839384 | 2 | -0.5
1.4970977531472227 | 2 | -0.5
1.4583146401909386 | 2 | -0.5
1.476638159872857 | 2 | -0.5
1.5627143690014185 | 2 | -0.5
1.7035914105634304 | 2 | -0.5
1.9744868804650781 | 2 | -0.5
2.371700821327137 | 2 | -0.5
3.440928293338735 | 2 | -0.5
3.776613656172131 | 2 | -0.5
3.7169686167057066 | 2 | -0.5
3.8172121767367724 | 2 | -0.5
4.160906498195335 | 2 | -0.5
4.620925586487156 | 2 | -0.5
5.520297891836251 | 2 | -0.5
7.263982592221706 | 2 | -0.5
11.020629520951513 | 2 | -0.5
1.9969307325586596 | 2 | -0.5
1.9528124799100544 | 2 | -0.5
2.0394605621692543 | 2 | -0.5
2.160984761249191 | 2 | -0.5
2.319406863347411 | 2 | -0.5
2.7546883423335067 | 2 | -0.5
3.3987493153914117 | 2 | -0.5
4.984894396825015 | 2 | -0.5
8.364637032194649 | 2 | -0.5
8.227865054105171 | 2 | -0.5
5.312502657732771 | 2 | -0.5
3.165977108396546 | 2 | -0.5
2.2266576891949446 | 2 | -0.5
1.7710713607928064 | 2 | -0.5
1.5545153302802606 | 2 | -0.5
1.4272766318551746 | 2 | -0.5
1.3385081145273412 | 2 | -0.5
1.333817737171478 | 2 | -0.5
1.411108611167141 | 2 | -0.5
1.4856034563640872 | 2 | -0.5
1.6024859195423653 | 2 | -0.5
1.7864105786385416 | 2 | -0.5
2.209567535747683 | 2 | -0.5
3.1024989041305595 | 2 | -0.5
3.7980442190402477 | 2 | -0.5
3.721784079623676 | 2 | -0.5
3.823796653404247 | 2 | -0.5
4.058387231796905 | 2 | -0.5
4.527481585530568 | 2 | -0.5
5.096266862064488 | 2 | -0.5
6.560260003619338 | 2 | -0.5
11.551537142735592 | 2 | -0.5
2.15740729912833 | 2 | -0.5
2.12584063214033 | 2 | -0.5
2.198031715773667 | 2 | -0.5
2.2176273670120854 | 2 | -0.5
2.4207328971026887 | 2 | -0.5
2.7624794040743716 | 2 | -0.5
3.4692960517853786 | 2 | -0.5
4.798506260487006 | 2 | -0.5
8.373604019816858 | 2 | -0.5
8.234872377212215 | 2 | -0.5
7.7658999997086555 | 2 | -0.5
3.543348589163398 | 2 | -0.5
2.4374534688516274 | 2 | -0.5
1.8605331503701252 | 2 | -0.5
1.5570371365219027 | 2 | -0.5
1.4141703679212014 | 2 | -0.5
1.315796113961976 | 2 | -0.5
1.2679961255383543 | 2 | -0.5
1.2839751492454572 | 2 | -0.5
1.390242918298069 | 2 | -0.5
1.5061253486494226 | 2 | -0.5
1.7270531699103557 | 2 | -0.5
2.1875948481739984 | 2 | -0.5
3.100941732442389 | 2 | -0.5
3.6902439696665206 | 2 | -0.5
3.6702921847949606 | 2 | -0.5
3.7469367479125784 | 2 | -0.5
4.047874153599664 | 2 | -0.5
4.476786374663014 | 2 | -0.5
5.364319456437515 | 2 | -0.5
7.177500970346154 | 2 | -0.5
11.109088717158997 | 2 | -0.5
2.087689078477304 | 2 | -0.5
2.1428504997781723 | 2 | -0.5
2.2093726630244963 | 2 | -0.5
2.458539152436539 | 2 | -0.5
2.907465532646791 | 2 | -0.5
3.568170170358768 | 2 | -0.5
5.235761484704392 | 2 | -0.5
8.470465877451437 | 2 | -0.5
8.288557708126591 | 2 | -0.5
5.335564905512875 | 2 | -0.5
2.9764059658492377 | 2 | -0.5
2.0117227023648683 | 2 | -0.5
1.628358450474966 | 2 | -0.5
1.3569237199510453 | 2 | -0.5
1.2987842504025244 | 2 | -0.5
1.2271145441413736 | 2 | -0.5
1.2618215262916408 | 2 | -0.5
1.2359943306693053 | 2 | -0.5
1.3032281909658028 | 2 | -0.5
1.5201523300229822 | 2 | -0.5
1.7600054239756082 | 2 | -0.5
2.2311382149840173 | 2 | -0.5
3.3900403018356635 | 2 | -0.5
3.591393441742022 | 2 | -0.5
3.596260596842955 | 2 | -0.5
3.6839094604992257 | 2 | -0.5
4.005055624268982 | 2 | -0.5
4.593610438089648 | 2 | -0.5
5.58316088014013 | 2 | -0.5
7.905547302290474 | 2 | -0.5
11.096816090892414 | 2 | -0.5
2.184525164982583 | 2 | -0.5
2.179313949017927 | 2 | -0.5
2.275016607660759 | 2 | -0.5
2.5202938439106233 | 2 | -0.5
2.848261455783744 | 2 | -0.5
3.6865643239413264 | 2 | -0.5
4.982506538549291 | 2 | -0.5
8.60315938274862 | 2 | -0.5
8.40618857210026 | 2 | -0.5
5.549275985139763 | 2 | -0.5
2.8112437986227645 | 2 | -0.5
2.1308041877854844 | 2 | -0.5
1.5983037087902925 | 2 | -0.5
1.4597678579023146 | 2 | -0.5
1.3585619963607611 | 2 | -0.5
1.278045140822769 | 2 | -0.5
1.268336274335077 | 2 | -0.5
1.2905874983703753 | 2 | -0.5
1.3558124707863664 | 2 | -0.5
1.5417372420625028 | 2 | -0.5
1.7721198932561757 | 2 | -0.5
2.238388120454196 | 2 | -0.5
2.9338771116163804 | 2 | -0.5
3.5288842658193444 | 2 | -0.5
3.480828197466816 | 2 | -0.5
3.5386963416961676 | 2 | -0.5
3.7241885349877375 | 2 | -0.5
4.031577150850845 | 2 | -0.5
4.58109345861808 | 2 | -0.5
5.778982261621887 | 2 | -0.5
7.766293706358193 | 2 | -0.5
11.009914836422988 | 2 | -0.5
2.1049338999625546 | 2 | -0.5
2.0912299397737217 | 2 | -0.5
2.141034425387389 | 2 | -0.5
2.4324562487097996 | 2 | -0.5
2.7781828348451265 | 2 | -0.5
3.5634782335458848 | 2 | -0.5
5.193589473006512 | 2 | -0.5
8.624018861354331 | 2 | -0.5
8.511961355445633 | 2 | -0.5
5.126669709056046 | 2 | -0.5
2.8059554765803374 | 2 | -0.5
2.08534006072906 | 2 | -0.5
1.7235317286148424 | 2 | -0.5
1.4950357317001242 | 2 | -0.5
1.3642122881606995 | 2 | -0.5
1.3214262213321535 | 2 | -0.5
1.3216356740595883 | 2 | -0.5
1.3488941278255933 | 2 | -0.5
1.4289373931630864 | 2 | -0.5
1.6110234326540092 | 2 | -0.5
2.0281891609643323 | 2 | -0.5
2.730523453296268 | 2 | -0.5
3.468392284947068 | 2 | -0.5
3.4082901196631488 | 2 | -0.5
3.4446866152124507 | 2 | -0.5
3.5780948195541518 | 2 | -0.5
3.916261775768581 | 2 | -0.5
4.64480991136531 | 2 | -0.5
5.520221555216781 | 2 | -0.5
7.750668088120965 | 2 | -0.5
10.918048216655281 | 2 | -0.5
2.159659614134009 | 2 | -0.5
2.1349858731752263 | 2 | -0.5
2.3045204174164553 | 2 | -0.5
2.5837847421342945 | 2 | -0.5
3.087249401713815 | 2 | -0.5
3.7549593029167077 | 2 | -0.5
5.379770990955521 | 2 | -0.5
8.569777490593829 | 2 | -0.5
8.472864245732215 | 2 | -0.5
6.591694194498925 | 2 | -0.5
3.248038539863726 | 2 | -0.5
2.132928349021479 | 2 | -0.5
1.6959545188148861 | 2 | -0.5
1.5514082986435072 | 2 | -0.5
1.447480690025705 | 2 | -0.5
1.3471484094328208 | 2 | -0.5
1.3817810886477806 | 2 | -0.5
1.3733826064402728 | 2 | -0.5
1.3794875002336309 | 2 | -0.5
1.5336362096361424 | 2 | -0.5
1.6975018681094074 | 2 | -0.5
2.0564211753065362 | 2 | -0.5
2.7187732401705103 | 2 | -0.5
3.7171308392107325 | 2 | -0.5
3.5596368211847174 | 2 | -0.5
3.514139185384507 | 2 | -0.5
3.6761082535793768 | 2 | -0.5
4.036108919214451 | 2 | -0.5
4.5846645103464105 | 2 | -0.5
5.442896570750502 | 2 | -0.5
7.973717084030889 | 2 | -0.5
10.961241083446225 | 2 | -0.5
2.0738321821846157 | 2 | -0.5
2.122610778780475 | 2 | -0.5
2.2410034231757834 | 2 | -0.5
2.482058318335772 | 2 | -0.5
2.8867954475313207 | 2 | -0.5
3.6319049649517727 | 2 | -0.5
5.074939342276683 | 2 | -0.5
8.536435563582621 | 2 | -0.5
8.305548234040392 | 2 | -0.5
6.119553082856385 | 2 | -0.5
Total reward: -483.5
