1.8, 1.1, 4.0, -0.3, -1.8, 6.8, 3.2, 1.2, -2.6, -0.4, 3.5, -0.8, -0.4, -1.2, 6.0, 3.0, 4.0, -6.0
parameter ends

state | action | reward
[2.31] | 1 | -0.5
1.9060682860853098 | 1 | -0.5
1.5905491817553798 | 1 | -0.5
1.4581786193401345 | 0 | 5.0
1.444411955647721 | 0 | 5.0
1.3774042424735329 | 0 | 5.0
1.3402920110998011 | 0 | 5.0
1.3276595836872085 | 0 | 5.0
1.2578308186050136 | 1 | -0.5
1.191626550306424 | 0 | 5.0
1.1794515491734991 | 0 | 5.0
1.1452556671109126 | 0 | 5.0
1.1599890688117613 | 0 | 5.0
1.15701634245466 | 0 | 5.0
1.1441841363035885 | 0 | 5.0
1.130187415261286 | 0 | 5.0
1.092276832457899 | 0 | 5.0
1.083801206916302 | 0 | 5.0
1.0661147037977277 | 0 | 5.0
1.0440167398050515 | 0 | 5.0
1.0056879918745079 | 0 | 5.0
1.0294741056535086 | 0 | 5.0
0.9869856317947355 | 0 | 5.0
0.9435645719213233 | 0 | 5.0
0.892464012697091 | 0 | 5.0
0.9064057666425639 | 1 | -0.5
0.8573710426279622 | 0 | 5.0
0.8550318070555556 | 0 | 5.0
0.8743504584804029 | 0 | 5.0
0.9105423412857447 | 0 | 5.0
0.8920568604564133 | 0 | 5.0
0.9119712817440122 | 0 | 5.0
0.9426790648986249 | 0 | 5.0
0.9465864897957712 | 0 | 5.0
0.9797444131918345 | 0 | 5.0
0.961412707767938 | 0 | 5.0
0.9996274289918288 | 0 | 5.0
1.0765879942929129 | 0 | 5.0
1.0476190077641536 | 0 | 5.0
1.0952853486457013 | 0 | 5.0
1.1725280923909067 | 0 | 5.0
1.2084080959294907 | 0 | 5.0
1.254189255731043 | 0 | 5.0
1.3082994371044125 | 0 | 5.0
1.3700401681929195 | 0 | 5.0
1.4286822076889225 | 0 | 5.0
1.4891885774118638 | 0 | 5.0
1.5525462101095868 | 0 | 5.0
1.5186797939710144 | 0 | 5.0
1.6106451399430217 | 0 | 5.0
1.6518580406739485 | 0 | 5.0
1.7695179307362612 | 0 | 5.0
1.8221924101412548 | 0 | 5.0
1.8817562980817544 | 0 | 5.0
1.905748089804277 | 0 | 5.0
2.0108900186088503 | 0 | 5.0
2.0450101613953975 | 0 | 5.0
2.028791129325762 | 0 | 5.0
2.0518425867829966 | 0 | 5.0
2.124856122733443 | 2 | -0.5
2.0986735451471463 | 0 | 5.0
2.099159685609709 | 0 | 5.0
2.1260449293066794 | 0 | 5.0
2.1215538990382687 | 2 | -0.5
2.1716151181307235 | 0 | 5.0
2.1356091729302484 | 1 | -0.5
2.1230005507023915 | 2 | -0.5
2.1383904241756673 | 1 | -0.5
2.102503954971996 | 2 | -0.5
2.1464479097742784 | 1 | -0.5
2.158953195712466 | 2 | -0.5
2.113459264422895 | 1 | -0.5
2.1452314691705263 | 2 | -0.5
2.1417772557128614 | 1 | -0.5
2.1723116878859843 | 2 | -0.5
2.1305402730420204 | 1 | -0.5
2.106680639104603 | 1 | -0.5
2.2678356190815294 | 2 | -0.5
2.1786170471217017 | 1 | -0.5
2.2844084443245096 | 2 | -0.5
2.216606391276447 | 1 | -0.5
2.354931717281584 | 2 | -0.5
2.205709174920988 | 1 | -0.5
2.3774868683483685 | 2 | -0.5
2.224172499907767 | 1 | -0.5
2.4447996313653086 | 2 | -0.5
2.258150213205953 | 1 | -0.5
2.4604582509881596 | 1 | -0.5
2.817479553815001 | 2 | -0.5
2.5504488655738364 | 1 | -0.5
2.941186840967626 | 1 | -0.5
3.617677874857276 | 0 | 5.0
3.743529314671927 | 0 | 5.0
3.531667678669859 | 0 | 5.0
3.433164546213338 | 0 | 5.0
3.2008566107429606 | 0 | 5.0
2.981097394306365 | 0 | 5.0
2.8718873886564977 | 0 | 5.0
2.655291034434748 | 0 | 5.0
2.520433629471665 | 1 | -0.5
2.2453115767292737 | 0 | 5.0
2.154521547171428 | 0 | 5.0
2.0952037541733777 | 0 | 5.0
1.9839050771522788 | 0 | 5.0
1.9274826555151712 | 0 | 5.0
1.8902015858970125 | 0 | 5.0
1.7569727905074957 | 0 | 5.0
1.7233749162114675 | 0 | 5.0
1.6635732241491303 | 0 | 5.0
1.63104407524333 | 0 | 5.0
1.5798696543745394 | 0 | 5.0
1.52242658482067 | 0 | 5.0
1.4557715568077898 | 0 | 5.0
1.432763032583425 | 1 | -0.5
1.3286984669020223 | 0 | 5.0
1.3929118637413136 | 0 | 5.0
1.4096964719970035 | 0 | 5.0
1.3560348592164395 | 0 | 5.0
1.3246290736894697 | 1 | -0.5
1.3518940563071487 | 0 | 5.0
1.417499477505633 | 0 | 5.0
1.4535473091175928 | 1 | -0.5
1.5393989672135697 | 2 | -0.5
1.470148227000906 | 1 | -0.5
1.5162646117944447 | 2 | -0.5
1.4799575700046554 | 1 | -0.5
1.5277439398450727 | 2 | -0.5
1.4340225471935 | 1 | -0.5
1.5106740205846285 | 2 | -0.5
1.4577410301590943 | 1 | -0.5
1.5266862806313506 | 1 | -0.5
1.6998223333703653 | 2 | -0.5
1.5823097757576758 | 1 | -0.5
1.7417334341794597 | 2 | -0.5
1.594191263848301 | 1 | -0.5
1.7974089504442932 | 2 | -0.5
1.6287840195979275 | 1 | -0.5
1.8273193894733604 | 2 | -0.5
1.6931804946296476 | 1 | -0.5
1.8486399285160584 | 2 | -0.5
1.8158389525061114 | 1 | -0.5
1.9903683790106692 | 2 | -0.5
1.817814204337978 | 1 | -0.5
2.009487944007044 | 1 | -0.5
2.5060470575457248 | 2 | -0.5
2.1031695778631665 | 1 | -0.5
2.5475545737044785 | 2 | -0.5
2.123944028943429 | 1 | -0.5
2.429460086112996 | 1 | -0.5
3.0620032997190694 | 2 | -0.5
2.4649738809475132 | 1 | -0.5
3.171607084531213 | 2 | -0.5
2.591496170310358 | 1 | -0.5
3.099753339245142 | 2 | -0.5
2.6013327704200138 | 1 | -0.5
3.2796212939934417 | 2 | -0.5
2.707415043585477 | 1 | -0.5
3.3503273961353393 | 2 | -0.5
2.7674575619632056 | 1 | -0.5
3.443213071943465 | 2 | -0.5
2.73611215414573 | 1 | -0.5
3.4552295245049174 | 0 | 5.0
3.374401003351193 | 1 | -0.5
2.8388835911183516 | 0 | 5.0
2.783645778718071 | 0 | 5.0
2.7094124517255174 | 0 | 5.0
2.6198834896070355 | 0 | 5.0
2.565358184634091 | 1 | -0.5
2.324141347567294 | 0 | 5.0
2.2243946747331864 | 0 | 5.0
2.20372477234067 | 0 | 5.0
2.145038447775419 | 0 | 5.0
2.069455258794294 | 1 | -0.5
1.8884204095363712 | 0 | 5.0
1.828789984215194 | 0 | 5.0
1.763733600310138 | 0 | 5.0
1.696551950841739 | 0 | 5.0
1.705507047018497 | 0 | 5.0
1.659225814028016 | 0 | 5.0
1.5630424247551373 | 0 | 5.0
1.5166590387939154 | 0 | 5.0
1.4790879045610519 | 0 | 5.0
1.3755718802092762 | 0 | 5.0
1.2594378808805655 | 1 | -0.5
1.1939430379845133 | 0 | 5.0
1.1570412888765036 | 0 | 5.0
1.154960367504701 | 0 | 5.0
1.132901509383571 | 0 | 5.0
1.0942549404295547 | 0 | 5.0
1.0934213162940896 | 0 | 5.0
1.065379616434398 | 0 | 5.0
1.0544738752629539 | 1 | -0.5
1.0291800874378658 | 0 | 5.0
1.0774330599517823 | 2 | -0.5
1.0969869197051105 | 1 | -0.5
1.0592865140310574 | 2 | -0.5
1.098275390138644 | 1 | -0.5
1.0650812998377028 | 2 | -0.5
1.079044795695777 | 1 | -0.5
1.0421430135922602 | 2 | -0.5
1.0797624175652607 | 1 | -0.5
1.0477025587386875 | 2 | -0.5
1.051110872403875 | 1 | -0.5
1.0091653359885902 | 2 | -0.5
1.0554335134280144 | 1 | -0.5
0.9941851476396614 | 2 | -0.5
1.07359692223041 | 2 | -0.5
1.0725671856846073 | 1 | -0.5
1.0028403928933534 | 2 | -0.5
1.0846652947402065 | 1 | -0.5
1.0040637261084986 | 2 | -0.5
1.0974882113584545 | 1 | -0.5
1.003234726883846 | 2 | -0.5
1.0864646942571277 | 1 | -0.5
1.0046694963688714 | 2 | -0.5
1.092697040847369 | 1 | -0.5
1.0034017232110528 | 2 | -0.5
1.083873562292378 | 1 | -0.5
0.8949258464653979 | 2 | -0.5
1.017967446852357 | 1 | -0.5
0.879308882820169 | 2 | -0.5
0.9776241883027947 | 2 | -0.5
1.1946680064630664 | 0 | 5.0
0.9131816960073429 | 2 | -0.5
1.1252259334343666 | 0 | 5.0
0.7834393736167947 | 0 | 5.0
0.427801617920122 | 0 | 5.0
0.5569173507360329 | 2 | -0.5
0.5631722350072785 | 0 | 5.0
0.6342471610204686 | 0 | 5.0
0.7307815634737245 | 0 | 5.0
0.8155027353111908 | 0 | 5.0
0.8992649221213043 | 0 | 5.0
1.0016815575821554 | 0 | 5.0
1.0879175442201519 | 0 | 5.0
1.1266255427577214 | 0 | 5.0
1.2078405514139832 | 0 | 5.0
1.3129312896841387 | 0 | 5.0
1.4199219011959965 | 0 | 5.0
1.4913731075777965 | 0 | 5.0
1.573499380766373 | 0 | 5.0
1.693417507436568 | 0 | 5.0
1.731044471302321 | 0 | 5.0
1.804610349977891 | 0 | 5.0
1.8460212863123535 | 2 | -0.5
1.8047203985504523 | 0 | 5.0
1.8214980250403356 | 0 | 5.0
1.8907301902919316 | 0 | 5.0
1.9007512442737364 | 0 | 5.0
1.9709452356233996 | 0 | 5.0
2.053722831100213 | 2 | -0.5
1.9748749655218374 | 0 | 5.0
1.981735112464328 | 0 | 5.0
2.014036141641337 | 2 | -0.5
2.0468915852293197 | 1 | -0.5
2.0499817593158447 | 2 | -0.5
2.0176574855728893 | 1 | -0.5
2.054289950478813 | 2 | -0.5
2.034662490593758 | 1 | -0.5
2.0720709460137536 | 2 | -0.5
2.046074444411018 | 1 | -0.5
2.039589051614047 | 1 | -0.5
2.1025851566339204 | 2 | -0.5
2.030129118973596 | 1 | -0.5
2.1177986050287334 | 2 | -0.5
2.0639911527000905 | 1 | -0.5
2.1497990290615143 | 1 | -0.5
2.372081101967617 | 2 | -0.5
2.214081950431172 | 1 | -0.5
2.388503472538279 | 2 | -0.5
2.188080348187909 | 1 | -0.5
2.4676349091640244 | 2 | -0.5
2.253512771500718 | 1 | -0.5
2.534797990642427 | 2 | -0.5
2.3865746873753624 | 1 | -0.5
2.5427450316466924 | 1 | -0.5
2.9841638385071687 | 2 | -0.5
2.6315524314298617 | 1 | -0.5
3.0459568673951356 | 1 | -0.5
3.7274690820256424 | 0 | 5.0
3.658072931489349 | 0 | 5.0
3.4971674313944776 | 0 | 5.0
3.3068273220796107 | 0 | 5.0
3.148828187087317 | 0 | 5.0
2.956251893084997 | 1 | -0.5
2.6561697418870094 | 0 | 5.0
2.523106476928771 | 0 | 5.0
2.429105070845806 | 0 | 5.0
2.3347147061795024 | 0 | 5.0
2.1921540248206015 | 0 | 5.0
2.0975937139048675 | 0 | 5.0
2.0306211019706546 | 0 | 5.0
1.9694201724062264 | 0 | 5.0
1.8879485392895223 | 0 | 5.0
1.7745535265021406 | 0 | 5.0
1.732553407323467 | 1 | -0.5
1.624165718314438 | 0 | 5.0
1.5682935921952044 | 0 | 5.0
1.5796323253502857 | 0 | 5.0
1.5562829181398792 | 0 | 5.0
1.4519613244866139 | 0 | 5.0
1.484550956975114 | 0 | 5.0
1.4201097197966026 | 1 | -0.5
1.389311987992341 | 0 | 5.0
1.425427059563398 | 0 | 5.0
1.4341710599510173 | 0 | 5.0
1.4256405311677527 | 0 | 5.0
1.425739873266669 | 1 | -0.5
1.5057350047718676 | 0 | 5.0
1.5619819208701229 | 0 | 5.0
1.5848345225209033 | 2 | -0.5
1.5482537508262435 | 1 | -0.5
1.5937726817812774 | 1 | -0.5
1.6950105176692825 | 2 | -0.5
1.656486804220473 | 1 | -0.5
1.7837212761122587 | 2 | -0.5
1.6508481202176308 | 1 | -0.5
1.7758774630533927 | 2 | -0.5
1.6489063247562208 | 1 | -0.5
1.7727261873091305 | 1 | -0.5
2.0090593695424963 | 2 | -0.5
1.7933233831926128 | 1 | -0.5
2.0648283983443916 | 2 | -0.5
1.849107538615483 | 1 | -0.5
1.981614483730545 | 2 | -0.5
1.856214988675199 | 1 | -0.5
2.0685437455191718 | 2 | -0.5
1.8405062044231462 | 1 | -0.5
2.0999328197217415 | 1 | -0.5
2.3727598819467324 | 2 | -0.5
2.0749887024321456 | 1 | -0.5
2.3819703921976227 | 2 | -0.5
2.1291181946545357 | 1 | -0.5
2.476482297888797 | 2 | -0.5
2.111852654682875 | 1 | -0.5
2.444500269970573 | 1 | -0.5
3.0074220524723745 | 2 | -0.5
2.5448649082685946 | 1 | -0.5
3.184040184350762 | 2 | -0.5
2.587588764733194 | 1 | -0.5
3.213326661798496 | 2 | -0.5
2.75059747384974 | 1 | -0.5
3.4147679369908484 | 2 | -0.5
2.916695944748172 | 1 | -0.5
3.517571807344446 | 2 | -0.5
2.9455215744422802 | 1 | -0.5
3.5798081320384183 | 1 | -0.5
3.076329351373985 | 0 | 5.0
2.9591965681938617 | 0 | 5.0
2.8531728965793346 | 0 | 5.0
2.7171406540122907 | 0 | 5.0
2.635322470320011 | 0 | 5.0
2.437271928627082 | 0 | 5.0
2.4038950559950645 | 1 | -0.5
2.1529993258076243 | 0 | 5.0
2.0770850358139605 | 0 | 5.0
1.9924312123274237 | 0 | 5.0
1.8925906175533127 | 0 | 5.0
1.8708599940825132 | 0 | 5.0
1.8333272679615813 | 0 | 5.0
1.747392087664922 | 0 | 5.0
1.6879191023685753 | 0 | 5.0
1.6830499762389224 | 0 | 5.0
1.6381934352425684 | 0 | 5.0
1.5337852627784627 | 0 | 5.0
1.5074845606360867 | 0 | 5.0
1.4567538467266024 | 0 | 5.0
1.4134505742098313 | 0 | 5.0
1.363317658487732 | 0 | 5.0
1.3257587027235838 | 0 | 5.0
1.2440101762642708 | 1 | -0.5
1.235834053301137 | 0 | 5.0
1.2321007411744818 | 0 | 5.0
1.1732830440384228 | 0 | 5.0
1.1597202041916352 | 0 | 5.0
1.1659562360927824 | 0 | 5.0
1.1590899968947979 | 0 | 5.0
1.1158777913267803 | 0 | 5.0
1.0985852160151557 | 0 | 5.0
1.0648095988304827 | 0 | 5.0
1.0203387276011346 | 0 | 5.0
1.044047616228743 | 0 | 5.0
1.029123085509161 | 0 | 5.0
0.9835868986653402 | 0 | 5.0
0.9581651640689584 | 0 | 5.0
0.9393615137705099 | 0 | 5.0
0.9287185189158598 | 0 | 5.0
0.9497206869363924 | 0 | 5.0
0.9128963453462517 | 0 | 5.0
0.8899335671987288 | 0 | 5.0
0.8638801953213625 | 0 | 5.0
0.8424931144988336 | 0 | 5.0
0.8294887986604352 | 0 | 5.0
0.795450447242639 | 0 | 5.0
0.7973503592536649 | 0 | 5.0
0.7730716091788146 | 0 | 5.0
0.808330492120364 | 0 | 5.0
0.7534179379851628 | 0 | 5.0
0.7567725799365875 | 1 | -0.5
0.7413870377805969 | 0 | 5.0
0.7462840075259602 | 0 | 5.0
0.7847110916977862 | 0 | 5.0
0.791966980433036 | 0 | 5.0
0.7717888687144407 | 0 | 5.0
0.7768928162659778 | 0 | 5.0
0.768840146494837 | 0 | 5.0
0.811223069247944 | 0 | 5.0
0.7826763504914668 | 0 | 5.0
0.815426872553624 | 0 | 5.0
0.8126795066047532 | 0 | 5.0
0.8162113816164238 | 0 | 5.0
0.8237782728649037 | 0 | 5.0
0.8458024954811539 | 0 | 5.0
0.8565795671440597 | 0 | 5.0
0.8441222214134957 | 1 | -0.5
0.8796897978664024 | 0 | 5.0
0.9411458588581445 | 0 | 5.0
0.9680145708153954 | 0 | 5.0
1.0349241347451181 | 0 | 5.0
1.0913559154454433 | 1 | -0.5
1.1751640727865584 | 2 | -0.5
1.124182007940788 | 1 | -0.5
1.2058855338557932 | 2 | -0.5
1.1473971878448803 | 1 | -0.5
1.2848768023879815 | 2 | -0.5
1.201165914718677 | 1 | -0.5
1.2838078407590596 | 2 | -0.5
1.2290914925264331 | 1 | -0.5
1.3475558975342794 | 2 | -0.5
1.237776899193162 | 1 | -0.5
1.3847760894723202 | 2 | -0.5
1.2516399747714209 | 1 | -0.5
1.410520844648137 | 1 | -0.5
1.68555159510568 | 2 | -0.5
1.4190138219201711 | 2 | -0.5
1.3444362803124053 | 1 | -0.5
1.472860314147961 | 1 | -0.5
1.6832344506019932 | 2 | -0.5
1.4758177938120214 | 1 | -0.5
1.6725503033511349 | 2 | -0.5
1.5697312428567856 | 1 | -0.5
1.7488424124927542 | 2 | -0.5
1.5961481028162652 | 1 | -0.5
1.9149531345421889 | 1 | -0.5
2.3441427933858523 | 2 | -0.5
2.0008105087090975 | 1 | -0.5
2.457571360226307 | 2 | -0.5
2.046665745983 | 1 | -0.5
2.5146457936417015 | 2 | -0.5
2.1215708172848347 | 1 | -0.5
2.642326087652263 | 2 | -0.5
2.2240185402594417 | 1 | -0.5
2.7632096833201056 | 2 | -0.5
2.270362527707646 | 1 | -0.5
2.7395505472005626 | 2 | -0.5
2.2832926797774005 | 1 | -0.5
2.7488175463687425 | 2 | -0.5
2.349797311477303 | 1 | -0.5
2.8858515682083414 | 2 | -0.5
2.338179690136072 | 1 | -0.5
2.7913906570619678 | 1 | -0.5
3.1165227689960724 | 2 | -0.5
2.813086315910969 | 1 | -0.5
3.166228391890561 | 2 | -0.5
2.7587394420634195 | 1 | -0.5
3.0528010722246623 | 0 | 5.0
2.894584203324919 | 0 | 5.0
2.7572588341715982 | 0 | 5.0
2.709632749007454 | 1 | -0.5
2.3787093086447664 | 0 | 5.0
2.270776186644791 | 0 | 5.0
2.188869052756637 | 0 | 5.0
2.1163583081550508 | 0 | 5.0
2.1063074523297876 | 0 | 5.0
2.0068809386324187 | 0 | 5.0
1.911521053029749 | 0 | 5.0
1.8722259229830682 | 0 | 5.0
1.7711939603692983 | 0 | 5.0
1.6965018630500517 | 0 | 5.0
1.6132593437945235 | 0 | 5.0
1.5126308362942738 | 0 | 5.0
1.4679912853456591 | 1 | -0.5
1.3640735149956358 | 0 | 5.0
1.3323909695554403 | 0 | 5.0
1.3147084064825214 | 0 | 5.0
1.3341938556439932 | 0 | 5.0
1.2941248603651574 | 0 | 5.0
1.3319892275592007 | 0 | 5.0
1.328242942021891 | 0 | 5.0
1.3072951523692171 | 0 | 5.0
1.3411886795674988 | 0 | 5.0
1.2701148517395968 | 0 | 5.0
1.3035768280081084 | 0 | 5.0
1.3006314673151247 | 0 | 5.0
1.315084889485631 | 0 | 5.0
1.2875276750424656 | 0 | 5.0
1.3206549035919322 | 0 | 5.0
1.3796590293450508 | 0 | 5.0
1.3492925258338915 | 0 | 5.0
1.358182632646869 | 0 | 5.0
1.3909568511215629 | 0 | 5.0
1.3728014497834078 | 0 | 5.0
1.4067606752547095 | 0 | 5.0
1.4124153101395436 | 0 | 5.0
1.3853941605980926 | 0 | 5.0
1.3920239215421042 | 0 | 5.0
1.3797657769714553 | 0 | 5.0
1.3971182714239645 | 0 | 5.0
1.370284602796427 | 0 | 5.0
1.4239270692891353 | 0 | 5.0
1.3880858091794903 | 0 | 5.0
1.4260520737894824 | 0 | 5.0
1.4128373486394934 | 0 | 5.0
1.456722626224315 | 0 | 5.0
1.4256573548145537 | 0 | 5.0
1.429234358873086 | 0 | 5.0
1.4271096774562932 | 0 | 5.0
1.4469690768291934 | 0 | 5.0
1.4034926671316448 | 0 | 5.0
1.4129263760399593 | 0 | 5.0
1.3884708083246995 | 0 | 5.0
1.4433624479653058 | 0 | 5.0
1.4364041095802047 | 0 | 5.0
1.4201069192333011 | 0 | 5.0
1.5122087283982442 | 0 | 5.0
1.4819258197386034 | 0 | 5.0
1.5215463347530382 | 0 | 5.0
1.5527780777957436 | 0 | 5.0
1.5564504022060084 | 0 | 5.0
1.549110168252902 | 0 | 5.0
1.6113339947821919 | 0 | 5.0
1.639450675834518 | 0 | 5.0
1.5889808853460632 | 0 | 5.0
1.6130274485339557 | 0 | 5.0
1.6306969583901743 | 0 | 5.0
1.6174357856434414 | 0 | 5.0
1.637265949148309 | 0 | 5.0
1.653112956945172 | 1 | -0.5
1.7409064743494234 | 2 | -0.5
1.6590305373240188 | 1 | -0.5
1.6894454875035458 | 2 | -0.5
1.6667738187964232 | 1 | -0.5
1.7296255542714847 | 2 | -0.5
1.6728621146170917 | 1 | -0.5
1.7554411175405082 | 2 | -0.5
1.7011406327530334 | 1 | -0.5
1.7178091819974073 | 1 | -0.5
1.920178998045377 | 2 | -0.5
1.763820175302128 | 1 | -0.5
1.8684294659616272 | 2 | -0.5
1.779053612164048 | 1 | -0.5
1.904377985818362 | 2 | -0.5
1.8118242883307258 | 1 | -0.5
1.9641405889108852 | 2 | -0.5
1.792900484458274 | 1 | -0.5
1.992983976707802 | 2 | -0.5
1.8493973507961137 | 1 | -0.5
2.0637550899023185 | 2 | -0.5
1.8999965990376066 | 1 | -0.5
2.04667717419995 | 1 | -0.5
2.416332571442508 | 2 | -0.5
2.086443622992658 | 1 | -0.5
2.477735386857311 | 2 | -0.5
2.1620051409070804 | 1 | -0.5
2.5021566180982604 | 2 | -0.5
2.1579325372121714 | 1 | -0.5
2.4731474607473243 | 2 | -0.5
2.2166066101727275 | 1 | -0.5
2.5082464767638406 | 2 | -0.5
2.256980701892717 | 1 | -0.5
2.6007816916779625 | 1 | -0.5
3.1913040336144785 | 2 | -0.5
2.674900831488643 | 1 | -0.5
3.230496558308186 | 2 | -0.5
2.56580943524785 | 1 | -0.5
3.0843953650978264 | 2 | -0.5
2.601228021062491 | 1 | -0.5
3.131402037799576 | 1 | -0.5
3.3412258385585636 | 0 | 5.0
3.235612212431497 | 0 | 5.0
3.075642085826528 | 0 | 5.0
2.8969406854860673 | 0 | 5.0
2.7658903780457345 | 0 | 5.0
2.6529817639306414 | 0 | 5.0
2.5961448360704438 | 1 | -0.5
2.3648230919701 | 0 | 5.0
2.2348780136192823 | 0 | 5.0
2.172360664983609 | 0 | 5.0
2.0873914703289067 | 0 | 5.0
1.9817259658828246 | 0 | 5.0
1.9279720004706098 | 0 | 5.0
1.8387733516402178 | 1 | -0.5
1.7150140963808684 | 0 | 5.0
1.637985690631016 | 0 | 5.0
1.6134569296546548 | 0 | 5.0
1.5723070751376604 | 0 | 5.0
1.5707109921310276 | 0 | 5.0
1.524060800319952 | 0 | 5.0
1.4757866266126376 | 0 | 5.0
1.4670401220641567 | 0 | 5.0
1.3935072882960027 | 0 | 5.0
1.3775180570834522 | 0 | 5.0
1.3500375014952857 | 1 | -0.5
1.3480892999705065 | 0 | 5.0
1.3208621557096842 | 0 | 5.0
1.300830776221804 | 0 | 5.0
1.3595054772134654 | 1 | -0.5
1.3569982683627262 | 0 | 5.0
1.4583517978203409 | 0 | 5.0
1.5303079989799693 | 2 | -0.5
1.4854063093220113 | 1 | -0.5
1.520613438482189 | 2 | -0.5
1.4565075701522636 | 1 | -0.5
1.519845658954765 | 2 | -0.5
1.4970342088899282 | 1 | -0.5
1.5614160821088405 | 1 | -0.5
1.7220207166867338 | 2 | -0.5
1.6112683741014762 | 1 | -0.5
1.7544632247804792 | 2 | -0.5
1.6556468943035436 | 2 | -0.5
1.5615364522100583 | 1 | -0.5
1.6784599662201845 | 1 | -0.5
1.920499204432446 | 2 | -0.5
1.6749518243838681 | 1 | -0.5
1.8758679089241355 | 2 | -0.5
1.7756066105653703 | 1 | -0.5
2.0096990040864644 | 2 | -0.5
1.79627032897877 | 1 | -0.5
2.0252292525879256 | 2 | -0.5
1.8249165925186774 | 1 | -0.5
2.06151432329749 | 2 | -0.5
1.8674114531178612 | 1 | -0.5
2.045994420805272 | 1 | -0.5
2.5020886251553645 | 2 | -0.5
2.1792769583801723 | 1 | -0.5
2.572200513087869 | 2 | -0.5
2.2243267284892596 | 1 | -0.5
2.672152000356853 | 2 | -0.5
2.3208748980140754 | 1 | -0.5
2.6789806930563884 | 1 | -0.5
3.351130625373481 | 2 | -0.5
2.622516790555401 | 1 | -0.5
3.240308032873495 | 2 | -0.5
2.5989177056216417 | 1 | -0.5
3.486994060177552 | 2 | -0.5
2.7706961662102376 | 1 | -0.5
3.440072313469139 | 2 | -0.5
2.87755059352897 | 1 | -0.5
3.444121808223751 | 0 | 5.0
3.3053530812070373 | 0 | 5.0
3.145311954055904 | 0 | 5.0
2.962702131699075 | 0 | 5.0
2.803462568635369 | 0 | 5.0
2.6602068007820665 | 0 | 5.0
2.5767301144166987 | 1 | -0.5
2.331632231109507 | 0 | 5.0
2.226663981827311 | 0 | 5.0
2.1178136329506247 | 0 | 5.0
2.0839115929454644 | 0 | 5.0
1.9681176799642097 | 0 | 5.0
1.8262195435604656 | 0 | 5.0
1.8753174415964158 | 0 | 5.0
1.7334760894160806 | 0 | 5.0
1.7493592001297478 | 0 | 5.0
1.7089807112919626 | 0 | 5.0
1.6322640569530202 | 0 | 5.0
1.5265521667770645 | 0 | 5.0
1.524870910863897 | 0 | 5.0
1.4219992664194936 | 0 | 5.0
1.3576026397613858 | 0 | 5.0
1.3046013880870615 | 0 | 5.0
1.2542293678559657 | 0 | 5.0
1.2011624931139282 | 0 | 5.0
1.139099317048786 | 0 | 5.0
1.1263728676365596 | 0 | 5.0
1.061817066676675 | 1 | -0.5
1.0287199674777465 | 0 | 5.0
1.0157048926668244 | 0 | 5.0
1.058582549938627 | 2 | -0.5
1.1087851585035051 | 1 | -0.5
1.0626483277939476 | 2 | -0.5
1.0939976779467826 | 1 | -0.5
1.101594845491126 | 2 | -0.5
1.0812108378117393 | 1 | -0.5
1.0305660051273178 | 2 | -0.5
1.1192857985888682 | 1 | -0.5
1.0434167777032228 | 2 | -0.5
1.0801340539064799 | 2 | -0.5
1.1074164021238246 | 1 | -0.5
1.032873582706422 | 2 | -0.5
1.1035991973834502 | 1 | -0.5
1.0361036351888433 | 2 | -0.5
1.0584464372127542 | 2 | -0.5
1.1562244394360726 | 1 | -0.5
1.0135161116541225 | 2 | -0.5
1.1002873641244069 | 1 | -0.5
0.9342012466161475 | 2 | -0.5
1.0152259445756402 | 2 | -0.5
1.1134202510446423 | 1 | -0.5
0.949209550927035 | 2 | -0.5
1.0371234808344412 | 1 | -0.5
0.8974657915543667 | 2 | -0.5
0.9632149260569124 | 2 | -0.5
1.1636515367237075 | 0 | 5.0
0.8948280512186608 | 0 | 5.0
0.59456140487234 | 2 | -0.5
0.7100550117754609 | 0 | 5.0
0.43802525594068414 | 0 | 5.0
0.598813158963792 | 0 | 5.0
0.6584794723412313 | 0 | 5.0
0.8597714046425329 | 2 | -0.5
0.7919780387117302 | 0 | 5.0
0.8432874697671484 | 0 | 5.0
0.8967012634278014 | 0 | 5.0
0.9331477837312834 | 0 | 5.0
1.0306568445864497 | 0 | 5.0
1.102578542513915 | 0 | 5.0
1.1772777695241892 | 0 | 5.0
1.2482221231437558 | 0 | 5.0
1.2893877664893694 | 0 | 5.0
1.4189132321589113 | 0 | 5.0
1.4930295131958995 | 0 | 5.0
1.5492247959442547 | 0 | 5.0
1.6285872763938616 | 0 | 5.0
1.7367145535984068 | 0 | 5.0
1.780660514149181 | 0 | 5.0
1.8548376980075385 | 2 | -0.5
1.7877090360602022 | 0 | 5.0
1.7817674730593687 | 0 | 5.0
1.8385576231075336 | 0 | 5.0
1.8249006768245724 | 0 | 5.0
1.8382805181866484 | 0 | 5.0
1.8454892067361681 | 0 | 5.0
1.8865910508921262 | 0 | 5.0
1.8739334294865606 | 1 | -0.5
1.9859678383958377 | 2 | -0.5
1.8819763885049774 | 1 | -0.5
1.9663110277488556 | 2 | -0.5
1.9009772632367037 | 1 | -0.5
2.027813602209435 | 2 | -0.5
1.9483650686631477 | 1 | -0.5
2.04949106873038 | 2 | -0.5
1.965132163273412 | 1 | -0.5
2.07783520360009 | 2 | -0.5
1.968274685612301 | 1 | -0.5
2.068943772006017 | 2 | -0.5
1.9703112329979982 | 1 | -0.5
2.0859094766653876 | 1 | -0.5
2.3833090165239295 | 2 | -0.5
2.171736004197948 | 2 | -0.5
2.029042819511165 | 1 | -0.5
2.1995346250501693 | 1 | -0.5
2.500253000445103 | 2 | -0.5
2.2761582449047117 | 1 | -0.5
2.5295072355898807 | 2 | -0.5
2.3017113716706765 | 1 | -0.5
2.564051741284602 | 1 | -0.5
3.038076649237395 | 2 | -0.5
2.643579392637703 | 1 | -0.5
3.2116534312751224 | 2 | -0.5
2.727547166350512 | 1 | -0.5
3.2189903059284117 | 1 | -0.5
3.468709562342114 | 0 | 5.0
3.3256807686476892 | 0 | 5.0
3.1714701336581825 | 0 | 5.0
3.089003358100737 | 0 | 5.0
2.9790468366554723 | 0 | 5.0
2.870481394882209 | 0 | 5.0
2.871776215631743 | 1 | -0.5
2.5361436678255074 | 0 | 5.0
2.475985448707866 | 0 | 5.0
2.3311420016633715 | 0 | 5.0
2.175964420650633 | 0 | 5.0
2.1194492632098174 | 0 | 5.0
2.018528572368891 | 0 | 5.0
1.9232079634215082 | 0 | 5.0
1.902772198663146 | 1 | -0.5
1.7559908738518955 | 0 | 5.0
1.7284725470605105 | 0 | 5.0
1.6183914336430099 | 0 | 5.0
1.636590488670566 | 0 | 5.0
1.5584392144838826 | 0 | 5.0
1.5058344017523952 | 0 | 5.0
1.4385032696723172 | 0 | 5.0
1.4224738754215236 | 0 | 5.0
1.371396761026494 | 1 | -0.5
1.3079442695848091 | 0 | 5.0
1.3531838045017466 | 0 | 5.0
1.3679701749995665 | 0 | 5.0
1.3631362117027932 | 0 | 5.0
1.3530646589646018 | 1 | -0.5
1.45523848998508 | 0 | 5.0
1.491398234941153 | 0 | 5.0
1.4729440788730004 | 0 | 5.0
1.5645496045378118 | 1 | -0.5
1.7346156217700621 | 2 | -0.5
1.579169198296785 | 1 | -0.5
1.7806531668162209 | 2 | -0.5
1.6683793593108476 | 1 | -0.5
1.7639764097657398 | 2 | -0.5
1.650164887396735 | 1 | -0.5
1.7669995796055509 | 2 | -0.5
1.651339521621087 | 1 | -0.5
1.7769935526490057 | 2 | -0.5
1.734975570707709 | 1 | -0.5
1.8513483950347713 | 1 | -0.5
2.1745490139268506 | 2 | -0.5
1.9196700656793562 | 1 | -0.5
2.2633058690193257 | 2 | -0.5
1.9983133316874244 | 1 | -0.5
2.2653305657787097 | 2 | -0.5
2.018003859862281 | 1 | -0.5
2.4229482547651187 | 2 | -0.5
2.1666547289219036 | 1 | -0.5
2.451833653992347 | 2 | -0.5
2.2380988071387846 | 1 | -0.5
2.623242222323221 | 1 | -0.5
3.350674111827424 | 2 | -0.5
2.7499400068261592 | 1 | -0.5
3.483166822434172 | 2 | -0.5
3.0940248260323213 | 2 | -0.5
2.6431710090215845 | 1 | -0.5
3.3837507469010957 | 2 | -0.5
2.8944389986439854 | 1 | -0.5
3.4355250020923784 | 2 | -0.5
2.9075433610465944 | 1 | -0.5
3.470120530753654 | 0 | 5.0
3.2342324920860626 | 0 | 5.0
3.0621238328894864 | 1 | -0.5
2.69966571314446 | 0 | 5.0
2.6033387144339515 | 0 | 5.0
2.470361220317817 | 0 | 5.0
2.3530754115679957 | 0 | 5.0
2.289761655373383 | 0 | 5.0
2.2697143555782646 | 1 | -0.5
2.023385353898469 | 0 | 5.0
1.9974267066892393 | 0 | 5.0
1.9017807848238497 | 0 | 5.0
1.890225495015457 | 0 | 5.0
1.7329380811355635 | 0 | 5.0
1.6877948867204322 | 0 | 5.0
1.6391098696602002 | 0 | 5.0
1.5629442432662568 | 0 | 5.0
1.467444896889001 | 0 | 5.0
1.4479402559066294 | 0 | 5.0
1.4519280581108245 | 0 | 5.0
1.41038302825111 | 0 | 5.0
1.3596226522095012 | 0 | 5.0
1.294994347939483 | 0 | 5.0
1.2852570689665037 | 0 | 5.0
1.2281809218470634 | 0 | 5.0
1.1638029171286792 | 0 | 5.0
1.1105204413879863 | 0 | 5.0
1.1200212612315312 | 0 | 5.0
1.0677731889404247 | 0 | 5.0
1.0031995465464372 | 0 | 5.0
0.991642278829691 | 0 | 5.0
0.958228833482092 | 0 | 5.0
0.9302941283268874 | 0 | 5.0
0.9096053209857992 | 0 | 5.0
0.8882620527115457 | 0 | 5.0
0.8852917827783178 | 0 | 5.0
0.8475537913029965 | 0 | 5.0
0.8181997742995044 | 0 | 5.0
0.8341342410125465 | 0 | 5.0
0.7901106960911649 | 0 | 5.0
0.8081889578515157 | 0 | 5.0
0.7929569011654384 | 0 | 5.0
0.7766169123784616 | 0 | 5.0
0.7419744285003356 | 0 | 5.0
0.7919050902034733 | 0 | 5.0
0.7598249553018742 | 0 | 5.0
0.7453713370634121 | 0 | 5.0
0.7898280621745299 | 0 | 5.0
0.7253715122328083 | 0 | 5.0
0.7297351868036768 | 0 | 5.0
0.7236526905198694 | 0 | 5.0
0.717990340676442 | 0 | 5.0
0.6883518773537451 | 0 | 5.0
0.7091997234136668 | 0 | 5.0
0.7195061522814432 | 0 | 5.0
0.7350170529351091 | 0 | 5.0
0.7493186113052274 | 0 | 5.0
0.7354592763888946 | 0 | 5.0
0.7164006104024334 | 0 | 5.0
0.6993621426276981 | 0 | 5.0
0.7322876925433767 | 0 | 5.0
0.7254513348893006 | 0 | 5.0
0.7284819808590561 | 0 | 5.0
0.6833221757173401 | 0 | 5.0
0.7331940169916188 | 0 | 5.0
0.7317958723013052 | 0 | 5.0
0.685120921781925 | 1 | -0.5
0.713933374144317 | 0 | 5.0
0.7180657461166333 | 0 | 5.0
0.7752552006265688 | 0 | 5.0
0.8115383588662582 | 1 | -0.5
0.851244194607138 | 0 | 5.0
0.9142227891565562 | 0 | 5.0
0.9553599824841748 | 0 | 5.0
1.0879296591737422 | 0 | 5.0
1.1804268098834465 | 1 | -0.5
1.2777950524177544 | 2 | -0.5
1.2458131818626406 | 1 | -0.5
1.3718632042502679 | 2 | -0.5
1.2537585790484773 | 1 | -0.5
1.4190721259852366 | 2 | -0.5
1.307915858761625 | 1 | -0.5
1.4787055559802813 | 2 | -0.5
1.3624516241481943 | 1 | -0.5
1.5239247603283874 | 2 | -0.5
1.431091755041485 | 1 | -0.5
1.562309273389509 | 2 | -0.5
1.446995473277806 | 1 | -0.5
1.640336028384063 | 1 | -0.5
1.9726778743681874 | 2 | -0.5
1.671188603589675 | 1 | -0.5
2.0914524241631214 | 2 | -0.5
1.6954918249484223 | 1 | -0.5
2.065456236355932 | 2 | -0.5
1.7880591164309543 | 1 | -0.5
2.0564342632899657 | 2 | -0.5
1.7833215411166237 | 1 | -0.5
2.179713633599914 | 2 | -0.5
1.8682687114177092 | 1 | -0.5
2.155581955350033 | 1 | -0.5
2.8191617204559143 | 2 | -0.5
2.246288232407941 | 1 | -0.5
2.8474262287952965 | 2 | -0.5
2.3271218511640113 | 1 | -0.5
2.964063729623376 | 2 | -0.5
2.430420115943277 | 1 | -0.5
3.03316273823212 | 2 | -0.5
2.4145547892796806 | 1 | -0.5
3.2055582411729353 | 2 | -0.5
2.649518244594763 | 1 | -0.5
3.2490276203464648 | 2 | -0.5
2.8091306660615 | 1 | -0.5
3.1896393194192467 | 2 | -0.5
2.853414784028128 | 1 | -0.5
3.1277758370178894 | 0 | 5.0
3.006663493320115 | 0 | 5.0
2.846348147206572 | 0 | 5.0
2.6151587871802406 | 1 | -0.5
2.3253871348981763 | 0 | 5.0
2.211951980023472 | 0 | 5.0
2.1462894335919422 | 0 | 5.0
2.0728829598786107 | 0 | 5.0
2.0049094333332262 | 0 | 5.0
1.9651986687512055 | 0 | 5.0
1.9042245039026253 | 0 | 5.0
1.7979537470959173 | 0 | 5.0
1.7341937612072842 | 0 | 5.0
1.6611762236423844 | 0 | 5.0
1.5832308959400214 | 0 | 5.0
1.5194251602670314 | 0 | 5.0
1.4438635175916266 | 0 | 5.0
1.3700691794134705 | 0 | 5.0
1.343945441011949 | 0 | 5.0
1.2637551354255683 | 1 | -0.5
1.172411720451706 | 0 | 5.0
1.2131297864783057 | 0 | 5.0
1.1663285746039236 | 0 | 5.0
1.1290115424361082 | 0 | 5.0
1.1256027639306383 | 0 | 5.0
1.1234741930271335 | 0 | 5.0
1.1074195681495604 | 0 | 5.0
1.086330120092543 | 0 | 5.0
1.0464372318841464 | 0 | 5.0
1.0687750881982012 | 0 | 5.0
1.0135437764960469 | 0 | 5.0
1.0479647108122072 | 0 | 5.0
0.9892343213941754 | 0 | 5.0
1.0034245270694735 | 0 | 5.0
0.9880435074678683 | 0 | 5.0
0.9691399698456318 | 0 | 5.0
0.9856002192965072 | 0 | 5.0
0.9783688953818853 | 0 | 5.0
0.9573209537850842 | 0 | 5.0
0.9277679508034227 | 0 | 5.0
0.878208487300815 | 0 | 5.0
0.8725562126702331 | 0 | 5.0
0.8382095881052175 | 0 | 5.0
0.8237689771657358 | 0 | 5.0
0.797095979352434 | 0 | 5.0
0.8114914842705685 | 0 | 5.0
0.7748325994093844 | 0 | 5.0
0.7743101168325413 | 0 | 5.0
0.7247393166527175 | 0 | 5.0
0.705418305780182 | 0 | 5.0
0.7024108102088206 | 0 | 5.0
0.7227412648776826 | 0 | 5.0
0.6900595561782471 | 0 | 5.0
0.6709363787715512 | 0 | 5.0
0.6552431448757746 | 1 | -0.5
0.6420420790542576 | 0 | 5.0
0.6228414286264716 | 0 | 5.0
0.6544194229593566 | 0 | 5.0
0.6541593515337334 | 0 | 5.0
0.686386175308111 | 0 | 5.0
Total reward: 2486.5
