-1.6, -4.5, 4.0, -2.8, -2.2, -2.6, -4.5, 2.3, 2.3, -1.2, 0.2, 0.0, 1.1, -0.8, -2.3, 5.8, 0.4, 2.2
parameter ends

state | action | reward
[1.51] | 2 | -0.5
1.5727542741253981 | 2 | -0.5
1.6833522212029595 | 2 | -0.5
1.9711920351159626 | 2 | -0.5
2.308061395015822 | 2 | -0.5
3.18337547714387 | 2 | -0.5
5.300081795954226 | 2 | -0.5
9.280216909079892 | 2 | -0.5
9.289916046994668 | 2 | -0.5
5.606708598946735 | 2 | -0.5
3.583249954119232 | 2 | -0.5
2.757771051065558 | 2 | -0.5
2.3853077878036584 | 2 | -0.5
2.1319111973051124 | 2 | -0.5
2.041419265253436 | 2 | -0.5
1.966402299491759 | 2 | -0.5
1.985423616561661 | 2 | -0.5
2.098871716200902 | 2 | -0.5
2.324227814430838 | 2 | -0.5
2.7753072062558695 | 2 | -0.5
3.419127462859542 | 2 | -0.5
4.890392989098359 | 2 | -0.5
9.76136217083078 | 2 | -0.5
11.133059158218982 | 2 | -0.5
5.29555940594258 | 2 | -0.5
3.113649040476052 | 2 | -0.5
2.3899879508205637 | 2 | -0.5
1.9116045882956387 | 2 | -0.5
1.6986842051069655 | 2 | -0.5
1.5717892083654894 | 2 | -0.5
1.5089660109910932 | 2 | -0.5
1.4695654577924515 | 2 | -0.5
1.4663433734149725 | 2 | -0.5
1.5880618951395573 | 2 | -0.5
1.751759954858393 | 2 | -0.5
2.0187057772733414 | 2 | -0.5
2.5175102134800604 | 2 | -0.5
3.9423839369749003 | 2 | -0.5
9.34490690769116 | 2 | -0.5
9.284432181918099 | 2 | -0.5
6.404718655609494 | 2 | -0.5
3.992005543403917 | 2 | -0.5
2.919019070147012 | 2 | -0.5
2.3174987723155085 | 2 | -0.5
2.1416365559370174 | 2 | -0.5
1.9435731873942221 | 2 | -0.5
1.8769564265063228 | 2 | -0.5
1.875144241871092 | 2 | -0.5
1.8896295101721776 | 2 | -0.5
2.0625788197061534 | 2 | -0.5
2.308114461902034 | 2 | -0.5
2.7385538045598947 | 2 | -0.5
3.385295368968934 | 2 | -0.5
5.461056211899133 | 2 | -0.5
11.285705175771136 | 2 | -0.5
11.21165101049618 | 2 | -0.5
6.0337640581534835 | 2 | -0.5
3.2222924788472582 | 2 | -0.5
2.568471427785657 | 2 | -0.5
2.129406889555658 | 2 | -0.5
1.8441148862919619 | 2 | -0.5
1.7200453372292202 | 2 | -0.5
1.618819572075343 | 2 | -0.5
1.5979519717164048 | 2 | -0.5
1.6526801521136198 | 2 | -0.5
1.8342883489760462 | 2 | -0.5
1.9551926210905797 | 2 | -0.5
2.153624656359674 | 2 | -0.5
2.670963120338466 | 2 | -0.5
3.7234561684467717 | 2 | -0.5
9.488618490195623 | 2 | -0.5
9.279625725478722 | 2 | -0.5
7.433309915025986 | 2 | -0.5
4.332918616300243 | 2 | -0.5
3.1805786579090114 | 2 | -0.5
2.480570588050632 | 2 | -0.5
2.169737650428367 | 2 | -0.5
2.0009861807989013 | 2 | -0.5
1.8045457219402654 | 2 | -0.5
1.8168997218638954 | 2 | -0.5
1.893954664106413 | 2 | -0.5
2.01992996940445 | 2 | -0.5
2.2516842085051887 | 2 | -0.5
2.654098559244489 | 2 | -0.5
3.4235497604856917 | 2 | -0.5
5.219530257316264 | 2 | -0.5
11.094371034137682 | 2 | -0.5
11.100768536503042 | 2 | -0.5
4.321626686164189 | 2 | -0.5
2.909989946865978 | 2 | -0.5
2.2315220910057394 | 2 | -0.5
1.9135269185550319 | 2 | -0.5
1.706881239796418 | 2 | -0.5
1.5973960306950858 | 2 | -0.5
1.578997795338331 | 2 | -0.5
1.587766386278512 | 2 | -0.5
1.6469675636501206 | 2 | -0.5
1.869046381192546 | 2 | -0.5
2.213307585891441 | 2 | -0.5
2.7558464996282446 | 2 | -0.5
4.079636627800446 | 2 | -0.5
9.492138512479155 | 2 | -0.5
9.338060362918657 | 2 | -0.5
6.151842253957069 | 2 | -0.5
3.683804628880992 | 2 | -0.5
2.7027836031371577 | 2 | -0.5
2.266811333680628 | 2 | -0.5
1.9723673337941245 | 2 | -0.5
1.8572899119122748 | 2 | -0.5
1.8567913881092473 | 2 | -0.5
1.8449289962516906 | 2 | -0.5
1.9835054580893876 | 2 | -0.5
2.134824757786841 | 2 | -0.5
2.599169913073003 | 2 | -0.5
3.349266577899564 | 2 | -0.5
4.904635813820192 | 2 | -0.5
11.229197681699905 | 2 | -0.5
11.151588867003152 | 2 | -0.5
5.063116965243094 | 2 | -0.5
3.199211230358856 | 2 | -0.5
2.3076566108613634 | 2 | -0.5
1.8950167520627506 | 2 | -0.5
1.686756827025893 | 2 | -0.5
1.5599553751853876 | 2 | -0.5
1.5148639842436733 | 2 | -0.5
1.509874666522859 | 2 | -0.5
1.5941256886263078 | 2 | -0.5
1.756468380726862 | 2 | -0.5
2.0359800902341143 | 2 | -0.5
2.4743464986265895 | 2 | -0.5
3.3769541062581845 | 2 | -0.5
6.013401673416319 | 2 | -0.5
9.292773870192491 | 2 | -0.5
9.42264549690668 | 2 | -0.5
5.537994970686255 | 2 | -0.5
3.302470193332149 | 2 | -0.5
2.6005768588251823 | 2 | -0.5
2.2439213815838874 | 2 | -0.5
2.0284879210777196 | 2 | -0.5
1.9138377509840714 | 2 | -0.5
1.9137460791833951 | 2 | -0.5
1.9059606264463445 | 2 | -0.5
2.0067705861089022 | 2 | -0.5
2.207382583543698 | 2 | -0.5
2.544258107020372 | 2 | -0.5
3.253562429377563 | 2 | -0.5
4.48295854051964 | 2 | -0.5
8.809369352305366 | 2 | -0.5
11.16180781561471 | 2 | -0.5
7.855889087227269 | 2 | -0.5
3.7295319394680657 | 2 | -0.5
2.5680989163440024 | 2 | -0.5
2.09178622590347 | 2 | -0.5
1.767978574707798 | 2 | -0.5
1.5848618439285749 | 2 | -0.5
1.5639987993421627 | 2 | -0.5
1.5128855465205697 | 2 | -0.5
1.5884272421387453 | 2 | -0.5
1.597648108484354 | 2 | -0.5
1.7270317730507145 | 2 | -0.5
1.9982241702256889 | 2 | -0.5
2.544149260645168 | 2 | -0.5
3.5647090147969673 | 2 | -0.5
9.38775230521072 | 2 | -0.5
9.14915676639622 | 2 | -0.5
9.13700846156831 | 2 | -0.5
4.673282305041255 | 2 | -0.5
3.0852799175216687 | 2 | -0.5
2.3457847264017206 | 2 | -0.5
2.0176765480983483 | 2 | -0.5
1.8859031976291496 | 2 | -0.5
1.7992955123753587 | 2 | -0.5
1.7835229771213648 | 2 | -0.5
1.8073294944936287 | 2 | -0.5
1.9140931982376825 | 2 | -0.5
2.1302637524826356 | 2 | -0.5
2.487755732262631 | 2 | -0.5
3.2290401266829503 | 2 | -0.5
4.611639469123201 | 2 | -0.5
10.396210973562653 | 2 | -0.5
11.187014538511193 | 2 | -0.5
5.460456144573243 | 2 | -0.5
3.351484222905931 | 2 | -0.5
2.4679487316285202 | 2 | -0.5
2.0249452974329385 | 2 | -0.5
1.6953104316385668 | 2 | -0.5
1.594225121802789 | 2 | -0.5
1.545612522960767 | 2 | -0.5
1.5242579548827102 | 2 | -0.5
1.601789983939734 | 2 | -0.5
1.7006782828402678 | 2 | -0.5
1.9066099751028542 | 2 | -0.5
2.279926624783162 | 2 | -0.5
3.299729292477329 | 2 | -0.5
5.255470911992523 | 2 | -0.5
9.144110590147509 | 2 | -0.5
9.219145031636701 | 2 | -0.5
5.5034179992408845 | 2 | -0.5
3.4061013836249856 | 2 | -0.5
2.6418966693571915 | 2 | -0.5
2.260362116541748 | 2 | -0.5
1.9728633066349057 | 2 | -0.5
1.8697182518458544 | 2 | -0.5
1.8543311189847131 | 2 | -0.5
1.8503342512417726 | 2 | -0.5
1.971326078055268 | 2 | -0.5
2.1931607495114784 | 2 | -0.5
2.4711338571410244 | 2 | -0.5
3.104082703320626 | 2 | -0.5
4.494538101712646 | 2 | -0.5
7.282587026063636 | 2 | -0.5
11.193116828555214 | 2 | -0.5
11.284979035235803 | 2 | -0.5
4.326730706485029 | 2 | -0.5
2.937196256986596 | 2 | -0.5
2.3000622728641096 | 2 | -0.5
2.000084169848135 | 2 | -0.5
1.817677080606833 | 2 | -0.5
1.6681049059592143 | 2 | -0.5
1.6568337766706485 | 2 | -0.5
1.6805661130083855 | 2 | -0.5
1.7950873716893172 | 2 | -0.5
2.08330557308128 | 2 | -0.5
2.379221247865075 | 2 | -0.5
3.1010450007502754 | 2 | -0.5
5.2851293093436515 | 2 | -0.5
9.21596764274156 | 2 | -0.5
9.26555578222456 | 2 | -0.5
5.411222218080148 | 2 | -0.5
3.3695152663781607 | 2 | -0.5
2.4869233343300774 | 2 | -0.5
2.0008655420676167 | 2 | -0.5
1.8502266170566428 | 2 | -0.5
1.6971287704741784 | 2 | -0.5
1.6611876401338015 | 2 | -0.5
1.7218158674471178 | 2 | -0.5
1.7962658200707728 | 2 | -0.5
1.9296839526137497 | 2 | -0.5
2.234631838509741 | 2 | -0.5
2.659027185512911 | 2 | -0.5
3.5587560849759954 | 2 | -0.5
5.001221727981743 | 2 | -0.5
11.343862891559738 | 2 | -0.5
11.331883356678306 | 2 | -0.5
6.0010811646478475 | 2 | -0.5
3.5303705988958893 | 2 | -0.5
2.665108529350285 | 2 | -0.5
2.2339370343045544 | 2 | -0.5
1.986612171955803 | 2 | -0.5
1.8164796416075875 | 2 | -0.5
1.7653734443994127 | 2 | -0.5
1.755012266343258 | 2 | -0.5
1.8818740931151772 | 2 | -0.5
1.9989661980208295 | 2 | -0.5
2.2509031724262965 | 2 | -0.5
2.8299885966756495 | 2 | -0.5
3.8315993470118515 | 2 | -0.5
9.345022494237556 | 2 | -0.5
9.143651132070884 | 2 | -0.5
8.246523012498534 | 2 | -0.5
3.9312416308158102 | 2 | -0.5
2.712476210112095 | 2 | -0.5
2.262262751881586 | 2 | -0.5
1.914927163732871 | 2 | -0.5
1.7153857675239723 | 2 | -0.5
1.6756615240408834 | 2 | -0.5
1.6404415642150698 | 2 | -0.5
1.6242068847625 | 2 | -0.5
1.7634185397479225 | 2 | -0.5
1.9270228621443235 | 2 | -0.5
2.409274747624421 | 2 | -0.5
3.129528509353325 | 2 | -0.5
4.904661696821496 | 2 | -0.5
11.317018633111589 | 2 | -0.5
11.368464149018106 | 2 | -0.5
5.442172234623161 | 2 | -0.5
3.476137699173412 | 2 | -0.5
2.641636013565331 | 2 | -0.5
2.195513870140613 | 2 | -0.5
1.9602143178905282 | 2 | -0.5
1.8059204723623594 | 2 | -0.5
1.7938073412655255 | 2 | -0.5
1.7808373609163692 | 2 | -0.5
1.8766585814074812 | 2 | -0.5
1.976280439899197 | 2 | -0.5
2.309698767481352 | 2 | -0.5
2.868006181680437 | 2 | -0.5
4.612651344684668 | 2 | -0.5
9.2547598226825 | 2 | -0.5
9.163478356184372 | 2 | -0.5
6.693232111602113 | 2 | -0.5
3.6226629748465724 | 2 | -0.5
2.7316878055865526 | 2 | -0.5
2.1468299950712963 | 2 | -0.5
1.885629610804398 | 2 | -0.5
1.7009694171615306 | 2 | -0.5
1.667367160658968 | 2 | -0.5
1.6209782492941558 | 2 | -0.5
1.663483638966749 | 2 | -0.5
1.7959719186726855 | 2 | -0.5
1.8940985188538857 | 2 | -0.5
2.205753066838942 | 2 | -0.5
2.810268270498606 | 2 | -0.5
4.145948735504561 | 2 | -0.5
8.214067595144234 | 2 | -0.5
11.214547656629966 | 2 | -0.5
7.953303849775996 | 2 | -0.5
4.135919098459833 | 2 | -0.5
2.940866545937721 | 2 | -0.5
2.3989546497392404 | 2 | -0.5
2.0491721655142725 | 2 | -0.5
1.8684735718527448 | 2 | -0.5
1.7960801579640389 | 2 | -0.5
1.7509608997640298 | 2 | -0.5
1.8123426440827635 | 2 | -0.5
1.9289099085226717 | 2 | -0.5
2.2051093178900407 | 2 | -0.5
2.563526386352212 | 2 | -0.5
3.448265644517905 | 2 | -0.5
4.818494660350632 | 2 | -0.5
9.215398277471749 | 2 | -0.5
9.045155927226585 | 2 | -0.5
6.8475989103808015 | 2 | -0.5
3.725520483709965 | 2 | -0.5
2.7081355022089233 | 2 | -0.5
2.309521841519325 | 2 | -0.5
1.9974064829263753 | 2 | -0.5
1.8225635393813386 | 2 | -0.5
1.7288291555603037 | 2 | -0.5
1.7456475258377728 | 2 | -0.5
1.7674899411234946 | 2 | -0.5
1.9036274376318119 | 2 | -0.5
2.1044832097723836 | 2 | -0.5
2.431311933605886 | 2 | -0.5
3.0227459357194437 | 2 | -0.5
4.779832868522951 | 2 | -0.5
11.371795983552254 | 2 | -0.5
11.351870838645638 | 2 | -0.5
5.665609840134481 | 2 | -0.5
3.4232423406741703 | 2 | -0.5
2.6141663309544203 | 2 | -0.5
2.1234987271408428 | 2 | -0.5
1.8516818665178179 | 2 | -0.5
1.7322267963831783 | 2 | -0.5
1.7038776627451813 | 2 | -0.5
1.7050656080377693 | 2 | -0.5
1.7474241005218618 | 2 | -0.5
1.8493608386273102 | 2 | -0.5
2.1030221365025503 | 2 | -0.5
2.5799360504228463 | 2 | -0.5
3.424540131141903 | 2 | -0.5
5.392522567866003 | 2 | -0.5
9.164887154465251 | 2 | -0.5
9.133024790171763 | 2 | -0.5
6.058359823939861 | 2 | -0.5
3.5469259835754268 | 2 | -0.5
2.6920336163852148 | 2 | -0.5
2.234191842602782 | 2 | -0.5
2.0036384248697936 | 2 | -0.5
1.9025821554508244 | 2 | -0.5
1.8211705738861212 | 2 | -0.5
1.8142653407020324 | 2 | -0.5
1.893964173689231 | 2 | -0.5
2.055645537800209 | 2 | -0.5
2.3328562124186227 | 2 | -0.5
2.839893841695516 | 2 | -0.5
3.8787486689160096 | 2 | -0.5
6.354054736015059 | 2 | -0.5
11.429216212123055 | 2 | -0.5
11.523545722519176 | 2 | -0.5
3.7493767920157155 | 2 | -0.5
2.7379535712506677 | 2 | -0.5
2.186460356240663 | 2 | -0.5
1.8577635924491736 | 2 | -0.5
1.6742433068867904 | 2 | -0.5
1.566163657650967 | 2 | -0.5
1.5204573180843408 | 2 | -0.5
1.5726747661203124 | 2 | -0.5
1.684565701154784 | 2 | -0.5
1.8364444045927983 | 2 | -0.5
2.0644997544130925 | 2 | -0.5
2.6809321709730995 | 2 | -0.5
3.7846493673293673 | 2 | -0.5
9.224363133074649 | 2 | -0.5
9.052452016393667 | 2 | -0.5
8.056821135658677 | 2 | -0.5
4.545927488046822 | 2 | -0.5
3.237311032980791 | 2 | -0.5
2.637857443043015 | 2 | -0.5
2.269109759171692 | 2 | -0.5
2.0241202538480376 | 2 | -0.5
1.9225180398111712 | 2 | -0.5
1.8352474137075532 | 2 | -0.5
1.904463255728477 | 2 | -0.5
2.017248421402525 | 2 | -0.5
2.1854374839331436 | 2 | -0.5
2.5405702112467994 | 2 | -0.5
3.20568754384184 | 2 | -0.5
4.467457061225948 | 2 | -0.5
8.16718838313816 | 2 | -0.5
11.353495930602694 | 2 | -0.5
5.608033018822695 | 2 | -0.5
3.2377640122138187 | 2 | -0.5
2.4007934352965536 | 2 | -0.5
1.960060015995431 | 2 | -0.5
1.7236179079522482 | 2 | -0.5
1.6410052177248806 | 2 | -0.5
1.5492707824961454 | 2 | -0.5
1.565802950058754 | 2 | -0.5
1.6755056532982298 | 2 | -0.5
1.7690501796626945 | 2 | -0.5
2.04193067585898 | 2 | -0.5
2.5281450475861407 | 2 | -0.5
3.6370944375512613 | 2 | -0.5
9.37878082432019 | 2 | -0.5
9.086719497272822 | 2 | -0.5
9.190739250294936 | 2 | -0.5
4.695343628920323 | 2 | -0.5
3.2322501494585394 | 2 | -0.5
2.544600743208362 | 2 | -0.5
2.1599250976189834 | 2 | -0.5
1.8965674408678188 | 2 | -0.5
1.8093663558964102 | 2 | -0.5
1.7451500492120526 | 2 | -0.5
1.7788550507889307 | 2 | -0.5
1.8499075312134938 | 2 | -0.5
1.9904790419450893 | 2 | -0.5
2.27889132005241 | 2 | -0.5
2.758470713041169 | 2 | -0.5
3.788230587114862 | 2 | -0.5
6.8535154204262625 | 2 | -0.5
11.405915548862067 | 2 | -0.5
11.474679487142355 | 2 | -0.5
4.9538546209691035 | 2 | -0.5
3.1368493875764316 | 2 | -0.5
2.3845885982204695 | 2 | -0.5
2.1418432792576314 | 2 | -0.5
1.873839865838289 | 2 | -0.5
1.7988462470108026 | 2 | -0.5
1.731827419738707 | 2 | -0.5
1.7923178405439246 | 2 | -0.5
1.894446812973873 | 2 | -0.5
2.1904638043734197 | 2 | -0.5
2.5988375458149866 | 2 | -0.5
3.6044985121350193 | 2 | -0.5
5.743671183743367 | 2 | -0.5
9.15690520529971 | 2 | -0.5
9.062998939034204 | 2 | -0.5
4.975096932413589 | 2 | -0.5
3.2746979440110677 | 2 | -0.5
2.5377770629388254 | 2 | -0.5
2.1178532339329137 | 2 | -0.5
1.8228275961421718 | 2 | -0.5
1.7468836402199774 | 2 | -0.5
1.6965698311335813 | 2 | -0.5
1.6711352572471785 | 2 | -0.5
1.7386391636600276 | 2 | -0.5
1.838148295295462 | 2 | -0.5
2.118196720739858 | 2 | -0.5
2.6534262675236286 | 2 | -0.5
3.6155375408561388 | 2 | -0.5
5.457358758749662 | 2 | -0.5
11.439633943964662 | 2 | -0.5
11.484894205674477 | 2 | -0.5
5.2171344124821974 | 2 | -0.5
3.5409159539273913 | 2 | -0.5
2.7204653658340963 | 2 | -0.5
2.266634361345865 | 2 | -0.5
2.0065363399037635 | 2 | -0.5
1.8677920951735187 | 2 | -0.5
1.8412600819392726 | 2 | -0.5
1.8289157210454883 | 2 | -0.5
1.8870414274742593 | 2 | -0.5
2.064931895809865 | 2 | -0.5
2.1547796960015893 | 2 | -0.5
2.6431933062488553 | 2 | -0.5
3.3169063484067327 | 2 | -0.5
5.131284188641502 | 2 | -0.5
9.170479222723527 | 2 | -0.5
9.13990101677934 | 2 | -0.5
5.095203862109121 | 2 | -0.5
3.20956084052942 | 2 | -0.5
2.483076367270724 | 2 | -0.5
1.9656191348487018 | 2 | -0.5
1.7288825104242938 | 2 | -0.5
1.6055400386276457 | 2 | -0.5
1.5397113296199458 | 2 | -0.5
1.5634422804632755 | 2 | -0.5
1.6040476237838341 | 2 | -0.5
1.6944859404788724 | 2 | -0.5
1.925804698569794 | 2 | -0.5
2.2381745376238684 | 2 | -0.5
3.000714305871058 | 2 | -0.5
5.4320010562286605 | 2 | -0.5
11.307926130883422 | 2 | -0.5
11.458105626033598 | 2 | -0.5
4.732010642444514 | 2 | -0.5
3.2500293868711263 | 2 | -0.5
2.76073444003032 | 2 | -0.5
2.304176168044303 | 2 | -0.5
2.084030156725928 | 2 | -0.5
1.9873830831048878 | 2 | -0.5
1.8807413221493647 | 2 | -0.5
1.9098617696736393 | 2 | -0.5
1.9827873637122568 | 2 | -0.5
2.2049147372436653 | 2 | -0.5
2.4575583745160388 | 2 | -0.5
2.999119124242562 | 2 | -0.5
4.0624894526441535 | 2 | -0.5
9.544085449774173 | 2 | -0.5
9.205092374017873 | 2 | -0.5
9.215075140515843 | 2 | -0.5
4.0800119229290495 | 2 | -0.5
2.6817860458135714 | 2 | -0.5
2.142941021492898 | 2 | -0.5
1.7983346394712858 | 2 | -0.5
1.6282147481905849 | 2 | -0.5
1.569018691738327 | 2 | -0.5
1.5597473429898348 | 2 | -0.5
1.5294192792105314 | 2 | -0.5
1.629498506290818 | 2 | -0.5
1.7586923925062932 | 2 | -0.5
2.0176537714979257 | 2 | -0.5
2.4063504903670996 | 2 | -0.5
3.1038452306981856 | 2 | -0.5
5.843970253351226 | 2 | -0.5
11.210938510690644 | 2 | -0.5
11.294337038867893 | 2 | -0.5
5.129486011345495 | 2 | -0.5
3.109964423702249 | 2 | -0.5
2.4123116813771954 | 2 | -0.5
2.0762445712953372 | 2 | -0.5
1.883413831387491 | 2 | -0.5
1.7816646947752275 | 2 | -0.5
1.7652541883822679 | 2 | -0.5
1.819798924890464 | 2 | -0.5
1.945968022547924 | 2 | -0.5
2.0961465827790744 | 2 | -0.5
2.374436437685649 | 2 | -0.5
2.824966534269361 | 2 | -0.5
3.966445252904329 | 2 | -0.5
9.467963854018098 | 2 | -0.5
9.27289374119517 | 2 | -0.5
6.810215062953367 | 2 | -0.5
3.725157435831986 | 2 | -0.5
2.5489426314094676 | 2 | -0.5
2.093758268536188 | 2 | -0.5
1.8506210138521362 | 2 | -0.5
1.693805992636252 | 2 | -0.5
1.6957958692673414 | 2 | -0.5
1.6724510872218696 | 2 | -0.5
1.7980961941766793 | 2 | -0.5
1.9725426568833146 | 2 | -0.5
2.272428380197229 | 2 | -0.5
2.8657817889612107 | 2 | -0.5
4.058653161116277 | 2 | -0.5
8.824505196134565 | 2 | -0.5
11.128956526533418 | 2 | -0.5
7.695533386425969 | 2 | -0.5
4.023745672182096 | 2 | -0.5
2.7090411430788848 | 2 | -0.5
2.201603165264971 | 2 | -0.5
1.873983565329889 | 2 | -0.5
1.704731667614624 | 2 | -0.5
1.606548924820096 | 2 | -0.5
1.6184159735052182 | 2 | -0.5
1.6968431069365393 | 2 | -0.5
1.817282367116864 | 2 | -0.5
2.1181497900394572 | 2 | -0.5
2.54341719670102 | 2 | -0.5
3.3302544841755073 | 2 | -0.5
5.437289762569162 | 2 | -0.5
9.25678726966392 | 2 | -0.5
9.247600986994579 | 2 | -0.5
5.933913640305592 | 2 | -0.5
3.931704318400033 | 2 | -0.5
2.956407283959824 | 2 | -0.5
2.38991833012589 | 2 | -0.5
2.0647733831667847 | 2 | -0.5
1.943363942384064 | 2 | -0.5
1.790913807507399 | 2 | -0.5
1.811194938666571 | 2 | -0.5
1.9216066959257898 | 2 | -0.5
2.004895292531589 | 2 | -0.5
2.1680370331245205 | 2 | -0.5
2.8481261126800934 | 2 | -0.5
3.7291670251787017 | 2 | -0.5
6.9440293940939135 | 2 | -0.5
11.230929627620089 | 2 | -0.5
7.805924195090535 | 2 | -0.5
4.019962183224493 | 2 | -0.5
2.885866704399351 | 2 | -0.5
2.22110464037885 | 2 | -0.5
1.9788806528262668 | 2 | -0.5
1.7622934556902996 | 2 | -0.5
1.6194130423586692 | 2 | -0.5
1.538778743460891 | 2 | -0.5
1.5903826250977773 | 2 | -0.5
1.6212982468438877 | 2 | -0.5
1.7321228417449135 | 2 | -0.5
1.9348491496939049 | 2 | -0.5
2.2496348164121573 | 2 | -0.5
3.0985393541708266 | 2 | -0.5
4.334938713492636 | 2 | -0.5
9.310275223077303 | 2 | -0.5
9.205847878612937 | 2 | -0.5
6.531368531251998 | 2 | -0.5
3.7924973418283088 | 2 | -0.5
2.834503910148126 | 2 | -0.5
2.3481241235659045 | 2 | -0.5
2.02853523321838 | 2 | -0.5
1.906872347747115 | 2 | -0.5
1.854905816576506 | 2 | -0.5
1.8744212183177713 | 2 | -0.5
1.94133281864901 | 2 | -0.5
2.1340313906125963 | 2 | -0.5
2.4396668477517256 | 2 | -0.5
3.1109444736770047 | 2 | -0.5
4.454364157430553 | 2 | -0.5
7.364978611676339 | 2 | -0.5
11.150053530562426 | 2 | -0.5
11.325534058733204 | 2 | -0.5
4.240471102871648 | 2 | -0.5
2.7653540002164614 | 2 | -0.5
2.1307164693284526 | 2 | -0.5
1.7888911203225486 | 2 | -0.5
1.6502274274976647 | 2 | -0.5
1.5149876669793192 | 2 | -0.5
1.4961448100129087 | 2 | -0.5
1.4832620138187678 | 2 | -0.5
1.540655914081319 | 2 | -0.5
1.672452285111179 | 2 | -0.5
1.903751920224236 | 2 | -0.5
2.2161237925631774 | 2 | -0.5
2.791122549459802 | 2 | -0.5
4.7071102992706315 | 2 | -0.5
9.342476730275884 | 2 | -0.5
9.35638996117221 | 2 | -0.5
6.137805178037767 | 2 | -0.5
3.9738773104000495 | 2 | -0.5
2.9380829220355813 | 2 | -0.5
2.403278802782195 | 2 | -0.5
2.102386534218088 | 2 | -0.5
1.9696847929088337 | 2 | -0.5
1.9029754068344498 | 2 | -0.5
1.8931309209501392 | 2 | -0.5
2.0083514195127408 | 2 | -0.5
2.1723475752036463 | 2 | -0.5
2.5391719839784574 | 2 | -0.5
3.2007787641883714 | 2 | -0.5
4.532809306659966 | 2 | -0.5
8.436703462857915 | 2 | -0.5
11.027314160074503 | 2 | -0.5
6.9342872274898175 | 2 | -0.5
3.835033675922116 | 2 | -0.5
2.4336205484576166 | 2 | -0.5
1.8618468839269586 | 2 | -0.5
1.6007066242533916 | 2 | -0.5
1.515422460572522 | 2 | -0.5
1.445445396216777 | 2 | -0.5
1.4661140012546001 | 2 | -0.5
1.5267293584856976 | 2 | -0.5
1.6571815024587613 | 2 | -0.5
1.92152702848805 | 2 | -0.5
2.2115927069087786 | 2 | -0.5
3.016455376596517 | 2 | -0.5
6.184225154513216 | 2 | -0.5
9.28061630903892 | 2 | -0.5
8.712808416413466 | 2 | -0.5
4.4513381539906645 | 2 | -0.5
3.15380039937725 | 2 | -0.5
2.521947372327519 | 2 | -0.5
2.161859832436485 | 2 | -0.5
1.968734742654609 | 2 | -0.5
1.9257886135165931 | 2 | -0.5
1.9109255651163228 | 2 | -0.5
1.9687155316605425 | 2 | -0.5
2.0532794589413657 | 2 | -0.5
2.310168339820123 | 2 | -0.5
2.7162116680823565 | 2 | -0.5
3.3550209816219736 | 2 | -0.5
4.665132018809521 | 2 | -0.5
8.863154352667607 | 2 | -0.5
11.00160822034325 | 2 | -0.5
7.134605764862719 | 2 | -0.5
3.453689344895808 | 2 | -0.5
2.3293576183062825 | 2 | -0.5
1.896673332712866 | 2 | -0.5
1.5838001234857297 | 2 | -0.5
1.4557825674123002 | 2 | -0.5
1.4208614669555228 | 2 | -0.5
1.3789753835654333 | 2 | -0.5
1.4405843782596826 | 2 | -0.5
1.5797841993214614 | 2 | -0.5
1.6665872392096193 | 2 | -0.5
1.9505553279937546 | 2 | -0.5
2.3131933351480227 | 2 | -0.5
3.4931920671779584 | 2 | -0.5
9.596270979989297 | 2 | -0.5
9.43730339832995 | 2 | -0.5
7.762215120329052 | 2 | -0.5
4.637774176570941 | 2 | -0.5
3.1462380074291914 | 2 | -0.5
2.684565381270865 | 2 | -0.5
2.309504988651175 | 2 | -0.5
2.0968476214953258 | 2 | -0.5
2.0443758425251812 | 2 | -0.5
2.0096365497309026 | 2 | -0.5
2.089531441474373 | 2 | -0.5
2.3045268676525352 | 2 | -0.5
2.6785120181548874 | 2 | -0.5
3.385093057919676 | 2 | -0.5
4.641586370730428 | 2 | -0.5
6.766041260669055 | 2 | -0.5
11.035313687040013 | 2 | -0.5
11.103918913386522 | 2 | -0.5
3.9042727293528405 | 2 | -0.5
2.4872606576184126 | 2 | -0.5
1.8533033154025185 | 2 | -0.5
1.6936829672089717 | 2 | -0.5
1.5122321444311877 | 2 | -0.5
1.449877693424047 | 2 | -0.5
1.4021530041401942 | 2 | -0.5
1.429742160815184 | 2 | -0.5
1.448116214815506 | 2 | -0.5
1.6174789803287841 | 2 | -0.5
1.8427597786982455 | 2 | -0.5
2.237148093326279 | 2 | -0.5
3.3294417274566865 | 2 | -0.5
9.42320831321178 | 2 | -0.5
9.409169242212364 | 2 | -0.5
5.567447531802851 | 2 | -0.5
3.7204570256942358 | 2 | -0.5
2.9272555262433637 | 2 | -0.5
2.4270443390843193 | 2 | -0.5
2.147836958261293 | 2 | -0.5
2.02992108503259 | 2 | -0.5
1.9704782558090226 | 2 | -0.5
2.0008907295666414 | 2 | -0.5
2.140364688235997 | 2 | -0.5
2.2904315116126988 | 2 | -0.5
2.667317300133548 | 2 | -0.5
3.239573742120895 | 2 | -0.5
4.772757147240087 | 2 | -0.5
8.391183244792446 | 2 | -0.5
10.98042547045295 | 2 | -0.5
6.20184741056452 | 2 | -0.5
3.4138195027368496 | 2 | -0.5
2.4416328535354133 | 2 | -0.5
2.0100399835664593 | 2 | -0.5
1.7117904364745833 | 2 | -0.5
1.5137176709484716 | 2 | -0.5
1.42495170083693 | 2 | -0.5
1.3926699199923611 | 2 | -0.5
1.3807406570530596 | 2 | -0.5
1.45428405891842 | 2 | -0.5
1.5235577902799657 | 2 | -0.5
1.7343190918820917 | 2 | -0.5
2.0794063180656646 | 2 | -0.5
2.858789156315093 | 2 | -0.5
5.597861504990866 | 2 | -0.5
9.397645223518042 | 2 | -0.5
9.55636823156357 | 2 | -0.5
5.289861184780563 | 2 | -0.5
3.619352360713138 | 2 | -0.5
2.942402437348527 | 2 | -0.5
2.4756128641885478 | 2 | -0.5
2.2475409053794833 | 2 | -0.5
2.1329470498807193 | 2 | -0.5
2.0650519123768167 | 2 | -0.5
2.0888272466762743 | 2 | -0.5
2.213284234816391 | 2 | -0.5
2.4102040427453044 | 2 | -0.5
2.797472469993515 | 2 | -0.5
3.461431070842344 | 2 | -0.5
4.951407506069133 | 2 | -0.5
9.751818215144612 | 2 | -0.5
10.898723638824302 | 2 | -0.5
5.510976485815694 | 2 | -0.5
2.7145965068279336 | 2 | -0.5
2.0250583424329527 | 2 | -0.5
1.5774344205501247 | 2 | -0.5
1.3836196537434382 | 2 | -0.5
1.2754557186876037 | 2 | -0.5
1.2392869976902865 | 2 | -0.5
1.2399823486009718 | 2 | -0.5
1.3029562245548723 | 2 | -0.5
1.344642867163496 | 2 | -0.5
1.4998008750019092 | 2 | -0.5
1.7560674982185915 | 2 | -0.5
2.199976166956538 | 2 | -0.5
3.14283288435002 | 2 | -0.5
6.222182314006757 | 2 | -0.5
9.49768647642031 | 2 | -0.5
8.704760732276576 | 2 | -0.5
5.028221849170492 | 2 | -0.5
3.6246252763956734 | 2 | -0.5
3.035082786450221 | 2 | -0.5
2.5945439124430867 | 2 | -0.5
2.346187121994696 | 2 | -0.5
2.2805400620004193 | 2 | -0.5
2.242901596290978 | 2 | -0.5
2.2857005463067592 | 2 | -0.5
2.4792319928888187 | 2 | -0.5
2.7403087811011275 | 2 | -0.5
3.3049623541091897 | 2 | -0.5
4.6440917137807265 | 2 | -0.5
7.142075295501701 | 2 | -0.5
10.986688386307485 | 2 | -0.5
10.933928035265906 | 2 | -0.5
2.9824259766451804 | 2 | -0.5
2.01693163563285 | 2 | -0.5
1.608250305885188 | 2 | -0.5
1.370327135238649 | 2 | -0.5
1.2936608490040584 | 2 | -0.5
1.234028609720363 | 2 | -0.5
1.1556538086434789 | 2 | -0.5
1.1514803188578746 | 2 | -0.5
1.243573139703709 | 2 | -0.5
1.3402142372531591 | 2 | -0.5
1.6104644678095934 | 2 | -0.5
1.9821218373038807 | 2 | -0.5
2.6072513017983994 | 2 | -0.5
4.634197200557343 | 2 | -0.5
9.698905975486893 | 2 | -0.5
9.860937000718877 | 2 | -0.5
5.678607288406907 | 2 | -0.5
3.8440191619270148 | 2 | -0.5
2.902952250624135 | 2 | -0.5
2.509673927478368 | 2 | -0.5
2.2829200423455758 | 2 | -0.5
2.120623993436325 | 2 | -0.5
2.137263393096623 | 2 | -0.5
2.228982234536002 | 2 | -0.5
2.3409319145978467 | 2 | -0.5
2.682032277639911 | 2 | -0.5
3.2079926018544582 | 2 | -0.5
3.8662370317499124 | 2 | -0.5
6.104992489046062 | 2 | -0.5
10.685942604702987 | 2 | -0.5
10.687159436322544 | 2 | -0.5
3.6828324557743617 | 2 | -0.5
2.420840347377472 | 2 | -0.5
1.9170566848758674 | 2 | -0.5
1.5973979194971972 | 2 | -0.5
1.4171714946879208 | 2 | -0.5
1.2990414503067094 | 2 | -0.5
1.2831597820032645 | 2 | -0.5
1.2472837740267673 | 2 | -0.5
1.299628519356584 | 2 | -0.5
1.3905654863667627 | 2 | -0.5
1.5354398627662316 | 2 | -0.5
1.8353857188452871 | 2 | -0.5
2.394438084444391 | 2 | -0.5
3.387380984469372 | 2 | -0.5
9.789448615641394 | 2 | -0.5
9.702011304729979 | 2 | -0.5
6.920183207407226 | 2 | -0.5
4.187234375891928 | 2 | -0.5
3.1411217557515854 | 2 | -0.5
2.7578344973193967 | 2 | -0.5
2.453520955545824 | 2 | -0.5
2.295184502000703 | 2 | -0.5
2.198158202701245 | 2 | -0.5
2.179673376032708 | 2 | -0.5
2.300904261571696 | 2 | -0.5
2.3920762441507857 | 2 | -0.5
2.720391160011784 | 2 | -0.5
3.4888146635113046 | 2 | -0.5
5.149952734902952 | 2 | -0.5
8.783871055675835 | 2 | -0.5
10.721615674682539 | 2 | -0.5
10.766598005214536 | 2 | -0.5
3.451070447764352 | 2 | -0.5
2.281333935438275 | 2 | -0.5
1.7592088960082863 | 2 | -0.5
1.4595909704072245 | 2 | -0.5
1.3747182576236985 | 2 | -0.5
1.299329280412837 | 2 | -0.5
1.2659019702403964 | 2 | -0.5
1.290847456246656 | 2 | -0.5
1.343485156308565 | 2 | -0.5
1.481250849931125 | 2 | -0.5
1.6731205107935596 | 2 | -0.5
2.085209636597436 | 2 | -0.5
2.7838396032860633 | 2 | -0.5
4.689304759521055 | 2 | -0.5
9.67766777746549 | 2 | -0.5
9.84888201613688 | 2 | -0.5
5.556502986021004 | 2 | -0.5
3.8252111747472934 | 2 | -0.5
3.0530657618626935 | 2 | -0.5
2.629692950161565 | 2 | -0.5
2.354871540079152 | 2 | -0.5
2.217394275354089 | 2 | -0.5
2.1722242604798736 | 2 | -0.5
2.2009662800361163 | 2 | -0.5
2.3467066285662748 | 2 | -0.5
2.5848384215288074 | 2 | -0.5
3.034934218345416 | 2 | -0.5
3.9959745866639698 | 2 | -0.5
6.23242251643372 | 2 | -0.5
10.799831672047409 | 2 | -0.5
10.77312468278971 | 2 | -0.5
3.6097731870037935 | 2 | -0.5
2.215025227518733 | 2 | -0.5
1.9006182798946465 | 2 | -0.5
1.6032167416796932 | 2 | -0.5
1.3646002010784857 | 2 | -0.5
1.2887719952619785 | 2 | -0.5
1.2510127367484987 | 2 | -0.5
1.2649232684529232 | 2 | -0.5
1.313139285095489 | 2 | -0.5
1.3758390958118343 | 2 | -0.5
1.5963171006684476 | 2 | -0.5
1.914465026759033 | 2 | -0.5
2.444840504663795 | 2 | -0.5
3.3742220697717302 | 2 | -0.5
6.142365583936938 | 2 | -0.5
9.667352701132323 | 2 | -0.5
9.329599229801564 | 2 | -0.5
4.865638190613952 | 2 | -0.5
3.360458056050089 | 2 | -0.5
2.8051168111949045 | 2 | -0.5
2.377710256613974 | 2 | -0.5
2.130552014934099 | 2 | -0.5
2.074780792964828 | 2 | -0.5
2.0497698944361855 | 2 | -0.5
2.2092866020548674 | 2 | -0.5
2.391790621952326 | 2 | -0.5
2.7363835419901386 | 2 | -0.5
3.553280299001787 | 2 | -0.5
5.125226407117852 | 2 | -0.5
10.872482950200485 | 2 | -0.5
10.739418146044365 | 2 | -0.5
4.568524127602969 | 2 | -0.5
2.943503303859256 | 2 | -0.5
2.2168766127258204 | 2 | -0.5
1.811677034289528 | 2 | -0.5
1.631501028849938 | 2 | -0.5
1.4400776592428401 | 2 | -0.5
1.3826823083188535 | 2 | -0.5
1.3991550235352712 | 2 | -0.5
1.4440879731704634 | 2 | -0.5
1.5151950488364696 | 2 | -0.5
1.6492060143327043 | 2 | -0.5
2.037760753893141 | 2 | -0.5
2.5881999630139862 | 2 | -0.5
3.6353090983878213 | 2 | -0.5
9.831824673954268 | 2 | -0.5
9.731116772106674 | 2 | -0.5
6.679772610682815 | 2 | -0.5
4.168222639457355 | 2 | -0.5
3.1729162062258145 | 2 | -0.5
2.595585284459927 | 2 | -0.5
2.286438708483932 | 2 | -0.5
2.171909291246801 | 2 | -0.5
2.0522978234208225 | 2 | -0.5
2.0117394327447298 | 2 | -0.5
2.0531338384607865 | 2 | -0.5
2.211176351013363 | 2 | -0.5
2.4617728423465564 | 2 | -0.5
2.999803579098374 | 2 | -0.5
3.8529872472599314 | 2 | -0.5
5.857142117554363 | 2 | -0.5
10.841295151454968 | 2 | -0.5
10.804768574305054 | 2 | -0.5
4.443211818496003 | 2 | -0.5
2.7007636631315246 | 2 | -0.5
2.1054438808636013 | 2 | -0.5
1.7045312315477823 | 2 | -0.5
1.59580430118837 | 2 | -0.5
1.4592027426276637 | 2 | -0.5
1.390140673043774 | 2 | -0.5
1.4280898727621556 | 2 | -0.5
1.4719556905236253 | 2 | -0.5
1.5262177418167528 | 2 | -0.5
1.763590158206701 | 2 | -0.5
2.05566939121148 | 2 | -0.5
2.777800493845551 | 2 | -0.5
3.8517669709180606 | 2 | -0.5
9.706494977384503 | 2 | -0.5
9.712386017396904 | 2 | -0.5
7.973232245924267 | 2 | -0.5
4.620878986433365 | 2 | -0.5
3.3279001742893803 | 2 | -0.5
2.7402175467112397 | 2 | -0.5
2.3750984367360006 | 2 | -0.5
2.160221467159899 | 2 | -0.5
2.1304706153521176 | 2 | -0.5
2.0722083113538776 | 2 | -0.5
2.1166679265670347 | 2 | -0.5
2.2883276936648014 | 2 | -0.5
2.5706462997766173 | 2 | -0.5
2.964780103767235 | 2 | -0.5
3.720059674916622 | 2 | -0.5
5.757965695876009 | 2 | -0.5
10.884033494311455 | 2 | -0.5
10.783158769282622 | 2 | -0.5
5.753890691952652 | 2 | -0.5
Total reward: -500.0
