-1.6, -4.5, 4.0, -2.8, -2.2, -2.6, -4.5, 2.3, 2.3, -1.2, 0.2, 0.0, 1.1, -0.8, -2.3, 5.8, 0.4, 2.2
parameter ends

state | action | reward
[7.62] | 2 | -0.5
3.3962098629388984 | 2 | -0.5
2.5425303554832945 | 2 | -0.5
2.0260020848077667 | 2 | -0.5
1.8030617914892484 | 2 | -0.5
1.720847624527793 | 2 | -0.5
1.6760145849816777 | 2 | -0.5
1.6246365798838134 | 2 | -0.5
1.7306830584658337 | 2 | -0.5
7.421368642522835 | 2 | -0.5
5.59489000790782 | 2 | -0.5
4.614105705536385 | 2 | -0.5
4.09543864775044 | 2 | -0.5
3.8032527904069022 | 2 | -0.5
3.7127895338147914 | 2 | -0.5
3.7165204396048424 | 2 | -0.5
3.8747349520013694 | 2 | -0.5
3.324515552429032 | 2 | -0.5
2.5109549505756084 | 2 | -0.5
2.097861693327884 | 2 | -0.5
1.9018691496916253 | 2 | -0.5
1.8347537737583772 | 2 | -0.5
1.768686031489445 | 2 | -0.5
1.8091443999042633 | 2 | -0.5
1.9175704603671235 | 2 | -0.5
2.026809732160639 | 2 | -0.5
2.2950782564492784 | 2 | -0.5
3.105709444267433 | 2 | -0.5
4.422450932445285 | 2 | -0.5
8.307213634131227 | 2 | -0.5
8.20376803225457 | 2 | -0.5
7.131077207947757 | 2 | -0.5
3.6719844611397656 | 2 | -0.5
2.5684644521328783 | 2 | -0.5
2.04614527362504 | 2 | -0.5
1.852749669950424 | 2 | -0.5
1.7222741411051037 | 2 | -0.5
1.6490534421972036 | 2 | -0.5
1.6493943342744801 | 2 | -0.5
1.7339697198891357 | 2 | -0.5
11.406619317751085 | 2 | -0.5
5.7423417878254925 | 2 | -0.5
4.897819392929528 | 2 | -0.5
4.230987710566307 | 2 | -0.5
3.9532973824753412 | 2 | -0.5
3.802713682111803 | 2 | -0.5
3.7770492304442627 | 2 | -0.5
3.941435440794506 | 2 | -0.5
3.495024417941206 | 2 | -0.5
2.722523596241382 | 2 | -0.5
2.2834995285895388 | 2 | -0.5
1.999032399616234 | 2 | -0.5
1.8896517274240527 | 2 | -0.5
1.7889093345648974 | 2 | -0.5
1.8333937296885252 | 2 | -0.5
1.9128029875615704 | 2 | -0.5
2.1111381835965832 | 2 | -0.5
2.4522492838835284 | 2 | -0.5
2.9778307959725403 | 2 | -0.5
4.005132067775996 | 2 | -0.5
8.260331465094499 | 2 | -0.5
8.041558495725088 | 2 | -0.5
8.157597185033083 | 2 | -0.5
4.057170617632842 | 2 | -0.5
2.8430336996224272 | 2 | -0.5
2.111566790541711 | 2 | -0.5
1.9325141024558739 | 2 | -0.5
1.739561863651689 | 2 | -0.5
1.5974753081569573 | 2 | -0.5
1.5600782184434645 | 2 | -0.5
1.5895723960741102 | 2 | -0.5
1.6359386681416903 | 2 | -0.5
7.767572136257852 | 2 | -0.5
5.927221298272976 | 2 | -0.5
4.842298817025615 | 2 | -0.5
4.178597690663674 | 2 | -0.5
3.929361621413896 | 2 | -0.5
3.78493832996985 | 2 | -0.5
3.8600129786985677 | 2 | -0.5
3.980142275423149 | 2 | -0.5
3.677601582386713 | 2 | -0.5
2.903551212147151 | 2 | -0.5
2.490191357602846 | 2 | -0.5
2.185988537465345 | 2 | -0.5
2.044543510235633 | 2 | -0.5
1.9687842611547948 | 2 | -0.5
1.9023869286861312 | 2 | -0.5
1.9793867267671406 | 2 | -0.5
2.0974394339889963 | 2 | -0.5
2.3463770160450066 | 2 | -0.5
2.755886232120353 | 2 | -0.5
3.702078111005307 | 2 | -0.5
5.064439597408616 | 2 | -0.5
8.154249526376068 | 2 | -0.5
8.087488852225185 | 2 | -0.5
7.419467521291958 | 2 | -0.5
3.816426980972877 | 2 | -0.5
2.727970736693841 | 2 | -0.5
2.1597833947303835 | 2 | -0.5
1.7849871834896318 | 2 | -0.5
1.629012163547551 | 2 | -0.5
1.5433042162041959 | 2 | -0.5
1.5428698547481716 | 2 | -0.5
1.5882001244128698 | 2 | -0.5
1.7108108235727344 | 2 | -0.5
6.287268514872263 | 2 | -0.5
5.302849904094938 | 2 | -0.5
4.523884302948565 | 2 | -0.5
4.138270257534594 | 2 | -0.5
3.915765672838578 | 2 | -0.5
3.909518515548735 | 2 | -0.5
4.027261552140135 | 2 | -0.5
4.258111164253102 | 2 | -0.5
3.1044917883183394 | 2 | -0.5
2.572834187815489 | 2 | -0.5
2.2629150769835693 | 2 | -0.5
2.0744332378560917 | 2 | -0.5
1.9513762304584776 | 2 | -0.5
1.879095790430161 | 2 | -0.5
1.9211744890829243 | 2 | -0.5
2.0163298888389134 | 2 | -0.5
2.223791484589527 | 2 | -0.5
2.504011181078978 | 2 | -0.5
3.137391679013445 | 2 | -0.5
4.614860873705023 | 2 | -0.5
8.187969589648398 | 2 | -0.5
7.985804132460705 | 2 | -0.5
5.3012891293874285 | 2 | -0.5
3.0669754497031323 | 2 | -0.5
2.213323845722157 | 2 | -0.5
1.8417753641588652 | 2 | -0.5
1.6405500211154345 | 2 | -0.5
1.5184060915685618 | 2 | -0.5
1.4820533215689005 | 2 | -0.5
1.5223310448088017 | 2 | -0.5
1.5808476494452743 | 2 | -0.5
6.998742976336075 | 2 | -0.5
5.465446185054336 | 2 | -0.5
4.666549823045485 | 2 | -0.5
4.2673207079536155 | 2 | -0.5
4.012738945026062 | 2 | -0.5
3.9986387309602156 | 2 | -0.5
4.138959300737615 | 2 | -0.5
3.6358943110749316 | 2 | -0.5
3.0996884036431407 | 2 | -0.5
2.533338576816223 | 2 | -0.5
2.1813799956205675 | 2 | -0.5
2.1017107227026663 | 2 | -0.5
1.9453285031547967 | 2 | -0.5
1.8985743244584523 | 2 | -0.5
1.9849031787073024 | 2 | -0.5
2.0094697536855213 | 2 | -0.5
2.226496810617762 | 2 | -0.5
2.6078943801809373 | 2 | -0.5
3.1426889488042176 | 2 | -0.5
4.405681868724643 | 2 | -0.5
8.084385540806538 | 2 | -0.5
7.918052085321897 | 2 | -0.5
5.471690646898405 | 2 | -0.5
3.297014607363485 | 2 | -0.5
2.2970539959526644 | 2 | -0.5
1.7802616127878315 | 2 | -0.5
1.5972632551975854 | 2 | -0.5
1.474875459801485 | 2 | -0.5
1.3928802078248999 | 2 | -0.5
1.4307951898956173 | 2 | -0.5
1.4652644421687315 | 2 | -0.5
7.578301752924531 | 2 | -0.5
5.640694804759961 | 2 | -0.5
4.825341998655033 | 2 | -0.5
4.307283092350842 | 2 | -0.5
4.023328938805387 | 2 | -0.5
3.880829932622998 | 2 | -0.5
3.885743105167184 | 2 | -0.5
4.012385126134667 | 2 | -0.5
4.283643252528819 | 2 | -0.5
3.1588823189117927 | 2 | -0.5
2.592487200875572 | 2 | -0.5
2.365336232842336 | 2 | -0.5
2.165921331254287 | 2 | -0.5
2.078010378844791 | 2 | -0.5
2.0866311064266436 | 2 | -0.5
2.1715586061839063 | 2 | -0.5
2.326618900107355 | 2 | -0.5
2.670934035311102 | 2 | -0.5
3.2059414587463047 | 2 | -0.5
4.130126455006959 | 2 | -0.5
8.465103113919495 | 2 | -0.5
8.140266757159837 | 2 | -0.5
8.138708229761708 | 2 | -0.5
3.6990298470472087 | 2 | -0.5
2.3157134234789454 | 2 | -0.5
1.7958940255893119 | 2 | -0.5
1.4855181061560494 | 2 | -0.5
1.3306226881541652 | 2 | -0.5
1.2475403920882386 | 2 | -0.5
1.2456914346131835 | 2 | -0.5
1.2647368766766676 | 2 | -0.5
1.307962516755023 | 2 | -0.5
6.829894373853783 | 2 | -0.5
5.434101198087818 | 2 | -0.5
4.516852314020499 | 2 | -0.5
4.114225286582953 | 2 | -0.5
3.881925955878211 | 2 | -0.5
3.7543159483482866 | 2 | -0.5
3.7861613632596502 | 2 | -0.5
3.992765332585828 | 2 | -0.5
4.013600398134239 | 2 | -0.5
3.1484104574583083 | 2 | -0.5
2.5950158568121693 | 2 | -0.5
2.333495314319641 | 2 | -0.5
2.1894589592885154 | 2 | -0.5
2.191344219974394 | 2 | -0.5
2.2186103338020606 | 2 | -0.5
2.339213022684918 | 2 | -0.5
2.620437680356056 | 2 | -0.5
3.0937433228422506 | 2 | -0.5
3.99789370864602 | 2 | -0.5
8.569161788396805 | 2 | -0.5
8.182077822588822 | 2 | -0.5
8.159429406717193 | 2 | -0.5
4.1271523268319 | 2 | -0.5
2.6136440414634157 | 2 | -0.5
1.934233251739291 | 2 | -0.5
1.6265333750236541 | 2 | -0.5
1.4099752403992902 | 2 | -0.5
1.2984766766384266 | 2 | -0.5
1.234210762349937 | 2 | -0.5
1.2699780879080889 | 2 | -0.5
1.2871222413384744 | 2 | -0.5
1.4065263550454636 | 2 | -0.5
6.0541681761514425 | 2 | -0.5
4.826926513401737 | 2 | -0.5
4.2116228884915685 | 2 | -0.5
3.850466435794305 | 2 | -0.5
3.7355528420770163 | 2 | -0.5
3.780905783982696 | 2 | -0.5
3.9540706042793587 | 2 | -0.5
3.7471927407619026 | 2 | -0.5
2.890431286463199 | 2 | -0.5
2.613708424050729 | 2 | -0.5
2.244323167159908 | 2 | -0.5
2.1595707810919134 | 2 | -0.5
2.0870505430832176 | 2 | -0.5
2.1097848534611097 | 2 | -0.5
2.247113492667379 | 2 | -0.5
2.5124395948696607 | 2 | -0.5
2.8825961259198296 | 2 | -0.5
3.5622307752397075 | 2 | -0.5
4.871427310329186 | 2 | -0.5
8.429974253142461 | 2 | -0.5
8.174357415099756 | 2 | -0.5
6.240152741228908 | 2 | -0.5
3.4000509469697575 | 2 | -0.5
2.302038457303839 | 2 | -0.5
1.8354995206584035 | 2 | -0.5
1.5362145796231397 | 2 | -0.5
1.4341060235716783 | 2 | -0.5
1.3106432012944556 | 2 | -0.5
1.2742940033444186 | 2 | -0.5
1.289169426432866 | 2 | -0.5
1.3334513492005684 | 2 | -0.5
7.494000408873225 | 2 | -0.5
5.484635857231068 | 2 | -0.5
4.525786670253871 | 2 | -0.5
3.9836080933145634 | 2 | -0.5
3.7735689142587767 | 2 | -0.5
3.6003043253929587 | 2 | -0.5
3.6057557006901564 | 2 | -0.5
3.7012635632463455 | 2 | -0.5
4.104712589655352 | 2 | -0.5
3.077985723064513 | 2 | -0.5
2.600284180832768 | 2 | -0.5
2.268263030283116 | 2 | -0.5
2.1486562031247414 | 2 | -0.5
2.0516271447009897 | 2 | -0.5
2.0736028750966793 | 2 | -0.5
2.115339160400987 | 2 | -0.5
2.335159916504388 | 2 | -0.5
2.6681199574434853 | 2 | -0.5
3.123892213905417 | 2 | -0.5
4.263858647804628 | 2 | -0.5
8.610184209325835 | 2 | -0.5
8.350697511740302 | 2 | -0.5
8.324380371248436 | 2 | -0.5
4.480862645329977 | 2 | -0.5
2.7402306122031694 | 2 | -0.5
2.0193141599306847 | 2 | -0.5
1.7419525645470784 | 2 | -0.5
1.4818695359655967 | 2 | -0.5
1.3390962132318112 | 2 | -0.5
1.2759410244794624 | 2 | -0.5
1.2991626055246295 | 2 | -0.5
10.22559399817283 | 2 | -0.5
6.927821758270337 | 2 | -0.5
5.431295328577054 | 2 | -0.5
4.315471500992562 | 2 | -0.5
3.8984351378650177 | 2 | -0.5
3.659391861016826 | 2 | -0.5
3.606892955006113 | 0 | 5.0
3.5536175655782465 | 0 | 5.0
3.6192245021169605 | 0 | -200.0
Total reward: -339.5
