1.0, -2.7, 3.4, -0.3, 0.5, -1.2, 5.5, 0.5, 4.1
parameter ends

state | action | reward
[-0.52] | 0 | -1.0
-0.5229169130325317 | 0 | -1.0
-0.524934709072113 | 0 | -1.0
-0.5279425382614136 | 0 | -1.0
-0.5319177508354187 | 0 | -1.0
-0.5368306040763855 | 0 | -1.0
-0.542644202709198 | 0 | -1.0
-0.5493150949478149 | 0 | -1.0
-0.5567932724952698 | 0 | -1.0
-0.565022885799408 | 0 | -1.0
-0.5739426612854004 | 0 | -1.0
-0.5834862589836121 | 0 | -1.0
-0.5935831069946289 | 0 | -1.0
-0.6041589379310608 | 0 | -1.0
-0.615136444568634 | 0 | -1.0
-0.6264359951019287 | 0 | -1.0
-0.6379764676094055 | 0 | -1.0
-0.6496758460998535 | 0 | -1.0
-0.6614519953727722 | 0 | -1.0
-0.6732234954833984 | 0 | -1.0
-0.6849101185798645 | 0 | -1.0
-0.6964335441589355 | 0 | -1.0
-0.707718014717102 | 0 | -1.0
-0.7186907529830933 | 0 | -1.0
-0.7292824387550354 | 0 | -1.0
-0.7394275665283203 | 0 | -1.0
-0.7490646839141846 | 0 | -1.0
-0.7581368684768677 | 0 | -1.0
-0.7665916085243225 | 0 | -1.0
-0.7743810415267944 | 0 | -1.0
-0.7814621329307556 | 0 | -1.0
-0.7877963781356812 | 0 | -1.0
-0.7933502793312073 | 0 | -1.0
-0.7980946898460388 | 0 | -1.0
-0.8020052909851074 | 0 | -1.0
-0.8050623536109924 | 0 | -1.0
-0.807250440120697 | 0 | -1.0
-0.8085587620735168 | 0 | -1.0
-0.8089808225631714 | 0 | -1.0
-0.8085146546363831 | 0 | -1.0
-0.8071624040603638 | 0 | -1.0
-0.8049308061599731 | 0 | -1.0
-0.8018310070037842 | 0 | -1.0
-0.7978784441947937 | 0 | -1.0
-0.793093204498291 | 0 | -1.0
-0.7874998450279236 | 0 | -1.0
-0.7811275720596313 | 0 | -1.0
-0.7740103602409363 | 0 | -1.0
-0.7661868333816528 | 0 | -1.0
-0.7577002048492432 | 0 | -1.0
-0.7485986948013306 | 0 | -1.0
-0.7389349341392517 | 0 | -1.0
-0.7287662029266357 | 0 | -1.0
-0.7181540131568909 | 0 | -1.0
-0.7071640491485596 | 0 | -1.0
-0.6958659887313843 | 0 | -1.0
-0.6843326091766357 | 0 | -1.0
-0.6726399064064026 | 0 | -1.0
-0.6608662605285645 | 0 | -1.0
-0.6490920186042786 | 0 | -1.0
-0.6373986005783081 | 0 | -1.0
-0.6258682012557983 | 0 | -1.0
-0.6145827174186707 | 0 | -1.0
-0.6036233305931091 | 0 | -1.0
-0.5930694937705994 | 0 | -1.0
-0.5829983949661255 | 0 | -1.0
-0.5734841227531433 | 0 | -1.0
-0.5645971298217773 | 0 | -1.0
-0.5564034581184387 | 0 | -1.0
-0.5489640831947327 | 0 | -1.0
-0.5423347353935242 | 0 | -1.0
-0.5365648865699768 | 0 | -1.0
-0.5316978096961975 | 0 | -1.0
-0.5277699828147888 | 0 | -1.0
-0.5248109102249146 | 0 | -1.0
-0.5228427648544312 | 0 | -1.0
-0.5218802094459534 | 0 | -1.0
-0.5219306349754333 | 0 | -1.0
-0.5229935050010681 | 0 | -1.0
-0.5250609517097473 | 0 | -1.0
-0.5281174182891846 | 0 | -1.0
-0.5321400165557861 | 0 | -1.0
-0.5370985269546509 | 0 | -1.0
-0.5429558157920837 | 0 | -1.0
-0.54966801404953 | 0 | -1.0
-0.5571849346160889 | 0 | -1.0
-0.5654503703117371 | 0 | -1.0
-0.5744026899337769 | 0 | -1.0
-0.5839754939079285 | 0 | -1.0
-0.5940979719161987 | 0 | -1.0
-0.6046956181526184 | 0 | -1.0
-0.6156910061836243 | 0 | -1.0
-0.6270044445991516 | 0 | -1.0
-0.6385547518730164 | 0 | -1.0
-0.6502598524093628 | 0 | -1.0
-0.6620376706123352 | 0 | -1.0
-0.6738068461418152 | 0 | -1.0
-0.6854871511459351 | 0 | -1.0
-0.6970005035400391 | 0 | -1.0
-0.7082712054252625 | 0 | -1.0
-0.719226598739624 | 0 | -1.0
-0.7297976016998291 | 0 | -1.0
-0.7399188876152039 | 0 | -1.0
-0.749529242515564 | 0 | -1.0
-0.758571982383728 | 0 | -1.0
-0.7669947147369385 | 0 | -1.0
-0.7747499346733093 | 0 | -1.0
-0.7817947864532471 | 0 | -1.0
-0.7880910634994507 | 0 | -1.0
-0.7936053276062012 | 0 | -1.0
-0.7983088493347168 | 0 | -1.0
-0.8021774888038635 | 0 | -1.0
-0.805191695690155 | 0 | -1.0
-0.8073362708091736 | 0 | -1.0
-0.808600664138794 | 0 | -1.0
-0.8089786767959595 | 0 | -1.0
-0.8084683418273926 | 0 | -1.0
-0.8070722222328186 | 0 | -1.0
-0.8047971725463867 | 0 | -1.0
-0.801654577255249 | 0 | -1.0
-0.7976601719856262 | 0 | -1.0
-0.7928341031074524 | 0 | -1.0
-0.7872013449668884 | 0 | -1.0
-0.7807912230491638 | 0 | -1.0
-0.7736379504203796 | 0 | -1.0
-0.7657803893089294 | 0 | -1.0
-0.757262110710144 | 0 | -1.0
-0.7481313347816467 | 0 | -1.0
-0.7384411096572876 | 0 | -1.0
-0.7282488346099854 | 0 | -1.0
-0.7176162600517273 | 0 | -1.0
-0.7066093683242798 | 0 | -1.0
-0.6952978372573853 | 0 | -1.0
-0.6837547421455383 | 0 | -1.0
-0.6720561385154724 | 0 | -1.0
-0.6602805852890015 | 0 | -1.0
-0.6485083699226379 | 0 | -1.0
-0.6368211507797241 | 0 | -1.0
-0.625300943851471 | 0 | -1.0
-0.6140298247337341 | 0 | -1.0
-0.6030886769294739 | 0 | -1.0
-0.5925570130348206 | 0 | -1.0
-0.5825119018554688 | 0 | -1.0
-0.5730271935462952 | 0 | -1.0
-0.5641731023788452 | 0 | -1.0
-0.5560154914855957 | 0 | -1.0
-0.5486151576042175 | 0 | -1.0
-0.5420273542404175 | 0 | -1.0
-0.5363013744354248 | 0 | -1.0
-0.5314801931381226 | 0 | -1.0
-0.5275998711585999 | 0 | -1.0
-0.5246895551681519 | 0 | -1.0
-0.5227710604667664 | 0 | -1.0
-0.521858811378479 | 0 | -1.0
-0.5219595432281494 | 0 | -1.0
-0.5230726003646851 | 0 | -1.0
-0.5251896381378174 | 0 | -1.0
-0.5282946825027466 | 0 | -1.0
-0.532364547252655 | 0 | -1.0
-0.5373687148094177 | 0 | -1.0
-0.5432695746421814 | 0 | -1.0
-0.5500230193138123 | 0 | -1.0
-0.557578444480896 | 0 | -1.0
-0.5658795237541199 | 0 | -1.0
-0.5748642683029175 | 0 | -1.0
-0.5844660997390747 | 0 | -1.0
-0.5946139693260193 | 0 | -1.0
-0.6052331924438477 | 0 | -1.0
-0.6162462830543518 | 0 | -1.0
-0.6275734305381775 | 0 | -1.0
-0.6391333937644958 | 0 | -1.0
-0.6508440375328064 | 0 | -1.0
-0.6626233458518982 | 0 | -1.0
-0.6743899583816528 | 0 | -1.0
-0.686063826084137 | 0 | -1.0
-0.6975668668746948 | 0 | -1.0
-0.7088236212730408 | 0 | -1.0
-0.7197615504264832 | 0 | -1.0
-0.7303116917610168 | 0 | -1.0
-0.7404089570045471 | 0 | -1.0
-0.7499924302101135 | 0 | -1.0
-0.7590055465698242 | 0 | -1.0
-0.7673962116241455 | 0 | -1.0
-0.7751170992851257 | 0 | -1.0
-0.7821255922317505 | 0 | -1.0
-0.7883837819099426 | 0 | -1.0
-0.7938584089279175 | 0 | -1.0
-0.7985209822654724 | 0 | -1.0
-0.8023476004600525 | 0 | -1.0
-0.8053188920021057 | 0 | -1.0
-0.8074199557304382 | 0 | -1.0
-0.8086404204368591 | 0 | -1.0
-0.8089742660522461 | 0 | -1.0
-0.8084198236465454 | 0 | -1.0
-0.8069798350334167 | 0 | -1.0
-0.8046613931655884 | 0 | -1.0
-0.8014760613441467 | 0 | -1.0
-0.7974398136138916 | 0 | -1.0
-0.7925730347633362 | 0 | -1.0
-0.7869008779525757 | 0 | -1.0
[-0.43] | 0 | -1.0
-0.4350385367870331 | 0 | -1.0
-0.4383634328842163 | 0 | -1.0
-0.4433206617832184 | 0 | -1.0
-0.4498741626739502 | 0 | -1.0
-0.4579761028289795 | 0 | -1.0
-0.4675670266151428 | 0 | -1.0
-0.4785762131214142 | 0 | -1.0
-0.49092206358909607 | 0 | -1.0
-0.5045126080513 | 0 | -1.0
-0.5192461609840393 | 0 | -1.0
-0.535012423992157 | 0 | -1.0
-0.5516930818557739 | 0 | -1.0
-0.5691632628440857 | 0 | -1.0
-0.5872927904129028 | 0 | -1.0
-0.6059474945068359 | 0 | -1.0
-0.6249908804893494 | 0 | -1.0
-0.6442854404449463 | 0 | -1.0
-0.6636945605278015 | 0 | -1.0
-0.6830835938453674 | 0 | -1.0
-0.7023215889930725 | 0 | -1.0
-0.7212825417518616 | 0 | -1.0
-0.7398461699485779 | 0 | -1.0
-0.7578994035720825 | 0 | -1.0
-0.775336503982544 | 0 | -1.0
-0.7920600175857544 | 0 | -1.0
-0.8079807758331299 | 0 | -1.0
-0.8230181932449341 | 0 | -1.0
-0.8370999693870544 | 0 | -1.0
-0.8501620888710022 | 0 | -1.0
-0.8621484637260437 | 0 | -1.0
-0.8730102181434631 | 0 | -1.0
-0.8827056288719177 | 0 | -1.0
-0.8911992907524109 | 0 | -1.0
-0.8984618186950684 | 0 | -1.0
-0.9044690728187561 | 0 | -1.0
-0.9092020392417908 | 0 | -1.0
-0.9126462340354919 | 0 | -1.0
-0.9147912859916687 | 0 | -1.0
-0.9156309962272644 | 0 | -1.0
-0.915162980556488 | 0 | -1.0
-0.9133884906768799 | 0 | -1.0
-0.9103127717971802 | 0 | -1.0
-0.9059448838233948 | 0 | -1.0
-0.9002981185913086 | 0 | -1.0
-0.8933901786804199 | 0 | -1.0
-0.8852437734603882 | 0 | -1.0
-0.8758866190910339 | 0 | -1.0
-0.8653524518013 | 0 | -1.0
-0.8536811470985413 | 0 | -1.0
-0.8409194350242615 | 0 | -1.0
-0.8271213173866272 | 0 | -1.0
-0.8123486042022705 | 0 | -1.0
-0.7966711521148682 | 0 | -1.0
-0.7801671028137207 | 0 | -1.0
-0.7629233002662659 | 0 | -1.0
-0.7450348138809204 | 0 | -1.0
-0.7266050577163696 | 0 | -1.0
-0.7077451348304749 | 0 | -1.0
-0.6885733008384705 | 0 | -1.0
-0.6692140698432922 | 0 | -1.0
-0.6497971415519714 | 0 | -1.0
-0.6304561495780945 | 0 | -1.0
-0.6113273501396179 | 0 | -1.0
-0.5925481915473938 | 0 | -1.0
-0.574255645275116 | 0 | -1.0
-0.5565845370292664 | 0 | -1.0
-0.539666473865509 | 0 | -1.0
-0.5236279964447021 | 0 | -1.0
-0.5085892677307129 | 0 | -1.0
-0.4946630597114563 | 0 | -1.0
-0.48195359110832214 | 0 | -1.0
-0.4705556631088257 | 0 | -1.0
-0.4605538845062256 | 0 | -1.0
-0.45202213525772095 | 0 | -1.0
-0.4450230896472931 | 0 | -1.0
-0.4396078884601593 | 0 | -1.0
-0.4358160197734833 | 0 | -1.0
-0.4336749017238617 | 0 | -1.0
-0.43320009112358093 | 0 | -1.0
-0.4343949854373932 | 0 | -1.0
-0.43725094199180603 | 0 | -1.0
-0.4417472779750824 | 0 | -1.0
-0.44785135984420776 | 0 | -1.0
-0.4555186927318573 | 0 | -1.0
-0.4646930694580078 | 0 | -1.0
-0.4753069281578064 | 0 | -1.0
-0.4872817099094391 | 0 | -1.0
-0.5005283355712891 | 0 | -1.0
-0.5149478912353516 | 0 | -1.0
-0.5304322838783264 | 0 | -1.0
-0.5468654036521912 | 0 | -1.0
-0.5641242265701294 | 0 | -1.0
-0.5820798277854919 | 0 | -1.0
-0.6005990505218506 | 0 | -1.0
-0.6195458769798279 | 0 | -1.0
-0.6387830376625061 | 0 | -1.0
-0.6581733822822571 | 0 | -1.0
-0.6775816679000854 | 0 | -1.0
-0.6968756318092346 | 0 | -1.0
-0.7159278392791748 | 0 | -1.0
-0.7346162796020508 | 0 | -1.0
-0.7528256773948669 | 0 | -1.0
-0.7704482078552246 | 0 | -1.0
-0.7873839735984802 | 0 | -1.0
-0.8035415410995483 | 0 | -1.0
-0.8188377618789673 | 0 | -1.0
-0.833198070526123 | 0 | -1.0
-0.8465560674667358 | 0 | -1.0
-0.8588535189628601 | 0 | -1.0
-0.8700395226478577 | 0 | -1.0
-0.8800703287124634 | 0 | -1.0
-0.888908863067627 | 0 | -1.0
-0.8965240716934204 | 0 | -1.0
-0.9028903245925903 | 0 | -1.0
-0.9079871773719788 | 0 | -1.0
-0.9117989540100098 | 0 | -1.0
-0.9143140912055969 | 0 | -1.0
-0.9155253171920776 | 0 | -1.0
-0.9154290556907654 | 0 | -1.0
-0.914025604724884 | 0 | -1.0
-0.9113190174102783 | 0 | -1.0
-0.9073172807693481 | 0 | -1.0
-0.9020324349403381 | 0 | -1.0
-0.8954809904098511 | 0 | -1.0
-0.8876839876174927 | 0 | -1.0
-0.8786678910255432 | 0 | -1.0
-0.8684645295143127 | 0 | -1.0
-0.8571119904518127 | 0 | -1.0
-0.8446550965309143 | 0 | -1.0
-0.831145703792572 | 0 | -1.0
-0.8166432976722717 | 0 | -1.0
-0.801215410232544 | 0 | -1.0
-0.784937858581543 | 0 | -1.0
-0.7678950428962708 | 0 | -1.0
-0.750179648399353 | 0 | -1.0
-0.7318928241729736 | 0 | -1.0
-0.7131434082984924 | 0 | -1.0
-0.6940478682518005 | 0 | -1.0
-0.6747289299964905 | 0 | -1.0
-0.6553149223327637 | 0 | -1.0
-0.6359385251998901 | 0 | -1.0
-0.6167355179786682 | 0 | -1.0
-0.5978429913520813 | 0 | -1.0
-0.5793982148170471 | 0 | -1.0
-0.5615369081497192 | 0 | -1.0
-0.5443916916847229 | 0 | -1.0
-0.5280906558036804 | 0 | -1.0
-0.5127558708190918 | 0 | -1.0
-0.4985024333000183 | 0 | -1.0
-0.4854370057582855 | 0 | -1.0
-0.47365719079971313 | 0 | -1.0
-0.4632505476474762 | 0 | -1.0
-0.45429402589797974 | 0 | -1.0
-0.4468535780906677 | 0 | -1.0
-0.4409836232662201 | 0 | -1.0
-0.43672695755958557 | 0 | -1.0
-0.4341144859790802 | 0 | -1.0
-0.43316513299942017 | 0 | -1.0
-0.43388572335243225 | 0 | -1.0
-0.436271071434021 | 0 | -1.0
-0.4403039216995239 | 0 | -1.0
-0.44595497846603394 | 0 | -1.0
-0.4531831443309784 | 0 | -1.0
-0.46193549036979675 | 0 | -1.0
-0.472147673368454 | 0 | -1.0
-0.48374420404434204 | 0 | -1.0
-0.4966389536857605 | 0 | -1.0
-0.5107356309890747 | 0 | -1.0
-0.525928795337677 | 0 | -1.0
-0.5421045422554016 | 0 | -1.0
-0.5591414570808411 | 0 | -1.0
-0.5769124031066895 | 0 | -1.0
-0.5952851176261902 | 0 | -1.0
-0.6141243577003479 | 0 | -1.0
-0.6332929730415344 | 0 | -1.0
-0.652653694152832 | 0 | -1.0
-0.6720704436302185 | 0 | -1.0
-0.6914101243019104 | 0 | -1.0
-0.710543692111969 | 0 | -1.0
-0.7293475866317749 | 0 | -1.0
-0.7477044463157654 | 0 | -1.0
-0.7655043005943298 | 0 | -1.0
-0.782645046710968 | 0 | -1.0
-0.7990326285362244 | 0 | -1.0
-0.8145816326141357 | 0 | -1.0
-0.8292151093482971 | 0 | -1.0
-0.8428643345832825 | 0 | -1.0
-0.85546875 | 0 | -1.0
-0.8669754266738892 | 0 | -1.0
-0.877338707447052 | 0 | -1.0
-0.8865196108818054 | 0 | -1.0
-0.894485354423523 | 0 | -1.0
-0.9012088775634766 | 0 | -1.0
-0.9066684246063232 | 0 | -1.0
-0.9108468294143677 | 0 | -1.0
-0.9137315154075623 | 0 | -1.0
-0.9153139591217041 | 0 | -1.0
-0.9155895113945007 | 0 | -1.0
-0.9145573973655701 | 0 | -1.0
[-0.58] | 0 | -1.0
-0.5847777724266052 | 0 | -1.0
-0.585869312286377 | 0 | -1.0
-0.5874964594841003 | 0 | -1.0
-0.5896473526954651 | 0 | -1.0
-0.5923060774803162 | 0 | -1.0
-0.5954532027244568 | 0 | -1.0
-0.5990655422210693 | 0 | -1.0
-0.6031166911125183 | 0 | -1.0
-0.6075770854949951 | 0 | -1.0
-0.6124143004417419 | 0 | -1.0
-0.6175932884216309 | 0 | -1.0
-0.6230766177177429 | 0 | -1.0
-0.6288248300552368 | 0 | -1.0
-0.6347969174385071 | 0 | -1.0
-0.6409504413604736 | 0 | -1.0
-0.6472418308258057 | 0 | -1.0
-0.6536270976066589 | 0 | -1.0
-0.6600615978240967 | 0 | -1.0
-0.6665010452270508 | 0 | -1.0
-0.6729012727737427 | 0 | -1.0
-0.6792187690734863 | 0 | -1.0
-0.6854110360145569 | 0 | -1.0
-0.6914368271827698 | 0 | -1.0
-0.697256326675415 | 0 | -1.0
-0.7028315663337708 | 0 | -1.0
-0.7081263661384583 | 0 | -1.0
-0.7131068706512451 | 0 | -1.0
-0.7177413702011108 | 0 | -1.0
-0.7220007181167603 | 0 | -1.0
-0.7258583903312683 | 0 | -1.0
-0.7292904853820801 | 0 | -1.0
-0.7322759628295898 | 0 | -1.0
-0.7347966432571411 | 0 | -1.0
-0.7368371486663818 | 0 | -1.0
-0.7383852601051331 | 0 | -1.0
-0.7394316792488098 | 0 | -1.0
-0.7399700880050659 | 0 | -1.0
-0.7399972677230835 | 0 | -1.0
-0.7395131587982178 | 0 | -1.0
-0.7385205030441284 | 0 | -1.0
-0.7370253801345825 | 0 | -1.0
-0.7350366711616516 | 0 | -1.0
-0.7325664162635803 | 0 | -1.0
-0.7296295762062073 | 0 | -1.0
-0.7262439727783203 | 0 | -1.0
-0.7224304676055908 | 0 | -1.0
-0.7182126045227051 | 0 | -1.0
-0.713616669178009 | 0 | -1.0
-0.708671510219574 | 0 | -1.0
-0.7034085988998413 | 0 | -1.0
-0.6978614926338196 | 0 | -1.0
-0.6920661926269531 | 0 | -1.0
-0.6860604286193848 | 0 | -1.0
-0.6798839569091797 | 0 | -1.0
-0.6735777854919434 | 0 | -1.0
-0.6671842932701111 | 0 | -1.0
-0.6607469916343689 | 0 | -1.0
-0.6543098092079163 | 0 | -1.0
-0.6479172110557556 | 0 | -1.0
-0.6416137218475342 | 0 | -1.0
-0.6354434490203857 | 0 | -1.0
-0.6294500231742859 | 0 | -1.0
-0.6236760020256042 | 0 | -1.0
-0.6181626319885254 | 0 | -1.0
-0.6129494905471802 | 0 | -1.0
-0.6080741882324219 | 0 | -1.0
-0.6035721302032471 | 0 | -1.0
-0.5994759798049927 | 0 | -1.0
-0.5958156585693359 | 0 | -1.0
-0.592617928981781 | 0 | -1.0
-0.5899062752723694 | 0 | -1.0
-0.5877005457878113 | 0 | -1.0
-0.5860170722007751 | 0 | -1.0
-0.5848681330680847 | 0 | -1.0
-0.5842622518539429 | 0 | -1.0
-0.5842039585113525 | 0 | -1.0
-0.5846936106681824 | 0 | -1.0
-0.5857275724411011 | 0 | -1.0
-0.5872982740402222 | 0 | -1.0
-0.5893941521644592 | 0 | -1.0
-0.5919997692108154 | 0 | -1.0
-0.5950959920883179 | 0 | -1.0
-0.5986600518226624 | 0 | -1.0
-0.602665901184082 | 0 | -1.0
-0.6070842742919922 | 0 | -1.0
-0.6118830442428589 | 0 | -1.0
-0.6170274019241333 | 0 | -1.0
-0.6224801540374756 | 0 | -1.0
-0.6282021999359131 | 0 | -1.0
-0.6341524720191956 | 0 | -1.0
-0.6402887105941772 | 0 | -1.0
-0.6465675830841064 | 0 | -1.0
-0.6529449224472046 | 0 | -1.0
-0.659376323223114 | 0 | -1.0
-0.665817379951477 | 0 | -1.0
-0.6722238063812256 | 0 | -1.0
-0.6785521507263184 | 0 | -1.0
-0.6847597360610962 | 0 | -1.0
-0.6908051371574402 | 0 | -1.0
-0.6966484189033508 | 0 | -1.0
-0.7022513747215271 | 0 | -1.0
-0.7075777053833008 | 0 | -1.0
-0.712593138217926 | 0 | -1.0
-0.7172658443450928 | 0 | -1.0
-0.7215664386749268 | 0 | -1.0
-0.7254679799079895 | 0 | -1.0
-0.7289463877677917 | 0 | -1.0
-0.7319802641868591 | 0 | -1.0
-0.7345511317253113 | 0 | -1.0
-0.736643373966217 | 0 | -1.0
-0.738244354724884 | 0 | -1.0
-0.7393444180488586 | 0 | -1.0
-0.7399370670318604 | 0 | -1.0
-0.7400187253952026 | 0 | -1.0
-0.7395888566970825 | 0 | -1.0
-0.7386500835418701 | 0 | -1.0
-0.7372080087661743 | 0 | -1.0
-0.7352712750434875 | 0 | -1.0
-0.7328515648841858 | 0 | -1.0
-0.7299635410308838 | 0 | -1.0
-0.7266247272491455 | 0 | -1.0
-0.7228556871414185 | 0 | -1.0
-0.7186796069145203 | 0 | -1.0
-0.7141225337982178 | 0 | -1.0
-0.7092130780220032 | 0 | -1.0
-0.7039823532104492 | 0 | -1.0
-0.6984638571739197 | 0 | -1.0
-0.6926931738853455 | 0 | -1.0
-0.6867079734802246 | 0 | -1.0
-0.6805476546287537 | 0 | -1.0
-0.6742532849311829 | 0 | -1.0
-0.6678670644760132 | 0 | -1.0
-0.6614323258399963 | 0 | -1.0
-0.6549929976463318 | 0 | -1.0
-0.648593544960022 | 0 | -1.0
-0.6422784924507141 | 0 | -1.0
-0.6360920071601868 | 0 | -1.0
-0.6300777196884155 | 0 | -1.0
-0.6242783665657043 | 0 | -1.0
-0.6187353134155273 | 0 | -1.0
-0.6134884357452393 | 0 | -1.0
-0.6085755228996277 | 0 | -1.0
-0.6040321588516235 | 0 | -1.0
-0.5998913645744324 | 0 | -1.0
-0.5961833596229553 | 0 | -1.0
-0.5929352641105652 | 0 | -1.0
-0.5901709198951721 | 0 | -1.0
-0.587910532951355 | 0 | -1.0
-0.5861708521842957 | 0 | -1.0
-0.5849646329879761 | 0 | -1.0
-0.5843007564544678 | 0 | -1.0
-0.5841841101646423 | 0 | -1.0
-0.5846155881881714 | 0 | -1.0
-0.5855919718742371 | 0 | -1.0
-0.5871060490608215 | 0 | -1.0
-0.5891467928886414 | 0 | -1.0
-0.5916990041732788 | 0 | -1.0
-0.5947440266609192 | 0 | -1.0
-0.5982595086097717 | 0 | -1.0
-0.6022197604179382 | 0 | -1.0
-0.6065957546234131 | 0 | -1.0
-0.6113556623458862 | 0 | -1.0
-0.6164650321006775 | 0 | -1.0
-0.6218867897987366 | 0 | -1.0
-0.6275821328163147 | 0 | -1.0
-0.6335101127624512 | 0 | -1.0
-0.6396286487579346 | 0 | -1.0
-0.6458944082260132 | 0 | -1.0
-0.6522634029388428 | 0 | -1.0
-0.6586911678314209 | 0 | -1.0
-0.6651332974433899 | 0 | -1.0
-0.6715455055236816 | 0 | -1.0
-0.6778841614723206 | 0 | -1.0
-0.6841065883636475 | 0 | -1.0
-0.6901711821556091 | 0 | -1.0
-0.6960378289222717 | 0 | -1.0
-0.7016680836677551 | 0 | -1.0
-0.7070254683494568 | 0 | -1.0
-0.7120755314826965 | 0 | -1.0
-0.7167861461639404 | 0 | -1.0
-0.7211275696754456 | 0 | -1.0
-0.7250728011131287 | 0 | -1.0
-0.7285972833633423 | 0 | -1.0
-0.7316793203353882 | 0 | -1.0
-0.7343002557754517 | 0 | -1.0
-0.7364439964294434 | 0 | -1.0
-0.7380977272987366 | 0 | -1.0
-0.7392514944076538 | 0 | -1.0
-0.7398983240127563 | 0 | -1.0
-0.7400343418121338 | 0 | -1.0
-0.7396588325500488 | 0 | -1.0
-0.7387739419937134 | 0 | -1.0
-0.7373850345611572 | 0 | -1.0
-0.7355003952980042 | 0 | -1.0
-0.7331314086914062 | 0 | -1.0
-0.7302923798561096 | 0 | -1.0
-0.7270006537437439 | 0 | -1.0
-0.7232762575149536 | 0 | -1.0
-0.7191423177719116 | 0 | -1.0
[-0.43] | 0 | -1.0
-0.4303763508796692 | 0 | -1.0
-0.43376877903938293 | 0 | -1.0
-0.4388268291950226 | 0 | -1.0
-0.4455138146877289 | 0 | -1.0
-0.4537811279296875 | 0 | -1.0
-0.46356824040412903 | 0 | -1.0
-0.4748031497001648 | 0 | -1.0
-0.48740270733833313 | 0 | -1.0
-0.5012732148170471 | 0 | -1.0
-0.5163110494613647 | 0 | -1.0
-0.5324035286903381 | 0 | -1.0
-0.5494299530982971 | 0 | -1.0
-0.5672628879547119 | 0 | -1.0
-0.5857692360877991 | 0 | -1.0
-0.6048120260238647 | 0 | -1.0
-0.6242517232894897 | 0 | -1.0
-0.6439478993415833 | 0 | -1.0
-0.6637610197067261 | 0 | -1.0
-0.6835535764694214 | 0 | -1.0
-0.7031919956207275 | 0 | -1.0
-0.722547709941864 | 0 | -1.0
-0.7414982914924622 | 0 | -1.0
-0.7599285840988159 | 0 | -1.0
-0.77773118019104 | 0 | -1.0
-0.7948071956634521 | 0 | -1.0
-0.811066210269928 | 0 | -1.0
-0.8264266848564148 | 0 | -1.0
-0.8408157825469971 | 0 | -1.0
-0.8541688919067383 | 0 | -1.0
-0.8664296269416809 | 0 | -1.0
-0.8775490522384644 | 0 | -1.0
-0.8874853253364563 | 0 | -1.0
-0.8962031602859497 | 0 | -1.0
-0.9036730527877808 | 0 | -1.0
-0.9098711609840393 | 0 | -1.0
-0.914778470993042 | 0 | -1.0
-0.9183804392814636 | 0 | -1.0
-0.9206668138504028 | 0 | -1.0
-0.9216310977935791 | 0 | -1.0
-0.9212706685066223 | 0 | -1.0
-0.9195865392684937 | 0 | -1.0
-0.9165834188461304 | 0 | -1.0
-0.9122697710990906 | 0 | -1.0
-0.9066581130027771 | 0 | -1.0
-0.8997654318809509 | 0 | -1.0
-0.8916133046150208 | 0 | -1.0
-0.8822285532951355 | 0 | -1.0
-0.8716438412666321 | 0 | -1.0
-0.8598978519439697 | 0 | -1.0
-0.8470362424850464 | 0 | -1.0
-0.8331120014190674 | 0 | -1.0
-0.8181859254837036 | 0 | -1.0
-0.8023269772529602 | 0 | -1.0
-0.7856128215789795 | 0 | -1.0
-0.7681297659873962 | 0 | -1.0
-0.7499728202819824 | 0 | -1.0
-0.7312456369400024 | 0 | -1.0
-0.7120599150657654 | 0 | -1.0
-0.6925348043441772 | 0 | -1.0
-0.6727961897850037 | 0 | -1.0
-0.6529756188392639 | 0 | -1.0
-0.6332089304924011 | 0 | -1.0
-0.6136348247528076 | 0 | -1.0
-0.5943936705589294 | 0 | -1.0
-0.5756255388259888 | 0 | -1.0
-0.557468831539154 | 0 | -1.0
-0.5400584936141968 | 0 | -1.0
-0.5235247611999512 | 0 | -1.0
-0.5079915523529053 | 0 | -1.0
-0.49357539415359497 | 0 | -1.0
-0.48038411140441895 | 0 | -1.0
-0.4685160219669342 | 0 | -1.0
-0.458059161901474 | 0 | -1.0
-0.4490906894207001 | 0 | -1.0
-0.44167640805244446 | 0 | -1.0
-0.43587034940719604 | 0 | -1.0
-0.4317147135734558 | 0 | -1.0
-0.4292394816875458 | 0 | -1.0
-0.42846256494522095 | 0 | -1.0
-0.42938950657844543 | 0 | -1.0
-0.4320136308670044 | 0 | -1.0
-0.4363160729408264 | 0 | -1.0
-0.44226565957069397 | 0 | -1.0
-0.4498192071914673 | 0 | -1.0
-0.4589215815067291 | 0 | -1.0
-0.46950602531433105 | 0 | -1.0
-0.48149436712265015 | 0 | -1.0
-0.49479764699935913 | 0 | -1.0
-0.5093166828155518 | 0 | -1.0
-0.5249428153038025 | 0 | -1.0
-0.5415588617324829 | 0 | -1.0
-0.5590402483940125 | 0 | -1.0
-0.5772563219070435 | 0 | -1.0
-0.596071720123291 | 0 | -1.0
-0.6153478026390076 | 0 | -1.0
-0.634944498538971 | 0 | -1.0
-0.6547214984893799 | 0 | -1.0
-0.6745402216911316 | 0 | -1.0
-0.6942652463912964 | 0 | -1.0
-0.7137653827667236 | 0 | -1.0
-0.732915461063385 | 0 | -1.0
-0.7515968084335327 | 0 | -1.0
-0.7696983814239502 | 0 | -1.0
-0.7871174216270447 | 0 | -1.0
-0.8037595748901367 | 0 | -1.0
-0.8195393085479736 | 0 | -1.0
-0.8343797922134399 | 0 | -1.0
-0.8482127785682678 | 0 | -1.0
-0.8609781265258789 | 0 | -1.0
-0.8726235032081604 | 0 | -1.0
-0.8831040263175964 | 0 | -1.0
-0.8923813700675964 | 0 | -1.0
-0.900423526763916 | 0 | -1.0
-0.9072042107582092 | 0 | -1.0
-0.9127020835876465 | 0 | -1.0
-0.9169007539749146 | 0 | -1.0
-0.9197880029678345 | 0 | -1.0
-0.921355664730072 | 0 | -1.0
-0.9215993285179138 | 0 | -1.0
-0.9205183982849121 | 0 | -1.0
-0.9181158542633057 | 0 | -1.0
-0.9143984317779541 | 0 | -1.0
-0.9093768000602722 | 0 | -1.0
-0.9030658006668091 | 0 | -1.0
-0.8954849243164062 | 0 | -1.0
-0.8866584897041321 | 0 | -1.0
-0.8766164779663086 | 0 | -1.0
-0.8653947710990906 | 0 | -1.0
-0.8530357480049133 | 0 | -1.0
-0.8395889401435852 | 0 | -1.0
-0.8251115679740906 | 0 | -1.0
-0.8096688985824585 | 0 | -1.0
-0.7933344841003418 | 0 | -1.0
-0.7761907577514648 | 0 | -1.0
-0.7583287358283997 | 0 | -1.0
-0.7398481965065002 | 0 | -1.0
-0.7208571434020996 | 0 | -1.0
-0.7014715075492859 | 0 | -1.0
-0.6818142533302307 | 0 | -1.0
-0.6620144844055176 | 0 | -1.0
-0.6422061324119568 | 0 | -1.0
-0.6225268840789795 | 0 | -1.0
-0.603116512298584 | 0 | -1.0
-0.5841153860092163 | 0 | -1.0
-0.5656629204750061 | 0 | -1.0
-0.5478957891464233 | 0 | -1.0
-0.5309465527534485 | 0 | -1.0
-0.5149422883987427 | 0 | -1.0
-0.5000028610229492 | 0 | -1.0
-0.48624029755592346 | 0 | -1.0
-0.4737573266029358 | 0 | -1.0
-0.4626467823982239 | 0 | -1.0
-0.4529908299446106 | 0 | -1.0
-0.4448604881763458 | 0 | -1.0
-0.438315212726593 | 0 | -1.0
-0.4334025979042053 | 0 | -1.0
-0.43015822768211365 | 0 | -1.0
-0.4286055266857147 | 0 | -1.0
-0.42875567078590393 | 0 | -1.0
-0.4306075870990753 | 0 | -1.0
-0.4341478943824768 | 0 | -1.0
-0.43935108184814453 | 0 | -1.0
-0.44617941975593567 | 0 | -1.0
-0.45458319783210754 | 0 | -1.0
-0.46450090408325195 | 0 | -1.0
-0.47585952281951904 | 0 | -1.0
-0.4885749816894531 | 0 | -1.0
-0.5025526285171509 | 0 | -1.0
-0.517687976360321 | 0 | -1.0
-0.5338677167892456 | 0 | -1.0
-0.5509703755378723 | 0 | -1.0
-0.5688680410385132 | 0 | -1.0
-0.5874271988868713 | 0 | -1.0
-0.606510579586029 | 0 | -1.0
-0.6259785294532776 | 0 | -1.0
-0.6456906199455261 | 0 | -1.0
-0.6655073761940002 | 0 | -1.0
-0.6852916479110718 | 0 | -1.0
-0.7049102783203125 | 0 | -1.0
-0.7242350578308105 | 0 | -1.0
-0.7431443929672241 | 0 | -1.0
-0.7615235447883606 | 0 | -1.0
-0.7792659997940063 | 0 | -1.0
-0.7962735295295715 | 0 | -1.0
-0.8124565482139587 | 0 | -1.0
-0.8277342915534973 | 0 | -1.0
-0.8420345783233643 | 0 | -1.0
-0.8552936315536499 | 0 | -1.0
-0.8674556612968445 | 0 | -1.0
-0.8784724473953247 | 0 | -1.0
-0.888302743434906 | 0 | -1.0
-0.8969116806983948 | 0 | -1.0
-0.9042704701423645 | 0 | -1.0
-0.9103555679321289 | 0 | -1.0
-0.9151483774185181 | 0 | -1.0
-0.918634831905365 | 0 | -1.0
-0.9208049178123474 | 0 | -1.0
-0.9216525554656982 | 0 | -1.0
-0.9211754202842712 | 0 | -1.0
[-0.57] | 0 | -1.0
-0.5750306844711304 | 0 | -1.0
-0.576266884803772 | 0 | -1.0
-0.5781096816062927 | 0 | -1.0
-0.5805454850196838 | 0 | -1.0
-0.5835562348365784 | 0 | -1.0
-0.5871197581291199 | 0 | -1.0
-0.5912097692489624 | 0 | -1.0
-0.5957961082458496 | 0 | -1.0
-0.600845217704773 | 0 | -1.0
-0.6063201427459717 | 0 | -1.0
-0.6121810078620911 | 0 | -1.0
-0.6183853149414062 | 0 | -1.0
-0.6248883008956909 | 0 | -1.0
-0.6316431760787964 | 0 | -1.0
-0.6386018395423889 | 0 | -1.0
-0.645715057849884 | 0 | -1.0
-0.6529327034950256 | 0 | -1.0
-0.6602044701576233 | 0 | -1.0
-0.6674801707267761 | 0 | -1.0
-0.6747099757194519 | 0 | -1.0
-0.6818448901176453 | 0 | -1.0
-0.6888369917869568 | 0 | -1.0
-0.6956399083137512 | 0 | -1.0
-0.7022091150283813 | 0 | -1.0
-0.7085018754005432 | 0 | -1.0
-0.7144779562950134 | 0 | -1.0
-0.7200993895530701 | 0 | -1.0
-0.7253309488296509 | 0 | -1.0
-0.730140209197998 | 0 | -1.0
-0.734497606754303 | 0 | -1.0
-0.7383767366409302 | 0 | -1.0
-0.7417541742324829 | 0 | -1.0
-0.7446097731590271 | 0 | -1.0
-0.7469266057014465 | 0 | -1.0
-0.7486910223960876 | 0 | -1.0
-0.7498926520347595 | 0 | -1.0
-0.7505244612693787 | 0 | -1.0
-0.7505828142166138 | 0 | -1.0
-0.7500672936439514 | 0 | -1.0
-0.7489809393882751 | 0 | -1.0
-0.7473301291465759 | 0 | -1.0
-0.7451245188713074 | 0 | -1.0
-0.7423771023750305 | 0 | -1.0
-0.7391040921211243 | 0 | -1.0
-0.7353250980377197 | 0 | -1.0
-0.7310627698898315 | 0 | -1.0
-0.726343035697937 | 0 | -1.0
-0.7211947441101074 | 0 | -1.0
-0.7156497240066528 | 0 | -1.0
-0.7097427248954773 | 0 | -1.0
-0.703511118888855 | 0 | -1.0
-0.6969947218894958 | 0 | -1.0
-0.6902356743812561 | 0 | -1.0
-0.6832782626152039 | 0 | -1.0
-0.6761685609817505 | 0 | -1.0
-0.6689541339874268 | 0 | -1.0
-0.6616837382316589 | 0 | -1.0
-0.6544070839881897 | 0 | -1.0
-0.6471743583679199 | 0 | -1.0
-0.6400359272956848 | 0 | -1.0
-0.6330417990684509 | 0 | -1.0
-0.6262415647506714 | 0 | -1.0
-0.6196836233139038 | 0 | -1.0
-0.6134149432182312 | 0 | -1.0
-0.6074808239936829 | 0 | -1.0
-0.6019241809844971 | 0 | -1.0
-0.5967854857444763 | 0 | -1.0
-0.5921022891998291 | 0 | -1.0
-0.587908923625946 | 0 | -1.0
-0.584236204624176 | 0 | -1.0
-0.5811111927032471 | 0 | -1.0
-0.578557014465332 | 0 | -1.0
-0.5765925049781799 | 0 | -1.0
-0.575232207775116 | 0 | -1.0
-0.5744861960411072 | 0 | -1.0
-0.5743600130081177 | 0 | -1.0
-0.5748546123504639 | 0 | -1.0
-0.5759662985801697 | 0 | -1.0
-0.5776868462562561 | 0 | -1.0
-0.5800034999847412 | 0 | -1.0
-0.5828991532325745 | 0 | -1.0
-0.5863523483276367 | 0 | -1.0
-0.5903376936912537 | 0 | -1.0
-0.5948258638381958 | 0 | -1.0
-0.5997838377952576 | 0 | -1.0
-0.6051754355430603 | 0 | -1.0
-0.6109612584114075 | 0 | -1.0
-0.6170993447303772 | 0 | -1.0
-0.6235453486442566 | 0 | -1.0
-0.6302529573440552 | 0 | -1.0
-0.6371741890907288 | 0 | -1.0
-0.644260048866272 | 0 | -1.0
-0.6514605283737183 | 0 | -1.0
-0.658725380897522 | 0 | -1.0
-0.6660043597221375 | 0 | -1.0
-0.6732474565505981 | 0 | -1.0
-0.6804055571556091 | 0 | -1.0
-0.6874304413795471 | 0 | -1.0
-0.6942754983901978 | 0 | -1.0
-0.7008957266807556 | 0 | -1.0
-0.7072479724884033 | 0 | -1.0
-0.7132915258407593 | 0 | -1.0
-0.7189879417419434 | 0 | -1.0
-0.7243013978004456 | 0 | -1.0
-0.7291989326477051 | 0 | -1.0
-0.7336503267288208 | 0 | -1.0
-0.7376286387443542 | 0 | -1.0
-0.7411097288131714 | 0 | -1.0
-0.7440727949142456 | 0 | -1.0
-0.7465003132820129 | 0 | -1.0
-0.7483778595924377 | 0 | -1.0
-0.7496945261955261 | 0 | -1.0
-0.7504425048828125 | 0 | -1.0
-0.7506174445152283 | 0 | -1.0
-0.7502183318138123 | 0 | -1.0
-0.7492475509643555 | 0 | -1.0
-0.7477107644081116 | 0 | -1.0
-0.7456168532371521 | 0 | -1.0
-0.7429782748222351 | 0 | -1.0
-0.739810585975647 | 0 | -1.0
-0.7361326217651367 | 0 | -1.0
-0.7319665551185608 | 0 | -1.0
-0.7273374795913696 | 0 | -1.0
-0.7222737073898315 | 0 | -1.0
-0.7168065905570984 | 0 | -1.0
-0.7109702229499817 | 0 | -1.0
-0.7048013806343079 | 0 | -1.0
-0.6983394622802734 | 0 | -1.0
-0.6916261911392212 | 0 | -1.0
-0.6847054362297058 | 0 | -1.0
-0.6776228547096252 | 0 | -1.0
-0.6704257726669312 | 0 | -1.0
-0.6631627678871155 | 0 | -1.0
-0.6558833122253418 | 0 | -1.0
-0.648637592792511 | 0 | -1.0
-0.6414759159088135 | 0 | -1.0
-0.6344484686851501 | 0 | -1.0
-0.6276049017906189 | 0 | -1.0
-0.6209938526153564 | 0 | -1.0
-0.6146627068519592 | 0 | -1.0
-0.6086570620536804 | 0 | -1.0
-0.6030203700065613 | 0 | -1.0
-0.5977936387062073 | 0 | -1.0
-0.5930150151252747 | 0 | -1.0
-0.5887195467948914 | 0 | -1.0
-0.5849387049674988 | 0 | -1.0
-0.5817005038261414 | 0 | -1.0
-0.5790286660194397 | 0 | -1.0
-0.576943039894104 | 0 | -1.0
-0.5754590630531311 | 0 | -1.0
-0.5745877027511597 | 0 | -1.0
-0.5743353962898254 | 0 | -1.0
-0.5747040510177612 | 0 | -1.0
-0.5756908655166626 | 0 | -1.0
-0.5772886276245117 | 0 | -1.0
-0.5794854164123535 | 0 | -1.0
-0.5822650790214539 | 0 | -1.0
-0.5856069326400757 | 0 | -1.0
-0.5894864797592163 | 0 | -1.0
-0.5938750505447388 | 0 | -1.0
-0.5987403988838196 | 0 | -1.0
-0.6040470004081726 | 0 | -1.0
-0.6097560524940491 | 0 | -1.0
-0.6158261299133301 | 0 | -1.0
-0.6222132444381714 | 0 | -1.0
-0.6288715600967407 | 0 | -1.0
-0.635753333568573 | 0 | -1.0
-0.6428097486495972 | 0 | -1.0
-0.649990975856781 | 0 | -1.0
-0.6572468876838684 | 0 | -1.0
-0.6645270586013794 | 0 | -1.0
-0.6717814207077026 | 0 | -1.0
-0.6789607405662537 | 0 | -1.0
-0.6860164999961853 | 0 | -1.0
-0.6929017901420593 | 0 | -1.0
-0.6995712518692017 | 0 | -1.0
-0.7059813141822815 | 0 | -1.0
-0.7120907306671143 | 0 | -1.0
-0.7178606390953064 | 0 | -1.0
-0.7232546806335449 | 0 | -1.0
-0.7282392382621765 | 0 | -1.0
-0.7327835559844971 | 0 | -1.0
-0.7368600368499756 | 0 | -1.0
-0.7404438853263855 | 0 | -1.0
-0.7435137629508972 | 0 | -1.0
-0.7460513114929199 | 0 | -1.0
-0.748041570186615 | 0 | -1.0
-0.7494728565216064 | 0 | -1.0
-0.7503368258476257 | 0 | -1.0
-0.7506283521652222 | 0 | -1.0
-0.7503458261489868 | 0 | -1.0
-0.7494907975196838 | 0 | -1.0
-0.7480683326721191 | 0 | -1.0
-0.7460867762565613 | 0 | -1.0
-0.7435576915740967 | 0 | -1.0
-0.740496039390564 | 0 | -1.0
-0.7369200587272644 | 0 | -1.0
-0.7328511476516724 | 0 | -1.0
-0.7283139228820801 | 0 | -1.0
Total reward: -200.0
