-2.3, 1.2, -1.9, -0.1, -2.4, 5.2, 4.4, -1.2, -0.8, -3.8, -4.9, 2.2, -3.8, -2.2, 5.8, -3.1, 0.9, -1.1
parameter ends

state | action | reward
[1.71] | 2 | -0.5
1.5309468093374834 | 2 | -0.5
1.499020603672666 | 0 | 5.0
1.5359034385973063 | 2 | -0.5
1.551826531768376 | 2 | -0.5
1.6161964326281595 | 2 | -0.5
1.7318913747067095 | 2 | -0.5
1.9668349133901883 | 2 | -0.5
2.4426882632951328 | 2 | -0.5
3.2778718584203665 | 2 | -0.5
4.02393340598772 | 2 | -0.5
3.8988441614195892 | 2 | -0.5
3.9654451950146967 | 2 | -0.5
4.124856200764301 | 2 | -0.5
4.460013015955607 | 2 | -0.5
5.106385089765314 | 2 | -0.5
6.071971109263811 | 2 | -0.5
8.026363124178316 | 2 | -0.5
1.8607871983830468 | 2 | -0.5
1.7927437875998793 | 2 | -0.5
1.8250421361103735 | 2 | -0.5
1.8771102628166025 | 2 | -0.5
2.0099676578562775 | 2 | -0.5
2.281481478200185 | 2 | -0.5
2.5713904717449685 | 2 | -0.5
3.4145595429505122 | 2 | -0.5
8.368999180485348 | 2 | -0.5
8.044476281777184 | 2 | -0.5
7.995894229446319 | 2 | -0.5
5.438102438434837 | 2 | -0.5
3.245846759333749 | 2 | -0.5
2.473403110976036 | 2 | -0.5
2.004132799282308 | 2 | -0.5
1.7743363499317262 | 2 | -0.5
1.6509912249946126 | 2 | -0.5
1.5959054715814383 | 0 | 5.0
1.6027031855191576 | 0 | 5.0
1.6329061040382906 | 2 | -0.5
1.649679863128075 | 2 | -0.5
1.7687205270257134 | 2 | -0.5
2.0397913216901595 | 2 | -0.5
2.383288247200089 | 2 | -0.5
2.9896170642031046 | 2 | -0.5
4.601486542161027 | 2 | -0.5
4.451808177930771 | 2 | -0.5
4.37298030412149 | 2 | -0.5
4.489570449849492 | 2 | -0.5
4.744601847624592 | 2 | -0.5
5.446298187433991 | 2 | -0.5
6.36855988430357 | 2 | -0.5
2.0651515091614323 | 2 | -0.5
1.8549842043360758 | 2 | -0.5
1.7836634480761187 | 2 | -0.5
1.777556758113763 | 2 | -0.5
1.7591964241844331 | 2 | -0.5
1.8593710222665727 | 2 | -0.5
2.0361637814340345 | 2 | -0.5
2.3885732769092893 | 2 | -0.5
2.8316812493929646 | 2 | -0.5
4.297116321112573 | 2 | -0.5
7.553577051725652 | 2 | -0.5
7.44007283855121 | 2 | -0.5
6.857406321580099 | 2 | -0.5
3.7386096368579853 | 2 | -0.5
2.667272058411648 | 2 | -0.5
2.1805951109661077 | 2 | -0.5
1.8966728549174585 | 2 | -0.5
1.7580490080300393 | 2 | -0.5
1.724486639531699 | 2 | -0.5
1.689408426683564 | 2 | -0.5
1.7908134134623837 | 2 | -0.5
1.9069564151962906 | 2 | -0.5
2.1899390489742956 | 2 | -0.5
2.758938014410019 | 2 | -0.5
3.8809048608906376 | 2 | -0.5
4.606444438918493 | 2 | -0.5
4.488718796792765 | 2 | -0.5
4.536066405199581 | 2 | -0.5
4.647205328420401 | 2 | -0.5
5.148337303150841 | 2 | -0.5
6.076569081755714 | 2 | -0.5
2.0312633703810388 | 2 | -0.5
1.8292820788928772 | 2 | -0.5
1.7114876706441737 | 2 | -0.5
1.686950381234817 | 2 | -0.5
1.7220679980219789 | 2 | -0.5
1.8347194954950126 | 2 | -0.5
2.0392479713611302 | 2 | -0.5
2.4750398099901814 | 2 | -0.5
3.2028528390442563 | 2 | -0.5
7.815706925615952 | 2 | -0.5
7.485476344300963 | 2 | -0.5
7.44590121327678 | 2 | -0.5
5.383529674133848 | 2 | -0.5
3.662466308003847 | 2 | -0.5
2.6035699616035726 | 2 | -0.5
2.202543381080363 | 2 | -0.5
1.9675112479553363 | 2 | -0.5
1.8573453957837043 | 2 | -0.5
1.7585332870132615 | 2 | -0.5
1.7455207869229163 | 2 | -0.5
1.7980430673169463 | 2 | -0.5
1.9416464043980646 | 2 | -0.5
2.164438843317713 | 2 | -0.5
2.6860809186274963 | 2 | -0.5
3.6437002406496664 | 2 | -0.5
4.627202647117941 | 2 | -0.5
4.494584899546724 | 2 | -0.5
4.528201098389743 | 2 | -0.5
4.7219946182946835 | 2 | -0.5
5.158240038565215 | 2 | -0.5
5.9293358044148805 | 2 | -0.5
2.0402367442450973 | 2 | -0.5
1.7661846346040149 | 2 | -0.5
1.7018226734016448 | 2 | -0.5
1.6606531610927242 | 2 | -0.5
1.6813560150392777 | 2 | -0.5
1.768311864272715 | 2 | -0.5
1.974843405652642 | 2 | -0.5
2.31245384866743 | 2 | -0.5
2.8401161900384944 | 2 | -0.5
4.306053120542708 | 2 | -0.5
7.494746000749995 | 2 | -0.5
7.3618501182319935 | 2 | -0.5
7.1007168300442665 | 2 | -0.5
3.698649280395205 | 2 | -0.5
2.729856290282736 | 2 | -0.5
2.318839307661005 | 2 | -0.5
2.0350619387112454 | 2 | -0.5
1.9393184172580418 | 2 | -0.5
1.802644214885848 | 2 | -0.5
1.805907771710342 | 2 | -0.5
1.8934031127427604 | 2 | -0.5
2.0321672827315225 | 2 | -0.5
2.2308125290510503 | 2 | -0.5
2.813359030108324 | 2 | -0.5
4.048540494882483 | 2 | -0.5
4.5906625552091365 | 2 | -0.5
4.497735325620557 | 2 | -0.5
4.619015532450516 | 2 | -0.5
4.878000254694596 | 2 | -0.5
5.457788940718298 | 2 | -0.5
1.9896004777060414 | 2 | -0.5
1.734153272068704 | 2 | -0.5
1.563541384669372 | 2 | -0.5
1.488768610752139 | 2 | -0.5
1.4511161818714327 | 2 | -0.5
1.5086813993948636 | 2 | -0.5
1.5704366938506777 | 2 | -0.5
1.7306996151163008 | 2 | -0.5
2.0304774182611873 | 2 | -0.5
2.5594540189204675 | 2 | -0.5
3.560622116610506 | 2 | -0.5
7.530373985007594 | 2 | -0.5
7.375975091787139 | 2 | -0.5
7.470222030112311 | 2 | -0.5
5.06432973634586 | 2 | -0.5
3.3262006996633757 | 2 | -0.5
2.6458091100255197 | 2 | -0.5
2.3392017062889336 | 2 | -0.5
2.1348771649906024 | 2 | -0.5
2.0160086998671956 | 2 | -0.5
1.9856575318337129 | 0 | 5.0
1.9638596523554614 | 0 | 5.0
1.918159449437645 | 2 | -0.5
2.0223824723526183 | 2 | -0.5
2.1281762989304043 | 2 | -0.5
2.3945334143828347 | 2 | -0.5
2.935609004578541 | 2 | -0.5
3.927623450442476 | 2 | -0.5
5.04929589566718 | 2 | -0.5
4.895189754148556 | 2 | -0.5
4.882711403946604 | 2 | -0.5
5.123497297271996 | 2 | -0.5
5.557267389607785 | 2 | -0.5
2.077888583925288 | 2 | -0.5
1.7692523611853286 | 2 | -0.5
1.5733694136584082 | 2 | -0.5
1.5116865489787592 | 2 | -0.5
1.5162045526985128 | 2 | -0.5
1.4752209255259565 | 2 | -0.5
1.6111285226139578 | 2 | -0.5
1.8039755463329512 | 2 | -0.5
2.0586731750457834 | 2 | -0.5
2.6403734193430135 | 2 | -0.5
3.9727744227065562 | 2 | -0.5
7.1075380299448305 | 2 | -0.5
7.036009845112218 | 2 | -0.5
6.318515505395847 | 2 | -0.5
3.8197916945684423 | 2 | -0.5
2.9700498557555455 | 2 | -0.5
2.54219944192613 | 2 | -0.5
2.237698799092803 | 2 | -0.5
2.09765336434998 | 2 | -0.5
1.9957180148156428 | 2 | -0.5
2.001416943522594 | 2 | -0.5
1.9981627017903538 | 2 | -0.5
2.097045772854834 | 2 | -0.5
2.3212480760440117 | 2 | -0.5
2.7009047479575203 | 2 | -0.5
3.473374535985765 | 2 | -0.5
4.94692615156758 | 2 | -0.5
5.0244136141283064 | 2 | -0.5
4.918859559634716 | 2 | -0.5
5.121504844224296 | 2 | -0.5
5.539732716749866 | 2 | -0.5
2.1714979018628076 | 2 | -0.5
1.824718123480064 | 2 | -0.5
1.565907602715372 | 2 | -0.5
1.4604939955004796 | 2 | -0.5
1.4918734740532098 | 2 | -0.5
1.4575927284933858 | 2 | -0.5
1.5066873194119061 | 2 | -0.5
1.7155737661808157 | 2 | -0.5
1.9276354860873501 | 2 | -0.5
2.3879278338620944 | 2 | -0.5
3.202157048807395 | 2 | -0.5
7.194072183128657 | 2 | -0.5
7.011314701291844 | 2 | -0.5
7.023113445489129 | 2 | -0.5
5.060173482499015 | 2 | -0.5
3.517676951656503 | 2 | -0.5
2.8016455031253495 | 2 | -0.5
2.3535750846398282 | 2 | -0.5
2.1452058768343782 | 2 | -0.5
1.9842198892791587 | 2 | -0.5
1.904699424562569 | 2 | -0.5
1.9472964669985928 | 2 | -0.5
2.0464312795486594 | 2 | -0.5
2.2726536708102607 | 2 | -0.5
2.551199959583781 | 2 | -0.5
3.2757464522794235 | 2 | -0.5
4.793054091872576 | 2 | -0.5
5.018951537730562 | 2 | -0.5
4.933943084013669 | 2 | -0.5
4.95203108894365 | 2 | -0.5
5.191357277474579 | 2 | -0.5
5.6579947692640875 | 2 | -0.5
2.2597433143246572 | 2 | -0.5
1.949112389363391 | 2 | -0.5
1.717530524880683 | 2 | -0.5
1.6132912099974583 | 2 | -0.5
1.5787677876508244 | 2 | -0.5
1.6287919618534137 | 2 | -0.5
1.7480915859224235 | 2 | -0.5
1.947783232848679 | 2 | -0.5
2.3424102591223637 | 2 | -0.5
3.1410660196151268 | 2 | -0.5
7.183126012557263 | 2 | -0.5
6.943951146769684 | 2 | -0.5
7.026490477009728 | 2 | -0.5
4.507382800532235 | 2 | -0.5
3.1917915772541763 | 2 | -0.5
2.5602282862719963 | 2 | -0.5
2.1678253857655294 | 2 | -0.5
1.9899241873764957 | 2 | -0.5
1.915350254467103 | 2 | -0.5
1.8685405431587225 | 2 | -0.5
1.8997607636281102 | 2 | -0.5
2.0157262486634213 | 2 | -0.5
2.281580486049842 | 2 | -0.5
2.664658629206939 | 2 | -0.5
3.5429027006603895 | 2 | -0.5
5.305317185708763 | 2 | -0.5
5.074974361332202 | 2 | -0.5
5.034057177852122 | 2 | -0.5
5.236384657513861 | 2 | -0.5
5.587896348912304 | 2 | -0.5
2.2848603733229713 | 2 | -0.5
1.9422302552124626 | 2 | -0.5
1.7050246982787438 | 2 | -0.5
1.5806118357473355 | 2 | -0.5
1.4989199905273025 | 2 | -0.5
1.5396027492841142 | 2 | -0.5
1.5722409550216394 | 2 | -0.5
1.7024156005878162 | 2 | -0.5
1.921530122822216 | 2 | -0.5
2.2399963121898687 | 2 | -0.5
3.175260465530805 | 2 | -0.5
7.106516403489827 | 2 | -0.5
6.853267234599602 | 2 | -0.5
6.862694954859607 | 2 | -0.5
5.898337435114203 | 2 | -0.5
3.5640583754618023 | 2 | -0.5
2.696361965427281 | 2 | -0.5
2.2831574509014088 | 2 | -0.5
2.0430073895425465 | 2 | -0.5
1.884982874111583 | 2 | -0.5
1.8418584869510732 | 2 | -0.5
1.9381275744309547 | 2 | -0.5
1.9970205822877394 | 2 | -0.5
2.2196342465518692 | 2 | -0.5
2.522929064314474 | 2 | -0.5
3.1308801860062228 | 2 | -0.5
4.625431226370653 | 2 | -0.5
5.151522495891605 | 2 | -0.5
4.976069632309095 | 2 | -0.5
5.065565437199291 | 2 | -0.5
5.359868009143573 | 2 | -0.5
5.961327468319172 | 2 | -0.5
1.9657474739421097 | 2 | -0.5
1.7032236983470457 | 2 | -0.5
1.578119776107227 | 2 | -0.5
1.510051782074389 | 2 | -0.5
1.4513022593435447 | 2 | -0.5
1.5187996398560517 | 2 | -0.5
1.5844654901542423 | 2 | -0.5
1.750521826894978 | 2 | -0.5
2.019148728256823 | 2 | -0.5
2.5942711922781694 | 2 | -0.5
7.232651812625464 | 2 | -0.5
6.880085190589297 | 2 | -0.5
6.870756432526842 | 2 | -0.5
5.5643077141088675 | 2 | -0.5
3.5955974485250706 | 2 | -0.5
2.682453203617327 | 2 | -0.5
2.3430218779909437 | 2 | -0.5
2.0615674096752095 | 2 | -0.5
1.9699597154820254 | 2 | -0.5
1.883761105589172 | 2 | -0.5
1.8737437540021262 | 2 | -0.5
2.018584560295718 | 2 | -0.5
2.252028686880616 | 2 | -0.5
2.6899638897518776 | 2 | -0.5
3.5467730359557983 | 2 | -0.5
5.265180476130583 | 2 | -0.5
5.05875619218698 | 2 | -0.5
5.036101169368468 | 2 | -0.5
5.148751457434137 | 2 | -0.5
5.624605374303565 | 2 | -0.5
6.2734428927132875 | 2 | -0.5
2.1627670313038054 | 2 | -0.5
1.911995225877887 | 2 | -0.5
1.7113501872324848 | 2 | -0.5
1.6476027230652162 | 2 | -0.5
1.6364296817700204 | 2 | -0.5
1.6886407537556412 | 2 | -0.5
1.825715652766144 | 2 | -0.5
2.07439226591089 | 2 | -0.5
2.45489860024672 | 2 | -0.5
3.295034191207898 | 2 | -0.5
7.190097454033711 | 2 | -0.5
6.922375694047092 | 2 | -0.5
6.926770611617624 | 2 | -0.5
4.961753885085674 | 2 | -0.5
3.3144367211983936 | 2 | -0.5
2.6030497802295027 | 2 | -0.5
2.148807136473165 | 2 | -0.5
1.9573944979884694 | 2 | -0.5
1.781037488774014 | 2 | -0.5
1.7184622829339464 | 2 | -0.5
1.750156950108276 | 2 | -0.5
1.8495181565848626 | 2 | -0.5
1.9826352298241194 | 2 | -0.5
2.2673967438833373 | 2 | -0.5
2.658543373108809 | 2 | -0.5
3.619338161671602 | 2 | -0.5
5.151545970165785 | 2 | -0.5
5.0542970772991165 | 2 | -0.5
5.086389796392089 | 2 | -0.5
5.421148137534664 | 2 | -0.5
6.114637580518283 | 2 | -0.5
2.334150345133854 | 2 | -0.5
2.0142256033011456 | 2 | -0.5
1.8419610980886172 | 2 | -0.5
1.7437927980752765 | 2 | -0.5
1.735216691639583 | 2 | -0.5
1.7287833693909094 | 2 | -0.5
1.8455633548337487 | 2 | -0.5
2.0067984788986846 | 2 | -0.5
2.158154535291748 | 2 | -0.5
2.6193292877589083 | 2 | -0.5
3.5762954431020493 | 2 | -0.5
7.20928149699834 | 2 | -0.5
6.9841135314245735 | 2 | -0.5
7.0609582121824275 | 2 | -0.5
5.197152762432974 | 2 | -0.5
3.495300527029378 | 2 | -0.5
2.457067078664941 | 2 | -0.5
2.0428682828981497 | 2 | -0.5
1.8540229664651073 | 2 | -0.5
1.7194906529955742 | 2 | -0.5
1.6821187736475118 | 2 | -0.5
1.7497053922982244 | 2 | -0.5
1.7796478796413249 | 2 | -0.5
1.9587218720430306 | 2 | -0.5
2.384283145530969 | 2 | -0.5
3.3142610015825373 | 2 | -0.5
5.021847518127323 | 2 | -0.5
4.8352927178295975 | 2 | -0.5
4.897866855667035 | 2 | -0.5
5.141075698346585 | 2 | -0.5
5.521249125947014 | 2 | -0.5
6.275201023861914 | 2 | -0.5
2.127111379568416 | 2 | -0.5
1.9507779844375406 | 2 | -0.5
1.8156013289175792 | 2 | -0.5
1.7628704942042583 | 2 | -0.5
1.7562830866967514 | 2 | -0.5
1.8350621435929437 | 2 | -0.5
1.958862773182893 | 2 | -0.5
2.2268724449249415 | 2 | -0.5
2.6676476971491354 | 2 | -0.5
3.633459434013722 | 2 | -0.5
7.499856100822459 | 2 | -0.5
7.281411814072092 | 2 | -0.5
7.309552919299951 | 2 | -0.5
5.112403348366379 | 2 | -0.5
3.172002383833 | 2 | -0.5
2.457102158508179 | 2 | -0.5
2.0282476755461323 | 2 | -0.5
1.8117348495120804 | 2 | -0.5
1.6743531787581467 | 2 | -0.5
1.648996138636511 | 2 | -0.5
1.5904075277867205 | 2 | -0.5
1.637362219421966 | 2 | -0.5
1.7497741044784902 | 2 | -0.5
2.020718309831642 | 2 | -0.5
2.4770252634832333 | 2 | -0.5
3.26176316348076 | 2 | -0.5
4.720082991195371 | 2 | -0.5
4.570615082818821 | 2 | -0.5
4.6028651887670025 | 2 | -0.5
4.775780561071512 | 2 | -0.5
5.099177587700905 | 2 | -0.5
5.652903034878695 | 2 | -0.5
2.290304359767658 | 2 | -0.5
2.0409765949188765 | 2 | -0.5
1.8516157225409964 | 2 | -0.5
1.8762466615849835 | 2 | -0.5
1.7913069566616935 | 2 | -0.5
1.9055887265039186 | 2 | -0.5
1.9826775841082247 | 2 | -0.5
2.25693560358309 | 2 | -0.5
2.5839540724873946 | 2 | -0.5
3.385933516559825 | 2 | -0.5
7.8022378318473775 | 2 | -0.5
7.454877494046983 | 2 | -0.5
7.412743274505229 | 2 | -0.5
4.992762953065087 | 2 | -0.5
2.9350527418240615 | 2 | -0.5
2.2805615613687937 | 2 | -0.5
1.9407398020885898 | 2 | -0.5
1.7770219962871072 | 2 | -0.5
1.6473580290008498 | 2 | -0.5
1.6016100978144496 | 2 | -0.5
1.6142786693392976 | 2 | -0.5
1.6567672549316381 | 2 | -0.5
1.8010195738915475 | 2 | -0.5
2.0508433301747595 | 2 | -0.5
2.4631146618101782 | 2 | -0.5
3.2648171133934945 | 2 | -0.5
4.708944860877012 | 2 | -0.5
4.570716051772287 | 2 | -0.5
4.600216518388581 | 2 | -0.5
4.76368389327109 | 2 | -0.5
5.188750080443225 | 2 | -0.5
5.98517109333969 | 2 | -0.5
2.18019445730222 | 2 | -0.5
2.013776535012578 | 2 | -0.5
1.8706913126731228 | 2 | -0.5
1.847419312055346 | 2 | -0.5
1.8931657608580963 | 2 | -0.5
1.9543583765431332 | 2 | -0.5
2.154495804646817 | 2 | -0.5
2.427302904031932 | 2 | -0.5
3.1223348552377286 | 2 | -0.5
4.009540804765093 | 2 | -0.5
7.542692500592682 | 2 | -0.5
7.342282366859673 | 2 | -0.5
7.370465741948798 | 2 | -0.5
4.6524112692836335 | 2 | -0.5
2.993038347767872 | 2 | -0.5
2.196806836000466 | 2 | -0.5
1.874294665265334 | 2 | -0.5
1.656166059294294 | 2 | -0.5
1.592957223098133 | 2 | -0.5
1.548151729274526 | 2 | -0.5
1.5699156805121302 | 2 | -0.5
1.6611852901583686 | 2 | -0.5
1.8694732425774732 | 2 | -0.5
2.2591651974497586 | 2 | -0.5
2.935710038956266 | 2 | -0.5
4.59640887519519 | 2 | -0.5
4.505703667642928 | 2 | -0.5
4.497967149172619 | 2 | -0.5
4.652191597184399 | 2 | -0.5
5.055421324745173 | 2 | -0.5
5.6049158052866686 | 2 | -0.5
6.74625971301496 | 2 | -0.5
2.058377464362032 | 2 | -0.5
1.974309095416412 | 2 | -0.5
1.8919182851462493 | 2 | -0.5
1.87969965755228 | 2 | -0.5
1.9195118863471912 | 2 | -0.5
2.1040495303313653 | 2 | -0.5
2.502591114646682 | 2 | -0.5
2.968211878407692 | 2 | -0.5
3.994079091489417 | 2 | -0.5
7.66271610738716 | 2 | -0.5
7.433042279311434 | 2 | -0.5
7.439374469580481 | 2 | -0.5
4.29917575679122 | 2 | -0.5
2.709543901907684 | 2 | -0.5
2.259984950884636 | 2 | -0.5
1.8502886204511093 | 2 | -0.5
1.639805562475436 | 2 | -0.5
1.4814431013155318 | 2 | -0.5
1.4391016243856 | 2 | -0.5
1.4592307433379823 | 2 | -0.5
1.5618127517225169 | 2 | -0.5
1.6604538348317066 | 2 | -0.5
1.9659714018231662 | 2 | -0.5
2.5107299124330558 | 2 | -0.5
3.477865959591639 | 2 | -0.5
4.433528435296274 | 2 | -0.5
4.378895068965757 | 2 | -0.5
4.490106863531969 | 2 | -0.5
4.8411138176389485 | 2 | -0.5
5.402712635510102 | 2 | -0.5
6.506040679063696 | 2 | -0.5
2.1909348957142467 | 2 | -0.5
1.9997027343807603 | 2 | -0.5
1.9275040058695285 | 2 | -0.5
1.9240544690700072 | 2 | -0.5
1.967162979539438 | 2 | -0.5
2.0790833550819428 | 2 | -0.5
2.3695838912502434 | 2 | -0.5
2.8304585882674727 | 2 | -0.5
3.609843215109503 | 2 | -0.5
8.04059062084711 | 2 | -0.5
7.692358652709612 | 2 | -0.5
7.6553362771465245 | 2 | -0.5
4.78118480062721 | 2 | -0.5
2.833684894373846 | 2 | -0.5
2.1785071176816238 | 2 | -0.5
1.803647596674532 | 2 | -0.5
1.649873552654852 | 2 | -0.5
1.5726786041699714 | 2 | -0.5
1.4831080099460157 | 2 | -0.5
1.5055785928557943 | 2 | -0.5
1.5503923822453787 | 2 | -0.5
1.7152245470031469 | 2 | -0.5
2.0552215897863655 | 2 | -0.5
2.593483056339988 | 2 | -0.5
3.648228738133753 | 2 | -0.5
4.38968091370885 | 2 | -0.5
4.335535264908647 | 2 | -0.5
4.443910256591338 | 2 | -0.5
4.747165857232965 | 2 | -0.5
5.2345011063399 | 2 | -0.5
6.317671337949087 | 2 | -0.5
2.1738112175448268 | 2 | -0.5
2.006994781701707 | 2 | -0.5
1.880309592203931 | 2 | -0.5
1.8958696012130267 | 2 | -0.5
1.9702592074511491 | 2 | -0.5
2.126322632399897 | 2 | -0.5
2.5110444529956704 | 2 | -0.5
3.0866491991336322 | 2 | -0.5
4.484839686579958 | 2 | -0.5
7.717386423561548 | 2 | -0.5
7.53869967596713 | 2 | -0.5
5.959475081135775 | 2 | -0.5
3.22915408708339 | 2 | -0.5
2.239226097991141 | 2 | -0.5
1.8640620979643348 | 2 | -0.5
1.6669438765145885 | 2 | -0.5
1.5158677631956199 | 2 | -0.5
1.4605534809805842 | 2 | -0.5
1.4761023567274518 | 2 | -0.5
1.4576537366872935 | 2 | -0.5
1.5572399408793445 | 2 | -0.5
1.7301420780115424 | 2 | -0.5
2.0316652746664596 | 2 | -0.5
2.4961854441913762 | 2 | -0.5
3.6689344462616376 | 2 | -0.5
4.4153562192496825 | 2 | -0.5
4.3466109336668595 | 2 | -0.5
4.518926950623485 | 2 | -0.5
4.908469423034389 | 2 | -0.5
5.50551284068701 | 2 | -0.5
6.5448744144072295 | 2 | -0.5
8.129615091290967 | 2 | -0.5
2.1990883918976287 | 2 | -0.5
2.081077541488614 | 2 | -0.5
2.089459533448258 | 2 | -0.5
2.2411166053619804 | 2 | -0.5
2.3804420021739565 | 2 | -0.5
2.697668104312068 | 2 | -0.5
3.196903965413444 | 2 | -0.5
4.295048110776336 | 2 | -0.5
7.915603470812055 | 2 | -0.5
7.651091270602013 | 2 | -0.5
6.747863907788328 | 2 | -0.5
3.0119415415120057 | 2 | -0.5
2.020217162354296 | 2 | -0.5
1.63936738605922 | 2 | -0.5
1.4253508032504847 | 2 | -0.5
1.2718315653389038 | 2 | -0.5
1.2222247341708679 | 2 | -0.5
1.184954151710307 | 2 | -0.5
1.26555058054716 | 2 | -0.5
1.344056438912258 | 2 | -0.5
1.4964782629101057 | 2 | -0.5
1.848873953559788 | 2 | -0.5
2.4947766966340303 | 2 | -0.5
4.069789990968078 | 2 | -0.5
4.276396153195384 | 2 | -0.5
4.295663821747078 | 2 | -0.5
4.510941517615619 | 2 | -0.5
4.997291914020223 | 2 | -0.5
5.782430774232873 | 2 | -0.5
7.006994889328104 | 2 | -0.5
2.502475822722668 | 2 | -0.5
2.321929337165828 | 2 | -0.5
2.300501370663352 | 2 | -0.5
2.3505347426660053 | 2 | -0.5
2.458783439468334 | 2 | -0.5
2.8160726380743286 | 2 | -0.5
3.283014016342036 | 2 | -0.5
4.320069149664086 | 2 | -0.5
8.034057595442388 | 2 | -0.5
7.728453942716391 | 2 | -0.5
7.739252435777423 | 2 | -0.5
3.473321556799829 | 2 | -0.5
2.092469253955656 | 2 | -0.5
1.6624957008433459 | 2 | -0.5
1.4561450731077812 | 2 | -0.5
1.2793121710481772 | 2 | -0.5
1.2121997867503889 | 2 | -0.5
1.1495652358244979 | 2 | -0.5
1.1957589064961285 | 2 | -0.5
1.2272536518731991 | 2 | -0.5
1.2828592420330274 | 2 | -0.5
1.498508179621413 | 2 | -0.5
1.7448362026310644 | 2 | -0.5
2.442150342023691 | 2 | -0.5
3.8116353403862457 | 2 | -0.5
4.2647192809559025 | 2 | -0.5
4.330941398043951 | 2 | -0.5
4.531422649575958 | 2 | -0.5
4.9703136888559065 | 2 | -0.5
5.78622554953845 | 2 | -0.5
7.2664987435439565 | 2 | -0.5
2.458882165766912 | 2 | -0.5
2.318291611782073 | 2 | -0.5
2.2787233045724933 | 2 | -0.5
2.315832956698115 | 2 | -0.5
2.461049227678266 | 2 | -0.5
2.699680134291023 | 2 | -0.5
3.327454247518375 | 2 | -0.5
4.201718837703193 | 2 | -0.5
8.143016960715093 | 2 | -0.5
7.780647974781999 | 2 | -0.5
7.609199642296104 | 2 | -0.5
4.6892566438969 | 2 | -0.5
2.4862628697153664 | 2 | -0.5
1.8370395060909637 | 2 | -0.5
1.4711472134492065 | 2 | -0.5
1.4009626529082442 | 2 | -0.5
1.274441986237025 | 2 | -0.5
1.2627810816729084 | 2 | -0.5
1.2143133449759107 | 2 | -0.5
1.2920837144942523 | 2 | -0.5
1.363867573791147 | 2 | -0.5
1.5365425887204298 | 2 | -0.5
1.835702984718554 | 2 | -0.5
2.6017777069211947 | 2 | -0.5
4.361367374659954 | 2 | -0.5
4.37489082617972 | 2 | -0.5
4.3999810043019645 | 2 | -0.5
4.61168306663336 | 2 | -0.5
5.005173376397675 | 2 | -0.5
5.752422360733758 | 2 | -0.5
7.049464335633442 | 2 | -0.5
2.479618434977685 | 2 | -0.5
2.3301065431837316 | 2 | -0.5
2.241568348526585 | 2 | -0.5
2.257387862435717 | 2 | -0.5
2.3779896959945686 | 2 | -0.5
2.613160392153549 | 2 | -0.5
3.0220124003826108 | 2 | -0.5
3.8385898059168544 | 2 | -0.5
8.238497081796924 | 2 | -0.5
7.734820054499069 | 2 | -0.5
7.6019088496669065 | 2 | -0.5
4.455503735820044 | 2 | -0.5
2.4402744378349523 | 2 | -0.5
1.7175710545189413 | 2 | -0.5
1.3941161752821571 | 2 | -0.5
1.2663131902478317 | 2 | -0.5
1.1491675333281008 | 2 | -0.5
1.1218877157682081 | 2 | -0.5
1.120780279231401 | 2 | -0.5
1.1061304541542214 | 2 | -0.5
1.1785386275404823 | 2 | -0.5
1.3253766254740853 | 2 | -0.5
1.4636702807314574 | 2 | -0.5
1.8197042703635637 | 2 | -0.5
2.7742104332592863 | 2 | -0.5
4.480375445147933 | 2 | -0.5
4.413228790526649 | 2 | -0.5
4.526368907715916 | 2 | -0.5
4.793128053194236 | 2 | -0.5
5.510117397372336 | 2 | -0.5
6.513710466842098 | 2 | -0.5
8.167039238420797 | 2 | -0.5
2.441145088251355 | 2 | -0.5
2.3221686165700017 | 2 | -0.5
2.2719145036503208 | 2 | -0.5
2.308744320227331 | 2 | -0.5
2.3948373233677906 | 2 | -0.5
2.654580261647441 | 2 | -0.5
3.077208675999316 | 2 | -0.5
3.7439287694669847 | 2 | -0.5
8.097661657650468 | 2 | -0.5
7.643912179777043 | 2 | -0.5
7.53700710015951 | 2 | -0.5
5.860135870426818 | 2 | -0.5
2.907878755427486 | 2 | -0.5
2.0767656374733985 | 2 | -0.5
1.628410600605921 | 2 | -0.5
1.336053490593168 | 2 | -0.5
1.2196797168203541 | 2 | -0.5
1.1936636523655904 | 2 | -0.5
1.1885823085891125 | 2 | -0.5
1.1728948521715312 | 2 | -0.5
1.29456293859376 | 2 | -0.5
1.42340853107251 | 2 | -0.5
1.656167646372475 | 2 | -0.5
2.0452989425299206 | 2 | -0.5
2.9876639172822577 | 2 | -0.5
4.45750979784296 | 2 | -0.5
4.402888591157291 | 2 | -0.5
4.538972041154828 | 2 | -0.5
4.813680382815529 | 2 | -0.5
5.598868965470627 | 2 | -0.5
6.637272043998665 | 2 | -0.5
2.5162961720869332 | 2 | -0.5
2.2891869343196403 | 2 | -0.5
2.1962412037552514 | 2 | -0.5
2.1948300581255333 | 2 | -0.5
2.2255384989549727 | 2 | -0.5
2.3377589171184225 | 2 | -0.5
2.5682493809689126 | 2 | -0.5
3.083449947714684 | 2 | -0.5
3.7102164447133883 | 2 | -0.5
8.046973134867745 | 2 | -0.5
7.688928111828387 | 2 | -0.5
7.491542930065574 | 2 | -0.5
4.470880452607198 | 2 | -0.5
2.607049141549904 | 2 | -0.5
1.7904561205194964 | 2 | -0.5
1.4961419748282714 | 2 | -0.5
1.3365474826418686 | 2 | -0.5
1.221085097370428 | 2 | -0.5
1.1456087232130852 | 2 | -0.5
1.1979325735941306 | 2 | -0.5
1.2277865597139805 | 2 | -0.5
1.3555670284009387 | 2 | -0.5
1.476452836417886 | 2 | -0.5
1.8869283930402887 | 2 | -0.5
2.434477227986154 | 2 | -0.5
3.8533559375571693 | 2 | -0.5
4.500647346154313 | 2 | -0.5
4.539215065645734 | 2 | -0.5
4.7376307850533115 | 2 | -0.5
5.309443756153125 | 2 | -0.5
6.274476548011628 | 2 | -0.5
7.938010875824067 | 2 | -0.5
2.3308851958309154 | 2 | -0.5
2.1692790819175523 | 2 | -0.5
2.2325486518923268 | 2 | -0.5
2.2295763270737807 | 2 | -0.5
2.505280601943266 | 2 | -0.5
2.850699780040321 | 2 | -0.5
3.4209070459073865 | 2 | -0.5
4.791000317274133 | 2 | -0.5
7.565623719190444 | 2 | -0.5
7.383998301606753 | 2 | -0.5
4.878464113332352 | 2 | -0.5
2.5623719191090593 | 2 | -0.5
1.7497564859317274 | 2 | -0.5
1.4652324412233138 | 2 | -0.5
1.2484926289344178 | 2 | -0.5
1.1881274380032119 | 2 | -0.5
1.1328047540673425 | 2 | -0.5
1.1304950123890658 | 2 | -0.5
1.1982720720614826 | 2 | -0.5
1.2538918461788655 | 2 | -0.5
1.472118971589781 | 2 | -0.5
1.7924418918159173 | 2 | -0.5
2.291476141177482 | 2 | -0.5
3.695452850846546 | 2 | -0.5
4.419158081223045 | 2 | -0.5
4.405144920811937 | 2 | -0.5
4.634802420124705 | 2 | -0.5
5.064827441339478 | 2 | -0.5
5.640920139643716 | 2 | -0.5
6.743533562571528 | 2 | -0.5
2.52794113286304 | 2 | -0.5
2.3634140128867225 | 2 | -0.5
2.2876524827443125 | 2 | -0.5
2.2897239151019586 | 2 | -0.5
2.3670253338757683 | 2 | -0.5
2.596422477179772 | 2 | -0.5
2.9976660627454996 | 2 | -0.5
3.5762264242688695 | 2 | -0.5
4.7947203531615985 | 0 | 5.0
4.241891488258098 | 2 | -0.5
7.9052422172420735 | 2 | -0.5
7.649927303982371 | 2 | -0.5
7.598180387316415 | 2 | -0.5
5.048769717061773 | 2 | -0.5
2.831865668044646 | 2 | -0.5
2.062740335028324 | 2 | -0.5
1.671669969677876 | 2 | -0.5
1.452094815944244 | 2 | -0.5
1.3816091771291419 | 2 | -0.5
1.3062731003104178 | 2 | -0.5
1.3166527065335132 | 2 | -0.5
1.3921069858586916 | 2 | -0.5
1.529924625460897 | 2 | -0.5
1.7273549896099354 | 2 | -0.5
2.0792870530703684 | 2 | -0.5
2.8406595556133865 | 2 | -0.5
4.332225954161774 | 2 | -0.5
4.254596481748697 | 2 | -0.5
4.311631630679874 | 2 | -0.5
4.522700612111406 | 2 | -0.5
4.98974269699717 | 2 | -0.5
5.653231319641631 | 2 | -0.5
6.834906509775576 | 2 | -0.5
2.1875323215073883 | 2 | -0.5
2.0730352172917126 | 2 | -0.5
2.063494033472877 | 2 | -0.5
2.082463879802024 | 2 | -0.5
2.17044416994918 | 2 | -0.5
2.3595090820548874 | 2 | -0.5
2.673339255141059 | 2 | -0.5
3.262253612317305 | 2 | -0.5
4.416225130045484 | 2 | -0.5
7.965213024256028 | 2 | -0.5
7.664160778802035 | 2 | -0.5
5.831434740397863 | 2 | -0.5
2.909756800971513 | 2 | -0.5
1.9928182892323374 | 2 | -0.5
1.615490830012242 | 2 | -0.5
1.3925742516279025 | 2 | -0.5
1.3182687179377344 | 2 | -0.5
1.2773019646623276 | 2 | -0.5
1.2412949234853203 | 2 | -0.5
1.3467503600943378 | 2 | -0.5
1.411836925739474 | 2 | -0.5
1.6069731689055475 | 2 | -0.5
1.8828649737908194 | 2 | -0.5
2.4254762335738507 | 2 | -0.5
3.825584952015434 | 2 | -0.5
4.32377771755796 | 2 | -0.5
4.3554437051991615 | 2 | -0.5
4.503468115621874 | 2 | -0.5
4.84532630012659 | 2 | -0.5
5.418771037084341 | 2 | -0.5
6.371124189275406 | 2 | -0.5
2.508121986495695 | 2 | -0.5
2.290031953684694 | 2 | -0.5
2.2451402030166507 | 2 | -0.5
2.228273322367098 | 2 | -0.5
2.290523113538218 | 2 | -0.5
2.4913368808821175 | 2 | -0.5
2.8586538569019524 | 2 | -0.5
3.5687185610996424 | 2 | -0.5
4.818410509919505 | 0 | 5.0
4.14577252197198 | 2 | -0.5
7.944229577505406 | 2 | -0.5
7.767166967637902 | 2 | -0.5
7.768429406391513 | 2 | -0.5
3.7972283904058948 | 2 | -0.5
2.533986450794666 | 2 | -0.5
1.9043107555766607 | 2 | -0.5
1.6318211791482793 | 2 | -0.5
1.4816804557401657 | 2 | -0.5
1.4038139396390035 | 2 | -0.5
1.4115418384199712 | 2 | -0.5
1.4161889942995092 | 2 | -0.5
1.5291421161025067 | 2 | -0.5
1.7471020898758354 | 2 | -0.5
2.063432958338799 | 2 | -0.5
2.6218265341915585 | 2 | -0.5
3.9388867780239 | 2 | -0.5
4.196646697972101 | 2 | -0.5
4.217799225557573 | 2 | -0.5
4.31724230876374 | 2 | -0.5
4.650814018143602 | 2 | -0.5
5.380020508011752 | 2 | -0.5
6.611843003906738 | 2 | -0.5
2.2370583296306723 | 2 | -0.5
2.0680061949918547 | 2 | -0.5
2.0518893511300154 | 2 | -0.5
2.010451727695298 | 2 | -0.5
2.1395555978821763 | 2 | -0.5
2.2418047657701115 | 2 | -0.5
2.575712740915432 | 2 | -0.5
3.1331837343106086 | 2 | -0.5
3.8688342645336653 | 2 | -0.5
8.065937649894014 | 2 | -0.5
7.810414177667663 | 2 | -0.5
7.883026158647034 | 2 | -0.5
3.4480802684179666 | 2 | -0.5
2.4375763475054795 | 2 | -0.5
1.8105967478350555 | 2 | -0.5
1.5772947367527783 | 2 | -0.5
1.3995693420413993 | 2 | -0.5
1.37921075323427 | 2 | -0.5
1.3310223293082752 | 2 | -0.5
1.4104592265299116 | 2 | -0.5
1.4784726288405714 | 2 | -0.5
1.6443496043803307 | 2 | -0.5
1.8321356429224447 | 2 | -0.5
2.371926416700361 | 2 | -0.5
3.674050563692976 | 2 | -0.5
4.1813596811258575 | 2 | -0.5
4.176576814523859 | 2 | -0.5
4.310361982938239 | 2 | -0.5
4.580129824259567 | 2 | -0.5
5.160875093741542 | 2 | -0.5
6.13115569901152 | 2 | -0.5
8.51685379870082 | 2 | -0.5
2.2522404164616674 | 2 | -0.5
2.139691345012658 | 2 | -0.5
2.144327434126857 | 2 | -0.5
2.2327462887285656 | 2 | -0.5
2.387759599747968 | 2 | -0.5
2.6996015634424952 | 2 | -0.5
3.298597339894768 | 2 | -0.5
4.438725430969032 | 2 | -0.5
8.074455918818437 | 2 | -0.5
7.84993204600461 | 2 | -0.5
7.6507816054269835 | 2 | -0.5
3.4564660689837727 | 2 | -0.5
2.369308105389084 | 2 | -0.5
1.9703398330058175 | 2 | -0.5
1.7496812787248843 | 2 | -0.5
1.5313113618661585 | 2 | -0.5
1.3981815275793492 | 2 | -0.5
1.3601399534137415 | 2 | -0.5
1.403000598460201 | 2 | -0.5
1.4273080774736937 | 2 | -0.5
1.5018775971019365 | 2 | -0.5
1.6867708262158574 | 2 | -0.5
2.0218544439565895 | 2 | -0.5
2.5709416291604046 | 2 | -0.5
3.713055986940707 | 2 | -0.5
4.112351548785721 | 2 | -0.5
4.07926129075242 | 2 | -0.5
4.231138769750254 | 2 | -0.5
4.589010764996258 | 2 | -0.5
5.290356507645521 | 2 | -0.5
6.315262676449914 | 2 | -0.5
11.920801768660784 | 2 | -0.5
2.1374759935290863 | 2 | -0.5
2.1071872060951353 | 2 | -0.5
2.1283671530056183 | 2 | -0.5
2.2240144920320293 | 2 | -0.5
2.416929879864314 | 2 | -0.5
2.826596750769249 | 2 | -0.5
3.469539337412042 | 2 | -0.5
4.80744680490823 | 2 | -0.5
7.943516139233895 | 2 | -0.5
7.869589491870051 | 2 | -0.5
4.369653246787027 | 2 | -0.5
2.447613248842239 | 2 | -0.5
1.9085601301423805 | 2 | -0.5
1.6170164055568668 | 2 | -0.5
1.4548328331008844 | 2 | -0.5
1.3163462543348297 | 2 | -0.5
1.3585443903720766 | 2 | -0.5
1.305183044361513 | 2 | -0.5
1.3489022509218096 | 2 | -0.5
1.4559785237273564 | 2 | -0.5
1.6308024643261763 | 2 | -0.5
1.9699927863014401 | 2 | -0.5
2.630163482674054 | 2 | -0.5
3.9130738697658476 | 2 | -0.5
3.987962262638175 | 2 | -0.5
3.94116869991602 | 2 | -0.5
4.123304578311661 | 2 | -0.5
4.386826202292766 | 2 | -0.5
4.88391898888319 | 2 | -0.5
5.742009307883541 | 2 | -0.5
7.255638937992276 | 2 | -0.5
2.0733649219803123 | 2 | -0.5
1.9834430620878811 | 2 | -0.5
1.9455752965556967 | 2 | -0.5
2.0053148086053114 | 2 | -0.5
2.1154852106421167 | 2 | -0.5
2.3726429940878253 | 2 | -0.5
2.638168394732546 | 2 | -0.5
3.189035541171632 | 2 | -0.5
Total reward: -461.5
