-2.2, 2.1, -5.5, 4.8, -3.1, -2.8, 0.1, 4.5, 5.9, 5.7, 5.6, -1.3, 2.4, -1.8, 0.7, 0.6, -0.7, 4.5
parameter ends

state | action | reward
[0.07] | [-0.18  5.11] | -0.03506990013617774
0.08817238763013328 | [-3.59  4.51] | 0.044881294043585054
0.1446944202947367 | [-9.03  0.71] | 0.06867898729121437
0.2363862320722916 | [-10.63  -2.1 ] | 0.11542542683516341
0.3319454048901727 | [-8.42 -4.01] | 0.298211056194563
0.42706122430293203 | [-7.04 -5.08] | 0.5364980791831205
0.5250338829149482 | [-5.72 -5.54] | 0.7893992781073069
0.6255082997632155 | [-4.19 -5.44] | 1.0215607607208657
0.7270194699870964 | [-2.4  -4.88] | 1.2148439716936266
0.8281201787562028 | [-0.41 -4.02] | 1.2943306108152082
0.9209663125247657 | [ 2.17 -3.1 ] | 1.0809712602340915
0.9850474439251421 | [ 5.39 -2.88] | 0.5973245141411698
1.009268872706897 | [ 7.7  -2.84] | -0.029462195492112993
0.9934384878925349 | [ 9.36 -2.73] | -0.739165514334146
0.936661444243737 | [10.91 -1.99] | -1.3724953099533954
0.8443291515864606 | [12.68 -0.17] | -1.6899042382875398
0.7321387314748417 | [13.47  3.44] | -1.5554575040833973
0.6207346268158666 | [12.74  7.73] | -1.2574809361153922
0.5159507615611572 | [12.26 11.06] | -0.9957523065971359
0.414029795932999 | [11.87 14.07] | -0.7489926235772061
0.3126585507332907 | [11.4  16.83] | -0.5108300048384753
0.2105946278317189 | [10.72 19.33] | -0.2758774689969211
0.10753546697610493 | [ 9.8  21.53] | -0.042979568209707004
0.0036785161794610118 | [ 8.65 23.44] | 0.18617420588113792
-0.10060868822459654 | [ 7.29 25.04] | 0.4087478896305861
-0.20493269651690435 | [ 5.77 26.33] | 0.6215191256548056
-0.3089117694398405 | [ 4.1  27.31] | 0.8210197277487306
-0.4121706995003388 | [ 2.3  27.97] | 1.0031715022955836
-0.5143333916420665 | [ 0.39 28.29] | 1.1281288475506102
-0.6079310214949931 | [-2.28 27.15] | 1.0769363657660356
-0.6723210553085636 | [-6.11 23.09] | 0.810014901642877
-0.6959470164737711 | [-9.2  17.91] | 0.38190190069590146
-0.6782529835628811 | [-11.93  11.23] | -0.12571405551751003
-0.6185703748006531 | [-14.59   3.91] | -0.5668857543509866
-0.5228317034882207 | [-17.12  -2.85] | -0.6598298732090507
-0.41621395663434124 | [-15.79  -5.68] | -0.4706545844575958
-0.3139634445011108 | [-14.89  -7.07] | -0.26075199299239327
-0.21357618358350106 | [-14.07  -7.86] | -0.03625244172568085
-0.1135626091854264 | [-13.19  -8.3 ] | 0.19012233484711238
-0.01296796945017938 | [-12.15  -8.42] | 0.41154049481361604
0.08842382114230453 | [-10.88  -8.26] | 0.62348348516792
0.19033624433649463 | [-9.4  -7.82] | 0.8217072991798561
0.2923103010080347 | [-7.75 -7.15] | 1.0023556812158674
0.3938739681434665 | [-5.96 -6.3 ] | 1.1620665892926596
0.49459324095707113 | [-4.07 -5.3 ] | 1.2978815407982478
0.5940718110726261 | [-2.12 -4.2 ] | 1.407230718210572
0.6919751488818191 | [-0.15 -3.03] | 1.379033643315689
0.7764913160243848 | [ 2.9  -1.72] | 1.0255229670624872
0.8243951642137275 | [ 6.65 -0.87] | 0.39280218701629055
0.8249796160680224 | [ 9.14 -0.09] | -0.24753580932380825
0.7843968071589108 | [10.12  1.89] | -0.5849897944765615
0.7196394121180646 | [9.68 5.25] | -0.653092353264804
0.6426420122109432 | [9.64 8.18] | -0.6248895630622517
0.5568622800358917 | [ 9.63 10.98] | -0.5260524492900225
0.46538529047129135 | [ 9.45 13.54] | -0.389250338713281
0.370307451011002 | [ 9.03 15.74] | -0.23436446748574413
0.2731467018636773 | [ 8.35 17.54] | -0.07257009746352716
0.17506948626477575 | [ 7.43 18.95] | 0.08870150858077151
0.0769366911191316 | [ 6.34 20.01] | 0.2442176045896843
-0.02065483559072684 | [ 5.11 20.75] | 0.39038221181615873
-0.11730115876379456 | [ 3.78 21.22] | 0.5247251400743475
-0.2127213471356487 | [ 2.41 21.44] | 0.6454912204088639
-0.3067357346174051 | [ 1.   21.45] | 0.7517661129268703
-0.39923913897920116 | [-0.39 21.28] | 0.7073934405895949
-0.46645107574980066 | [-5.05 16.61] | 0.38463895628588035
-0.4824197105681702 | [-9.95  9.29] | -0.1063086833228884
-0.44311799088548265 | [-13.84   1.33] | -0.5387577394734097
-0.35899205345126745 | [-16.68  -5.48] | -0.5871110926820476
-0.2609833553962948 | [-15.22  -7.36] | -0.3744329069150168
-0.16470054487607744 | [-14.41  -8.57] | -0.1584501439053461
-0.06721550792013163 | [-13.76  -9.4 ] | 0.07344743052674906
0.03249795180462753 | [-13.02  -9.89] | 0.31258905758950756
0.1344782626781135 | [-11.99 -10.02] | 0.5502330792071985
0.2381827378537915 | [-10.62  -9.81] | 0.7803139565572486
0.3429686584610767 | [-8.96 -9.31] | 0.9990493945434727
0.44832270287661286 | [-7.11 -8.58] | 1.2038026347304505
0.5538639080611929 | [-5.09 -7.66] | 1.3919709113658105
0.6592798710034511 | [-2.97 -6.59] | 1.5603634058968667
0.7642692992601738 | [-0.74 -5.4 ] | 1.6790301500463518
0.8656653969111126 | [ 1.73 -4.09] | 1.555318417160599
0.9428441654539251 | [ 4.99 -3.18] | 1.1833313787449014
0.9828072977245949 | [ 7.33 -2.84] | 0.6789795985077587
0.9869026548176268 | [ 9.05 -2.63] | 0.03517502332299909
0.9527487281590277 | [10.49 -2.14] | -0.6449349406959187
0.8808322601176514 | [12.07 -0.88] | -1.208528356826379
0.7777064442459308 | [13.71  1.56] | -1.3080095690609728
0.6666659704860242 | [12.76  6.37] | -1.0749488831364138
0.5613491642358183 | [12.19  9.92] | -0.8422032154342762
0.4590727045115706 | [11.69 13.  ] | -0.6096675200052378
0.3580420312322717 | [11.14 15.74] | -0.3849730239570029
0.2569988895085111 | [10.43 18.15] | -0.16737672597527337
0.1554932085257033 | [ 9.51 20.2 ] | 0.044224400940573116
0.05365148108168623 | [ 8.38 21.89] | 0.24850453893134572
-0.048151028084131756 | [ 7.06 23.24] | 0.44266497801159915
-0.1494868290671043 | [ 5.58 24.23] | 0.623473800399521
-0.249948562781112 | [ 3.97 24.9 ] | 0.7877063637161101
-0.34916021565377797 | [ 2.26 25.23] | 0.9320722724228261
-0.44680400512591684 | [ 0.51 25.26] | 1.0204072027829618
-0.5357477561809612 | [-2.11 23.85] | 0.8984580647589743
-0.5906627550268186 | [-6.83 18.38] | 0.5161213030260542
-0.5962116544014455 | [-10.57  11.63] | 0.002509531913345655
-0.5538482696271064 | [-13.82   3.93] | -0.4820614448181644
-0.4695882721056018 | [-16.56  -3.21] | -0.5959689523883624
-0.3710716293616919 | [-15.16  -5.9 ] | -0.4169139319111121
-0.2744146969362589 | [-14.36  -7.43] | -0.2199621614248582
-0.17724278432728632 | [-13.7  -8.4] | -0.0031918974881857305
-0.07862169003165773 | [-12.94  -8.98] | 0.2218706467146084
0.021759364693527534 | [-11.95  -9.2 ] | 0.4462051767717369
0.12360108643606221 | [-10.68  -9.06] | 0.6633809541714966
0.2263226995870301 | [-9.15 -8.63] | 0.8683231533052329
0.32933236762907336 | [-7.43 -7.94] | 1.0569676898623046
0.4321166280777409 | [-5.55 -7.06] | 1.2257700253202755
0.5342296155556611 | [-3.56 -6.02] | 1.371259029654805
0.6352590121436575 | [-1.5  -4.86] | 1.4896599352810198
0.7348318719116006 | [ 0.58 -3.63] | 1.3951963562446101
0.8129181405756678 | [ 4.3  -2.25] | 0.989403420095236
0.8502782689182337 | [ 7.43 -1.44] | 0.3872829561603224
0.8438481255736006 | [ 9.74 -0.68] | -0.28998887993244005
0.7946455981274073 | [11.33  0.91] | -0.6806671457545532
0.7198735430613722 | [10.77  4.69] | -0.7207817563388174
0.6357066106902926 | [10.56  7.91] | -0.6547966541807023
0.5455364787863912 | [10.44 10.85] | -0.5265524367721757
0.45154240658002354 | [10.21 13.54] | -0.3676803076880266
0.3550322097900316 | [ 9.77 15.87] | -0.19722505243832938
0.2569033612637231 | [ 9.08 17.82] | -0.02389330208406401
0.157961112913005 | [ 8.16 19.37] | 0.14679346702915003
0.05891444733178246 | [ 7.04 20.56] | 0.31047470299678026
-0.03967280668149024 | [ 5.77 21.41] | 0.4637423729188098
-0.13738076772835825 | [ 4.39 21.96] | 0.6040420312173644
-0.2338971933213687 | [ 2.94 22.24] | 0.7294506135373604
-0.3289999584227742 | [ 1.45 22.28] | 0.8387947553359955
-0.4225595914203564 | [-0.04 22.1 ] | 0.8286108542405197
-0.49725798970219093 | [-3.85 18.62] | 0.5405785540166638
-0.526171766148607 | [-8.87 11.56] | 0.026938824720222295
-0.49948069945113716 | [-12.81   3.56] | -0.4803951626177564
-0.4249857792174809 | [-15.83  -3.8 ] | -0.6008065700399913
-0.3326957286293063 | [-14.59  -6.37] | -0.4246818207054805
-0.2397048350382696 | [-13.96  -7.98] | -0.23128147298310323
-0.14421549011656537 | [-13.44  -9.06] | -0.01379986318932543
-0.04590065955197656 | [-12.81  -9.72] | 0.2164436244775848
0.054987198663460246 | [-11.89  -9.99] | 0.44866411015503016
0.15776379233236487 | [-10.63  -9.87] | 0.6752223261197849
0.26166215614637234 | [-9.09 -9.44] | 0.8908707180348522
0.36604554327619804 | [-7.33 -8.75] | 1.0918617568098485
0.47042381839567615 | [-5.41 -7.86] | 1.2749214913523055
0.5743936679948286 | [-3.36 -6.8 ] | 1.4365257546546442
0.6775776856114457 | [-1.22 -5.62] | 1.572111360719602
0.7795998982149114 | [ 0.96 -4.34] | 1.4691237315758199
0.8575657861706217 | [ 4.7  -3.02] | 1.0767911516590711
0.8946587794969874 | [ 7.42 -2.31] | 0.533638142176029
0.8919375343719891 | [ 9.45 -1.67] | -0.1294062074687485
0.8476621102568298 | [11.27 -0.6 ] | -0.7377113300206418
0.7670051863340159 | [12.66  1.74] | -0.9515206601843504
0.671044691860689 | [11.91  6.03] | -0.8426116301465665
0.5738360945287404 | [11.55  9.41] | -0.6814714531676107
0.47575870672470566 | [11.21 12.4 ] | -0.4907958709372339
0.3770422687342734 | [10.77 15.07] | -0.2930692175484832
0.2775691230116204 | [10.14 17.37] | -0.09680449769039516
0.17742556171377624 | [ 9.28 19.29] | 0.0949574723453287
0.07697516462790582 | [ 8.21 20.83] | 0.27936610652041066
-0.02330882675357438 | [ 6.95 22.  ] | 0.45327312232005973
-0.12297533045507647 | [ 5.54 22.84] | 0.6137148648207146
-0.22164073257971623 | [ 4.02 23.35] | 0.7581471771072572
-0.3189859135670647 | [ 2.43 23.57] | 0.8844401338546425
-0.4147749377116956 | [ 0.81 23.52] | 0.9753016667818992
-0.505833443738363 | [-1.21 22.7 ] | 0.8297260529104028
-0.5622460958214731 | [-6.62 16.43] | 0.3856334209507345
-0.5636936590148296 | [-10.73   9.08] | -0.16517830424062563
-0.5142703945595389 | [-14.12   1.15] | -0.6360489586009324
-0.4236928538632649 | [-16.66  -5.62] | -0.6882121170676677
-0.3221111725403838 | [-15.02  -7.54] | -0.461703157085691
-0.22413717811406517 | [-14.12  -8.75] | -0.24032936536423327
-0.1260073021756683 | [-13.44  -9.6 ] | -0.008375053911236826
-0.02624155590266002 | [-12.69 -10.14] | 0.22869052404605383
0.0754667486313143 | [-11.67 -10.31] | 0.4639667490014826
0.17871325894515 | [-10.33 -10.12] | 0.6917515547188388
0.2828887001998325 | [-8.72 -9.63] | 0.9077670622637379
0.3874475121764777 | [-6.91 -8.9 ] | 1.1086851765830212
0.49194637944434094 | [-4.95 -7.97] | 1.2913277771796685
0.595999651496193 | [-2.88 -6.88] | 1.4520648414983985
0.6992313487061934 | [-0.72 -5.66] | 1.559870223232995
0.7980295452182086 | [ 1.74 -4.3 ] | 1.4273281622508818
0.8708662435961063 | [ 5.27 -3.11] | 1.0237457816906843
0.9036311461615906 | [ 7.82 -2.43] | 0.47082535267245873
0.8969069962206385 | [ 9.75 -1.75] | -0.18936647621694339
0.8491655448690448 | [11.52 -0.59] | -0.7783808906341464
0.7661283073963181 | [12.89  1.85] | -0.969433740509037
0.6688403739217749 | [12.16  6.15] | -0.8481601812143013
0.5708898040572942 | [11.8   9.51] | -0.6806121857598221
0.4723956187222533 | [11.47 12.5 ] | -0.48598418713019015
0.37342983402084096 | [11.03 15.17] | -0.285349002972899
0.2737596575103595 | [10.41 17.48] | -0.08645803396086515
0.17339158607031768 | [ 9.56 19.43] | 0.10808130953796102
0.07264486459594277 | [ 8.49 21.01] | 0.2955991324722839
-0.02802247784437939 | [ 7.23 22.24] | 0.47293062438904804
-0.12815631220622928 | [ 5.82 23.12] | 0.636973105367304
-0.2273611652739306 | [ 4.28 23.68] | 0.7849839776617943
-0.3253010932886071 | [ 2.66 23.94] | 0.9145888337786386
-0.4217131446092332 | [ 1.   23.91] | 1.0241875612178648
-0.5164308766763334 | [-0.65 23.63] | 0.9394307188573552
-0.5842430236496853 | [-5.42 18.54] | 0.5552925293918272
-0.6022202488203016 | [-9.64 11.65] | -0.0015076377025101569
-0.5688373503466886 | [-13.1    3.72] | -0.5440799868633729
-0.4904288538009388 | [-15.88  -3.64] | -0.6826874217892271
-0.3957088741767565 | [-14.58  -6.36] | -0.5069216967993454
-0.3013729893149599 | [-13.91  -8.01] | -0.3149275047191359
-0.20537093893732092 | [-13.37  -9.11] | -0.10085738329540851
-0.10713288864024798 | [-12.74  -9.81] | 0.12463986277838324
-0.006678919503176693 | [-11.83 -10.11] | 0.35209184277925953
0.09546530074567189 | [-10.62 -10.04] | 0.5745556518521774
0.19859952274347828 | [-9.14 -9.64] | 0.7866813092121444
0.3020882047425206 | [-7.44 -8.97] | 0.984301040908458
0.4054124674462404 | [-5.59 -8.1 ] | 1.1637789228262396
0.5081333709449227 | [-3.61 -7.05] | 1.3214295465569306
0.609844014134022 | [-1.55 -5.88] | 1.4528726595669337
0.7101653513891855 | [ 0.54 -4.61] | 1.3964876590829844
0.7901866777179267 | [ 4.17 -3.04] | 1.0524691726780901
0.8312319479465106 | [ 7.31 -2.  ] | 0.5102510606356728
0.8299517878132909 | [ 9.66 -1.03] | -0.1470476516294173
0.7852071849861327 | [11.73  0.4 ] | -0.6299547658554283
0.7094031982295421 | [11.84  3.85] | -0.7308799846228787
0.6219116845784392 | [11.43  7.43] | -0.6524840380127677
0.5298389862806169 | [11.23 10.51] | -0.5138093322836524
0.4347631846764947 | [10.96 13.33] | -0.34232311564050083
0.3376631053972678 | [10.53 15.81] | -0.1601276587942737
0.2390653990257424 | [ 9.87 17.93] | 0.023617338731295304
0.13952279523283623 | [ 8.96 19.66] | 0.2039803525251932
0.03964698276284177 | [ 7.85 21.01] | 0.37690040110136175
-0.05999339907859534 | [ 6.55 22.01] | 0.5388520185435232
-0.15893144613752078 | [ 5.12 22.68] | 0.6869710756365695
-0.25680024092133874 | [ 3.6  23.05] | 0.8190036947494534
-0.3533119566067618 | [ 2.02 23.15] | 0.9332975195851293
-0.4482748648507916 | [ 0.42 23.  ] | 0.9712640045360306
-0.5323294152777507 | [-2.38 20.97] | 0.7353487719647989
-0.5769883637270868 | [-7.57 14.25] | 0.21531760388399715
-0.5662074847851515 | [-11.53   6.45] | -0.3638200233509061
-0.5051756616426958 | [-14.7  -1.4] | -0.5840337006958556
-0.42137733724616505 | [-13.72  -4.88] | -0.47142407797118685
-0.3333654341466097 | [-13.31  -7.04] | -0.3184326983322556
-0.24087281964772073 | [-12.95  -8.47] | -0.1266312828068517
-0.14462219282943822 | [-12.44  -9.37] | 0.08672750392641847
-0.04539634163929221 | [-11.64  -9.79] | 0.3069257469352348
0.05587494686155472 | [-10.52  -9.79] | 0.5242519760625489
0.15826434560964206 | [-9.12 -9.44] | 0.7318549731519894
0.2609971039700947 | [-7.49 -8.81] | 0.924780404874824
0.36347002775463244 | [-5.69 -7.96] | 1.0990980103940522
0.4651982747905766 | [-3.78 -6.93] | 1.2511880229127816
0.5657586524087578 | [-1.79 -5.78] | 1.3771813074439516
0.664789180655443 | [ 0.23 -4.53] | 1.34758130104735
0.746456574941521 | [ 3.68 -2.9 ] | 1.0296665171110964
0.7903088480883826 | [ 7.15 -1.66] | 0.4805525872782059
0.7896532381821113 | [ 9.76 -0.5 ] | -0.1417262450851165
0.7467031511954426 | [11.32  1.53] | -0.497711743720814
0.6784409647196143 | [10.74  5.23] | -0.5484014608168373
0.5994198598387239 | [10.61  8.28] | -0.5040926141172237
0.5126859208729273 | [10.56 11.12] | -0.39343027739565534
0.4209042991096339 | [10.37 13.73] | -0.24819275171784178
0.32579129108099586 | [ 9.95 15.99] | -0.08824386161912195
0.22854665744234298 | [ 9.28 17.86] | 0.07637393232674108
0.13016986228069813 | [ 8.37 19.36] | 0.23920521394678498
0.03148643726772524 | [ 7.25 20.48] | 0.3954336393565059
-0.0668746879264419 | [ 5.98 21.28] | 0.5415169868006344
-0.16446208378345342 | [ 4.61 21.78] | 0.6749369609159793
-0.2609520076382653 | [ 3.15 22.02] | 0.7939036484883011
-0.3561130993805292 | [ 1.67 22.03] | 0.8973549742327178
-0.449805952915856 | [ 0.17 21.84] | 0.8879798641788531
-0.5279225293245658 | [-3.19 18.85] | 0.5745323196618934
-0.5618731588512955 | [-8.36 11.57] | 0.0024232105577302564
-0.5386928920949838 | [-12.29   3.43] | -0.5637419464388902
-0.46647823401522703 | [-15.26  -4.09] | -0.7095853156582447
-0.37560280464412166 | [-14.1   -6.75] | -0.5362425810002373
-0.2834275978082418 | [-13.55  -8.47] | -0.34651562897825244
-0.18833913889738668 | [-13.11  -9.65] | -0.13142724503911096
-0.09017259553309229 | [-12.56 -10.4 ] | 0.09826400386905781
0.01069675650347979 | [-11.7  -10.73] | 0.33189719754362607
0.11350195626053305 | [-10.51 -10.67] | 0.5616086368232506
0.21742822219944197 | [ -9.02 -10.27] | 0.7818031183078172
0.3218122923809185 | [-7.32 -9.6 ] | 0.9884368452460791
0.42614848537734773 | [-5.44 -8.71] | 1.1780350831125292
0.5300229323183112 | [-3.44 -7.66] | 1.34692402830517
0.6330503949184126 | [-1.34 -6.46] | 1.4902712685986286
0.7348519786510253 | [ 0.8  -5.16] | 1.4293575924392241
0.8144604425383893 | [ 4.47 -3.61] | 1.092591922266873
0.8547639480475653 | [ 7.34 -2.62] | 0.5865151594769833
0.855199953840525 | [ 9.52 -1.7 ] | -0.042204138102930104
0.8140843258729435 | [11.47 -0.36] | -0.606159978138238
0.7375151796829732 | [12.62  2.33] | -0.8030812580377852
0.6455390986562691 | [11.99  6.38] | -0.7181216483701809
0.550707158118948 | [11.69  9.64] | -0.5728325898241878
0.45403613297990925 | [11.38 12.56] | -0.3929457463779013
0.3561905103690488 | [10.95 15.15] | -0.2030200320508223
0.2573151677920249 | [10.32 17.38] | -0.013232070196084904
0.1576255916062804 | [ 9.47 19.23] | 0.17234399362704755
0.05754110494572146 | [ 8.4  20.71] | 0.35043906303341893
-0.04244042954534995 | [ 7.14 21.83] | 0.5178276452838692
-0.14185806449147711 | [ 5.73 22.61] | 0.6716414112598765
-0.24032851940991473 | [ 4.22 23.08] | 0.8095285848479186
-0.3375394797800446 | [ 2.63 23.27] | 0.9296513014313234
-0.43325777335296106 | [ 1.02 23.19] | 1.0310269387604794
-0.527344138496212 | [-0.59 22.89] | 0.9208466026737796
-0.594489008038205 | [-5.35 17.63] | 0.49046262645280636
-0.610748431826781 | [-9.67 10.41] | -0.11068536908045826
-0.5741470656359705 | [-13.12   2.34] | -0.6699699966514258
-0.49267058729394847 | [-15.77  -4.91] | -0.7869384054251436
-0.39625246258148417 | [-14.41  -7.31] | -0.5872035840998623
-0.30103844186465417 | [-13.72  -8.84] | -0.38295551589427
-0.2044279371198691 | [-13.2   -9.91] | -0.16153334247654746
-0.10559431709742995 | [-12.59 -10.6 ] | 0.0697613570526566
-0.004519943542853382 | [-11.7 -10.9] | 0.30302212763397296
0.09825112768328986 | [-10.5  -10.83] | 0.5318242033178034
0.20202084096570846 | [ -9.01 -10.42] | 0.7511336956742143
0.3061797771753091 | [-7.3  -9.75] | 0.9570272692423087
0.4102410362820214 | [-5.44 -8.86] | 1.1459820377387924
0.513791634825945 | [-3.45 -7.8 ] | 1.3142336089470747
0.6164400824347601 | [-1.37 -6.6 ] | 1.4568700355351651
0.7178039887135725 | [ 0.76 -5.3 ] | 1.4028013460240247
0.7972504418596001 | [ 4.44 -3.67] | 1.0730684559576782
0.837367108359734 | [ 7.38 -2.59] | 0.5683140583599595
0.8371008348282247 | [ 9.63 -1.55] | -0.055465850662100954
0.794914445391609 | [11.64 -0.08] | -0.5816291784080562
0.7189214811125766 | [12.44  2.94] | -0.7424733114341279
0.6288027783868154 | [11.9   6.79] | -0.6617037667753826
0.5351320460007128 | [11.64  9.97] | -0.5201678840627495
0.4391690539487072 | [11.36 12.83] | -0.3441338278345876
0.3417197768335035 | [10.93 15.38] | -0.1577586544611548
0.2430582741619278 | [10.29 17.56] | 0.028982647749877577
0.14350540868531222 | [ 9.42 19.36] | 0.21167215815677234
0.04354074508642407 | [ 8.33 20.79] | 0.38676766497549553
-0.05631275277201812 | [ 7.06 21.86] | 0.5509548164788416
-0.15558855819997786 | [ 5.65 22.6 ] | 0.7013950705181974
-0.25390632562244025 | [ 4.13 23.04] | 0.8358160836071659
-0.35095987642454 | [ 2.54 23.19] | 0.9524974847226757
-0.4465248316603165 | [ 0.93 23.08] | 1.0434858836991197
-0.5393575323065779 | [-0.82 22.56] | 0.8829286493385113
-0.6006633358385792 | [-6.01 16.45] | 0.3941735994028096
-0.6077492202457243 | [-10.19   8.98] | -0.22266748393317448
-0.5624038465628075 | [-13.53   0.89] | -0.7460553574914747
-0.47524531789631086 | [-15.83  -5.9 ] | -0.8152472154494168
-0.3761925200367445 | [-14.39  -7.96] | -0.5937737735758949
-0.2794839892050146 | [-13.63  -9.31] | -0.3765443694013217
-0.18192451125948692 | [-13.07 -10.28] | -0.1472463719079145
-0.08236852031158111 | [-12.42 -10.92] | 0.08902890894707481
0.01929055097019994 | [-11.48 -11.16] | 0.32566783440046754
0.12253391245092923 | [-10.22 -11.03] | 0.5568056450796496
0.2266944278940655 | [ -8.69 -10.59] | 0.7778201192654023
0.33119737394740184 | [-6.95 -9.88] | 0.9850705941412694
0.4355831065096458 | [-5.05 -8.96] | 1.1751613309837423
0.5394549534925466 | [-3.04 -7.87] | 1.3442744052384203
0.6424291840275133 | [-0.93 -6.64] | 1.4812030844218602
0.7432814059081491 | [ 1.3  -5.29] | 1.3980936598480322
0.8195343209160337 | [ 5.   -3.75] | 1.0390287820522268
0.855143836642156 | [ 7.73 -2.75] | 0.5280058269373228
0.8512236445174061 | [ 9.83 -1.73] | -0.0923458732873435
0.8062723450655496 | [11.77 -0.24] | -0.6216413510315125
0.7275980669766365 | [12.78  2.68] | -0.7854554751602553
0.6349584860697334 | [12.19  6.64] | -0.6920276546463123
0.5397525321897199 | [11.9   9.86] | -0.5423360620437928
0.4428863537527783 | [11.61 12.74] | -0.36020301643558944
0.3449349948719764 | [11.17 15.31] | -0.16903306001544272
0.24597708733478582 | [10.54 17.53] | 0.021688134514492877
0.14618336771618945 | [ 9.68 19.38] | 0.20812971985753737
0.045946265548189424 | [ 8.61 20.87] | 0.38708946018721485
-0.05424631890491399 | [ 7.35 22.  ] | 0.5553142457270209
-0.15393160187538218 | [ 5.93 22.8 ] | 0.7098575956298434
-0.25271885846150205 | [ 4.4  23.28] | 0.8482716543527163
-0.35028612274295534 | [ 2.79 23.48] | 0.968619531612422
-0.44638457866641984 | [ 1.15 23.4 ] | 1.0697812406901879
-0.5408606034429034 | [-0.49 23.1 ] | 0.9671545424403577
-0.6102000515142526 | [-5.01 18.16] | 0.5417912417667533
-0.6302624448867825 | [-9.34 11.02] | -0.07375219049118684
-0.5973585689071297 | [-12.77   2.93] | -0.6633430268077404
-0.5186993513353495 | [-15.44  -4.46] | -0.8071559078477036
-0.4239327773000902 | [-14.14  -7.09] | -0.6202029926932595
-0.3296485589337059 | [-13.5   -8.74] | -0.42393685464881414
-0.23359715643323226 | [-13.02  -9.89] | -0.20762362358715528
-0.1351657739672952 | [-12.44 -10.65] | 0.020264144652874204
-0.0344310167047589 | [-11.59 -10.99] | 0.2512178062420362
0.06801702454120868 | [-10.41 -10.94] | 0.4784598152383873
0.17144543282171182 | [ -8.96 -10.56] | 0.6965951802998804
0.2752121138643724 | [-7.3 -9.9] | 0.9013852007902932
0.3788016279110528 | [-5.46 -9.02] | 1.0891023018531631
0.4817782961547611 | [-3.51 -7.96] | 1.2558819567201591
0.5837357578959274 | [-1.47 -6.76] | 1.3968683529878405
0.6842925606727508 | [ 0.62 -5.46] | 1.3593422296093913
0.7640804252570912 | [ 4.28 -3.72] | 1.0480644811812043
0.8049484551918898 | [ 7.39 -2.46] | 0.5465860666384981
0.8043497229533506 | [ 9.78 -1.23] | -0.0700273563031163
0.761028628352908 | [11.92  0.45] | -0.5283636802969214
0.6870192960224997 | [12.01  4.01] | -0.6291624154994634
0.601078225555908 | [11.64  7.51] | -0.5600457193473753
0.510038072423806 | [11.45 10.53] | -0.4279617152722796
0.4157026394222995 | [11.2 13.3] | -0.2615629589492749
0.31919024794115103 | [10.77 15.74] | -0.08380453543722291
0.2210784200314115 | [10.12 17.81] | 0.0954986368840984
0.12192378134129644 | [ 9.22 19.5 ] | 0.2711963132153504
0.022336871081681944 | [ 8.12 20.82] | 0.43923594993232273
-0.07710789707888242 | [ 6.83 21.8 ] | 0.5961816349239621
-0.1759361733685739 | [ 5.41 22.44] | 0.7393062681690764
-0.2737782130305466 | [ 3.9 22.8] | 0.8665382414425967
-0.3703454007593265 | [ 2.32 22.88] | 0.9764341140226674
-0.46543708618378526 | [ 0.73 22.73] | 1.0375386612035016
-0.5545157134328675 | [-1.43 21.56] | 0.8011508976744515
-0.6065530008923399 | [-6.88 14.6 ] | 0.23785260064821148
-0.6013309421200095 | [-10.91   6.75] | -0.3938724512388365
-0.5444669809236022 | [-14.07  -1.25] | -0.6513911651370701
-0.46333733841225355 | [-13.16  -4.93] | -0.5546890169685075
-0.37692123310596953 | [-12.82  -7.26] | -0.4138145128598528
-0.28531204216042755 | [-12.55  -8.83] | -0.22970254077734417
-0.189540264977831 | [-12.1   -9.82] | -0.020571485646844967
-0.09060573368594135 | [-11.37 -10.32] | 0.1979012597886681
0.01043208196131358 | [-10.31 -10.37] | 0.4153299565745681
0.11257279753451582 | [ -8.96 -10.05] | 0.624330771615112
0.21500015333909872 | [-7.38 -9.44] | 0.8195582344926969
0.3170868450486456 | [-5.64 -8.59] | 0.9968434715775027
0.41833424359629096 | [-3.78 -7.56] | 1.1524320937089798
0.5183165451211804 | [-1.84 -6.4 ] | 1.2824193720870238
0.6166860570099846 | [ 0.12 -5.14] | 1.279139410675249
0.6988781431160376 | [ 3.48 -3.37] | 1.001391235266436
0.7438225078622962 | [ 7.14 -1.82] | 0.4847098854299623
0.7436182941813699 | [ 9.93 -0.31] | -0.0893118311674808
0.7020075573435036 | [11.36  2.15] | -0.4042158732961491
0.6360000350629135 | [10.88  5.75] | -0.45080161530210566
0.558684056281671 | [10.8   8.75] | -0.40611703404651256
0.4731169340657333 | [10.77 11.56] | -0.2959650044565661
0.3820693036873769 | [10.58 14.13] | -0.15121544515918459
0.28737094543159925 | [10.16 16.36] | 0.008458355786486273
0.19032116808746624 | [ 9.47 18.21] | 0.17259951598250725
0.0919904509461196 | [ 8.53 19.68] | 0.3343943011679405
-0.006747184477728357 | [ 7.39 20.78] | 0.4888607208766439
-0.10522940850107168 | [ 6.09 21.55] | 0.6324246124969047
-0.20298201949058617 | [ 4.67 22.02] | 0.7626003098231746
-0.29966617386002076 | [ 3.19 22.23] | 0.8776689302077205
-0.39503849858618223 | [ 1.66 22.2 ] | 0.976675860331082
-0.4889507483764224 | [ 0.13 21.96] | 0.9456745212855917
-0.5666272308223023 | [-3.31 18.75] | 0.5882197315377431
-0.5997299874969703 | [-8.33 11.36] | -0.03275278041032241
-0.5758325068891306 | [-12.13   3.15] | -0.6402618847195214
-0.5030445775464433 | [-14.97  -4.41] | -0.7988138021583805
-0.41186460986284 | [-13.81  -7.1 ] | -0.6226317754231605
-0.3195560471150727 | [-13.28  -8.85] | -0.4331709113313293
-0.22440515839034486 | [-12.87 -10.08] | -0.21922013765266826
-0.12620715647236547 | [-12.36 -10.89] | 0.0096002941771587
-0.025330767589476028 | [-11.54 -11.26] | 0.2433404049275429
0.07745214011458784 | [-10.39 -11.23] | 0.47430197625669573
0.18132035489158715 | [ -8.95 -10.85] | 0.696759467025361
0.28560362045250415 | [ -7.28 -10.2 ] | 0.9064713648470271
0.38978842119978296 | [-5.44 -9.32] | 1.0997961284162636
0.4934522397625547 | [-3.48 -8.26] | 1.2729138007542662
0.5962017725228891 | [-1.42 -7.06] | 1.4207667304231406
0.6976554756185605 | [ 0.7  -5.75] | 1.3870157461903858
0.778049941373185 | [ 4.32 -4.03] | 1.0866993568298358
0.8199556489971866 | [ 7.31 -2.82] | 0.6055819899353659
0.8217139108551197 | [ 9.62 -1.66] | 0.002312302039106753
0.7817640369951738 | [11.68 -0.07] | -0.5153706228360451
0.7077996281368621 | [12.51  2.99] | -0.6827324135876334
0.6191360026501935 | [11.98  6.8 ] | -0.6116433953488116
0.5263993173958713 | [11.73  9.95] | -0.4766367304988532
0.43104274216327976 | [11.46 12.79] | -0.3049719533169034
0.3340201450139104 | [11.04 15.31] | -0.12169574403696523
0.23568458880457976 | [10.4  17.47] | 0.06241803341082415
0.13638427537996023 | [ 9.54 19.26] | 0.24258978554940647
0.03660863663472555 | [ 8.47 20.68] | 0.4151696400215656
-0.06311156059349417 | [ 7.2  21.74] | 0.5768382614608214
-0.1623028019338838 | [ 5.8  22.47] | 0.7248013222935565
-0.2605808852996549 | [ 4.28 22.89] | 0.8568627816767038
-0.35763900442901897 | [ 2.7  23.04] | 0.9714021394119109
-0.45324867681351017 | [ 1.09 22.93] | 1.06764930817341
-0.5472737311223749 | [-0.51 22.61] | 0.942711347438094
-0.6151906849474579 | [-5.14 17.4 ] | 0.480772036770096
-0.6324155286760168 | [-9.48 10.03] | -0.16073218053484528
-0.5959260179323576 | [-12.88   1.86] | -0.750926215801957
-0.5142461589165711 | [-15.45  -5.39] | -0.8714391346537413
-0.4177905102042463 | [-14.1   -7.75] | -0.6649312414344111
-0.32258880019446484 | [-13.44  -9.29] | -0.45837216523051133
-0.22593039535381929 | [-12.96 -10.39] | -0.23589968346332083
-0.12697095659152935 | [-12.39 -11.13] | -0.0033988872350368196
-0.02572806937103273 | [-11.53 -11.46] | 0.23185978908373023
0.07721769721650598 | [-10.35 -11.41] | 0.46355099354966955
0.18115078179655164 | [ -8.89 -11.01] | 0.6865895801617036
0.28545813932952646 | [ -7.21 -10.35] | 0.8969896381034357
0.389654290427342 | [-5.37 -9.46] | 1.091172382131953
0.49332774168788696 | [-3.4 -8.4] | 1.2652817164400185
0.5960874636275221 | [-1.34 -7.19] | 1.4141307059459425
0.6975502033290122 | [ 0.78 -5.86] | 1.3764314410420133
0.777168258516558 | [ 4.45 -4.12] | 1.0717295825483273
0.8177184831469652 | [ 7.4  -2.89] | 0.592928289261589
0.8183050958241548 | [ 9.69 -1.69] | -0.004837700969713889
0.7773791432484503 | [11.76 -0.05] | -0.5121108950678557
0.7028855173466216 | [12.56  3.07] | -0.6716096780178469
0.614031912771418 | [12.04  6.87] | -0.5985962758507568
0.5211835558613486 | [11.8  10.01] | -0.4624292694667041
0.4257742149822477 | [11.52 12.84] | -0.29018035284133054
0.3287353920825795 | [11.09 15.35] | -0.1066553811359669
0.2304008057178444 | [10.46 17.5 ] | 0.0775042780812305
0.13110352356220858 | [ 9.59 19.28] | 0.25756986944518745
0.03132313647142859 | [ 8.51 20.7 ] | 0.4299194145289288
-0.06841396591267251 | [ 7.25 21.76] | 0.5912499849480152
-0.16763496510187134 | [ 5.84 22.48] | 0.7387781296844609
-0.26595481564926743 | [ 4.32 22.91] | 0.8703183830335438
-0.3630655347431962 | [ 2.74 23.05] | 0.9842640846065484
-0.4587360983254248 | [ 1.12 22.94] | 1.0798550733854526
-0.552827988562563 | [-0.48 22.62] | 0.9544770329619758
-0.6212344503159586 | [-5.05 17.47] | 0.4892069125099916
-0.6392610881329067 | [-9.4 10.1] | -0.1605720878172764
-0.603451123654541 | [-12.79   1.92] | -0.7607731296289705
-0.5222450479668763 | [-15.34  -5.37] | -0.8867994457114132
-0.42607328528237204 | [-14.01  -7.76] | -0.6817452276000568
-0.3310362491475433 | [-13.36  -9.33] | -0.47637241093799293
-0.23447220304546665 | [-12.89 -10.45] | -0.2547433284869216
-0.13557196154125348 | [-12.33 -11.2 ] | -0.02274545747086135
-0.03437282998813132 | [-11.49 -11.55] | 0.21232988802896052
0.06853257334741492 | [-10.32 -11.5 ] | 0.4441008399308349
0.17241998784330118 | [ -8.87 -11.12] | 0.6673986446244876
0.2766691961509947 | [ -7.2  -10.46] | 0.8781606188869606
0.380788711542172 | [-5.37 -9.57] | 1.0727545426539966
0.48436207121625424 | [-3.41 -8.5 ] | 1.2472844827045377
0.586994664002212 | [-1.35 -7.29] | 1.3965296299421426
0.6883026529122148 | [ 0.75 -5.97] | 1.3637392727605908
0.7679549939228446 | [ 4.42 -4.18] | 1.0653038754099309
0.8086153294485482 | [ 7.41 -2.9 ] | 0.5901612567497498
0.8091404455796742 | [ 9.73 -1.64] | -0.003016742125104893
0.7680305510364417 | [11.83  0.07] | -0.4945824534060178
0.6940091336842592 | [12.48  3.31] | -0.6409892526104859
0.6060906557192354 | [12.    7.03] | -0.5704889230007424
0.5138447117938016 | [11.78 10.13] | -0.4364159665170313
0.4188217683493875 | [11.51 12.93] | -0.26627451022940357
0.32202013793608497 | [11.08 15.42] | -0.08468942561897261
0.22383366435483074 | [10.44 17.55] | 0.0977433302909535
0.12464285684146684 | [ 9.57 19.31] | 0.27614251694931063
0.024954751797854197 | [ 8.49 20.7 ] | 0.44677751433823415
-0.07469220988542669 | [ 7.22 21.74] | 0.6063208142399009
-0.17382207271981762 | [ 5.81 22.44] | 0.7520183895758316
-0.2720509589377558 | [ 4.3  22.85] | 0.8817369446117325
-0.3690738699120902 | [ 2.71 22.98] | 0.9939368588394619
-0.46466360273750457 | [ 1.1  22.86] | 1.087932167581333
-0.558684575748636 | [-0.5  22.52] | 0.9529992881587831
-0.6265872135469869 | [-5.11 17.26] | 0.4729861867914688
-0.6436369354660529 | [-9.44  9.83] | -0.18706656906446406
-0.6067430593658751 | [-12.8    1.63] | -0.7901757483892025
-0.5246744008403043 | [-15.32  -5.62] | -0.9110317093524577
-0.42802937605501473 | [-13.97  -7.95] | -0.7007296332832669
-0.3327386607036293 | [-13.32  -9.49] | -0.49277150861308744
-0.23601208903621854 | [-12.85 -10.61] | -0.26972069016038724
-0.13697783205497743 | [-12.29 -11.36] | -0.0367033675680771
-0.03565676999748277 | [-11.45 -11.71] | 0.19937121145063277
0.06736165388499984 | [-10.29 -11.66] | 0.43225510564882447
0.17135774616663152 | [ -8.84 -11.27] | 0.6568481079547284
0.27571805269346666 | [ -7.17 -10.61] | 0.8691341445731583
0.3799576513093778 | [-5.34 -9.73] | 1.0655062215676172
0.48366514968791924 | [-3.38 -8.66] | 1.242062904134652
0.5864491806374645 | [-1.32 -7.44] | 1.3934938618844217
0.6879259086139636 | [ 0.78 -6.11] | 1.3626803927754332
0.7675518176927459 | [ 4.46 -4.32] | 1.0683911042686427
0.8081725472380188 | [ 7.41 -3.02] | 0.6004560243813339
0.8089734442672255 | [ 9.72 -1.74] | 0.014065685491028683
0.7684131309858864 | [11.82 -0.02] | -0.48259359474982394
0.6945099543920923 | [12.59  3.16] | -0.638755057124327
0.6062632791801199 | [12.09  6.93] | -0.568649163076037
0.5138204921018759 | [11.86 10.04] | -0.4346225207672937
0.4186894285014786 | [11.59 12.86] | -0.26403468825065096
0.32185326338043846 | [11.16 15.35] | -0.08183634028019088
0.22367453468972692 | [10.52 17.49] | 0.10111678334851895
0.12449674647559428 | [ 9.66 19.26] | 0.2799588548972631
0.024803023631065776 | [ 8.58 20.67] | 0.45101843700984234
-0.07487710310712033 | [ 7.32 21.72] | 0.6109904571052119
-0.1740674415112001 | [ 5.91 22.44] | 0.757115057179849
-0.2723806182876621 | [ 4.4  22.85] | 0.887246403497531
-0.36950784119757446 | [ 2.81 22.99] | 0.9998276244092924
-0.46521571516894505 | [ 1.19 22.88] | 1.0941381038342004
-0.5593631092017002 | [-0.41 22.55] | 0.9708190209701972
-0.6288274721039148 | [-4.85 17.57] | 0.502250261212925
-0.6485553925918045 | [-9.23 10.17] | -0.16181337248333671
-0.6140512265361605 | [-12.61   1.97] | -0.7783899249780799
-0.5337164965056982 | [-15.16  -5.37] | -0.9127139550607957
-0.43807418590931624 | [-13.85  -7.81] | -0.7097149678635737
-0.34333971370482597 | [-13.22  -9.42] | -0.5061497378934056
-0.24693391653944868 | [-12.77 -10.57] | -0.28573559345474797
-0.1481114445045902 | [-12.23 -11.35] | -0.05432502312375431
-0.0469510107112317 | [-11.41 -11.72] | 0.18073819306464917
0.0559284908315583 | [-10.26 -11.68] | 0.4129611597737612
0.15978646549564576 | [ -8.82 -11.31] | 0.6370455233757563
0.26399197500602817 | [ -7.17 -10.65] | 0.8488225850986172
0.36804600009126615 | [-5.35 -9.77] | 1.0445901718454849
0.47152642932968303 | [-3.41 -8.7 ] | 1.220394881896453
0.5740348871537729 | [-1.36 -7.49] | 1.3709463722786783
0.6751871078311787 | [ 0.73 -6.16] | 1.3459112729173535
0.7549216565756917 | [ 4.39 -4.32] | 1.058120528401098
0.7957999012435146 | [ 7.42 -2.96] | 0.5908850585153641
0.7964123703519062 | [ 9.78 -1.6 ] | 0.006505655181742839
0.7553106615753433 | [11.92  0.2 ] | -0.46570952618504813
0.6820424829725715 | [12.41  3.58] | -0.5981861035499719
0.5953458881258297 | [11.98  7.2 ] | -0.5313422253560859
0.5039006702997239 | [11.77 10.26] | -0.40025732543538345
0.40940366500090103 | [11.51 13.04] | -0.23300744527047984
0.3129397026096572 | [11.08 15.49] | -0.054024992550671565
0.2149768745826968 | [10.44 17.59] | 0.12607279278220443
0.11595056178135887 | [ 9.57 19.32] | 0.3022055473733772
0.016399127851304436 | [ 8.48 20.68] | 0.4705176039599973
-0.08312447048678864 | [ 7.21 21.69] | 0.6276595141881816
-0.18213953477753667 | [ 5.8  22.38] | 0.770919915050452
-0.2802626234713973 | [ 4.29 22.76] | 0.8982362697930001
-0.37719171141887764 | [ 2.71 22.87] | 1.0081566279467309
-0.47270288589325676 | [ 1.1  22.74] | 1.1000831257317554
-0.566662768297997 | [-0.5  22.39] | 0.9558962279211165
-0.6344018172767621 | [-5.11 17.07] | 0.4594137298601034
-0.6510134789452257 | [-9.42  9.56] | -0.21606144608163833
-0.6134252854259256 | [-12.75   1.34] | -0.8272495167372151
-0.5307523116714833 | [-15.22  -5.88] | -0.9450983036660432
-0.43379789121503964 | [-13.87  -8.16] | -0.7299119459276543
-0.3383462222011497 | [-13.22  -9.69] | -0.5198227095076435
-0.24150156091341385 | [-12.76 -10.81] | -0.29566287394498636
-0.1423494468380367 | [-12.22 -11.57] | -0.06173678683095028
-0.04090865244600357 | [-11.39 -11.93] | 0.1754232401938055
0.062225368341561484 | [-10.23 -11.88] | 0.40966700453290067
0.16633223294975805 | [ -8.79 -11.5 ] | 0.635922783232362
0.2708022134640839 | [ -7.13 -10.84] | 0.8501914713337574
0.37515507449789165 | [-5.3  -9.96] | 1.048874219743685
0.47898324460295943 | [-3.35 -8.89] | 1.228050262344768
0.5818978720764899 | [-1.3  -7.67] | 1.3822942138380712
0.6835150662453895 | [ 0.81 -6.33] | 1.3562039136606512
0.7631629304548944 | [ 4.48 -4.5 ] | 1.069853301328398
0.8038496429894603 | [ 7.42 -3.17] | 0.6121490801929121
0.8050205423104153 | [ 9.73 -1.84] | 0.035767136476083206
0.7651069298711761 | [11.83 -0.08] | -0.46083907918906875
0.6915755137500506 | [12.7   3.08] | -0.6238739826410296
0.6033236936107135 | [12.19  6.87] | -0.5553831697252262
0.5108963491282628 | [11.95  9.99] | -0.4223311417647252
0.4157966694258655 | [11.67 12.8 ] | -0.2520994336579301
0.31901767895818245 | [11.25 15.3 ] | -0.06993744241933288
0.22091048818131392 | [10.62 17.44] | 0.11297993056732641
0.12179352039255475 | [ 9.76 19.22] | 0.2917303056357211
0.02213175995646456 | [ 8.69 20.63] | 0.4626639828075123
-0.0775514903157232 | [ 7.43 21.68] | 0.6224896800127235
-0.17677849857291478 | [ 6.02 22.41] | 0.768449099143232
-0.27515789349717773 | [ 4.51 22.83] | 0.8983990925640426
-0.3723772543257547 | [ 2.92 22.98] | 1.0107855310915181
-0.46819725739131735 | [ 1.3  22.87] | 1.1048742598193342
-0.5624708340697379 | [-0.31 22.55] | 0.9922235553749548
-0.6336291898193421 | [-4.56 17.87] | 0.5318858415204939
-0.6561957726469928 | [-8.99 10.48] | -0.1406639986778385
-0.6241565453118936 | [-12.4    2.26] | -0.7743655223800463
-0.5456014663189175 | [-14.95  -5.15] | -0.9232166676095765
-0.45100474482709235 | [-13.68  -7.71] | -0.7273577263625605
-0.35685583728505466 | [-13.09  -9.38] | -0.5283413594473512
-0.2607821380715047 | [-12.66 -10.59] | -0.31071961919450214
-0.16216932380789134 | [-12.14 -11.4 ] | -0.08097392045412713
-0.06116162155607964 | [-11.34 -11.78] | 0.15315012449861365
0.04158691754945949 | [-10.2  -11.77] | 0.38490933158232676
0.14531211477558292 | [ -8.79 -11.4 ] | 0.6087921075418644
0.24936466533876395 | [ -7.15 -10.75] | 0.8204634962433061
0.35323128328205194 | [-5.35 -9.87] | 1.0161167236017674
0.45647919219693533 | [-3.42 -8.81] | 1.191734473289049
0.5587034581489135 | [-1.4  -7.59] | 1.3420286524821818
0.6595203507796684 | [ 0.67 -6.26] | 1.324478951359456
0.7393557592775025 | [ 4.33 -4.37] | 1.0460631308278037
0.7804918509927156 | [ 7.43 -2.92] | 0.5827748471519664
0.7809460468162844 | [ 9.85 -1.47] | 0.0038361783539633022
0.7393741150302552 | [12.05  0.43] | -0.439568793840355
0.66699270208243 | [12.21  4.02] | -0.54702496465167
0.582157525479375 | [11.85  7.5 ] | -0.4844528466717961
0.49192856006461394 | [11.68 10.49] | -0.35719051474153274
0.39822072755294885 | [11.43 13.22] | -0.19423918769950355
0.3022377648369013 | [11.01 15.63] | -0.019313452831045734
0.20457257318484445 | [10.36 17.68] | 0.1571561227891803
0.10576342034785194 | [ 9.48 19.36] | 0.32983558361296916
0.006409126825098657 | [ 8.39 20.67] | 0.49467753901795763
-0.09291170863625833 | [ 7.11 21.63] | 0.6482993010875817
-0.19171315303751055 | [ 5.7  22.28] | 0.7880560476526095
-0.28961582497645905 | [ 4.19 22.62] | 0.9119876795184316
-0.3863251298311786 | [ 2.62 22.71] | 1.0187673473889438
-0.4816268168857135 | [ 1.02 22.55] | 1.107926726274226
-0.5753945721039361 | [-0.56 22.2 ] | 0.9422335994269015
-0.6416396658161742 | [-5.31 16.56] | 0.4155616819696606
-0.6554752997426054 | [-9.56  8.94] | -0.2747413018987216
-0.615044252810193 | [-12.84   0.7 ] | -0.8448146179028703
-0.5324648969757375 | [-14.79  -5.99] | -0.9309240320316439
-0.43695077229319995 | [-13.62  -8.26] | -0.7253583280663601
-0.3419624633985226 | [-13.05  -9.8 ] | -0.518345553530302
-0.24517794019898143 | [-12.62 -10.92] | -0.29537061622142985
-0.14593344520483867 | [-12.08 -11.67] | -0.06226841016877961
-0.044391642124784386 | [-11.24 -12.  ] | 0.17409160167001322
0.058785118549095 | [-10.07 -11.94] | 0.40740297207832726
0.16286016824828248 | [ -8.62 -11.54] | 0.6325307940792486
0.2672229700501666 | [ -6.96 -10.86] | 0.8454101764787767
0.37139259615337117 | [-5.14 -9.96] | 1.0423595562197894
0.4749576241234657 | [-3.19 -8.88] | 1.2193123086157744
0.577525185975284 | [-1.15 -7.64] | 1.3706835526056251
0.6787129384962578 | [ 0.95 -6.3 ] | 1.330242517152675
0.7561779605582596 | [ 4.75 -4.41] | 1.0221997194379362
0.7929517845036812 | [ 7.67 -3.02] | 0.5527079312398304
0.7897686003336475 | [ 9.99 -1.58] | -0.024203186515704446
0.7452605031883358 | [12.13  0.33] | -0.46821634323616873
0.6701539262594287 | [12.43  3.88] | -0.5752982683003999
0.5829024605610402 | [12.04  7.45] | -0.502667597244648
0.4911070712184356 | [11.83 10.47] | -0.36779467295008655
0.3964405677212835 | [11.56 13.22] | -0.1992192952107812
0.299910035024038 | [11.11 15.63] | -0.020365023118572988
0.201940919961829 | [10.45 17.69] | 0.1588288215220821
0.10295034144135817 | [ 9.56 19.38] | 0.3335096289303639
0.0034641980028354384 | [ 8.46 20.71] | 0.4999357365093062
-0.09597543114841496 | [ 7.18 21.69] | 0.6548654481144577
-0.19489697583150817 | [ 5.76 22.34] | 0.7956971021027157
-0.29292423302554665 | [ 4.25 22.7 ] | 0.9204722251833569
-0.3897609767143781 | [ 2.66 22.79] | 1.0278483532103364
-0.48518825557465195 | [ 1.06 22.64] | 1.1173403256515175
-0.5790759316766345 | [-0.54 22.28] | 0.9557223473433282
-0.6459678695258944 | [-5.21 16.75] | 0.4330876497660381
-0.6609637374479567 | [-9.47  9.16] | -0.2600973603738298
-0.621690812668192 | [-12.74   0.92] | -0.8673833983127078
-0.5383155854840085 | [-15.02  -6.13] | -0.9739960245380015
-0.4413504818339637 | [-13.72  -8.37] | -0.7567679841772013
-0.345816297845452 | [-13.09  -9.89] | -0.5454732152618967
-0.2488595433011834 | [-12.65 -11.01] | -0.3206507358126936
-0.14958109137862435 | [-12.11 -11.78] | -0.0862261462249556
-0.04802437297337826 | [-11.29 -12.13] | 0.15156150856358244
0.05519933858845026 | [-10.13 -12.09] | 0.3866289033747323
0.15936729056073473 | [ -8.7  -11.71] | 0.6139063664044506
0.2638722906169729 | [ -7.04 -11.05] | 0.8293744557133544
0.3682361592501089 | [ -5.23 -10.16] | 1.0294039011324
0.47205152143089374 | [-3.28 -9.08] | 1.2100079140176625
0.5749288599850121 | [-1.24 -7.85] | 1.365618018961426
0.6764840117021643 | [ 0.86 -6.51] | 1.340218569706383
0.7555281151188736 | [ 4.56 -4.63] | 1.0551495447063324
0.795168159669579 | [ 7.49 -3.24] | 0.6024206161423153
0.7953425613329677 | [ 9.81 -1.83] | 0.034188880055555246
0.7545217233742508 | [11.94  0.02] | -0.4441257542141068
0.6808633489958825 | [12.69  3.3 ] | -0.5927659436090367
0.5930624099434899 | [12.21  7.03] | -0.5243845501388068
0.5009393050562522 | [11.98 10.12] | -0.3917156820511733
0.4060598998698439 | [11.71 12.9 ] | -0.22242392238050152
0.3094396576578509 | [11.28 15.37] | -0.04146671675346791
0.21145071205990915 | [10.64 17.49] | 0.14015010280474363
0.11242997095012437 | [ 9.77 19.24] | 0.3174590056082542
0.012852521248400733 | [ 8.69 20.63] | 0.4867710077403821
-0.08675432845679931 | [ 7.43 21.67] | 0.6448066015730448
-0.18591211942797978 | [ 6.02 22.37] | 0.7888549920980799
-0.2842305087131832 | [ 4.5  22.78] | 0.9168363665191508
-0.3813991208614871 | [ 2.92 22.91] | 1.027269322931326
-0.4771804706272829 | [ 1.3  22.79] | 1.1194979417537065
-0.5714284863871134 | [-0.31 22.46] | 0.998576857169426
-0.6424546182794841 | [-4.56 17.72] | 0.5228950145919669
-0.6646613668076224 | [-8.97 10.28] | -0.1650002915276958
-0.632061309187264 | [-12.34   2.03] | -0.808166702991653
-0.5529987142410291 | [-14.85  -5.37] | -0.9557498258706204
-0.45813200208546556 | [-13.57  -7.89] | -0.7559596982314498
-0.36384358813985734 | [-12.99  -9.56] | -0.5553391936659107
-0.2676733082316554 | [-12.57 -10.77] | -0.33697921839603096
-0.16896992274277894 | [-12.06 -11.59] | -0.10663579768842313
-0.06787366876077247 | [-11.27 -11.98] | 0.12829030605407307
0.034957183585050774 | [-10.15 -11.97] | 0.3611388840948679
0.1387571525809956 | [ -8.74 -11.61] | 0.5864023433214721
0.24287843465221176 | [ -7.11 -10.97] | 0.7997352358632891
0.3468097307561337 | [ -5.32 -10.09] | 0.9973165152656497
0.45011949621971564 | [-3.4  -9.02] | 1.1750896847613799
0.5524033016140079 | [-1.38 -7.8 ] | 1.3276556509945283
0.6532768200132515 | [ 0.69 -6.46] | 1.314636088031077
0.7330550526096938 | [ 4.35 -4.53] | 1.0436527062041756
0.7741311764379935 | [ 7.44 -3.04] | 0.5894570165675113
0.7747119555129939 | [ 9.87 -1.53] | 0.01992882711762003
0.7334407024406298 | [12.08  0.43] | -0.4185785252006867
0.6613887125379263 | [12.26  4.03] | -0.526494320988737
0.5768073906904081 | [11.91  7.5 ] | -0.46512070462013894
0.4867733990399334 | [11.73 10.49] | -0.3388030114427649
0.3932218912958154 | [11.49 13.21] | -0.17658028837894288
0.29737239518629577 | [11.07 15.61] | -0.0022732679239790624
0.19981990521637938 | [10.42 17.65] | 0.17356684061799932
0.1010976531390588 | [ 9.54 19.33] | 0.3455625270631334
0.0018012176819466041 | [ 8.45 20.64] | 0.5096635703581558
-0.09748988236151346 | [ 7.18 21.6 ] | 0.6624969851282101
-0.19628660581106996 | [ 5.77 22.24] | 0.8014357290491427
-0.29420668675758455 | [ 4.26 22.59] | 0.9245450159549767
-0.39095372357807645 | [ 2.68 22.67] | 1.0305231361181924
-0.48631007706036644 | [ 1.09 22.51] | 1.1189168464776693
-0.5801463466435267 | [-0.5  22.16] | 0.95732455455981
-0.64743707938095 | [-5.12 16.7 ] | 0.43077403087415106
-0.6629981668737126 | [-9.4   9.06] | -0.27088063831507536
-0.6239435181110655 | [-12.68   0.8 ] | -0.8679769547045577
-0.541532411722218 | [-14.77  -6.08] | -0.9677820108410349
-0.44567498441671016 | [-13.56  -8.35] | -0.7578619579743497
-0.3506151328477274 | [-12.98  -9.91] | -0.5498569610027991
-0.25383552843056245 | [-12.56 -11.06] | -0.32664981727752757
-0.15460289224828935 | [-12.03 -11.83] | -0.09313642478161754
-0.053052778631105794 | [-11.21 -12.18] | 0.14407158336233677
0.05015778360015537 | [-10.06 -12.14] | 0.3786929373489269
0.15428827941179138 | [ -8.63 -11.75] | 0.6055481708276486
0.2587242517977243 | [ -6.98 -11.08] | 0.8205413498344276
0.36298300614296464 | [ -5.17 -10.19] | 1.0199838544234794
0.4666530430097233 | [-3.23 -9.11] | 1.1998127092174093
0.5693418163118993 | [-1.19 -7.88] | 1.3543901436929855
0.670665693006921 | [ 0.9  -6.53] | 1.3259711558202232
0.7489463988416539 | [ 4.65 -4.61] | 1.0357615860032248
0.7872395528744579 | [ 7.59 -3.18] | 0.5800243173933917
0.7858128564954852 | [ 9.93 -1.71] | 0.013174180430909873
0.7432276521483823 | [12.08  0.23] | -0.43955768808550394
0.6692119070670659 | [12.54  3.7 ] | -0.5620233092150715
0.5822261032480169 | [12.12  7.31] | -0.493115298604391
0.49063141450956993 | [11.91 10.35] | -0.360680132253939
0.3961079384886323 | [11.64 13.1 ] | -0.19301080645014687
0.2997031755395578 | [11.21 15.53] | -0.014272129082353896
0.20184339835683088 | [10.56 17.6 ] | 0.16505319961483875
0.1029258433738918 | [ 9.68 19.31] | 0.3399754027802688
0.0034632095961771754 | [ 8.59 20.66] | 0.5067293238400619
-0.0960032328539719 | [ 7.32 21.65] | 0.6620474312321393
-0.19499548030053565 | [ 5.9  22.32] | 0.803295715495497
-0.2931295893183068 | [ 4.39 22.69] | 0.9284910604387999
-0.39010294812555985 | [ 2.8  22.79] | 1.0362622495547826
-0.4856877907879027 | [ 1.19 22.65] | 1.1260792512345097
-0.5797463089702132 | [-0.41 22.31] | 0.982043749731966
-0.6488626450013383 | [-4.84 17.19] | 0.47605030330960885
-0.6676614937001418 | [-9.18  9.64] | -0.2240523619214059
-0.6317211079844579 | [-12.48   1.37] | -0.8613500253548201
-0.550123595195919 | [-14.92  -5.91] | -0.9909830685187783
-0.45382758888877867 | [-13.6   -8.26] | -0.7779221335589805
-0.35875513207767384 | [-12.99  -9.84] | -0.5701674951787232
-0.26210787836884675 | [-12.56 -11.02] | -0.34772950899556265
-0.16305118103966834 | [-12.05 -11.82] | -0.11465601927661853
-0.061657046118676326 | [-11.25 -12.2 ] | 0.12254028971300833
0.0414439096382018 | [-10.12 -12.18] | 0.35756590475980904
0.14550836465933764 | [ -8.7  -11.82] | 0.5851468726636586
0.24991047925353618 | [ -7.07 -11.17] | 0.8011106496717387
0.3541578694202258 | [ -5.27 -10.29] | 1.0017415169150012
0.4578333117857827 | [-3.34 -9.21] | 1.1830145748520213
0.5605411998355792 | [-1.31 -7.99] | 1.3393769914322922
0.6618961860657917 | [ 0.77 -6.64] | 1.3254166333421882
0.7415871391323134 | [ 4.44 -4.72] | 1.05568058068736
0.7824689446646056 | [ 7.44 -3.26] | 0.6106005874184778
0.7836123303875668 | [ 9.82 -1.78] | 0.04869338259955277
0.7435323070315697 | [11.98  0.14] | -0.4160759424818847
0.6710686215738297 | [12.58  3.52] | -0.5549754372243605
0.5847234567075492 | [12.14  7.16] | -0.49133116288225415
0.4935630019494515 | [11.94 10.21] | -0.36248023386359335
0.3993082837956416 | [11.67 12.97] | -0.19652373315848864
0.30307823439008574 | [11.25 15.42] | -0.01835109283331366
0.2053342308424286 | [10.61 17.51] | 0.16094162414603438
0.10648123995805524 | [ 9.75 19.24] | 0.33614286813909583
0.007035655263577599 | [ 8.67 20.61] | 0.5033999097626118
-0.09245445601125737 | [ 7.41 21.62] | 0.6593807024468498
-0.19150256180581482 | [ 6.   22.31] | 0.8013941657164355
-0.2897170964950496 | [ 4.48 22.7 ] | 0.9274122611502429
-0.3867897711293409 | [ 2.9  22.81] | 1.0360190380516399
-0.48248637684232626 | [ 1.29 22.68] | 1.126627934097858
-0.5766633859390538 | [-0.32 22.34] | 0.9981551826129219
-0.6474023185893197 | [-4.58 17.54] | 0.5091972164336973
-0.6689861003804651 | [-8.98 10.03] | -0.1901715680564045
-0.6355585066542736 | [-12.33   1.76] | -0.837625071037894
-0.5557957197007385 | [-14.8  -5.6] | -0.9807278996174328
-0.46055062518995926 | [-13.52  -8.07] | -0.7760729267234826
-0.36605793576532675 | [-12.93  -9.72] | -0.5731539738105188
-0.2697475064332245 | [-12.52 -10.93] | -0.3535449861127404
-0.17091710319585834 | [-12.02 -11.75] | -0.1222445949565111
-0.06969714902463746 | [-11.23 -12.15] | 0.11369899212637309
0.03325318916722932 | [-10.11 -12.14] | 0.3477289978834982
0.13717057479740463 | [ -8.7  -11.78] | 0.5743857893007022
0.24141259540083376 | [ -7.08 -11.14] | 0.7893605101721044
0.3454737690416311 | [ -5.29 -10.26] | 0.9888536363706877
0.448927177426234 | [-3.37 -9.19] | 1.1687976630945172
0.5513711989395818 | [-1.35 -7.96] | 1.3236896468277446
0.6524207819456921 | [ 0.72 -6.62] | 1.313091358106722
0.7321851325361782 | [ 4.38 -4.67] | 1.0467808403645935
0.7732457777277582 | [ 7.44 -3.16] | 0.6001342227282082
0.7741294471102717 | [ 9.86 -1.63] | 0.03771357931536369
0.7334329288944699 | [12.07  0.34] | -0.4067689487816392
0.6614474140439364 | [12.38  3.88] | -0.524650040501258
0.5764616856323883 | [12.01  7.4 ] | -0.4632496476682179
0.48618633142939854 | [11.82 10.4 ] | -0.33666466662851735
0.3925015378633847 | [11.57 13.13] | -0.1736466307855481
0.29660505386727143 | [11.15 15.54] | 0.0015590512374128035
0.19905153621724941 | [10.51 17.6 ] | 0.17817132560643753
0.10033241195796286 | [ 9.64 19.29] | 0.35083807848075416
0.0010177258471997797 | [ 8.55 20.62] | 0.5155636308597296
-0.09832171399018118 | [ 7.28 21.59] | 0.6689887110781029
-0.1971956542876399 | [ 5.87 22.25] | 0.8084735159092549
-0.29521721690022623 | [ 4.36 22.6 ] | 0.932066674831273
-0.392085252116562 | [ 2.78 22.69] | 1.0384432194355735
-0.4875752450426606 | [ 1.18 22.55] | 1.1271180717776257
-0.5815519254522539 | [-0.41 22.2 ] | 0.9779187161255973
-0.6504226568475057 | [-4.86 17.03] | 0.4630089105363138
-0.6686922482981763 | [-9.19  9.43] | -0.24390636578278316
-0.6320441897427265 | [-12.49   1.15] | -0.8817769222379231
-0.5498682368749696 | [-14.9  -6.1] | -1.006469571951548
-0.4532667455499239 | [-13.58  -8.4 ] | -0.7893936299361537
-0.3580256964603019 | [-12.96  -9.97] | -0.5796458318393473
-0.261257522084837 | [-12.54 -11.13] | -0.35603939832112347
-0.1620868006050529 | [-12.03 -11.93] | -0.12205825367330111
-0.06057902368088554 | [-11.23 -12.32] | 0.11603689070485329
0.04263422525600338 | [-10.1 -12.3] | 0.35203482790578505
0.14681255586294292 | [ -8.69 -11.93] | 0.5807222494520097
0.25133651746831764 | [ -7.05 -11.28] | 0.7979835503881773
0.35572073254225556 | [ -5.25 -10.4 ] | 1.0001440546919964
0.45955402608339757 | [-3.32 -9.33] | 1.1831942336894974
0.5624450349176994 | [-1.29 -8.1 ] | 1.3415159412614124
0.664008667788122 | [ 0.8  -6.75] | 1.3286871429241476
0.7437556476305788 | [ 4.46 -4.83] | 1.061723805938424
0.7847240136671592 | [ 7.43 -3.37] | 0.622248458799443
0.7862880687544287 | [ 9.79 -1.89] | 0.06507549581630713
0.746914410391805 | [11.94  0.02] | -0.4097766964787754
0.6744811105824049 | [12.72  3.3 ] | -0.5625961638723013
0.5875364326791556 | [12.25  7.01] | -0.49890828624960754
0.495998026992014 | [12.02 10.09] | -0.3696391730279411
0.40151059509375864 | [11.76 12.87] | -0.20262353497361915
0.3051629578388908 | [11.33 15.33] | -0.023156867976428748
0.20737137280378654 | [10.7  17.44] | 0.15733879230092787
0.10849042952551899 | [ 9.84 19.19] | 0.3336774092017549
0.009003508491549059 | [ 8.77 20.58] | 0.5020778558642071
-0.09055474545691748 | [ 7.51 21.62] | 0.6592242367562314
-0.1896987049874234 | [ 6.1  22.33] | 0.8023989401568137
-0.28803253223636893 | [ 4.59 22.73] | 0.929535570219884
-0.3852427098595826 | [ 3.   22.86] | 1.0391724402004747
-0.48108780509846805 | [ 1.38 22.74] | 1.1306637852503088
-0.5754172374419152 | [-0.23 22.41] | 1.0174635252733368
-0.6478318251768216 | [-4.31 17.92] | 0.5450930562375713
-0.6722908318768801 | [-8.78 10.46] | -0.15384124821516348
-0.64153531650394 | [-12.15   2.2 ] | -0.812981897632723
-0.5637699221059798 | [-14.66  -5.26] | -0.9716377418014053
-0.46967686568860767 | [-13.41  -7.85] | -0.7765768134721127
-0.37582481783754584 | [-12.85  -9.58] | -0.5792568421502735
-0.27989343317007825 | [-12.46 -10.83] | -0.36298704436585305
-0.18132700093812668 | [-11.97 -11.68] | -0.13383702176158702
-0.0803195981854333 | [-11.19 -12.09] | 0.10054996196953309
0.02243937567856064 | [-10.09 -12.1 ] | 0.3333284271630715
0.12616483595369812 | [ -8.7  -11.75] | 0.5588248379038935
0.23019535497315347 | [ -7.08 -11.1 ] | 0.7725655354763926
0.33400982353789566 | [ -5.31 -10.23] | 0.9706480310479222
0.4371695835443473 | [-3.4  -9.16] | 1.1489538964951478
0.53926613791865 | [-1.39 -7.94] | 1.3020553618623854
0.6399159895716512 | [ 0.66 -6.6 ] | 1.2956553622347005
0.7197308022121754 | [ 4.31 -4.62] | 1.033797808094265
0.7609413517941966 | [ 7.45 -3.05] | 0.5857529212873631
0.7614234040105068 | [ 9.93 -1.45] | 0.02354988243262647
0.7198923130170051 | [12.19  0.6 ] | -0.39254243505849673
0.6486158049029193 | [12.12  4.34] | -0.4828726293647302
0.5655181035341019 | [11.82  7.71] | -0.4247630892839599
0.4764832599108329 | [11.67 10.65] | -0.301544548898932
0.3836037544630005 | [11.44 13.33] | -0.14290609332928164
0.2881846615550532 | [11.02 15.69] | 0.02799202216481339
0.19091407984498235 | [10.37 17.7 ] | 0.20072912729167666
0.09240102459744919 | [ 9.49 19.33] | 0.36975159206221436
-0.006713823634415455 | [ 8.39 20.6 ] | 0.5308837065300287
-0.10583080068711294 | [ 7.12 21.53] | 0.6807423077937161
-0.20445569768679583 | [ 5.71 22.14] | 0.8167617587476359
-0.30220836332459516 | [ 4.21 22.46] | 0.9370929291614501
-0.3987974154166266 | [ 2.64 22.52] | 1.040530953669197
-0.4940111570566192 | [ 1.05 22.35] | 1.126711162090338
-0.5877240163062921 | [-0.52 21.98] | 0.9506651482686326
-0.6542839279799383 | [-5.19 16.36] | 0.40194312926173503
-0.6684068177806777 | [-9.45  8.64] | -0.3141061925570134
-0.6277411866070661 | [-12.68   0.36] | -0.8543478860932795
-0.5473867792621236 | [-14.08  -5.84] | -0.920039925678308
-0.4547517590726925 | [-13.16  -8.21] | -0.7349919954403844
-0.3609894880397393 | [-12.71  -9.85] | -0.5374537226542707
-0.26467477194206646 | [-12.34 -11.04] | -0.3195351458062248
-0.16559026409523642 | [-11.82 -11.8 ] | -0.08965477742232215
-0.06414337204520061 | [-10.98 -12.13] | 0.1443430303374988
0.03888828890879227 | [ -9.82 -12.06] | 0.37563088269498074
0.14272306153199454 | [ -8.39 -11.65] | 0.5987350743204252
0.24672814926119996 | [ -6.75 -10.95] | 0.8093221720530273
0.35040524712584703 | [ -4.95 -10.04] | 1.0035024274468203
0.45332660752380344 | [-3.02 -8.93] | 1.1769459777297535
0.5550907715074709 | [-1.01 -7.69] | 1.3240467961047242
0.6553232266927633 | [ 1.03 -6.33] | 1.2782597873821193
0.7306712486399067 | [ 4.98 -4.3 ] | 0.9590562440363086
0.7638035368350408 | [ 7.96 -2.76] | 0.48158024987069575
0.7559595096134923 | [10.36 -1.1 ] | -0.08787081870516138
0.7062361467970307 | [12.62  1.09] | -0.43963428052838
0.6309591983779304 | [11.93  5.21] | -0.4636396722524786
0.5473248844274781 | [11.71  8.4 ] | -0.3926860678356782
0.457934699676771 | [11.58 11.26] | -0.26217519911476694
0.3648540883300473 | [11.32 13.86] | -0.10237132359276399
0.2692580534085317 | [10.86 16.13] | 0.0671260881288859
0.17184867433176973 | [10.17 18.04] | 0.2374841323216294
0.07328738697067716 | [ 9.24 19.58] | 0.403488496602256
-0.025760774163483997 | [ 8.11 20.76] | 0.5610640388633008
-0.1247038082573624 | [ 6.81 21.61] | 0.7069753806318517
-0.2230697635370462 | [ 5.39 22.14] | 0.8388261466834802
-0.3205010191607218 | [ 3.87 22.4 ] | 0.9549141997191715
-0.4167247085773803 | [ 2.31 22.41] | 1.0542110401191502
-0.5115513447278468 | [ 0.73 22.2 ] | 1.0982585971389869
-0.6003257044166632 | [-1.42 20.93] | 0.7932361452436318
-0.6509511005812194 | [-6.86 13.51] | 0.13384548886388506
-0.6427036863609252 | [-10.75   5.39] | -0.565532898568773
-0.582362306765725 | [-13.69  -2.63] | -0.8245430519441174
-0.4989037422700882 | [-12.74  -6.08] | -0.7069440909973244
-0.41110210532244146 | [-12.4   -8.33] | -0.5561066234519627
-0.3185949365494658 | [-12.15  -9.9 ] | -0.3664954842562263
-0.2221283110850488 | [-11.76 -10.93] | -0.15299194409927735
-0.12258351451252436 | [-11.07 -11.46] | 0.07076907156998999
-0.02099492056798198 | [-10.04 -11.54] | 0.29503214027699093
0.08164969074449063 | [ -8.72 -11.23] | 0.5124972162240049
0.18455180294513748 | [ -7.18 -10.62] | 0.7177347304443176
0.28709942143358375 | [-5.46 -9.77] | 0.9063972504820779
0.3888003033945942 | [-3.62 -8.72] | 1.0743538622090505
0.4892276425178809 | [-1.69 -7.53] | 1.2169546846395887
0.5880245327072715 | [ 0.27 -6.22] | 1.2303668224066284
0.6692897296143367 | [ 3.74 -4.23] | 0.9896002528740406
0.7130748876675259 | [ 7.3  -2.42] | 0.529326090066901
0.7132265904990556 | [10.09 -0.61] | -0.01712322485966239
0.6713299943367292 | [12.    1.91] | -0.34074330887118537
0.6039174880768774 | [11.45  5.71] | -0.3811428421189576
0.5258319845281237 | [11.33  8.78] | -0.32932646094681944
0.43995488079114914 | [11.26 11.59] | -0.2133834994878378
Total reward: 278.27958022256377
