0.6, -0.2, 2.9, 0.8, 6.0, -1.9, 0.3, 0.7, 0.6, -3.2, 2.7, -4.3, 1.5, -0.9, -4.4, -2.6, -4.8, -2.9
parameter ends

state | action | reward
[2.7] | 1 | -0.5
2.6790512832369413 | 1 | -0.5
2.694498269002544 | 1 | -0.5
2.9333061689580266 | 1 | -0.5
3.2419481768039478 | 1 | -0.5
3.9213685634462117 | 1 | -0.5
4.968119838967687 | 1 | -0.5
6.865646365026408 | 1 | -0.5
9.952174688469459 | 1 | -0.5
9.711738563010877 | 1 | -0.5
1.2536643192683625 | 1 | -0.5
1.3202836340867221 | 1 | -0.5
1.527417602200539 | 1 | -0.5
1.891627394806188 | 1 | -0.5
2.5322776175503527 | 1 | -0.5
3.8629942425447106 | 1 | -0.5
8.582947368766568 | 1 | -0.5
8.47903440751908 | 1 | -0.5
7.077930304048032 | 1 | -0.5
3.5564838017479734 | 1 | -0.5
2.5647596664331624 | 1 | -0.5
2.088382549763818 | 1 | -0.5
1.6109052139304367 | 1 | -0.5
1.4576838983889373 | 0 | 5.0
1.4046206975931421 | 0 | 5.0
1.3346428597925266 | 0 | 5.0
1.2717677403187442 | 0 | 5.0
1.21072058770802 | 1 | -0.5
1.1743662111031583 | 0 | 5.0
1.1509968419278072 | 0 | 5.0
1.1332920695659612 | 0 | 5.0
1.1107840384066783 | 0 | 5.0
1.0729643099177988 | 0 | 5.0
1.021590207933417 | 0 | 5.0
0.9938805660218172 | 0 | 5.0
0.9716830902660274 | 0 | 5.0
0.9517523562728053 | 0 | 5.0
0.9427510168948025 | 0 | -200.0
[2.9] | 1 | -0.5
4.65063772069734 | 1 | -0.5
12.764536309311865 | 0 | 5.0
12.770163877244837 | 0 | 5.0
12.75031908434346 | 0 | 5.0
12.680335515499419 | 0 | 5.0
12.695556025063723 | 0 | 5.0
12.715841003894319 | 2 | -0.5
7.193627423162534 | 2 | -0.5
4.771939690915249 | 1 | -0.5
6.163650791647136 | 2 | -200.0
[1.82] | 1 | -0.5
1.5707442733583366 | 1 | -0.5
1.4997173011510043 | 0 | 5.0
1.451392856716174 | 0 | 5.0
1.4110615724367972 | 0 | 5.0
1.391751424303447 | 0 | 5.0
1.3519593479480618 | 1 | -0.5
1.3032341262785623 | 0 | 5.0
1.2515729356187297 | 0 | 5.0
1.2564138255997805 | 0 | 5.0
1.2195832110380733 | 0 | 5.0
1.2145917702326772 | 0 | 5.0
1.1951261892507434 | 0 | 5.0
1.1503236418622544 | 0 | 5.0
1.1369322616258322 | 0 | 5.0
1.084612329294674 | 0 | 5.0
1.1167853243033834 | 0 | 5.0
1.0762919834931692 | 0 | -200.0
[3.14] | 1 | -0.5
4.212192223077841 | 1 | -0.5
6.585161286918248 | 1 | -0.5
9.997964590728248 | 1 | -0.5
9.974046758004446 | 1 | -0.5
2.8049344885004537 | 1 | -0.5
1.7196614773965304 | 1 | -0.5
1.9649641660714923 | 1 | -0.5
2.3919114363686815 | 1 | -0.5
3.203480872682087 | 1 | -0.5
5.297500042677591 | 1 | -0.5
9.201151323505544 | 1 | -0.5
9.154567490616873 | 1 | -0.5
4.912426413191685 | 1 | -0.5
2.866431052277059 | 1 | -0.5
1.9776318903571704 | 1 | -0.5
1.5323745098748691 | 1 | -0.5
1.3074869934952715 | 1 | -0.5
1.1950603926612355 | 1 | -0.5
1.1220878341276477 | 0 | 5.0
1.0827597672620772 | 0 | 5.0
1.0769406285426044 | 0 | 5.0
1.0514221562515735 | 0 | 5.0
1.0488021340767237 | 0 | 5.0
1.0358943061705324 | 0 | 5.0
0.9515486709419332 | 0 | 5.0
0.9363244759381025 | 0 | 5.0
0.9689520816055333 | 0 | 5.0
0.9264253607684185 | 0 | -200.0
[3.19] | 1 | -0.5
5.682907546277609 | 1 | -0.5
8.741282889055764 | 1 | -0.5
8.809245335214685 | 1 | -0.5
4.147227814506862 | 1 | -0.5
2.6504059596489684 | 1 | -0.5
1.930529254157813 | 1 | -0.5
1.5291285017122718 | 1 | -0.5
1.263158359778447 | 1 | -0.5
1.6374957618937436 | 1 | -0.5
9.640012870600739 | 1 | -0.5
9.731439708484684 | 1 | -0.5
7.814171543003643 | 1 | -0.5
4.969979458920745 | 1 | -0.5
3.742785670336366 | 1 | -0.5
3.1156437056229898 | 1 | -0.5
2.6736472958857957 | 1 | -0.5
2.4964751353219263 | 0 | 5.0
2.434215338209313 | 1 | -0.5
2.336447851266859 | 0 | 5.0
2.3475167812663154 | 0 | 5.0
2.2945991590176056 | 0 | 5.0
2.258029947325974 | 0 | 5.0
2.2375201578962582 | 0 | 5.0
2.298524236377895 | 0 | -200.0
[7.54] | 1 | -0.5
3.581743724851983 | 1 | -0.5
2.4757064780263556 | 1 | -0.5
1.9905623537219657 | 1 | -0.5
1.6523265255270119 | 1 | -0.5
1.464383445358927 | 1 | -0.5
1.309897775607371 | 1 | -0.5
1.3018429431898355 | 1 | -0.5
1.357208262994161 | 1 | -0.5
1.464396868460488 | 1 | -0.5
1.6877850731015624 | 1 | -0.5
2.068122366674171 | 1 | -0.5
2.81425702360955 | 1 | -0.5
3.923145417500139 | 1 | -0.5
3.762799877744657 | 1 | -0.5
3.679439700499625 | 1 | -0.5
3.783386230928045 | 1 | -0.5
4.06628903551574 | 1 | -0.5
4.543887180479813 | 1 | -0.5
5.322172381134455 | 1 | -0.5
6.784172307967827 | 1 | -0.5
1.4024355663010504 | 1 | -0.5
1.3010851757838147 | 1 | -0.5
1.2556243082659344 | 1 | -0.5
1.2623452250244604 | 1 | -0.5
1.3501768811078816 | 1 | -0.5
1.4691519285039205 | 1 | -0.5
1.8135030296983834 | 1 | -0.5
2.3067081128417404 | 1 | -0.5
3.450486847673603 | 1 | -0.5
6.7638328616520855 | 1 | -0.5
7.362777804452038 | 1 | -0.5
7.450173416106472 | 1 | -0.5
4.258016532581657 | 1 | -0.5
2.579198717922944 | 1 | -0.5
1.8833615280726783 | 1 | -0.5
1.493735023151236 | 1 | -0.5
1.3527808876583236 | 1 | -0.5
1.289169221171622 | 1 | -0.5
1.268819528481311 | 1 | -0.5
1.3108865527768596 | 1 | -0.5
1.3986537642819252 | 1 | -0.5
1.619359929576095 | 1 | -0.5
1.9898343018765507 | 1 | -0.5
2.7517082011417897 | 1 | -0.5
3.8647567531144125 | 1 | -0.5
3.7002557920139387 | 1 | -0.5
3.6876482074880923 | 1 | -0.5
3.831805442090255 | 1 | -0.5
4.232923991395917 | 1 | -0.5
4.814470915259141 | 1 | -0.5
6.188197206208878 | 1 | -0.5
1.3851470404836295 | 1 | -0.5
1.278536075068519 | 1 | -0.5
1.274521752985282 | 1 | -0.5
1.2687097568503634 | 1 | -0.5
1.327004521243307 | 1 | -0.5
1.555028405845417 | 1 | -0.5
1.8886116529089307 | 1 | -0.5
2.6750054603997744 | 1 | -0.5
3.8349536712167644 | 1 | -0.5
7.509693809858025 | 1 | -0.5
7.484102775560068 | 1 | -0.5
7.838410579426958 | 1 | -0.5
3.0888257686538507 | 1 | -0.5
2.185358791434057 | 1 | -0.5
1.8144035470128 | 1 | -0.5
1.5754576678131529 | 1 | -0.5
1.4641963073207207 | 1 | -0.5
1.4044388272845145 | 1 | -0.5
1.4334856936680702 | 1 | -0.5
1.5351158513539183 | 1 | -0.5
1.7657178377780032 | 1 | -0.5
2.0897241198067893 | 1 | -0.5
2.8548123197381976 | 1 | -0.5
3.9683373332260166 | 1 | -0.5
3.7343151999895396 | 1 | -0.5
3.687473045363723 | 1 | -0.5
3.7960058619471724 | 1 | -0.5
4.034962830336697 | 1 | -0.5
4.725237802239908 | 1 | -0.5
6.062886191374686 | 1 | -0.5
1.316486930137816 | 1 | -0.5
1.1975306236542307 | 1 | -0.5
1.1549835287038048 | 1 | -0.5
1.1500583346274316 | 1 | -0.5
1.21575818491213 | 1 | -0.5
1.2958729530857875 | 1 | -0.5
1.4733112149050538 | 1 | -0.5
1.7997198786991402 | 1 | -0.5
2.3942191373191366 | 1 | -0.5
3.5855616625027356 | 1 | -0.5
7.0044442148422155 | 1 | -0.5
7.359715691842796 | 1 | -0.5
7.511419755341104 | 1 | -0.5
3.902632788491781 | 1 | -0.5
2.5825854337596734 | 1 | -0.5
2.0096459032319283 | 1 | -0.5
1.6719573162473746 | 1 | -0.5
1.5011692306277695 | 1 | -0.5
1.431229677233154 | 1 | -0.5
1.4188277257322113 | 1 | -0.5
1.4690701554864225 | 1 | -0.5
1.5656602138333007 | 1 | -0.5
1.778127251903047 | 1 | -0.5
2.0574409147256723 | 1 | -0.5
2.8030351223678833 | 1 | -0.5
3.909962045013797 | 1 | -0.5
3.750696023982176 | 1 | -0.5
3.670103113309399 | 1 | -0.5
3.8419806662994977 | 1 | -0.5
4.219846040974853 | 1 | -0.5
4.709162856803892 | 1 | -0.5
5.990677924621434 | 1 | -0.5
1.4246164035120217 | 1 | -0.5
1.2539811325055792 | 1 | -0.5
1.1693130303852852 | 1 | -0.5
1.1912466532466217 | 1 | -0.5
1.2461088500395994 | 1 | -0.5
1.3823059982574164 | 1 | -0.5
1.6073245920920254 | 1 | -0.5
2.0638628458251103 | 1 | -0.5
3.1703560124438077 | 1 | -0.5
5.5253550746635485 | 1 | -0.5
7.371053546058161 | 1 | -0.5
7.383626889424738 | 1 | -0.5
7.626342949138083 | 1 | -0.5
3.240514928017282 | 1 | -0.5
2.300056986437118 | 1 | -0.5
1.816216776803317 | 1 | -0.5
1.5674665490975637 | 1 | -0.5
1.4264334695519856 | 1 | -0.5
1.3547587114745527 | 1 | -0.5
1.3495639543505236 | 1 | -0.5
1.4480459410295927 | 1 | -0.5
1.507561500079094 | 1 | -0.5
1.766357617465452 | 1 | -0.5
2.140774333212738 | 1 | -0.5
2.9254116943771216 | 1 | -0.5
4.032076178653016 | 1 | -0.5
3.79859614083009 | 1 | -0.5
3.864465214680496 | 1 | -0.5
4.009668766240928 | 1 | -0.5
4.35444760259811 | 1 | -0.5
5.0401112747857635 | 1 | -0.5
6.55771285741884 | 1 | -0.5
1.4341633235032856 | 1 | -0.5
1.2673334508306358 | 1 | -0.5
1.297846264113289 | 1 | -0.5
1.30043035211584 | 1 | -0.5
1.3501294837962856 | 1 | -0.5
1.5322806029144762 | 1 | -0.5
1.9143474733908348 | 1 | -0.5
2.600288739642989 | 1 | -0.5
4.041958354080249 | 1 | -0.5
7.398050062863978 | 1 | -0.5
7.357082822254835 | 1 | -0.5
7.592419040647364 | 1 | -0.5
3.3368544320124314 | 1 | -0.5
2.3810670829183804 | 1 | -0.5
1.8643372865130599 | 1 | -0.5
1.5553670625663882 | 1 | -0.5
1.38744635911314 | 1 | -0.5
1.3435586359695963 | 1 | -0.5
1.3327574137346223 | 1 | -0.5
1.3340015314289912 | 1 | -0.5
1.46053848642521 | 1 | -0.5
1.6656749993402489 | 1 | -0.5
2.0522960811009456 | 1 | -0.5
2.8097987794246744 | 1 | -0.5
4.056551763599809 | 1 | -0.5
3.8824134311746414 | 1 | -0.5
3.8343776796348483 | 1 | -0.5
3.9841866194537103 | 1 | -0.5
4.38217719579853 | 1 | -0.5
4.900835378230891 | 1 | -0.5
5.957019843936487 | 1 | -0.5
1.5169354578168943 | 1 | -0.5
1.3177814839362325 | 1 | -0.5
1.2708398434264383 | 1 | -0.5
1.2885014193297912 | 1 | -0.5
1.3872821148415277 | 1 | -0.5
1.5196493371063389 | 1 | -0.5
1.7644511650131764 | 1 | -0.5
2.340001975709302 | 1 | -0.5
3.3872350304369987 | 1 | -0.5
6.713544988779627 | 1 | -0.5
7.254695984286754 | 1 | -0.5
7.503087906996112 | 1 | -0.5
3.570689347368295 | 1 | -0.5
2.3528412434172927 | 1 | -0.5
1.8863500123453527 | 1 | -0.5
1.56658148694644 | 1 | -0.5
1.3612364343483412 | 1 | -0.5
1.2775445916046466 | 1 | -0.5
1.2840777967872747 | 1 | -0.5
1.2983524671707958 | 1 | -0.5
1.4644330679045212 | 1 | -0.5
1.664596875692071 | 1 | -0.5
2.0697477110891613 | 1 | -0.5
2.7478818053636056 | 1 | -0.5
3.9432335059488555 | 1 | -0.5
3.7586725038473787 | 1 | -0.5
3.717552432726816 | 1 | -0.5
3.895466757288081 | 1 | -0.5
4.315336434192626 | 1 | -0.5
5.048959351313745 | 1 | -0.5
6.705185729335354 | 1 | -0.5
1.4340879633837536 | 1 | -0.5
1.3464066185176695 | 1 | -0.5
1.275386899371964 | 1 | -0.5
1.3426793373580932 | 1 | -0.5
1.4315274090897072 | 1 | -0.5
1.5679336444559981 | 1 | -0.5
1.897606342548604 | 1 | -0.5
2.456285594347713 | 1 | -0.5
3.397153879447035 | 1 | -0.5
6.233890795824539 | 1 | -0.5
7.438962549658967 | 1 | -0.5
7.496005893158552 | 1 | -0.5
4.0523578721684235 | 1 | -0.5
2.6645565323439775 | 1 | -0.5
1.9477281276232472 | 1 | -0.5
1.6193116330945012 | 1 | -0.5
1.429041160242023 | 1 | -0.5
1.3886083251868693 | 1 | -0.5
1.3385135296969277 | 1 | -0.5
1.3493456799406942 | 1 | -0.5
1.4382080819954484 | 1 | -0.5
1.5623452538809306 | 1 | -0.5
1.89518245606304 | 1 | -0.5
2.437782672032687 | 1 | -0.5
3.439216421179385 | 1 | -0.5
3.7995136166228893 | 1 | -0.5
3.7198318144711977 | 1 | -0.5
3.684207761639635 | 1 | -0.5
3.911899716103584 | 1 | -0.5
4.304386323721623 | 1 | -0.5
5.095926722499822 | 1 | -0.5
6.399870395181423 | 1 | -0.5
1.4154067014366 | 1 | -0.5
1.2521374395797564 | 1 | -0.5
1.251408892962434 | 1 | -0.5
1.302352658284788 | 1 | -0.5
1.3168180465603319 | 1 | -0.5
1.532057493449712 | 1 | -0.5
1.9156456082272924 | 1 | -0.5
2.8858728847350816 | 1 | -0.5
4.525567653495692 | 1 | -0.5
7.40697639548336 | 1 | -0.5
7.325188352728584 | 1 | -0.5
7.61313330299516 | 1 | -0.5
3.010734649018555 | 1 | -0.5
2.1915393240585894 | 1 | -0.5
1.7217344043620106 | 1 | -0.5
1.481545707800877 | 1 | -0.5
1.3661388949439897 | 1 | -0.5
1.2987637071977993 | 1 | -0.5
1.2754018730992491 | 1 | -0.5
1.3364920577025108 | 1 | -0.5
1.4837855746683768 | 1 | -0.5
1.806776212900322 | 1 | -0.5
2.2532989545272253 | 1 | -0.5
3.1704294703670075 | 1 | -0.5
3.9653748849844814 | 1 | -0.5
3.8001397742375578 | 1 | -0.5
3.8344305035709056 | 1 | -0.5
4.079152992889781 | 1 | -0.5
4.467161758795854 | 1 | -0.5
5.376244779836015 | 1 | -0.5
6.610925340855472 | 1 | -0.5
1.5128477198375831 | 1 | -0.5
1.3724963133505335 | 1 | -0.5
1.3157885117171046 | 1 | -0.5
1.3042828462373102 | 1 | -0.5
1.3885186425922411 | 1 | -0.5
1.5404609638742321 | 1 | -0.5
1.8198068219659282 | 1 | -0.5
2.2632608819293187 | 1 | -0.5
3.1270650641908255 | 1 | -0.5
5.6981825774256185 | 1 | -0.5
7.265980667492974 | 1 | -0.5
7.327391978079802 | 1 | -0.5
7.543856015403681 | 1 | -0.5
2.808875561924938 | 1 | -0.5
2.0590112415781747 | 1 | -0.5
1.6123061959443983 | 1 | -0.5
1.3806724159614954 | 1 | -0.5
1.25745855636423 | 1 | -0.5
1.2150125641802403 | 1 | -0.5
1.2529217765051643 | 1 | -0.5
1.2695832444263542 | 1 | -0.5
1.3994128791913054 | 1 | -0.5
1.7085535804714829 | 1 | -0.5
2.132153487982675 | 1 | -0.5
2.8528780585425233 | 1 | -0.5
4.087956667616537 | 1 | -0.5
3.9025386138901568 | 1 | -0.5
3.91901595446957 | 1 | -0.5
4.10049848668069 | 1 | -0.5
4.459711370750472 | 1 | -0.5
5.3238765789405 | 1 | -0.5
6.649128570554056 | 1 | -0.5
1.4750253470169234 | 1 | -0.5
1.3470180713896096 | 1 | -0.5
1.2547399667792547 | 1 | -0.5
1.3204402326354898 | 1 | -0.5
1.4094407459594962 | 1 | -0.5
1.5783342369161413 | 1 | -0.5
1.8441359004269358 | 1 | -0.5
2.4614587180116487 | 1 | -0.5
3.887988060843848 | 1 | -0.5
7.3224514319587515 | 1 | -0.5
7.238947565593127 | 1 | -0.5
7.467989617305569 | 1 | -0.5
3.3452887931484065 | 1 | -0.5
2.3766188264150863 | 1 | -0.5
1.876395096558156 | 1 | -0.5
1.582744891627437 | 1 | -0.5
1.4296376967550757 | 1 | -0.5
1.4160531343872513 | 1 | -0.5
1.4328833624624173 | 1 | -0.5
1.5202962900798396 | 1 | -0.5
1.6970401154033459 | 1 | -0.5
2.0728848964076074 | 1 | -0.5
2.811945475859756 | 1 | -0.5
4.139780940100477 | 1 | -0.5
3.909415053388944 | 1 | -0.5
3.88971339008352 | 1 | -0.5
4.000812455945777 | 1 | -0.5
4.285101834555986 | 1 | -0.5
4.792491624333836 | 1 | -0.5
5.759286111120428 | 1 | -0.5
1.5334427521708818 | 1 | -0.5
1.3652568287006204 | 1 | -0.5
1.3054760162771133 | 1 | -0.5
1.289421121745114 | 1 | -0.5
1.2544126892755716 | 1 | -0.5
1.4349311241324922 | 1 | -0.5
1.5940689189620878 | 1 | -0.5
1.8703952960437202 | 1 | -0.5
2.4180498651335065 | 1 | -0.5
3.763529198685704 | 1 | -0.5
7.344260949109431 | 1 | -0.5
7.233383538837029 | 1 | -0.5
7.40356599969557 | 1 | -0.5
4.0677192338290675 | 1 | -0.5
2.4310969898897667 | 1 | -0.5
1.933963127240458 | 1 | -0.5
1.6801195301673424 | 1 | -0.5
1.4974715736517406 | 1 | -0.5
1.4226413192720668 | 1 | -0.5
1.4234368658810872 | 1 | -0.5
1.4805691992980523 | 1 | -0.5
1.635790342749866 | 1 | -0.5
1.8619978429195305 | 1 | -0.5
2.295902729962702 | 1 | -0.5
3.610823654194397 | 1 | -0.5
4.0354126403328205 | 1 | -0.5
3.889861567251174 | 1 | -0.5
3.911326174934776 | 1 | -0.5
4.055678933408941 | 1 | -0.5
4.475674057065138 | 1 | -0.5
5.239983758946878 | 1 | -0.5
1.539772227051196 | 1 | -0.5
1.3389495672043155 | 1 | -0.5
1.2325773538630187 | 1 | -0.5
1.18378639782702 | 1 | -0.5
1.1907969938049172 | 1 | -0.5
1.2474045119001467 | 1 | -0.5
1.3160510968114445 | 1 | -0.5
1.5343267412411115 | 1 | -0.5
1.933185104838699 | 1 | -0.5
2.8033891086328016 | 1 | -0.5
4.812511517457352 | 1 | -0.5
7.167785462397445 | 1 | -0.5
7.20662601890059 | 1 | -0.5
7.508155229117925 | 1 | -0.5
3.172503534484024 | 1 | -0.5
2.2974602732601763 | 1 | -0.5
1.9063660734019743 | 1 | -0.5
1.631636167014231 | 1 | -0.5
1.5012086838682088 | 1 | -0.5
1.4232728156672696 | 1 | -0.5
1.3930332937870258 | 1 | -0.5
1.4469520837000671 | 1 | -0.5
1.563633002922632 | 1 | -0.5
1.8232252113074277 | 1 | -0.5
2.156334577170893 | 1 | -0.5
2.7011176144466065 | 1 | -0.5
3.874642346317207 | 1 | -0.5
3.946033803696188 | 1 | -0.5
3.828840047372567 | 1 | -0.5
4.005552632144406 | 1 | -0.5
4.315446035204006 | 1 | -0.5
4.9761174941070765 | 1 | -0.5
6.331099487321134 | 1 | -0.5
1.4823792097696005 | 1 | -0.5
1.3312370263020814 | 1 | -0.5
1.231414792678892 | 1 | -0.5
1.238023546156109 | 1 | -0.5
1.3342246168161307 | 1 | -0.5
1.458802762152436 | 1 | -0.5
1.7987757422326494 | 1 | -0.5
2.2607824021916785 | 1 | -0.5
3.1765602912603996 | 1 | -0.5
5.570279585221831 | 1 | -0.5
7.291936015414351 | 1 | -0.5
7.355672824928118 | 1 | -0.5
4.3419630559678035 | 1 | -0.5
2.8016474062055416 | 1 | -0.5
2.0499710431053093 | 1 | -0.5
1.7468669778742183 | 1 | -0.5
1.5550367767243285 | 1 | -0.5
1.4160819768069905 | 1 | -0.5
1.3163712504544032 | 1 | -0.5
1.3421970772453375 | 1 | -0.5
1.426889336325282 | 1 | -0.5
1.5579318642881228 | 1 | -0.5
1.8203556056836596 | 1 | -0.5
2.319846805749046 | 1 | -0.5
3.155878741829414 | 1 | -0.5
3.9798213400551354 | 1 | -0.5
3.8129648043759503 | 1 | -0.5
3.8747152379426573 | 1 | -0.5
4.117651437977112 | 1 | -0.5
4.5898201283278315 | 1 | -0.5
5.304353014970532 | 1 | -0.5
6.7014866710974905 | 1 | -0.5
1.4356527897068312 | 1 | -0.5
1.301971741371448 | 1 | -0.5
1.2951598821920913 | 1 | -0.5
1.3480518509751214 | 1 | -0.5
1.3987043311874607 | 1 | -0.5
1.590097672396233 | 1 | -0.5
1.9171655152892138 | 1 | -0.5
2.348238683168322 | 1 | -0.5
3.6210904935407027 | 1 | -0.5
7.419885303767112 | 1 | -0.5
7.281335029084691 | 1 | -0.5
7.434941117019199 | 1 | -0.5
3.406929684702412 | 1 | -0.5
2.454215385592865 | 1 | -0.5
1.891281900318799 | 1 | -0.5
1.6134404435580554 | 1 | -0.5
1.3794134786187142 | 1 | -0.5
1.3163178749330329 | 1 | -0.5
1.293541832730757 | 1 | -0.5
1.3560654250486412 | 1 | -0.5
1.4567031902158063 | 1 | -0.5
1.7365238735450412 | 1 | -0.5
2.128866000248636 | 1 | -0.5
3.0775509955153564 | 1 | -0.5
4.008913065798401 | 1 | -0.5
3.8761710823630335 | 1 | -0.5
3.8770850830394554 | 1 | -0.5
4.119524694268248 | 1 | -0.5
4.5504223117209115 | 1 | -0.5
5.286311594864285 | 1 | -0.5
6.351504860191918 | 1 | -0.5
1.4786107115953973 | 1 | -0.5
1.393819449144479 | 1 | -0.5
1.314027925031871 | 1 | -0.5
1.2892660043589883 | 1 | -0.5
1.3656244706870426 | 1 | -0.5
1.5307159525370435 | 1 | -0.5
1.698077643282273 | 1 | -0.5
2.0405086422587866 | 1 | -0.5
2.7169565306426264 | 1 | -0.5
4.544524334515229 | 1 | -0.5
7.225177782364684 | 1 | -0.5
7.21869204633043 | 1 | -0.5
7.540428230943746 | 1 | -0.5
2.8312484817528527 | 1 | -0.5
2.056574546352623 | 1 | -0.5
1.736234271378301 | 1 | -0.5
1.499070121353671 | 1 | -0.5
1.34480287581052 | 1 | -0.5
1.3304217079202862 | 1 | -0.5
1.3643273368671904 | 1 | -0.5
1.4129481947756197 | 1 | -0.5
1.5813007476324685 | 1 | -0.5
1.8681136080664007 | 1 | -0.5
2.4447070432812708 | 1 | -0.5
3.545354104405396 | 1 | -0.5
3.9554934753289075 | 1 | -0.5
3.915310332053259 | 1 | -0.5
3.935022980287337 | 1 | -0.5
4.203609032278262 | 1 | -0.5
4.579669102198586 | 1 | -0.5
5.564261617437146 | 1 | -0.5
1.5980427546163791 | 1 | -0.5
1.3760290731994822 | 1 | -0.5
1.290747673790033 | 1 | -0.5
1.2671855292390994 | 1 | -0.5
1.2976246532553963 | 1 | -0.5
1.4052879583719193 | 1 | -0.5
1.5772411716729764 | 1 | -0.5
1.848713167823421 | 1 | -0.5
2.3539270132221732 | 1 | -0.5
3.525928312524257 | 1 | -0.5
7.33452088552762 | 1 | -0.5
7.191680647644872 | 1 | -0.5
7.335504326348322 | 1 | -0.5
3.992323561628585 | 1 | -0.5
2.5635894813833575 | 1 | -0.5
2.002133910160766 | 1 | -0.5
1.625873487354638 | 1 | -0.5
1.4022107372402672 | 1 | -0.5
1.28143820095541 | 1 | -0.5
1.2568536764925051 | 1 | -0.5
1.2198338730620737 | 1 | -0.5
1.2657084491346744 | 1 | -0.5
1.3937073076694657 | 1 | -0.5
1.6030794747635047 | 1 | -0.5
1.976623421149685 | 1 | -0.5
2.882294469470468 | 1 | -0.5
3.9344071084857237 | 1 | -0.5
3.7794586583633176 | 1 | -0.5
3.811915156460847 | 1 | -0.5
4.022913239050933 | 1 | -0.5
4.411089207958679 | 1 | -0.5
5.141470992574022 | 1 | -0.5
6.5767741458312425 | 1 | -0.5
1.5012514109820112 | 1 | -0.5
1.3431698154012446 | 1 | -0.5
1.3041047411328666 | 1 | -0.5
1.329195805964302 | 1 | -0.5
1.3830741001706641 | 1 | -0.5
1.5354439884001077 | 1 | -0.5
1.7488570178486293 | 1 | -0.5
2.2346581842444633 | 1 | -0.5
3.336752829225784 | 1 | -0.5
6.365631797043977 | 1 | -0.5
7.305780190678432 | 1 | -0.5
7.365052367281105 | 1 | -0.5
4.459141287556471 | 1 | -0.5
2.75139871973921 | 1 | -0.5
2.0003896819848705 | 1 | -0.5
1.607355745439971 | 1 | -0.5
1.38498298656024 | 1 | -0.5
1.255791306752154 | 1 | -0.5
1.2768663219189105 | 1 | -0.5
1.2375431131339785 | 1 | -0.5
1.3936007542959783 | 1 | -0.5
1.5374259469525586 | 1 | -0.5
1.8719982319844852 | 1 | -0.5
2.5303204799539185 | 1 | -0.5
3.7071789649022784 | 1 | -0.5
3.904299207960981 | 1 | -0.5
3.8274002333054886 | 1 | -0.5
3.8865797845833954 | 1 | -0.5
4.3084115484338605 | 1 | -0.5
4.766760318653288 | 1 | -0.5
5.7254221903267615 | 1 | -0.5
1.6575481889282606 | 1 | -0.5
1.4796067974328158 | 1 | -0.5
1.4003738665529886 | 1 | -0.5
1.3692249729634067 | 1 | -0.5
1.4131337596041007 | 1 | -0.5
1.5071083301172348 | 1 | -0.5
1.6720263373252857 | 1 | -0.5
2.011326114938203 | 1 | -0.5
2.6901965586275973 | 1 | -0.5
4.11479874143898 | 1 | -0.5
7.402940596315278 | 1 | -0.5
7.281120762872049 | 1 | -0.5
7.4774763945043405 | 1 | -0.5
3.4109042016716153 | 1 | -0.5
2.23670468944401 | 1 | -0.5
1.7563612467733665 | 1 | -0.5
1.4829270954549623 | 1 | -0.5
1.3250958321239321 | 1 | -0.5
1.283118684362149 | 1 | -0.5
1.2594820591305467 | 1 | -0.5
1.3401357997308538 | 1 | -0.5
1.4420921531743225 | 1 | -0.5
1.7065364477435505 | 1 | -0.5
2.2617427630350813 | 1 | -0.5
2.911507801611108 | 1 | -0.5
4.014505070065903 | 1 | -0.5
3.917241732227251 | 1 | -0.5
3.960069524472309 | 1 | -0.5
4.2392508573030945 | 1 | -0.5
4.76386988010381 | 1 | -0.5
5.624392740206731 | 1 | -0.5
1.6618477140077363 | 1 | -0.5
1.4525925492794032 | 1 | -0.5
1.4264475885896184 | 1 | -0.5
1.4054727047622104 | 1 | -0.5
1.4519935244258828 | 1 | -0.5
1.575549520391109 | 1 | -0.5
1.8170901747261687 | 1 | -0.5
2.2616817984134605 | 1 | -0.5
3.2136446278764152 | 1 | -0.5
5.799462169168036 | 1 | -0.5
7.2173712466863735 | 1 | -0.5
7.33507017877257 | 1 | -0.5
3.4652742236090006 | 1 | -0.5
2.192221598594773 | 1 | -0.5
1.7190075339941668 | 1 | -0.5
1.466013934539463 | 1 | -0.5
1.326730173883248 | 1 | -0.5
1.259120572474373 | 1 | -0.5
1.2618597056038472 | 1 | -0.5
1.2888727617044649 | 1 | -0.5
1.371959745674251 | 1 | -0.5
1.5799814272837551 | 1 | -0.5
1.8533093012825044 | 1 | -0.5
2.4746394691234705 | 1 | -0.5
4.061011551226731 | 1 | -0.5
4.015502200082834 | 1 | -0.5
3.9217311086437356 | 1 | -0.5
4.1402961401048906 | 1 | -0.5
4.416490648752929 | 1 | -0.5
4.968345478231861 | 1 | -0.5
6.41779819097049 | 1 | -0.5
1.5391552357385663 | 1 | -0.5
1.357053493503791 | 1 | -0.5
1.2708535243367451 | 1 | -0.5
1.346316053278487 | 1 | -0.5
1.384795687455933 | 1 | -0.5
1.5711432775585417 | 1 | -0.5
1.8155566512472319 | 1 | -0.5
2.353967419149608 | 1 | -0.5
3.5131897213950296 | 1 | -0.5
6.282633823310482 | 1 | -0.5
7.074030174548039 | 1 | -0.5
7.169080327443577 | 1 | -0.5
3.9306283335802807 | 1 | -0.5
2.483432170273181 | 1 | -0.5
1.7829177364573807 | 1 | -0.5
1.4982015457061373 | 1 | -0.5
1.3398279332210576 | 1 | -0.5
1.2395301491779485 | 1 | -0.5
1.1934192075262966 | 1 | -0.5
1.209115837944505 | 1 | -0.5
1.3131202372042894 | 1 | -0.5
1.46070208648197 | 1 | -0.5
1.7138834229794566 | 1 | -0.5
2.2039796576479285 | 1 | -0.5
3.382061625076837 | 1 | -0.5
4.086088998446778 | 1 | -0.5
4.0342830720678835 | 1 | -0.5
4.219514434660716 | 1 | -0.5
4.589302507480914 | 1 | -0.5
5.231309946205929 | 1 | -0.5
6.185594794692388 | 1 | -0.5
1.5803948079060235 | 1 | -0.5
1.4302388204851706 | 1 | -0.5
1.3653876765022799 | 1 | -0.5
1.3914825091708636 | 1 | -0.5
1.333591236738928 | 1 | -0.5
1.4681076965130293 | 1 | -0.5
1.7171569230975154 | 1 | -0.5
2.1103658187201804 | 1 | -0.5
2.967818256806505 | 1 | -0.5
5.169160732863833 | 1 | -0.5
7.087206805526294 | 1 | -0.5
7.094919108564006 | 1 | -0.5
7.490676025722585 | 1 | -0.5
2.9544199497527583 | 1 | -0.5
2.1317398959085057 | 1 | -0.5
1.6910536788628456 | 1 | -0.5
1.439988643427561 | 1 | -0.5
1.3514343246520637 | 1 | -0.5
1.2204325597092545 | 1 | -0.5
1.2386396849761796 | 1 | -0.5
1.2999292115525363 | 1 | -0.5
1.437632708946015 | 1 | -0.5
1.6462537604666971 | 1 | -0.5
2.053825290660709 | 1 | -0.5
2.864983239388989 | 1 | -0.5
4.128195374555468 | 1 | -0.5
3.987818700504629 | 1 | -0.5
4.05539610002167 | 1 | -0.5
4.265704341943304 | 1 | -0.5
4.640234592394474 | 1 | -0.5
5.463331173322018 | 1 | -0.5
6.719797863282834 | 1 | -0.5
1.492701908723615 | 1 | -0.5
1.4087271034574786 | 1 | -0.5
1.4109411209189526 | 1 | -0.5
1.4041876107022813 | 1 | -0.5
1.4835582098240265 | 1 | -0.5
1.6362017195550815 | 1 | -0.5
2.070442683401291 | 1 | -0.5
2.6797159559287103 | 1 | -0.5
4.056605417985265 | 1 | -0.5
7.2552463682965405 | 1 | -0.5
7.087230762624644 | 1 | -0.5
7.16179199100466 | 1 | -0.5
3.6343878205991658 | 1 | -0.5
2.318116166207822 | 1 | -0.5
1.834266722950481 | 1 | -0.5
1.5381261328908455 | 1 | -0.5
1.3975515441181197 | 1 | -0.5
1.2979330380368688 | 1 | -0.5
1.239378014294925 | 1 | -0.5
1.2464057264410109 | 1 | -0.5
1.311412541003475 | 1 | -0.5
1.4876403408559444 | 1 | -0.5
1.6850195768597873 | 1 | -0.5
2.132293571933296 | 1 | -0.5
3.0142177352486095 | 1 | -0.5
4.23494713886442 | 1 | -0.5
4.0445807328039365 | 1 | -0.5
4.0364867853312445 | 1 | -0.5
4.256592733491446 | 1 | -0.5
4.646939793469228 | 1 | -0.5
5.4921419418699315 | 1 | -0.5
1.6935972992975583 | 1 | -0.5
1.5100827535566625 | 1 | -0.5
1.3876066691545197 | 1 | -0.5
1.3682370567639748 | 1 | -0.5
1.3864288886182707 | 1 | -0.5
1.4734990355437472 | 1 | -0.5
1.636541791527039 | 1 | -0.5
2.0697046659078278 | 1 | -0.5
2.7269172500074306 | 1 | -0.5
4.275206740707768 | 1 | -0.5
7.146883371171134 | 1 | -0.5
7.0604728648940815 | 1 | -0.5
7.2287740188877345 | 1 | -0.5
3.272103115781501 | 1 | -0.5
2.1215969050108927 | 1 | -0.5
1.6856588702430064 | 1 | -0.5
1.4476692768631405 | 1 | -0.5
1.3249043944653671 | 1 | -0.5
1.2780222932528416 | 1 | -0.5
1.2801759121189586 | 1 | -0.5
1.3021192214835398 | 1 | -0.5
1.3879597191751554 | 1 | -0.5
1.615444376728318 | 1 | -0.5
1.8800284912941443 | 1 | -0.5
2.4039550523963604 | 1 | -0.5
3.603461702737135 | 1 | -0.5
4.300697418213201 | 1 | -0.5
4.166807018813518 | 1 | -0.5
4.315827028052974 | 1 | -0.5
4.708519910485858 | 1 | -0.5
5.547116631788174 | 1 | -0.5
1.6886197649489036 | 1 | -0.5
1.440828859986183 | 1 | -0.5
1.304688535624759 | 1 | -0.5
1.253882633872869 | 1 | -0.5
1.2494825126542712 | 1 | -0.5
1.3945375753799794 | 1 | -0.5
1.570685866097916 | 1 | -0.5
1.9155682537528151 | 1 | -0.5
2.608717249514291 | 1 | -0.5
4.433580529412762 | 1 | -0.5
6.969126628068161 | 1 | -0.5
6.8669754036292305 | 1 | -0.5
7.198649326823937 | 1 | -0.5
3.0362098517125653 | 1 | -0.5
2.2310745890075627 | 1 | -0.5
1.7847413091035265 | 1 | -0.5
1.571406692604308 | 1 | -0.5
1.4202155578218398 | 1 | -0.5
1.359643784915051 | 1 | -0.5
1.3413162345345162 | 1 | -0.5
1.4233177520416564 | 1 | -0.5
1.5872980735535251 | 1 | -0.5
1.8967218084767157 | 1 | -0.5
2.3606748902513264 | 1 | -0.5
3.1837641664014615 | 1 | -0.5
4.367590682680911 | 1 | -0.5
4.220957430523302 | 1 | -0.5
4.2501126942431755 | 1 | -0.5
4.51323985378996 | 1 | -0.5
4.894599491976713 | 1 | -0.5
5.829280668682478 | 1 | -0.5
1.5770856351745735 | 1 | -0.5
1.4266534682798517 | 1 | -0.5
1.313326078265722 | 1 | -0.5
1.2860990194919375 | 1 | -0.5
1.2890236512721853 | 1 | -0.5
1.3398348131217264 | 1 | -0.5
1.4113083630452108 | 1 | -0.5
1.6717600965082273 | 1 | -0.5
2.102605690267754 | 1 | -0.5
2.861011443288363 | 1 | -0.5
4.469529566903827 | 1 | -0.5
6.869532469745897 | 1 | -0.5
6.906626276187926 | 1 | -0.5
7.236524901431277 | 1 | -0.5
3.0417861311842125 | 1 | -0.5
2.1218046488465205 | 1 | -0.5
1.7201912915336477 | 1 | -0.5
1.5063564504097402 | 1 | -0.5
1.3543136267197076 | 1 | -0.5
1.3182786025193147 | 1 | -0.5
1.357925715738129 | 1 | -0.5
1.450587152913196 | 1 | -0.5
1.6388168040374513 | 1 | -0.5
2.1060527236470787 | 1 | -0.5
2.9799523306041307 | 1 | -0.5
4.414169488329181 | 1 | -0.5
4.255770464590103 | 1 | -0.5
4.266923294823326 | 1 | -0.5
4.416062223590738 | 1 | -0.5
4.7144514184009125 | 1 | -0.5
5.579988261276145 | 1 | -0.5
1.666360952054656 | 1 | -0.5
1.4204039560939112 | 1 | -0.5
1.312957891823584 | 1 | -0.5
1.2517142742311425 | 1 | -0.5
1.275710687660923 | 1 | -0.5
1.2801396007454513 | 1 | -0.5
1.426006730797075 | 1 | -0.5
1.704121209510244 | 1 | -0.5
2.233828639672387 | 1 | -0.5
3.081420816919535 | 1 | -0.5
5.600397427426079 | 1 | -0.5
6.870378430108181 | 1 | -0.5
6.949455834024413 | 1 | -0.5
3.6709377179146414 | 1 | -0.5
2.5113850796668316 | 1 | -0.5
1.8895896784650588 | 1 | -0.5
1.6315903450481741 | 1 | -0.5
1.4775255009322343 | 1 | -0.5
1.3401579881001606 | 1 | -0.5
1.3878158468943735 | 1 | -0.5
1.4274563092884978 | 1 | -0.5
1.5454218285224304 | 1 | -0.5
1.7001703751920147 | 1 | -0.5
2.2494806173891884 | 1 | -0.5
2.9821968195202446 | 1 | -0.5
4.3837751382597965 | 1 | -0.5
4.235480954954202 | 1 | -0.5
4.293153925275374 | 1 | -0.5
4.512786216876226 | 1 | -0.5
5.050146140768419 | 1 | -0.5
5.819398411983268 | 1 | -0.5
1.699266077332574 | 1 | -0.5
1.4378388159643296 | 1 | -0.5
1.3327364438950806 | 1 | -0.5
1.283095985098793 | 1 | -0.5
1.284321168715103 | 1 | -0.5
1.3217084428815324 | 1 | -0.5
1.4871584740082937 | 1 | -0.5
1.722521289027107 | 1 | -0.5
2.145857455204736 | 1 | -0.5
3.0037005946652395 | 1 | -0.5
4.86382823256899 | 1 | -0.5
6.858601938871638 | 1 | -0.5
6.825703160441037 | 1 | -0.5
7.105180497069719 | 1 | -0.5
2.7882370784279846 | 1 | -0.5
2.1021807076174874 | 1 | -0.5
1.703645128955852 | 1 | -0.5
1.493191444047842 | 1 | -0.5
1.2840488460089168 | 1 | -0.5
1.2554557591413735 | 1 | -0.5
1.2993988381684691 | 1 | -0.5
1.3316547640786347 | 1 | -0.5
1.5482459178934806 | 1 | -0.5
1.8199131509233022 | 1 | -0.5
2.5124577037667954 | 1 | -0.5
3.8285596957037464 | 1 | -0.5
4.3754160656878485 | 1 | -0.5
4.321810769396509 | 1 | -0.5
4.485152243192469 | 1 | -0.5
4.828438413460685 | 1 | -0.5
5.48120922040643 | 1 | -0.5
1.7601984320563526 | 1 | -0.5
1.4705685275650642 | 1 | -0.5
1.3414966075365826 | 1 | -0.5
1.2937758953345941 | 1 | -0.5
1.24719528596014 | 1 | -0.5
1.387140380988106 | 1 | -0.5
1.5301631556619855 | 1 | -0.5
1.7763748285275058 | 1 | -0.5
2.361377057797607 | 1 | -0.5
3.6964212381517245 | 1 | -0.5
6.655944802433426 | 1 | -0.5
6.634407745546195 | 1 | -0.5
6.76265415931603 | 1 | -0.5
Total reward: -147.0
