-1.6, -4.5, 4.0, -2.8, -2.2, -2.6, -4.5, 2.3, 2.3, -1.2, 0.2, 0.0, 1.1, -0.8, -2.3, 5.8, 0.4, 2.2
parameter ends

state | action | reward
[5.7] | 2 | -0.5
6.043763752068828 | 2 | -0.5
2.7977339547997264 | 2 | -0.5
2.2025671530568354 | 2 | -0.5
1.9186386851423443 | 2 | -0.5
1.7375882630263648 | 2 | -0.5
1.7076770659407976 | 2 | -0.5
1.656143339525394 | 2 | -0.5
1.714527242242731 | 2 | -0.5
1.8188627357284555 | 2 | -0.5
2.0307066432331022 | 2 | -0.5
2.4210895983600906 | 2 | -0.5
3.0255970649588897 | 2 | -0.5
6.820712460475222 | 2 | -0.5
6.404249988227685 | 2 | -0.5
6.298432305096206 | 2 | -0.5
6.4579801304121975 | 2 | -0.5
4.41862940268837 | 2 | -0.5
3.0726591999221498 | 2 | -0.5
2.437901112074151 | 2 | -0.5
1.9920143419526293 | 2 | -0.5
1.823168227976488 | 2 | -0.5
1.7179390712363376 | 2 | -0.5
1.6880680451830916 | 2 | -0.5
1.7431642388054227 | 2 | -0.5
1.7887868327231728 | 2 | -0.5
1.9689447815770476 | 2 | -0.5
2.2542663908358453 | 2 | -0.5
2.7205124557404563 | 2 | -0.5
3.9929977353668447 | 2 | -0.5
5.619470770960857 | 2 | -0.5
5.512484327935594 | 2 | -0.5
5.6610392921086925 | 2 | -0.5
5.913757243787475 | 2 | -0.5
2.8000183793599613 | 2 | -0.5
2.184491780887672 | 2 | -0.5
1.8281616589822347 | 2 | -0.5
1.7282023503800066 | 2 | -0.5
1.6193478505228673 | 2 | -0.5
1.6300709885334235 | 2 | -0.5
1.6593321902961873 | 2 | -0.5
1.849345608526902 | 2 | -0.5
2.0387211046247065 | 2 | -0.5
2.489130047875261 | 2 | -0.5
3.2288290280882794 | 2 | -0.5
6.617236925430635 | 2 | -0.5
6.382865215014295 | 2 | -0.5
6.403797527302114 | 2 | -0.5
5.038316804551711 | 2 | -0.5
3.4103507964312194 | 2 | -0.5
2.695098071227537 | 2 | -0.5
2.335386850488174 | 2 | -0.5
2.1034753067722733 | 2 | -0.5
1.934109432341547 | 2 | -0.5
1.8585805412039187 | 2 | -0.5
1.880904226646677 | 2 | -0.5
1.9700329190569559 | 2 | -0.5
2.173573116504163 | 2 | -0.5
2.557457331585629 | 2 | -0.5
3.460332216116814 | 2 | -0.5
5.30836539054632 | 2 | -0.5
5.531218496814889 | 2 | -0.5
5.542987723334136 | 2 | -0.5
5.924200658042003 | 2 | -0.5
2.4710083438830304 | 2 | -0.5
1.985501458339265 | 2 | -0.5
1.7374551994237435 | 2 | -0.5
1.574924372825391 | 2 | -0.5
1.5055881773122564 | 2 | -0.5
1.4776986080366294 | 2 | -0.5
1.5354189929789004 | 2 | -0.5
1.5804033232326997 | 2 | -0.5
1.7397027284455522 | 2 | -0.5
2.0155877277580148 | 2 | -0.5
2.437249498341569 | 2 | -0.5
3.3599849934613353 | 2 | -0.5
6.468876735879823 | 2 | -0.5
6.36090349068364 | 2 | -0.5
6.471784914569472 | 2 | -0.5
4.096722923815412 | 2 | -0.5
2.8079862808451606 | 2 | -0.5
2.4269738414071145 | 2 | -0.5
2.135152981769855 | 2 | -0.5
1.964061784696314 | 2 | -0.5
1.8909643531126972 | 2 | -0.5
1.8696174503647605 | 2 | -0.5
1.951760839312782 | 2 | -0.5
2.0078197803227797 | 2 | -0.5
2.3387105048943386 | 2 | -0.5
2.7891683389204847 | 2 | -0.5
3.7216529780790424 | 2 | -0.5
5.882725943606064 | 2 | -0.5
5.648745543879508 | 2 | -0.5
5.649815152816596 | 2 | -0.5
5.931637902615148 | 2 | -0.5
6.35607969291933 | 2 | -0.5
2.478402373719637 | 2 | -0.5
2.0127212936948538 | 2 | -0.5
1.7881129017440691 | 2 | -0.5
1.5920479099784468 | 2 | -0.5
1.5538869215172537 | 2 | -0.5
1.5680905668449732 | 2 | -0.5
1.6553175531594624 | 2 | -0.5
1.7854729422119473 | 2 | -0.5
2.044557852941869 | 2 | -0.5
2.523247909840914 | 2 | -0.5
6.851172065275014 | 2 | -0.5
6.4430946074239435 | 2 | -0.5
6.347331346194942 | 2 | -0.5
6.5466609266733995 | 2 | -0.5
4.150252804532109 | 2 | -0.5
3.1853768943613154 | 2 | -0.5
2.4240999753728185 | 2 | -0.5
2.1211126681433394 | 2 | -0.5
1.9624903709507349 | 2 | -0.5
1.9311808558566155 | 2 | -0.5
1.9082803658903058 | 2 | -0.5
1.9423644598874186 | 2 | -0.5
2.083479439521555 | 2 | -0.5
2.2018348217072266 | 2 | -0.5
2.5844765388876225 | 2 | -0.5
3.3354635256154803 | 2 | -0.5
4.416269258025355 | 2 | -0.5
5.799616692154786 | 2 | -0.5
5.6570956521517095 | 2 | -0.5
5.818092957467225 | 2 | -0.5
6.218251523531049 | 2 | -0.5
2.4113653123410725 | 2 | -0.5
1.9435820901803356 | 2 | -0.5
1.7236618602997391 | 2 | -0.5
1.55975389940001 | 2 | -0.5
1.543396773193395 | 2 | -0.5
1.549705966510783 | 2 | -0.5
1.620154496025637 | 2 | -0.5
1.684778921390579 | 2 | -0.5
1.957652527305334 | 2 | -0.5
2.3763892707628083 | 2 | -0.5
3.0434663441621237 | 2 | -0.5
6.445196474909146 | 2 | -0.5
6.25059430351914 | 2 | -0.5
6.314093174834888 | 2 | -0.5
4.597352876543977 | 2 | -0.5
3.2288442202961027 | 2 | -0.5
2.5568594228898656 | 2 | -0.5
2.183367061143582 | 2 | -0.5
2.0492019847854177 | 2 | -0.5
1.9383997240031672 | 2 | -0.5
1.872815033254445 | 2 | -0.5
1.9292943119211443 | 2 | -0.5
2.036118338562777 | 2 | -0.5
2.2791003389128077 | 2 | -0.5
2.6724209939301415 | 2 | -0.5
3.3479574879415477 | 2 | -0.5
4.454464593810739 | 2 | -0.5
5.885595343831899 | 2 | -0.5
5.75590374795345 | 2 | -0.5
5.863108473195394 | 2 | -0.5
6.1996897656656325 | 2 | -0.5
2.596301129797305 | 2 | -0.5
2.0798305502369234 | 2 | -0.5
1.819996243190199 | 2 | -0.5
1.6626799313066554 | 2 | -0.5
1.6076031673946325 | 2 | -0.5
1.5543400723966752 | 2 | -0.5
1.5525094763997975 | 2 | -0.5
1.6970393019380563 | 2 | -0.5
1.779319517846406 | 2 | -0.5
2.0697984337200115 | 2 | -0.5
2.5783948650492072 | 2 | -0.5
6.72975351643609 | 2 | -0.5
6.3193555365983825 | 2 | -0.5
6.1875825663272925 | 2 | -0.5
6.269502461548003 | 2 | -0.5
5.34052348974917 | 2 | -0.5
3.4624613905158474 | 2 | -0.5
2.703433691334481 | 2 | -0.5
2.2567532365739225 | 2 | -0.5
1.9860147048342927 | 2 | -0.5
1.8609866455735442 | 2 | -0.5
1.8258207322932776 | 2 | -0.5
1.8612088311666855 | 2 | -0.5
1.9267203568360467 | 2 | -0.5
2.130337658337885 | 2 | -0.5
2.4312608795199746 | 2 | -0.5
2.8588893580270027 | 2 | -0.5
4.1575998370767335 | 2 | -0.5
5.886324751726296 | 2 | -0.5
5.702485560650983 | 2 | -0.5
5.752804088045506 | 2 | -0.5
6.093904910540506 | 2 | -0.5
2.767393526896286 | 2 | -0.5
2.2429006707796515 | 2 | -0.5
1.9861106946629212 | 2 | -0.5
1.7378833357857948 | 2 | -0.5
1.677362083762471 | 2 | -0.5
1.6440824169354575 | 2 | -0.5
1.6235983058658252 | 2 | -0.5
1.6479682830331643 | 2 | -0.5
1.7953251826043681 | 2 | -0.5
2.0750323251972627 | 2 | -0.5
2.48887370170242 | 2 | -0.5
3.2929283917436325 | 2 | -0.5
6.440922799565018 | 2 | -0.5
6.153214283306285 | 2 | -0.5
6.224895456104649 | 2 | -0.5
4.866349955970019 | 2 | -0.5
3.112768526655281 | 2 | -0.5
2.4857125127356015 | 2 | -0.5
2.0628253840093858 | 2 | -0.5
1.8548287142556505 | 2 | -0.5
1.7644906358663301 | 2 | -0.5
1.7874423092065306 | 2 | -0.5
1.8484005535730297 | 2 | -0.5
1.9865878142540199 | 2 | -0.5
2.332131824130827 | 2 | -0.5
2.95353005311534 | 2 | -0.5
4.224245872901368 | 2 | -0.5
5.800672397013007 | 2 | -0.5
5.7316961215485005 | 2 | -0.5
5.85275171621997 | 2 | -0.5
6.250568591595019 | 2 | -0.5
2.523102986671156 | 2 | -0.5
2.036837416816581 | 2 | -0.5
1.77016091662825 | 2 | -0.5
1.6126441562407883 | 2 | -0.5
1.6012956689528435 | 2 | -0.5
1.5712804886004146 | 2 | -0.5
1.5720320567787276 | 2 | -0.5
1.6904239820494984 | 2 | -0.5
1.868368104233573 | 2 | -0.5
2.1780508107606926 | 2 | -0.5
2.561121789350148 | 2 | -0.5
6.688574223375392 | 2 | -0.5
6.2876876303314315 | 2 | -0.5
6.2419968795175595 | 2 | -0.5
6.349580298435004 | 2 | -0.5
4.294591048184912 | 2 | -0.5
3.138022942594259 | 2 | -0.5
2.512249990685648 | 2 | -0.5
2.2243920901955025 | 2 | -0.5
2.0265883510834932 | 2 | -0.5
2.0030056677342243 | 2 | -0.5
1.963619041059758 | 2 | -0.5
2.028778557912991 | 2 | -0.5
2.199892659031975 | 2 | -0.5
2.4317565862365935 | 2 | -0.5
3.040645851296929 | 2 | -0.5
4.133253662143145 | 2 | -0.5
5.887075456309574 | 2 | -0.5
5.6895880496181785 | 2 | -0.5
5.766610864832661 | 2 | -0.5
6.0402830668295495 | 2 | -0.5
2.532765357610501 | 2 | -0.5
1.9690037920452932 | 2 | -0.5
1.699643194656357 | 2 | -0.5
1.5114951978384057 | 2 | -0.5
1.470585144285882 | 2 | -0.5
1.4112076808754581 | 2 | -0.5
1.4466776549491451 | 2 | -0.5
1.5251574732326116 | 2 | -0.5
1.6558702642136727 | 2 | -0.5
1.9281998393915325 | 2 | -0.5
2.427104626195793 | 2 | -0.5
3.3606258430727634 | 2 | -0.5
6.320545860118824 | 2 | -0.5
6.203193395492058 | 2 | -0.5
6.434795420579197 | 2 | -0.5
4.120029644102475 | 2 | -0.5
2.90985392386379 | 2 | -0.5
2.452070818090442 | 2 | -0.5
2.181631854918452 | 2 | -0.5
2.015800423324523 | 2 | -0.5
1.9371891445810354 | 2 | -0.5
1.9736835741561736 | 2 | -0.5
2.0482545585644516 | 2 | -0.5
2.241349063239922 | 2 | -0.5
2.525538079792855 | 2 | -0.5
3.081442792644372 | 2 | -0.5
4.072484349638784 | 2 | -0.5
5.865967291752463 | 2 | -0.5
5.697948077812656 | 2 | -0.5
5.780558344480998 | 2 | -0.5
6.074686590794027 | 2 | -0.5
2.5023877238549592 | 2 | -0.5
2.0430539631444455 | 2 | -0.5
1.7149166109746394 | 2 | -0.5
1.5233522411991676 | 2 | -0.5
1.4469671392460417 | 2 | -0.5
1.4062098366766234 | 2 | -0.5
1.4398676554476577 | 2 | -0.5
1.5420076806887728 | 2 | -0.5
1.6551899857995025 | 2 | -0.5
1.9348073735250189 | 2 | -0.5
2.3453176334227694 | 2 | -0.5
6.631182108312999 | 2 | -0.5
6.311560642411659 | 2 | -0.5
6.200430160717712 | 2 | -0.5
6.330648343219225 | 2 | -0.5
4.485941499056065 | 2 | -0.5
3.2242064690239336 | 2 | -0.5
2.639685877739566 | 2 | -0.5
2.174471293812076 | 2 | -0.5
2.02468552466391 | 2 | -0.5
1.9111869852202792 | 2 | -0.5
1.935110442570294 | 2 | -0.5
1.950175619015868 | 2 | -0.5
2.11042776076261 | 2 | -0.5
2.3674033321474277 | 2 | -0.5
2.895254996569472 | 2 | -0.5
3.6906552295931587 | 2 | -0.5
5.655475864535667 | 2 | -0.5
5.637237557656427 | 2 | -0.5
5.621471943094975 | 2 | -0.5
5.851229404835155 | 2 | -0.5
6.2450872666591355 | 2 | -0.5
2.401002623579416 | 2 | -0.5
1.9769791300256356 | 2 | -0.5
1.701355623905942 | 2 | -0.5
1.532976934399806 | 2 | -0.5
1.471937920311848 | 2 | -0.5
1.4703465797520785 | 2 | -0.5
1.5048542691770246 | 2 | -0.5
1.5968834478691993 | 2 | -0.5
1.7508885049292255 | 2 | -0.5
2.102497576962586 | 2 | -0.5
2.8412636623730703 | 2 | -0.5
6.511985983870268 | 2 | -0.5
6.24926851069937 | 2 | -0.5
6.255799032051594 | 2 | -0.5
6.461031055082384 | 2 | -0.5
3.9567824213541396 | 2 | -0.5
2.885703705123582 | 2 | -0.5
2.3576455387503095 | 2 | -0.5
2.1748534104794155 | 2 | -0.5
2.0326124073557272 | 2 | -0.5
1.9961053011182641 | 2 | -0.5
1.9930816382099321 | 2 | -0.5
2.0311617121121213 | 2 | -0.5
2.1706011369565212 | 2 | -0.5
2.39355611112881 | 2 | -0.5
3.0302264085004413 | 2 | -0.5
4.3748406178305315 | 2 | -0.5
5.906625680191693 | 2 | -0.5
5.746848000637199 | 2 | -0.5
5.81867295641085 | 2 | -0.5
6.1990240118090565 | 2 | -0.5
2.3099545044205514 | 2 | -0.5
1.962834488555819 | 2 | -0.5
1.6209253876472383 | 2 | -0.5
1.502141070786502 | 2 | -0.5
1.4062677680865414 | 2 | -0.5
1.4360624783600608 | 2 | -0.5
1.4740583344010236 | 2 | -0.5
1.5439056152652215 | 2 | -0.5
1.7233965438741055 | 2 | -0.5
1.995673577179283 | 2 | -0.5
2.5256263122476184 | 2 | -0.5
6.653077656885697 | 2 | -0.5
6.278273488163233 | 2 | -0.5
6.174340253892545 | 2 | -0.5
6.26055365645939 | 2 | -0.5
4.9252798345478395 | 2 | -0.5
3.3869057610597673 | 2 | -0.5
2.6702775925031594 | 2 | -0.5
2.2663142592960965 | 2 | -0.5
2.0732709070840785 | 2 | -0.5
1.9920881564721917 | 2 | -0.5
1.9598160135981906 | 2 | -0.5
2.0333586213153856 | 2 | -0.5
2.1803195272042033 | 2 | -0.5
2.4827228366199 | 2 | -0.5
2.924110095575008 | 2 | -0.5
3.872816129569118 | 2 | -0.5
5.739509156776436 | 2 | -0.5
5.627482712616033 | 2 | -0.5
5.656692385185721 | 2 | -0.5
5.872973538048955 | 2 | -0.5
2.7370407445751006 | 2 | -0.5
2.0767021732520248 | 2 | -0.5
1.799705598357441 | 2 | -0.5
1.635435060212413 | 2 | -0.5
1.4707852904179488 | 2 | -0.5
1.4599287563244485 | 2 | -0.5
1.4877322856660902 | 2 | -0.5
1.5024338710624594 | 2 | -0.5
1.6119568167622316 | 2 | -0.5
1.8419786194660424 | 2 | -0.5
2.264193518632393 | 2 | -0.5
2.8370598595247065 | 2 | -0.5
6.530955999623466 | 2 | -0.5
6.25320755102945 | 2 | -0.5
6.330274064462691 | 2 | -0.5
4.865399353107368 | 2 | -0.5
3.570874731947557 | 2 | -0.5
2.785566887830599 | 2 | -0.5
2.45110137006506 | 2 | -0.5
2.1697957447397016 | 2 | -0.5
2.028378385348562 | 2 | -0.5
1.9258645037046194 | 2 | -0.5
1.9215971361000663 | 2 | -0.5
2.048380329635493 | 2 | -0.5
2.2350615215868053 | 2 | -0.5
2.587901687720841 | 2 | -0.5
3.2603267710488706 | 2 | -0.5
4.208274264621196 | 2 | -0.5
5.843838463656397 | 2 | -0.5
5.616795643476641 | 2 | -0.5
5.649658759334103 | 2 | -0.5
5.916364286246338 | 2 | -0.5
2.6938812428968957 | 2 | -0.5
1.999779315545992 | 2 | -0.5
1.6398045525693632 | 2 | -0.5
1.5759406856548634 | 2 | -0.5
1.4703864745095907 | 2 | -0.5
1.3905468085696426 | 2 | -0.5
1.4169423566852228 | 2 | -0.5
1.4733295924836773 | 2 | -0.5
1.631072111550086 | 2 | -0.5
1.9336879427943285 | 2 | -0.5
2.4053446702517634 | 2 | -0.5
3.2606854972535726 | 2 | -0.5
6.422361425758177 | 2 | -0.5
6.299283852439915 | 2 | -0.5
6.395159105007695 | 2 | -0.5
4.4450979055366515 | 2 | -0.5
3.0468490747126062 | 2 | -0.5
2.5811698195016164 | 2 | -0.5
2.277566658295217 | 2 | -0.5
2.096094186383671 | 2 | -0.5
2.0062469090421837 | 2 | -0.5
1.9699174877787444 | 2 | -0.5
2.0337916997856986 | 2 | -0.5
2.19108758316489 | 2 | -0.5
2.414306441987016 | 2 | -0.5
2.7028161698244886 | 2 | -0.5
3.4115644318160467 | 2 | -0.5
4.931824082858226 | 2 | -0.5
5.7110098395565885 | 2 | -0.5
5.587944588252441 | 2 | -0.5
5.709434518667668 | 2 | -0.5
6.051959064538242 | 2 | -0.5
2.1213897199273046 | 2 | -0.5
1.8045453857088307 | 2 | -0.5
1.499183011059241 | 2 | -0.5
1.45101095268533 | 2 | -0.5
1.3414840317978856 | 2 | -0.5
1.4309807908509196 | 2 | -0.5
1.53643055136638 | 2 | -0.5
1.6719501150082339 | 2 | -0.5
1.9978234410616331 | 2 | -0.5
2.674919591166734 | 2 | -0.5
6.575765735955265 | 2 | -0.5
6.271664405339403 | 2 | -0.5
6.256807879593984 | 2 | -0.5
6.475407035340664 | 2 | -0.5
4.12830008858346 | 2 | -0.5
3.0611569442794457 | 2 | -0.5
2.549916186586195 | 2 | -0.5
2.1593982999817856 | 2 | -0.5
2.040332291106508 | 2 | -0.5
1.9686830420892258 | 2 | -0.5
2.003560268781969 | 2 | -0.5
2.098819102382027 | 2 | -0.5
2.3208387760962417 | 2 | -0.5
2.6637178867354145 | 2 | -0.5
3.2407828694416043 | 2 | -0.5
4.383373649257415 | 2 | -0.5
5.786210048974984 | 2 | -0.5
5.62926975465256 | 2 | -0.5
5.696639824192667 | 2 | -0.5
6.046046012706589 | 2 | -0.5
2.636130386999435 | 2 | -0.5
2.0278539951063776 | 2 | -0.5
1.750728210550808 | 2 | -0.5
1.595774377523087 | 2 | -0.5
1.4888985676423896 | 2 | -0.5
1.476313124069761 | 2 | -0.5
1.510325597788473 | 2 | -0.5
1.6079350328004247 | 2 | -0.5
1.7891054039219967 | 2 | -0.5
1.9586127525744559 | 2 | -0.5
2.4899467478780886 | 2 | -0.5
6.764094154449207 | 2 | -0.5
6.432278137508801 | 2 | -0.5
6.384192169371077 | 2 | -0.5
6.52851670617485 | 2 | -0.5
4.309928669044584 | 2 | -0.5
2.961074073722308 | 2 | -0.5
2.4462235659995177 | 2 | -0.5
2.150581354075507 | 2 | -0.5
1.9690033383259928 | 2 | -0.5
1.9308712547425655 | 2 | -0.5
1.888780763477727 | 2 | -0.5
1.9668341669690792 | 2 | -0.5
2.09792044411164 | 2 | -0.5
2.2644467611603467 | 2 | -0.5
2.783623588003773 | 2 | -0.5
3.569121032480553 | 2 | -0.5
4.880065590266609 | 2 | -0.5
5.616190750616215 | 2 | -0.5
5.581342542647809 | 2 | -0.5
5.729566520911624 | 2 | -0.5
6.106157729798259 | 2 | -0.5
2.353585536463483 | 2 | -0.5
1.8673599202037146 | 2 | -0.5
1.7302050544722867 | 2 | -0.5
1.6032743331609303 | 2 | -0.5
1.585890550632876 | 2 | -0.5
1.523374635862475 | 2 | -0.5
1.56413807714393 | 2 | -0.5
1.6540027271816342 | 2 | -0.5
1.8336245808394325 | 2 | -0.5
2.162884843796546 | 2 | -0.5
2.690916393393955 | 2 | -0.5
6.802493024544072 | 2 | -0.5
6.527179405706585 | 2 | -0.5
6.385310803273329 | 2 | -0.5
6.55226212599661 | 2 | -0.5
4.08918287103545 | 2 | -0.5
2.8731485222130946 | 2 | -0.5
2.463246736511876 | 2 | -0.5
2.0999252790851535 | 2 | -0.5
1.9485802271556494 | 2 | -0.5
1.9095755374416907 | 2 | -0.5
1.925430618135608 | 2 | -0.5
1.9662788177630306 | 2 | -0.5
2.1145699603894856 | 2 | -0.5
2.3708010137956137 | 2 | -0.5
2.861059726545644 | 2 | -0.5
3.787241526803566 | 2 | -0.5
5.726237356952318 | 2 | -0.5
5.528883792266257 | 2 | -0.5
5.611582189750026 | 2 | -0.5
5.885203528387319 | 2 | -0.5
2.7449083050264824 | 2 | -0.5
2.132072670846671 | 2 | -0.5
1.8293998902317896 | 2 | -0.5
1.6547885759329373 | 2 | -0.5
1.5984340751286596 | 2 | -0.5
1.53688278684767 | 2 | -0.5
1.5944531271107618 | 2 | -0.5
1.6522609989244115 | 2 | -0.5
1.8169027171356404 | 2 | -0.5
2.132653863192852 | 2 | -0.5
2.635148707197387 | 2 | -0.5
6.775328860630618 | 2 | -0.5
6.411375629456285 | 2 | -0.5
6.319788969184287 | 2 | -0.5
6.485473487534333 | 2 | -0.5
4.2976348663907755 | 2 | -0.5
3.0339766752523216 | 2 | -0.5
2.460538956195372 | 2 | -0.5
2.1051765867091063 | 2 | -0.5
1.8922396456429036 | 2 | -0.5
1.7917789912150899 | 2 | -0.5
1.81920126008274 | 2 | -0.5
1.8619186713652989 | 2 | -0.5
2.0014833190829653 | 2 | -0.5
2.2281514180321786 | 2 | -0.5
2.659839459162754 | 2 | -0.5
3.347316885372171 | 2 | -0.5
4.885987639128364 | 2 | -0.5
5.620247601401158 | 2 | -0.5
5.634182223897694 | 2 | -0.5
5.9112535387712235 | 2 | -0.5
6.183643326240846 | 2 | -0.5
2.4779215287434093 | 2 | -0.5
2.0088284478856653 | 2 | -0.5
1.8245462921569513 | 2 | -0.5
1.736424362994839 | 2 | -0.5
1.6905775611916032 | 2 | -0.5
1.6871451822967247 | 2 | -0.5
1.7105911606588886 | 2 | -0.5
1.844029164111704 | 2 | -0.5
2.0510588792055118 | 2 | -0.5
2.42357335185131 | 2 | -0.5
3.078064983467191 | 2 | -0.5
6.718547391836714 | 2 | -0.5
6.374993635605346 | 2 | -0.5
6.358389357894451 | 2 | -0.5
5.3884737365842375 | 2 | -0.5
3.3273451466030712 | 2 | -0.5
2.6200079449750238 | 2 | -0.5
2.1331900988146852 | 2 | -0.5
1.8558841096369176 | 2 | -0.5
1.7502894179921877 | 2 | -0.5
1.6727115311218743 | 2 | -0.5
1.683724661912249 | 2 | -0.5
1.7602087273240354 | 2 | -0.5
1.94410230086085 | 2 | -0.5
2.1893928443551736 | 2 | -0.5
2.605339446928738 | 2 | -0.5
3.443867874536735 | 2 | -0.5
4.934890808538829 | 2 | -0.5
5.577704243889414 | 2 | -0.5
5.498454630668598 | 2 | -0.5
5.7058787561657205 | 2 | -0.5
6.145094533605025 | 2 | -0.5
2.6278776471717213 | 2 | -0.5
2.18464664764482 | 2 | -0.5
1.9020100697431985 | 2 | -0.5
1.754531969021418 | 2 | -0.5
1.6929798675372927 | 2 | -0.5
1.716106145759806 | 2 | -0.5
1.7612032276206782 | 2 | -0.5
1.9022121513705736 | 2 | -0.5
2.1096818836300164 | 2 | -0.5
2.490706298031726 | 2 | -0.5
7.016120376161796 | 2 | -0.5
6.457307991316399 | 2 | -0.5
6.267760445795238 | 2 | -0.5
6.351865231508884 | 2 | -0.5
3.738711564379535 | 2 | -0.5
2.837288694720425 | 2 | -0.5
2.3314366998299767 | 2 | -0.5
1.976117414352926 | 2 | -0.5
1.7923958951136283 | 2 | -0.5
1.7108195818334195 | 2 | -0.5
1.6616028771358624 | 2 | -0.5
1.7215757273593677 | 2 | -0.5
1.8352513364424812 | 2 | -0.5
2.0237547791794563 | 2 | -0.5
2.4696626650642917 | 2 | -0.5
3.226459131693515 | 2 | -0.5
4.943697153346856 | 2 | -0.5
5.602183950346645 | 2 | -0.5
5.65648075965906 | 2 | -0.5
5.835381519384901 | 2 | -0.5
6.227588963470427 | 2 | -0.5
2.754266545308881 | 2 | -0.5
2.213191226512242 | 2 | -0.5
1.9208062597083315 | 2 | -0.5
1.8262594157481928 | 2 | -0.5
1.7978261063091172 | 2 | -0.5
1.7376735511683274 | 2 | -0.5
1.874236846226101 | 2 | -0.5
2.0079071958732406 | 2 | -0.5
2.4477415536458853 | 2 | -0.5
3.0820465631568585 | 2 | -0.5
6.585770156853631 | 2 | -0.5
6.198575816899347 | 2 | -0.5
6.196511729681729 | 2 | -0.5
5.603424894534559 | 2 | -0.5
3.138295166925476 | 2 | -0.5
2.319105485186075 | 2 | -0.5
1.9752686360210077 | 2 | -0.5
1.7299541713334818 | 2 | -0.5
1.5551507776714573 | 2 | -0.5
1.562094256058369 | 2 | -0.5
1.5718709951820806 | 2 | -0.5
1.6231982231934845 | 2 | -0.5
1.8330881351143278 | 2 | -0.5
2.0229355689786477 | 2 | -0.5
2.4174550419086196 | 2 | -0.5
2.8395936827511874 | 2 | -0.5
4.496966978208351 | 2 | -0.5
5.7765916444358645 | 2 | -0.5
5.789387696522885 | 2 | -0.5
5.973386662327889 | 2 | -0.5
6.332156849002461 | 2 | -0.5
3.154848280613642 | 2 | -0.5
2.6040347891001225 | 2 | -0.5
2.3388532596369123 | 2 | -0.5
2.123881052756996 | 2 | -0.5
1.991748969792623 | 2 | -0.5
1.990874546496466 | 2 | -0.5
2.0494038066665095 | 2 | -0.5
2.158989684460312 | 2 | -0.5
2.338470492223859 | 2 | -0.5
2.6712014346325326 | 2 | -0.5
3.185865397005254 | 2 | -0.5
6.794544147921633 | 2 | -0.5
6.342572349360335 | 2 | -0.5
6.202077066067375 | 2 | -0.5
6.226997260188914 | 2 | -0.5
3.8327205327017655 | 2 | -0.5
2.5448870557050443 | 2 | -0.5
2.007257860300992 | 2 | -0.5
1.6938791033293998 | 2 | -0.5
1.5007666902416106 | 2 | -0.5
1.470581859856238 | 2 | -0.5
1.4292595995466775 | 2 | -0.5
1.4224189249743024 | 2 | -0.5
1.4916810624650299 | 2 | -0.5
1.6300324988830324 | 2 | -0.5
1.7669409380556245 | 2 | -0.5
2.019556055084056 | 2 | -0.5
2.797776232247778 | 2 | -0.5
4.373350646171243 | 2 | -0.5
5.753707409009709 | 2 | -0.5
5.852599678233887 | 2 | -0.5
6.1679735400196005 | 2 | -0.5
6.880989752168861 | 2 | -0.5
2.678729755354898 | 2 | -0.5
2.393099378386193 | 2 | -0.5
2.1404293685422275 | 2 | -0.5
2.008579503171442 | 2 | -0.5
1.943410039212521 | 2 | -0.5
1.979981060644501 | 2 | -0.5
2.1168947755725402 | 2 | -0.5
2.28737705606909 | 2 | -0.5
2.7248237420299373 | 2 | -0.5
3.3896255225250886 | 2 | -0.5
6.589324595171263 | 2 | -0.5
6.176080136477457 | 2 | -0.5
6.126153256208781 | 2 | -0.5
5.832462252109576 | 2 | -0.5
3.194422588721512 | 2 | -0.5
2.23693737618808 | 2 | -0.5
1.8398021509735305 | 2 | -0.5
1.6433584521628883 | 2 | -0.5
1.4711812899181056 | 2 | -0.5
1.4442882596489444 | 2 | -0.5
1.4197567999178307 | 2 | -0.5
1.4515073707977548 | 2 | -0.5
1.5600756571140393 | 2 | -0.5
1.7049937107144444 | 2 | -0.5
2.086779618108882 | 2 | -0.5
2.649591842833043 | 2 | -0.5
3.722921979685876 | 2 | -0.5
5.802074246875596 | 2 | -0.5
5.742944024354016 | 2 | -0.5
5.929487612982838 | 2 | -0.5
6.373270616183752 | 2 | -0.5
3.062313143083066 | 2 | -0.5
2.5994354283012866 | 2 | -0.5
2.2756466363736574 | 2 | -0.5
2.0725512720007764 | 2 | -0.5
1.9521139392287796 | 2 | -0.5
1.9923307087223605 | 2 | -0.5
2.052876712545816 | 2 | -0.5
2.227320582968144 | 2 | -0.5
2.562507318365276 | 2 | -0.5
3.159091694801031 | 2 | -0.5
7.018140578102669 | 2 | -0.5
6.380209072007093 | 2 | -0.5
6.22160077057351 | 2 | -0.5
6.251082099100881 | 2 | -0.5
3.7621332539430097 | 2 | -0.5
2.6856086504641548 | 2 | -0.5
2.149451525212602 | 2 | -0.5
1.7409376938164838 | 2 | -0.5
1.5540862109283453 | 2 | -0.5
1.513078052031146 | 2 | -0.5
1.4399558970458812 | 2 | -0.5
1.5111922103875037 | 2 | -0.5
1.5849786683459617 | 2 | -0.5
1.693875518177181 | 2 | -0.5
1.9834163369510556 | 2 | -0.5
2.4096467558355745 | 2 | -0.5
3.3245676766117054 | 2 | -0.5
5.833870467401125 | 2 | -0.5
5.712585082364452 | 2 | -0.5
5.888480215750012 | 2 | -0.5
6.322348688055728 | 2 | -0.5
3.070676849630418 | 2 | -0.5
2.531241273885994 | 2 | -0.5
2.210153560865766 | 2 | -0.5
1.9999724228817468 | 2 | -0.5
1.9033229571295984 | 2 | -0.5
1.9242071729594334 | 2 | -0.5
1.9920495302470396 | 2 | -0.5
2.221507977448339 | 2 | -0.5
2.4574711424096214 | 2 | -0.5
2.914344778381332 | 2 | -0.5
6.966813981777646 | 2 | -0.5
6.452712883200474 | 2 | -0.5
6.2473489207382755 | 2 | -0.5
6.215349252603495 | 2 | -0.5
4.598879431909957 | 2 | -0.5
2.864192245856193 | 2 | -0.5
2.167963586422975 | 2 | -0.5
1.8110954329762627 | 2 | -0.5
1.6111758477441123 | 2 | -0.5
1.521354438547311 | 2 | -0.5
1.4715820556197088 | 2 | -0.5
1.4802006661292226 | 2 | -0.5
1.5358012079967736 | 2 | -0.5
1.664678419167257 | 2 | -0.5
1.8673575262736648 | 2 | -0.5
2.2156567375619773 | 2 | -0.5
2.8825253091932006 | 2 | -0.5
4.904380473645837 | 2 | -0.5
5.703063830019756 | 2 | -0.5
5.713805328362998 | 2 | -0.5
5.951213678531092 | 2 | -0.5
6.446981296210813 | 2 | -0.5
2.850883896710226 | 2 | -0.5
2.352938408805301 | 2 | -0.5
2.105466165515247 | 2 | -0.5
1.9518163992430522 | 2 | -0.5
1.9159020955830577 | 2 | -0.5
1.9948172131126696 | 2 | -0.5
2.0481546932060315 | 2 | -0.5
2.180910474660706 | 2 | -0.5
2.5232328852102524 | 2 | -0.5
3.2046034318771492 | 2 | -0.5
6.679943425459239 | 2 | -0.5
6.294613752421142 | 2 | -0.5
6.166953138315037 | 2 | -0.5
6.293231426740605 | 2 | -0.5
3.5942504950810092 | 2 | -0.5
2.4748174229396156 | 2 | -0.5
1.9424207353605316 | 2 | -0.5
1.6161720838470077 | 2 | -0.5
1.4968433122589313 | 2 | -0.5
1.4601267017678532 | 2 | -0.5
1.424105342549929 | 2 | -0.5
1.471724637803329 | 2 | -0.5
1.5313907601528554 | 2 | -0.5
1.6877267479490432 | 2 | -0.5
2.0945339010177895 | 2 | -0.5
2.6107828042643275 | 2 | -0.5
3.9967404287921253 | 2 | -0.5
5.800934254737372 | 2 | -0.5
5.777259051265284 | 2 | -0.5
5.999689604838474 | 2 | -0.5
6.459928407376383 | 2 | -0.5
2.9407734321495203 | 2 | -0.5
2.464186951038946 | 2 | -0.5
2.153115915992461 | 2 | -0.5
2.0286367908006717 | 2 | -0.5
1.9634381425516632 | 2 | -0.5
2.00070301824283 | 2 | -0.5
2.1284854409406613 | 2 | -0.5
2.3414947446687133 | 2 | -0.5
2.819713831801124 | 2 | -0.5
3.509788674788302 | 2 | -0.5
6.524556460624192 | 2 | -0.5
6.192202438125451 | 2 | -0.5
6.061126580780411 | 2 | -0.5
6.143535689325226 | 2 | -0.5
3.6366062939428585 | 2 | -0.5
2.381287808900094 | 2 | -0.5
1.8946576392518164 | 2 | -0.5
1.6199573625696753 | 2 | -0.5
1.5008689501628387 | 2 | -0.5
1.426373576077501 | 2 | -0.5
1.3971801442851537 | 2 | -0.5
1.4372610914169366 | 2 | -0.5
1.4993981206354623 | 2 | -0.5
1.7039318685818292 | 2 | -0.5
2.049336641296468 | 2 | -0.5
3.048697259313604 | 2 | -0.5
5.382711793392597 | 2 | -0.5
5.907787896578807 | 2 | -0.5
6.004378003525663 | 2 | -0.5
6.319258859407868 | 2 | -0.5
6.846040641744505 | 2 | -0.5
2.8326573018264525 | 2 | -0.5
2.396218503711026 | 2 | -0.5
2.1474000902936203 | 2 | -0.5
2.016182943910307 | 2 | -0.5
1.9735254910887747 | 2 | -0.5
2.033262787331609 | 2 | -0.5
2.1122413688831845 | 2 | -0.5
2.275734621235469 | 2 | -0.5
2.6184570679282326 | 2 | -0.5
3.4228539354741607 | 2 | -0.5
6.61906509229631 | 2 | -0.5
6.170125556541977 | 2 | -0.5
6.0727463568572615 | 2 | -0.5
6.183069273706405 | 2 | -0.5
3.6088404482718994 | 2 | -0.5
2.3333441925859946 | 2 | -0.5
1.9695527411886886 | 2 | -0.5
1.6655459326661797 | 2 | -0.5
1.5272436073634024 | 2 | -0.5
1.492497338000609 | 2 | -0.5
1.431968134852985 | 2 | -0.5
1.4916069210408487 | 2 | -0.5
1.5772789242437881 | 2 | -0.5
1.7209762732713794 | 2 | -0.5
2.0039986974036785 | 2 | -0.5
2.368386531127426 | 2 | -0.5
3.2995571085982505 | 2 | -0.5
5.889014754245001 | 2 | -0.5
5.792811855287517 | 2 | -0.5
5.851908171365455 | 2 | -0.5
6.1930999845365635 | 2 | -0.5
3.2012837685782896 | 2 | -0.5
2.5787834039529374 | 2 | -0.5
2.1864324705509106 | 2 | -0.5
2.033978318785291 | 2 | -0.5
1.940203015842794 | 2 | -0.5
1.8868932717747178 | 2 | -0.5
1.9778213366848842 | 2 | -0.5
2.1473423065488397 | 2 | -0.5
2.3732524920779166 | 2 | -0.5
2.844531726627612 | 2 | -0.5
3.6545984653566634 | 2 | -0.5
6.589770468499613 | 2 | -0.5
6.299031829689716 | 2 | -0.5
6.2382159666491255 | 2 | -0.5
5.331974818676055 | 2 | -0.5
3.073594574367669 | 2 | -0.5
2.2572838564481805 | 2 | -0.5
1.937092813677275 | 2 | -0.5
1.6927989115088646 | 2 | -0.5
1.5949854022910106 | 2 | -0.5
1.524491347323515 | 2 | -0.5
1.4729291510825466 | 2 | -0.5
1.5551397698622278 | 2 | -0.5
1.5926813882407873 | 2 | -0.5
1.7057134798073965 | 2 | -0.5
2.0465465494908286 | 2 | -0.5
2.5620002094753676 | 2 | -0.5
3.7692396726355883 | 2 | -0.5
5.908232416029897 | 2 | -0.5
5.811564853855009 | 2 | -0.5
5.9561862040450375 | 2 | -0.5
6.44199292386006 | 2 | -0.5
3.210772509984698 | 2 | -0.5
2.6091398200893035 | 2 | -0.5
2.351530890287972 | 2 | -0.5
2.1265507172901565 | 2 | -0.5
2.0281260794134006 | 2 | -0.5
2.0021419918755146 | 2 | -0.5
2.1103745277244106 | 2 | -0.5
2.229895226858156 | 2 | -0.5
2.5075652628693663 | 2 | -0.5
2.9193222974649586 | 2 | -0.5
3.5949481116686726 | 2 | -0.5
6.497687050496531 | 2 | -0.5
6.189522991648169 | 2 | -0.5
6.1708985799055425 | 2 | -0.5
4.407875293583852 | 2 | -0.5
2.834326876270354 | 2 | -0.5
2.0330671827565037 | 2 | -0.5
1.6914259774973015 | 2 | -0.5
1.520766218254239 | 2 | -0.5
1.442709385393142 | 2 | -0.5
1.3830644746405256 | 2 | -0.5
1.4697578383320946 | 2 | -0.5
1.5421063871611358 | 2 | -0.5
1.6392724682592215 | 2 | -0.5
1.949977843968373 | 2 | -0.5
2.4333952641641234 | 2 | -0.5
3.3060708944344195 | 2 | -0.5
5.7480017895542215 | 2 | -0.5
5.670977715884578 | 2 | -0.5
5.780884642501305 | 2 | -0.5
6.215870788304722 | 2 | -0.5
6.75852266000966 | 2 | -0.5
2.839532732174152 | 2 | -0.5
2.4849921203600305 | 2 | -0.5
2.1887441304344066 | 2 | -0.5
2.045528451856685 | 2 | -0.5
2.0398284064982346 | 2 | -0.5
2.0685835928084857 | 2 | -0.5
2.202467344991814 | 2 | -0.5
2.4815468749223384 | 2 | -0.5
2.929529407654556 | 2 | -0.5
3.5166594158043565 | 2 | -0.5
6.797529413273781 | 2 | -0.5
6.392741594235178 | 2 | -0.5
6.30846646695037 | 2 | -0.5
5.760289901510182 | 2 | -0.5
2.9691691271173974 | 2 | -0.5
2.1684798009632225 | 2 | -0.5
1.8492185660430411 | 2 | -0.5
1.614567039630176 | 2 | -0.5
1.4648407851255634 | 2 | -0.5
1.479861616657221 | 2 | -0.5
1.4553182277525287 | 2 | -0.5
1.4937103254022028 | 2 | -0.5
1.6403387114498307 | 2 | -0.5
1.8657844826946308 | 2 | -0.5
2.1862067750535776 | 2 | -0.5
2.832666924739187 | 2 | -0.5
4.742605954363207 | 2 | -0.5
5.6407324299204635 | 2 | -0.5
5.621162086426636 | 2 | -0.5
5.827221470103574 | 2 | -0.5
6.390224390192593 | 2 | -0.5
2.8784907351831333 | 2 | -0.5
2.3922139086407253 | 2 | -0.5
2.08340368277038 | 2 | -0.5
1.9346187045704684 | 2 | -0.5
1.8520069138595403 | 2 | -0.5
1.9017982335556487 | 2 | -0.5
2.0046660408204438 | 2 | -0.5
2.1426609250653335 | 2 | -0.5
2.588943749270446 | 2 | -0.5
3.276692779018427 | 2 | -0.5
6.69898272802471 | 2 | -0.5
6.340229381990317 | 2 | -0.5
6.290554400991641 | 2 | -0.5
6.232367806101114 | 2 | -0.5
3.482684312251732 | 2 | -0.5
2.4244146857414104 | 2 | -0.5
1.9022865318905948 | 2 | -0.5
1.6677533312596124 | 2 | -0.5
1.5921072466679758 | 2 | -0.5
1.549546547110647 | 2 | -0.5
1.531626333154808 | 2 | -0.5
1.614976000689302 | 2 | -0.5
1.7306152597582838 | 2 | -0.5
2.1389247678158094 | 2 | -0.5
2.642364469412411 | 2 | -0.5
Total reward: -500.0
