2.9, 5.1, -3.1, -1.9, -2.0, -3.9, -1.8, -4.4, -1.9, 2.4
parameter ends

state | action | reward
[-0.08] | [-1.97] | 9.196885687163341
-0.1411000129854509 | [22.59] | 9.334528958060352
-0.1984239294568889 | [2.92] | 9.295302547823406
-0.15508772789730313 | [-15.73] | 9.314713452144801
-0.114314423487105 | [9.56] | 9.333859357253855
-0.07525345698984855 | [-10.81] | 9.258923934445027
-0.037732070642388926 | [15.16] | 9.324912403181909
-0.0014684652094505164 | [-3.38] | 9.121322337599015
0.03351529105104423 | [22.48] | 9.174622411179897
0.06719564920372353 | [8.25] | 9.055732628500653
0.20434171857904862 | [-11.19] | -1.1565704996406976
Total reward: 91.25423321771156
2.9, 5.1, -3.1, -1.9, -2.0, -3.9, -1.8, -4.4, -1.9, 2.4
parameter ends

state | action | reward
[0.06] | [-1.91] | 9.189354466297987
0.012773752375997382 | [23.13] | 9.316877133761757
-0.03867619693781299 | [5.04] | 9.311108434146696
0.008509929831631409 | [-11.1] | 9.27515095656924
0.05233941480826115 | [13.66] | 9.32849400311718
0.09339125514866645 | [-1.62] | 9.14684477310148
0.13183128194502902 | [22.11] | 9.17396260762823
0.16777651882148123 | [11.98] | 9.110853574663889
0.30373436843565577 | [-1.27] | -1.168698807442882
Total reward: 72.68394714184357
2.9, 5.1, -3.1, -1.9, -2.0, -3.9, -1.8, -4.4, -1.9, 2.4
parameter ends

state | action | reward
[0.03] | [-1.07] | 9.171411486073234
-0.023098608108594175 | [24.57] | 9.296296479306049
-0.0768168385120483 | [8.59] | 9.30103848351651
-0.030498032903154556 | [-3.94] | 9.155395653563792
0.013111641691888422 | [19.49] | 9.156953686387064
0.054612464702711694 | [8.4] | 9.03167030812125
0.19825445719687393 | [-9.76] | -1.1858111594760852
Total reward: 53.92695493749181
2.9, 5.1, -3.1, -1.9, -2.0, -3.9, -1.8, -4.4, -1.9, 2.4
parameter ends

state | action | reward
[-0.05] | [-3.21] | 9.207852369121492
-0.08255114787205664 | [20.9] | 9.348398026527097
-0.11845783933375856 | [0.07] | 9.342677507266984
-0.10031776426578412 | [1.94] | 9.28947637878195
-0.02849885600843825 | [-18.09] | 9.319258291257585
0.04193212724218238 | [7.29] | 9.295989671187902
0.112170584456484 | [-15.72] | 9.267210263049439
0.18305804859100075 | [9.58] | 9.237433676642564
0.25529930846872373 | [-14.92] | 9.169989547879903
0.32990163843361947 | [9.92] | 9.077830414426817
0.40694696947092684 | [-16.07] | 8.980037174170185
0.4876024394667367 | [6.68] | -1.2638097472123415
Total reward: 100.27234357309958
2.9, 5.1, -3.1, -1.9, -2.0, -3.9, -1.8, -4.4, -1.9, 2.4
parameter ends

state | action | reward
[0.09] | [-2.04] | 9.21019934913638
0.03274478406327697 | [22.11] | 9.34658637530616
-0.023242949415795574 | [1.34] | 9.266439378408927
0.023096414473854153 | [-19.47] | 9.34507260829449
0.06789213911371857 | [5.2] | 9.279643638383064
0.11237257566321676 | [-19.2] | 9.345499108811836
0.15744572078374558 | [3.05] | 9.237249971285491
0.20390807068217054 | [-22.24] | 9.317243922654804
0.2530085583216422 | [-6.25] | 9.309607844562148
0.2043198236751179 | [8.26] | 9.271497156057373
0.15904894387616442 | [-16.06] | 9.315550475256924
0.1164972554741728 | [-1.69] | 9.206872487217074
-0.027659478457209466 | [18.99] | 9.229568868926503
-0.17146984773120016 | [-4.87] | 8.997021863614265
-0.3152474469447325 | [22.77] | -1.061933021011329
Total reward: 128.61612002690413
2.9, 5.1, -3.1, -1.9, -2.0, -3.9, -1.8, -4.4, -1.9, 2.4
parameter ends

state | action | reward
[-0.09] | [-2.09] | 9.176933062820863
-0.1444529303051905 | [23.01] | 9.301109429184772
-0.19815620790187427 | [5.53] | 9.310016157286348
-0.1546645202307284 | [-8.97] | 9.246248917355162
-0.11509388933487767 | [14.8] | 9.296897925194276
-0.07912837447773717 | [3.23] | 9.28653420806203
0.05467643546557281 | [-11.26] | 9.196644105062521
0.1865648759954514 | [11.56] | 9.15335838353597
0.31798334334002815 | [-7.84] | 8.880430619895062
0.44954016470847336 | [17.26] | -1.2818920930463185
Total reward: 81.56628071535069
2.9, 5.1, -3.1, -1.9, -2.0, -3.9, -1.8, -4.4, -1.9, 2.4
parameter ends

state | action | reward
[-0.05] | [-2.87] | 9.19859639604575
-0.09916680399883737 | [22.18] | 9.330105244631309
-0.14668993839575142 | [3.71] | 9.311631177200816
-0.09388384084689008 | [-13.08] | 9.284092644799491
-0.0437947732062293 | [12.24] | 9.326932198613413
0.004276666986105852 | [-4.75] | 9.152162571637522
0.05046811801273477 | [20.57] | 9.196189886423863
0.0949757343394533 | [7.14] | 9.085561217116576
0.24240545932916246 | [-11.95] | -1.107094847984212
Total reward: 72.77817648848453
2.9, 5.1, -3.1, -1.9, -2.0, -3.9, -1.8, -4.4, -1.9, 2.4
parameter ends

state | action | reward
[-0.08] | [-1.07] | 9.18936016688197
-0.1342774161816589 | [23.61] | 9.33072886234119
-0.19163883019072042 | [4.34] | 9.303948975123884
-0.14864895450580862 | [-13.89] | 9.303616326637295
-0.10821717443018788 | [11.41] | 9.33369965294099
-0.06941622896066493 | [-8.21] | 9.2175744698135
-0.03202454580006433 | [17.91] | 9.28027069745519
0.004336926869113682 | [0.26] | 9.214190292182497
0.10622298438660108 | [-3.76] | 8.929268889097871
0.16936656064963176 | [23.18] | -1.108681537004162
Total reward: 81.99397679547022
2.9, 5.1, -3.1, -1.9, -2.0, -3.9, -1.8, -4.4, -1.9, 2.4
parameter ends

state | action | reward
[0.1] | [-0.36] | 9.333546093367328
0.07592970219714211 | [8.59] | 9.30391752644225
0.08772041892520147 | [-15.27] | 9.330894059244368
0.09970021371763992 | [8.61] | 9.295357617956231
0.11234236351256176 | [-16.2] | 9.338752971060234
0.1261043981772223 | [5.96] | 9.258004041517395
0.1414643908283842 | [-19.49] | 9.336036851754628
0.15924731667577932 | [-1.85] | 9.26924064208467
0.076879051555923 | [17.15] | 9.336628075750879
-0.003581298483571963 | [-7.84] | 9.285165745153904
-0.08363769585625516 | [15.7] | 9.30609439425417
-0.1643716183030817 | [-8.19] | 9.223610235348076
-0.2465766563894186 | [16.98] | 9.240744114497806
-0.331736876331871 | [-2.75] | 9.06682798903746
-0.4190620164356914 | [19.91] | 9.016114085327796
-0.5095590383151397 | [9.87] | -1.0515014214001586
Total reward: 137.88943302139702
2.9, 5.1, -3.1, -1.9, -2.0, -3.9, -1.8, -4.4, -1.9, 2.4
parameter ends

state | action | reward
[-0.03] | [-2.01] | 9.207034512503014
-0.08522779575387643 | [22.27] | 9.345887912031682
-0.1415984582772933 | [1.78] | 9.274873809771773
-0.09563586039203688 | [-18.67] | 9.338767758397346
-0.05119122982313098 | [6.27] | 9.291126030165298
-0.007051557844036466 | [-17.58] | 9.328279090700207
0.03765484942803177 | [5.88] | 9.257278654274575
0.0837175052690585 | [-19.26] | 9.310703791414129
0.13235240395939216 | [0.15] | 9.295814077587888
0.14124818403995193 | [-6.26] | 9.262139165025237
0.11154155153007092 | [11.62] | 9.260251470971573
0.08589047860603238 | [-13.13] | 9.294366913448846
0.06422175242320308 | [4.33] | 9.18637968912189
0.04638979404703369 | [-19.23] | 9.231675841935388
0.032931757743717 | [-8.81] | 9.261197027372624
-0.07181786908734425 | [-1.89] | 9.27818891822745
-0.2703214320978876 | [10.43] | 9.222100106114992
-0.4669825162586904 | [-9.18] | 9.160289320509214
-0.6633234659002714 | [10.07] | 8.93181111048982
-0.859583730321796 | [-13.46] | -1.7309174470062403
Total reward: 174.00724775305667
2.9, 5.1, -3.1, -1.9, -2.0, -3.9, -1.8, -4.4, -1.9, 2.4
parameter ends

state | action | reward
[0.09] | [-0.48] | 9.309319943030134
0.061824416401351445 | [12.31] | 9.325803253880965
0.06115082594837269 | [-9.91] | 9.268237569702068
0.06019638231120942 | [16.11] | 9.324998144488958
0.05899255736397784 | [-4.63] | 9.168829268889072
0.05730119279278467 | [22.13] | 9.244565610110687
0.05491474952623693 | [5.15] | 9.10315942161124
0.15700198741638594 | [-17.01] | 9.037649083857138
0.259510724281707 | [7.87] | -1.2549968524481858
Total reward: 72.52756544312207
2.9, 5.1, -3.1, -1.9, -2.0, -3.9, -1.8, -4.4, -1.9, 2.4
parameter ends

state | action | reward
[0.01] | [-1.48] | 9.187860720301439
-0.03672501778246383 | [23.55] | 9.332443266962107
-0.08886950511748783 | [4.41] | 9.294675124752358
-0.0384863282053691 | [-13.86] | 9.274106997707165
0.010397639891211457 | [12.12] | 9.282566415283656
0.058778196787414444 | [-8.27] | 9.126981042657619
0.10712978435126283 | [18.79] | 9.143280174300719
0.15598573243188962 | [-2.03] | 8.8157281720784
0.2056718913234691 | [25.26] | -1.2513971923156622
Total reward: 72.20624472172778
2.9, 5.1, -3.1, -1.9, -2.0, -3.9, -1.8, -4.4, -1.9, 2.4
parameter ends

state | action | reward
[-0.05] | [-2.13] | 9.183275502689725
-0.10061335251883552 | [23.46] | 9.315877094185177
-0.15073323180664272 | [5.96] | 9.302296534168383
-0.09935842962285193 | [-9.65] | 9.215138111396055
-0.05006126440362931 | [15.76] | 9.2382121399899
-0.0020419107322713105 | [-0.33] | 9.110014105468908
0.08003344803679925 | [10.22] | 8.957430484913015
0.1972058934423076 | [-12.76] | -1.2823698581907692
Total reward: 63.039874114620396
2.9, 5.1, -3.1, -1.9, -2.0, -3.9, -1.8, -4.4, -1.9, 2.4
parameter ends

state | action | reward
[0.1] | [-1.75] | 9.19688455064628
0.05644608954089801 | [22.79] | 9.342902161048656
0.012587462327401402 | [2.69] | 9.280640768255047
0.07170472139346896 | [-17.37] | 9.315106560338716
0.12973877299383868 | [8.1] | 9.278866369376372
0.1878826633588681 | [-15.23] | 9.256253040573046
0.24711180575778613 | [9.86] | 9.201744547745596
0.3080498365166872 | [-15.18] | 9.150711599737729
0.37188693493417274 | [8.52] | 9.00826207855318
0.4382718777064236 | [-17.43] | -1.06940153421092
Total reward: 81.9619701420637
2.9, 5.1, -3.1, -1.9, -2.0, -3.9, -1.8, -4.4, -1.9, 2.4
parameter ends

state | action | reward
[0.08] | [-0.37] | 9.335934912677704
0.05552319179462885 | [8.72] | 9.300827591167105
0.06199425602631552 | [-15.25] | 9.335693150276857
0.06828276982755875 | [8.39] | 9.28999181713149
0.07493347925766829 | [-16.71] | 9.345917840019112
0.08242820158918752 | [4.83] | 9.24219304343525
0.0912955205557108 | [-20.87] | 9.327904284169328
0.10235224643234994 | [-4.59] | 9.291144687656868
0.012859039606730814 | [12.43] | 9.270731318090395
-0.07481513387010946 | [-12.94] | 9.259749188269007
-0.16197271033227387 | [7.78] | 9.097431585038613
-0.24931562096628776 | [-18.95] | 9.065678340043954
-0.3375413887318607 | [4.34] | -1.2589321538272509
Total reward: 109.90426560414846
2.9, 5.1, -3.1, -1.9, -2.0, -3.9, -1.8, -4.4, -1.9, 2.4
parameter ends

state | action | reward
[0.] | [-1.43] | 9.170052357681294
-0.043944739579262954 | [23.77] | 9.295068209180915
-0.09259969410861033 | [7.39] | 9.315883122197357
-0.04414883128875138 | [-4.94] | 9.206595591539728
0.0004788746814209892 | [17.53] | 9.227986915608849
0.041642782011507846 | [9.13] | 9.206078024385548
0.17995841003133128 | [-1.67] | 8.994240198973802
0.3165037119265699 | [17.27] | -1.1266832686105612
Total reward: 63.289221150956934
2.9, 5.1, -3.1, -1.9, -2.0, -3.9, -1.8, -4.4, -1.9, 2.4
parameter ends

state | action | reward
[-0.02] | [-1.61] | 9.191755942373598
-0.07402104727845461 | [23.45] | 9.330222553245171
-0.13141288036696308 | [4.91] | 9.311842988225958
-0.08769421239283043 | [-11.82] | 9.270848634168981
-0.04636322196749261 | [13.69] | 9.30972179997424
-0.006699639936167793 | [-3.31] | 9.110859375721768
0.031470613253502554 | [22.2] | 9.14150470248944
0.06841864418507641 | [8.] | 8.981277929907021
0.20928101991129378 | [-13.19] | -1.2228811672813311
Total reward: 72.42515275882485
2.9, 5.1, -3.1, -1.9, -2.0, -3.9, -1.8, -4.4, -1.9, 2.4
parameter ends

state | action | reward
[0.02] | [-1.61] | 9.17379702936012
-0.034921872617973096 | [24.15] | 9.305213667420048
-0.0896765009345013 | [7.09] | 9.29606838485451
-0.04297648779593648 | [-7.52] | 9.18291601477784
0.0015770216321325356 | [17.51] | 9.198444114832128
0.04469771936006879 | [2.93] | 8.996820842671355
0.19190191459919317 | [-20.86] | -1.0715413803907847
Total reward: 54.081718673525216
2.9, 5.1, -3.1, -1.9, -2.0, -3.9, -1.8, -4.4, -1.9, 2.4
parameter ends

state | action | reward
[0.07] | [-0.82] | 9.228566556148666
0.027802378142505264 | [20.73] | 9.327855192705368
-0.008245873085796062 | [3.68] | 9.284140796025543
0.057346620646795805 | [-13.95] | 9.26335492190084
0.12142686057841444 | [11.73] | 9.24847500341442
0.18521413654143068 | [-9.31] | 9.088510544776407
0.2494349062307214 | [17.74] | 9.054219167489016
0.3147160604818944 | [-5.65] | -1.2648030585780214
Total reward: 63.230319123882225
2.9, 5.1, -3.1, -1.9, -2.0, -3.9, -1.8, -4.4, -1.9, 2.4
parameter ends

state | action | reward
[-0.09] | [-3.13] | 9.182067068041121
-0.1345426920393674 | [22.2] | 9.32566649079406
-0.17603813576508773 | [3.06] | 9.280890124050405
-0.11437903493919005 | [-15.31] | 9.258838422384523
-0.053872405844991915 | [10.96] | 9.255827536553362
0.00647223315311014 | [-9.87] | 9.096318716677374
0.06721907693310841 | [17.49] | 9.09217919896819
0.1288920547125512 | [-4.51] | -1.236368392270532
Total reward: 63.25541916519849
