-2.7, 1.0, -2.3, 0.4, -2.3, 4.9, 4.2, -1.4, -0.5, -4.0, -4.3, 2.1, -4.2, -2.0, 5.6, -2.9, 1.2, -1.2
parameter ends

state | action | reward
[3.67] | 2 | -0.5
4.262120022809401 | 2 | -0.5
5.454264675502957 | 2 | -0.5
10.757743727028316 | 2 | -0.5
10.186030305657777 | 2 | -0.5
1.6083334634027648 | 2 | -0.5
1.6637453425949127 | 2 | -0.5
1.7425175030497901 | 2 | -0.5
2.008889109992132 | 2 | -0.5
2.3935001668488836 | 2 | -0.5
3.1938602219358754 | 2 | -0.5
5.608091731011447 | 2 | -0.5
8.842243317426362 | 2 | -0.5
8.83463824709169 | 2 | -0.5
9.156778346031112 | 2 | -0.5
3.9908898590623236 | 2 | -0.5
2.9387296696043186 | 2 | -0.5
2.3594077399540967 | 2 | -0.5
2.1074441909081876 | 2 | -0.5
1.9281834139368785 | 2 | -0.5
1.84383733483077 | 2 | -0.5
1.865156948178634 | 0 | 5.0
1.8478448439929236 | 0 | 5.0
1.8067818631947992 | 0 | 5.0
1.8106152364703816 | 0 | 5.0
1.7982810182717903 | 0 | 5.0
1.814066137139448 | 2 | -0.5
1.8423503657153262 | 2 | -0.5
1.9747734974388702 | 2 | -0.5
2.250710595956107 | 2 | -0.5
2.7209473210017987 | 2 | -0.5
3.732436460677221 | 2 | -0.5
4.336592315711205 | 2 | -0.5
4.203244287823335 | 2 | -0.5
4.171920189166402 | 2 | -0.5
4.402957880083181 | 2 | -0.5
4.749774361413575 | 2 | -0.5
5.347215272974429 | 2 | -0.5
6.5555493413698604 | 2 | -0.5
1.7486162440551354 | 2 | -0.5
1.6791705596402586 | 2 | -0.5
1.6727229345736365 | 2 | -0.5
1.626544689210429 | 2 | -0.5
1.6520363657429493 | 2 | -0.5
1.7982531756699422 | 2 | -0.5
2.0842293581997056 | 2 | -0.5
2.6058839606016737 | 2 | -0.5
3.7009472076309926 | 2 | -0.5
7.10234523601645 | 2 | -0.5
7.797060318472476 | 2 | -0.5
7.914610971842106 | 2 | -0.5
4.986018812455288 | 2 | -0.5
3.3122756514099043 | 2 | -0.5
2.5858479656883464 | 2 | -0.5
2.221913862744061 | 2 | -0.5
1.9800840333463254 | 2 | -0.5
1.877121873039577 | 2 | -0.5
1.816165314910179 | 0 | 5.0
1.8891358553707815 | 2 | -0.5
1.8938793715968056 | 2 | -0.5
2.016154877131317 | 2 | -0.5
2.1472097587370547 | 2 | -0.5
2.485626947995811 | 2 | -0.5
3.187418393858709 | 2 | -0.5
4.467098705961707 | 2 | -0.5
4.3852082650782895 | 2 | -0.5
4.335758189013796 | 2 | -0.5
4.47260127951329 | 2 | -0.5
4.78026732847076 | 2 | -0.5
5.430503938124134 | 2 | -0.5
6.170615753330852 | 2 | -0.5
1.7895346488553183 | 2 | -0.5
1.6522161767444963 | 2 | -0.5
1.556071964389111 | 2 | -0.5
1.5699462449666288 | 2 | -0.5
1.640361152461617 | 2 | -0.5
1.7204844860711128 | 2 | -0.5
1.9682760091510878 | 2 | -0.5
2.1741726148547484 | 2 | -0.5
2.687729579837891 | 2 | -0.5
4.122282771087643 | 2 | -0.5
7.698193468572009 | 2 | -0.5
7.623067166561155 | 2 | -0.5
7.839307180081303 | 2 | -0.5
3.899283999461232 | 2 | -0.5
2.870566507454766 | 2 | -0.5
2.471400592401445 | 2 | -0.5
2.098102676266538 | 2 | -0.5
1.9387315002750407 | 2 | -0.5
1.8903009067713477 | 2 | -0.5
1.9267239565748664 | 2 | -0.5
1.9972973105295546 | 2 | -0.5
2.2381995766203255 | 2 | -0.5
2.47584429801405 | 2 | -0.5
3.036986961084741 | 2 | -0.5
4.269384443228696 | 2 | -0.5
4.480185924600354 | 2 | -0.5
4.36943499900867 | 2 | -0.5
4.418852158949044 | 2 | -0.5
4.613704619852072 | 2 | -0.5
5.021561715483427 | 2 | -0.5
5.670687375081737 | 2 | -0.5
1.9846949623940493 | 2 | -0.5
1.7551886234791452 | 2 | -0.5
1.635837185421494 | 2 | -0.5
1.6031397433383519 | 2 | -0.5
1.5878398207983402 | 2 | -0.5
1.6391436833011417 | 2 | -0.5
1.7382376573972615 | 2 | -0.5
1.9234526551509308 | 2 | -0.5
2.217859013552194 | 2 | -0.5
2.8464357717257753 | 2 | -0.5
4.143177212820478 | 2 | -0.5
7.625647741791821 | 2 | -0.5
7.5741654879844305 | 2 | -0.5
7.844462057312329 | 2 | -0.5
3.7257059364524814 | 2 | -0.5
2.7593631843267605 | 2 | -0.5
2.188026257572201 | 2 | -0.5
1.9811888247816234 | 2 | -0.5
1.8393515203287187 | 2 | -0.5
1.7749128670712726 | 2 | -0.5
1.7552444090160815 | 2 | -0.5
1.8438250314420863 | 2 | -0.5
1.9913303013302224 | 2 | -0.5
2.3068425929225427 | 2 | -0.5
2.664574362236943 | 2 | -0.5
3.5934518469831453 | 2 | -0.5
4.540786109967581 | 2 | -0.5
4.381767136244829 | 2 | -0.5
4.372907834525097 | 2 | -0.5
4.498524711026278 | 2 | -0.5
4.908499029603116 | 2 | -0.5
5.617161098070475 | 2 | -0.5
6.697042298107761 | 2 | -0.5
1.8547234235957069 | 2 | -0.5
1.7420337879631302 | 2 | -0.5
1.6865495189389779 | 2 | -0.5
1.6618769603830772 | 2 | -0.5
1.7656909261485425 | 2 | -0.5
1.8950954359104573 | 2 | -0.5
2.163687734595693 | 2 | -0.5
2.8018470469916954 | 2 | -0.5
3.86467164901693 | 2 | -0.5
6.8605438628307445 | 2 | -0.5
7.615349494732075 | 2 | -0.5
7.725344569112145 | 2 | -0.5
3.9912558775630447 | 2 | -0.5
2.8237988145627404 | 2 | -0.5
2.1843113699641603 | 2 | -0.5
1.9147741785654888 | 2 | -0.5
1.7640814665651874 | 2 | -0.5
1.731452263251851 | 2 | -0.5
1.7167297103184491 | 2 | -0.5
1.75527225426723 | 2 | -0.5
1.9389230704327751 | 2 | -0.5
2.2550015354056905 | 2 | -0.5
2.621226663162524 | 2 | -0.5
3.3277027642515686 | 2 | -0.5
4.5191619684312805 | 2 | -0.5
4.345943057438816 | 2 | -0.5
4.428478849374408 | 2 | -0.5
4.637826627694658 | 2 | -0.5
5.162215509197231 | 2 | -0.5
5.909531194989013 | 2 | -0.5
2.1982453366587276 | 2 | -0.5
1.981681216877725 | 2 | -0.5
1.8488196223202957 | 2 | -0.5
1.827866278703601 | 2 | -0.5
1.8357062884637048 | 2 | -0.5
1.899792055133362 | 2 | -0.5
2.0899565967536478 | 2 | -0.5
2.328189472894315 | 2 | -0.5
2.8413537486933818 | 2 | -0.5
3.612004227327205 | 2 | -0.5
5.61874450915251 | 2 | -0.5
7.59936345242166 | 2 | -0.5
7.604412773496038 | 2 | -0.5
7.831341361957265 | 2 | -0.5
3.22358415989505 | 2 | -0.5
2.3837044519312705 | 2 | -0.5
2.146005536947486 | 2 | -0.5
1.8256193896049138 | 2 | -0.5
1.701451025735751 | 2 | -0.5
1.6402849749671538 | 2 | -0.5
1.670420345437256 | 2 | -0.5
1.712904750793549 | 2 | -0.5
1.8763530361178982 | 2 | -0.5
2.145738778827835 | 2 | -0.5
2.682076988015116 | 2 | -0.5
3.557555745888389 | 2 | -0.5
4.4959101114260305 | 2 | -0.5
4.337380153011739 | 2 | -0.5
4.329457196309115 | 2 | -0.5
4.492533998357318 | 2 | -0.5
4.785241605798463 | 2 | -0.5
5.351024505588603 | 2 | -0.5
6.224999697444429 | 2 | -0.5
2.0483681491892276 | 2 | -0.5
1.8731196858554926 | 2 | -0.5
1.7750912614229302 | 2 | -0.5
1.7805966331162686 | 2 | -0.5
1.76380383850262 | 2 | -0.5
1.8555164465242644 | 2 | -0.5
2.0246667997335357 | 2 | -0.5
2.3205383384227423 | 2 | -0.5
2.882229042986799 | 2 | -0.5
3.828859759260893 | 2 | -0.5
6.495243382725034 | 2 | -0.5
7.724101226807962 | 2 | -0.5
7.727876648690899 | 2 | -0.5
4.586625144793565 | 2 | -0.5
3.144406546818232 | 2 | -0.5
2.3970578336212074 | 2 | -0.5
1.9896292543257617 | 2 | -0.5
1.8331578462189573 | 2 | -0.5
1.7045757713109697 | 2 | -0.5
1.6787184276569869 | 2 | -0.5
1.6956173315012706 | 2 | -0.5
1.8189262128363177 | 2 | -0.5
2.0038745094077925 | 2 | -0.5
2.307877862131551 | 2 | -0.5
2.8558028088978746 | 2 | -0.5
4.0500244399475545 | 2 | -0.5
4.275271132801044 | 2 | -0.5
4.186502463735456 | 2 | -0.5
4.240090395792962 | 2 | -0.5
4.449192272195471 | 2 | -0.5
4.927433278555778 | 2 | -0.5
5.806448062402789 | 2 | -0.5
1.9529140552002915 | 2 | -0.5
1.8078954387615738 | 2 | -0.5
1.7608904942869905 | 2 | -0.5
1.7140825448666908 | 2 | -0.5
1.7755645550291173 | 2 | -0.5
1.8424464820600945 | 2 | -0.5
2.0129715923169798 | 2 | -0.5
2.2579974224094657 | 2 | -0.5
2.605954521532179 | 2 | -0.5
3.591067079932851 | 2 | -0.5
5.545821743953818 | 2 | -0.5
7.800842456066922 | 2 | -0.5
7.851213301257328 | 2 | -0.5
8.253899542190116 | 2 | -0.5
3.4517681339709507 | 2 | -0.5
2.6507192382330818 | 2 | -0.5
2.2294272022090684 | 2 | -0.5
2.0360815948992257 | 2 | -0.5
1.8662494226704869 | 2 | -0.5
1.8324630548148015 | 2 | -0.5
1.8900742673621027 | 2 | -0.5
1.9580123065038872 | 2 | -0.5
2.159506901651585 | 2 | -0.5
2.3424211355997153 | 2 | -0.5
2.872784620427571 | 2 | -0.5
3.935593635353632 | 2 | -0.5
4.264892127788999 | 2 | -0.5
4.157715697591931 | 2 | -0.5
4.125902495206485 | 2 | -0.5
4.264520996312386 | 2 | -0.5
4.614578077859466 | 2 | -0.5
5.2539721698921875 | 2 | -0.5
6.336037540815647 | 2 | -0.5
1.6496283470537987 | 2 | -0.5
1.5646781879108005 | 2 | -0.5
1.5010592896471062 | 2 | -0.5
1.4831813752492036 | 2 | -0.5
1.5287227419133476 | 2 | -0.5
1.651780674558928 | 2 | -0.5
1.8166090888628943 | 2 | -0.5
2.190866825753904 | 2 | -0.5
2.7656981836102803 | 2 | -0.5
4.789144280358168 | 2 | -0.5
7.81278168603453 | 2 | -0.5
7.884611177590678 | 2 | -0.5
8.304545079253344 | 2 | -0.5
3.3730830176150532 | 2 | -0.5
2.6523497571658097 | 2 | -0.5
2.2461032037132247 | 2 | -0.5
2.1123890964278176 | 2 | -0.5
1.9814098121882162 | 2 | -0.5
1.9233883009130437 | 0 | 5.0
1.9716134421877305 | 0 | 5.0
1.967752864668602 | 2 | -0.5
1.9657858349576507 | 2 | -0.5
2.11154940873082 | 2 | -0.5
2.268817045993606 | 2 | -0.5
2.545511536347258 | 2 | -0.5
3.189115267988467 | 2 | -0.5
4.224054727984609 | 2 | -0.5
4.619654629691998 | 2 | -0.5
4.505597120183793 | 2 | -0.5
4.62306636427962 | 2 | -0.5
4.918589321030604 | 2 | -0.5
5.475993272836122 | 2 | -0.5
2.035815620079239 | 2 | -0.5
1.7495396295778176 | 2 | -0.5
1.6090888953147877 | 2 | -0.5
1.544235129061935 | 2 | -0.5
1.5541112095511844 | 2 | -0.5
1.628315764890591 | 2 | -0.5
1.68091200763583 | 2 | -0.5
1.9511662229407607 | 2 | -0.5
2.3248086661056617 | 2 | -0.5
2.976026205550137 | 2 | -0.5
4.025239277114897 | 2 | -0.5
7.5398553376494535 | 2 | -0.5
7.425126648328438 | 2 | -0.5
7.632008610018723 | 2 | -0.5
3.797095902832663 | 2 | -0.5
2.7725991487600843 | 2 | -0.5
2.2999667610417145 | 2 | -0.5
2.010471143964449 | 2 | -0.5
1.9343347857892441 | 2 | -0.5
1.8438356804600682 | 2 | -0.5
1.9046840564962442 | 2 | -0.5
1.9693189561146176 | 2 | -0.5
2.127895915846838 | 2 | -0.5
2.436183747511317 | 2 | -0.5
2.91033965783601 | 2 | -0.5
3.9754399704633636 | 2 | -0.5
4.733510949485773 | 2 | -0.5
4.654446789707543 | 2 | -0.5
4.537353161120609 | 2 | -0.5
4.752857486945633 | 2 | -0.5
5.091005890866612 | 2 | -0.5
5.739076214677726 | 2 | -0.5
1.9189845348761236 | 2 | -0.5
1.7243384935285044 | 2 | -0.5
1.5971320726757605 | 2 | -0.5
1.497513260499777 | 2 | -0.5
1.5499219620827933 | 2 | -0.5
1.5981250925454642 | 2 | -0.5
1.7262876841478751 | 2 | -0.5
1.8538859039123798 | 2 | -0.5
2.103380336735509 | 2 | -0.5
2.598978834956796 | 2 | -0.5
3.8416979191129523 | 2 | -0.5
6.688325430565703 | 2 | -0.5
7.405380717471359 | 2 | -0.5
7.52441219100551 | 2 | -0.5
4.541911760336421 | 2 | -0.5
3.0553001802200277 | 2 | -0.5
2.4959059795944056 | 2 | -0.5
2.1500171814389883 | 2 | -0.5
1.95310624760232 | 2 | -0.5
1.860632236934541 | 2 | -0.5
1.8446646625782044 | 2 | -0.5
1.8932171665033637 | 2 | -0.5
2.0421818274767682 | 2 | -0.5
2.2779814820665925 | 2 | -0.5
2.6293258547152 | 2 | -0.5
3.2710448865167403 | 2 | -0.5
4.594167305121828 | 2 | -0.5
4.671638949177635 | 2 | -0.5
4.495042876768643 | 2 | -0.5
4.616895086610755 | 2 | -0.5
4.839315161393859 | 2 | -0.5
5.355848609079967 | 2 | -0.5
6.154689734921374 | 2 | -0.5
1.7789862750112628 | 2 | -0.5
1.6237873402163137 | 2 | -0.5
1.5587913386130854 | 2 | -0.5
1.5129981483336643 | 2 | -0.5
1.548269378012806 | 2 | -0.5
1.6124845606444802 | 2 | -0.5
1.853052123618988 | 2 | -0.5
2.10193448329141 | 2 | -0.5
2.744075844840651 | 2 | -0.5
3.8610849114045327 | 2 | -0.5
7.278803543677959 | 2 | -0.5
7.49930016207813 | 2 | -0.5
7.682765841075657 | 2 | -0.5
4.582850540198616 | 2 | -0.5
3.188230596267192 | 2 | -0.5
2.5451301007548723 | 2 | -0.5
2.204456073118272 | 2 | -0.5
1.988000133874858 | 2 | -0.5
1.9180152158936667 | 2 | -0.5
1.9303798921992088 | 2 | -0.5
1.979530900663753 | 2 | -0.5
2.140116607455059 | 2 | -0.5
2.4829608690521976 | 2 | -0.5
3.0088696008225972 | 2 | -0.5
4.478673038415131 | 2 | -0.5
4.38960016992165 | 2 | -0.5
4.262578153941968 | 2 | -0.5
4.323202048728491 | 2 | -0.5
4.497901926969166 | 2 | -0.5
4.837010820091101 | 2 | -0.5
5.572749917648678 | 2 | -0.5
1.7826048992410477 | 2 | -0.5
1.612152163850113 | 2 | -0.5
1.5037237961524612 | 2 | -0.5
1.4771075855584535 | 2 | -0.5
1.5081785766367843 | 2 | -0.5
1.6054436596958173 | 2 | -0.5
1.7400342379177014 | 2 | -0.5
2.0700558736122208 | 2 | -0.5
2.529967675546099 | 2 | -0.5
3.8896181654766773 | 2 | -0.5
7.731939608101789 | 2 | -0.5
7.604613676790183 | 2 | -0.5
8.006371820533456 | 2 | -0.5
3.7696758184900494 | 2 | -0.5
2.9600057795662362 | 2 | -0.5
2.495097096924854 | 2 | -0.5
2.187436780050228 | 2 | -0.5
1.9947056940665666 | 2 | -0.5
1.9144066295341 | 2 | -0.5
1.890193084330972 | 0 | 5.0
1.9159982253529932 | 2 | -0.5
2.0024152151404366 | 2 | -0.5
2.0853432777881302 | 2 | -0.5
2.5128970443233962 | 2 | -0.5
3.054428243158994 | 2 | -0.5
4.25322272939663 | 2 | -0.5
4.631408185080523 | 2 | -0.5
4.528083627754804 | 2 | -0.5
4.660888019795276 | 2 | -0.5
4.9764549522321 | 2 | -0.5
5.499613549387345 | 2 | -0.5
1.9645089482926255 | 2 | -0.5
1.701869592098043 | 2 | -0.5
1.5084777949702686 | 2 | -0.5
1.4783038691884187 | 2 | -0.5
1.5369978587299946 | 2 | -0.5
1.554310595414721 | 2 | -0.5
1.7249057339950389 | 2 | -0.5
1.9377535243960258 | 2 | -0.5
2.346328801254122 | 2 | -0.5
3.1091149728650507 | 2 | -0.5
4.934185409546364 | 2 | -0.5
7.267811567553343 | 2 | -0.5
7.370671277602511 | 2 | -0.5
7.727280966917436 | 2 | -0.5
3.0043372544385645 | 2 | -0.5
2.439973490189669 | 2 | -0.5
2.0815169074475772 | 2 | -0.5
1.8980994613888815 | 2 | -0.5
1.8150155095763858 | 2 | -0.5
1.8246897202178627 | 2 | -0.5
1.857176558147965 | 2 | -0.5
2.0083325450948766 | 2 | -0.5
2.2054703938166456 | 2 | -0.5
2.5464963275792782 | 2 | -0.5
3.2670989269332544 | 2 | -0.5
4.4581737144644595 | 2 | -0.5
4.696068723129279 | 2 | -0.5
4.60733711658504 | 2 | -0.5
4.675760458739024 | 2 | -0.5
4.926653312940634 | 2 | -0.5
5.2989081854906965 | 2 | -0.5
6.1818487397181325 | 2 | -0.5
1.9697468791091814 | 2 | -0.5
1.7485472277928038 | 2 | -0.5
1.6633389905829408 | 2 | -0.5
1.6205405461695777 | 2 | -0.5
1.65029073346386 | 2 | -0.5
1.7477207122268292 | 2 | -0.5
1.906679689575355 | 2 | -0.5
2.17970066026852 | 2 | -0.5
2.861105034863819 | 2 | -0.5
4.400780967497709 | 2 | -0.5
7.498647599633013 | 2 | -0.5
7.36877489658566 | 2 | -0.5
7.599123656363469 | 2 | -0.5
3.9266963303387294 | 2 | -0.5
2.949228539208883 | 2 | -0.5
2.387485885843641 | 2 | -0.5
2.039560490124765 | 2 | -0.5
1.881756393168133 | 2 | -0.5
1.8174693260974226 | 2 | -0.5
1.7771239719346024 | 2 | -0.5
1.8200646217320133 | 2 | -0.5
1.9662626043142841 | 2 | -0.5
2.1677620884409583 | 2 | -0.5
2.4576902000110525 | 2 | -0.5
3.0656532520832904 | 2 | -0.5
4.211221074212622 | 2 | -0.5
4.606960750456988 | 2 | -0.5
4.501474663999928 | 2 | -0.5
4.508356219060435 | 2 | -0.5
4.70248210967613 | 2 | -0.5
5.1250869445113745 | 2 | -0.5
5.824962403171335 | 2 | -0.5
2.0358283551425354 | 2 | -0.5
1.853782316849805 | 2 | -0.5
1.6975767231310979 | 2 | -0.5
1.686948641746605 | 2 | -0.5
1.6935549070402742 | 2 | -0.5
1.7955489478179563 | 2 | -0.5
1.9006006357986212 | 2 | -0.5
2.2342110105016846 | 2 | -0.5
2.8496376428588754 | 2 | -0.5
3.5618152523625217 | 2 | -0.5
6.1398038575676095 | 2 | -0.5
7.584179096126499 | 2 | -0.5
7.663639676934813 | 2 | -0.5
8.027882819516323 | 2 | -0.5
3.2746820483743733 | 2 | -0.5
2.4895448611431084 | 2 | -0.5
2.1304188070993497 | 2 | -0.5
1.8735372113496966 | 2 | -0.5
1.8270581351772184 | 2 | -0.5
1.8236646279509057 | 2 | -0.5
1.9175960778585681 | 2 | -0.5
2.0771314321848178 | 2 | -0.5
2.294841657341671 | 2 | -0.5
2.8061038497830135 | 2 | -0.5
4.077815248555794 | 2 | -0.5
4.375044525973592 | 2 | -0.5
4.270589311215182 | 2 | -0.5
4.3395241430323805 | 2 | -0.5
4.562830138770756 | 2 | -0.5
5.2002224698705435 | 2 | -0.5
6.071867663334989 | 2 | -0.5
1.7266460194443372 | 2 | -0.5
1.6037728262310227 | 2 | -0.5
1.558534524885006 | 2 | -0.5
1.515495317950282 | 2 | -0.5
1.5085505048209853 | 2 | -0.5
1.6110014420375662 | 2 | -0.5
1.760045634629552 | 2 | -0.5
2.0087221894898524 | 2 | -0.5
2.4832228748216116 | 2 | -0.5
3.8128769138009284 | 2 | -0.5
6.689497953155135 | 2 | -0.5
7.673729922676959 | 2 | -0.5
7.89182254649031 | 2 | -0.5
4.25548646923789 | 2 | -0.5
3.2242016603995096 | 2 | -0.5
2.4711090962526123 | 2 | -0.5
2.124941116435366 | 2 | -0.5
1.9550058409561826 | 2 | -0.5
1.8489153839793313 | 2 | -0.5
1.833348988308801 | 2 | -0.5
1.8867345023273476 | 2 | -0.5
2.070332021374152 | 2 | -0.5
2.353141992762981 | 2 | -0.5
2.8661751877048194 | 2 | -0.5
3.955724986500242 | 2 | -0.5
4.359944807005675 | 2 | -0.5
4.238456986321418 | 2 | -0.5
4.306382358940235 | 2 | -0.5
4.449434602640214 | 2 | -0.5
4.8660560226673075 | 2 | -0.5
5.797346493080865 | 2 | -0.5
1.8908615961468067 | 2 | -0.5
1.7352442701536361 | 2 | -0.5
1.6100872525510153 | 2 | -0.5
1.567078238411997 | 2 | -0.5
1.6009410557570245 | 2 | -0.5
1.6282706211979483 | 2 | -0.5
1.7975503809989766 | 2 | -0.5
2.0253552013078346 | 2 | -0.5
2.679150349191247 | 2 | -0.5
3.7301357931693353 | 2 | -0.5
6.7058847433389275 | 2 | -0.5
7.710988689794603 | 2 | -0.5
7.820136499661573 | 2 | -0.5
5.002841313099283 | 2 | -0.5
3.4512634906853035 | 2 | -0.5
2.5628903518868174 | 2 | -0.5
2.1638412654964507 | 2 | -0.5
2.0100404849572264 | 2 | -0.5
1.8408963876489761 | 2 | -0.5
1.8342030094395378 | 0 | 5.0
1.891150217996445 | 2 | -0.5
1.898804749550744 | 2 | -0.5
1.93180192947574 | 2 | -0.5
2.1532572870498394 | 2 | -0.5
2.547103527501478 | 2 | -0.5
3.052606834316295 | 2 | -0.5
4.252526294357639 | 2 | -0.5
4.522308436114662 | 2 | -0.5
4.403974262937279 | 2 | -0.5
4.407061478648662 | 2 | -0.5
4.556697591853721 | 2 | -0.5
4.933547972794322 | 2 | -0.5
5.525739501615844 | 2 | -0.5
6.594701392734925 | 2 | -0.5
1.8126392858242937 | 2 | -0.5
1.6871194645797554 | 2 | -0.5
1.6166521072222222 | 2 | -0.5
1.615842470125095 | 2 | -0.5
1.7265819280689025 | 2 | -0.5
1.8712930524753395 | 2 | -0.5
2.1120156795903395 | 2 | -0.5
2.384388140495305 | 2 | -0.5
3.131424200350123 | 2 | -0.5
4.7246677980443845 | 2 | -0.5
7.603101033615979 | 2 | -0.5
7.6283165755122475 | 2 | -0.5
4.841827683683889 | 2 | -0.5
3.3411022312847694 | 2 | -0.5
2.5842389029807875 | 2 | -0.5
2.1642348718111615 | 2 | -0.5
1.9256315583182748 | 2 | -0.5
1.8485688443611146 | 2 | -0.5
1.8085207628146016 | 2 | -0.5
1.791566050317111 | 2 | -0.5
1.83189057607681 | 2 | -0.5
2.041106961352639 | 2 | -0.5
2.258360330998662 | 2 | -0.5
2.754031537266408 | 2 | -0.5
3.504065147789889 | 2 | -0.5
4.521192112085462 | 2 | -0.5
4.292521358115425 | 2 | -0.5
4.2938401798421095 | 2 | -0.5
4.466366389773855 | 2 | -0.5
4.8586718634635435 | 2 | -0.5
5.570774284386742 | 2 | -0.5
6.601727561546663 | 2 | -0.5
1.754584405809526 | 2 | -0.5
1.6182956820313708 | 2 | -0.5
1.547948506424744 | 2 | -0.5
1.6535959093419381 | 2 | -0.5
1.6683538579862247 | 2 | -0.5
1.807453775906555 | 2 | -0.5
2.061641887323912 | 2 | -0.5
2.5523930605515717 | 2 | -0.5
3.442992981123759 | 2 | -0.5
6.02926266351189 | 2 | -0.5
7.717477685293483 | 2 | -0.5
7.818170707025644 | 2 | -0.5
4.533747460089378 | 2 | -0.5
3.1428528370833915 | 2 | -0.5
2.544353609652233 | 2 | -0.5
2.160032081600481 | 2 | -0.5
2.0731375638215677 | 2 | -0.5
1.9443665619068344 | 2 | -0.5
1.891120622261661 | 0 | 5.0
1.8808758444289793 | 2 | -0.5
1.9272680232000468 | 2 | -0.5
2.0532079848901406 | 2 | -0.5
2.355885327204757 | 2 | -0.5
2.681859316295169 | 2 | -0.5
3.1775606381694534 | 2 | -0.5
4.580762954671935 | 2 | -0.5
4.473103175259686 | 2 | -0.5
4.390372118526181 | 2 | -0.5
4.44158831264965 | 2 | -0.5
4.652939594342168 | 2 | -0.5
5.162920600337145 | 2 | -0.5
5.771705753116367 | 2 | -0.5
1.9900225670706952 | 2 | -0.5
1.7649221422518517 | 2 | -0.5
1.6506698775860282 | 2 | -0.5
1.6023706738995844 | 2 | -0.5
1.5719602692019703 | 2 | -0.5
1.6483915103391524 | 2 | -0.5
1.7924780997401348 | 2 | -0.5
2.0260824144922265 | 2 | -0.5
2.417227353299158 | 2 | -0.5
3.1159536910524936 | 2 | -0.5
4.68386267263794 | 2 | -0.5
7.563289818232756 | 2 | -0.5
7.501173845137421 | 2 | -0.5
7.734086759010721 | 2 | -0.5
3.746363376146776 | 2 | -0.5
2.8645997780413146 | 2 | -0.5
2.4081736926019666 | 2 | -0.5
2.1816748100650463 | 2 | -0.5
1.9511224334063 | 2 | -0.5
1.8822454848403767 | 2 | -0.5
1.9140272917257357 | 2 | -0.5
1.9227467701335517 | 2 | -0.5
2.1606994710357696 | 2 | -0.5
2.4659940432923837 | 2 | -0.5
2.9265170394230915 | 2 | -0.5
3.8955324959169957 | 2 | -0.5
4.508256517086672 | 2 | -0.5
4.454423543212869 | 2 | -0.5
4.512217697511516 | 2 | -0.5
4.703311119190345 | 2 | -0.5
5.1657185790900755 | 2 | -0.5
6.154389174945868 | 2 | -0.5
1.8362355980544731 | 2 | -0.5
1.669584984190637 | 2 | -0.5
1.5801558770195414 | 2 | -0.5
1.561023055659953 | 2 | -0.5
1.6056312590555093 | 2 | -0.5
1.685242177658159 | 2 | -0.5
1.8270920241260187 | 2 | -0.5
2.168630348665157 | 2 | -0.5
2.884115870978665 | 2 | -0.5
4.212243283287294 | 2 | -0.5
7.507609152742717 | 2 | -0.5
7.530996202028902 | 2 | -0.5
7.845588280623551 | 2 | -0.5
3.666191980559964 | 2 | -0.5
2.759893730993963 | 2 | -0.5
2.245984137977256 | 2 | -0.5
2.023296251485715 | 2 | -0.5
1.9082483128609342 | 2 | -0.5
1.8157477558975779 | 2 | -0.5
1.840499081611462 | 2 | -0.5
1.9245689710000502 | 2 | -0.5
2.038323125848777 | 2 | -0.5
2.3188713290518432 | 2 | -0.5
2.8110167991763273 | 2 | -0.5
3.66974074754194 | 2 | -0.5
4.72139440666317 | 2 | -0.5
4.508882204365613 | 2 | -0.5
4.460366775929056 | 2 | -0.5
4.62795069724528 | 2 | -0.5
4.9379472922952425 | 2 | -0.5
5.414128825013343 | 2 | -0.5
6.221051122360156 | 2 | -0.5
1.8710058007943355 | 2 | -0.5
1.7155328513980646 | 2 | -0.5
1.600096819404987 | 2 | -0.5
1.6339154875808275 | 2 | -0.5
1.6878425989786725 | 2 | -0.5
1.789209073619718 | 2 | -0.5
2.033294601249016 | 2 | -0.5
2.386303735849099 | 2 | -0.5
3.192934987069064 | 2 | -0.5
5.554421119245655 | 2 | -0.5
7.429011718780442 | 2 | -0.5
7.448000416302277 | 2 | -0.5
4.477872430863096 | 2 | -0.5
3.222732821364495 | 2 | -0.5
2.521852341727585 | 2 | -0.5
2.1332064721114 | 2 | -0.5
1.8963537236840704 | 2 | -0.5
1.8271339413869625 | 2 | -0.5
1.7263125655302456 | 2 | -0.5
1.7142051982038096 | 2 | -0.5
1.7758712964267467 | 2 | -0.5
1.9185468524417464 | 2 | -0.5
2.1879503811913676 | 2 | -0.5
2.5815150496608403 | 2 | -0.5
3.3715640834299383 | 2 | -0.5
4.728644834743636 | 2 | -0.5
4.50405680261117 | 2 | -0.5
4.488198203216976 | 2 | -0.5
4.715804118323861 | 2 | -0.5
5.068872757977043 | 2 | -0.5
5.810985471927737 | 2 | -0.5
2.205390547124288 | 2 | -0.5
1.9387376819237399 | 2 | -0.5
1.8392224758641962 | 2 | -0.5
1.746412825657269 | 2 | -0.5
1.7577759751991866 | 2 | -0.5
1.848903302654698 | 2 | -0.5
2.034092800001917 | 2 | -0.5
2.3748711072938873 | 2 | -0.5
2.7743713991600707 | 2 | -0.5
3.9708136562518743 | 2 | -0.5
6.481401704304522 | 2 | -0.5
7.43389073978784 | 2 | -0.5
7.525402595397698 | 2 | -0.5
4.298201984712508 | 2 | -0.5
3.0110101866847754 | 2 | -0.5
2.3857004523681495 | 2 | -0.5
1.9773819527642085 | 2 | -0.5
1.7691365710128208 | 2 | -0.5
1.6599514149713086 | 2 | -0.5
1.5885512305462142 | 2 | -0.5
1.6284037204442232 | 2 | -0.5
1.7061719666909057 | 2 | -0.5
1.8228064482770001 | 2 | -0.5
2.114526218552575 | 2 | -0.5
2.7500396953927537 | 2 | -0.5
3.7617622268554025 | 2 | -0.5
4.575554802051704 | 2 | -0.5
4.5002610265890866 | 2 | -0.5
4.601975585108762 | 2 | -0.5
4.897659884024079 | 2 | -0.5
5.369141378030904 | 2 | -0.5
6.325570431382056 | 2 | -0.5
2.1202204033523557 | 2 | -0.5
1.9754868507801595 | 2 | -0.5
1.9237586495313892 | 2 | -0.5
1.8513404377202471 | 2 | -0.5
1.863356956842992 | 2 | -0.5
1.9277163324590367 | 2 | -0.5
2.1441229445383434 | 2 | -0.5
2.4437904858654607 | 2 | -0.5
2.8427248065993656 | 2 | -0.5
3.6914427295275822 | 2 | -0.5
6.1747213287466405 | 2 | -0.5
7.44303289712688 | 2 | -0.5
7.4190649088300455 | 2 | -0.5
7.717301248721482 | 2 | -0.5
3.0895276175379864 | 2 | -0.5
2.331324921034214 | 2 | -0.5
1.9906316769832728 | 2 | -0.5
1.7414346017545257 | 2 | -0.5
1.6167106816606711 | 2 | -0.5
1.5810778908042855 | 2 | -0.5
1.5990905373351325 | 2 | -0.5
1.6237929954461938 | 2 | -0.5
1.710156857305089 | 2 | -0.5
1.9717071987962527 | 2 | -0.5
2.2690464774577443 | 2 | -0.5
2.825221753772988 | 2 | -0.5
4.183475393533349 | 2 | -0.5
4.6015424321256315 | 2 | -0.5
4.517252278791515 | 2 | -0.5
4.615280363808503 | 2 | -0.5
4.944279105194775 | 2 | -0.5
5.412415486645453 | 2 | -0.5
6.256953536090948 | 2 | -0.5
2.202939053403721 | 2 | -0.5
1.9726831677649117 | 2 | -0.5
1.8816099636789438 | 2 | -0.5
1.9246980209760198 | 2 | -0.5
1.9867268088539303 | 2 | -0.5
2.073415272829729 | 2 | -0.5
2.30843248716431 | 2 | -0.5
2.731953904992066 | 2 | -0.5
3.481475269679217 | 2 | -0.5
5.692540515262624 | 2 | -0.5
7.609408116942278 | 2 | -0.5
7.6137062580090955 | 2 | -0.5
7.933639511803429 | 2 | -0.5
3.0203630520208713 | 2 | -0.5
2.2129437400785514 | 2 | -0.5
1.8970791636016013 | 2 | -0.5
1.681737793975603 | 2 | -0.5
1.5662849396901763 | 2 | -0.5
1.5431755194179115 | 2 | -0.5
1.5175193066024926 | 2 | -0.5
1.6486542286535597 | 2 | -0.5
1.793545502692094 | 2 | -0.5
2.079900182234184 | 2 | -0.5
2.5128132490298754 | 2 | -0.5
3.5152936668438532 | 2 | -0.5
4.414802624491232 | 2 | -0.5
4.365860644557729 | 2 | -0.5
4.39691002912457 | 2 | -0.5
4.664028426906733 | 2 | -0.5
5.123051688485102 | 2 | -0.5
6.142942792538093 | 2 | -0.5
2.2385378269426854 | 2 | -0.5
2.0049984511505117 | 2 | -0.5
1.9331693919946171 | 2 | -0.5
1.9201651494055618 | 2 | -0.5
1.9136419281856385 | 2 | -0.5
2.052654124902429 | 2 | -0.5
2.286774383506268 | 2 | -0.5
2.6869362220500457 | 2 | -0.5
3.5309509740602345 | 2 | -0.5
6.136548721210097 | 2 | -0.5
7.634992924260128 | 2 | -0.5
7.626705871494087 | 2 | -0.5
4.477441475547366 | 2 | -0.5
2.786452408437295 | 2 | -0.5
2.2267994528771156 | 2 | -0.5
1.8641671372838036 | 2 | -0.5
1.6562966112471746 | 2 | -0.5
1.569341580807314 | 2 | -0.5
1.5342149378510903 | 2 | -0.5
1.5640646730547305 | 2 | -0.5
1.65538965545381 | 2 | -0.5
1.871210517630824 | 2 | -0.5
2.1807074351533857 | 2 | -0.5
2.8692201237621178 | 2 | -0.5
4.4615293845695865 | 2 | -0.5
4.312292149029544 | 2 | -0.5
4.335580627620988 | 2 | -0.5
4.384958680630218 | 2 | -0.5
4.813880593151098 | 2 | -0.5
5.438137568730408 | 2 | -0.5
6.532669979340944 | 2 | -0.5
2.1354741859259025 | 2 | -0.5
1.972826815810258 | 2 | -0.5
1.8842219874035706 | 2 | -0.5
1.8557466321171332 | 2 | -0.5
1.8982116928948432 | 2 | -0.5
2.042326935806966 | 2 | -0.5
2.2868438194045932 | 2 | -0.5
2.5685940158921463 | 2 | -0.5
3.069058282019077 | 2 | -0.5
4.562612877871291 | 2 | -0.5
7.7222443376616665 | 2 | -0.5
7.644195898732558 | 2 | -0.5
7.740931268557056 | 2 | -0.5
3.551280821439838 | 2 | -0.5
2.436460056786044 | 2 | -0.5
1.9975202522728719 | 2 | -0.5
1.6920352457602912 | 2 | -0.5
1.546639669845188 | 2 | -0.5
1.4473958578906843 | 2 | -0.5
1.4884136191395936 | 2 | -0.5
1.495821408634154 | 2 | -0.5
1.5805034925123087 | 2 | -0.5
1.6445235339074527 | 2 | -0.5
2.032150551288567 | 2 | -0.5
2.638892773370225 | 2 | -0.5
3.940771421669168 | 2 | -0.5
4.3252650081290955 | 2 | -0.5
4.265398869193881 | 2 | -0.5
4.421705843202113 | 2 | -0.5
4.706384610803048 | 2 | -0.5
5.314805743049945 | 2 | -0.5
6.296514647292484 | 2 | -0.5
7.947934985808772 | 2 | -0.5
2.0614116448216238 | 2 | -0.5
2.013806373013524 | 2 | -0.5
2.0004238455613033 | 2 | -0.5
2.0829527446608314 | 2 | -0.5
2.23315438096799 | 2 | -0.5
2.5002483561079063 | 2 | -0.5
3.0045842974396653 | 2 | -0.5
4.03832245362404 | 2 | -0.5
7.468702900227627 | 2 | -0.5
7.568035385132973 | 2 | -0.5
7.625888620365972 | 2 | -0.5
3.7834070819154064 | 2 | -0.5
2.6069328987117655 | 2 | -0.5
1.91443884817049 | 2 | -0.5
1.6530210819563567 | 2 | -0.5
1.503401136674955 | 2 | -0.5
1.4310446582372227 | 2 | -0.5
1.38516639228609 | 2 | -0.5
1.4554792203895883 | 2 | -0.5
1.4762714187080994 | 2 | -0.5
1.6055573079136556 | 2 | -0.5
1.8305660706009679 | 2 | -0.5
2.181770587557782 | 2 | -0.5
2.9912737601899804 | 2 | -0.5
4.429684554428701 | 2 | -0.5
4.34109048726631 | 2 | -0.5
4.349348302681265 | 2 | -0.5
4.467957088428142 | 2 | -0.5
4.8468949800657235 | 2 | -0.5
5.489657463394643 | 2 | -0.5
6.441586645590151 | 2 | -0.5
2.1473283847911264 | 2 | -0.5
1.9577063586717547 | 2 | -0.5
1.8881736127047388 | 2 | -0.5
1.8434877756264576 | 2 | -0.5
1.9181980460501689 | 2 | -0.5
2.06154711188352 | 2 | -0.5
2.217704055940475 | 2 | -0.5
2.618355523546792 | 2 | -0.5
3.5140213585957594 | 2 | -0.5
5.4634987618940265 | 2 | -0.5
7.74256183638762 | 2 | -0.5
7.708244237174446 | 2 | -0.5
4.633030026237295 | 2 | -0.5
3.054084727628518 | 2 | -0.5
2.2456667960547914 | 2 | -0.5
1.9153382950967326 | 2 | -0.5
1.6828519435714548 | 2 | -0.5
1.5753091186707344 | 2 | -0.5
1.5669814895250445 | 2 | -0.5
1.5608785758463897 | 2 | -0.5
1.6980580114005732 | 2 | -0.5
1.8462753226454345 | 2 | -0.5
2.063676981527076 | 2 | -0.5
2.660542274976624 | 2 | -0.5
3.8148659505693687 | 2 | -0.5
4.297088187991629 | 2 | -0.5
4.239944313945576 | 2 | -0.5
4.382352213464293 | 2 | -0.5
4.644094955827451 | 2 | -0.5
5.170880859129937 | 2 | -0.5
5.926758149222234 | 2 | -0.5
7.132692187094627 | 2 | -0.5
1.9828027402546984 | 2 | -0.5
1.9393153345568488 | 2 | -0.5
1.9320144678708027 | 2 | -0.5
1.9520403911143984 | 2 | -0.5
2.0817034353107364 | 2 | -0.5
2.285613323024327 | 2 | -0.5
2.692995760907779 | 2 | -0.5
3.3920821748979466 | 2 | -0.5
4.907094879715466 | 2 | -0.5
7.83965097313046 | 2 | -0.5
7.704524213308391 | 2 | -0.5
7.894834604374265 | 2 | -0.5
3.3980892314553754 | 2 | -0.5
2.435516507293355 | 2 | -0.5
1.993462021945859 | 2 | -0.5
1.7448235537094847 | 2 | -0.5
1.6254879212275222 | 2 | -0.5
1.5167778661381923 | 2 | -0.5
1.4762252351993674 | 2 | -0.5
1.5531455261574143 | 2 | -0.5
1.6144600346026057 | 2 | -0.5
1.811158986651015 | 2 | -0.5
2.174862423697813 | 2 | -0.5
2.651578723499444 | 2 | -0.5
4.104672046187761 | 2 | -0.5
4.28937414713641 | 2 | -0.5
4.230500484378559 | 2 | -0.5
4.390143201683368 | 2 | -0.5
4.714179332426578 | 2 | -0.5
5.322869398735131 | 2 | -0.5
6.557556038053938 | 2 | -0.5
2.0975150872925177 | 2 | -0.5
1.960759279375726 | 2 | -0.5
1.9106584080853075 | 2 | -0.5
1.9587888762194292 | 2 | -0.5
1.9677120482627137 | 2 | -0.5
Total reward: -439.5
