0.4, 0.2, 2.5, 1.1, 6.0, -1.6, 0.3, 0.4, 0.5, -3.2, 2.9, -4.2, 1.0, -0.6, -4.5, -2.7, -4.2, -2.8
parameter ends

state | action | reward
[1.48] | 1 | -0.5
1.5159644456731243 | 1 | -0.5
1.5703748223316756 | 1 | -0.5
1.7933598233111143 | 1 | -0.5
2.1039862386933668 | 1 | -0.5
2.741826525493056 | 1 | -0.5
3.8538276617250817 | 1 | -0.5
6.4476048193165605 | 1 | -0.5
9.078524170034786 | 1 | -0.5
9.137501261164308 | 1 | -0.5
4.075611547435944 | 1 | -0.5
2.5918667235970805 | 1 | -0.5
1.7367578246142952 | 1 | -0.5
1.3892005094948972 | 1 | -0.5
1.731636161466866 | 1 | -0.5
4.305021564454028 | 1 | -0.5
9.567262816205764 | 1 | -0.5
9.756744602928347 | 1 | -0.5
5.948626981859429 | 1 | -0.5
3.8833196906180643 | 1 | -0.5
2.9674896501176273 | 1 | -0.5
2.4399707977704503 | 1 | -0.5
2.21900528584341 | 1 | -0.5
2.032321311580453 | 1 | -0.5
1.9641448431601665 | 1 | -0.5
1.9821667343492062 | 1 | -0.5
2.0451423432415154 | 1 | -0.5
2.200890494609822 | 1 | -0.5
2.502301076617645 | 1 | -0.5
2.119734631481645 | 1 | -0.5
1.838047195872638 | 1 | -0.5
1.58726705312361 | 1 | -0.5
1.4842320583792814 | 1 | -0.5
1.4629931826747264 | 1 | -0.5
1.512890535340328 | 1 | -0.5
1.6353822754858993 | 1 | -0.5
1.888128499508358 | 1 | -0.5
2.3629416953363016 | 1 | -0.5
3.091171849413455 | 1 | -0.5
4.968418624954791 | 1 | -0.5
9.06593619055532 | 1 | -0.5
9.147044641342973 | 1 | -0.5
3.6443789162560356 | 1 | -0.5
2.278079641589033 | 1 | -0.5
1.7725384325440425 | 1 | -0.5
1.4670623438740356 | 1 | -0.5
1.6725433324503558 | 1 | -0.5
3.1612502752289102 | 1 | -0.5
9.669521580977417 | 1 | -0.5
9.717501123525583 | 1 | -0.5
6.898303174249693 | 1 | -0.5
4.295572477421424 | 1 | -0.5
3.205729163301176 | 1 | -0.5
2.560010430890509 | 1 | -0.5
2.2463211427168095 | 1 | -0.5
2.104817510692054 | 1 | -0.5
2.065418930608305 | 1 | -0.5
2.0815810597100404 | 1 | -0.5
2.2584352523917337 | 1 | -0.5
2.569291487269778 | 1 | -0.5
2.1568244720955914 | 1 | -0.5
1.7716254583152504 | 1 | -0.5
1.6096454759291396 | 1 | -0.5
1.5521137617021135 | 1 | -0.5
1.4938121284555437 | 1 | -0.5
1.590862697922985 | 1 | -0.5
1.7090688573087374 | 1 | -0.5
1.9039161949633228 | 1 | -0.5
2.286214460404937 | 1 | -0.5
3.010918479225907 | 1 | -0.5
4.616890988374794 | 1 | -0.5
9.253313186462464 | 1 | -0.5
9.073118099122802 | 1 | -0.5
5.650858614828913 | 1 | -0.5
3.10503622379973 | 1 | -0.5
2.0466012039665853 | 1 | -0.5
1.5601197705901968 | 1 | -0.5
1.360779458162171 | 1 | -0.5
1.8789880163518389 | 1 | -0.5
4.6359604623699715 | 1 | -0.5
9.633828607447256 | 1 | -0.5
9.877141916042328 | 1 | -0.5
4.837758724018077 | 1 | -0.5
3.4705063437819437 | 1 | -0.5
2.779296049958561 | 1 | -0.5
2.4056720206814264 | 1 | -0.5
2.2377578879501225 | 1 | -0.5
2.107370631519612 | 1 | -0.5
2.0863458678680664 | 1 | -0.5
2.180736676030764 | 1 | -0.5
2.37856814192872 | 1 | -0.5
2.6905810781803305 | 1 | -0.5
2.1051217184232023 | 1 | -0.5
1.8261192134512065 | 1 | -0.5
1.6512471480107398 | 1 | -0.5
1.5487005815335577 | 1 | -0.5
1.5447264057852819 | 1 | -0.5
1.6291282188280773 | 1 | -0.5
1.7951417758701762 | 1 | -0.5
2.2795372020127442 | 1 | -0.5
3.0436341839190324 | 1 | -0.5
4.518309635116936 | 1 | -0.5
7.658061363852879 | 1 | -0.5
8.86351545087048 | 1 | -0.5
5.976870919058545 | 1 | -0.5
3.103980504561962 | 1 | -0.5
2.0988662397675495 | 1 | -0.5
1.581334477259115 | 1 | -0.5
1.3624286301578363 | 1 | -0.5
1.2774006515171565 | 1 | -0.5
3.1975015159300066 | 1 | -0.5
9.594783636959919 | 1 | -0.5
9.889415356092375 | 1 | -0.5
5.499891145543688 | 1 | -0.5
3.8555234983123143 | 1 | -0.5
2.990989745917548 | 1 | -0.5
2.465996135872827 | 1 | -0.5
2.2811245146999393 | 1 | -0.5
2.206267264092642 | 1 | -0.5
2.1953892777544937 | 1 | -0.5
2.276209526043204 | 1 | -0.5
2.48877274615956 | 1 | -0.5
2.5292235105988614 | 1 | -0.5
1.9138166904941094 | 1 | -0.5
1.6209527501484904 | 1 | -0.5
1.50431908511564 | 1 | -0.5
1.4631623571997692 | 1 | -0.5
1.430119445319458 | 1 | -0.5
1.536973269327585 | 1 | -0.5
1.730353940718306 | 1 | -0.5
2.10807812920442 | 1 | -0.5
2.75084655315265 | 1 | -0.5
3.8075672939634124 | 1 | -0.5
7.313344577871845 | 1 | -0.5
8.807297631584184 | 1 | -0.5
8.939268734092636 | 1 | -0.5
3.8579437681268574 | 1 | -0.5
2.4288988232906297 | 1 | -0.5
1.8478076677837327 | 1 | -0.5
1.526031094638342 | 1 | -0.5
1.3129716700865792 | 1 | -0.5
2.6301783367721896 | 1 | -0.5
9.69454131920814 | 1 | -0.5
9.94478753225524 | 1 | -0.5
6.478251252586922 | 1 | -0.5
4.270795679180731 | 1 | -0.5
3.3649487146923542 | 1 | -0.5
2.8491629695799543 | 1 | -0.5
2.575102094222888 | 1 | -0.5
2.3723318630763277 | 1 | -0.5
2.2692367153566115 | 1 | -0.5
2.2934237083315736 | 1 | -0.5
2.512227842396003 | 1 | -0.5
2.672000068272069 | 1 | -0.5
2.111487644923905 | 1 | -0.5
1.8101303318122737 | 1 | -0.5
1.564182785095521 | 1 | -0.5
1.4165791783280246 | 1 | -0.5
1.3806270215426386 | 1 | -0.5
1.4001065044439285 | 1 | -0.5
1.4784823667325697 | 1 | -0.5
1.722932108425638 | 1 | -0.5
2.1019822273697613 | 1 | -0.5
2.7264269804793506 | 1 | -0.5
4.3882229601492595 | 1 | -0.5
8.822631047737772 | 1 | -0.5
8.77896201253773 | 1 | -0.5
5.124689013353738 | 1 | -0.5
2.9877253214489095 | 1 | -0.5
2.0084701347997407 | 1 | -0.5
1.6336367518543036 | 1 | -0.5
1.4117043174858765 | 1 | -0.5
1.3151396549215495 | 1 | -0.5
6.210821606426011 | 1 | -0.5
9.843703754899677 | 1 | -0.5
10.246928172913742 | 1 | -0.5
4.989390664837683 | 1 | -0.5
3.8316473537083313 | 1 | -0.5
3.184020792052552 | 1 | -0.5
2.773812834555646 | 1 | -0.5
2.566231559626384 | 1 | -0.5
2.4642366549059176 | 1 | -0.5
2.452077444295775 | 1 | -0.5
2.5847174363835763 | 1 | -0.5
2.838397490715369 | 1 | -0.5
2.13688805096297 | 1 | -0.5
1.7557101491723266 | 1 | -0.5
1.513651588076091 | 1 | -0.5
1.411082331187242 | 1 | -0.5
1.3356014028217718 | 1 | -0.5
1.4143400645647244 | 1 | -0.5
1.4244377118427527 | 1 | -0.5
1.5635707242035093 | 1 | -0.5
1.8198835498526136 | 1 | -0.5
2.2054105061414995 | 1 | -0.5
3.0341394169029687 | 1 | -0.5
5.210079285317522 | 1 | -0.5
8.678217141897225 | 1 | -0.5
8.73412260074201 | 1 | -0.5
4.720335352242127 | 1 | -0.5
3.0463058114923007 | 1 | -0.5
2.1910678695494203 | 1 | -0.5
1.7209230238231277 | 1 | -0.5
1.4192455482364623 | 1 | -0.5
1.2924686077115017 | 1 | -0.5
5.512733908452069 | 1 | -0.5
9.82230800332501 | 1 | -0.5
7.193845235484756 | 1 | -0.5
4.579083494019272 | 1 | -0.5
3.5185409654934037 | 1 | -0.5
2.9009575721621395 | 1 | -0.5
2.5424120168300073 | 1 | -0.5
2.406561222259833 | 1 | -0.5
2.3759093260786632 | 1 | -0.5
2.466371308456909 | 1 | -0.5
2.6153460049330457 | 1 | -0.5
2.408573408046742 | 1 | -0.5
1.8393161129355016 | 1 | -0.5
1.5681032711883747 | 1 | -0.5
1.396367761288306 | 1 | -0.5
1.3344340797810044 | 1 | -0.5
1.310783701795787 | 1 | -0.5
1.390497954358283 | 1 | -0.5
1.562034327944768 | 1 | -0.5
1.874869083713385 | 1 | -0.5
2.40803855493058 | 1 | -0.5
3.6176142561642206 | 1 | -0.5
7.984520592166537 | 1 | -0.5
8.782002434169799 | 1 | -0.5
9.040221485016998 | 1 | -0.5
3.5589041674266633 | 1 | -0.5
2.3818647621523295 | 1 | -0.5
1.8149749841785723 | 1 | -0.5
1.557258446621854 | 1 | -0.5
1.4515147118468095 | 1 | -0.5
1.9995407380134904 | 1 | -0.5
8.974680332800464 | 1 | -0.5
9.873510695107301 | 1 | -0.5
10.355389008142877 | 1 | -0.5
4.556283397507501 | 1 | -0.5
3.3180311770234217 | 1 | -0.5
2.7118763538451804 | 1 | -0.5
2.42919176063253 | 1 | -0.5
2.27915665508472 | 1 | -0.5
2.2798960785280316 | 1 | -0.5
2.325016967393158 | 1 | -0.5
2.363929119944679 | 1 | -0.5
2.634593157242831 | 1 | -0.5
2.1022737553171416 | 1 | -0.5
1.6342412383625868 | 1 | -0.5
1.415637076115768 | 1 | -0.5
1.3057011005985777 | 1 | -0.5
1.2809060260684164 | 1 | -0.5
1.319359443356168 | 1 | -0.5
1.4036084652184049 | 1 | -0.5
1.646007050064517 | 1 | -0.5
2.0298940471408367 | 1 | -0.5
2.660279568400884 | 1 | -0.5
4.252147145747982 | 1 | -0.5
8.977481423943594 | 1 | -0.5
8.878938424982179 | 1 | -0.5
5.123879737373709 | 1 | -0.5
2.9547270867552626 | 1 | -0.5
2.178642360602814 | 1 | -0.5
1.7609768696084416 | 1 | -0.5
1.4893489385169099 | 1 | -0.5
2.0286733374651504 | 1 | -0.5
9.762922881974143 | 1 | -0.5
9.889785692023585 | 1 | -0.5
6.553349484958664 | 1 | -0.5
4.128551011665864 | 1 | -0.5
3.2054323212480886 | 1 | -0.5
2.6462490219956103 | 1 | -0.5
2.3933034281871257 | 1 | -0.5
2.234389836008898 | 1 | -0.5
2.159467123074683 | 1 | -0.5
2.2426890127247274 | 1 | -0.5
2.4642730878778187 | 1 | -0.5
2.1457721661093387 | 1 | -0.5
1.7083104711176342 | 1 | -0.5
1.4566772239353818 | 1 | -0.5
1.3053314816478179 | 1 | -0.5
1.2461918262840255 | 1 | -0.5
1.2618071343430164 | 1 | -0.5
1.277878050624323 | 1 | -0.5
1.4738074190399928 | 1 | -0.5
1.759801121034339 | 1 | -0.5
2.366705061275341 | 1 | -0.5
3.37618451889957 | 1 | -0.5
5.642902461567699 | 1 | -0.5
8.93031542944293 | 1 | -0.5
9.005051567604704 | 1 | -0.5
4.237626064458861 | 1 | -0.5
2.8200903285630647 | 1 | -0.5
2.10497406323066 | 1 | -0.5
1.6871505271073226 | 1 | -0.5
1.5234062772342891 | 1 | -0.5
3.0700823777086876 | 1 | -0.5
9.890800642470285 | 1 | -0.5
10.288708718258285 | 1 | -0.5
5.254700382485154 | 1 | -0.5
3.8731016164856253 | 1 | -0.5
3.146724204942282 | 1 | -0.5
2.7510171726905623 | 1 | -0.5
2.4003990538953097 | 1 | -0.5
2.2023817716255927 | 1 | -0.5
2.1687337647188176 | 1 | -0.5
2.206219707954124 | 1 | -0.5
2.3231285601226803 | 1 | -0.5
2.432560568513267 | 1 | -0.5
1.8414951122000855 | 1 | -0.5
1.5091579175835563 | 1 | -0.5
1.3521590876684644 | 1 | -0.5
1.2368837480417743 | 1 | -0.5
1.1944473469074042 | 1 | -0.5
1.3018219010030798 | 1 | -0.5
1.3993725128630787 | 1 | -0.5
1.6206478755105966 | 1 | -0.5
1.9649099858892543 | 1 | -0.5
2.446368327154853 | 1 | -0.5
4.048288014457748 | 1 | -0.5
7.710164827502554 | 1 | -0.5
8.918078366119358 | 1 | -0.5
9.115759566553097 | 1 | -0.5
3.558434227170221 | 1 | -0.5
2.3450895598484434 | 1 | -0.5
1.8353052632841138 | 1 | -0.5
1.6151156869423882 | 1 | -0.5
1.7253926702864586 | 1 | -0.5
4.422240763274904 | 1 | -0.5
9.832226563260559 | 1 | -0.5
10.09175463597881 | 1 | -0.5
5.603283297860003 | 1 | -0.5
3.8963974730570583 | 1 | -0.5
2.9579743620599435 | 1 | -0.5
2.5817310987407565 | 1 | -0.5
2.249336018838205 | 1 | -0.5
2.171233774505317 | 1 | -0.5
2.1349662860713363 | 1 | -0.5
2.1988160566977943 | 1 | -0.5
2.3448957863035695 | 1 | -0.5
2.22511112996126 | 1 | -0.5
1.7677274386737478 | 1 | -0.5
1.4564518256528944 | 1 | -0.5
1.3216288118865107 | 1 | -0.5
1.2576498822037472 | 1 | -0.5
1.242067432178538 | 1 | -0.5
1.2729194034924267 | 1 | -0.5
1.3733653415458997 | 1 | -0.5
1.5404822059296326 | 1 | -0.5
1.9004450239865418 | 1 | -0.5
2.4918886918047205 | 1 | -0.5
3.5965027355269465 | 1 | -0.5
7.702130834159267 | 1 | -0.5
8.825484086819678 | 1 | -0.5
9.060107376233436 | 1 | -0.5
3.7149598355248354 | 1 | -0.5
2.428018526257018 | 1 | -0.5
1.912938836213976 | 1 | -0.5
1.7064018731234358 | 1 | -0.5
1.47006664618274 | 1 | -0.5
2.40957498600328 | 1 | -0.5
9.86958289153773 | 1 | -0.5
10.090034706483522 | 1 | -0.5
6.55774844484227 | 1 | -0.5
4.344538931773258 | 1 | -0.5
3.30978858538788 | 1 | -0.5
2.764175600803344 | 1 | -0.5
2.522354175560937 | 1 | -0.5
2.3610370102869194 | 1 | -0.5
2.2697746282524776 | 1 | -0.5
2.3407130457223566 | 1 | -0.5
2.4449940240386905 | 1 | -0.5
2.639581761956468 | 1 | -0.5
1.9672262624338068 | 1 | -0.5
1.6188394013867542 | 1 | -0.5
1.4046931150750024 | 1 | -0.5
1.3226651074159346 | 1 | -0.5
1.2621329804828239 | 1 | -0.5
1.2858505870668224 | 1 | -0.5
1.3684934172290646 | 1 | -0.5
1.5991682066118995 | 1 | -0.5
1.885053157650007 | 1 | -0.5
2.4592544027168746 | 1 | -0.5
4.056721195650443 | 1 | -0.5
8.834359502337955 | 1 | -0.5
8.754418572796471 | 1 | -0.5
8.987132098350283 | 1 | -0.5
3.4772343838406607 | 1 | -0.5
2.3058446260039003 | 1 | -0.5
1.8791578353652592 | 1 | -0.5
1.6000315011932755 | 1 | -0.5
1.3665455433455922 | 1 | -0.5
2.8013023683174136 | 1 | -0.5
9.817639450408313 | 1 | -0.5
10.017264580790187 | 1 | -0.5
6.1144376435666805 | 1 | -0.5
4.376313575035369 | 1 | -0.5
3.583904858932718 | 1 | -0.5
2.8915265018082033 | 1 | -0.5
2.6065731401116374 | 1 | -0.5
2.4800940461406977 | 1 | -0.5
2.4663508055526937 | 1 | -0.5
2.555838232375415 | 1 | -0.5
2.8233811730448903 | 1 | -0.5
2.0788739947712926 | 1 | -0.5
1.6790613079107168 | 1 | -0.5
1.4534407750615295 | 1 | -0.5
1.27560627978811 | 1 | -0.5
1.3074880923041887 | 1 | -0.5
1.309413634040287 | 1 | -0.5
1.3618593459524648 | 1 | -0.5
1.5290233294026974 | 1 | -0.5
1.838702114798103 | 1 | -0.5
2.34119738029502 | 1 | -0.5
3.5193860719193766 | 1 | -0.5
6.850497566751165 | 1 | -0.5
8.581632949533732 | 1 | -0.5
8.718080940395033 | 1 | -0.5
4.043837358240333 | 1 | -0.5
2.613415322580851 | 1 | -0.5
1.955624283714274 | 1 | -0.5
1.5495934492349495 | 1 | -0.5
1.3950238277379092 | 1 | -0.5
1.3210120689438567 | 1 | -0.5
9.728315483322831 | 1 | -0.5
9.993944626725476 | 1 | -0.5
6.6350781357504856 | 1 | -0.5
4.5689825136931095 | 1 | -0.5
3.5909865084439327 | 1 | -0.5
3.0099560247463493 | 1 | -0.5
2.726625003322559 | 1 | -0.5
2.5826286003932077 | 1 | -0.5
2.5255723222194035 | 1 | -0.5
2.562417529847412 | 1 | -0.5
2.743607086505367 | 1 | -0.5
2.565718497888669 | 1 | -0.5
1.9553996675070144 | 1 | -0.5
1.6757718446542869 | 1 | -0.5
1.474571920272231 | 1 | -0.5
1.3667947688621622 | 1 | -0.5
1.3714117928400835 | 1 | -0.5
1.3682909627817477 | 1 | -0.5
1.496744417349842 | 1 | -0.5
1.7085494850727836 | 1 | -0.5
2.0140509155332453 | 1 | -0.5
2.5844269417774055 | 1 | -0.5
4.0255484154499985 | 1 | -0.5
8.642104100015882 | 1 | -0.5
8.592926608500731 | 1 | -0.5
4.740349423828882 | 1 | -0.5
2.8341547445297626 | 1 | -0.5
2.095371377361696 | 1 | -0.5
1.743003134098827 | 1 | -0.5
1.4926613693362472 | 1 | -0.5
1.3739843681377297 | 1 | -0.5
1.9766368571236925 | 1 | -0.5
9.9337534591554 | 1 | -0.5
10.545835639788477 | 1 | -0.5
4.966032103692971 | 1 | -0.5
3.8244211717378036 | 1 | -0.5
3.20404014600592 | 1 | -0.5
2.8509828193717466 | 1 | -0.5
2.662216905663446 | 1 | -0.5
2.6463053489076294 | 1 | -0.5
2.7105266106100974 | 1 | -0.5
2.934100274200697 | 1 | -0.5
2.3996008037428256 | 1 | -0.5
1.8724574374852605 | 1 | -0.5
1.575769797345166 | 1 | -0.5
1.4191628882496483 | 1 | -0.5
1.3553767246052482 | 1 | -0.5
1.3406313579053062 | 1 | -0.5
1.3837150480287543 | 1 | -0.5
1.5305637175325184 | 1 | -0.5
1.7207409960021265 | 1 | -0.5
2.096125791090682 | 1 | -0.5
2.859625611358519 | 1 | -0.5
4.628207089661186 | 1 | -0.5
8.465100577444652 | 1 | -0.5
8.468590862906069 | 1 | -0.5
4.278687126441507 | 1 | -0.5
2.496699749261233 | 1 | -0.5
1.805500907116174 | 1 | -0.5
1.54107572622049 | 1 | -0.5
1.3254584098919462 | 1 | -0.5
1.1802216904211438 | 1 | -0.5
9.689293686528329 | 1 | -0.5
9.816267959965149 | 1 | -0.5
10.400143472360828 | 1 | -0.5
4.9512886819472 | 1 | -0.5
3.9678211937315124 | 1 | -0.5
3.2948896495097557 | 1 | -0.5
2.9506206093175984 | 1 | -0.5
2.7443786646030244 | 1 | -0.5
2.65311515310213 | 1 | -0.5
2.672625503084321 | 1 | -0.5
2.811550266217353 | 1 | -0.5
2.8383161523737304 | 1 | -0.5
2.079661953215407 | 1 | -0.5
1.7031129266712879 | 1 | -0.5
1.4479632908719349 | 1 | -0.5
1.3869648602986702 | 1 | -0.5
1.315746007337477 | 1 | -0.5
1.4307714633013733 | 1 | -0.5
1.5174547353723806 | 1 | -0.5
1.8093776903604435 | 1 | -0.5
2.1575256874958186 | 1 | -0.5
3.2727465938949334 | 1 | -0.5
5.531941514284041 | 1 | -0.5
8.529883748747405 | 1 | -0.5
8.518426377421603 | 1 | -0.5
4.546326534386019 | 1 | -0.5
2.8429010127725247 | 1 | -0.5
2.004544402301564 | 1 | -0.5
1.6443389579709897 | 1 | -0.5
1.455267607652759 | 1 | -0.5
1.3200818909388725 | 1 | -0.5
9.820595242923652 | 1 | -0.5
10.060218439106992 | 1 | -0.5
6.7689841135806725 | 1 | -0.5
4.540771228923547 | 1 | -0.5
3.513075733983612 | 1 | -0.5
3.1009826564544007 | 1 | -0.5
2.831904303816459 | 1 | -0.5
2.697165105420414 | 1 | -0.5
2.624779780103158 | 1 | -0.5
2.7354227368429225 | 1 | -0.5
2.9027142986493484 | 1 | -0.5
2.4044285405742047 | 1 | -0.5
1.8848805258073726 | 1 | -0.5
1.598504384471621 | 1 | -0.5
1.3782611965479232 | 1 | -0.5
1.2997766957347243 | 1 | -0.5
1.2920069700706125 | 1 | -0.5
1.333954233718996 | 1 | -0.5
1.4254531255445568 | 1 | -0.5
1.6960320182880395 | 1 | -0.5
2.012186210993748 | 1 | -0.5
2.9088110159729736 | 1 | -0.5
5.002817617433746 | 1 | -0.5
8.517748956774144 | 1 | -0.5
8.52795001756618 | 1 | -0.5
4.557911584101054 | 1 | -0.5
2.872374069007106 | 1 | -0.5
2.0179586361394644 | 1 | -0.5
1.6967214324936666 | 1 | -0.5
1.481274469603439 | 1 | -0.5
1.3841162348037812 | 1 | -0.5
2.286907311861704 | 1 | -0.5
9.951083559621752 | 1 | -0.5
7.198800869443838 | 1 | -0.5
4.524150587279891 | 1 | -0.5
3.569840152187406 | 1 | -0.5
3.0627420757333863 | 1 | -0.5
2.706825320157754 | 1 | -0.5
2.5337846499270746 | 1 | -0.5
2.453708359849707 | 1 | -0.5
2.566943370226364 | 1 | -0.5
2.790455768111036 | 1 | -0.5
2.187130624222371 | 1 | -0.5
1.7870621641436695 | 1 | -0.5
1.5391946983843718 | 1 | -0.5
1.3207846619832342 | 1 | -0.5
1.2798978680507491 | 1 | -0.5
1.286170346063224 | 1 | -0.5
1.3143934383539226 | 1 | -0.5
1.4512766993413326 | 1 | -0.5
1.6409415459911099 | 1 | -0.5
1.993982217175676 | 1 | -0.5
2.5682650223358063 | 1 | -0.5
4.032150408096565 | 1 | -0.5
8.804927077383695 | 1 | -0.5
8.689546683258433 | 1 | -0.5
4.634265487621336 | 1 | -0.5
2.9259704813333918 | 1 | -0.5
2.1195932075995025 | 1 | -0.5
1.7559857679408595 | 1 | -0.5
1.574142609962869 | 1 | -0.5
1.8439850128277224 | 1 | -0.5
9.878900676065948 | 1 | -0.5
10.153582868589929 | 1 | -0.5
6.4519704406518406 | 1 | -0.5
4.331566661457976 | 1 | -0.5
3.403534548862432 | 1 | -0.5
2.8502764823273847 | 1 | -0.5
2.6005567709540953 | 1 | -0.5
2.4650795344978293 | 1 | -0.5
2.4379581615826256 | 1 | -0.5
2.469490087428802 | 1 | -0.5
2.6749994726346396 | 1 | -0.5
2.148226807431376 | 1 | -0.5
1.7114503720591858 | 1 | -0.5
1.3933053049395732 | 1 | -0.5
1.1857674535745288 | 1 | -0.5
1.142480361379131 | 1 | -0.5
1.090484259489738 | 1 | -0.5
1.1735561766128177 | 1 | -0.5
1.2450111956467051 | 1 | -0.5
1.4645270563374047 | 1 | -0.5
1.8437166795495048 | 1 | -0.5
2.5112080643295664 | 1 | -0.5
4.0364679946199296 | 1 | -0.5
8.667240970358739 | 1 | -0.5
8.648268081811358 | 1 | -0.5
5.366995981198222 | 1 | -0.5
3.0917674363541328 | 1 | -0.5
2.2273238892326748 | 1 | -0.5
1.8605540973509893 | 1 | -0.5
1.6542595823810702 | 1 | -0.5
1.5132459090859243 | 1 | -0.5
2.5159694750111528 | 1 | -0.5
9.972256144338557 | 1 | -0.5
10.338663054749821 | 1 | -0.5
5.34191222296918 | 1 | -0.5
3.99181502970402 | 1 | -0.5
3.1021379051243914 | 1 | -0.5
2.726315632621118 | 1 | -0.5
2.4901040590423067 | 1 | -0.5
2.383862930533187 | 1 | -0.5
2.4240674911048443 | 1 | -0.5
2.4496409296971606 | 1 | -0.5
2.614878991702907 | 1 | -0.5
2.159716076246802 | 1 | -0.5
1.651619506638526 | 1 | -0.5
1.363530139806792 | 1 | -0.5
1.2508208961994831 | 1 | -0.5
1.1417264248222478 | 1 | -0.5
1.1477465183209694 | 1 | -0.5
1.1689085582469343 | 1 | -0.5
1.2714367168105563 | 1 | -0.5
1.5110375076386007 | 1 | -0.5
1.9093308383859442 | 1 | -0.5
2.532906427931673 | 1 | -0.5
4.545594443973831 | 1 | -0.5
8.668745894832902 | 1 | -0.5
8.702602492339523 | 1 | -0.5
4.943139888893229 | 1 | -0.5
3.3738200562446155 | 1 | -0.5
2.388118271952652 | 1 | -0.5
1.951630513759961 | 1 | -0.5
1.6746854672766174 | 1 | -0.5
1.5397889692872573 | 1 | -0.5
8.363830591323289 | 1 | -0.5
10.074260970864172 | 1 | -0.5
7.068853349178898 | 1 | -0.5
4.7429894972176285 | 1 | -0.5
3.6663831949609667 | 1 | -0.5
3.1035360715986973 | 1 | -0.5
2.738336362401127 | 1 | -0.5
2.5150598923768754 | 1 | -0.5
2.4674627864825562 | 1 | -0.5
2.516043495225548 | 1 | -0.5
2.6791204065592775 | 1 | -0.5
2.287138749132217 | 1 | -0.5
1.753208062190876 | 1 | -0.5
1.3993822916257355 | 1 | -0.5
1.2423720936467257 | 1 | -0.5
1.1420594700417994 | 1 | -0.5
1.0914755108904854 | 1 | -0.5
1.1234027376980982 | 1 | -0.5
1.2263919138430306 | 1 | -0.5
1.3852433085680265 | 1 | -0.5
1.6521901828016796 | 1 | -0.5
2.130197933166917 | 1 | -0.5
3.3115244155494 | 1 | -0.5
6.790540251199215 | 1 | -0.5
8.594012524276714 | 1 | -0.5
8.720664667281051 | 1 | -0.5
4.52622986197573 | 1 | -0.5
3.1062887897805385 | 1 | -0.5
2.3239837020924514 | 1 | -0.5
1.9139572702549883 | 1 | -0.5
1.7166916071843896 | 1 | -0.5
1.584452885071092 | 1 | -0.5
5.697408202703037 | 1 | -0.5
10.147967588969935 | 1 | -0.5
6.998988579847401 | 1 | -0.5
4.742167965000162 | 1 | -0.5
3.6657142820268844 | 1 | -0.5
3.124212496438157 | 1 | -0.5
2.7606087326009177 | 1 | -0.5
2.6150868128289746 | 1 | -0.5
2.539313136976581 | 1 | -0.5
2.583010000707876 | 1 | -0.5
2.7425190432716975 | 1 | -0.5
2.0211179075847485 | 1 | -0.5
1.5369220502386445 | 1 | -0.5
1.301284312386445 | 1 | -0.5
1.157408086687756 | 1 | -0.5
1.0303379232300534 | 1 | -0.5
0.9651718185343432 | 1 | -0.5
0.9908743399556653 | 1 | -0.5
1.0815794600260853 | 1 | -0.5
1.2079457884138964 | 1 | -0.5
1.473124701101138 | 1 | -0.5
2.012760995935724 | 1 | -0.5
3.0846864815343817 | 1 | -0.5
6.465402891908221 | 1 | -0.5
8.42845083436127 | 1 | -0.5
8.64470105500925 | 1 | -0.5
4.8933356606185825 | 1 | -0.5
3.2187401546009933 | 1 | -0.5
2.4070136807182894 | 1 | -0.5
2.040074071252796 | 1 | -0.5
1.7694710328185494 | 1 | -0.5
1.6568771056091722 | 1 | -0.5
10.126070900077984 | 1 | -0.5
10.406508756625595 | 1 | -0.5
6.327497486941496 | 1 | -0.5
4.469934864767546 | 1 | -0.5
3.514723321187095 | 1 | -0.5
3.0086248812344634 | 1 | -0.5
2.7098400247446244 | 1 | -0.5
2.567618896382602 | 1 | -0.5
2.591098430706116 | 1 | -0.5
2.706750577858017 | 1 | -0.5
2.206691450115122 | 1 | -0.5
1.5470589447069572 | 1 | -0.5
1.233413525627963 | 1 | -0.5
1.069237911190112 | 1 | -0.5
0.9469878139014061 | 1 | -0.5
0.898698286800196 | 1 | -0.5
0.960581455462256 | 1 | -0.5
1.0260121763302672 | 1 | -0.5
1.1022000752690326 | 1 | -0.5
1.2730897347049641 | 1 | -0.5
1.5599454084577151 | 1 | -0.5
2.469923728839065 | 1 | -0.5
4.74084839336537 | 1 | -0.5
8.614015580278561 | 1 | -0.5
8.728179891217296 | 1 | -0.5
5.1117595033427214 | 1 | -0.5
3.3864852239814045 | 1 | -0.5
2.5452458057078897 | 1 | -0.5
2.1921602701720406 | 1 | -0.5
1.928876412588982 | 1 | -0.5
1.7538209599250072 | 1 | -0.5
3.051242844133082 | 1 | -0.5
10.193198881308394 | 1 | -0.5
10.574308509203158 | 1 | -0.5
5.670695993488406 | 1 | -0.5
4.082587539042913 | 1 | -0.5
3.345903782933849 | 1 | -0.5
2.836861329667323 | 1 | -0.5
2.5611754099524844 | 1 | -0.5
2.4255264960018477 | 1 | -0.5
2.4471490222105077 | 1 | -0.5
2.4987363172966286 | 1 | -0.5
2.2833404239282324 | 1 | -0.5
1.5710371562251018 | 1 | -0.5
1.2410673093012476 | 1 | -0.5
1.0584888900658147 | 1 | -0.5
0.9567668563006748 | 1 | -0.5
0.901655904138407 | 1 | -0.5
0.9385923255614719 | 1 | -0.5
0.9641170870501229 | 1 | -0.5
1.0778311576279356 | 1 | -0.5
1.2536654491273467 | 1 | -0.5
1.598125766358551 | 1 | -0.5
2.2196703918924094 | 1 | -0.5
3.5971254947484206 | 1 | -0.5
8.710774148777052 | 1 | -0.5
8.700335743891927 | 1 | -0.5
5.744208557722726 | 1 | -0.5
3.607790295650286 | 1 | -0.5
2.588866174541325 | 1 | -0.5
2.0595128832842686 | 1 | -0.5
1.8075068724445675 | 1 | -0.5
1.7115946769337729 | 1 | -0.5
10.176458336428247 | 1 | -0.5
10.385086849813945 | 1 | -0.5
6.35804320267631 | 1 | -0.5
4.259243894609017 | 1 | -0.5
3.4663775959185785 | 1 | -0.5
2.958420648327714 | 1 | -0.5
2.6187027046064824 | 1 | -0.5
2.441679185925032 | 1 | -0.5
2.4443281403601542 | 1 | -0.5
2.551672255357502 | 1 | -0.5
2.0536371377444063 | 1 | -0.5
1.4835317942098785 | 1 | -0.5
1.2740851778747537 | 1 | -0.5
1.082428425593585 | 1 | -0.5
0.975009365215114 | 1 | -0.5
0.9122472905384923 | 1 | -0.5
0.9165113520030211 | 1 | -0.5
0.9826980093175057 | 1 | -0.5
1.1373938989002277 | 1 | -0.5
1.2525935202208527 | 1 | -0.5
1.5402935921612546 | 1 | -0.5
2.115463758712645 | 1 | -0.5
3.773429653723793 | 1 | -0.5
8.660986324324178 | 1 | -0.5
8.60183207743856 | 1 | -0.5
8.872748871697803 | 1 | -0.5
4.275386645285996 | 1 | -0.5
3.2083360117614808 | 1 | -0.5
2.400034426750487 | 1 | -0.5
2.023168694207824 | 1 | -0.5
1.7889780601128422 | 1 | -0.5
1.7557371307605718 | 1 | -0.5
10.199530975597014 | 1 | -0.5
10.523450837854035 | 1 | -0.5
5.56271771276154 | 1 | -0.5
4.005005616651353 | 1 | -0.5
3.2350331687378047 | 1 | -0.5
2.807141181677767 | 1 | -0.5
2.614475908401345 | 1 | -0.5
2.477567182357334 | 1 | -0.5
2.5040692725066798 | 1 | -0.5
2.6569949937176394 | 1 | -0.5
2.1272603837444493 | 1 | -0.5
1.6028889277212766 | 1 | -0.5
1.3350894026335696 | 1 | -0.5
1.1320141659020142 | 1 | -0.5
1.0752114373622907 | 1 | -0.5
1.0429891350035554 | 1 | -0.5
1.1086565377240871 | 1 | -0.5
1.1153441123537686 | 1 | -0.5
1.2160189144819389 | 1 | -0.5
1.4555588566974613 | 1 | -0.5
1.907284159796595 | 1 | -0.5
3.101742320212035 | 1 | -0.5
7.323484818712896 | 1 | -0.5
8.608180213289458 | 1 | -0.5
8.862283802583681 | 1 | -0.5
3.9191422999928447 | 1 | -0.5
2.6586701927166603 | 1 | -0.5
2.109996135127071 | 1 | -0.5
1.801460344172922 | 1 | -0.5
1.6287195447215808 | 1 | -0.5
3.541188305107431 | 1 | -0.5
10.112037880968527 | 1 | -0.5
10.62839791463897 | 1 | -0.5
5.1726484201826475 | 1 | -0.5
4.123154534213334 | 1 | -0.5
3.270698444217045 | 1 | -0.5
2.9224386284890884 | 1 | -0.5
2.63637082353752 | 1 | -0.5
2.494083848899415 | 1 | -0.5
2.4837346245676946 | 1 | -0.5
2.6266205265873794 | 1 | -0.5
2.451570322967133 | 1 | -0.5
1.8680524079732312 | 1 | -0.5
1.5216490704395613 | 1 | -0.5
1.2674948312016017 | 1 | -0.5
1.1433380474974673 | 1 | -0.5
1.0936588317868785 | 1 | -0.5
1.1130896079728942 | 1 | -0.5
1.147318704658516 | 1 | -0.5
1.2256598201634459 | 1 | -0.5
1.5088521964148207 | 1 | -0.5
1.8599472304242646 | 1 | -0.5
2.8681053198177615 | 1 | -0.5
6.640554809355021 | 1 | -0.5
8.64182124409467 | 1 | -0.5
8.921112404299825 | 1 | -0.5
3.974134763915432 | 1 | -0.5
2.739059969825256 | 1 | -0.5
2.157312160914331 | 1 | -0.5
1.7918936232929776 | 1 | -0.5
1.6165044851726706 | 1 | -0.5
2.326621295040926 | 1 | -0.5
10.017184761960763 | 1 | -0.5
10.223509395588891 | 1 | -0.5
6.2978628949013595 | 1 | -0.5
4.294643530051072 | 1 | -0.5
3.313772830957973 | 1 | -0.5
2.8455089514833447 | 1 | -0.5
2.5832144187239887 | 1 | -0.5
2.4263438991043222 | 1 | -0.5
2.3629366302577837 | 1 | -0.5
2.4224801967340603 | 1 | -0.5
2.6647734616870395 | 1 | -0.5
2.004875828604994 | 1 | -0.5
1.5684951805827863 | 1 | -0.5
1.4055821409519622 | 1 | -0.5
1.239533788673109 | 1 | -0.5
1.2207710563846341 | 1 | -0.5
1.1822569422936782 | 1 | -0.5
1.212696082880478 | 1 | -0.5
1.344724445819381 | 1 | -0.5
1.5699625273474906 | 1 | -0.5
1.9907643554835206 | 1 | -0.5
2.601265640999285 | 1 | -0.5
4.567785106485741 | 1 | -0.5
8.895503880072814 | 1 | -0.5
8.870783775703272 | 1 | -0.5
5.462351532892229 | 1 | -0.5
3.216210214190135 | 1 | -0.5
2.288639713307444 | 1 | -0.5
1.895695520504896 | 1 | -0.5
1.626143063115673 | 1 | -0.5
1.8560389299644273 | 1 | -0.5
9.953443339733738 | 1 | -0.5
10.19049498590499 | 1 | -0.5
6.187374798693731 | 1 | -0.5
4.0823543398613795 | 1 | -0.5
3.1299790869908013 | 1 | -0.5
2.7074904528366477 | 1 | -0.5
2.439427833000086 | 1 | -0.5
2.314259962502858 | 1 | -0.5
2.2804333395458585 | 1 | -0.5
2.346390516167982 | 1 | -0.5
2.600870941852738 | 1 | -0.5
2.0655576695521725 | 1 | -0.5
1.6119525743288508 | 1 | -0.5
1.3462060120841064 | 1 | -0.5
1.2298907754125308 | 1 | -0.5
1.1272768724632212 | 1 | -0.5
1.118829837642959 | 1 | -0.5
1.1607968945925056 | 1 | -0.5
1.331027596915156 | 1 | -0.5
1.4969364389585829 | 1 | -0.5
1.9305479468874067 | 1 | -0.5
2.8564845105821526 | 1 | -0.5
5.218570987077949 | 1 | -0.5
8.77354602589642 | 1 | -0.5
8.791252778931169 | 1 | -0.5
4.644780985141862 | 1 | -0.5
3.0076579425534633 | 1 | -0.5
2.2914529228071947 | 1 | -0.5
1.8648224680521808 | 1 | -0.5
1.6354940095153854 | 1 | -0.5
1.6362704683618141 | 1 | -0.5
7.446997387859977 | 1 | -0.5
10.085154877742914 | 1 | -0.5
10.472298075972931 | 1 | -0.5
5.182954140781258 | 1 | -0.5
3.6762262195492683 | 1 | -0.5
3.0140770763975544 | 1 | -0.5
2.6479787433860333 | 1 | -0.5
2.4711851817547505 | 1 | -0.5
2.4494232369635265 | 1 | -0.5
2.4034505244445334 | 1 | -0.5
2.4914227415833325 | 1 | -0.5
2.599990713473505 | 1 | -0.5
2.0124377449077073 | 1 | -0.5
1.5243770313041018 | 1 | -0.5
1.2931844255147413 | 1 | -0.5
1.1275352405131525 | 1 | -0.5
1.0671089315902067 | 1 | -0.5
1.066062855068105 | 1 | -0.5
1.1263871447675144 | 1 | -0.5
1.2351098230859046 | 1 | -0.5
1.415022370104949 | 1 | -0.5
1.8033433156885241 | 1 | -0.5
2.4153503280598203 | 1 | -0.5
3.771272313768642 | 1 | -0.5
8.81932253833934 | 1 | -0.5
8.779392796426281 | 1 | -0.5
5.761944624107142 | 1 | -0.5
3.4313156853364304 | 1 | -0.5
2.4817057107792055 | 1 | -0.5
2.019699587244564 | 1 | -0.5
1.7723632689348556 | 1 | -0.5
1.5874765188598514 | 1 | -0.5
8.842225771573311 | 1 | -0.5
10.14851503842634 | 1 | -0.5
7.172097699919844 | 1 | -0.5
4.450852272818389 | 1 | -0.5
3.239163694017787 | 1 | -0.5
2.7649635304901454 | 1 | -0.5
2.4212478175789918 | 1 | -0.5
2.2834857213517963 | 1 | -0.5
2.2731738051689034 | 1 | -0.5
2.2917038688609392 | 1 | -0.5
2.483859412249094 | 1 | -0.5
2.074036072634767 | 1 | -0.5
1.5774592679962334 | 1 | -0.5
1.2905168651706784 | 1 | -0.5
1.1208590869745652 | 1 | -0.5
1.0733115785818197 | 1 | -0.5
1.0575110470724631 | 1 | -0.5
1.02898963199679 | 1 | -0.5
1.1318717093208144 | 1 | -0.5
1.255831167488658 | 1 | -0.5
1.4622394898672622 | 1 | -0.5
1.9736774915538542 | 1 | -0.5
2.9416325300102257 | 1 | -0.5
7.0254876634236245 | 1 | -0.5
8.845762083540853 | 1 | -0.5
9.157432069805635 | 1 | -0.5
3.679753827370992 | 1 | -0.5
2.6637309259708006 | 1 | -0.5
2.115214116868289 | 1 | -0.5
1.8697429565362866 | 1 | -0.5
1.7120727189703009 | 1 | -0.5
4.197418559726259 | 1 | -0.5
10.195015692097709 | 1 | -0.5
10.517150445204903 | 1 | -0.5
5.418584879351201 | 1 | -0.5
3.9199280144718522 | 1 | -0.5
3.1837590661687165 | 1 | -0.5
2.8009761629436025 | 1 | -0.5
2.5315671963147763 | 1 | -0.5
2.3943994920091494 | 1 | -0.5
2.3878251079962105 | 1 | -0.5
2.466452117876072 | 1 | -0.5
Total reward: -500.0
