2.0, 1.0, 5.0, -0.3, -1.8, 6.8, 3.2, 1.2, -2.6, -0.4, 3.5, -0.8, -0.4, -1.2, 6.0, 3.5, 3.0, -5.0
parameter ends

state | action | reward
[3.09] | 2 | -0.5
3.650157696084906 | 2 | -0.5
4.6957190543689284 | 2 | -0.5
7.2018189615324575 | 2 | -0.5
10.244263481777613 | 2 | -0.5
10.116855938332439 | 2 | -0.5
3.4064371035870917 | 2 | -0.5
1.8704127004203734 | 2 | -0.5
1.9398933675894574 | 2 | -0.5
2.304530863629931 | 2 | -0.5
2.864843307196636 | 2 | -0.5
4.509703272424733 | 0 | 5.0
3.7596452715515913 | 0 | 5.0
3.3877199927811756 | 0 | 5.0
2.9767723269658277 | 0 | 5.0
2.2598878040324357 | 0 | 5.0
1.6623693900860703 | 0 | 5.0
1.3181094401873965 | 0 | 5.0
1.4153901085675837 | 0 | 5.0
1.4349623792936537 | 0 | 5.0
1.5105699544036681 | 0 | 5.0
1.5886560891863695 | 2 | -0.5
1.5722973589611293 | 0 | 5.0
1.550282248762966 | 0 | 5.0
1.561631187033713 | 0 | 5.0
1.6411842501383447 | 0 | 5.0
1.6854190597389156 | 0 | 5.0
1.7015572904737826 | 0 | 5.0
1.7265798757337723 | 0 | 5.0
1.7749249297436491 | 0 | 5.0
1.7700902010619823 | 0 | 5.0
1.762201303929804 | 0 | 5.0
1.8338476707949787 | 0 | 5.0
1.8846171010323185 | 0 | 5.0
1.9063985013717641 | 2 | -0.5
1.922767607115766 | 0 | 5.0
1.9048794970895182 | 0 | 5.0
1.9236345117620253 | 0 | 5.0
1.876547346310032 | 0 | 5.0
1.8606325489815887 | 0 | 5.0
1.8460790017403559 | 0 | 5.0
1.8735162342962526 | 2 | -0.5
1.874642055023695 | 0 | 5.0
1.8324294126885754 | 0 | 5.0
1.758469110663203 | 0 | 5.0
1.6886292656192714 | 2 | -0.5
1.797483680862829 | 1 | -0.5
1.6739098819696225 | 2 | -0.5
1.7784507345523435 | 1 | -0.5
1.6159444418766349 | 2 | -0.5
1.728826383613236 | 1 | -0.5
1.6209877261686634 | 2 | -0.5
1.706701006152724 | 2 | -0.5
1.9203797850183033 | 0 | 5.0
1.7399069298939909 | 0 | 5.0
1.5865449214753522 | 2 | -0.5
1.8231253986791418 | 0 | 5.0
1.629555273911297 | 0 | 5.0
1.4301979798651059 | 2 | -0.5
1.7564672534533627 | 0 | 5.0
1.4951780065488005 | 0 | 5.0
1.2093013757074054 | 0 | 5.0
0.7932178435549981 | 0 | 5.0
0.64777534132267 | 2 | -0.5
0.6415720744815743 | 0 | 5.0
0.7150909051429465 | 0 | 5.0
0.7759302668106168 | 0 | 5.0
0.84095190963478 | 0 | 5.0
0.9250836838376032 | 0 | 5.0
0.9898383850669078 | 0 | 5.0
1.077518473004728 | 0 | 5.0
1.1195405761786266 | 0 | 5.0
1.1884303238347662 | 0 | 5.0
1.223044408434743 | 0 | 5.0
1.3225770579314318 | 0 | 5.0
1.370277446429789 | 0 | 5.0
1.4344282562615893 | 0 | 5.0
1.5512745609022394 | 0 | 5.0
1.5745378621890809 | 0 | 5.0
1.640390054341615 | 0 | 5.0
1.701272861144682 | 0 | 5.0
1.8177238441420944 | 2 | -0.5
1.6840513548566132 | 0 | 5.0
1.7738330700917977 | 0 | 5.0
1.784877687696168 | 0 | 5.0
1.8085520487735722 | 0 | 5.0
1.8180269379700258 | 0 | 5.0
1.901756272149648 | 0 | 5.0
1.8773171494558951 | 2 | -0.5
1.8927124369441384 | 1 | -0.5
1.9052429914813616 | 2 | -0.5
1.8991026910622708 | 1 | -0.5
1.8916986953757464 | 2 | -0.5
1.9039233146993813 | 1 | -0.5
1.9123641563460823 | 2 | -0.5
1.8960520614833303 | 1 | -0.5
1.9500700354803686 | 2 | -0.5
1.9165366519206666 | 1 | -0.5
1.920696021219092 | 1 | -0.5
2.052945723486436 | 2 | -0.5
1.9518390459107677 | 1 | -0.5
2.0935667453635953 | 2 | -0.5
2.0045038856558763 | 1 | -0.5
2.1516483153408554 | 2 | -0.5
2.0354463158201854 | 1 | -0.5
2.19705328207663 | 2 | -0.5
2.0320064991204476 | 1 | -0.5
2.196406075447749 | 2 | -0.5
2.0813635187562385 | 2 | -0.5
2.018471635118481 | 1 | -0.5
2.1093217119854777 | 1 | -0.5
2.297273124225833 | 1 | -0.5
2.7584911978953968 | 2 | -0.5
2.391834627715418 | 1 | -0.5
2.7110321506916515 | 1 | -0.5
3.2407392743377192 | 2 | -0.5
2.6310158327203976 | 1 | -0.5
3.2889628424499717 | 2 | -0.5
2.756280938361889 | 1 | -0.5
3.2166579412364102 | 2 | -0.5
2.770042125064481 | 1 | -0.5
3.3049992762584073 | 2 | -0.5
2.7636347222128177 | 1 | -0.5
3.2926027111584744 | 1 | -0.5
3.37232481054501 | 0 | 5.0
3.2769770552272193 | 0 | 5.0
3.156063698044708 | 0 | 5.0
3.07506643527778 | 0 | 5.0
2.9888156851606795 | 0 | 5.0
2.8989062574714195 | 0 | 5.0
2.8577695186343486 | 1 | -0.5
2.4724026698087402 | 0 | 5.0
2.392226404520017 | 0 | 5.0
2.284493408886674 | 0 | 5.0
2.2309449943073036 | 0 | 5.0
2.1108952854728775 | 0 | 5.0
1.945231292188985 | 0 | 5.0
1.8956859008303866 | 0 | 5.0
1.7974560803083375 | 0 | 5.0
1.7661363527448863 | 0 | 5.0
1.6651854464743727 | 0 | 5.0
1.6178561778570761 | 0 | 5.0
1.5674586489513165 | 0 | 5.0
1.4654469015162646 | 0 | 5.0
1.3736876390513535 | 0 | 5.0
1.3553069337558568 | 0 | 5.0
1.3113791112355708 | 0 | 5.0
1.23356004334675 | 0 | 5.0
1.1532191206612137 | 1 | -0.5
1.1457110158215495 | 0 | 5.0
1.0846387282638121 | 0 | 5.0
1.0447670159000344 | 0 | 5.0
0.9924333968127016 | 0 | 5.0
1.0455281931842118 | 0 | 5.0
0.9755995116725016 | 0 | 5.0
0.9586596671408512 | 1 | -0.5
0.9057702918438374 | 2 | -0.5
0.9413527005736981 | 2 | -0.5
0.9834651176771859 | 1 | -0.5
0.9254879953864432 | 2 | -0.5
0.9598185184960174 | 1 | -0.5
0.9087286724452528 | 2 | -0.5
0.9543386871855947 | 1 | -0.5
0.9044017550422412 | 2 | -0.5
0.9390294207066349 | 1 | -0.5
0.8833027451091948 | 2 | -0.5
0.8898520705184297 | 2 | -0.5
1.0131296355726895 | 1 | -0.5
0.8857444391589976 | 2 | -0.5
0.9401469772543352 | 1 | -0.5
0.8790077324323191 | 2 | -0.5
0.9347932333308675 | 1 | -0.5
0.775507546590812 | 2 | -0.5
0.8380129237979054 | 2 | -0.5
0.9293093461405397 | 0 | 5.0
0.8067039577863941 | 2 | -0.5
0.9876051456909275 | 0 | 5.0
0.6229427592155392 | 0 | -200.0
Total reward: 223.0
