-0.9, -1.5, -0.1, -0.7, 2.1, 0.2, -0.5, 0.1, 4.8
parameter ends

state | action | reward
[-0.41] | 2 | -1.0
-0.4078941345214844 | 2 | -1.0
-0.4075939953327179 | 2 | -1.0
-0.4071464538574219 | 2 | -1.0
-0.406554639339447 | 2 | -1.0
-0.4058227241039276 | 2 | -1.0
-0.4049558639526367 | 2 | -1.0
-0.40396013855934143 | 2 | -1.0
-0.40284258127212524 | 2 | -1.0
-0.40161100029945374 | 2 | -1.0
-0.4002740681171417 | 2 | -1.0
-0.39884108304977417 | 2 | -1.0
-0.3973221182823181 | 2 | -1.0
-0.3957277238368988 | 2 | -1.0
-0.39406901597976685 | 2 | -1.0
-0.3923574984073639 | 2 | -1.0
-0.39060506224632263 | 2 | -1.0
-0.38882383704185486 | 2 | -1.0
-0.3870261013507843 | 2 | -1.0
-0.38522425293922424 | 2 | -1.0
-0.3834306597709656 | 2 | -1.0
-0.38165760040283203 | 2 | -1.0
-0.3799172341823578 | 2 | -1.0
-0.37822142243385315 | 2 | -1.0
-0.37658166885375977 | 2 | -1.0
-0.3750091791152954 | 2 | -1.0
-0.3735145628452301 | 2 | -1.0
-0.37210792303085327 | 2 | -1.0
-0.3707987368106842 | 2 | -1.0
-0.36959585547447205 | 2 | -1.0
-0.36850735545158386 | 2 | -1.0
-0.36754050850868225 | 2 | -1.0
-0.36670181155204773 | 2 | -1.0
-0.3659968674182892 | 2 | -1.0
-0.36543038487434387 | 2 | -1.0
-0.36500614881515503 | 2 | -1.0
-0.3647269904613495 | 2 | -1.0
-0.3645947575569153 | 2 | -1.0
-0.36461034417152405 | 2 | -1.0
-0.3647736608982086 | 2 | -1.0
-0.36508357524871826 | 2 | -1.0
-0.365538090467453 | 2 | -1.0
-0.3661341071128845 | 2 | -1.0
-0.36686766147613525 | 2 | -1.0
-0.3677338659763336 | 2 | -1.0
-0.3687269389629364 | 2 | -1.0
-0.36984020471572876 | 2 | -1.0
-0.3710661828517914 | 2 | -1.0
-0.37239667773246765 | 2 | -1.0
-0.3738226592540741 | 2 | -1.0
-0.37533456087112427 | 2 | -1.0
-0.3769221603870392 | 2 | -1.0
-0.3785746395587921 | 2 | -1.0
-0.38028082251548767 | 2 | -1.0
-0.38202908635139465 | 2 | -1.0
-0.3838074803352356 | 2 | -1.0
-0.3856038451194763 | 2 | -1.0
-0.3874058723449707 | 2 | -1.0
-0.38920116424560547 | 2 | -1.0
-0.39097732305526733 | 2 | -1.0
-0.39272212982177734 | 2 | -1.0
-0.3944234848022461 | 2 | -1.0
-0.39606958627700806 | 2 | -1.0
-0.39764899015426636 | 2 | -1.0
-0.39915069937705994 | 2 | -1.0
-0.4005642235279083 | 2 | -1.0
-0.4018797278404236 | 2 | -1.0
-0.40308794379234314 | 2 | -1.0
-0.4041804373264313 | 2 | -1.0
-0.40514954924583435 | 2 | -1.0
-0.4059884250164032 | 2 | -1.0
-0.40669122338294983 | 2 | -1.0
-0.4072529375553131 | 2 | -1.0
-0.40766963362693787 | 2 | -1.0
-0.4079383909702301 | 2 | -1.0
-0.408057302236557 | 2 | -1.0
-0.40802550315856934 | 2 | -1.0
-0.4078432619571686 | 2 | -1.0
-0.407511830329895 | 2 | -1.0
-0.4070335626602173 | 2 | -1.0
-0.4064118266105652 | 2 | -1.0
-0.4056510031223297 | 2 | -1.0
-0.40475642681121826 | 2 | -1.0
-0.403734415769577 | 2 | -1.0
-0.40259215235710144 | 2 | -1.0
-0.4013376235961914 | 2 | -1.0
-0.3999796211719513 | 2 | -1.0
-0.3985276520252228 | 2 | -1.0
-0.39699187874794006 | 2 | -1.0
-0.39538300037384033 | 2 | -1.0
-0.3937121629714966 | 2 | -1.0
-0.3919910490512848 | 2 | -1.0
-0.39023151993751526 | 2 | -1.0
-0.38844579458236694 | 2 | -1.0
-0.3866461515426636 | 2 | -1.0
-0.3848450183868408 | 2 | -1.0
-0.3830547332763672 | 2 | -1.0
-0.3812875747680664 | 2 | -1.0
-0.3795556128025055 | 2 | -1.0
-0.37787067890167236 | 2 | -1.0
-0.3762442171573639 | 2 | -1.0
-0.3746872544288635 | 2 | -1.0
-0.3732103705406189 | 2 | -1.0
-0.3718234896659851 | 2 | -1.0
-0.37053602933883667 | 2 | -1.0
-0.36935660243034363 | 2 | -1.0
-0.3682931661605835 | 2 | -1.0
-0.36735281348228455 | 2 | -1.0
-0.36654189229011536 | 2 | -1.0
-0.3658657670021057 | 2 | -1.0
-0.36532899737358093 | 2 | -1.0
-0.36493512988090515 | 2 | -1.0
-0.36468684673309326 | 2 | -1.0
-0.3645857274532318 | 2 | -1.0
-0.3646325170993805 | 2 | -1.0
-0.36482685804367065 | 2 | -1.0
-0.3651674687862396 | 2 | -1.0
-0.36565208435058594 | 2 | -1.0
-0.36627745628356934 | 2 | -1.0
-0.36703944206237793 | 2 | -1.0
-0.36793288588523865 | 2 | -1.0
-0.3689518868923187 | 2 | -1.0
-0.3700895607471466 | 2 | -1.0
-0.37133827805519104 | 2 | -1.0
-0.3726896643638611 | 2 | -1.0
-0.3741346001625061 | 2 | -1.0
-0.3756633400917053 | 2 | -1.0
-0.3772655129432678 | 2 | -1.0
-0.3789302706718445 | 2 | -1.0
-0.380646288394928 | 2 | -1.0
-0.3824019134044647 | 2 | -1.0
-0.3841851055622101 | 2 | -1.0
-0.3859837055206299 | 2 | -1.0
-0.3877853453159332 | 2 | -1.0
-0.38957762718200684 | 2 | -1.0
-0.3913481831550598 | 2 | -1.0
-0.3930848240852356 | 2 | -1.0
-0.39477550983428955 | 2 | -1.0
-0.39640846848487854 | 2 | -1.0
-0.3979724049568176 | 2 | -1.0
-0.3994563817977905 | 2 | -1.0
-0.4008500277996063 | 2 | -1.0
-0.402143657207489 | 2 | -1.0
-0.40332815051078796 | 2 | -1.0
-0.4043952524662018 | 2 | -1.0
-0.40533745288848877 | 2 | -1.0
-0.40614810585975647 | 2 | -1.0
-0.40682151913642883 | 2 | -1.0
-0.4073529541492462 | 2 | -1.0
-0.40773868560791016 | 2 | -1.0
-0.407975971698761 | 2 | -1.0
-0.408063143491745 | 2 | -1.0
-0.40799957513809204 | 2 | -1.0
-0.4077857434749603 | 2 | -1.0
-0.40742310881614685 | 2 | -1.0
-0.40691429376602173 | 2 | -1.0
-0.4062628149986267 | 2 | -1.0
-0.4054733216762543 | 2 | -1.0
-0.40455132722854614 | 2 | -1.0
-0.4035033583641052 | 2 | -1.0
-0.4023367166519165 | 2 | -1.0
-0.401059627532959 | 2 | -1.0
-0.3996810019016266 | 2 | -1.0
-0.3982104957103729 | 2 | -1.0
-0.39665839076042175 | 2 | -1.0
-0.3950355052947998 | 2 | -1.0
-0.39335310459136963 | 2 | -1.0
-0.3916229009628296 | 2 | -1.0
-0.38985681533813477 | 2 | -1.0
-0.3880671262741089 | 2 | -1.0
-0.38626614212989807 | 2 | -1.0
-0.3844662606716156 | 2 | -1.0
-0.38267984986305237 | 2 | -1.0
-0.38091909885406494 | 2 | -1.0
-0.37919607758522034 | 2 | -1.0
-0.3775225281715393 | 2 | -1.0
-0.37590983510017395 | 2 | -1.0
-0.3743688762187958 | 2 | -1.0
-0.37291017174720764 | 2 | -1.0
-0.3715434968471527 | 2 | -1.0
-0.37027812004089355 | 2 | -1.0
-0.3691225051879883 | 2 | -1.0
-0.36808446049690247 | 2 | -1.0
-0.36717090010643005 | 2 | -1.0
-0.3663879632949829 | 2 | -1.0
-0.3657408654689789 | 2 | -1.0
-0.3652339577674866 | 2 | -1.0
-0.3648706078529358 | 2 | -1.0
-0.36465322971343994 | 2 | -1.0
-0.364583283662796 | 2 | -1.0
-0.36466124653816223 | 2 | -1.0
-0.3648865520954132 | 2 | -1.0
-0.36525774002075195 | 2 | -1.0
-0.3657723367214203 | 2 | -1.0
-0.36642688512802124 | 2 | -1.0
-0.3672170341014862 | 2 | -1.0
-0.36813750863075256 | 2 | -1.0
-0.36918210983276367 | 2 | -1.0
-0.3703438639640808 | 2 | -1.0
-0.371614933013916 | 2 | -1.0
[-0.48] | 2 | -1.0
-0.47805383801460266 | 2 | -1.0
-0.47672995924949646 | 2 | -1.0
-0.4747564196586609 | 2 | -1.0
-0.4721479117870331 | 2 | -1.0
-0.46892374753952026 | 2 | -1.0
-0.465107798576355 | 2 | -1.0
-0.4607282876968384 | 2 | -1.0
-0.4558175206184387 | 2 | -1.0
-0.4504116177558899 | 2 | -1.0
-0.44455021619796753 | 2 | -1.0
-0.43827614188194275 | 2 | -1.0
-0.4316350221633911 | 2 | -1.0
-0.4246748983860016 | 2 | -1.0
-0.4174458682537079 | 2 | -1.0
-0.4099996089935303 | 2 | -1.0
-0.40238893032073975 | 2 | -1.0
-0.3946674168109894 | 2 | -1.0
-0.3868889808654785 | 2 | -1.0
-0.37910735607147217 | 2 | -1.0
-0.37137579917907715 | 2 | -1.0
-0.36374664306640625 | 2 | -1.0
-0.3562709391117096 | 2 | -1.0
-0.34899815917015076 | 2 | -1.0
-0.3419758081436157 | 2 | -1.0
-0.33524924516677856 | 2 | -1.0
-0.3288612961769104 | 2 | -1.0
-0.322852224111557 | 2 | -1.0
-0.31725937128067017 | 2 | -1.0
-0.3121170997619629 | 2 | -1.0
-0.3074566721916199 | 2 | -1.0
-0.30330607295036316 | 2 | -1.0
-0.29968997836112976 | 2 | -1.0
-0.29662975668907166 | 2 | -1.0
-0.2941432595252991 | 2 | -1.0
-0.29224494099617004 | 2 | -1.0
-0.290945827960968 | 2 | -1.0
-0.29025331139564514 | 2 | -1.0
-0.29017144441604614 | 2 | -1.0
-0.29070064425468445 | 2 | -1.0
-0.2918378710746765 | 2 | -1.0
-0.2935766279697418 | 2 | -1.0
-0.29590684175491333 | 2 | -1.0
-0.2988150119781494 | 2 | -1.0
-0.3022841811180115 | 2 | -1.0
-0.30629390478134155 | 2 | -1.0
-0.31082040071487427 | 2 | -1.0
-0.3158365488052368 | 2 | -1.0
-0.32131195068359375 | 2 | -1.0
-0.3272130787372589 | 2 | -1.0
-0.3335033655166626 | 2 | -1.0
-0.3401433527469635 | 2 | -1.0
-0.34709081053733826 | 2 | -1.0
-0.3543010950088501 | 2 | -1.0
-0.36172720789909363 | 2 | -1.0
-0.36932021379470825 | 2 | -1.0
-0.3770294487476349 | 2 | -1.0
-0.38480284810066223 | 2 | -1.0
-0.3925873935222626 | 2 | -1.0
-0.40032944083213806 | 2 | -1.0
-0.40797507762908936 | 2 | -1.0
-0.41547060012817383 | 2 | -1.0
-0.422762930393219 | 2 | -1.0
-0.4298000633716583 | 2 | -1.0
-0.4365314245223999 | 2 | -1.0
-0.442908376455307 | 2 | -1.0
-0.44888463616371155 | 2 | -1.0
-0.45441657304763794 | 2 | -1.0
-0.4594636559486389 | 2 | -1.0
-0.4639887809753418 | 2 | -1.0
-0.46795862913131714 | 2 | -1.0
-0.4713438153266907 | 2 | -1.0
-0.47411930561065674 | 2 | -1.0
-0.4762645363807678 | 2 | -1.0
-0.4777635931968689 | 2 | -1.0
-0.47860532999038696 | 2 | -1.0
-0.4787834882736206 | 2 | -1.0
-0.47829675674438477 | 2 | -1.0
-0.47714874148368835 | 2 | -1.0
-0.47534796595573425 | 2 | -1.0
-0.47290781140327454 | 2 | -1.0
-0.4698463976383209 | 2 | -1.0
-0.46618637442588806 | 2 | -1.0
-0.461954802274704 | 2 | -1.0
-0.45718294382095337 | 2 | -1.0
-0.45190590620040894 | 2 | -1.0
-0.4461624324321747 | 2 | -1.0
-0.4399945139884949 | 2 | -1.0
-0.43344706296920776 | 2 | -1.0
-0.42656755447387695 | 2 | -1.0
-0.4194055497646332 | 2 | -1.0
-0.41201233863830566 | 2 | -1.0
-0.4044404625892639 | 2 | -1.0
-0.3967433571815491 | 2 | -1.0
-0.3889748752117157 | 2 | -1.0
-0.38118886947631836 | 2 | -1.0
-0.3734387159347534 | 2 | -1.0
-0.36577707529067993 | 2 | -1.0
-0.3582553565502167 | 2 | -1.0
-0.35092347860336304 | 2 | -1.0
-0.34382951259613037 | 2 | -1.0
-0.3370194137096405 | 2 | -1.0
-0.33053672313690186 | 2 | -1.0
-0.3244223892688751 | 2 | -1.0
-0.31871452927589417 | 2 | -1.0
-0.31344839930534363 | 2 | -1.0
-0.3086560368537903 | 2 | -1.0
-0.3043663203716278 | 2 | -1.0
-0.30060482025146484 | 2 | -1.0
-0.2973938286304474 | 2 | -1.0
-0.2947520911693573 | 2 | -1.0
-0.2926950454711914 | 2 | -1.0
-0.29123455286026 | 2 | -1.0
-0.29037901759147644 | 2 | -1.0
-0.29013341665267944 | 2 | -1.0
-0.29049909114837646 | 2 | -1.0
-0.29147395491600037 | 2 | -1.0
-0.29305243492126465 | 2 | -1.0
-0.29522544145584106 | 2 | -1.0
-0.29798033833503723 | 2 | -1.0
-0.30130109190940857 | 2 | -1.0
-0.3051682114601135 | 2 | -1.0
-0.30955883860588074 | 2 | -1.0
-0.31444665789604187 | 2 | -1.0
-0.3198022246360779 | 2 | -1.0
-0.3255928158760071 | 2 | -1.0
-0.33178260922431946 | 2 | -1.0
-0.3383329510688782 | 2 | -1.0
-0.34520235657691956 | 2 | -1.0
-0.3523467481136322 | 2 | -1.0
-0.35971978306770325 | 2 | -1.0
-0.3672730028629303 | 2 | -1.0
-0.3749561309814453 | 2 | -1.0
-0.3827175199985504 | 2 | -1.0
-0.3905043303966522 | 2 | -1.0
-0.39826303720474243 | 2 | -1.0
-0.4059397876262665 | 2 | -1.0
-0.4134807288646698 | 2 | -1.0
-0.42083263397216797 | 2 | -1.0
-0.4279431402683258 | 2 | -1.0
-0.43476125597953796 | 2 | -1.0
-0.44123780727386475 | 2 | -1.0
-0.44732576608657837 | 2 | -1.0
-0.45298081636428833 | 2 | -1.0
-0.4581615626811981 | 2 | -1.0
-0.46282991766929626 | 2 | -1.0
-0.46695151925086975 | 2 | -1.0
-0.47049593925476074 | 2 | -1.0
-0.47343695163726807 | 2 | -1.0
-0.47575274109840393 | 2 | -1.0
-0.4774261713027954 | 2 | -1.0
-0.47844478487968445 | 2 | -1.0
-0.47880101203918457 | 2 | -1.0
-0.47849220037460327 | 2 | -1.0
-0.4775206744670868 | 2 | -1.0
-0.47589361667633057 | 2 | -1.0
-0.4736231565475464 | 2 | -1.0
-0.4707260727882385 | 2 | -1.0
-0.4672239124774933 | 2 | -1.0
-0.4631425142288208 | 2 | -1.0
-0.4585120677947998 | 2 | -1.0
-0.4533666968345642 | 2 | -1.0
-0.4477441608905792 | 2 | -1.0
-0.44168564677238464 | 2 | -1.0
-0.43523529171943665 | 2 | -1.0
-0.4284399449825287 | 2 | -1.0
-0.4213486313819885 | 2 | -1.0
-0.41401222348213196 | 2 | -1.0
-0.406482994556427 | 2 | -1.0
-0.3988141715526581 | 2 | -1.0
-0.391059547662735 | 2 | -1.0
-0.3832729458808899 | 2 | -1.0
-0.37550798058509827 | 2 | -1.0
-0.36781755089759827 | 2 | -1.0
-0.36025336384773254 | 2 | -1.0
-0.35286587476730347 | 2 | -1.0
-0.3457035720348358 | 2 | -1.0
-0.33881306648254395 | 2 | -1.0
-0.3322385549545288 | 2 | -1.0
-0.3260217010974884 | 2 | -1.0
-0.32020142674446106 | 2 | -1.0
-0.3148137032985687 | 2 | -1.0
-0.3098914623260498 | 2 | -1.0
-0.3054644763469696 | 2 | -1.0
-0.301559180021286 | 2 | -1.0
-0.29819875955581665 | 2 | -1.0
-0.2954029142856598 | 2 | -1.0
-0.2931879460811615 | 2 | -1.0
-0.2915666997432709 | 2 | -1.0
-0.29054850339889526 | 2 | -1.0
-0.29013925790786743 | 2 | -1.0
-0.29034125804901123 | 2 | -1.0
-0.2911533713340759 | 2 | -1.0
-0.29257094860076904 | 2 | -1.0
-0.29458579421043396 | 2 | -1.0
-0.2971862554550171 | 2 | -1.0
-0.30035722255706787 | 2 | -1.0
-0.30408012866973877 | 2 | -1.0
-0.3083329498767853 | 2 | -1.0
-0.31309038400650024 | 2 | -1.0
[-0.48] | 2 | -1.0
-0.4793245792388916 | 2 | -1.0
-0.47798171639442444 | 2 | -1.0
-0.4759799540042877 | 2 | -1.0
-0.47333407402038574 | 2 | -1.0
-0.4700637757778168 | 2 | -1.0
-0.4661932587623596 | 2 | -1.0
-0.46175116300582886 | 2 | -1.0
-0.45677027106285095 | 2 | -1.0
-0.45128723978996277 | 2 | -1.0
-0.4453423023223877 | 2 | -1.0
-0.438978910446167 | 2 | -1.0
-0.43224337697029114 | 2 | -1.0
-0.425184428691864 | 2 | -1.0
-0.4178529679775238 | 2 | -1.0
-0.4103013277053833 | 2 | -1.0
-0.40258315205574036 | 2 | -1.0
-0.3947528004646301 | 2 | -1.0
-0.38686490058898926 | 2 | -1.0
-0.37897399067878723 | 2 | -1.0
-0.37113404273986816 | 2 | -1.0
-0.36339813470840454 | 2 | -1.0
-0.3558180332183838 | 2 | -1.0
-0.34844377636909485 | 2 | -1.0
-0.341323584318161 | 2 | -1.0
-0.33450332283973694 | 2 | -1.0
-0.3280264437198639 | 2 | -1.0
-0.3219336271286011 | 2 | -1.0
-0.31626272201538086 | 2 | -1.0
-0.3110484778881073 | 2 | -1.0
-0.30632248520851135 | 2 | -1.0
-0.3021131157875061 | 2 | -1.0
-0.29844534397125244 | 2 | -1.0
-0.2953406870365143 | 2 | -1.0
-0.29281729459762573 | 2 | -1.0
-0.2908897399902344 | 2 | -1.0
-0.2895691692829132 | 2 | -1.0
-0.28886309266090393 | 2 | -1.0
-0.28877562284469604 | 2 | -1.0
-0.28930723667144775 | 2 | -1.0
-0.2904548645019531 | 2 | -1.0
-0.29221194982528687 | 2 | -1.0
-0.29456838965415955 | 2 | -1.0
-0.29751056432724 | 2 | -1.0
-0.3010213375091553 | 2 | -1.0
-0.3050801455974579 | 2 | -1.0
-0.30966293811798096 | 2 | -1.0
-0.3147423267364502 | 2 | -1.0
-0.32028767466545105 | 2 | -1.0
-0.32626500725746155 | 2 | -1.0
-0.3326374292373657 | 2 | -1.0
-0.33936500549316406 | 2 | -1.0
-0.346405029296875 | 2 | -1.0
-0.3537122905254364 | 2 | -1.0
-0.3612392842769623 | 2 | -1.0
-0.36893635988235474 | 2 | -1.0
-0.37675225734710693 | 2 | -1.0
-0.38463419675827026 | 2 | -1.0
-0.3925284743309021 | 2 | -1.0
-0.40038061141967773 | 2 | -1.0
-0.4081359803676605 | 2 | -1.0
-0.41574013233184814 | 2 | -1.0
-0.42313915491104126 | 2 | -1.0
-0.43028029799461365 | 2 | -1.0
-0.4371122121810913 | 2 | -1.0
-0.44358551502227783 | 2 | -1.0
-0.44965317845344543 | 2 | -1.0
-0.4552708864212036 | 2 | -1.0
-0.46039748191833496 | 2 | -1.0
-0.46499523520469666 | 2 | -1.0
-0.4690302908420563 | 2 | -1.0
-0.47247275710105896 | 2 | -1.0
-0.47529715299606323 | 2 | -1.0
-0.4774825870990753 | 2 | -1.0
-0.47901275753974915 | 2 | -1.0
-0.4798763394355774 | 2 | -1.0
-0.4800668954849243 | 2 | -1.0
-0.4795829951763153 | 2 | -1.0
-0.47842827439308167 | 2 | -1.0
-0.47661131620407104 | 2 | -1.0
-0.4741455614566803 | 2 | -1.0
-0.47104936838150024 | 2 | -1.0
-0.467345654964447 | 2 | -1.0
-0.4630618691444397 | 2 | -1.0
-0.45822957158088684 | 2 | -1.0
-0.4528844356536865 | 2 | -1.0
-0.44706568121910095 | 2 | -1.0
-0.44081589579582214 | 2 | -1.0
-0.4341806173324585 | 2 | -1.0
-0.42720797657966614 | 2 | -1.0
-0.4199482202529907 | 2 | -1.0
-0.4124533534049988 | 2 | -1.0
-0.40477675199508667 | 2 | -1.0
-0.39697253704071045 | 2 | -1.0
-0.38909536600112915 | 2 | -1.0
-0.38119980692863464 | 2 | -1.0
-0.37334004044532776 | 2 | -1.0
-0.36556944251060486 | 2 | -1.0
-0.3579401671886444 | 2 | -1.0
-0.3505028188228607 | 2 | -1.0
-0.34330612421035767 | 2 | -1.0
-0.33639663457870483 | 2 | -1.0
-0.3298185169696808 | 2 | -1.0
-0.3236132860183716 | 2 | -1.0
-0.3178195357322693 | 2 | -1.0
-0.31247296929359436 | 2 | -1.0
-0.3076060712337494 | 2 | -1.0
-0.3032481372356415 | 2 | -1.0
-0.29942503571510315 | 2 | -1.0
-0.2961593568325043 | 2 | -1.0
-0.293470174074173 | 2 | -1.0
-0.29137304425239563 | 2 | -1.0
-0.2898801267147064 | 2 | -1.0
-0.2889999449253082 | 2 | -1.0
-0.28873756527900696 | 2 | -1.0
-0.289094477891922 | 2 | -1.0
-0.2900686264038086 | 2 | -1.0
-0.29165446758270264 | 2 | -1.0
-0.2938428521156311 | 2 | -1.0
-0.296621173620224 | 2 | -1.0
-0.2999733090400696 | 2 | -1.0
-0.30387958884239197 | 2 | -1.0
-0.30831703543663025 | 2 | -1.0
-0.31325915455818176 | 2 | -1.0
-0.3186761736869812 | 2 | -1.0
-0.3245351314544678 | 2 | -1.0
-0.3307998776435852 | 2 | -1.0
-0.3374313414096832 | 2 | -1.0
-0.34438762068748474 | 2 | -1.0
-0.35162413120269775 | 2 | -1.0
-0.3590939939022064 | 2 | -1.0
-0.3667481541633606 | 2 | -1.0
-0.37453579902648926 | 2 | -1.0
-0.38240447640419006 | 2 | -1.0
-0.3903007507324219 | 2 | -1.0
-0.3981703519821167 | 2 | -1.0
-0.4059585928916931 | 2 | -1.0
-0.41361093521118164 | 2 | -1.0
-0.4210732877254486 | 2 | -1.0
-0.42829254269599915 | 2 | -1.0
-0.43521687388420105 | 2 | -1.0
-0.44179636240005493 | 2 | -1.0
-0.4479832053184509 | 2 | -1.0
-0.45373231172561646 | 2 | -1.0
-0.4590015709400177 | 2 | -1.0
-0.46375229954719543 | 2 | -1.0
-0.4679494798183441 | 2 | -1.0
-0.47156208753585815 | 2 | -1.0
-0.4745633900165558 | 2 | -1.0
-0.4769311249256134 | 2 | -1.0
-0.47864773869514465 | 2 | -1.0
-0.4797004461288452 | 2 | -1.0
-0.4800814390182495 | 2 | -1.0
-0.4797878861427307 | 2 | -1.0
-0.4788219928741455 | 2 | -1.0
-0.47719091176986694 | 2 | -1.0
-0.4749067425727844 | 2 | -1.0
-0.47198647260665894 | 2 | -1.0
-0.46845176815986633 | 2 | -1.0
-0.4643287658691406 | 2 | -1.0
-0.4596479535102844 | 2 | -1.0
-0.4544438421726227 | 2 | -1.0
-0.4487546682357788 | 2 | -1.0
-0.4426221251487732 | 2 | -1.0
-0.43609094619750977 | 2 | -1.0
-0.42920857667922974 | 2 | -1.0
-0.4220246970653534 | 2 | -1.0
-0.41459089517593384 | 2 | -1.0
-0.4069601595401764 | 2 | -1.0
-0.39918649196624756 | 2 | -1.0
-0.39132437109947205 | 2 | -1.0
-0.3834284842014313 | 2 | -1.0
-0.375553160905838 | 2 | -1.0
-0.3677520453929901 | 2 | -1.0
-0.3600776493549347 | 2 | -1.0
-0.35258105397224426 | 2 | -1.0
-0.34531158208847046 | 2 | -1.0
-0.3383163809776306 | 2 | -1.0
-0.331640362739563 | 2 | -1.0
-0.32532575726509094 | 2 | -1.0
-0.3194120526313782 | 2 | -1.0
-0.3139357566833496 | 2 | -1.0
-0.30893027782440186 | 2 | -1.0
-0.30442580580711365 | 2 | -1.0
-0.3004492521286011 | 2 | -1.0
-0.29702404141426086 | 2 | -1.0
-0.2941702902317047 | 2 | -1.0
-0.2919045686721802 | 2 | -1.0
-0.29023998975753784 | 2 | -1.0
-0.2891860902309418 | 2 | -1.0
-0.28874891996383667 | 2 | -1.0
-0.2889309525489807 | 2 | -1.0
-0.2897312045097351 | 2 | -1.0
-0.29114505648612976 | 2 | -1.0
-0.29316437244415283 | 2 | -1.0
-0.2957775890827179 | 2 | -1.0
-0.29896947741508484 | 2 | -1.0
-0.30272144079208374 | 2 | -1.0
-0.3070113956928253 | 2 | -1.0
-0.3118138611316681 | 2 | -1.0
[-0.45] | 2 | -1.0
-0.4543995261192322 | 2 | -1.0
-0.4534265100955963 | 2 | -1.0
-0.45197588205337524 | 2 | -1.0
-0.45005831122398376 | 2 | -1.0
-0.4476878046989441 | 2 | -1.0
-0.44488176703453064 | 2 | -1.0
-0.441660612821579 | 2 | -1.0
-0.4380478262901306 | 2 | -1.0
-0.4340696334838867 | 2 | -1.0
-0.4297548830509186 | 2 | -1.0
-0.42513468861579895 | 2 | -1.0
-0.4202423095703125 | 2 | -1.0
-0.41511270403862 | 2 | -1.0
-0.4097824990749359 | 2 | -1.0
-0.4042893946170807 | 2 | -1.0
-0.3986721336841583 | 2 | -1.0
-0.3929700553417206 | 2 | -1.0
-0.3872227966785431 | 2 | -1.0
-0.38147005438804626 | 2 | -1.0
-0.3757512867450714 | 2 | -1.0
-0.3701053559780121 | 2 | -1.0
-0.36457037925720215 | 2 | -1.0
-0.3591833710670471 | 2 | -1.0
-0.35398009419441223 | 2 | -1.0
-0.34899476170539856 | 2 | -1.0
-0.3442598879337311 | 2 | -1.0
-0.33980610966682434 | 2 | -1.0
-0.33566197752952576 | 2 | -1.0
-0.33185386657714844 | 2 | -1.0
-0.32840585708618164 | 2 | -1.0
-0.32533952593803406 | 2 | -1.0
-0.3226740062236786 | 2 | -1.0
-0.3204258382320404 | 2 | -1.0
-0.318608820438385 | 2 | -1.0
-0.3172341585159302 | 2 | -1.0
-0.31631022691726685 | 2 | -1.0
-0.3158426880836487 | 2 | -1.0
-0.3158343732357025 | 2 | -1.0
-0.3162853419780731 | 2 | -1.0
-0.31719285249710083 | 2 | -1.0
-0.31855136156082153 | 2 | -1.0
-0.3203525245189667 | 2 | -1.0
-0.3225853443145752 | 2 | -1.0
-0.325236052274704 | 2 | -1.0
-0.328288197517395 | 2 | -1.0
-0.33172276616096497 | 2 | -1.0
-0.3355182707309723 | 2 | -1.0
-0.3396506905555725 | 2 | -1.0
-0.34409376978874207 | 2 | -1.0
-0.34881898760795593 | 2 | -1.0
-0.3537958264350891 | 2 | -1.0
-0.358991801738739 | 2 | -1.0
-0.36437276005744934 | 2 | -1.0
-0.369903028011322 | 2 | -1.0
-0.37554559111595154 | 2 | -1.0
-0.3812624216079712 | 2 | -1.0
-0.38701459765434265 | 2 | -1.0
-0.3927627503871918 | 2 | -1.0
-0.39846718311309814 | 2 | -1.0
-0.40408819913864136 | 2 | -1.0
-0.40958645939826965 | 2 | -1.0
-0.4149232506752014 | 2 | -1.0
-0.4200607240200043 | 2 | -1.0
-0.4249623119831085 | 2 | -1.0
-0.42959293723106384 | 2 | -1.0
-0.4339192807674408 | 2 | -1.0
-0.43791016936302185 | 2 | -1.0
-0.44153663516044617 | 2 | -1.0
-0.4447723627090454 | 2 | -1.0
-0.4475938081741333 | 2 | -1.0
-0.44998037815093994 | 2 | -1.0
-0.45191460847854614 | 2 | -1.0
-0.45338231325149536 | 2 | -1.0
-0.454372763633728 | 2 | -1.0
-0.45487868785858154 | 2 | -1.0
-0.45489636063575745 | 2 | -1.0
-0.4544256627559662 | 2 | -1.0
-0.45347005128860474 | 2 | -1.0
-0.4520365595817566 | 2 | -1.0
-0.45013561844825745 | 2 | -1.0
-0.4477812349796295 | 2 | -1.0
-0.4449906051158905 | 2 | -1.0
-0.4417840540409088 | 2 | -1.0
-0.4381850063800812 | 2 | -1.0
-0.4342195391654968 | 2 | -1.0
-0.4299164414405823 | 2 | -1.0
-0.4253067374229431 | 2 | -1.0
-0.42042356729507446 | 2 | -1.0
-0.41530194878578186 | 2 | -1.0
-0.40997830033302307 | 2 | -1.0
-0.4044904410839081 | 2 | -1.0
-0.39887699484825134 | 2 | -1.0
-0.3931772708892822 | 2 | -1.0
-0.38743096590042114 | 2 | -1.0
-0.3816777169704437 | 2 | -1.0
-0.37595704197883606 | 2 | -1.0
-0.3703078031539917 | 2 | -1.0
-0.3647681772708893 | 2 | -1.0
-0.3593751788139343 | 2 | -1.0
-0.35416465997695923 | 2 | -1.0
-0.34917086362838745 | 2 | -1.0
-0.34442639350891113 | 2 | -1.0
-0.3399619460105896 | 2 | -1.0
-0.33580613136291504 | 2 | -1.0
-0.3319854438304901 | 2 | -1.0
-0.32852399349212646 | 2 | -1.0
-0.3254435360431671 | 2 | -1.0
-0.32276323437690735 | 2 | -1.0
-0.3204996883869171 | 2 | -1.0
-0.31866687536239624 | 2 | -1.0
-0.3172760605812073 | 2 | -1.0
-0.3163357079029083 | 2 | -1.0
-0.3158515989780426 | 2 | -1.0
-0.3158266544342041 | 2 | -1.0
-0.31626105308532715 | 2 | -1.0
-0.31715214252471924 | 2 | -1.0
-0.31849443912506104 | 2 | -1.0
-0.3202798068523407 | 2 | -1.0
-0.3224972188472748 | 2 | -1.0
-0.3251330852508545 | 2 | -1.0
-0.3281710147857666 | 2 | -1.0
-0.3315921425819397 | 2 | -1.0
-0.33537498116493225 | 2 | -1.0
-0.3394956588745117 | 2 | -1.0
-0.3439279794692993 | 2 | -1.0
-0.34864354133605957 | 2 | -1.0
-0.3536118268966675 | 2 | -1.0
-0.35880047082901 | 2 | -1.0
-0.36417534947395325 | 2 | -1.0
-0.3697008490562439 | 2 | -1.0
-0.3753400146961212 | 2 | -1.0
-0.3810548186302185 | 2 | -1.0
-0.3868064284324646 | 2 | -1.0
-0.3925554156303406 | 2 | -1.0
-0.3982621133327484 | 2 | -1.0
-0.4038868248462677 | 2 | -1.0
-0.4093902111053467 | 2 | -1.0
-0.41473349928855896 | 2 | -1.0
-0.41987884044647217 | 2 | -1.0
-0.42478957772254944 | 2 | -1.0
-0.4294305741786957 | 2 | -1.0
-0.43376851081848145 | 2 | -1.0
-0.4377720057964325 | 2 | -1.0
-0.44141215085983276 | 2 | -1.0
-0.4446624517440796 | 2 | -1.0
-0.44749924540519714 | 2 | -1.0
-0.44990184903144836 | 2 | -1.0
-0.4518527090549469 | 2 | -1.0
-0.45333749055862427 | 2 | -1.0
-0.45434534549713135 | 2 | -1.0
-0.454868882894516 | 2 | -1.0
-0.4549042582511902 | 2 | -1.0
-0.45445117354393005 | 2 | -1.0
-0.4535129964351654 | 2 | -1.0
-0.4520966112613678 | 2 | -1.0
-0.45021235942840576 | 2 | -1.0
-0.4478740990161896 | 2 | -1.0
-0.4450989067554474 | 2 | -1.0
-0.44190701842308044 | 2 | -1.0
-0.43832170963287354 | 2 | -1.0
-0.4343689978122711 | 2 | -1.0
-0.43007758259773254 | 2 | -1.0
-0.42547839879989624 | 2 | -1.0
-0.42060452699661255 | 2 | -1.0
-0.41549089550971985 | 2 | -1.0
-0.4101739227771759 | 2 | -1.0
-0.40469130873680115 | 2 | -1.0
-0.3990817368030548 | 2 | -1.0
-0.3933844566345215 | 2 | -1.0
-0.3876391053199768 | 2 | -1.0
-0.38188543915748596 | 2 | -1.0
-0.37616291642189026 | 2 | -1.0
-0.37051042914390564 | 2 | -1.0
-0.36496615409851074 | 2 | -1.0
-0.359567254781723 | 2 | -1.0
-0.3543495237827301 | 2 | -1.0
-0.3493472933769226 | 2 | -1.0
-0.34459325671195984 | 2 | -1.0
-0.3401181697845459 | 2 | -1.0
-0.33595073223114014 | 2 | -1.0
-0.33211749792099 | 2 | -1.0
-0.32864266633987427 | 2 | -1.0
-0.32554805278778076 | 2 | -1.0
-0.3228529691696167 | 2 | -1.0
-0.3205741047859192 | 2 | -1.0
-0.3187255263328552 | 2 | -1.0
-0.31731855869293213 | 2 | -1.0
-0.31636178493499756 | 2 | -1.0
-0.3158611059188843 | 2 | -1.0
-0.31581956148147583 | 2 | -1.0
-0.31623736023902893 | 2 | -1.0
-0.317111998796463 | 2 | -1.0
-0.3184381127357483 | 2 | -1.0
-0.3202076256275177 | 2 | -1.0
-0.32240965962409973 | 2 | -1.0
-0.325030654668808 | 2 | -1.0
-0.32805436849594116 | 2 | -1.0
-0.33146196603775024 | 2 | -1.0
-0.335232138633728 | 2 | -1.0
[-0.51] | 2 | -1.0
-0.5046928524971008 | 2 | -1.0
-0.5029698014259338 | 2 | -1.0
-0.5004013776779175 | 2 | -1.0
-0.4970068037509918 | 2 | -1.0
-0.4928114712238312 | 2 | -1.0
-0.4878466725349426 | 2 | -1.0
-0.48214954137802124 | 2 | -1.0
-0.4757624566555023 | 2 | -1.0
-0.46873292326927185 | 2 | -1.0
-0.46111300587654114 | 2 | -1.0
-0.4529590308666229 | 2 | -1.0
-0.4443308711051941 | 2 | -1.0
-0.4352916479110718 | 2 | -1.0
-0.4259069859981537 | 2 | -1.0
-0.41624459624290466 | 2 | -1.0
-0.4063735008239746 | 2 | -1.0
-0.39636358618736267 | 2 | -1.0
-0.3862849175930023 | 2 | -1.0
-0.37620723247528076 | 2 | -1.0
-0.3661993145942688 | 2 | -1.0
-0.3563285171985626 | 2 | -1.0
-0.34666022658348083 | 2 | -1.0
-0.3372575640678406 | 2 | -1.0
-0.32818078994750977 | 2 | -1.0
-0.3194870948791504 | 2 | -1.0
-0.3112303912639618 | 2 | -1.0
-0.30346083641052246 | 2 | -1.0
-0.2962248921394348 | 2 | -1.0
-0.2895650863647461 | 2 | -1.0
-0.28351980447769165 | 2 | -1.0
-0.2781234383583069 | 2 | -1.0
-0.27340617775917053 | 2 | -1.0
-0.26939406991004944 | 2 | -1.0
-0.26610901951789856 | 2 | -1.0
-0.2635686993598938 | 2 | -1.0
-0.2617867588996887 | 2 | -1.0
-0.2607726454734802 | 2 | -1.0
-0.2605317533016205 | 2 | -1.0
-0.2610653340816498 | 2 | -1.0
-0.2623705565929413 | 2 | -1.0
-0.26444050669670105 | 2 | -1.0
-0.267264187335968 | 2 | -1.0
-0.27082639932632446 | 2 | -1.0
-0.27510786056518555 | 2 | -1.0
-0.28008511662483215 | 2 | -1.0
-0.2857305705547333 | 2 | -1.0
-0.29201242327690125 | 2 | -1.0
-0.2988947927951813 | 2 | -1.0
-0.3063376545906067 | 2 | -1.0
-0.31429702043533325 | 2 | -1.0
-0.3227250277996063 | 2 | -1.0
-0.3315700590610504 | 2 | -1.0
-0.3407769203186035 | 2 | -1.0
-0.3502872586250305 | 2 | -1.0
-0.3600396513938904 | 2 | -1.0
-0.36997008323669434 | 2 | -1.0
-0.3800123929977417 | 2 | -1.0
-0.39009857177734375 | 2 | -1.0
-0.40015947818756104 | 2 | -1.0
-0.41012516617774963 | 2 | -1.0
-0.4199255406856537 | 2 | -1.0
-0.4294910132884979 | 2 | -1.0
-0.4387529492378235 | 2 | -1.0
-0.44764435291290283 | 2 | -1.0
-0.4561005234718323 | 2 | -1.0
-0.4640594720840454 | 2 | -1.0
-0.471462607383728 | 2 | -1.0
-0.47825515270233154 | 2 | -1.0
-0.48438674211502075 | 2 | -1.0
-0.4898117482662201 | 2 | -1.0
-0.4944896996021271 | 2 | -1.0
-0.4983856976032257 | 2 | -1.0
-0.5014706254005432 | 2 | -1.0
-0.5037214159965515 | 2 | -1.0
-0.5051211714744568 | 2 | -1.0
-0.5056594014167786 | 2 | -1.0
-0.5053321719169617 | 2 | -1.0
-0.5041418671607971 | 2 | -1.0
-0.5020973682403564 | 2 | -1.0
-0.4992140233516693 | 2 | -1.0
-0.4955134093761444 | 2 | -1.0
-0.4910232126712799 | 2 | -1.0
-0.4857769310474396 | 2 | -1.0
-0.47981369495391846 | 2 | -1.0
-0.4731779098510742 | 2 | -1.0
-0.46591880917549133 | 2 | -1.0
-0.4580901861190796 | 2 | -1.0
-0.44974973797798157 | 2 | -1.0
-0.44095858931541443 | 2 | -1.0
-0.43178096413612366 | 2 | -1.0
-0.42228326201438904 | 2 | -1.0
-0.41253378987312317 | 2 | -1.0
-0.4026019871234894 | 2 | -1.0
-0.392557829618454 | 2 | -1.0
-0.38247138261795044 | 2 | -1.0
-0.3724120557308197 | 2 | -1.0
-0.36244815587997437 | 2 | -1.0
-0.3526463508605957 | 2 | -1.0
-0.34307119250297546 | 2 | -1.0
-0.3337847888469696 | 2 | -1.0
-0.3248462975025177 | 2 | -1.0
-0.31631165742874146 | 2 | -1.0
-0.3082334101200104 | 2 | -1.0
-0.30066031217575073 | 2 | -1.0
-0.29363739490509033 | 2 | -1.0
-0.2872055768966675 | 2 | -1.0
-0.2814018130302429 | 2 | -1.0
-0.27625882625579834 | 2 | -1.0
-0.2718053162097931 | 2 | -1.0
-0.2680656909942627 | 2 | -1.0
-0.26506030559539795 | 2 | -1.0
-0.262805312871933 | 2 | -1.0
-0.2613127529621124 | 2 | -1.0
-0.260590523481369 | 2 | -1.0
-0.26064246892929077 | 2 | -1.0
-0.2614682912826538 | 2 | -1.0
-0.2630636692047119 | 2 | -1.0
-0.2654200494289398 | 2 | -1.0
-0.2685249149799347 | 2 | -1.0
-0.27236151695251465 | 2 | -1.0
-0.2769090235233307 | 2 | -1.0
-0.2821423411369324 | 2 | -1.0
-0.28803232312202454 | 2 | -1.0
-0.29454565048217773 | 2 | -1.0
-0.30164480209350586 | 2 | -1.0
-0.3092883229255676 | 2 | -1.0
-0.31743067502975464 | 2 | -1.0
-0.32602259516716003 | 2 | -1.0
-0.3350110650062561 | 2 | -1.0
-0.3443396985530853 | 2 | -1.0
-0.3539488911628723 | 2 | -1.0
-0.36377623677253723 | 2 | -1.0
-0.37375685572624207 | 2 | -1.0
-0.38382381200790405 | 2 | -1.0
-0.39390864968299866 | 2 | -1.0
-0.4039417803287506 | 2 | -1.0
-0.4138531982898712 | 2 | -1.0
-0.42357292771339417 | 2 | -1.0
-0.4330316483974457 | 2 | -1.0
-0.4421612620353699 | 2 | -1.0
-0.45089563727378845 | 2 | -1.0
-0.459170937538147 | 2 | -1.0
-0.4669264853000641 | 2 | -1.0
-0.47410500049591064 | 2 | -1.0
-0.4806533455848694 | 2 | -1.0
-0.486522912979126 | 2 | -1.0
-0.49166998267173767 | 2 | -1.0
-0.49605613946914673 | 2 | -1.0
-0.4996486306190491 | 2 | -1.0
-0.5024206042289734 | 2 | -1.0
-0.5043513178825378 | 2 | -1.0
-0.505426287651062 | 2 | -1.0
-0.5056374669075012 | 2 | -1.0
-0.5049833059310913 | 2 | -1.0
-0.5034686923027039 | 2 | -1.0
-0.5011049509048462 | 2 | -1.0
-0.497909814119339 | 2 | -1.0
-0.4939071238040924 | 2 | -1.0
-0.4891268312931061 | 2 | -1.0
-0.48360463976860046 | 2 | -1.0
-0.4773816764354706 | 2 | -1.0
-0.4705042243003845 | 2 | -1.0
-0.46302330493927 | 2 | -1.0
-0.45499420166015625 | 2 | -1.0
-0.4464759826660156 | 2 | -1.0
-0.43753108382225037 | 2 | -1.0
-0.42822450399398804 | 2 | -1.0
-0.41862353682518005 | 2 | -1.0
-0.40879693627357483 | 2 | -1.0
-0.3988144099712372 | 2 | -1.0
-0.38874608278274536 | 2 | -1.0
-0.37866175174713135 | 2 | -1.0
-0.3686305582523346 | 2 | -1.0
-0.35872018337249756 | 2 | -1.0
-0.3489966094493866 | 2 | -1.0
-0.33952346444129944 | 2 | -1.0
-0.3303617835044861 | 2 | -1.0
-0.321569561958313 | 2 | -1.0
-0.3132014572620392 | 2 | -1.0
-0.30530864000320435 | 2 | -1.0
-0.2979384660720825 | 2 | -1.0
-0.29113441705703735 | 2 | -1.0
-0.2849358916282654 | 2 | -1.0
-0.2793782949447632 | 2 | -1.0
-0.2744928002357483 | 2 | -1.0
-0.2703065276145935 | 2 | -1.0
-0.2668423056602478 | 2 | -1.0
-0.26411890983581543 | 2 | -1.0
-0.26215094327926636 | 2 | -1.0
-0.26094886660575867 | 2 | -1.0
-0.2605190873146057 | 2 | -1.0
-0.2608638107776642 | 2 | -1.0
-0.2619812786579132 | 2 | -1.0
-0.26386556029319763 | 2 | -1.0
-0.2665066123008728 | 2 | -1.0
-0.26989027857780457 | 2 | -1.0
-0.27399829030036926 | 2 | -1.0
-0.27880823612213135 | 2 | -1.0
-0.28429344296455383 | 2 | -1.0
Total reward: -200.0
