3.5, 0.3, 0.9, 4.5, 2.5, -1.0, -2.0, -2.5, 3.2, -4.2, 0.2, 4.5, -5.5, 3.0, 4.5, -0.6, -5.0, -4.0, -1.5, 2.5, -2.5, -2.5, -1.0, -4.5, 2.2, -3.0, -0.5, 5.3, 1.8, 3.2, 6.0, 2.0, -4.0, 2.2, 5.5, 0.4
parameter ends

state | action | reward
[1.25] | [6.6  5.89 1.55] | 0.9583614253021618
1.2477790286326147 | [16.08  8.36 -4.08] | 0.6860415132109775
1.2466827496640462 | [7.16 5.44 2.  ] | 0.9379479877316376
1.2449672038782378 | [15.47  7.8  -3.82] | 0.7033472894670032
1.2426294884477578 | [6.87 5.   2.39] | 0.9373061739791252
1.2396670414504574 | [15.36  7.42 -3.35] | 0.7114093343438197
1.2360791087255518 | [6.87 4.64 2.89] | 0.9357142143675361
1.231864510410731 | [15.42  7.07 -2.84] | 0.7166061438581128
1.227023341544226 | [6.95 4.3  3.4 ] | 0.9337908129780969
1.2215549260700325 | [15.51  6.72 -2.33] | 0.7255655853513967
1.2156095619347422 | [6.   3.74 4.18] | 1.01130969096909
1.2106410378994454 | [10.55  5.19 -1.02] | 1.0038960876702587
1.206802809206109 | [0.38 2.1  5.82] | 1.155292163254067
1.2038150201026268 | [5.75 3.85 0.66] | 1.2435585627098964
1.2018094564231516 | [ 8.44  4.59 -2.65] | 1.2246078026801301
1.2006096387661218 | [0.55 2.48 3.15] | 1.3132820566528232
1.200185261158304 | [ 6.72  4.36 -2.26] | 1.2641347184126972
1.2004381685649375 | [0.59 2.97 2.69] | 1.306911750914089
1.2011292113332865 | [ 7.28  4.93 -2.89] | 1.236990356157913
1.2021187247476788 | [1.04 3.36 2.21] | 1.2945766297652064
1.203277688812319 | [ 8.13  5.32 -3.55] | 1.203695496978557
1.2045150593428229 | [1.59 3.61 1.79] | 1.2816954529067068
1.2057650072633186 | [ 8.96  5.66 -3.99] | 1.171739057941018
1.2069620710292 | [2.14 3.81 1.53] | 1.2693344418813988
1.2080733479938448 | [ 9.66  5.9  -4.27] | 1.1584414435036163
1.208883581388566 | [1.4  3.19 1.88] | 1.3012366010349845
1.2093122524438917 | [ 8.99  5.32 -3.83] | 1.2046191874292265
1.2094681268920577 | [1.43 3.03 2.06] | 1.3071797341411397
1.2094983950892546 | [ 8.96  5.14 -3.66] | 1.1928056722453182
1.209568106986729 | [2.73 3.63 1.56] | 1.2751504308591493
1.2096725549915868 | [10.17  5.7  -4.23] | 1.1399152154061087
1.2097727151281388 | [3.68 4.05 1.08] | 1.2522604972159928
1.2098768936819788 | [11.07  6.1  -4.72] | 1.1004927019909887
1.209944863902437 | [4.38 4.33 0.7 ] | 1.2280445333290093
1.209960841916773 | [ 9.53  5.69 -3.3 ] | 1.1197367158027114
1.2099602644156375 | [3.11 4.07 1.94] | 1.2128711571547977
1.2099645437761692 | [10.54  6.12 -3.87] | 1.0776101021934037
1.209940130142936 | [3.94 4.4  1.47] | 1.1964408450431405
1.209909068552266 | [11.3   6.43 -4.32] | 1.0634500334303882
1.2096129188309945 | [3.28 3.88 1.74] | 1.23184274311985
1.2091205535598388 | [10.55  5.91 -3.97] | 1.095568194686337
1.2087100302990166 | [4.2  4.34 1.28] | 1.2117423813314385
1.2083966101654366 | [11.37  6.33 -4.47] | 1.062835355235555
1.2081313880931792 | [4.76 4.61 0.89] | 1.2000280204178764
1.2079205370578276 | [11.03  6.32 -4.17] | 1.072354326249412
1.2076449283137618 | [3.9  4.3  1.45] | 1.2169807431832977
1.207362642433251 | [11.04  6.28 -4.28] | 1.083293845541028
1.2070400206782643 | [3.93 4.26 1.34] | 1.2293667229737277
1.2067277022275589 | [11.02  6.23 -4.38] | 1.090567065697757
1.2064680702702004 | [4.28 4.43 1.04] | 1.23069938651141
1.2062637433913146 | [11.35  6.38 -4.7 ] | 1.1012808891436663
1.205872864529401 | [3.08 3.71 1.55] | 1.2849444558026115
1.2053011939256646 | [10.14  5.67 -4.13] | 1.1603012572432647
1.204888838229694 | [3.84 4.12 1.04] | 1.2754617771685366
1.204623252677911 | [10.89  6.06 -4.7 ] | 1.1365407435358266
1.2044457706669158 | [4.32 4.35 0.6 ] | 1.2623994554879419
1.2043105973462405 | [ 8.43  5.4  -2.74] | 1.1808110124567575
1.204261001026682 | [2.25 3.89 2.29] | 1.2551921399815547
1.2042906852476487 | [ 9.61  5.9  -3.52] | 1.1425296008083579
1.2043490812514115 | [3.18 4.26 1.65] | 1.2456459090999565
1.204435294516498 | [10.55  6.27 -4.16] | 1.1123560619263941
1.2044992147013152 | [3.91 4.51 1.14] | 1.2405580302034775
1.2045544696387491 | [11.25  6.51 -4.66] | 1.1038437356187607
1.2043837450787531 | [3.19 3.94 1.38] | 1.2827600800021233
1.2039461755500647 | [10.5   5.95 -4.34] | 1.1479300037842548
1.2035631849064956 | [4.06 4.31 0.89] | 1.27007455314241
1.2032366851168947 | [10.44  6.03 -4.19] | 1.144121514260847
1.2029441366691602 | [3.94 4.35 1.02] | 1.2696877273737726
1.2027011078979564 | [11.18  6.32 -4.77] | 1.1348213323769831
1.2022942381536015 | [3.58 4.01 1.05] | 1.3026213678709526
1.2017768473418367 | [10.78  5.99 -4.69] | 1.1642369881988348
1.2013256894424038 | [4.3  4.32 0.52] | 1.2856781868495721
1.2009079913937746 | [ 7.94  5.2  -2.38] | 1.2133232847006887
1.200591735897441 | [1.97 3.79 2.46] | 1.2773160966683825
1.200370183738421 | [ 9.4   5.8  -3.37] | 1.1699319088452311
1.2001934740523121 | [3.16 4.25 1.61] | 1.2681050453320015
1.2000625517393289 | [10.58  6.26 -4.22] | 1.1343491381284236
1.199924013980656 | [4.09 4.57 0.93] | 1.2608036583933893
1.199786190514989 | [10.92  6.41 -4.44] | 1.1229998762626796
1.1996154058912951 | [4.31 4.65 0.78] | 1.2547508548208748
1.1994154414880192 | [10.05  6.16 -3.7 ] | 1.1410311605212495
1.199194859838742 | [3.58 4.48 1.42] | 1.2565284128859184
1.1989739942875655 | [11.01  6.49 -4.4 ] | 1.1155001340705102
1.1987069204634182 | [4.36 4.7  0.84] | 1.2524221587803932
1.198410435945301 | [10.56  6.35 -4.03] | 1.1402714101457794
1.197871085857088 | [3.17 4.13 1.61] | 1.2835646262273162
1.19726409344009 | [10.53  6.13 -4.17] | 1.1532668476483068
1.196696284211788 | [4.15 4.49 0.92] | 1.2788722727539816
1.1961803719115545 | [10.8   6.27 -4.37] | 1.1478124891092594
1.1956839957147254 | [4.31 4.58 0.75] | 1.276956089640266
1.1952086665029094 | [ 9.71  5.97 -3.53] | 1.1737108832231657
1.1947671298525453 | [3.4  4.37 1.46] | 1.283176487481173
1.1943715837303566 | [10.76  6.35 -4.37] | 1.1492776195361967
1.1939694381946662 | [4.23 4.62 0.76] | 1.2795861071648398
1.1935646600840686 | [ 9.78  6.06 -3.61] | 1.1739652393838145
1.1931676797292865 | [3.41 4.42 1.4 ] | 1.2865747800318021
1.1927931110247778 | [10.82  6.41 -4.43] | 1.1508818993590741
1.1923899503885007 | [4.25 4.65 0.71] | 1.2824373945221863
1.1919633555376756 | [ 9.49  6.   -3.38] | 1.1835460814267413
1.191538578739052 | [3.17 4.37 1.58] | 1.2892831236623166
1.1911297648753618 | [10.63  6.37 -4.25] | 1.1580038742180765
1.190688169865722 | [4.1  4.64 0.84] | 1.288374891779562
1.1902294994258276 | [10.32  6.27 -4.03] | 0.16939461378951887
Total reward: 118.9024636880614
