1.4, -1.6, 1.6, -1.0, 0.1, 0.7, 1.2, 1.9, -1.4, -0.4, 1.9, -0.9, -0.2, 0.3, -0.1, -0.4, -0.2, -1.6, -0.2, 1.0, -0.7, 0.5
parameter ends

state | action | reward
[1.] | [ 2.18 -2.49] | -11.261242973693248
0.9985511007005456 | [1.74 0.23] | -3.378489142038316
0.9979416688921934 | [0.78 0.97] | -1.8594657693288645
0.9688283785253641 | [-0.25  0.47] | -0.5937905525248945
0.8988681391939328 | [-0.23 -0.26] | -0.4280087398978079
0.8057950417777533 | [0.04 0.25] | -0.3751562605722032
0.6946418183763179 | [-0.14  0.28] | -0.4087647086917812
0.5698736533425166 | [-0.19  0.11] | -0.3514480934414629
0.44504139029839956 | [-0.13  0.17] | -0.3430420912643905
0.3254547654345759 | [-0.14  0.21] | -0.3522167255365536
0.2131317231219251 | [-0.15  0.19] | -0.3344178122634397
0.11165797040809347 | [-0.15  0.19] | -0.3207004699917697
0.0228396415220048 | [-0.15  0.2 ] | -0.3102746628699968
-0.05257359003415288 | [-0.18  0.18] | -0.2937221233625409
-0.11327149555514235 | [-0.2   0.15] | -0.2750575681274123
-0.1577668904352002 | [-0.23  0.11] | -0.25734830872407777
-0.18461331311060505 | [-0.25  0.05] | -0.2419910949834394
-0.19237075111732668 | [-0.26 -0.01] | -0.22950350951238704
-0.1799689258841562 | [-0.26 -0.07] | -0.21794404497502667
-0.1472137881504962 | [-0.24 -0.12] | -0.2041597189037447
-0.09519353462314264 | [-0.2  -0.15] | -0.18666056357499639
-0.026487487772937638 | [-0.15 -0.16] | -0.16741786959859567
0.054986286420613616 | [-0.1  -0.16] | -0.15016314583181495
0.14452355786969429 | [-0.06 -0.15] | -0.13733710699838197
0.23738040479731728 | [-0.02 -0.14] | -0.1290847134773601
0.3294208377685616 | [ 0.   -0.12] | -0.12422247812692915
0.4174849628267643 | [ 0.02 -0.11] | -0.12141668394151149
0.4994658594651814 | [ 0.03 -0.09] | -0.11972368278540678
0.5741873004146553 | [ 0.03 -0.08] | -0.11862307250801392
0.6411923913404506 | [ 0.03 -0.07] | -0.11787526732528025
0.7005234113636444 | [ 0.03 -0.06] | -0.1173856229492182
0.7525346359081826 | [ 0.03 -0.05] | -0.1171205780529404
0.797751289375568 | [ 0.03 -0.05] | -0.11706647553531616
0.8367720711929859 | [ 0.03 -0.04] | -0.11721298218259003
0.8702065685481046 | [ 0.02 -0.04] | -0.11754808685809483
0.8986380322495363 | [ 0.02 -0.03] | -0.11805760241768619
0.922603385403083 | [ 0.02 -0.03] | -0.11872598643610587
0.9425843051612932 | [ 0.01 -0.03] | -0.11953728314817105
0.9590050390206423 | [ 0.01 -0.02] | -0.12047583715371432
0.972234050935095 | [ 0.01 -0.02] | -0.12152674560995817
0.9825876288122101 | [ 0.01 -0.02] | -0.12267610977310235
0.9903342955748291 | [ 0.   -0.02] | -0.12391115388839918
0.995699334694775 | [ 0.   -0.01] | -0.12522026233824018
0.9988690401350969 | [-9.86e-05 -1.23e-02] | -0.12659296860747618
0.9999944853591566 | [-0.   -0.01] | -0.12801991669452367
0.9991947158527978 | [-0.   -0.01] | -0.129492807096062
0.9965593312200746 | [-0.01 -0.01] | -0.1310043346665427
0.9921504540955375 | [-0.01 -0.01] | -0.13254812321671197
0.9860040953421606 | [-0.01 -0.01] | -0.13411866064340996
0.9781309255203529 | [-0.01 -0.01] | -0.13571123817781677
[1.] | [ 2.35 -2.66] | -12.74386345618532
0.9998250841351121 | [1.91 0.07] | -3.797474456540318
0.9906698978172431 | [0.98 1.07] | -2.2457026941739175
0.9457584604303139 | [-0.26  0.78] | -0.7662960458693114
0.8527289924752876 | [-0.37 -0.4 ] | -0.368315108991101
0.7392551080566149 | [0.06 0.22] | -0.10465162566845672
0.6123446223845556 | [-0.14  0.35] | -0.20410576158327676
0.47324730452281 | [-0.23  0.09] | -0.14608740660594205
0.33813119897818994 | [-0.13  0.15] | -0.1524141044880663
0.2124265835311085 | [-0.13  0.22] | -0.20376478570697676
0.0960766592897417 | [-0.15  0.19] | -0.21931142022001482
-0.007905197150303186 | [-0.14  0.19] | -0.23779509949405686
-0.09808775083110738 | [-0.15  0.2 ] | -0.26267061799405766
-0.17446011025477612 | [-0.17  0.18] | -0.2788867607288414
-0.23615568902687395 | [-0.19  0.15] | -0.2898064880591797
-0.2819291879421907 | [-0.22  0.11] | -0.29866078768357524
-0.31056186061636376 | [-0.25  0.06] | -0.3057993538324217
-0.32072130585409786 | [-0.27 -0.01] | -0.31094079181732115
-0.311247664240503 | [-0.27 -0.07] | -0.3115510022407909
-0.2816486931799359 | [-0.25 -0.12] | -0.3042286740171669
-0.23252008160215576 | [-0.21 -0.15] | -0.28772993870996433
-0.1658506934070105 | [-0.16 -0.17] | -0.2650403173211949
-0.08504162269464992 | [-0.11 -0.16] | -0.24158510657269044
0.005491548333516759 | [-0.06 -0.15] | -0.2214923914961222
0.10100711001057101 | [-0.02 -0.14] | -0.2060427205809125
0.1971346575953013 | [ 0.   -0.12] | -0.194585413385234
0.2903531545359187 | [ 0.02 -0.1 ] | -0.18593399794346363
0.3781765977254975 | [ 0.03 -0.09] | -0.17912216340869197
0.4591032074816779 | [ 0.04 -0.08] | -0.17355357985145686
0.5324338045006513 | [ 0.04 -0.07] | -0.16889961663164754
0.5980522530410662 | [ 0.04 -0.06] | -0.16497274817428503
0.6562244478323151 | [ 0.04 -0.05] | -0.16164633731346675
0.7074393759025157 | [ 0.04 -0.05] | -0.1588177563731419
0.7522952100005541 | [ 0.03 -0.04] | -0.15639596337298142
0.7914238014613567 | [ 0.03 -0.04] | -0.15429930085068072
0.8254442206560495 | [ 0.03 -0.03] | -0.15245619143040795
0.8549366262730038 | [ 0.02 -0.03] | -0.15080582627570888
0.8804295454607881 | [ 0.02 -0.02] | -0.14929808715812026
0.9023955416529555 | [ 0.02 -0.02] | -0.14789277588974392
0.921251831146021 | [ 0.02 -0.02] | -0.146558432731648
0.9373635974073297 | [ 0.01 -0.02] | -0.1452709986281651
0.9510485860010525 | [ 0.01 -0.01] | -0.1440124951467642
0.9625821233264773 | [ 0.01 -0.01] | -0.1427698208743461
0.9722020666651092 | [ 0.01 -0.01] | -0.1415337081617892
0.9801134229546089 | [ 0.01 -0.01] | -0.14029784990247948
0.9864925144447553 | [ 0.01 -0.01] | -0.13905818733350933
0.9914906525012095 | [ 0.   -0.01] | -0.13781234099830164
0.9952373274872484 | [ 0.   -0.01] | -0.1365591640556845
0.9978429467571478 | [ 0.   -0.01] | -0.13529839747637531
0.9994011632966624 | [ 0.   -0.01] | -0.13403040863118684
[1.] | [ 2.04 -2.47] | -10.385552817410908
0.999999664588112 | [1.59 0.26] | -2.7495745393845903
0.9931368370395561 | [0.61 0.97] | -1.4625779668741175
0.9563394515834092 | [-0.3   0.28] | -0.3252297448472577
0.8848457513343515 | [-0.17 -0.22] | -0.24819412803535057
0.795885335174093 | [0.02 0.25] | -0.24586092682743352
0.6917893128027307 | [-0.15  0.22] | -0.26740407315763143
0.5773963700707915 | [-0.16  0.08] | -0.2435251629061817
0.46394358458691376 | [-0.11  0.15] | -0.2566152213135043
0.35476616536552324 | [-0.12  0.18] | -0.2790805852450765
0.25136878704972826 | [-0.12  0.16] | -0.28207119323386853
0.15654590866310755 | [-0.11  0.18] | -0.29106368511010866
0.07129276186812467 | [-0.11  0.19] | -0.3021749438466134
-0.004124595775054648 | [-0.12  0.19] | -0.30702341498342356
-0.06885134034566609 | [-0.14  0.18] | -0.3089040246183482
-0.12183277338294157 | [-0.16  0.17] | -0.3079911585346794
-0.16181524601972197 | [-0.19  0.13] | -0.30371321897626335
-0.18716345604556844 | [-0.22  0.09] | -0.2978996637208377
-0.19607881963929247 | [-0.24  0.03] | -0.2920944508145588
-0.18695885062513945 | [-0.25 -0.03] | -0.28582105098446264
-0.15880370547817838 | [-0.24 -0.09] | -0.27640439699452685
-0.11169860250631841 | [-0.22 -0.13] | -0.26121019487295866
-0.04720510644511202 | [-0.17 -0.16] | -0.24052896209284622
0.031569770919831805 | [-0.13 -0.16] | -0.21771059704117102
0.12033711945758098 | [-0.08 -0.16] | -0.1965956656878897
0.2143229778643256 | [-0.04 -0.14] | -0.17921855526532204
0.3090263438356183 | [-0.01 -0.13] | -0.16561939914573387
0.40076954247658086 | [ 0.01 -0.11] | -0.154918064796084
0.48693119264201634 | [ 0.02 -0.1 ] | -0.1462184251012712
0.5659128610503423 | [ 0.03 -0.09] | -0.13891936144145894
0.636956155559313 | [ 0.03 -0.08] | -0.1326814343274406
0.6999137774223547 | [ 0.03 -0.07] | -0.12731564183578786
0.7550377186334137 | [ 0.03 -0.06] | -0.12270026846428841
0.802811452630761 | [ 0.03 -0.05] | -0.11873782775994597
0.8438298693088975 | [ 0.03 -0.05] | -0.11533847051427261
0.878719898324663 | [ 0.02 -0.04] | -0.11241639425621132
0.9080918029248052 | [ 0.02 -0.04] | -0.10989085379028307
0.9325118328736228 | [ 0.02 -0.03] | -0.10768785339772335
0.9524888559807645 | [ 0.01 -0.03] | -0.10574125744514631
0.9684696298750698 | [ 0.01 -0.02] | -0.10399313068690293
0.9808390801068931 | [ 0.01 -0.02] | -0.10239345247962948
0.9899232142056231 | [ 0.   -0.02] | -0.10089943458426204
0.9959931809463098 | [ 0.   -0.02] | -0.09947464457276517
0.9992695709771473 | [-0.   -0.02] | -0.09808807115820463
0.9999264312433179 | [-0.   -0.01] | -0.09671321489400693
0.9980946980841573 | [-0.01 -0.01] | -0.09532725208383801
0.9938648914822765 | [-0.01 -0.01] | -0.09391029512628292
0.9872889889565603 | [-0.01 -0.01] | -0.09244475816181817
0.9783814342570966 | [-0.02 -0.01] | -0.09091483082748357
0.9671192479680318 | [-0.02 -0.01] | -0.08930606210385579
[1.] | [ 2.72 -2.8 ] | -15.524589557497567
0.9998613572268108 | [ 2.28 -0.08] | -5.488583508853594
0.9948617667051367 | [1.42 1.13] | -3.5735777689880224
0.9564380561694882 | [0.16 0.82] | -0.9137896896772091
0.8612804901824922 | [-0.32  0.08] | -0.28004551966355423
0.7257665903980564 | [-0.13  0.08] | -0.14945564096056052
0.5720383882405152 | [-0.13  0.32] | -0.19890462943966378
0.40800371216147624 | [-0.23  0.21] | -0.13421107940964108
0.24707225115470519 | [-0.21  0.17] | -0.08489889425819515
0.09965745427786235 | [-0.18  0.22] | -0.1315714370270638
-0.03175573781365107 | [-0.2   0.21] | -0.16970863606375938
-0.14532023410747524 | [-0.21  0.18] | -0.19620567041451295
-0.2394245129268161 | [-0.22  0.17] | -0.2232810828968041
-0.3136905464493297 | [-0.24  0.13] | -0.24738619022355018
-0.36775123492321726 | [-0.27  0.07] | -0.2678917214584513
-0.4009745211962462 | [-0.29  0.01] | -0.2856900214453638
-0.41288304151839655 | [-0.3  -0.06] | -0.2987021244247383
-0.40333519015741276 | [-0.28 -0.11] | -0.30223559202140887
-0.3727741927214893 | [-0.25 -0.15] | -0.29310823389537854
-0.32261625878614747 | [-0.2  -0.17] | -0.27386727555875323
-0.2554881750991525 | [-0.14 -0.17] | -0.2510911465814819
-0.1751331411955328 | [-0.09 -0.16] | -0.2307589014113759
-0.08598422462553158 | [-0.05 -0.14] | -0.2156193328592639
0.007446045321349404 | [-0.01 -0.12] | -0.20552972564930616
0.10113427351659895 | [ 0.02 -0.11] | -0.19909290912016095
0.191905559724462 | [ 0.03 -0.09] | -0.194912490825064
0.2775468103939508 | [ 0.04 -0.08] | -0.19203834908259818
0.3567332686592235 | [ 0.05 -0.07] | -0.1899362773621618
0.4288563513079772 | [ 0.05 -0.06] | -0.18833182445448057
0.4938263939631826 | [ 0.05 -0.05] | -0.18708159132812946
0.5518948107184714 | [ 0.04 -0.05] | -0.1860993567539413
0.6035138987293771 | [ 0.04 -0.04] | -0.18532234242474524
0.6492359618233006 | [ 0.04 -0.04] | -0.1846989933408048
0.6896458673935695 | [ 0.03 -0.03] | -0.18418574714219374
0.7253190505293045 | [ 0.03 -0.03] | -0.18374651136323764
0.7567974871324153 | [ 0.03 -0.02] | -0.18335248125766898
0.7845776496631934 | [ 0.03 -0.02] | -0.1829816674006607
0.8091060660078898 | [ 0.02 -0.02] | -0.18261810019992467
0.8307794500877518 | [ 0.02 -0.02] | -0.18225085677397027
0.8499473913266316 | [ 0.02 -0.01] | -0.18187306318002358
0.8669163173950409 | [ 0.02 -0.01] | -0.18148097010093425
0.8819539400338087 | [ 0.02 -0.01] | -0.18107314983036296
0.8952937191626724 | [ 0.01 -0.01] | -0.18064983058252312
0.9071390891482011 | [ 0.01 -0.01] | -0.180212364417801
0.9176673214310611 | [ 0.01 -0.01] | -0.17976281441777892
0.92703297629761 | [ 0.01 -0.01] | -0.17930364292883824
0.9353709420325911 | [ 0.01 -0.01] | -0.1788374825421182
0.9427990844146702 | [ 0.01 -0.  ] | -0.1783669729680302
0.9494205414655985 | [ 0.01 -0.  ] | -0.17789464921994783
0.9553257026746137 | [ 0.01 -0.  ] | -0.17742286897982348
[1.] | [ 2.65 -3.04] | -16.603996986949234
0.9993164247226397 | [ 2.21 -0.31] | -5.327281448985759
0.9967141134784004 | [1.43 1.26] | -3.943232015200026
0.9621738727606962 | [0.13 0.9 ] | -1.125954531628664
0.8719874409068905 | [-0.37 -0.06] | -0.40750889963478354
0.7432299337717824 | [-0.1   0.03] | -0.24136486680085212
0.5967944217211721 | [-0.12  0.31] | -0.30429876497558117
0.43810318244554813 | [-0.23  0.15] | -0.2352116056965344
0.28116999773863965 | [-0.18  0.12] | -0.16741201994633118
0.1358619600465959 | [-0.14  0.19] | -0.14177506892412162
0.003316701605195371 | [-0.15  0.19] | -0.10736839229984564
-0.11506724263786798 | [-0.14  0.18] | -0.07013070444384706
-0.21827013212605031 | [-0.13  0.19] | -0.07444451940553479
-0.30683072421539803 | [-0.14  0.19] | -0.10466119509355487
-0.3810016512508095 | [-0.16  0.17] | -0.1314266452924221
-0.44045657240271435 | [-0.19  0.14] | -0.15630185600832075
-0.48470284192231844 | [-0.22  0.1 ] | -0.17941584729632765
-0.5130004078825103 | [-0.25  0.05] | -0.20113695491065164
-0.5243907220774132 | [-0.27 -0.01] | -0.2204788371833037
-0.5179374115845553 | [-0.27 -0.07] | -0.23390640247969177
-0.49299504661648547 | [-0.26 -0.12] | -0.23719737071742875
-0.4495583159117186 | [-0.22 -0.15] | -0.22914347219534592
-0.38866125068722424 | [-0.17 -0.16] | -0.21345481912519249
-0.3126185131983162 | [-0.12 -0.16] | -0.1962797150153639
-0.22492328962160743 | [-0.07 -0.15] | -0.1823127721859174
-0.12979350744246287 | [-0.03 -0.13] | -0.1731633584242423
-0.0315401782287107 | [ 0.   -0.11] | -0.16817245507373232
0.06600613067066989 | [ 0.03 -0.1 ] | -0.16591222594841998
0.15985092957005012 | [ 0.04 -0.09] | -0.16514135675341216
0.2479432116286463 | [ 0.05 -0.07] | -0.16507818598671864
0.3290969508556812 | [ 0.05 -0.07] | -0.16531967759794133
0.4028169603894516 | [ 0.05 -0.06] | -0.16568495608601608
0.4691029794662412 | [ 0.05 -0.05] | -0.1660980598874556
0.5282751159717951 | [ 0.05 -0.04] | -0.16652437841836973
0.5808375254199708 | [ 0.04 -0.04] | -0.16694327253384755
0.6273812582025106 | [ 0.04 -0.03] | -0.1673389087220991
0.6685200197050802 | [ 0.04 -0.03] | -0.16769832585086997
0.7048507248345534 | [ 0.03 -0.03] | -0.16801156719737326
0.7369314120929401 | [ 0.03 -0.02] | -0.1682719602919654
0.7652706421244178 | [ 0.03 -0.02] | -0.1684760567307888
0.7903241115885256 | [ 0.02 -0.02] | -0.16862325290647578
0.8124955475298498 | [ 0.02 -0.02] | -0.16871523717886155
0.8321399490791871 | [ 0.02 -0.01] | -0.16875539440071077
0.8495679507708088 | [ 0.02 -0.01] | -0.16874825087954987
0.8650505603408357 | [ 0.02 -0.01] | -0.16869900124248668
0.8788238373166107 | [ 0.01 -0.01] | -0.16861313069840456
0.8910932784392914 | [ 0.01 -0.01] | -0.16849612972414632
0.9020377996240473 | [ 0.01 -0.01] | -0.16835329004975272
0.9118132781474236 | [ 0.01 -0.01] | -0.16818956792699374
0.9205556610382452 | [ 0.01 -0.  ] | -0.16800950063925735
[1.] | [ 2.74 -2.69] | -14.996728565289809
0.9993507738136337 | [2.3  0.04] | -5.562847426885599
0.9881599313788513 | [1.4  1.08] | -3.3808892889522157
0.9397836090342628 | [0.14 0.81] | -0.8824120808619392
0.8339876366654463 | [-0.33  0.09] | -0.2851095258607611
0.6909994778939487 | [-0.15  0.1 ] | -0.1577194180431327
0.5333512006907044 | [-0.14  0.33] | -0.20893488024861656
0.3686461521619593 | [-0.24  0.22] | -0.15034067247727903
0.20965004517802385 | [-0.22  0.18] | -0.10321390178248782
0.06609290887009144 | [-0.2   0.22] | -0.13518078760676924
-0.05976735544682449 | [-0.22  0.2 ] | -0.16810699667353174
-0.16618385983694564 | [-0.23  0.17] | -0.1910704255206646
-0.2515383832286375 | [-0.25  0.14] | -0.2142017542193354
-0.31533907879783113 | [-0.28  0.08] | -0.2360640777810475
-0.35720208307714546 | [-0.3   0.02] | -0.2553599360182896
-0.37666108405504417 | [-0.3  -0.05] | -0.2698027297699077
-0.3736306768827422 | [-0.29 -0.11] | -0.27540440039821873
-0.34867515856283116 | [-0.26 -0.15] | -0.2687623825969734
-0.3032769546700388 | [-0.21 -0.17] | -0.2510499258548996
-0.24008986680598826 | [-0.15 -0.17] | -0.22854036061076866
-0.16289213032167874 | [-0.1  -0.16] | -0.20784685561121685
-0.07617357360269593 | [-0.05 -0.15] | -0.19228646964160484
0.015470972201216586 | [-0.02 -0.13] | -0.18199243221937894
0.10791262367847795 | [ 0.01 -0.11] | -0.17561934607224255
0.19786134816360795 | [ 0.03 -0.1 ] | -0.17169846571512712
0.2829949541014091 | [ 0.04 -0.08] | -0.1691827466745525
0.36189523016083347 | [ 0.04 -0.07] | -0.16746655239398614
0.43387932641953664 | [ 0.05 -0.06] | -0.16623475863047743
0.49880215882431006 | [ 0.04 -0.05] | -0.16532450649668548
0.5568758887307376 | [ 0.04 -0.05] | -0.16464256561781074
0.6085261707336939 | [ 0.04 -0.04] | -0.16412591812781502
0.6542879372468511 | [ 0.04 -0.04] | -0.16372597495278285
0.6947352284751704 | [ 0.03 -0.03] | -0.1634033354998108
0.7304371051899607 | [ 0.03 -0.03] | -0.1631263186863966
0.7619321037904717 | [ 0.03 -0.02] | -0.16287035259332888
0.78971513967268 | [ 0.03 -0.02] | -0.1626172993889649
0.8142323539583722 | [ 0.02 -0.02] | -0.16235458868397132
0.8358807709061875 | [ 0.02 -0.02] | -0.1620742447866471
0.8550106805134546 | [ 0.02 -0.01] | -0.16177191675783167
0.8719294066539768 | [ 0.02 -0.01] | -0.1614459929305075
0.8869056319539023 | [ 0.02 -0.01] | -0.1610968417165716
0.9001737890275562 | [ 0.01 -0.01] | -0.16072618953123374
0.9119382449193705 | [ 0.01 -0.01] | -0.16033662935810042
0.9223771414733848 | [ 0.01 -0.01] | -0.15993124491074204
0.9316458369542946 | [ 0.01 -0.01] | -0.15951333195886583
0.9398799424029617 | [ 0.01 -0.01] | -0.15908619841471408
0.9471979726280587 | [ 0.01 -0.  ] | -0.1586530265546998
0.9537036448042243 | [ 0.01 -0.  ] | -0.15821678312473658
0.9594878627062032 | [ 0.01 -0.  ] | -0.15778016553908422
0.964630425036847 | [ 0.01 -0.  ] | -0.15734557468774912
[1.] | [ 2.52 -2.96] | -15.368189633464763
0.999365411458047 | [ 2.08 -0.23] | -4.634458435667898
0.9966065629375213 | [1.26 1.22] | -3.3246947165783567
0.9618232606893707 | [-0.02  0.87] | -0.9749922109960982
0.8743471136647679 | [-0.38 -0.22] | -0.3684656623414432
0.7546927062425757 | [-0.03  0.09] | -0.146913823410636
0.6183387023978799 | [-0.12  0.32] | -0.22194343195700836
0.46868601613814553 | [-0.23  0.11] | -0.13651350232456488
0.3209170736670375 | [-0.16  0.12] | -0.0833272375921662
0.1832422174871704 | [-0.13  0.19] | -0.09428847265352654
0.056210744715377244 | [-0.15  0.17] | -0.10760219829939219
-0.05810535311711067 | [-0.13  0.17] | -0.12679791817139185
-0.15863788186036132 | [-0.12  0.19] | -0.15693986946886535
-0.24597228144542288 | [-0.13  0.19] | -0.18303035906233261
-0.3201579497112031 | [-0.15  0.18] | -0.2044405347844134
-0.38072575046698665 | [-0.17  0.16] | -0.22365108799773498
-0.42706958544841334 | [-0.2   0.12] | -0.23991580330703705
-0.45824801067643983 | [-0.24  0.07] | -0.2541218203980035
-0.4730485724320275 | [-0.26  0.01] | -0.26673842280946297
-0.4702630575451193 | [-0.27 -0.05] | -0.2756585114398545
-0.448957415071868 | [-0.26 -0.1 ] | -0.2768091302854673
-0.40883293796872827 | [-0.23 -0.14] | -0.26744847239936376
-0.3506527054941917 | [-0.19 -0.16] | -0.24933588203906656
-0.2765269641267187 | [-0.13 -0.16] | -0.22785202894894374
-0.18986200830877714 | [-0.08 -0.15] | -0.20830894078988355
-0.09492891828020145 | [-0.04 -0.14] | -0.1933487799770206
0.003794827730536701 | [-0.   -0.12] | -0.18298803915183087
0.10225716242768866 | [ 0.02 -0.11] | -0.1760281756958621
0.1972444216804811 | [ 0.04 -0.09] | -0.17122046418966044
0.286525507872204 | [ 0.04 -0.08] | -0.1677066453695441
0.3687870357750584 | [ 0.05 -0.07] | -0.16500473657204287
0.44345643735963675 | [ 0.05 -0.06] | -0.1628655583974309
0.5104954167259752 | [ 0.05 -0.05] | -0.16115305112539632
0.5702132521262872 | [ 0.04 -0.05] | -0.15977769676572978
0.6231200732450997 | [ 0.04 -0.04] | -0.1586682732910482
0.6698220142444414 | [ 0.04 -0.04] | -0.15776311194531095
0.7109518303741982 | [ 0.03 -0.03] | -0.15700876198115887
0.7471263044187709 | [ 0.03 -0.03] | -0.15636037141459208
0.7789224071234687 | [ 0.03 -0.03] | -0.1557818202434794
0.806865841764277 | [ 0.03 -0.02] | -0.15524523694418477
0.8314273485874919 | [ 0.02 -0.02] | -0.15473004547048316
0.8530235969074792 | [ 0.02 -0.02] | -0.15422178933693026
0.8720205811371167 | [ 0.02 -0.01] | -0.15371093129479219
0.8887382049128336 | [ 0.02 -0.01] | -0.15319174715080264
0.9034552553047496 | [ 0.02 -0.01] | -0.1526613694322189
0.9164143066422233 | [ 0.01 -0.01] | -0.15211899692218314
0.9278263076226952 | [ 0.01 -0.01] | -0.15156526308810309
0.9378747373029326 | [ 0.01 -0.01] | -0.15100174512105877
0.9467192939595493 | [ 0.01 -0.01] | -0.150430591531468
0.9544991252148967 | [ 0.01 -0.01] | -0.14985424644805095
[1.] | [ 2.35 -2.45] | -11.826578450344023
0.9923879114757199 | [1.9  0.28] | -3.982875869194655
0.970961364744445 | [0.9  0.98] | -2.0562558405479607
0.9079943358380322 | [-0.27  0.67] | -0.8097223537146535
0.7998518103833792 | [-0.35 -0.31] | -0.48660239638491365
0.6774857648433414 | [0.02 0.23] | -0.31569125545461957
0.5465411236223995 | [-0.15  0.33] | -0.3825641881454209
0.40841661220368425 | [-0.22  0.12] | -0.29968955187513413
0.277300447893649 | [-0.14  0.17] | -0.27296112684558965
0.15754366255926755 | [-0.14  0.23] | -0.2799166774932192
0.04904919812606393 | [-0.17  0.19] | -0.2565644763694374
-0.04553435262521717 | [-0.17  0.18] | -0.23590098578000354
-0.12467719904151463 | [-0.18  0.18] | -0.2211698610947768
-0.18787559922766084 | [-0.21  0.14] | -0.20338921613154787
-0.23391962483772585 | [-0.24  0.1 ] | -0.18607776316649413
-0.26137278056685403 | [-0.26  0.04] | -0.17221014169839785
-0.26906542409373263 | [-0.27 -0.02] | -0.16122595504674983
-0.2561934039042687 | [-0.27 -0.08] | -0.14944368120178225
-0.22272145999501802 | [-0.24 -0.13] | -0.13306382622612842
-0.16985999710751304 | [-0.2  -0.16] | -0.11211788795305613
-0.10026287370665547 | [-0.15 -0.17] | -0.09055439345325889
-0.017854050598435835 | [-0.1  -0.16] | -0.07321429909886644
0.07270035920915917 | [-0.05 -0.15] | -0.06248484083011718
0.16670536117128237 | [-0.02 -0.13] | -0.05763838980762083
0.26006368420438736 | [ 0.01 -0.12] | -0.056579028788607225
0.3496343481471104 | [ 0.02 -0.1 ] | -0.05742920515120792
0.43331059850216863 | [ 0.03 -0.09] | -0.059016961507253475
0.5099052302484639 | [ 0.04 -0.08] | -0.060758405434600746
0.5789469301632381 | [ 0.04 -0.07] | -0.062421272235226935
0.6404650500632796 | [ 0.04 -0.06] | -0.06394555178585849
0.694804941430949 | [ 0.04 -0.05] | -0.06534051611264424
0.7424878148228556 | [ 0.03 -0.05] | -0.0666356136136507
0.78411318343917 | [ 0.03 -0.04] | -0.06786117515716517
0.8202957560860108 | [ 0.03 -0.03] | -0.06904263301510997
0.851627621508114 | [ 0.02 -0.03] | -0.07019980634948192
0.8786577466333304 | [ 0.02 -0.03] | -0.07134774484677356
0.9018826856114756 | [ 0.02 -0.02] | -0.07249780898609333
0.9217441814476306 | [ 0.02 -0.02] | -0.07365854905687177
0.938630749605352 | [ 0.01 -0.02] | -0.07483633574761749
0.9528813588824517 | [ 0.01 -0.02] | -0.07603581102387949
0.9647900378026787 | [ 0.01 -0.01] | -0.07726022332773103
0.9746107078688143 | [ 0.01 -0.01] | -0.07851169214163062
0.9825618486894158 | [ 0.01 -0.01] | -0.07979143134423154
0.9888307903447533 | [ 0.01 -0.01] | -0.0810999462009665
0.9935775438872465 | [ 0.   -0.01] | -0.08243720960809862
0.9969381480015813 | [ 0.   -0.01] | -0.08380281936176105
0.9990275466874395 | [ 0.   -0.01] | -0.08519613674150339
0.9999420310611741 | [ 0.   -0.01] | -0.08661640637253427
0.9997612854005176 | [-0.   -0.01] | -0.08806285777962247
0.9985500780941913 | [-0.   -0.01] | -0.08953478970014102
[1.] | [ 2.22 -2.52] | -11.440477269666362
0.9994706734861509 | [1.77 0.21] | -3.3574940114094254
0.9886933185632631 | [0.8 1. ] | -1.8199349767966997
0.9436031879826767 | [-0.28  0.51] | -0.5084355981412592
0.8571623734606321 | [-0.27 -0.29] | -0.3211495715834132
0.7525888014996162 | [0.03 0.24] | -0.22813315917206425
0.6343052296955091 | [-0.15  0.29] | -0.276840016623359
0.505699416317379 | [-0.2  0.1] | -0.22612019586898874
0.3802573086661616 | [-0.12  0.17] | -0.22546613842203556
0.26224232079210286 | [-0.13  0.21] | -0.24949543015422637
0.1524671745108999 | [-0.14  0.18] | -0.24718288099476327
0.05384542210396116 | [-0.14  0.19] | -0.2501647520624811
-0.032297900182101234 | [-0.14  0.2 ] | -0.2575834403669765
-0.10560713537571259 | [-0.16  0.18] | -0.2583685676555109
-0.1649992119903944 | [-0.19  0.16] | -0.2559235448884827
-0.20910205011441696 | [-0.21  0.12] | -0.25257186960896766
-0.23650859664547616 | [-0.24  0.07] | -0.24889070835654364
-0.2457104936898011 | [-0.26  0.  ] | -0.24514861341914274
-0.2354337986049143 | [-0.26 -0.06] | -0.23938496614174395
-0.20513817935820108 | [-0.25 -0.11] | -0.2282519646192907
-0.15545050788527442 | [-0.21 -0.15] | -0.2098900449686095
-0.08846115011593811 | [-0.16 -0.16] | -0.18629550667638134
-0.007698885248983623 | [-0.11 -0.16] | -0.16205905754633126
0.08231879684584772 | [-0.07 -0.15] | -0.1409537912132074
0.17680855258860673 | [-0.03 -0.14] | -0.12425551725044909
0.2714254689663646 | [-0.   -0.12] | -0.11141232542381
0.3627235798182168 | [ 0.02 -0.11] | -0.10132651120442501
0.4483133621361461 | [ 0.03 -0.09] | -0.09309303979695116
0.5267866061058352 | [ 0.04 -0.08] | -0.08615573383146764
0.5975207852302403 | [ 0.04 -0.07] | -0.08021244270317046
0.6604548150474493 | [ 0.04 -0.06] | -0.07509354454232059
0.7158891113473725 | [ 0.04 -0.06] | -0.0706841335395492
0.7643303201824179 | [ 0.03 -0.05] | -0.0668878517515876
0.806381626451996 | [ 0.03 -0.04] | -0.06361485622836899
0.8426709709863183 | [ 0.03 -0.04] | -0.060780337008611435
0.8738074825172623 | [ 0.02 -0.03] | -0.05830619713622722
0.9003574131776099 | [ 0.02 -0.03] | -0.056122768874051376
0.9228327926598763 | [ 0.02 -0.03] | -0.05416966472001341
0.9416879378903702 | [ 0.01 -0.02] | -0.052395759361330625
0.9573205237611719 | [ 0.01 -0.02] | -0.05075855836698595
0.9700750765180562 | [ 0.01 -0.02] | -0.049223227796359535
0.9802475539063532 | [ 0.01 -0.02] | -0.04776149671904342
0.988090211061803 | [ 0.01 -0.01] | -0.046350569250763855
0.9938162956961983 | [ 0.   -0.01] | -0.044972122725324276
0.9976043312490216 | [ 0.   -0.01] | -0.04361142791754707
0.9996018766202132 | [-0.   -0.01] | -0.04225660157773807
0.9999287261940373 | [-0.   -0.01] | -0.0408979870491052
0.9986795543182719 | [-0.   -0.01] | -0.03952765194312985
0.9959260274211249 | [-0.01 -0.01] | -0.03813898978602578
0.9917184129389719 | [-0.01 -0.01] | -0.03672641337941502
[1.] | [ 2.23 -2.29] | -10.344533453721949
0.9997864540708319 | [1.79 0.44] | -3.516208136206226
0.9903992418865216 | [0.76 0.88] | -1.4539246187505508
0.9480089491845749 | [-0.22  0.55] | -0.46340139312251816
0.8645462797084498 | [-0.26 -0.21] | -0.23718007659999463
0.7608509331239628 | [0.01 0.25] | -0.20541986024746642
0.642926219429329 | [-0.14  0.31] | -0.2823296500797815
0.5145305283649536 | [-0.2   0.14] | -0.24580686598666218
0.38887418178066707 | [-0.15  0.19] | -0.2610990229106055
0.27150022058250417 | [-0.16  0.23] | -0.2959418935948318
0.16432485110329467 | [-0.18  0.2 ] | -0.3030424894808481
0.07093668537824573 | [-0.19  0.18] | -0.3089986577216397
-0.006336118613300594 | [-0.21  0.17] | -0.31572559464212985
-0.06617323915329336 | [-0.24  0.12] | -0.3172195070805566
-0.10690873128136384 | [-0.26  0.07] | -0.31602376263328524
-0.1269759598826121 | [-0.28  0.  ] | -0.31383870314233664
-0.12540568650985573 | [-0.28 -0.06] | -0.30917590372621995
-0.10205604915667796 | [-0.26 -0.12] | -0.2982341187983448
-0.05801903007354175 | [-0.22 -0.15] | -0.2791258964295821
0.00408985903516262 | [-0.17 -0.17] | -0.25448598998072025
0.08027286721702802 | [-0.12 -0.17] | -0.22926503918593177
0.16569744970643221 | [-0.07 -0.16] | -0.20734559543279257
0.2554421039149127 | [-0.03 -0.14] | -0.19004880992166495
0.34516883085526084 | [-0.01 -0.13] | -0.1768065688570133
0.43152276809652435 | [ 0.01 -0.11] | -0.16648273965675314
0.512228223642593 | [ 0.02 -0.1 ] | -0.15813953774650555
0.5859734257999127 | [ 0.03 -0.08] | -0.15118763160808413
0.6521988616639086 | [ 0.03 -0.07] | -0.14528818025887055
0.7108724126233854 | [ 0.03 -0.06] | -0.14023757353281494
0.7622957939855285 | [ 0.03 -0.06] | -0.13589457994271859
0.8069575466572504 | [ 0.03 -0.05] | -0.13214460446888665
0.8454307535516452 | [ 0.03 -0.04] | -0.12888614562867182
0.8783068006390671 | [ 0.02 -0.04] | -0.1260276136088355
0.906155518269523 | [ 0.02 -0.03] | -0.123487394320425
0.9295033611278916 | [ 0.02 -0.03] | -0.12119421370239161
0.9488232335539302 | [ 0.01 -0.03] | -0.11908705697284834
0.9645314382862143 | [ 0.01 -0.02] | -0.11711457256081492
0.9769887143468571 | [ 0.01 -0.02] | -0.11523409519396254
0.9865034008043752 | [ 0.01 -0.02] | -0.11341049031317584
0.9933355016418801 | [ 0.   -0.02] | -0.11161497677099921
0.9977009172391182 | [ 0.   -0.01] | -0.10982401723825386
0.9997754204296505 | [-0.   -0.01] | -0.10801832515978094
0.9996981481251636 | [-0.   -0.01] | -0.10618201076376906
0.9975744945012998 | [-0.01 -0.01] | -0.10430186997125367
0.9934783560211461 | [-0.01 -0.01] | -0.10236681154413384
0.9874537106207864 | [-0.01 -0.01] | -0.10036741629244064
0.9795155252608339 | [-0.01 -0.01] | -0.09829562421309486
0.9696499852806753 | [-0.02 -0.01] | -0.0961445507609955
0.9578140303205308 | [-0.02 -0.01] | -0.09390844223022644
0.9439341679934762 | [-0.02 -0.01] | -0.09158279277105819
[1.] | [ 2.32 -2.34] | -11.093860233514782
0.9939614146459085 | [1.88 0.4 ] | -3.9362814885638255
0.9741003529615445 | [0.84 0.92] | -1.800390295257329
0.9144917995112206 | [-0.24  0.65] | -0.7364881729823141
0.8112151229055712 | [-0.32 -0.26] | -0.41964909940407635
0.6924418861967274 | [0.01 0.23] | -0.2984013936169439
0.5643416758214108 | [-0.15  0.33] | -0.3684885124750211
0.4289351616949483 | [-0.22  0.14] | -0.29523330046251195
0.29989501818493447 | [-0.15  0.19] | -0.2768426789079239
0.18208284252360088 | [-0.16  0.23] | -0.28764284132241913
0.07611163695429475 | [-0.18  0.19] | -0.27013470190218825
-0.015055589516346966 | [-0.19  0.18] | -0.2533146394070646
-0.08948204045406917 | [-0.21  0.16] | -0.2411107631553865
-0.14624884021617043 | [-0.24  0.11] | -0.22723264694184936
-0.18395266270044738 | [-0.26  0.06] | -0.2140571936534634
-0.20118100327923724 | [-0.28 -0.01] | -0.20295352921463855
-0.19707486055164752 | [-0.28 -0.07] | -0.1918937661583642
-0.1715382014675522 | [-0.25 -0.12] | -0.1765662216001807
-0.12562866889522925 | [-0.21 -0.15] | -0.15500404429171788
-0.061865388911995334 | [-0.16 -0.17] | -0.1300102822845585
0.015882038634178263 | [-0.11 -0.17] | -0.10639894597158657
0.1029055809042467 | [-0.07 -0.15] | -0.08757043559741323
0.1943728267158487 | [-0.03 -0.14] | -0.07430669273521293
0.2859860409789158 | [-0.   -0.12] | -0.06560504316190746
0.3743891881494105 | [ 0.02 -0.11] | -0.06001063399672276
0.45728147701674476 | [ 0.03 -0.09] | -0.056360716654710735
0.5333187369574346 | [ 0.03 -0.08] | -0.05392000782115622
0.6019126592673556 | [ 0.04 -0.07] | -0.05227015480704704
0.6630110273135964 | [ 0.04 -0.06] | -0.051179573631603976
0.7169052365882866 | [ 0.03 -0.05] | -0.05051516367273859
0.7640822891678348 | [ 0.03 -0.05] | -0.050192942056916774
0.8051207963297949 | [ 0.03 -0.04] | -0.050153739389174674
0.8406230348340359 | [ 0.03 -0.04] | -0.05035232872532219
0.8711736985621172 | [ 0.02 -0.03] | -0.05075252703766894
0.8973170855290016 | [ 0.02 -0.03] | -0.05132468558804236
0.9195463006598126 | [ 0.02 -0.02] | -0.05204420338700736
0.9382998892203123 | [ 0.01 -0.02] | -0.05289050724618282
0.9539628031855306 | [ 0.01 -0.02] | -0.05384626395984941
0.9668696852811994 | [ 0.01 -0.02] | -0.05489675804882286
0.977309208082204 | [ 0.01 -0.01] | -0.056029411318475754
0.9855287100744746 | [ 0.01 -0.01] | -0.057233417333832845
0.9917386953299914 | [ 0.   -0.01] | -0.058499466460064826
0.9961169665478485 | [ 0.   -0.01] | -0.05981954115525379
0.998812284880611 | [ 0.   -0.01] | -0.061186762976493225
0.9999475220180017 | [-0.   -0.01] | -0.06259527606946487
0.9996223093331403 | [-0.   -0.01] | -0.06404015616558742
0.9979152080803861 | [-0.   -0.01] | -0.0655173375178909
0.9948854315641634 | [-0.01 -0.01] | -0.06702355286833152
0.9905741498216911 | [-0.01 -0.01] | -0.06855628372186287
0.9850054027497924 | [-0.01 -0.01] | -0.07011371982713523
[1.] | [ 2.71 -2.71] | -15.008086033619884
0.998283541328781 | [2.28 0.01] | -5.48641063170463
0.9982373906701789 | [1.41 1.08] | -3.4104340321857762
0.9678826251778445 | [0.17 0.76] | -0.8407904491756093
0.8818171401534305 | [-0.28  0.12] | -0.2810442641478743
0.7525957222315984 | [-0.13  0.11] | -0.17758547206910086
0.6013721358656372 | [-0.14  0.33] | -0.23149045276723987
0.43784160023683477 | [-0.24  0.23] | -0.17862960885124463
0.27609601987094323 | [-0.22  0.19] | -0.12595455247155551
0.12745327368847106 | [-0.2   0.22] | -0.1334664480094117
-0.00430351408289502 | [-0.22  0.21] | -0.15762414827403576
-0.11659751826693668 | [-0.24  0.17] | -0.17744864657603418
-0.20739177826926758 | [-0.26  0.14] | -0.19873541377008802
-0.2759604371119909 | [-0.28  0.09] | -0.21935766349718105
-0.3218362430558121 | [-0.3   0.02] | -0.2378477152446623
-0.34456273650497576 | [-0.31 -0.05] | -0.2519522814650517
-0.3441137851505257 | [-0.3  -0.11] | -0.25757540479765045
-0.3211546266203927 | [-0.26 -0.15] | -0.2510874050745942
-0.2773006445311005 | [-0.21 -0.17] | -0.23345110092201132
-0.21534889419371983 | [-0.16 -0.17] | -0.21086567009073448
-0.13920757680978732 | [-0.1  -0.16] | -0.19002903018472783
-0.053464825921860915 | [-0.06 -0.15] | -0.17436636880229037
0.037226247477404786 | [-0.02 -0.13] | -0.16405341781288738
0.12871467705910725 | [ 0.01 -0.11] | -0.15773782096523828
0.21771262060245344 | [ 0.03 -0.1 ] | -0.15392846380686073
0.30191145538856046 | [ 0.04 -0.08] | -0.1515553736261299
0.37990854642357524 | [ 0.04 -0.07] | -0.1499937218994014
0.45103357964769286 | [ 0.04 -0.06] | -0.14891429583797927
0.5151492252613783 | [ 0.04 -0.06] | -0.14814523925161513
0.572470816695855 | [ 0.04 -0.05] | -0.1475885212797242
0.6234236171293148 | [ 0.04 -0.04] | -0.1471793502640056
0.6685397604847817 | [ 0.04 -0.04] | -0.146869334964391
0.7083890752847287 | [ 0.03 -0.03] | -0.1466204197618765
0.7435357437777292 | [ 0.03 -0.03] | -0.14640282791693432
0.7745132656237986 | [ 0.03 -0.02] | -0.1461940728661761
0.801811678982818 | [ 0.02 -0.02] | -0.1459780617617318
0.8258725871701201 | [ 0.02 -0.02] | -0.14574411043700686
0.8470889027114127 | [ 0.02 -0.02] | -0.14548591692059026
0.8658072566168626 | [ 0.02 -0.01] | -0.14520057698946534
0.8823317569995173 | [ 0.02 -0.01] | -0.14488770600770218
0.8969282843197081 | [ 0.01 -0.01] | -0.14454869789553126
0.9098288432064731 | [ 0.01 -0.01] | -0.14418612575458287
0.921235704133103 | [ 0.01 -0.01] | -0.14380327406927154
0.9313252015100304 | [ 0.01 -0.01] | -0.14340378545144833
0.9402511356423162 | [ 0.01 -0.01] | -0.14299140255162554
0.948147773070112 | [ 0.01 -0.01] | -0.14256978638820042
0.9551324655703393 | [ 0.01 -0.  ] | -0.14214239443784793
0.9613079207749511 | [ 0.01 -0.  ] | -0.14171240436908122
0.9667641622007412 | [ 0.01 -0.  ] | -0.14128267184178733
0.9715802168064057 | [ 0.01 -0.  ] | -0.14085571312529557
[1.] | [ 2.57 -2.88] | -15.25946037551142
0.9976872234553037 | [ 2.13 -0.15] | -4.8552881173216536
0.9827197603660824 | [1.27 1.2 ] | -3.338423044856794
0.9282607876758581 | [-0.03  0.9 ] | -1.0722384144765194
0.8194458472314219 | [-0.41 -0.2 ] | -0.4406757991077678
0.6840671588815701 | [-0.05  0.09] | -0.2102770706749227
0.5385897864317026 | [-0.13  0.33] | -0.2914830493606349
0.3848417089112564 | [-0.24  0.13] | -0.20773680676188355
0.23682126817824872 | [-0.16  0.13] | -0.14858862021482128
0.10163689352156119 | [-0.13  0.2 ] | -0.13798744944462693
-0.021212674096406956 | [-0.15  0.18] | -0.11228215365132098
-0.13036240137164537 | [-0.14  0.18] | -0.09437577731537625
-0.22494187336510582 | [-0.13  0.19] | -0.10212075453591438
-0.3054685257496385 | [-0.15  0.18] | -0.11851072862973401
-0.3718577540468668 | [-0.18  0.16] | -0.13575681982710264
-0.4234572202629791 | [-0.2   0.13] | -0.1536665761994045
-0.45949810065152485 | [-0.23  0.08] | -0.17133560589315258
-0.4789882567442047 | [-0.26  0.02] | -0.1882496749022144
-0.4808166157558164 | [-0.27 -0.04] | -0.20208084445212726
-0.46407998084977675 | [-0.26 -0.09] | -0.20868461157200108
-0.4284295697455796 | [-0.24 -0.13] | -0.20484230992159205
-0.37446109349611 | [-0.19 -0.16] | -0.19149645921939062
-0.30403983378014465 | [-0.14 -0.16] | -0.1737749098395489
-0.2203333725710017 | [-0.09 -0.15] | -0.1573549471296718
-0.12745731956731773 | [-0.05 -0.14] | -0.14534948348091054
-0.02985779152769568 | [-0.01 -0.12] | -0.138030708170035
0.068327306105962 | [ 0.02 -0.11] | -0.13420312115137442
0.1637231110277272 | [ 0.03 -0.09] | -0.1324854380037624
0.25391158154667337 | [ 0.04 -0.08] | -0.13187704764026012
0.33740407750993634 | [ 0.05 -0.07] | -0.1318042089016898
0.4134842552262427 | [ 0.05 -0.06] | -0.1319817664516861
0.48200699479657294 | [ 0.05 -0.06] | -0.1322770973262254
0.5432086030229789 | [ 0.05 -0.05] | -0.13262602475649338
0.5975533928309705 | [ 0.04 -0.04] | -0.13299209163770878
0.6456216670188148 | [ 0.04 -0.04] | -0.1333503258233875
0.6880341368987208 | [ 0.04 -0.03] | -0.13368198854035088
0.725404521925672 | [ 0.03 -0.03] | -0.1339732454102457
0.7583122356665841 | [ 0.03 -0.03] | -0.1342147842717341
0.7872885453120348 | [ 0.03 -0.02] | -0.13440140996361466
0.8128113049356118 | [ 0.02 -0.02] | -0.1345314463098705
0.8353048528255154 | [ 0.02 -0.02] | -0.13460601881220982
0.8551428065182554 | [ 0.02 -0.01] | -0.1346283246381212
0.8726523064518762 | [ 0.02 -0.01] | -0.1346029667681129
0.8881188170568277 | [ 0.02 -0.01] | -0.1345353915911669
0.9017909618886465 | [ 0.01 -0.01] | -0.13443144121635406
0.9138851048208875 | [ 0.01 -0.01] | -0.13429701507346242
0.9245895358168458 | [ 0.01 -0.01] | -0.13413782706806854
0.9340682080780117 | [ 0.01 -0.01] | -0.13395924162900547
0.9424640243307797 | [ 0.01 -0.01] | -0.13376617216528952
0.949901697580584 | [ 0.01 -0.  ] | -0.13356302715314416
[1.] | [ 2.04 -2.15] | -9.103013685608007
0.9998158945880891 | [1.6  0.58] | -3.2347362567106464
0.9905899763045237 | [0.52 0.81] | -1.2683407993160045
0.9514268265266942 | [-0.23  0.31] | -0.5129091660892109
0.8792611551426829 | [-0.16 -0.11] | -0.41332505544800047
0.7893740228321006 | [-0.    0.25] | -0.4453350117196033
0.6853043806305988 | [-0.14  0.25] | -0.46561644176580763
0.57197758372312 | [-0.16  0.14] | -0.43114400641036793
0.45973691071621675 | [-0.13  0.19] | -0.43410078221680254
0.3528705906542468 | [-0.14  0.22] | -0.439980649484444
0.25381921177338485 | [-0.16  0.19] | -0.42603334481803884
0.16596410665136072 | [-0.17  0.19] | -0.41294810478349636
0.09146474355797587 | [-0.19  0.18] | -0.3992904319467808
0.03187800408203306 | [-0.21  0.14] | -0.38136137539246767
-0.01091891114508005 | [-0.24  0.1 ] | -0.3629955535242725
-0.03512091362979861 | [-0.26  0.04] | -0.34709176585248114
-0.03933047571142477 | [-0.27 -0.02] | -0.3340707629193678
-0.022810024543436846 | [-0.26 -0.08] | -0.3216196505024602
0.014054832945905012 | [-0.23 -0.13] | -0.30672971268704463
0.06938175655943885 | [-0.19 -0.16] | -0.28872828410066903
0.13978174659109843 | [-0.14 -0.17] | -0.26985330479263514
0.22076293791846838 | [-0.09 -0.16] | -0.25325405357263797
0.30743353497706716 | [-0.05 -0.15] | -0.24067461942781265
0.3952427777834135 | [-0.02 -0.13] | -0.2319754242446001
0.4805007929618333 | [ 3.51e-05 -1.18e-01] | -0.22610361252433062
0.5605811298944581 | [ 0.01 -0.1 ] | -0.22202056674679813
0.6338686015864305 | [ 0.02 -0.09] | -0.21903425365923546
0.6995705321564456 | [ 0.03 -0.08] | -0.21676598478626488
0.7574898617195077 | [ 0.03 -0.07] | -0.21502933338451655
0.8078183153513837 | [ 0.02 -0.06] | -0.21373342934294326
0.8509735847804981 | [ 0.02 -0.05] | -0.21282671513815798
0.8874829880509587 | [ 0.02 -0.05] | -0.21227040530796742
0.9179062865948291 | [ 0.02 -0.04] | -0.2120286150304583
0.9427878837009599 | [ 0.01 -0.04] | -0.21206583840067966
0.962629444310419 | [ 0.01 -0.03] | -0.21234697722861148
0.9778758538545268 | [ 0.01 -0.03] | -0.21283802886686798
0.988909394337403 | [ 0.   -0.03] | -0.21350673669228307
0.9960486392256221 | [-0.   -0.02] | -0.2143229863272115
0.9995497645691753 | [-0.   -0.02] | -0.215258963289813
0.9996088049889181 | [-0.01 -0.02] | -0.21628914668875396
0.9963639357267338 | [-0.01 -0.02] | -0.21739020057807026
0.9898972128230746 | [-0.01 -0.02] | -0.2185408135409329
0.9802354168256583 | [-0.02 -0.01] | -0.2197215297110689
0.967349768130597 | [-0.02 -0.01] | -0.22091460762041412
0.9511543466496651 | [-0.03 -0.01] | -0.22210394369384176
0.9315030786101974 | [-0.03 -0.01] | -0.22327510566324923
0.9081851672412207 | [-0.04 -0.01] | -0.2244155362432585
0.8809188586666891 | [-0.04 -0.01] | -0.2255150107001494
0.8493434692541778 | [-0.05 -0.01] | -0.22656646507352332
0.8130096839763039 | [-0.06 -0.01] | -0.22756735424233857
[1.] | [ 2.13 -2.08] | -9.097928627604274
0.9999829571929132 | [1.7  0.65] | -3.5544038718464313
0.9923332138566161 | [0.59 0.77] | -1.2168015430433392
0.9545811281421228 | [-0.19  0.44] | -0.5191074675078418
0.880668220416555 | [-0.2  -0.11] | -0.3564212068260462
0.7866787455361048 | [-0.01  0.25] | -0.3771552418348899
0.6780434799212938 | [-0.14  0.29] | -0.42170085763187487
0.5594730452379387 | [-0.19  0.17] | -0.3826126815465854
0.4424594340133307 | [-0.15  0.21] | -0.3840391850841006
0.3326402742033457 | [-0.17  0.23] | -0.39383043512245186
0.2329670493325932 | [-0.2   0.19] | -0.3815234850823913
0.14738047998832032 | [-0.21  0.17] | -0.3673291602604113
0.07866214753704437 | [-0.24  0.14] | -0.3537727010900098
0.02866879952297992 | [-0.26  0.09] | -0.33887025956333816
-0.0007740167649322091 | [-0.28  0.02] | -0.32463652597830794
-0.008332468565901394 | [-0.28 -0.04] | -0.3113949850570292
0.006322959573140697 | [-0.27 -0.1 ] | -0.29683514470870964
0.04224491275672218 | [-0.23 -0.14] | -0.2779972530649586
0.0969737584822345 | [-0.18 -0.17] | -0.2551889394564214
0.16660594223590258 | [-0.13 -0.17] | -0.23207557414491395
0.24631165411494865 | [-0.09 -0.16] | -0.2122699306464774
0.33109553235860084 | [-0.05 -0.15] | -0.19720091813381474
0.41649427640797254 | [-0.02 -0.13] | -0.18639177697340462
0.4990063893551709 | [ 0.   -0.12] | -0.17864898715342029
0.5762140388514931 | [ 0.01 -0.1 ] | -0.17290375572026948
0.6466808878134264 | [ 0.02 -0.09] | -0.16846069593498023
0.7097434328980462 | [ 0.02 -0.08] | -0.16493086102508125
0.7652845799805633 | [ 0.03 -0.07] | -0.16210519746169827
0.8135366272750958 | [ 0.02 -0.06] | -0.15986352697789608
0.8549302003201241 | [ 0.02 -0.05] | -0.15812476578857224
0.889988249090885 | [ 0.02 -0.05] | -0.15682371146365573
0.919256747124051 | [ 0.02 -0.04] | -0.1559020972989239
0.943262348731062 | [ 0.01 -0.04] | -0.15530604116072402
0.962488532852943 | [ 0.01 -0.03] | -0.15498567302064875
0.9773637144471471 | [ 0.01 -0.03] | -0.15489526839672266
0.9882566675995509 | [ 0.   -0.02] | -0.15499336292862048
0.9954761101334979 | [-0.   -0.02] | -0.15524269212463268
0.9992723940580056 | [-0.   -0.02] | -0.15560996085273654
0.9998399964979945 | [-0.01 -0.02] | -0.15606550840790556
0.9973200015823309 | [-0.01 -0.02] | -0.1565829257807738
0.9918020780092194 | [-0.01 -0.01] | -0.15713866498320173
0.9833256471132402 | [-0.02 -0.01] | -0.15771167321493662
0.9718800448211484 | [-0.02 -0.01] | -0.1582830794513367
0.957403536880324 | [-0.02 -0.01] | -0.15883595968151784
0.9397810703493834 | [-0.03 -0.01] | -0.15935521264177901
0.9188406505625917 | [-0.03 -0.01] | -0.15982758948134432
0.8943482342153746 | [-0.04 -0.01] | -0.16024193876993975
0.8660010393424674 | [-0.04 -0.01] | -0.1605897545446627
0.8334192098844697 | [-0.05 -0.01] | -0.16086615068650328
0.7961358640396894 | [-0.06 -0.01] | -0.16107142889760018
[1.] | [ 2.49 -2.9 ] | -14.854914861300522
0.9971431883785193 | [ 2.04 -0.16] | -4.442818814479462
0.9813233193728749 | [1.19 1.21] | -3.080558750465365
0.9255512006401662 | [-0.12  0.91] | -1.027268017114821
0.8174810389553602 | [-0.44 -0.32] | -0.43574818076711386
0.6875623557966104 | [-0.01  0.1 ] | -0.11832993504840582
0.5486254554344757 | [-0.13  0.33] | -0.2001601647604854
0.4007269849996093 | [-0.24  0.09] | -0.10693107043881547
0.2587876676803573 | [-0.14  0.11] | -0.06429907935777567
0.12885006971424856 | [-0.12  0.19] | -0.10014262906727546
0.009670054567650344 | [-0.14  0.17] | -0.12055063002998646
-0.09717347327420585 | [-0.12  0.17] | -0.14233359809341334
-0.1909769812248947 | [-0.11  0.19] | -0.17411060978863233
-0.2725837459285265 | [-0.12  0.19] | -0.2000401088200474
-0.342039793484125 | [-0.14  0.18] | -0.22105074753698248
-0.39881888295080264 | [-0.16  0.16] | -0.23993143804023304
-0.4422670147777376 | [-0.2   0.13] | -0.2555835073704313
-0.47136434346203354 | [-0.23  0.08] | -0.26899506966447934
-0.48479948622318125 | [-0.25  0.02] | -0.28087710962021667
-0.4812518939233494 | [-0.27 -0.04] | -0.28940556188492716
-0.45964873385201327 | [-0.26 -0.09] | -0.2906533836987689
-0.4195221724944163 | [-0.23 -0.13] | -0.28168686689952416
-0.3614479316252279 | [-0.19 -0.16] | -0.2638583068066909
-0.2873570161052559 | [-0.14 -0.16] | -0.24226227084190757
-0.20051967264820394 | [-0.09 -0.15] | -0.22223258022519302
-0.10514075178004625 | [-0.04 -0.14] | -0.20661145823777938
-0.00570388956140983 | [-0.01 -0.12] | -0.19558462278270936
0.09368052598555854 | [ 0.02 -0.11] | -0.1880221739386327
0.1897173695361913 | [ 0.03 -0.09] | -0.18268083673327715
0.2800954013875362 | [ 0.04 -0.08] | -0.1786907447618552
0.36343653832315104 | [ 0.05 -0.07] | -0.1755613370113146
0.4391234933572129 | [ 0.05 -0.06] | -0.17304008879927305
0.5070917094029125 | [ 0.05 -0.06] | -0.17098977772333226
0.5676385547829352 | [ 0.05 -0.05] | -0.16931940642439
0.6212721480298694 | [ 0.04 -0.04] | -0.1679550419897433
0.6686027503286749 | [ 0.04 -0.04] | -0.1668311880179174
0.7102705988501212 | [ 0.03 -0.03] | -0.1658899354342591
0.7469014329338645 | [ 0.03 -0.03] | -0.16508182313507588
0.779081478000571 | [ 0.03 -0.03] | -0.16436631613444103
0.807345310870941 | [ 0.03 -0.02] | -0.16371152535875585
0.8321718138238468 | [ 0.02 -0.02] | -0.16309334735062136
0.8539849221369269 | [ 0.02 -0.02] | -0.16249430706287654
0.8731569971242114 | [ 0.02 -0.01] | -0.16190233304873652
0.8900134540147897 | [ 0.02 -0.01] | -0.16130960496547683
0.9048378125135857 | [ 0.02 -0.01] | -0.1607115424024103
0.9178766891341952 | [ 0.01 -0.01] | -0.16010595889284474
0.929344473338421 | [ 0.01 -0.01] | -0.1594923783479947
0.9394275669534898 | [ 0.01 -0.01] | -0.1588714975450283
0.9482881480436609 | [ 0.01 -0.01] | -0.1582447732093827
0.9560674667450627 | [ 0.01 -0.01] | -0.15761411172535386
[1.] | [ 2.14 -2.11] | -9.114278810394097
0.9995774061674294 | [1.71 0.61] | -3.3901527356948296
0.9960379811061247 | [0.62 0.78] | -1.1096179971397022
0.9640687387941471 | [-0.18  0.45] | -0.38050472366148524
0.8949589408706892 | [-0.2  -0.12] | -0.22312825747050294
0.8037486746389804 | [0.   0.26] | -0.25972664355714753
0.6961323349588585 | [-0.14  0.3 ] | -0.32336113027433444
0.5769921993229371 | [-0.19  0.17] | -0.30078978391005395
0.45827126608380664 | [-0.15  0.21] | -0.32127960499643593
0.3460533086627184 | [-0.17  0.23] | -0.35045038325364597
0.24359378839258436 | [-0.2  0.2] | -0.35572157850524905
0.15509510771400298 | [-0.21  0.17] | -0.35788389129065507
0.08349516381942498 | [-0.24  0.14] | -0.35899908541789227
0.030727716123602058 | [-0.26  0.09] | -0.35630873905444366
-0.0013190433209487613 | [-0.28  0.03] | -0.3515845600201938
-0.01125161551087126 | [-0.28 -0.04] | -0.34510306337405017
0.0013226153839965109 | [-0.27 -0.1 ] | -0.3345655674209309
0.035526675983402645 | [-0.24 -0.14] | -0.317081257160837
0.0889625747525338 | [-0.19 -0.17] | -0.2932684526407421
0.1577556933963556 | [-0.14 -0.17] | -0.2674383442884216
0.23705814964130792 | [-0.09 -0.16] | -0.2439779152073896
0.3218129679376379 | [-0.05 -0.15] | -0.2249459053965038
0.4074697857917473 | [-0.02 -0.13] | -0.21024179469802864
0.490436318679293 | [ 0.   -0.12] | -0.19884438203521126
0.5682159212209827 | [ 0.01 -0.1 ] | -0.18974240416401322
0.639312363770367 | [ 0.02 -0.09] | -0.18224215494453375
0.7030215167708396 | [ 0.03 -0.08] | -0.17592849239945277
0.7592018329700178 | [ 0.03 -0.07] | -0.17055181942839626
0.8080731836367193 | [ 0.02 -0.06] | -0.16594520549003822
0.8500619525983382 | [ 0.02 -0.05] | -0.1619800576301581
0.8856920330551877 | [ 0.02 -0.05] | -0.1585464578015516
0.915513410875787 | [ 0.02 -0.04] | -0.1555463112749683
0.9400584401512453 | [ 0.01 -0.04] | -0.15289176197788912
0.9598171518980589 | [ 0.01 -0.03] | -0.1505049619830861
0.9752249091938988 | [ 0.01 -0.03] | -0.14831782107044905
0.9866576243378208 | [ 0.   -0.02] | -0.1462714536320427
0.9944312988307351 | [ 0.   -0.02] | -0.14431533318612041
0.9988037726647897 | [-0.   -0.02] | -0.14240626855626387
0.9999773419640139 | [-0.01 -0.02] | -0.14050733599123363
0.9981014154105606 | [-0.01 -0.02] | -0.1385868611254797
0.9932747046236653 | [-0.01 -0.01] | -0.13661750813827164
0.9855466406446605 | [-0.02 -0.01] | -0.13457551626390635
0.9749178217277804 | [-0.02 -0.01] | -0.13244011479209966
0.9613393563866813 | [-0.02 -0.01] | -0.13019314773798224
0.9447109905044249 | [-0.03 -0.01] | -0.12781895147279249
0.9248779131023571 | [-0.03 -0.01] | -0.12530455218989403
0.9016261339291363 | [-0.04 -0.01] | -0.12264028739246681
0.8746763293003947 | [-0.04 -0.01] | -0.1198210126419119
0.8436760759171412 | [-0.05 -0.01] | -0.11684814011329159
0.8081904587119022 | [-0.05 -0.01] | -0.11373288197953903
[1.] | [ 2.22 -2.11] | -9.654848654821555
0.9957558957457697 | [1.78 0.62] | -3.846962426431094
0.977993528402927 | [0.67 0.8 ] | -1.3773711671165416
0.9241335893959374 | [-0.21  0.55] | -0.6335206645420667
0.83166023648835 | [-0.26 -0.15] | -0.39207143794824095
0.7228402792443962 | [-0.01  0.24] | -0.3590291504781892
0.6036857661777948 | [-0.15  0.31] | -0.41757831051516403
0.4775167818237691 | [-0.21  0.16] | -0.36320247638646996
0.35639391975619245 | [-0.16  0.2 ] | -0.3529387849229951
0.24553217120991555 | [-0.18  0.23] | -0.35965755112649134
0.1467646088713015 | [-0.2   0.19] | -0.3428201114369838
0.06348511595108505 | [-0.22  0.16] | -0.32420832568449437
-0.0018610828959192735 | [-0.24  0.13] | -0.3082104759704135
-0.047792212759266366 | [-0.27  0.07] | -0.2925306631301324
-0.07275963992190433 | [-0.28  0.01] | -0.27824572976748235
-0.07563779137680904 | [-0.28 -0.06] | -0.2647803456263405
-0.05631395382171156 | [-0.26 -0.11] | -0.24949322457354195
-0.015948607781666277 | [-0.22 -0.15] | -0.22976123438499202
0.04282351229381717 | [-0.18 -0.17] | -0.20669284497486973
0.11598731963843756 | [-0.12 -0.17] | -0.18444685460855045
0.19868486561192183 | [-0.08 -0.16] | -0.16639317057932934
0.2859732015566653 | [-0.04 -0.14] | -0.15339744855271054
0.37349261299365155 | [-0.01 -0.13] | -0.1445803195155216
0.4578609898598922 | [ 0.01 -0.11] | -0.1385932772371894
0.536771586137244 | [ 0.02 -0.1 ] | -0.13435083627842787
0.6088801858507934 | [ 0.03 -0.08] | -0.13118717154967394
0.6735947340860925 | [ 0.03 -0.07] | -0.1287501661308037
0.7308518664284328 | [ 0.03 -0.06] | -0.12686346462121384
0.7809244724873105 | [ 0.03 -0.06] | -0.125433900009655
0.8242750541010201 | [ 0.03 -0.05] | -0.12440305598894492
0.8614533318813995 | [ 0.02 -0.04] | -0.123725469357751
0.8930296938448785 | [ 0.02 -0.04] | -0.12336042125406307
0.9195548887165009 | [ 0.02 -0.03] | -0.12326971372672021
0.9415376895048512 | [ 0.01 -0.03] | -0.12341749370440445
0.9594342002197157 | [ 0.01 -0.03] | -0.12377053039284164
0.9736443027344539 | [ 0.01 -0.02] | -0.12429846213016173
0.9845122076967967 | [ 0.01 -0.02] | -0.12497388751684434
0.9923291418528347 | [ 0.   -0.02] | -0.12577230369519965
0.9973369368198629 | [ 1.47e-05 -1.63e-02] | -0.1266719442040559
0.9997317700298977 | [-0.   -0.01] | -0.12765356321536514
0.9996676195917543 | [-0.   -0.01] | -0.12870019590384982
0.9972591862997358 | [-0.01 -0.01] | -0.1297969153990947
0.9925841488922582 | [-0.01 -0.01] | -0.13093060017372268
0.9856846806378162 | [-0.01 -0.01] | -0.13208972073375883
0.9765681845756201 | [-0.02 -0.01] | -0.1332641527864373
0.9652072132906753 | [-0.02 -0.01] | -0.13444502467194291
0.9515385347331448 | [-0.02 -0.01] | -0.13562460894974157
0.9354612934274374 | [-0.02 -0.01] | -0.13679627208135237
0.9168342002579337 | [-0.03 -0.01] | -0.1379545026415465
0.8954716673472903 | [-0.03 -0.01] | -0.13909504797039665
[1.] | [ 2.63 -2.89] | -15.596904026928863
0.9999863303114056 | [ 2.19 -0.17] | -5.1034156512639015
0.9924027705432426 | [1.35 1.19] | -3.501488150516085
0.9497922193406061 | [0.07 0.87] | -0.9726970479427198
0.8517931068858681 | [-0.37 -0.08] | -0.31268592739993195
0.7193043865463936 | [-0.09  0.07] | -0.14129789206142856
0.5716572728353444 | [-0.12  0.32] | -0.20475710055164092
0.41363367805597046 | [-0.23  0.16] | -0.1249122323487026
0.25909914660681027 | [-0.18  0.14] | -0.06475432163949235
0.1169379151908025 | [-0.15  0.21] | -0.10216509863126289
-0.011905644815196657 | [-0.16  0.2 ] | -0.13586236255412262
-0.12583315029868297 | [-0.16  0.19] | -0.16251682476862261
-0.22364862933582536 | [-0.16  0.19] | -0.1940953143987944
-0.30551739677217454 | [-0.18  0.18] | -0.2208802729607846
-0.3712530991227592 | [-0.21  0.14] | -0.24201403208752476
-0.42016728297469513 | [-0.23  0.1 ] | -0.2607487801661358
-0.4514938118679954 | [-0.26  0.04] | -0.2778967901662234
-0.46437888055976345 | [-0.28 -0.02] | -0.29218127782948183
-0.4580170609955664 | [-0.28 -0.08] | -0.2997260834865276
-0.432016779816333 | [-0.26 -0.13] | -0.29662475198021393
-0.38679292869432685 | [-0.22 -0.15] | -0.28247074549047574
-0.32390979564605216 | [-0.17 -0.16] | -0.2615281032400663
-0.24622273443235973 | [-0.11 -0.16] | -0.24006708643900423
-0.15765685136933597 | [-0.06 -0.15] | -0.22249344909336607
-0.06266087636371162 | [-0.02 -0.13] | -0.21001331087663502
0.03444205834171457 | [ 0.01 -0.11] | -0.20176650664736936
0.12997483153377737 | [ 0.03 -0.1 ] | -0.19634728748057317
0.22118017378912605 | [ 0.04 -0.09] | -0.19262014683356923
0.30625586965899726 | [ 0.05 -0.07] | -0.18988936869440956
0.3842308504194539 | [ 0.05 -0.07] | -0.1877880234938535
0.45477239775343975 | [ 0.05 -0.06] | -0.1861303239602262
0.5179899104958521 | [ 0.05 -0.05] | -0.1848119763411287
0.574269021211512 | [ 0.04 -0.04] | -0.18376072069544913
0.624146454074045 | [ 0.04 -0.04] | -0.18291733363680376
0.6682232201055615 | [ 0.04 -0.03] | -0.1822304143365222
0.7071086339705684 | [ 0.03 -0.03] | -0.18165585514584726
0.7413868804037604 | [ 0.03 -0.03] | -0.18115717436226328
0.7715990317056782 | [ 0.03 -0.02] | -0.18070547926779984
0.7982351016805646 | [ 0.02 -0.02] | -0.1802788956742963
0.8217322850841513 | [ 0.02 -0.02] | -0.1798616474543707
0.8424767791533686 | [ 0.02 -0.02] | -0.1794429997321422
0.8608074981638633 | [ 0.02 -0.01] | -0.17901621626730033
0.8770206250582798 | [ 0.02 -0.01] | -0.17857761756858442
0.891374366689081 | [ 0.01 -0.01] | -0.1781257784515783
0.9040935533134706 | [ 0.01 -0.01] | -0.17766087227787195
0.915373895650028 | [ 0.01 -0.01] | -0.17718415197194504
0.9253858182765708 | [ 0.01 -0.01] | -0.17669755038213583
0.9342778503152067 | [ 0.01 -0.01] | -0.17620338031384855
0.9421795890971468 | [ 0.01 -0.  ] | -0.17570411520477205
0.9492042702253933 | [ 0.01 -0.  ] | -0.175202233497
[1.] | [ 2.17 -2.57] | -11.592528046237435
0.9983724226120765 | [1.73 0.15] | -3.279285584585967
0.9981417147281089 | [0.79 1.01] | -1.931370391064903
0.9694960444160258 | [-0.27  0.47] | -0.5719933556427528
0.8999302872600017 | [-0.24 -0.29] | -0.41745866406766075
0.8076253733594857 | [0.05 0.25] | -0.34043735994669116
0.6973210984490011 | [-0.14  0.27] | -0.3728393616720868
0.5732467246325398 | [-0.19  0.09] | -0.31719392373515776
0.4491168841000734 | [-0.12  0.16] | -0.3079727169650095
0.32994040079962883 | [-0.13  0.2 ] | -0.3191952253286722
0.21739171706564528 | [-0.14  0.17] | -0.30387433059447977
0.11486975383631244 | [-0.13  0.18] | -0.2940301994281215
0.023844382478836787 | [-0.13  0.2 ] | -0.2887043681017385
-0.05533562507982052 | [-0.15  0.19] | -0.2769734461800246
-0.1216955773932526 | [-0.17  0.17] | -0.2627017660997748
-0.17403503286964805 | [-0.19  0.15] | -0.2478925972124667
-0.21106629101762445 | [-0.22  0.1 ] | -0.2330427291160935
-0.2312445191873593 | [-0.25  0.05] | -0.22000011674328912
-0.2330297479419463 | [-0.26 -0.01] | -0.2090926700809354
-0.21532136336874907 | [-0.26 -0.07] | -0.19804624902162982
-0.1778879270938831 | [-0.23 -0.12] | -0.18355872642934085
-0.12178623067610898 | [-0.19 -0.15] | -0.1646335543770838
-0.049583549123613554 | [-0.14 -0.16] | -0.14391785786050815
0.03481890778316889 | [-0.1  -0.16] | -0.12537520797085572
0.1267563610838534 | [-0.05 -0.15] | -0.11139578048533036
0.22154652570950245 | [-0.02 -0.13] | -0.10206911997116454
0.31512920553968904 | [ 0.01 -0.12] | -0.0962097242084535
0.40442429675175645 | [ 0.02 -0.1 ] | -0.09250770605225257
0.48739947125622346 | [ 0.03 -0.09] | -0.0900402381422332
0.5629424553323965 | [ 0.04 -0.08] | -0.08829177672795172
0.6306480957566605 | [ 0.04 -0.07] | -0.0870130829638867
0.6905989464991018 | [ 0.04 -0.06] | -0.08609239025843386
0.7431798808501543 | [ 0.03 -0.05] | -0.08547738623057453
0.7889391349502264 | [ 0.03 -0.05] | -0.08513706760612887
0.8284927737420177 | [ 0.03 -0.04] | -0.08504633573357948
0.8624636962777626 | [ 0.02 -0.04] | -0.08518123411317267
0.8914456467531866 | [ 0.02 -0.03] | -0.08551821074709562
0.9159841546562575 | [ 0.02 -0.03] | -0.08603451538474176
0.9365683074677404 | [ 0.02 -0.02] | -0.08670871471634636
0.95362908014783 | [ 0.01 -0.02] | -0.08752103529542164
0.967541370301606 | [ 0.01 -0.02] | -0.08845350941857794
0.9786279110878959 | [ 0.01 -0.02] | -0.08948998424683531
0.9871639342297651 | [ 0.01 -0.02] | -0.09061605421176751
0.9933819168294876 | [ 0.   -0.01] | -0.09181895581655315
0.9974760391519925 | [ 0.   -0.01] | -0.09308744846152432
0.9996061615196512 | [-0.   -0.01] | -0.09441169423955996
0.9999012360602355 | [-0.   -0.01] | -0.09578314250687005
0.998462129539538 | [-0.   -0.01] | -0.0971944216208466
0.9953638643938286 | [-0.01 -0.01] | -0.09863923901759923
0.9906572976895892 | [-0.01 -0.01] | -0.10011229046675421
Total reward: -25.883221730317736
