-2.9, 2.3, -5.9, 2.6, -4.5, -3.4, -0.8, 2.8, 5.7, 6.0, 5.1, -2.2, 2.5, -1.5, 0.8, 1.4, -0.5, 4.8
parameter ends

state | action | reward
[0.05] | [-1.15  4.74] | 0.05696964688616661
0.08486741235020241 | [-8.49  0.73] | 0.09747885453019241
0.16774510162114045 | [-12.07  -2.41] | 0.1582349575671102
0.2622439898642129 | [-10.71  -5.53] | 0.3339322489664485
0.3574713286487486 | [-9.85 -7.67] | 0.5570041385481375
0.4556370520034191 | [-8.89 -9.06] | 0.78942299870985
0.5560532186761931 | [-7.6  -9.62] | 1.0007364509296262
0.6571897215691742 | [-5.98 -9.45] | 1.1761981353001325
0.7576410533976838 | [-4.1  -8.77] | 1.3118913890224135
0.8564132417725897 | [-2.09 -7.74] | 1.409164527481258
0.952911268464104 | [-0.02 -6.5 ] | 1.330159491498149
1.0354311256813589 | [ 3.15 -4.98] | 0.9121392779454778
1.084327598419012 | [ 6.8  -3.53] | 0.24973528890040944
1.0914977671991626 | [ 9.64 -1.79] | -0.5024636973928372
1.0571675665258922 | [12.15  0.41] | -1.0403652495157443
0.9925790976008126 | [12.84  5.03] | -1.1847218850537478
0.9145957247265888 | [13.06  9.28] | -1.1720710357352218
0.8292629392503595 | [13.42 12.71] | -1.1020997232599172
0.7385179715604956 | [13.71 15.79] | -0.9794770497922883
0.6441777001533041 | [13.79 18.54] | -0.8269040453838978
0.5472543653587835 | [13.61 20.94] | -0.6573544448612884
0.44839256244945735 | [13.15 22.97] | -0.4763314741096255
0.34818926620301954 | [12.41 24.64] | -0.2877259712450651
0.2472504191769464 | [11.4  25.96] | -0.09585612874977797
0.14614767005582724 | [10.16 26.94] | 0.09460075043305825
0.04537954798201699 | [ 8.72 27.6 ] | 0.2791032562897372
-0.0546350800992765 | [ 7.13 27.94] | 0.4535194735567623
-0.1535413739971768 | [ 5.41 27.98] | 0.6140323863196564
-0.2510453084064308 | [ 3.61 27.74] | 0.7571291171241772
-0.34694412900975663 | [ 1.79 27.24] | 0.8806994172783605
-0.44110713531708445 | [-0.03 26.49] | 0.909875031814106
-0.5184823970249479 | [-3.87 22.82] | 0.7071930909815894
-0.5549995316301709 | [-8.76 16.08] | 0.2774406661302353
-0.5409654574601037 | [-12.77   8.17] | -0.2167776983204539
-0.4796091641472983 | [-16.26   0.12] | -0.5199974361100824
-0.38773281221514005 | [-17.69  -5.93] | -0.482946931717892
-0.2892087067979316 | [-17.05  -8.96] | -0.28854274335912006
-0.19194449994967835 | [-16.71 -10.99] | -0.08046703504675645
-0.09388461606585599 | [-16.41 -12.55] | 0.1410727709166424
0.005863153683878887 | [-15.9  -13.67] | 0.3668231540456479
0.10741230378107214 | [-15.05 -14.28] | 0.5902803761628163
0.21034590556878038 | [-13.85 -14.41] | 0.8063484254312204
0.3141068004218568 | [-12.35 -14.14] | 1.010961304278446
0.4181956573407142 | [-10.63 -13.55] | 1.200649946374385
0.5221953999398063 | [ -8.73 -12.7 ] | 1.3719807079102615
0.6257328334539477 | [ -6.69 -11.66] | 1.5211447561108624
0.7284378372910885 | [ -4.54 -10.45] | 1.643404422583343
0.8299370692688236 | [-2.31 -9.11] | 1.7336346415450088
0.9298599849499072 | [-0.06 -7.65] | 1.6705789121374883
1.017460719349323 | [ 3.11 -5.81] | 1.296555722245158
1.0736484865502096 | [ 6.68 -4.1 ] | 0.6712929049440752
1.0896468449011423 | [ 9.41 -2.31] | -0.07001424695629069
1.0648402179624497 | [11.75 -0.16] | -0.7391432624284451
1.0046841699356264 | [13.04  3.68] | -1.0232832137591457
0.9265940283769366 | [13.01  8.54] | -1.0343367727886676
0.8415170180640962 | [13.24 12.19] | -0.9789174207999867
0.7514778525688597 | [13.44 15.36] | -0.8703887325153609
0.6581527957660801 | [13.47 18.16] | -0.733632461068844
0.5623852920559994 | [13.25 20.55] | -0.5815558162692427
0.4647030305620611 | [12.76 22.53] | -0.4184906681578049
0.3656709106747941 | [12.   24.11] | -0.24755597446713884
0.26591286366849043 | [10.98 25.32] | -0.07284712144173788
0.16602583203483046 | [ 9.75 26.18] | 0.1009700436246351
0.06651668393023397 | [ 8.34 26.71] | 0.26944042177703365
-0.032209594154456636 | [ 6.79 26.94] | 0.4286995496271179
-0.12982985217534376 | [ 5.13 26.89] | 0.5754186296744098
-0.22609268880796357 | [ 3.42 26.59] | 0.7068505909797523
-0.32083842009043867 | [ 1.69 26.06] | 0.8215494561046177
-0.4139705315438309 | [-0.03 25.33] | 0.8365833944369258
-0.48934938854439286 | [-4.01 21.43] | 0.60626751693672
-0.521320147366189 | [-9.19 14.22] | 0.1544467040932094
-0.5000456581237285 | [-13.39   5.97] | -0.3240439304717947
-0.43116331103772426 | [-16.92  -1.99] | -0.4687519058742768
-0.3424254566241412 | [-16.41  -6.52] | -0.3288463612268534
-0.2514604457742763 | [-16.31  -9.35] | -0.1592390997860973
-0.157293777806351 | [-16.24 -11.41] | 0.04076839092998947
-0.060047286967884625 | [-15.99 -12.93] | 0.25713097748168023
0.03990184858833243 | [-15.4  -13.88] | 0.4779725146579148
0.14186964085442322 | [-14.43 -14.29] | 0.6954234834522005
0.24508471276244534 | [-13.11 -14.24] | 0.9038800936626682
0.348887249419924 | [-11.53 -13.81] | 1.0991662398433668
0.4527644803099084 | [ -9.73 -13.1 ] | 1.2777132356384238
0.5563021746196379 | [ -7.78 -12.16] | 1.4359133377078166
0.6591239593364969 | [ -5.7  -11.04] | 1.5696312311073572
0.7608577194654056 | [-3.53 -9.76] | 1.6739422761155365
0.8611436710481547 | [-1.31 -8.36] | 1.7449052681889636
0.9596362095372563 | [ 0.9  -6.85] | 1.5256797999962226
1.0345580176550606 | [ 4.98 -4.85] | 0.96369487778588
1.0683831645827542 | [ 8.15 -3.07] | 0.26572827445084646
1.0614078419433448 | [10.71 -1.02] | -0.5085948137280313
1.0131102368105618 | [13.13  1.5 ] | -0.9528338106589959
0.9399441061391253 | [12.92  7.21] | -1.0001619813874894
0.8583956752261465 | [13.11 11.14] | -0.9732018769454724
0.770676152659945 | [13.35 14.45] | -0.8848007032842364
0.678803520466211 | [13.45 17.39] | -0.7584564281276065
0.5840013745515208 | [13.31 19.93] | -0.6123528479656163
0.4869535337740566 | [12.91 22.04] | -0.45312855401176083
0.38828452655665435 | [12.22 23.75] | -0.28442682254147017
0.28866184950385226 | [11.26 25.07] | -0.11043088605824139
0.18872951887246925 | [10.08 26.02] | 0.06404609962497076
0.08903912448410085 | [ 8.7  26.63] | 0.23432282995766285
-0.009969290759321708 | [ 7.18 26.94] | 0.39630768268539907
-0.10794874404456162 | [ 5.54 26.96] | 0.5465237604120637
-0.20462381909041452 | [ 3.83 26.72] | 0.6819734895336691
-0.29980966104852885 | [ 2.09 26.24] | 0.8008243209863528
-0.3933953875096172 | [ 0.36 25.55] | 0.8553650526887421
-0.47536868590260944 | [-2.78 22.86] | 0.6823961063766459
-0.5182480470434995 | [-8.26 15.79] | 0.25848349203642845
-0.5071203820231953 | [-12.6   7.7] | -0.2282639579938207
-0.44678543745545096 | [-16.28  -0.45] | -0.46264010509309594
-0.359609715968819 | [-16.81  -5.9 ] | -0.3846100508939379
-0.2667635175060905 | [-16.53  -8.91] | -0.2107350375685416
-0.1720633611745751 | [-16.39 -11.04] | -0.010661705411141267
-0.07489749670284099 | [-16.16 -12.64] | 0.20680835219796886
0.024776474893817735 | [-15.65 -13.72] | 0.4297775267050191
0.1265277033969764 | [-14.76 -14.26] | 0.6503512766924834
0.2296698914459374 | [-13.51 -14.31] | 0.86287036010039
0.3335504627483787 | [-11.97 -13.97] | 1.063152681850931
0.4376483473460016 | [-10.22 -13.33] | 1.2477165036395261
0.541547172755528 | [ -8.29 -12.44] | 1.4130870226724817
0.6448768670386833 | [ -6.23 -11.36] | 1.5553272289762317
0.7472696171685876 | [ -4.06 -10.12] | 1.6694891473685352
0.8483592304315275 | [-1.83 -8.75] | 1.7507752506319194
0.9477829060339135 | [ 0.42 -7.27] | 1.6135690441375996
1.029448190560834 | [ 4.03 -5.34] | 1.1530590459957917
1.0752971454270432 | [ 7.38 -3.64] | 0.4944095511111074
1.0809277466484206 | [10.   -1.76] | -0.2675823872781583
1.0453864577618137 | [12.35  0.54] | -0.8263091736037609
0.9797435438577098 | [12.75  5.5 ] | -0.9887221666500935
0.9010766088051566 | [12.86  9.76] | -0.9891740470708125
0.8155097633238295 | [13.11 13.19] | -0.9232442113394416
0.725219504166708 | [13.28 16.24] | -0.8108426365691344
0.6317221846458924 | [13.24 18.89] | -0.6747608343639006
0.5357892722799115 | [12.94 21.12] | -0.5241626925768462
0.4380214375163643 | [12.37 22.93] | -0.3628060912687691
0.3390639606979853 | [11.53 24.36] | -0.1943851755331544
0.23957335199359808 | [10.45 25.42] | -0.023469105631672232
0.14013516977056492 | [ 9.16 26.13] | 0.14520904059510953
0.04122358113032987 | [ 7.72 26.53] | 0.30740555380636037
-0.05679227333733204 | [ 6.16 26.64] | 0.45956698890385955
-0.15362180547918036 | [ 4.51 26.49] | 0.5986651434576366
-0.24905571833772197 | [ 2.82 26.1 ] | 0.722528310897981
-0.34296892126632383 | [ 1.12 25.51] | 0.8302473156760829
-0.43528323916391376 | [-0.55 24.73] | 0.7808032812327994
-0.5012794633427975 | [-5.68 19.1 ] | 0.4607601732369198
-0.5168934107028174 | [-10.54  11.5 ] | -0.021793306986327067
-0.47994019230925866 | [-14.57   3.12] | -0.4685767817947583
-0.3985430747387574 | [-17.86  -4.39] | -0.5472060961277226
-0.30202048592232805 | [-17.1   -8.08] | -0.358683383757965
-0.2065694093117957 | [-16.8  -10.43] | -0.15959635042898757
-0.10978198730153535 | [-16.6 -12.2] | 0.058161574286789766
-0.010832582742222013 | [-16.26 -13.54] | 0.28502393334872206
0.09034452451481581 | [-15.58 -14.38] | 0.5127399060108255
0.19327284555019442 | [-14.51 -14.69] | 0.7355221290590729
0.2973300229525741 | [-13.11 -14.57] | 0.9492340417208945
0.40198957917708933 | [-11.45 -14.1 ] | 1.150692214640032
0.5068482058962106 | [ -9.6  -13.35] | 1.3368521645324265
0.6115721887283236 | [ -7.59 -12.4 ] | 1.504248245196382
0.7158412222448687 | [ -5.46 -11.27] | 1.6485254730674312
0.8193140238227712 | [-3.22 -9.99] | 1.7636339870851023
0.9216196092538991 | [-0.92 -8.58] | 1.8344002522301157
1.0215158537580593 | [ 1.47 -7.03] | 1.6159424503903346
1.0979434058394264 | [ 5.21 -5.25] | 1.0814009925049313
1.1353006490013797 | [ 8.04 -3.74] | 0.42412139068934157
1.1346251512014673 | [10.27 -2.01] | -0.32496767410411115
1.0948591949340054 | [12.37  0.12] | -0.9241221231407394
1.0243848445406318 | [13.24  4.4 ] | -1.1265281379272338
0.9403095331167949 | [13.26  9.  ] | -1.1041864909541734
0.8512263354127102 | [13.47 12.54] | -1.021913965399443
0.7587736705091184 | [13.62 15.63] | -0.8959265148142835
0.6641196937254175 | [13.59 18.34] | -0.7498173326900733
0.567684802475948 | [13.32 20.64] | -0.5931984151286969
0.4697276632593907 | [12.8  22.55] | -0.42833595933534885
0.37064293335090703 | [12.02 24.08] | -0.25710104522901644
0.2709479858340691 | [11.   25.26] | -0.08282573639325608
0.1711763642453152 | [ 9.78 26.1 ] | 0.09027213668424053
0.0717998259470845 | [ 8.38 26.62] | 0.2579832589848201
-0.026795118361083864 | [ 6.84 26.84] | 0.4165780238297594
-0.12429539382549179 | [ 5.2 26.8] | 0.5628211799751585
-0.220455538571732 | [ 3.51 26.5 ] | 0.6940452562793447
-0.3151192390473443 | [ 1.79 25.98] | 0.8088438683150072
-0.40819195103389894 | [ 0.08 25.25] | 0.8333981587630138
-0.4852088779826466 | [-3.66 21.69] | 0.6148810296268938
-0.5198503249383961 | [-8.94 14.47] | 0.1652467310248748
-0.5007353613393533 | [-13.2    6.22] | -0.3177282472654248
-0.4334663108855537 | [-16.76  -1.78] | -0.46922672312059543
-0.3457478832770872 | [-16.28  -6.39] | -0.3338277838846513
-0.2553815768170564 | [-16.2   -9.28] | -0.16703973385117377
-0.16154623655250733 | [-16.15 -11.37] | 0.03148932721305808
-0.06448173068826135 | [-15.92 -12.91] | 0.24729682472722941
0.03536329087619062 | [-15.34 -13.88] | 0.46806432974511564
0.13726590871606617 | [-14.38 -14.3 ] | 0.6856481585765094
0.24043154383917265 | [-13.07 -14.25] | 0.894270667654862
0.3441843892347858 | [-11.49 -13.83] | 1.0896494715881848
0.4480002268847681 | [ -9.71 -13.12] | 1.2681623792438255
0.5514568824577347 | [ -7.76 -12.18] | 1.4261881548076258
0.6541727832200196 | [ -5.69 -11.05] | 1.559605157219615
0.7557737777154354 | [-3.52 -9.78] | 1.6635692235317414
0.8559018640634583 | [-1.31 -8.37] | 1.7343079595273798
0.9542169372205989 | [ 0.89 -6.86] | 1.5161270731530028
1.028976507624179 | [ 4.98 -4.84] | 0.9544683964815106
1.062570436802654 | [ 8.18 -3.03] | 0.25555502267289326
1.0552056673880625 | [10.76 -0.95] | -0.5128485584586289
1.006675038432911 | [13.14  1.69] | -0.9471305820895031
0.933577460052919 | [12.95  7.33] | -0.9926749679041933
0.8520805554083759 | [13.14 11.24] | -0.9648078428734569
0.7643734118036616 | [13.38 14.55] | -0.8756058536518889
0.6724802984869291 | [13.47 17.49] | -0.7486054999868748
0.5776297830719507 | [13.34 20.02] | -0.6017905686386088
0.4805187725465195 | [12.92 22.13] | -0.44180797692412815
0.381784585915638 | [12.22 23.83] | -0.2724068898159855
0.2821024263042681 | [11.26 25.14] | -0.09786005286477016
0.1821190823970026 | [10.07 26.09] | 0.07697880107492473
0.08238624686197409 | [ 8.68 26.69] | 0.24742122751310158
-0.016656533541839207 | [ 7.14 26.99] | 0.4093791882404604
-0.11466228205677179 | [ 5.5 27. ] | 0.5593738881747737
-0.21135551209040226 | [ 3.78 26.75] | 0.694409106541556
-0.3065518540599127 | [ 2.04 26.27] | 0.8126748629793408
-0.40014046089921845 | [ 0.3  25.57] | 0.8607892466721087
-0.48115265416396946 | [-2.97 22.69] | 0.6777300477239331
-0.5225001447151022 | [-8.39 15.62] | 0.2471308896012127
-0.510088149018237 | [-12.69   7.51] | -0.24213184000680907
-0.44871085326591353 | [-16.34  -0.62] | -0.45849494226911575
-0.36209555520771386 | [-16.58  -5.89] | -0.3684465238669322
-0.2704356347605911 | [-16.38  -8.91] | -0.20021635078146927
-0.1762544316142142 | [-16.28 -11.06] | -0.002782909262532572
-0.07929330540365336 | [-16.06 -12.67] | 0.21278171365832185
0.020299069071807535 | [-15.54 -13.73] | 0.4340886181609707
0.12198536688053348 | [-14.64 -14.24] | 0.6530090419148529
0.22503444324469743 | [-13.38 -14.28] | 0.863725184795907
0.3287753781360922 | [-11.84 -13.92] | 1.0619225491030877
0.4326760604345581 | [-10.09 -13.26] | 1.2440127310869595
0.53631069871206 | [ -8.16 -12.36] | 1.4064538619256577
0.639300590597058 | [ -6.11 -11.27] | 1.5452756839205857
0.7412727901285323 | [ -3.95 -10.02] | 1.655640489663821
0.8418647676673271 | [-1.73 -8.64] | 1.7332350649367978
0.9407264731498446 | [ 0.49 -7.15] | 1.5807634713005159
1.0207782335942974 | [ 4.2  -5.18] | 1.0987659237186043
1.0638518741532974 | [ 7.58 -3.43] | 0.42638750828051636
1.066185060700976 | [10.23 -1.46] | -0.3425055635181215
1.026945585576737 | [12.64  0.94] | -0.8333624187400983
0.9605046715721912 | [12.51  6.52] | -0.9319559736412991
0.8834033089374292 | [12.69 10.46] | -0.9354364717161286
0.7988884086997969 | [12.97 13.77] | -0.8716081215132582
0.7093278155309005 | [13.13 16.72] | -0.7640014959074666
0.6162566882003389 | [13.06 19.28] | -0.63278206553352
0.5205504516509019 | [12.73 21.41] | -0.4859004492601569
0.42294292907020103 | [12.12 23.13] | -0.32752372324654255
0.3241740406394742 | [11.24 24.45] | -0.16206768376405806
0.22494274080084994 | [10.13 25.42] | 0.00546181281703402
0.12583972968676455 | [ 8.83 26.05] | 0.17023053333014926
0.0273264746677533 | [ 7.37 26.37] | 0.32809126344430173
-0.07024524261645523 | [ 5.81 26.41] | 0.4756514832763462
-0.16660330898552667 | [ 4.17 26.21] | 0.6100831253298866
-0.2615618985250931 | [ 2.5  25.78] | 0.7295458751302712
-0.3550107999314668 | [ 0.83 25.15] | 0.821414613526088
-0.4441520371966887 | [-1.23 23.85] | 0.6996133495111818
-0.49775634678859404 | [-7.27 16.64] | 0.29990867504137
-0.4946851602888257 | [-11.91   8.58] | -0.18390278108788713
-0.4405261363859558 | [-15.77   0.29] | -0.5027920079795618
-0.3518504981269254 | [-17.63  -5.96] | -0.47740124585538435
-0.25450244692392854 | [-16.98  -8.98] | -0.2790642131296721
-0.15795637243873234 | [-16.68 -11.04] | -0.0684571561410294
-0.060079178942932895 | [-16.42 -12.64] | 0.15683323830352655
0.03990667789214963 | [-15.96 -13.81] | 0.3870860908842516
0.1419380359488121 | [-15.13 -14.44] | 0.6151266273500535
0.2454763325845562 | [-13.91 -14.59] | 0.8358154195804814
0.34992558908348614 | [-12.4  -14.32] | 1.0455173088468344
0.454806070451263 | [-10.64 -13.73] | 1.2412667683244019
0.5597448385568795 | [ -8.72 -12.89] | 1.4199816222096484
0.6644170883665687 | [ -6.65 -11.86] | 1.5779928354681318
0.7684957479065503 | [ -4.46 -10.66] | 1.710326566138479
0.8716283101647654 | [-2.18 -9.32] | 1.8105620730570193
0.9734271667053505 | [ 0.15 -7.87] | 1.736104083217557
1.0614685241382733 | [ 3.39 -6.06] | 1.3648945552473912
1.1181954647329164 | [ 6.66 -4.52] | 0.7740813560112875
1.137043883856312 | [ 9.16 -2.94] | 0.06242478520481401
1.1171348687019802 | [11.27 -1.03] | -0.6933692070967696
1.0587386571093615 | [13.46  1.38] | -1.1048341658079366
0.9782585637701042 | [13.24  7.07] | -1.1212770870218427
0.8916228973723025 | [13.4  10.98] | -1.0673766983269852
0.8007211057440646 | [13.59 14.25] | -0.9593236364347858
0.70708260003408 | [13.65 17.15] | -0.8207320566477824
0.611462348671457 | [13.49 19.64] | -0.6683192919757622
0.5141574296828973 | [13.08 21.73] | -0.5067077788775151
0.4155060421701666 | [12.42 23.45] | -0.33759289555004757
0.31599079864867985 | [11.5  24.79] | -0.16369901731378123
0.21615565957091826 | [10.36 25.79] | 0.011001233180344835
0.11650916484910571 | [ 9.03 26.45] | 0.1821863518521551
0.017478437229531907 | [ 7.55 26.81] | 0.3458615984069226
-0.08059090278363723 | [ 5.95 26.89] | 0.4985726562044359
-0.1774183156882883 | [ 4.27 26.7 ] | 0.6372887120994086
-0.2728055858253012 | [ 2.56 26.28] | 0.7599605841725635
-0.3666337015286476 | [ 0.84 25.64] | 0.8548459002105595
-0.45627774512326813 | [-1.23 24.36] | 0.7421548477489132
-0.5113383121628083 | [-7.14 17.35] | 0.35252756039554617
-0.510977166029445 | [-11.68   9.46] | -0.1344166714041882
-0.4599653239546194 | [-15.52   1.16] | -0.5379772044245831
-0.36845651586555417 | [-18.54  -5.87] | -0.5646484967847214
-0.2661893386045596 | [-17.49  -8.96] | -0.34431842569484344
-0.1676818618666343 | [-17.   -10.98] | -0.1269212991505784
-0.06919943005116547 | [-16.67 -12.56] | 0.10136031136854218
0.03081213929874314 | [-16.23 -13.77] | 0.33397482669296985
0.13271151642769408 | [-15.46 -14.5 ] | 0.5646613082533815
0.236157153544702 | [-14.3  -14.73] | 0.7887804200951883
0.3406208986202978 | [-12.82 -14.54] | 1.0029961957060072
0.4456489630503304 | [-11.09 -14.01] | 1.2046130349511084
0.550888442379058 | [ -9.19 -13.22] | 1.3908031631029967
0.6560371243391858 | [ -7.13 -12.23] | 1.5581387322730165
0.7607939370184599 | [ -4.96 -11.07] | 1.7020743590684524
0.8648286100445682 | [-2.68 -9.77] | 1.816018324798935
0.9677650855950356 | [-0.33 -8.35] | 1.8165558089754805
1.062332278996724 | [ 2.54 -6.65] | 1.5335339558215175
1.1300980697844796 | [ 5.91 -5.1 ] | 0.9926008220778884
1.1606654268843002 | [ 8.47 -3.66] | 0.32738230437650406
1.1539815290787343 | [10.54 -1.97] | -0.41779985621662175
1.1091823519895985 | [12.55  0.13] | -0.9997719699376236
1.0350237735323828 | [13.39  4.43] | -1.1835242877913554
0.9484267810225687 | [13.42  9.02] | -1.1470301454843248
0.8576601614287136 | [13.61 12.56] | -1.0537097927166936
0.7641583259967858 | [13.74 15.63] | -0.9198385612954071
0.668899067654339 | [13.69 18.32] | -0.7684962522215444
0.5721474470305392 | [13.4  20.61] | -0.6086042097848192
0.4740436928882931 | [12.88 22.51] | -0.44175656361607324
0.3748980707102142 | [12.1  24.05] | -0.2692490092646994
0.27517418641922964 | [11.08 25.24] | -0.09400260255078961
0.17537627406342057 | [ 9.86 26.09] | 0.08000063147023412
0.07596326150176344 | [ 8.47 26.62] | 0.248654753102579
-0.022681992769191136 | [ 6.94 26.86] | 0.4082581678618414
-0.12024594290007025 | [ 5.3  26.83] | 0.5555771294378845
-0.2164797959942244 | [ 3.61 26.54] | 0.6879081040350377
-0.31122321507979744 | [ 1.89 26.03] | 0.8037902823622424
-0.4043793948726549 | [ 0.18 25.32] | 0.8386996204626005
-0.4831017045449554 | [-3.33 22.07] | 0.6347443292924586
-0.5206193678727462 | [-8.68 14.89] | 0.19118190090667336
-0.5042071028029441 | [-12.97   6.69] | -0.29577933428095177
-0.43919448011284545 | [-16.57  -1.37] | -0.45841569259526965
-0.35294497851194817 | [-16.12  -6.12] | -0.3317467936705602
-0.26345472606793263 | [-16.09  -9.09] | -0.1705010284742389
-0.170133729383063 | [-16.06 -11.24] | 0.02468584610873443
-0.07339467818124751 | [-15.84 -12.81] | 0.23856619921005598
0.026218391327108157 | [-15.28 -13.8 ] | 0.45811340373296694
0.1279370080219554 | [-14.33 -14.24] | 0.6747864488874918
0.23093818716106623 | [-13.04 -14.2 ] | 0.8825412338675254
0.3345224870257843 | [-11.48 -13.79] | 1.0769156558494437
0.43814644090972776 | [ -9.71 -13.08] | 1.2541946628487626
0.541373959473897 | [ -7.78 -12.14] | 1.4107439573365366
0.6438147086080191 | [ -5.71 -11.02] | 1.5425115675164025
0.7450919252559839 | [-3.56 -9.74] | 1.6448935324826708
0.8448534135625632 | [-1.37 -8.34] | 1.7145017946114094
0.9427728962929165 | [ 0.81 -6.83] | 1.5036764836582333
1.0177376548487551 | [ 4.89 -4.79] | 0.9477624014465887
1.0518219627708865 | [ 8.17 -2.94] | 0.2447240321130753
1.0444952622291375 | [10.81 -0.82] | -0.5128867340639882
0.9963028383062247 | [13.07  2.04] | -0.9291410441306096
0.9240449558154519 | [12.9   7.54] | -0.9752262728381457
0.8431284383517433 | [13.11 11.42] | -0.9488666644661047
0.7557578933234044 | [13.36 14.71] | -0.8607024112786982
0.6640182028206024 | [13.46 17.65] | -0.7344627887206332
0.5691879358990813 | [13.31 20.17] | -0.5877703914885375
0.472024645271789 | [12.89 22.26] | -0.4273999822867306
0.37321622715300745 | [12.18 23.95] | -0.2574357135451947
0.2734684351289123 | [11.2  25.25] | -0.08242531824197231
0.17344093170019595 | [ 9.99 26.17] | 0.09263859537969024
0.07368792786060087 | [ 8.59 26.76] | 0.2630272696223674
-0.025352377479165588 | [ 7.04 27.04] | 0.42465435056993683
-0.12333456284689302 | [ 5.38 27.04] | 0.5740384488790554
-0.21998572845312905 | [ 3.65 26.77] | 0.7082004016077016
-0.3151256242444888 | [ 1.9  26.27] | 0.8254003228991934
-0.40864553897840566 | [ 0.16 25.56] | 0.8604161444512038
-0.48746980943454876 | [-3.41 22.27] | 0.6586619534457959
-0.5252568495455129 | [-8.7  15.17] | 0.2190658552421506
-0.5096960928705636 | [-12.95   7.02] | -0.2686587125715866
-0.4457142243784387 | [-16.54  -1.06] | -0.43862715890550286
-0.36020221046166223 | [-16.12  -5.89] | -0.31879554745107774
-0.2711700579178031 | [-16.09  -8.92] | -0.16215327977216878
-0.17814549970397198 | [-16.07 -11.1 ] | 0.02973075734540572
-0.08162519094299885 | [-15.86 -12.69] | 0.24106770350645387
0.017804661843708516 | [-15.31 -13.7 ] | 0.4584807316707206
0.11936007805421874 | [-14.38 -14.15] | 0.6732904411345183
0.2222080446655499 | [-13.1  -14.12] | 0.8793519668490781
0.32563863115593283 | [-11.55 -13.72] | 1.0721219722334177
0.4290996365949874 | [ -9.79 -13.02] | 1.2478444022004958
0.5321497182218964 | [ -7.86 -12.09] | 1.4028902224588506
0.6343967051338597 | [ -5.81 -10.97] | 1.5332816313499096
0.7354647648420969 | [-3.67 -9.7 ] | 1.6345920278839663
0.8350072590903396 | [-1.49 -8.31] | 1.7036296735239513
0.9327076276506917 | [ 0.68 -6.81] | 1.509091659613174
1.0088075375485241 | [ 4.66 -4.77] | 0.9696288439874021
1.044978177564502 | [ 8.04 -2.92] | 0.2648686673672427
1.0393413002804306 | [10.74 -0.8 ] | -0.4948322054131873
0.9925826608149488 | [13.    2.09] | -0.9130660879501856
0.9215074169242081 | [12.84  7.57] | -0.9635826936396359
0.8414289400079277 | [13.06 11.43] | -0.9417210760062942
0.7545809116895347 | [13.31 14.73] | -0.8570141855346535
0.663123664797196 | [13.42 17.67] | -0.733026487982998
0.5684138961640831 | [13.29 20.2 ] | -0.5875274487628311
0.47127614546964564 | [12.86 22.31] | -0.4275952620109272
0.37244692005453406 | [12.15 23.99] | -0.2576219980209845
0.27266183743536704 | [11.17 25.29] | -0.08238293054430686
0.1725958904555939 | [ 9.95 26.22] | 0.09299607436719617
0.07280980070968776 | [ 8.55 26.81] | 0.2637183191554452
-0.026255819791200525 | [ 6.99 27.09] | 0.4256601131705741
-0.12425437876825166 | [ 5.33 27.08] | 0.5753033537416838
-0.22091277061198958 | [ 3.6  26.81] | 0.7096353097309006
-0.31605138707538505 | [ 1.84 26.3 ] | 0.8269100353479795
-0.4095615720331419 | [ 0.1  25.58] | 0.8577364622908683
-0.4874687380678706 | [-3.6  22.12] | 0.65151467472584
-0.5237815569209469 | [-8.84 15.03] | 0.21271996808390004
-0.5069918779443093 | [-13.07   6.87] | -0.2705487022621894
-0.44204999515800736 | [-16.65  -1.18] | -0.43545500634852474
-0.35591485585502547 | [-16.21  -5.97] | -0.3126210853788282
-0.26650848347018885 | [-16.17  -8.96] | -0.15395041026772915
-0.17327159411520193 | [-16.14 -11.12] | 0.03912158368240233
-0.07663068330366564 | [-15.91 -12.69] | 0.25104287752397897
0.022872788843351206 | [-15.35 -13.68] | 0.4686847079347543
0.12447920489088977 | [-14.41 -14.13] | 0.683519449074324
0.22736985058465795 | [-13.12 -14.09] | 0.8895063730029589
0.33084455493157405 | [-11.56 -13.69] | 1.0821724416407754
0.43435802280091196 | [ -9.8  -12.98] | 1.2578002733479665
0.5374735816796298 | [ -7.87 -12.05] | 1.4127724112612314
0.6398019350199351 | [ -5.81 -10.93] | 1.5431019848902785
0.7409679554860844 | [-3.67 -9.67] | 1.644310287704414
0.8406230898724536 | [-1.48 -8.27] | 1.7131037333345736
0.9384465230956143 | [ 0.7  -6.77] | 1.5148377513093834
1.0144795333800058 | [ 4.69 -4.76] | 0.9714904464466191
1.0504882805271256 | [ 8.04 -2.93] | 0.2658496997850544
1.0448093080196466 | [10.72 -0.83] | -0.4993837308267517
0.9978843582538769 | [13.    1.97] | -0.9238966978606977
0.9264885974297029 | [12.83  7.49] | -0.9740893566584706
0.84618216523754 | [13.04 11.37] | -0.9517447824926631
0.7591905877801547 | [13.3  14.67] | -0.8667247835013648
0.6676538614248247 | [13.41 17.62] | -0.7425555447670518
0.5729110285703285 | [13.27 20.15] | -0.5970728399108662
0.4757679825390431 | [12.85 22.26] | -0.4372795041791114
0.37694677956339095 | [12.14 23.95] | -0.267455574123994
0.27717430046437697 | [11.17 25.25] | -0.09229634507182195
0.17712130533585424 | [ 9.96 26.19] | 0.08310934583640163
0.07734686608958781 | [ 8.56 26.78] | 0.25397389553637884
-0.021708964748785205 | [ 7.01 27.07] | 0.41617096149766314
-0.11969988425227357 | [ 5.35 27.06] | 0.5661776174676545
-0.21635284729337484 | [ 3.62 26.8 ] | 0.700968887925788
-0.31148809957185913 | [ 1.87 26.3 ] | 0.8187796470910419
-0.4049970073266609 | [ 0.13 25.59] | 0.8536072717950768
-0.48335663010485574 | [-3.51 22.22] | 0.6541012134803752
-0.520422696680315 | [-8.78 15.13] | 0.22050820047675074
-0.5043005797635443 | [-13.03   6.98] | -0.2600283222153943
-0.4399079996717337 | [-16.63  -1.08] | -0.42582921367066057
-0.3541345492973978 | [-16.2   -5.89] | -0.3048784706540288
-0.2649447484800831 | [-16.17  -8.9 ] | -0.1473228660254276
-0.17183221940323873 | [-16.14 -11.06] | 0.04511637509058296
-0.07526433231531493 | [-15.92 -12.64] | 0.25668866747575686
0.024192947727679184 | [-15.36 -13.64] | 0.47406960081306776
0.12576781223952932 | [-14.42 -14.08] | 0.6886261247853455
0.22863463041384288 | [-13.13 -14.05] | 0.8942675108888408
0.33208843681941036 | [-11.57 -13.64] | 1.0864999606671835
0.43558062224021615 | [ -9.8  -12.94] | 1.2616027593518215
0.5386725151176426 | [ -7.87 -12.  ] | 1.415966987909993
0.6409738950777049 | [ -5.82 -10.89] | 1.545629271252568
0.7421095115893962 | [-3.67 -9.62] | 1.6461583029671953
0.8417316422985718 | [-1.48 -8.23] | 1.7143134184388027
0.9395211041458944 | [ 0.69 -6.73] | 1.515190238657229
1.0155582377784502 | [ 4.68 -4.72] | 0.970090239063153
1.0515685393726797 | [ 8.03 -2.91] | 0.261936492467559
1.045823889594331 | [10.71 -0.82] | -0.5040558577257713
0.9988488320772789 | [12.98  1.99] | -0.9274282714569659
0.9274594451450024 | [12.81  7.5 ] | -0.9775044791803731
0.8471490723846026 | [13.02 11.37] | -0.9552132742178336
0.7601423611777801 | [13.27 14.68] | -0.8702294063392828
0.6685828567722885 | [13.38 17.62] | -0.7461160324132543
0.5738121013623294 | [13.25 20.16] | -0.6006379601608357
0.4766415465119799 | [12.83 22.27] | -0.44078288762430057
0.377798566664678 | [12.12 23.96] | -0.2708554199674179
0.2780129193533214 | [11.14 25.26] | -0.09557819636183192
0.17795580201387895 | [ 9.93 26.19] | 0.079945465602907
0.07818538943271215 | [ 8.53 26.78] | 0.25092395510402826
-0.020859436426285568 | [ 6.98 27.07] | 0.4132305629190774
-0.11883326294755442 | [ 5.32 27.06] | 0.5633366509174262
-0.21546417690485467 | [ 3.6 26.8] | 0.6982141036559841
-0.3105738402286805 | [ 1.84 26.3 ] | 0.8161080999585667
-0.40405442266231595 | [ 0.1  25.58] | 0.8495383900372427
-0.48199213850205 | [-3.59 22.14] | 0.6489495116115687
-0.5183731585429127 | [-8.85 15.05] | 0.216794231439622
-0.5016410930727138 | [-13.1   6.9] | -0.2604156665387565
-0.4367518646554988 | [-16.69  -1.15] | -0.42294578481650424
-0.35065259511692765 | [-16.26  -5.93] | -0.300217944743593
-0.261265938413841 | [-16.21  -8.92] | -0.1414346009223161
-0.16803914767453987 | [-16.18 -11.07] | 0.05176745907125139
-0.07140269690561421 | [-15.95 -12.64] | 0.26376775037083156
0.02810034055547518 | [-15.39 -13.62] | 0.48136466983452963
0.12971023312106253 | [-14.44 -14.06] | 0.6959988720158861
0.23260862563182533 | [-13.14 -14.02] | 0.9016369942756878
0.33609591838569897 | [-11.58 -13.61] | 1.0938285671276293
0.43962753572804947 | [ -9.81 -12.91] | 1.2688784933707808
0.5427676212592909 | [ -7.87 -11.98] | 1.4231863535694185
0.6451277097031839 | [ -5.81 -10.86] | 1.552783122879879
0.7463329596834881 | [-3.66 -9.59] | 1.6532027527396196
0.8460343048973739 | [-1.47 -8.2 ] | 1.721136933187181
0.9439096124741249 | [ 0.71 -6.7 ] | 1.5186142360040662
1.0198448173238281 | [ 4.71 -4.71] | 0.9698967922543773
1.0556419070830516 | [ 8.04 -2.91] | 0.2609177628233812
1.0497719892192048 | [10.69 -0.85] | -0.5086540867565524
1.0026071046894425 | [12.98  1.91] | -0.935847970975604
0.9309488064810981 | [12.8   7.44] | -0.9854611724412047
0.8504456360517596 | [13.01 11.33] | -0.9626178394300646
0.7633156385849479 | [13.26 14.64] | -0.8772435195418651
0.6716858524940436 | [13.37 17.59] | -0.7528930407325116
0.576882692773516 | [13.24 20.12] | -0.6073563012668767
0.4797028912679041 | [12.82 22.23] | -0.44755406689196114
0.3808627454877175 | [12.11 23.93] | -0.27770588898324333
0.28108523369949107 | [11.14 25.23] | -0.10247464210609147
0.18103806309847353 | [ 9.93 26.17] | 0.07306543641521693
0.08127783884515882 | [ 8.53 26.76] | 0.24413196027505857
-0.017757249661377265 | [ 6.99 27.05] | 0.4065987923361979
-0.11572219594130914 | [ 5.33 27.05] | 0.5569355915049768
-0.21234532932647435 | [ 3.61 26.79] | 0.6921079820245434
-0.30744842652337 | [ 1.86 26.29] | 0.8103511430272147
-0.4009238081309774 | [ 0.12 25.58] | 0.8462939650088284
-0.4791290513939701 | [-3.53 22.2 ] | 0.6500321005476781
-0.5159552600534031 | [-8.81 15.12] | 0.22140122494115322
-0.4996121474217607 | [-13.08   6.96] | -0.2537363221329219
-0.4350403734578306 | [-16.69  -1.09] | -0.41653757852624756
-0.34914973950107264 | [-16.26  -5.89] | -0.2948553938757527
-0.25988776018767923 | [-16.22  -8.88] | -0.13667376481989285
-0.16673216140538386 | [-16.18 -11.04] | 0.056196672114777343
-0.07013696118987314 | [-15.96 -12.6 ] | 0.2680199313394518
0.02934062337881581 | [-15.39 -13.59] | 0.4854782202735893
0.13093380827064122 | [-14.44 -14.03] | 0.699949549261889
0.23382027843662742 | [-13.15 -13.99] | 0.9053728426637154
0.33729775340537044 | [-11.58 -13.58] | 1.0972880159186678
0.4408198499510145 | [ -9.81 -12.88] | 1.2720001707059851
0.5439496545933836 | [ -7.88 -11.94] | 1.4259151676791937
0.6462982445316559 | [ -5.81 -10.83] | 1.555078317000966
0.7474907185647479 | [-3.66 -9.56] | 1.6550505361643855
0.8471784002482289 | [-1.47 -8.17] | 1.722551456513898
0.9450399165547098 | [ 0.71 -6.67] | 1.5190592448961724
1.0209603982541255 | [ 4.71 -4.68] | 0.9687693150630147
1.0567245893244488 | [ 8.03 -2.9 ] | 0.2580899860454906
1.0507877510654837 | [10.69 -0.84] | -0.5122583744082421
1.0035623428994294 | [12.96  1.92] | -0.9389900477609561
0.9318762378632973 | [12.79  7.45] | -0.9884434107087026
0.8513477478998475 | [12.99 11.33] | -0.9655479370368023
0.764193383173693 | [13.25 14.64] | -0.8801331736065868
0.6725404914097977 | [13.36 17.59] | -0.7557783644773328
0.577715229626564 | [13.22 20.13] | -0.6102269306141032
0.4805162348597641 | [12.8  22.24] | -0.4503815792420691
0.38166201022624846 | [12.1  23.93] | -0.2804687499964147
0.2818766363807253 | [11.12 25.23] | -0.10516278734006952
0.18182770274295654 | [ 9.91 26.17] | 0.07045588075273176
0.08207104765123702 | [ 8.51 26.76] | 0.2416034863781491
-0.016955979242400932 | [ 6.97 27.05] | 0.4041539667434485
-0.11490899201165873 | [ 5.31 27.05] | 0.5545732188432223
-0.21151708568732938 | [ 3.59 26.79] | 0.6898245727841552
-0.306602964309557 | [ 1.84 26.29] | 0.8081492625390732
-0.40005948108954775 | [ 0.1  25.58] | 0.8434124615037457
-0.47801339930724085 | [-3.58 22.15] | 0.6468133003890226
-0.5144322530723996 | [-8.85 15.07] | 0.21939519433424542
-0.49772559065746247 | [-13.12   6.91] | -0.25342300862403216
-0.4328578553416632 | [-16.73  -1.13] | -0.4141363130868905
-0.3467730615925356 | [-16.29  -5.91] | -0.2913961819560546
-0.25739364241633617 | [-16.25  -8.89] | -0.13247451174824196
-0.164169771084547 | [-16.21 -11.04] | 0.06085864559108126
-0.06753348480394676 | [-15.98 -12.6 ] | 0.2729412031754488
0.03197165989924021 | [-15.41 -13.58] | 0.49052493977038764
0.13358611906967233 | [-14.45 -14.01] | 0.7050304429318747
0.2364919699095615 | [-13.16 -13.97] | 0.9104316254916055
0.3399901982073439 | [-11.59 -13.56] | 1.1022957377480862
0.4435368967365928 | [ -9.81 -12.86] | 1.2769444845416453
0.5466968992323569 | [ -7.88 -11.92] | 1.4307897228933215
0.6490823934073308 | [ -5.81 -10.8 ] | 1.5598742564141783
0.7503187587134169 | [-3.66 -9.54] | 1.6597388617186115
0.8500565027704744 | [-1.46 -8.15] | 1.7270616742166636
0.9479724227457319 | [ 0.73 -6.65] | 1.5212601531484473
1.0238238031171025 | [ 4.72 -4.67] | 0.9684752215808086
1.0594433711509479 | [ 8.04 -2.9 ] | 0.25713291147081097
1.0534158536756852 | [10.68 -0.86] | -0.5155659694494955
1.00605992475824 | [12.96  1.87] | -0.9447122442354494
0.9341959385023505 | [12.78  7.41] | -0.9938407803143483
0.8535393959399467 | [12.99 11.31] | -0.9705710031811767
0.7663024227741743 | [13.24 14.62] | -0.8848900476448658
0.6746016125965313 | [13.35 17.57] | -0.7603745023779781
0.5797532058829746 | [13.21 20.1 ] | -0.6147793067884317
0.48254641734309955 | [12.8  22.22] | -0.45496179515584545
0.3836927394720704 | [12.09 23.91] | -0.28509367127632057
0.28391194054420194 | [11.11 25.22] | -0.10981137350842003
0.18386932530558805 | [ 9.91 26.15] | 0.06582317083545038
0.08411963699314343 | [ 8.51 26.75] | 0.23703225553899382
-0.014900305878933543 | [ 6.97 27.04] | 0.39969038816834807
-0.11284644164584448 | [ 5.32 27.04] | 0.550262214362428
-0.20944809456304211 | [ 3.6  26.78] | 0.685707016471937
-0.30452812927218204 | [ 1.85 26.29] | 0.8042603050569198
-0.3979795459097571 | [ 0.11 25.58] | 0.8410542642095328
-0.4760816603993192 | [-3.55 22.18] | 0.6471791039370798
-0.5127478977152845 | [-8.84 15.1 ] | 0.22212090072622193
-0.496256176445646 | [-13.11   6.95] | -0.24916198862484962
-0.4315635969461634 | [-16.73  -1.1 ] | -0.40985069262346324
-0.34559388744336716 | [-16.29  -5.88] | -0.28767459942444124
-0.2562831011098102 | [-16.25  -8.87] | -0.12906507313039708
-0.16309827974221217 | [-16.21 -11.01] | 0.06410128378384383
-0.06648444069641474 | [-15.98 -12.58] | 0.2760961770885211
0.03300709576980773 | [-15.41 -13.56] | 0.49360409470864297
0.13461294411121336 | [-14.46 -13.99] | 0.708009684035091
0.23751305281146629 | [-13.16 -13.95] | 0.9132724244558993
0.34100699505401333 | [-11.59 -13.54] | 1.1049559719755015
0.44454993644850477 | [ -9.82 -12.83] | 1.279383703965941
0.5477061944054098 | [ -7.88 -11.9 ] | 1.4329720327191886
0.6500877629525461 | [ -5.81 -10.78] | 1.5617725858044464
0.7513200061640588 | [-3.66 -9.51] | 1.6613414315270816
0.8510536018358209 | [-1.46 -8.12] | 1.728370815719509
0.9489656623856806 | [ 0.73 -6.63] | 1.5217132388299852
1.0247993190814004 | [ 4.72 -4.65] | 0.9676700052837507
1.0603810669191671 | [ 8.04 -2.89] | 0.2551819947822096
1.0542991163082926 | [10.67 -0.85] | -0.5182144569804263
1.0068897508988712 | [12.95  1.87] | -0.9472621145381471
0.9349898941523294 | [12.77  7.41] | -0.9962456412821644
0.8543042111576044 | [12.98 11.3 ] | -0.9728977657090517
0.7670433114307135 | [13.23 14.61] | -0.8871585361165771
0.6753228707922868 | [13.34 17.57] | -0.7626200650598776
0.5804579310491619 | [13.2 20.1] | -0.6170076517193833
0.4832379841421951 | [12.78 22.22] | -0.45716234820463963
0.38437524560312186 | [12.08 23.91] | -0.2872550254109161
0.2845897662556599 | [11.1  25.22] | -0.11192588276997095
0.18454654973443474 | [ 9.9  26.15] | 0.06376097117179857
0.08479973987362922 | [ 8.5  26.75] | 0.23502757909916905
-0.014214433682102543 | [ 6.96 27.04] | 0.39774860866589523
-0.11215233600039294 | [ 5.31 27.04] | 0.5483861746718129
-0.20874380477722 | [ 3.59 26.78] | 0.6838978081144835
-0.30381231095003414 | [ 1.84 26.29] | 0.802522464333806
-0.39725120678260367 | [ 0.11 25.58] | 0.839017129514983
-0.47520439801782016 | [-3.58 22.16] | 0.6451593378591449
-0.5116298114476091 | [-8.86 15.08] | 0.22107675209188546
-0.4949226831547889 | [-13.14   6.92] | -0.24858930779568283
-0.43005481944492147 | [-16.76  -1.12] | -0.40793986633483237
-0.3439701312753281 | [-16.32  -5.9 ] | -0.28513635683989147
-0.25458971136722736 | [-16.27  -8.87] | -0.12608128268820565
-0.1613643397016205 | [-16.23 -11.01] | 0.06736570827050925
-0.06472601895284043 | [-16.   -12.57] | 0.2795177088041541
0.03478203941396872 | [-15.42 -13.55] | 0.49709796087989055
0.13640077173378182 | [-14.47 -13.98] | 0.7115153929252387
0.23931276817573174 | [-13.17 -13.94] | 0.9167507660526167
0.3428195830543165 | [-11.6  -13.52] | 1.1083849979296483
0.44637789699588226 | [ -9.82 -12.82] | 1.2827522582156172
0.5495531090660902 | [ -7.88 -11.88] | 1.4362731847375765
0.6519579142865111 | [ -5.81 -10.77] | 1.564998542125919
0.753217864898282 | [-3.65 -9.5 ] | 1.6644728666947546
0.8529831405278496 | [-1.45 -8.11] | 1.7313630267002968
0.9509297161024884 | [ 0.74 -6.62] | 1.5231383736809823
1.0267166988627767 | [ 4.74 -4.65] | 0.9673767408390139
1.0622007286537154 | [ 8.04 -2.89] | 0.25437029212734447
1.0560541038946711 | [10.67 -0.86] | -0.5205791059660415
1.0085552400141764 | [12.95  1.84] | -0.9511561726227793
0.9365375592556737 | [12.77  7.39] | -0.9999130831076587
0.8557667472133907 | [12.97 11.29] | -0.976312553950149
0.7684504682543245 | [13.22 14.6 ] | -0.8903928851162322
0.6766973790164279 | [13.33 17.55] | -0.7657461126501485
0.5818160133368314 | [13.2  20.09] | -0.620101927595366
0.4845898243884876 | [12.78 22.2 ] | -0.4602706318722731
0.38572658695350304 | [12.07 23.9 ] | -0.2903878349381097
0.2859436058394105 | [11.1  25.21] | -0.11506969850930486
0.18590438749222837 | [ 9.89 26.14] | 0.06063141782057224
0.08616231516644218 | [ 8.5  26.74] | 0.23194151005880392
-0.012846778607420173 | [ 6.96 27.03] | 0.39473571057719725
-0.11077950780881653 | [ 5.31 27.04] | 0.5454751789134638
-0.20736590532480267 | [ 3.59 26.78] | 0.6811147857132689
-0.30242960136787067 | [ 1.85 26.28] | 0.7998902274721341
-0.3958640747861505 | [ 0.11 25.58] | 0.8373224461930399
-0.47389734886956614 | [-3.56 22.17] | 0.6451894652781466
-0.510457081630576 | [-8.85 15.1 ] | 0.22269341900642156
-0.4938658799657039 | [-13.13   6.94] | -0.24584801732911987
-0.4290923637789285 | [-16.76  -1.1 ] | -0.40505486083498
-0.34306965325446853 | [-16.32  -5.88] | -0.2825473186356043
-0.25372608826733706 | [-16.28  -8.86] | -0.12364661583216602
-0.1605215858326712 | [-16.23 -11.  ] | 0.06972194563569173
-0.06389513564924493 | [-16.   -12.56] | 0.28183367879990984
0.03560589941736168 | [-15.43 -13.54] | 0.4993730317429451
0.137220426755211 | [-14.47 -13.97] | 0.7137285062168195
0.24012993479724482 | [-13.17 -13.92] | 0.9188737432076762
0.3436352688853396 | [-11.6  -13.51] | 1.1103890227221835
0.4471926645827291 | [ -9.82 -12.8 ] | 1.2846105979250964
0.550367294840364 | [ -7.88 -11.87] | 1.437962388267039
0.6527717965476317 | [ -5.81 -10.75] | 1.5665006269879764
0.7540317292346909 | [-3.65 -9.48] | 1.6657784339517072
0.8537973327409342 | [-1.45 -8.09] | 1.7324692798314831
0.9517446749159176 | [ 0.74 -6.6 ] | 1.5235425727712568
1.0275150964071043 | [ 4.74 -4.63] | 0.966809746726393
1.0629642697323698 | [ 8.04 -2.88] | 0.25302895830847916
1.056775413559978 | [10.66 -0.86] | -0.5225013379548737
1.0092329124004857 | [12.94  1.83] | -0.9531474508328914
0.9371805679385751 | [12.76  7.39] | -1.0017846812821642
0.8563827003732741 | [12.96 11.28] | -0.9781057192748823
0.769045672490453 | [13.21 14.6 ] | -0.8921281681514344
0.6772768380704957 | [13.32 17.55] | -0.7674539853577236
0.5823833007066319 | [13.19 20.09] | -0.6217939843252597
0.4851480875136739 | [12.77 22.2 ] | -0.46194497159296594
0.38627899568064045 | [12.06 23.9 ] | -0.29203861863842606
0.28649323972946933 | [11.09 25.2 ] | -0.11669117499193497
0.18645398703914434 | [ 9.89 26.14] | 0.05904475698142046
0.08671416486252109 | [ 8.49 26.74] | 0.23039542425309156
-0.012290807018569348 | [ 6.95 27.03] | 0.39323613654933115
-0.11021783705984887 | [ 5.3  27.04] | 0.5440263555306203
-0.20679730379336092 | [ 3.58 26.78] | 0.679719634714971
-0.3018532367717006 | [ 1.84 26.28] | 0.7985536027143378
-0.3952793494323221 | [ 0.11 25.58] | 0.8358801432421642
-0.4732246203701152 | [-3.58 22.16] | 0.6439105935733592
-0.5096424371353382 | [-8.87 15.08] | 0.22217437338289311
-0.49292392698529597 | [-13.15   6.93] | -0.24523852017456196
-0.42804683788635856 | [-16.77  -1.12] | -0.40358133152247677
-0.3419561938169262 | [-16.33  -5.89] | -0.280701320041632
-0.2525714250358368 | [-16.29  -8.86] | -0.12153136344874625
-0.15934287686261603 | [-16.24 -11.  ] | 0.0720082742355447
-0.06270184984871675 | [-16.01 -12.55] | 0.2842158006132733
0.036809099057751406 | [-15.44 -13.53] | 0.501796893771877
0.13843145515197014 | [-14.48 -13.96] | 0.7161537494433684
0.24134829586276044 | [-13.17 -13.91] | 0.9212729761278626
0.3448616694559703 | [-11.6 -13.5] | 1.1127458137046622
0.448428740325038 | [ -9.82 -12.79] | 1.2869155760402835
0.551615352916094 | [ -7.88 -11.86] | 1.4402091602273128
0.6540345878608735 | [ -5.81 -10.74] | 1.5686827248889943
0.7553121294299443 | [-3.65 -9.47] | 1.6678828340830203
0.8550979102387328 | [-1.45 -8.08] | 1.734467391907744
0.9530672858195626 | [ 0.74 -6.59] | 1.5244736223864317
1.028806065421919 | [ 4.75 -4.63] | 0.9665545163747921
1.0641890037620747 | [ 8.04 -2.88] | 0.2523771730372307
1.0579542534813737 | [10.66 -0.87] | -0.5241869875552034
1.010350225600547 | [12.94  1.81] | -0.9558079391275915
0.9382193810050806 | [12.76  7.37] | -1.0042870329723952
0.8573646110881296 | [12.96 11.27] | -0.9804370956530508
0.7699902792070822 | [13.21 14.59] | -0.8943370213250288
0.6781991272844892 | [13.32 17.54] | -0.769589729540821
0.5832939612722294 | [13.18 20.08] | -0.6239069192520328
0.48605391192057457 | [12.77 22.19] | -0.46406447557495145
0.3871839449412437 | [12.06 23.89] | -0.29417121113391204
0.28739951456085616 | [11.09 25.2 ] | -0.11882804453419944
0.18736280102371003 | [ 9.88 26.14] | 0.056919919508014144
0.08762620326420012 | [ 8.49 26.74] | 0.2283015105062493
-0.0113751512893412 | [ 6.95 27.03] | 0.39119239019442736
-0.10929835770149893 | [ 5.3  27.03] | 0.5420512891685777
-0.20587395141457102 | [ 3.59 26.78] | 0.6778299903304121
-0.30092610068466286 | [ 1.84 26.28] | 0.7967642728099368
-0.39434862125247644 | [ 0.11 25.58] | 0.8346702108626562
-0.4723360454779259 | [-3.57 22.17] | 0.643802667899784
-0.5088250664717688 | [-8.86 15.09] | 0.22313912451594128
-0.4921674640080898 | [-13.15   6.94] | -0.24345696365236966
-0.42733988527522226 | [-16.78  -1.11] | -0.4016256940853751
-0.3412817603592847 | [-16.34  -5.88] | -0.2788957496180565
-0.25191624799078893 | [-16.29  -8.85] | -0.11979681754224347
-0.15869852981615556 | [-16.25 -10.99] | 0.07371003250653715
-0.062063570393378 | [-16.01 -12.54] | 0.28590148278219324
0.037443917891053884 | [-15.44 -13.52] | 0.5034608627563215
0.1390643871673865 | [-14.48 -13.95] | 0.7177788266050378
0.24198037170600786 | [-13.18 -13.9 ] | 0.9228387459538351
0.3454935878329618 | [-11.6  -13.49] | 1.1142325145764373
0.4490610082331729 | [ -9.82 -12.78] | 1.2883054386715735
0.5522483987933884 | [ -7.88 -11.84] | 1.44148676803338
0.654668845426787 | [ -5.81 -10.73] | 1.569836083373663
0.7559480489208247 | [-3.65 -9.46] | 1.66890472794287
0.8557359505859266 | [-1.45 -8.07] | 1.7353533061619535
0.9537078968952523 | [ 0.74 -6.58] | 1.5248088471155903
1.0294327548597426 | [ 4.75 -4.62] | 0.9661580030164786
1.06478655315715 | [ 8.04 -2.88] | 0.2514547957485753
1.05851996881726 | [10.66 -0.87] | -0.5255707726991481
1.0108818809417253 | [12.94  1.81] | -0.9573224580262119
0.9387212618296051 | [12.75  7.37] | -1.0057077686478941
0.8578437085522811 | [12.95 11.27] | -0.9817894451346119
0.7704525421361981 | [13.2  14.58] | -0.8956391669507324
0.6786492124512695 | [13.31 17.54] | -0.7708662489532551
0.583735184480741 | [13.18 20.08] | -0.6251703210461997
0.48648893192288234 | [12.76 22.19] | -0.4653166188640187
0.38761515565227583 | [12.06 23.89] | -0.29540924174785194
0.28782907962505905 | [11.08 25.2 ] | -0.12004768165509423
0.18779257237835198 | [ 9.88 26.13] | 0.055723537746937224
0.08805769247722345 | [ 8.49 26.74] | 0.2271336711006177
-0.010940722077974935 | [ 6.95 27.03] | 0.39005854282928243
-0.1088599703044031 | [ 5.3  27.03] | 0.5409557425163355
-0.20543082160377552 | [ 3.58 26.77] | 0.6767760751584015
-0.30047770951990804 | [ 1.84 26.28] | 0.7957563905370381
-0.39389460735795506 | [ 0.11 25.57] | 0.8336485202236371
-0.4718299492522861 | [-3.58 22.16] | 0.6429840710308011
-0.508235255950104 | [-8.87 15.08] | 0.2228983595626104
-0.4915022848525448 | [-13.16   6.93] | -0.24290874833580534
-0.42661339153787226 | [-16.79  -1.12] | -0.40051436079116787
-0.3405150525245274 | [-16.35  -5.88] | -0.27756223706205596
-0.25112510596093357 | [-16.3   -8.85] | -0.11829939189196462
-0.15789309197353127 | [-16.25 -10.99] | 0.07531263576257188
-0.06124942331413892 | [-16.02 -12.54] | 0.2875630465138258
0.03826404353462 | [-15.44 -13.52] | 0.5051466032584722
0.1398893037137575 | [-14.48 -13.94] | 0.7194616160703012
0.24280985149867196 | [-13.18 -13.9 ] | 0.9244994048224271
0.3463281375260361 | [-11.6  -13.48] | 1.115858880858104
0.4499017074421259 | [ -9.82 -12.77] | 1.289890007985065
0.5530967468551433 | [ -7.88 -11.84] | 1.4430241346526844
0.6555266244905625 | [ -5.81 -10.72] | 1.5713210984305992
0.7568171236070682 | [-3.65 -9.45] | 1.6703285318296144
0.8566179937164113 | [-1.44 -8.06] | 1.7366974236533101
0.9546041307389124 | [ 0.75 -6.57] | 1.5254231673473853
1.0303074359934605 | [ 4.75 -4.61] | 0.9659510059092734
1.0656161386321532 | [ 8.04 -2.88] | 0.25094981133521066
1.0593170854660128 | [10.65 -0.87] | -0.5267696832763546
1.0116365634340052 | [12.94  1.79] | -0.9591483429456666
0.939423278556819 | [12.75  7.36] | -1.0074232153371847
0.8585074395861818 | [12.95 11.26] | -0.9833887113146234
0.7710909989755228 | [13.2  14.58] | -0.8971549479261669
0.6792723519452287 | [13.31 17.53] | -0.7723324893003205
0.5843501038138929 | [13.18 20.07] | -0.6266203071823495
0.4871001919494065 | [12.76 22.19] | -0.46676933612549165
0.38822549538284135 | [12.05 23.88] | -0.2968687312718009
0.2884400994547416 | [11.08 25.19] | -0.1215081227085136
0.18840521686687173 | [ 9.88 26.13] | 0.05427278881086098
0.08867253870935315 | [ 8.49 26.73] | 0.22570495393841494
-0.010323309922206383 | [ 6.95 27.02] | 0.388664454173823
-0.10823976571854493 | [ 5.3  27.03] | 0.5396083244237457
-0.20480771968196002 | [ 3.58 26.77] | 0.6754861781590117
-0.29985171815125033 | [ 1.84 26.28] | 0.794533816251252
-0.39326581393099985 | [ 0.11 25.57] | 0.8327880705819738
-0.4712226383182031 | [-3.57 22.17] | 0.6428352812842891
-0.5076646259351376 | [-8.87 15.09] | 0.22347931008766297
-0.49096263102479876 | [-13.16   6.93] | -0.24173837196792639
-0.4260988850289689 | [-16.79  -1.11] | -0.3991798422229332
-0.34001706188396863 | [-16.35  -5.87] | -0.2763001857461648
-0.25063683314099 | [-16.3   -8.85] | -0.11706592079445895
-0.15741022834671015 | [-16.26 -10.98] | 0.0765357720838925
-0.06076951970284221 | [-16.02 -12.53] | 0.2887818174786675
0.03874235918572788 | [-15.45 -13.51] | 0.5063540736186682
0.14036690331559443 | [-14.49 -13.93] | 0.7206443511864669
0.24328735834307416 | [-13.18 -13.89] | 0.9256427110063744
0.34680603741044824 | [-11.61 -13.47] | 1.1169491576934119
0.4503804211956928 | [ -9.82 -12.76] | 1.2909153587215494
0.5535766864821314 | [ -7.88 -11.83] | 1.4439743431622016
0.6560082324924967 | [ -5.81 -10.71] | 1.5721881152954942
0.7573008609753625 | [-3.65 -9.45] | 1.6711069510928318
0.8571043085986666 | [-1.44 -8.06] | 1.737382619867907
0.9550934224215243 | [ 0.75 -6.57] | 1.525688816660072
1.0307856760556333 | [ 4.75 -4.61] | 0.9656745407352837
1.0660713026329396 | [ 8.04 -2.87] | 0.2503142774242965
1.0597487024570442 | [10.65 -0.87] | -0.5277603369463048
1.0120423515766568 | [12.93  1.79] | -0.9602788235761935
0.9398050652424464 | [12.75  7.36] | -1.0084825078821056
0.8588710702525295 | [12.95 11.26] | -0.9843925133524101
0.7714415172105291 | [13.2  14.57] | -0.8981181381679626
0.6796136797534537 | [13.3  17.53] | -0.7732741106306635
0.5846850304365594 | [13.17 20.07] | -0.6275516312786815
0.4874308410421826 | [12.75 22.18] | -0.46769349161534185
0.38855364426775874 | [12.05 23.88] | -0.2977844189104948
0.288767268363012 | [11.08 25.19] | -0.1224121857409686
0.1887326650664255 | [ 9.87 26.13] | 0.05338434716876575
0.08900127488888215 | [ 8.48 26.73] | 0.22483657189793274
-0.00999248018229993 | [ 6.94 27.02] | 0.38782070608681385
-0.1079061785694495 | [ 5.3  27.03] | 0.5387930144388474
-0.20447087057658905 | [ 3.58 26.77] | 0.6747023918501476
-0.2995112803243817 | [ 1.84 26.28] | 0.7937852257224655
-0.39292156728558186 | [ 0.11 25.57] | 0.8320643368704826
-0.4708474130785825 | [-3.58 22.16] | 0.6423051437406561
-0.5072397962862809 | [-8.87 15.08] | 0.2233809071630338
-0.49049295088658285 | [-13.16   6.93] | -0.24128428075598463
-0.4255927138345932 | [-16.8   -1.11] | -0.3983550330260284
-0.33948695822431585 | [-16.36  -5.88] | -0.2753418062359815
-0.2500921584574359 | [-16.31  -8.85] | -0.11600675290889587
-0.1568570032164962 | [-16.26 -10.98] | 0.07766030863407716
-0.06021105556422347 | [-16.03 -12.53] | 0.2899430648370155
0.03930445828836193 | [-15.45 -13.51] | 0.5075294123685189
0.14093196327619636 | [-14.49 -13.93] | 0.7218154110427576
0.24385528955989996 | [-13.18 -13.88] | 0.9267960373675322
0.34737720238262937 | [-11.61 -13.47] | 1.1180758351245084
0.45095553911800856 | [ -9.82 -12.76] | 1.2920095716986684
0.5541567414229407 | [ -7.88 -11.82] | 1.4450317556671015
0.6565943904496931 | [ -5.81 -10.7 ] | 1.573204749731133
0.7578943426106813 | [-3.64 -9.44] | 1.6720767342032614
0.8577062132114691 | [-1.44 -8.05] | 1.7382934799464538
0.9557045610213065 | [ 0.75 -6.56] | 1.5260982285966065
1.03138206090086 | [ 4.76 -4.61] | 0.9655136127982863
1.0666368343279937 | [ 8.04 -2.87] | 0.24993252436366792
1.0602913039840938 | [10.65 -0.87] | -0.5286115754699015
1.0125555881302282 | [12.93  1.78] | -0.961537546876168
0.9402827126454338 | [12.74  7.35] | -1.0096640217958572
0.8593227811992692 | [12.95 11.25] | -0.9854947033491024
0.7718760016498035 | [13.19 14.57] | -0.8991632018927296
0.6800376071213611 | [13.3  17.53] | -0.7742854458952648
0.5851031520303104 | [13.17 20.07] | -0.6285514390268496
0.48784624089701145 | [12.75 22.18] | -0.4686941501072809
0.388968221965508 | [12.05 23.88] | -0.29878844414518235
0.2891821794751119 | [11.07 25.19] | -0.12341568554021055
0.18914862586894599 | [ 9.87 26.13] | 0.052388397621870406
0.08941874558234814 | [ 8.48 26.73] | 0.2238563193660922
-0.009573193244732672 | [ 6.94 27.02] | 0.38686448147563773
-0.1074848694711283 | [ 5.3  27.03] | 0.5378687326836593
-0.20404742533609163 | [ 3.58 26.77] | 0.6738171584394328
-0.2990856729593042 | [ 1.84 26.28] | 0.7929455503550366
-0.3924938320132761 | [ 0.11 25.57] | 0.8314538770019493
-0.4704301405560002 | [-3.58 22.16] | 0.6421595165566926
-0.5068407004600928 | [-8.87 15.09] | 0.22373472735908134
-0.49010890023213993 | [-13.17   6.93] | -0.2405071918977209
-0.425220857266317 | [-16.8   -1.11] | -0.39743882533401736
-0.3391231103280141 | [-16.36  -5.87] | -0.2744578923402349
-0.24973297404592903 | [-16.31  -8.84] | -0.11513087174999873
-0.15650037052370236 | [-16.26 -10.98] | 0.07853610495980588
-0.05985576338653538 | [-16.03 -12.53] | 0.29081970117805556
0.03965911271712471 | [-15.45 -13.5 ] | 0.5084003250166312
0.14128645970886183 | [-14.49 -13.92] | 0.7226703813665877
0.2442100087803331 | [-13.18 -13.88] | 0.9276245394538011
0.34773248307932003 | [-11.61 -13.46] | 1.1188684724414761
0.4513117140600469 | [ -9.82 -12.75] | 1.2927583182593894
0.5545141636472336 | [ -7.88 -11.82] | 1.4457297828270719
0.656953449782501 | [ -5.81 -10.7 ] | 1.5738466182484203
0.7582554459198877 | [-3.64 -9.43] | 1.6726584583860808
0.8580697476857502 | [-1.44 -8.05] | 1.7388109860745766
0.9560708554017291 | [ 0.75 -6.56] | 1.526302424412927
1.031739882967474 | [ 4.76 -4.6 ] | 0.9653209814585622
1.0669769860623683 | [ 8.04 -2.87] | 0.2494933843804296
1.0606142605482705 | [10.65 -0.87] | -0.5293180963219893
1.0128593336170826 | [12.93  1.78] | -0.9623699718359945
0.940567847703586 | [12.74  7.35] | -1.010443518701089
0.8595939405382391 | [12.94 11.25] | -0.9862310476744441
0.7721372184957116 | [13.19 14.57] | -0.8998680276116793
0.6802920058445756 | [13.3  17.52] | -0.7749731272841791
0.5853529534133743 | [13.17 20.07] | -0.6292313008801999
0.4880930825118319 | [12.75 22.18] | -0.4693694219271958
0.3892134071546999 | [12.04 23.88] | -0.2994586087717333
0.2894267768732615 | [11.07 25.19] | -0.12407843361784318
0.1893934969128048 | [ 9.87 26.13] | 0.051736211486616654
0.08966456908876377 | [ 8.48 26.73] | 0.2232182318647657
-0.009325881119154531 | [ 6.94 27.02] | 0.38624413729682683
-0.10723563135518172 | [ 5.29 27.03] | 0.5372692536429012
-0.20379593295582513 | [ 3.58 26.77] | 0.6732411426639099
-0.2988317181786159 | [ 1.84 26.28] | 0.7923959134595473
-0.3922372794330527 | [ 0.11 25.57] | 0.8309413326480649
-0.4701550155802116 | [-3.58 22.16] | 0.6418121328311773
-0.5065359642553346 | [-8.88 15.08] | 0.2237056911624098
-0.48977725921859894 | [-13.17   6.93] | -0.24014873936834213
-0.42486732135100186 | [-16.81  -1.11] | -0.39683385057677734
-0.3387552149723629 | [-16.36  -5.87] | -0.2737717920544804
-0.24935631611267733 | [-16.32  -8.84] | -0.11438205669549567
-0.15611855342090017 | [-16.27 -10.97] | 0.07932605298393863
-0.05947076481613991 | [-16.03 -12.52] | 0.2916328015877467
0.040046344834604675 | [-15.45 -13.5 ] | 0.5092217081043681
0.1416755432854261 | [-14.49 -13.92] | 0.7234875203507428
0.24460092128372 | [-13.19 -13.88] | 0.9284279817013976
0.34812548336561433 | [-11.61 -13.46] | 1.1196517335010199
0.4517072855468855 | [ -9.82 -12.75] | 1.2935169951454686
0.5549129587979581 | [ -7.88 -11.81] | 1.4464605159021744
0.6573562393365718 | [ -5.81 -10.7 ] | 1.574546401332845
0.7586630370457192 | [-3.64 -9.43] | 1.6733231023239943
0.8584828696943629 | [-1.44 -8.04] | 1.7394325158067412
0.9564900508825 | [ 0.75 -6.55] | 1.5265778702911637
1.032148930109271 | [ 4.76 -4.6 ] | 0.9651992485712818
1.067364822503411 | [ 8.04 -2.87] | 0.24920976222485255
1.0609859185746184 | [10.65 -0.88] | -0.5299216969663005
1.0132106049559997 | [12.93  1.77] | -0.9632413221439035
0.9408949022709799 | [12.74  7.35] | -1.0112608256534574
0.8599033087459947 | [12.94 11.25] | -0.9869939312660527
0.7724347780829973 | [13.19 14.56] | -0.9005916485059611
0.6805822600971952 | [13.3  17.52] | -0.7756736705310582
0.5856391089226041 | [13.16 20.06] | -0.6299236931233255
0.48837723895170637 | [12.75 22.18] | -0.4700618123644066
0.3894968857820393 | [12.04 23.88] | -0.30015257572221576
0.28971040768100664 | [11.07 25.18] | -0.12477134676414137
0.18967781327694055 | [ 9.87 26.12] | 0.0510490385561501
0.08994992558036297 | [ 8.48 26.73] | 0.22254223382391236
-0.009039240477539363 | [ 6.94 27.02] | 0.3855848793625866
-0.10694753522593278 | [ 5.29 27.02] | 0.536631992591189
-0.20350627831429519 | [ 3.58 26.77] | 0.6726305810139397
-0.29854046881426277 | [ 1.84 26.28] | 0.7918164141229995
-0.39194444391236416 | [ 0.11 25.57] | 0.8305088566048561
-0.4698669167221357 | [-3.58 22.16] | 0.6416867075150501
-0.5062563498220115 | [-8.88 15.09] | 0.22392399500712892
-0.4895044258597427 | [-13.17   6.93] | -0.23962761155692025
-0.4245999699595899 | [-16.81  -1.11] | -0.3962014835150834
-0.33849146443023803 | [-16.37  -5.87] | -0.27315165521859364
-0.24909462253532438 | [-16.32  -8.84] | -0.11376078991870582
-0.15585794906030154 | [-16.27 -10.97] | 0.07995129663216054
-0.05921068593562337 | [-16.03 -12.52] | 0.2922608305111486
0.04030624473245402 | [-15.45 -13.49] | 0.5098469532328539
0.14193552646232482 | [-14.49 -13.92] | 0.7241023567767818
0.24486122323142115 | [-13.19 -13.87] | 0.9290248946428631
0.3483863408054661 | [-11.61 -13.45] | 1.1202242064715802
0.4519689535118087 | [ -9.82 -12.75] | 1.2940595734424076
0.55517572155957 | [ -7.88 -11.81] | 1.4469685961844978
0.6576204157570007 | [ -5.81 -10.69] | 1.5750162827543854
0.7589289603048099 | [-3.64 -9.43] | 1.6737518786770877
0.858750853161881 | [-1.44 -8.04] | 1.739816858834105
0.9567603532300484 | [ 0.75 -6.55] | 1.5267315198189106
1.0324128840299827 | [ 4.76 -4.6 ] | 0.9650649482229977
1.0676155426977951 | [ 8.04 -2.87] | 0.24890537951301048
1.0612241935488202 | [10.65 -0.88] | -0.5304242581650352
1.0134347822251764 | [12.93  1.77] | -0.9638481817331527
0.9411050133641721 | [12.74  7.35] | -1.0118288824574784
0.8601029082734696 | [12.94 11.25] | -0.9875293342528171
0.7726269769452918 | [13.19 14.56] | -0.9011032346573479
0.6807694624074522 | [13.3  17.52] | -0.7761720989465309
0.5858230230923758 | [13.16 20.06] | -0.6304163089640421
0.4885590983186835 | [12.75 22.18] | -0.47055146580871354
0.3896776374898553 | [12.04 23.88] | -0.3006391238626014
0.28989080338751994 | [11.07 25.18] | -0.1252531113665511
0.18985844553003542 | [ 9.87 26.12] | 0.05057446238038997
0.0901312548284057 | [ 8.48 26.72] | 0.22207757180885213
-0.008856854079139543 | [ 6.94 27.02] | 0.38513294004732757
-0.10676380054997768 | [ 5.29 27.02] | 0.5361952274138879
-0.20332097934715054 | [ 3.58 26.77] | 0.672211062229275
-0.2983534713453758 | [ 1.84 26.28] | 0.7914163834760587
-0.3917556636487789 | [ 0.11 25.57] | 0.830145992450457
-0.46966688716712846 | [-3.58 22.16] | 0.641456503238422
Total reward: 282.43342196352984
