-1.8, 1.9, -6.0, 4.7, -3.1, -2.6, -0.1, 5.4, 5.7, 5.7, 5.3, -1.9, 2.2, -2.0, 0.6, 0.8, -0.8, 4.4
parameter ends

state | action | reward
[-0.08] | [-1.71  4.64] | -0.08665359958812362
-0.04414426703088877 | [-8.13  0.62] | -0.15629652931917984
0.03683245057054916 | [-10.85  -2.88] | -0.13787895071575865
0.12975870639665735 | [-8.86 -5.36] | 0.017972520780408213
0.22287795781807868 | [-7.44 -6.83] | 0.22301979328488872
0.3185398778779144 | [-6.03 -7.55] | 0.44154353742608
0.4161263927674194 | [-4.46 -7.57] | 0.6446488361826863
0.5141376979373088 | [-2.72 -7.06] | 0.8180067004972813
0.6112049581825164 | [-0.9  -6.22] | 0.9474161157030654
0.7050665368727689 | [ 1.09 -5.17] | 0.7987117542707157
0.7691878804498522 | [ 5.41 -4.28] | 0.32477832616407
0.7852186684599999 | [ 8.62 -3.55] | -0.27397151314297463
0.7552506411754842 | [11.23 -2.41] | -0.8775005726536994
0.6825043346839095 | [13.54 -0.35] | -1.2401054940815015
0.5815321725539676 | [14.57  3.37] | -1.1750451841578393
0.4758708717077715 | [13.39  8.07] | -0.9212252980953545
0.37432834916623015 | [12.59 11.73] | -0.6839807870629117
0.2740063883499855 | [11.89 15.06] | -0.4455370032431392
0.1732949518299666 | [11.11 18.17] | -0.20747886607288032
0.07137545687932921 | [10.13 20.98] | 0.028719297936624893
-0.03180307118291699 | [ 8.9  23.46] | 0.2605329713272159
-0.13589584630304194 | [ 7.45 25.58] | 0.48471423156050897
-0.24045391782303535 | [ 5.81 27.35] | 0.6979751053654842
-0.3450433043074702 | [ 4.01 28.78] | 0.8971188345944664
-0.44926541864008324 | [ 2.09 29.86] | 1.078873648491462
-0.5527409286787652 | [ 0.06 30.58] | 1.1706352434314085
-0.6436014765999697 | [-3.1  28.83] | 1.0690381479554925
-0.7021120123676717 | [-6.8  24.46] | 0.7699348634770636
-0.7202111970085571 | [-9.69 18.93] | 0.3095346478943211
-0.6966208607790668 | [-12.19  11.62] | -0.23566572456793686
-0.6306260648814329 | [-14.55   3.54] | -0.7099548142832425
-0.5290791396566003 | [-16.62  -3.73] | -0.8030640196482131
-0.41887314938446407 | [-14.8   -6.98] | -0.5908772462206909
-0.315034213648543 | [-13.59  -8.46] | -0.3642817880791715
-0.21402032141411437 | [-12.54  -9.32] | -0.1306826312386821
-0.11374312322046437 | [-11.48  -9.78] | 0.0997806919650041
-0.013146673927999872 | [-10.27  -9.87] | 0.3217531856841543
0.08788983976238676 | [-8.88 -9.61] | 0.5309648985360543
0.18900750945897837 | [-7.31 -9.04] | 0.7233764752052385
0.28971311859074744 | [-5.61 -8.24] | 0.8955448404692056
0.38952832973464757 | [-3.82 -7.27] | 1.0447056432818298
0.48802702435633166 | [-1.96 -6.17] | 1.1686937798787018
0.5848671321491289 | [-0.1 -5. ] | 1.1671818619198575
0.667007248944522 | [ 3.13 -3.51] | 0.8662097218443274
0.7105512590883659 | [ 7.25 -2.35] | 0.2940724147890061
0.704554852929793 | [10.35 -1.21] | -0.3623436603608443
0.6509009779919545 | [12.9   0.57] | -0.7327551036969702
0.5691375048136024 | [12.59  5.02] | -0.7158819833139977
0.4797126860624722 | [11.92  9.12] | -0.5824460241111756
0.3868335480760271 | [11.41 12.66] | -0.4093859637719541
0.2910033630195838 | [10.83 15.95] | -0.21276462364966814
0.1927126150396962 | [10.05 18.89] | -0.00782138254658149
0.09252739673321711 | [ 9.01 21.43] | 0.1973253535748841
-0.008832782297451804 | [ 7.73 23.54] | 0.3968948640076318
-0.11064766085872652 | [ 6.24 25.23] | 0.5862054011473113
-0.21229813725386865 | [ 4.58 26.52] | 0.7613974788643364
-0.3132760847179783 | [ 2.8  27.43] | 0.9191425892820911
-0.41315105844391947 | [ 0.94 27.98] | 1.052144991817565
-0.5106394065211046 | [-1.08 28.01] | 0.9920119970337148
-0.5776846762968932 | [-6.07 22.51] | 0.6675432151702307
-0.5945536862217357 | [-9.84 15.84] | 0.1812020240074634
-0.5631713583057023 | [-12.98   7.61] | -0.3345547971329809
-0.4871840441304257 | [-15.59  -0.48] | -0.5691535502693231
-0.389474376217684 | [-14.98  -5.18] | -0.4666769581753192
-0.29047009961105585 | [-13.76  -7.22] | -0.26878936840158124
-0.19247615934898227 | [-12.83  -8.45] | -0.05214116118789684
-0.09380081522516756 | [-11.9  -9.2] | 0.17326103770862472
0.0062489743552277335 | [-10.8   -9.52] | 0.3969814834897707
0.1075470626571837 | [-9.47 -9.42] | 0.6118554704812679
0.20954054951653636 | [-7.9  -8.98] | 0.8123668612695933
0.3116048265729926 | [-6.16 -8.26] | 0.9942945250568976
0.413182758250345 | [-4.29 -7.34] | 1.1542446299929383
0.5137941042846088 | [-2.34 -6.27] | 1.289181808584299
0.6130191871639685 | [-0.34 -5.11] | 1.3275848536805395
0.7016498357700408 | [ 2.56 -3.72] | 1.0873228216540787
0.7562577486380012 | [ 6.6  -2.67] | 0.5606646305849466
0.7640207816902105 | [ 9.57 -1.9 ] | -0.09394647584752816
0.7254143415907702 | [12.   -0.71] | -0.6933908608344492
0.646752012497285 | [13.71  1.77] | -0.8662736691353121
0.5527399462057719 | [12.57  6.78] | -0.724537612740498
0.457995995817622 | [11.9  10.62] | -0.553675319622491
0.36165412351343845 | [11.3  14.07] | -0.3577324309533767
0.26356973104061765 | [10.6  17.22] | -0.15200785074123277
0.16376769367947283 | [ 9.7 20. ] | 0.05533874820959711
0.06263610623807538 | [ 8.55 22.36] | 0.2594253833386547
-0.03922241365379667 | [ 7.17 24.3 ] | 0.45590261630349516
-0.14119681009911 | [ 5.61 25.84] | 0.6408378612400539
-0.2427570188193105 | [ 3.9  26.99] | 0.8107375294556377
-0.3434537396449522 | [ 2.08 27.77] | 0.9623636797059874
-0.44289164503965855 | [ 0.19 28.19] | 1.0372621707755867
-0.529334511368053 | [-3.04 26.21] | 0.9010341964132474
-0.5788863493747098 | [-7.53 20.54] | 0.5249160851358853
-0.5797609588180532 | [-11.05  13.26] | 0.017278727539468103
-0.532674730008935 | [-14.04   4.87] | -0.45685118565703947
-0.4443390104913653 | [-16.41  -2.74] | -0.5625221794002706
-0.3433580012663892 | [-14.64  -5.94] | -0.3767214423659324
-0.2454593908571851 | [-13.56  -7.62] | -0.17329417957436233
-0.14763611636652535 | [-12.67  -8.67] | 0.04742551306101141
-0.04863789069640888 | [-11.7   -9.28] | 0.27353325758627856
0.05189814846704703 | [-10.52  -9.45] | 0.4958652322733923
0.15363039705716902 | [-9.1  -9.24] | 0.7077389374131869
0.2559428363216767 | [-7.46 -8.7 ] | 0.904061228329156
0.35822284542238614 | [-5.65 -7.91] | 1.0809080040594155
0.4599401443539157 | [-3.73 -6.94] | 1.2349721069774222
0.56063225870735 | [-1.73 -5.84] | 1.363093741823443
0.6598928659068196 | [ 0.31 -4.66] | 1.31920668129592
0.7402584599524403 | [ 3.96 -3.27] | 0.9755323286216733
0.7810005750249626 | [ 7.53 -2.5 ] | 0.4048094542374028
0.7761743845847399 | [10.22 -1.8 ] | -0.269054454208618
0.725750217391587 | [12.49 -0.52] | -0.8185934435475075
0.6391895163966999 | [13.81  2.36] | -0.9237988105029898
0.541141949628188 | [12.64  7.3 ] | -0.7513033338551729
0.4440030592559974 | [11.91 11.12] | -0.5611162937889904
0.3462857594772717 | [11.26 14.56] | -0.35458445510474196
0.24733919927919348 | [10.51 17.7 ] | -0.143169590330308
0.1469386205484177 | [ 9.56 20.44] | 0.0677506987503361
0.04537358130219505 | [ 8.36 22.78] | 0.2743571787395049
-0.05680931467354089 | [ 6.94 24.69] | 0.4727556945239269
-0.15904027130421294 | [ 5.34 26.21] | 0.6592381519938357
-0.26081647061543967 | [ 3.6  27.34] | 0.8303826747939247
-0.36170127467901125 | [ 1.76 28.11] | 0.9828773198453122
-0.46130217863365647 | [-0.15 28.51] | 1.034427600193091
-0.5433979336898342 | [-3.87 25.7 ] | 0.8691490415777571
-0.585917820889467 | [-8.08 20.03] | 0.4821927302711034
-0.5809812903664263 | [-11.46  12.66] | -0.02286978738263507
-0.5289286923059228 | [-14.36   4.32] | -0.4784287772862168
-0.43707031545436675 | [-16.68  -3.13] | -0.5647629199960233
-0.33401365700316965 | [-14.83  -6.13] | -0.36826951149315007
-0.23497615128192081 | [-13.71  -7.69] | -0.15880666254294956
-0.13654448299341612 | [-12.77  -8.67] | 0.06520586040157295
-0.03720682562992682 | [-11.78  -9.23] | 0.29313358800271466
0.06354460556131536 | [-10.58  -9.38] | 0.5165707537813362
0.1654444507991279 | [-9.14 -9.14] | 0.7291880988398011
0.2679175189509887 | [-7.48 -8.59] | 0.9260637351599085
0.3703727800848925 | [-5.66 -7.8 ] | 1.103344220093564
0.4722904839773737 | [-3.72 -6.83] | 1.2577286679629387
0.5732121142892986 | [-1.7  -5.73] | 1.3860210974713718
0.672728859193965 | [ 0.35 -4.55] | 1.3355337220377492
0.7529447455778848 | [ 4.03 -3.2 ] | 0.983787281428855
0.7934263360834066 | [ 7.54 -2.51] | 0.40951207436070614
0.7887126151112014 | [10.17 -1.9 ] | -0.2702320889959994
0.7385754346298226 | [12.4  -0.72] | -0.8517960097944688
0.6509152321111089 | [13.99  1.83] | -0.9771017512300592
0.5512153150948245 | [12.72  6.95] | -0.7940494565315565
0.4532894236443744 | [11.95 10.84] | -0.5989050750347729
0.3552305480607091 | [11.28 14.32] | -0.38963161674922736
0.2561610338105881 | [10.54 17.49] | -0.17627917988170153
0.15571332130330567 | [ 9.6  20.28] | 0.03639780655828271
0.05410210216096831 | [ 8.41 22.65] | 0.24496524041221734
-0.04815632176748372 | [ 7.01 24.61] | 0.4456807875222618
-0.15050089672700395 | [ 5.42 26.17] | 0.6348665027715243
-0.2524290935824919 | [ 3.69 27.35] | 0.8090804222906448
-0.3535016622844748 | [ 1.85 28.16] | 0.9649693978139198
-0.45332096762780194 | [-0.06 28.6 ] | 1.0297315802067994
-0.5369568866962493 | [-3.64 26.09] | 0.8858819045125569
-0.5822054985461912 | [-7.88 20.58] | 0.518646342232455
-0.5803309220930943 | [-11.28  13.38] | 0.025038687806788335
-0.5314394581744462 | [-14.21   5.08] | -0.4331399652432717
-0.4420257645978143 | [-16.59  -2.47] | -0.5356426060177562
-0.3402035536161909 | [-14.83  -5.71] | -0.35229380669096916
-0.24168993485754545 | [-13.74  -7.38] | -0.14914668064013575
-0.14353468424254473 | [-12.82  -8.4 ] | 0.07127309103834371
-0.044430576325277096 | [-11.82  -8.97] | 0.29648726715487483
0.0560729087969323 | [-10.63  -9.13] | 0.5173523880496541
0.15770439527850624 | [-9.2 -8.9] | 0.727315334369715
0.2598872142186473 | [-7.56 -8.36] | 0.9213626064801524
0.36202522929588293 | [-5.76 -7.58] | 1.0956246831487075
0.46359423445429976 | [-3.83 -6.62] | 1.2468744825242717
0.5641354919011005 | [-1.84 -5.54] | 1.3721195735985159
0.6632459528950699 | [ 0.19 -4.37] | 1.33283733684411
0.7447648949521462 | [ 3.73 -3.05] | 0.9889807349905084
0.787350353289576 | [ 7.38 -2.36] | 0.4044135590763074
0.7837538049260391 | [10.09 -1.78] | -0.28502795987604895
0.7341214150371552 | [12.36 -0.62] | -0.8605998184963259
0.6473172303533412 | [13.79  2.04] | -0.9758769940488177
0.5487141165409097 | [12.56  7.08] | -0.7952264338728595
0.45143985537022013 | [11.82 10.95] | -0.60189796058836
0.3537212021207822 | [11.17 14.43] | -0.39386211059412524
0.2547794250307645 | [10.44 17.61] | -0.1810710551139811
0.15434354376207085 | [ 9.49 20.4 ] | 0.03160376624483357
0.05269983917857324 | [ 8.31 22.77] | 0.24047199445038941
-0.04959883971792495 | [ 6.9  24.72] | 0.44163851320198555
-0.15197805075815468 | [ 5.3  26.28] | 0.6313626178385073
-0.25393173860214685 | [ 3.56 27.45] | 0.8061668340133714
-0.3550191574067837 | [ 1.72 28.26] | 0.9626363606438976
-0.4548414884198797 | [-0.2 28.7] | 1.020890714149377
-0.5367883469352324 | [-3.95 25.89] | 0.8698572488272489
-0.5792630490440218 | [-8.1  20.39] | 0.5025998998272194
-0.5749839867421004 | [-11.46  13.14] | 0.01515290673418056
-0.523986307404792 | [-14.37   4.87] | -0.429841007730583
-0.433068673835609 | [-16.74  -2.59] | -0.5215162360351061
-0.33038117222675706 | [-14.95  -5.73] | -0.33370373182933016
-0.2314023678265392 | [-13.83  -7.34] | -0.12816632302124167
-0.13299336452899208 | [-12.89  -8.32] | 0.09356353752375438
-0.03373335639434501 | [-11.88  -8.87] | 0.3195303567973919
0.06688837592883835 | [-10.68  -9.01] | 0.5408173323038488
0.1686308834439675 | [-9.23 -8.77] | 0.7509694237833663
0.2709339132701768 | [-7.58 -8.23] | 0.9450406916342218
0.37321072729293797 | [-5.76 -7.45] | 1.119203386980726
0.47494232608298725 | [-3.82 -6.49] | 1.270238668452879
0.5756721357865391 | [-1.81 -5.4 ] | 1.3951294154773697
0.6749948673983758 | [ 0.23 -4.24] | 1.3488182729819551
0.7563064509263246 | [ 3.8  -2.96] | 0.9959407775686439
0.7985228487984694 | [ 7.39 -2.35] | 0.406520254972913
0.7948536976920036 | [10.05 -1.85] | -0.2891938649409617
0.7452892882662254 | [12.28 -0.79] | -0.8916745637911732
0.6574740711708293 | [13.93  1.6 ] | -1.022506979462055
0.5574874799583391 | [12.61  6.8 ] | -0.8321711986000274
0.4595664352922514 | [11.83 10.73] | -0.6344052296506325
0.36156845564334145 | [11.18 14.24] | -0.42408662878853454
0.2625219931494278 | [10.45 17.44] | -0.20978032001061536
0.16203987742782325 | [ 9.51 20.26] | 0.00426202497714602
0.06035028498914026 | [ 8.34 22.67] | 0.2146922060913682
-0.04201670166053365 | [ 6.94 24.66] | 0.4177444168693114
-0.144493414972864 | [ 5.35 26.25] | 0.6097057731076312
-0.24657449537485468 | [ 3.62 27.46] | 0.7870854401277283
-0.3478176626150763 | [ 1.78 28.3 ] | 0.9464358890740093
-0.44782043134706107 | [-0.14 28.77] | 1.0150402872098092
-0.5308823304708796 | [-3.79 26.19] | 0.8812501128079242
-0.5753574060973585 | [-7.95 20.82] | 0.5306003805242565
-0.5733878606875104 | [-11.32  13.71] | 0.053762969745947874
-0.5248199827073182 | [-14.26   5.49] | -0.39121950799770794
-0.43582038840696125 | [-16.68  -2.04] | -0.49469101656220493
-0.33411103264552766 | [-14.96  -5.37] | -0.31733718110014547
-0.2355388461024317 | [-13.87  -7.06] | -0.11686327907214791
-0.13733437816891447 | [-12.93  -8.07] | 0.10197122993653457
-0.03824452690457123 | [-11.92  -8.63] | 0.3257360723632313
0.06219243740509243 | [-10.72  -8.78] | 0.5449014370981438
0.16373173545972328 | [-9.29 -8.55] | 0.7528289689542013
0.26581364967755833 | [-7.64 -8.02] | 0.9445086177536174
0.36784881761637594 | [-5.84 -7.24] | 1.1161135574751886
0.4693158481042251 | [-3.92 -6.29] | 1.2644975843031954
0.5697590087933607 | [-1.92 -5.22] | 1.3868143961603956
0.6687781267877706 | [ 0.11 -4.07] | 1.3496454713797166
0.7512068040691819 | [ 3.55 -2.81] | 1.0022676679419191
0.7951883060092417 | [ 7.25 -2.22] | 0.4029097769478376
0.792463161257787 | [ 9.98 -1.76] | -0.302128412880974
0.7433333300124157 | [12.23 -0.73] | -0.9042404113976801
0.656039398067777 | [13.78  1.7 ] | -1.0291925581918464
0.5567063557896312 | [12.49  6.86] | -0.8390656664344538
0.459197822419797 | [11.72 10.78] | -0.6420047428352221
0.3614162716680488 | [11.08 14.3 ] | -0.4322813904580144
0.26244111680123744 | [10.36 17.51] | -0.21813319566383454
0.1619465695859239 | [ 9.43 20.34] | -0.0038116277670612944
0.06020988522832567 | [ 8.25 22.75] | 0.20717442743463213
-0.042213157400014405 | [ 6.85 24.75] | 0.4109544202862738
-0.1447456347692361 | [ 5.26 26.34] | 0.6037714920445594
-0.2468799253610001 | [ 3.53 27.55] | 0.7821071506249845
-0.3481726646161864 | [ 1.68 28.4 ] | 0.9424582962053009
-0.4482200530372683 | [-0.24 28.87] | 1.0077553773682952
-0.5300941571946544 | [-4.01 26.09] | 0.8709299048201289
-0.5726314310021611 | [-8.11 20.74] | 0.5227227291263392
-0.5690796219730788 | [-11.44  13.62] | 0.05242512048248473
-0.519190713314591 | [-14.37   5.43] | -0.3820253465371395
-0.42927099247319683 | [-16.79  -2.04] | -0.47875379776233074
-0.3270022285346445 | [-15.05  -5.32] | -0.2995591930612274
-0.2281034504215407 | [-13.95  -6.97] | -0.0980140138905306
-0.12971628735191687 | [-12.99  -7.96] | 0.12137112597870513
-0.030522787059352425 | [-11.98  -8.51] | 0.3453461767711731
0.06998104845384477 | [-10.77  -8.64] | 0.5644668478184866
0.17157571785346634 | [-9.32 -8.41] | 0.7721422174424774
0.27371552860785964 | [-7.67 -7.87] | 0.9634022007944605
0.37581845665121744 | [-5.85 -7.1 ] | 1.1344508758722323
0.47736688673342637 | [-3.93 -6.15] | 1.282160136020537
0.5779069351873789 | [-1.92 -5.08] | 1.4036929447062807
0.6770376253407329 | [ 0.12 -3.94] | 1.362404442760113
0.7594747637610624 | [ 3.56 -2.71] | 1.0085461688569302
0.8034354638127784 | [ 7.24 -2.18] | 0.40334492249522386
0.8007784067459792 | [ 9.93 -1.8 ] | -0.30842179122248825
0.7517385501547497 | [12.16 -0.85] | -0.9318550034424898
0.6637188982077696 | [13.86  1.37] | -1.0676663450839554
0.5634187670944267 | [12.5   6.65] | -0.8695168515348094
0.4654849238723256 | [11.71 10.61] | -0.6689504239343322
0.36752858083075507 | [11.06 14.16] | -0.4575390160817323
0.2684863793357431 | [10.34 17.39] | -0.2422740036986936
0.16795421236872538 | [ 9.42 20.25] | -0.02688031054618569
0.0661738187738495 | [ 8.26 22.69] | 0.18537971718113672
-0.03631150281684948 | [ 6.86 24.71] | 0.39071853317077354
-0.13892827922320516 | [ 5.28 26.33] | 0.5853949264039104
-0.24116913376176174 | [ 3.55 27.58] | 0.765878803270057
-0.34258953579487483 | [ 1.71 28.45] | 0.9286370633733497
-0.4427828923032659 | [-0.21 28.95] | 1.0011113664107947
-0.5252614303273427 | [-3.94 26.3 ] | 0.8767289604563997
-0.568923043684702 | [-8.03 21.05] | 0.5416009439567043
-0.5667998209107193 | [-11.36  14.04] | 0.08084794680636084
-0.5184891799152178 | [-14.3    5.89] | -0.3509873198068639
-0.429857255923554 | [-16.76  -1.62] | -0.45491319953991305
-0.3282395107662083 | [-15.07  -5.03] | -0.2832137311758392
-0.22959204743021866 | [-13.98  -6.74] | -0.08529954094836173
-0.13132054759353384 | [-13.03  -7.75] | 0.13198890826621773
-0.03222776992679802 | [-12.02  -8.3 ] | 0.3543307165633151
0.06815644775892879 | [-10.81  -8.44] | 0.5718239989086904
0.16961378378067013 | [-9.37 -8.21] | 0.7777447564645107
0.2716020777348014 | [-7.72 -7.68] | 0.9670856477853328
0.37353935897597446 | [-5.92 -6.91] | 1.136064204308073
0.4749075144723794 | [-4.   -5.97] | 1.2816184706285876
0.575254222824221 | [-2.   -4.91] | 1.4010462600296942
0.6741826751032572 | [ 0.02 -3.78] | 1.3663962607124842
0.7575089380190311 | [ 3.37 -2.58] | 1.0153912082342558
0.8028424872588366 | [ 7.13 -2.08] | 0.40082698774197895
0.8009260973891122 | [ 9.86 -1.74] | -0.31975628004685264
0.7522330857441015 | [12.09 -0.84] | -0.9483131193291688
0.6644080405041028 | [13.77  1.36] | -1.0822400096446165
0.5643426074996405 | [12.4   6.64] | -0.8820708568709088
0.46660110051848114 | [11.62 10.61] | -0.6811031726421785
0.36875189140012216 | [10.98 14.17] | -0.46968520881510095
0.2697348916197743 | [10.27 17.42] | -0.25422772376326996
0.16917386142200697 | [ 9.36 20.29] | -0.038326342727642605
0.06733841036375879 | [ 8.19 22.74] | 0.17469298861306795
-0.03521241124506114 | [ 6.8  24.77] | 0.3809846767210986
-0.1378995074942178 | [ 5.21 26.4 ] | 0.5767813149160345
-0.24021427324060288 | [ 3.48 27.65] | 0.7585332209926774
-0.3417114291366826 | [ 1.64 28.53] | 0.9226606163515211
-0.4419829869419572 | [-0.28 29.04] | 0.9946310610742447
-0.5237362180848675 | [-4.08 26.28] | 0.8709920549698632
-0.5662366426042067 | [-8.12 21.08] | 0.5406293661567931
-0.5632905304427138 | [-11.43  14.08] | 0.08687829752097886
-0.5143863945121907 | [-14.36   5.97] | -0.33662824591166685
-0.4253852154972331 | [-16.83  -1.51] | -0.43736678201522067
-0.32350567174104367 | [-15.14  -4.92] | -0.2661730769520347
-0.22466829963983934 | [-14.05  -6.62] | -0.06837983679213719
-0.12628117110297515 | [-13.09  -7.61] | 0.14877655063656264
-0.027130436852135946 | [-12.06  -8.15] | 0.3708460689247866
0.0732766972981243 | [-10.85  -8.28] | 0.5878783149636733
0.1747415279773461 | [-9.4  -8.05] | 0.7931502605041248
0.2767336696668841 | [-7.75 -7.52] | 0.9816729695955517
0.378676852746359 | [-5.94 -6.75] | 1.1496895495030612
0.48005574586329725 | [-4.02 -5.82] | 1.2941693272913295
0.5804198911635872 | [-2.02 -4.76] | 1.4124523921958674
0.6793731837076027 | [ 3.13e-03 -3.64e+00] | 1.3765926297916293
0.7629271063537041 | [ 3.33 -2.47] | 1.0214772708602355
0.808580886476485 | [ 7.09 -2.02] | 0.39996669112272
0.8068746990859358 | [ 9.81 -1.75] | -0.3278800440579514
0.7583014187814201 | [12.03 -0.92] | -0.9731529363445058
0.669984574858319 | [13.79  1.11] | -1.1139927065235011
0.5692886164962867 | [12.38  6.49] | -0.907185776625526
0.4712978422458882 | [11.58 10.49] | -0.7034908566992737
0.373353500784479 | [10.94 14.07] | -0.4908548034557049
0.2742936831129001 | [10.24 17.34] | -0.2745690176197247
0.17369571231570136 | [ 9.33 20.23] | -0.057792639828785616
0.07181225386241966 | [ 8.17 22.7 ] | 0.15631014772500618
-0.030801880615537215 | [ 6.78 24.76] | 0.3639372095212068
-0.13356851822549717 | [ 5.2  26.41] | 0.5613269934450807
-0.23597906760808463 | [ 3.48 27.69] | 0.7449198806910137
-0.3375874629520492 | [ 1.63 28.59] | 0.9111067552819367
-0.4379836458494367 | [-0.28 29.12] | 0.9878521646522519
-0.5199358673913967 | [-4.07 26.42] | 0.8728618745865035
-0.562859135452783 | [-8.09 21.3 ] | 0.5527157172407123
-0.5606406602318417 | [-11.39  14.38] | 0.10757437059026204
-0.5126385206818738 | [-14.32   6.3 ] | -0.31145474768270254
-0.42441748250581374 | [-16.83  -1.19] | -0.4159148192018016
-0.32291710567229526 | [-15.17  -4.69] | -0.24991785247072745
-0.22419872892048623 | [-14.09  -6.42] | -0.05463013805967261
-0.12585249238771692 | [-13.13  -7.42] | 0.16105096868292976
-0.026747070217737385 | [-12.1   -7.96] | 0.3819190219386248
0.07359046243971085 | [-10.88  -8.09] | 0.5976947614813378
0.17496748526050088 | [-9.44 -7.86] | 0.8015634763773015
0.2768598604518675 | [-7.8  -7.33] | 0.9885185850861402
0.3786935191607286 | [-5.99 -6.57] | 1.1548242937347035
0.47995403184982266 | [-4.07 -5.65] | 1.2975095145781954
0.5801929479864929 | [-2.09 -4.6 ] | 1.4140213215200113
0.6790175729421489 | [-0.07 -3.48] | 1.382791893865894
0.7632729112572569 | [ 3.18 -2.34] | 1.028429906637625
0.8099826364473333 | [ 7.   -1.93] | 0.3979897856010003
0.8088463822047803 | [ 9.75 -1.71] | -0.33826902380759066
0.7605385628397768 | [11.96 -0.94] | -0.9926237229833652
0.6721751644478018 | [13.73  1.02] | -1.1343098316152467
0.5714190643043797 | [12.3   6.43] | -0.9237593456043356
0.47346903315762157 | [11.5  10.45] | -0.7188382411423885
0.37555828036422906 | [10.87 14.04] | -0.5057770148596846
0.2764934737775057 | [10.18 17.33] | -0.2890739146133089
0.17585679714270097 | [ 9.28 20.24] | -0.07165490447975903
0.0739142386020022 | [ 8.12 22.72] | 0.143323545816292
-0.028770367303790245 | [ 6.73 24.79] | 0.35203430640593264
-0.13161565603103115 | [ 5.15 26.46] | 0.550702549027592
-0.23411252088903872 | [ 3.43 27.75] | 0.7357560738363885
-0.3358144459934138 | [ 1.59 28.67] | 0.903548128511128
-0.43631004191070777 | [-0.33 29.21] | 0.9816262991313305
-0.5178500892656067 | [-4.17 26.45] | 0.8698698035732435
-0.5601385242734307 | [-8.14 21.39] | 0.5559990418370263
-0.5576080925329419 | [-11.42  14.5 ] | 0.11819857952145284
-0.5095083813181794 | [-14.35   6.47] | -0.29389454699324785
-0.42130085140273 | [-16.86  -1.  ] | -0.3974400620725437
-0.3197507684323764 | [-15.22  -4.53] | -0.23347537542409894
-0.22094049323471157 | [-14.14  -6.27] | -0.03909574514083409
-0.1225242943213236 | [-13.18  -7.27] | 0.17599928185631375
-0.023389934544433978 | [-12.14  -7.8 ] | 0.3962742959656977
0.0769428575149341 | [-10.92  -7.93] | 0.6113120907313354
0.17829680391574487 | [-9.47 -7.69] | 0.8142684589941696
0.280158143372354 | [-7.83 -7.17] | 1.0001430561038136
0.38195766202642806 | [-6.02 -6.41] | 1.1652249097690601
0.4831832824223935 | [-4.11 -5.49] | 1.3065857166596264
0.5833886320423184 | [-2.12 -4.45] | 1.4217378494002526
0.6821828741126381 | [-0.1  -3.34] | 1.3915627725263868
0.7668333369944316 | [ 3.1  -2.22] | 1.0347886158140291
0.814114675159338 | [ 6.94 -1.87] | 0.3964916667621467
0.8132975061086077 | [ 9.69 -1.71] | -0.34746743786640505
0.7651396437218013 | [11.89 -1.  ] | -1.0158741184863742
0.6764272277308984 | [13.73  0.83] | -1.1861936453173207
0.573998797500485 | [12.49  6.07] | -0.98045396510597
0.4743937666525395 | [11.58 10.22] | -0.7611436829555225
0.375775134314847 | [10.9  13.86] | -0.5413027885811572
0.27639016176892606 | [10.22 17.21] | -0.3203377226440184
0.17554343756481877 | [ 9.33 20.19] | -0.09935583783330398
0.07337168039500142 | [ 8.19 22.74] | 0.11928484109434612
-0.029609105990073936 | [ 6.81 24.88] | 0.3320791285618207
-0.13283567507620814 | [ 5.23 26.62] | 0.5354039073352244
-0.23580747509135105 | [ 3.5  27.98] | 0.7257603825302615
-0.3380821608167227 | [ 1.65 28.97] | 0.8995234078070468
-0.4392457873567413 | [-0.29 29.59] | 0.9897017130162445
-0.5225169643688004 | [-3.99 27.1 ] | 0.8993126842173857
-0.5679986947293976 | [-7.89 22.33] | 0.6094341533094418
-0.5698504648729096 | [-11.11  15.76] | 0.18553739646914505
-0.5268626669026772 | [-14.     7.87] | -0.23370227358747894
-0.4430350186262938 | [-16.58   0.26] | -0.460215724868823
-0.33497328870435367 | [-17.24  -4.94] | -0.37670654849245744
-0.22632569019502058 | [-15.4   -6.63] | -0.14964383296435046
-0.12374301928841425 | [-14.11  -7.53] | 0.07929734896544735
-0.023016356243767015 | [-12.99  -8.08] | 0.31279794083300944
0.07798299105607208 | [-11.8   -8.32] | 0.5432783801795958
0.179985416410087 | [-10.4   -8.21] | 0.7644858562473773
0.28285245377846235 | [-8.77 -7.79] | 0.9712833350713717
0.38613148899713584 | [-6.96 -7.12] | 1.1596475928479206
0.48933203364570366 | [-5.   -6.25] | 1.326260041139386
0.5920004025237537 | [-2.94 -5.24] | 1.4680092829517657
0.6937128463637655 | [-0.81 -4.14] | 1.5596822794362195
0.7916424910535983 | [ 1.56 -2.96] | 1.3632870492437876
0.8613091922478545 | [ 5.55 -2.38] | 0.8483801451267894
0.8862154314811184 | [ 8.34 -2.42] | 0.18580612573380806
0.8671586551353523 | [10.44 -2.41] | -0.5495651198134662
0.8042410333431395 | [12.29 -1.65] | -1.1731185544770903
0.705234048709567 | [13.99  0.3 ] | -1.3702729013298367
0.5925885347541329 | [13.42  4.93] | -1.159953134932307
0.4847770018882021 | [12.12  9.47] | -0.8805007692139663
0.38230748963143 | [11.24 13.24] | -0.6317391132143606
0.2811869663592261 | [10.48 16.68] | -0.3953622107735675
0.17952041958478254 | [ 9.58 19.76] | -0.16463905854410754
0.0768203682421079 | [ 8.45 22.44] | 0.061974296822430094
-0.026678881838014864 | [ 7.08 24.71] | 0.28266556921580616
-0.13053100326330186 | [ 5.52 26.59] | 0.49451719848568115
-0.23428301571528914 | [ 3.8  28.09] | 0.6943483235975968
-0.337513535914188 | [ 1.96 29.23] | 0.8787419378738528
-0.43981639573141484 | [8.91e-03 3.00e+01] | 0.998326298094248
-0.5285468714835521 | [-3.24 28.39] | 0.955844922233777
-0.5835956403249103 | [-7.13 24.14] | 0.7151426161761829
-0.5966553902561593 | [-10.3   18.29] | 0.3208400543063326
-0.5664482625233348 | [-13.14  10.77] | -0.11702160594674552
-0.4941276944379037 | [-15.77   2.95] | -0.4549207809434635
-0.38851366785764907 | [-17.96  -3.68] | -0.463606635745069
-0.27710838987951697 | [-15.92  -6.08] | -0.24142093943338525
-0.17324560263612643 | [-14.57  -7.2 ] | -0.01700859529937355
-0.07221412702634275 | [-13.43  -7.86] | 0.21457557514931141
0.028466874504134727 | [-12.28  -8.2 ] | 0.4454392801641937
0.1299344233620322 | [-10.96  -8.2 ] | 0.6689178397419895
0.23229505565025718 | [-9.42 -7.88] | 0.879556613629973
0.3351766500396794 | [-7.69 -7.29] | 1.0729032333488961
0.438089206137875 | [-5.8  -6.48] | 1.2453596736732444
0.5405601822841541 | [-3.8  -5.52] | 1.3937785624375447
0.6421531525479713 | [-1.72 -4.45] | 1.5151380710685272
0.7424596232372497 | [ 0.39 -3.32] | 1.4291082445965655
0.8230609847222043 | [ 4.05 -2.35] | 1.0234951984097984
0.8638807245118307 | [ 7.36 -2.21] | 0.3996799067740257
0.8599570076351966 | [ 9.76 -2.25] | -0.3385364553000403
0.8105925198100751 | [11.75 -1.76] | -1.0177198094903104
0.7214786287582106 | [13.53 -0.14] | -1.3530319850849608
0.6113347992069708 | [13.69  3.72] | -1.2195738961304374
0.50265996165718 | [12.23  8.6 ] | -0.9328160321174372
0.4001522955967749 | [11.3  12.47] | -0.6831644048226728
0.2993222571167925 | [10.55 16.  ] | -0.44621217803551805
0.19802666201428235 | [ 9.7  19.18] | -0.21484008545110103
0.09561551561442479 | [ 8.63 21.96] | 0.01297077900967452
-0.007726701596613445 | [ 7.31 24.32] | 0.23555205923953826
-0.11154474392876257 | [ 5.78 26.28] | 0.44995555835318546
-0.21536537127928698 | [ 4.09 27.86] | 0.6529822068753657
-0.31875286941445263 | [ 2.26 29.08] | 0.8412646431150244
-0.42129414896360184 | [ 0.33 29.92] | 0.9827566381739321
-0.514275435508321 | [-2.53 29.05] | 0.9749958667508947
-0.5763738769810173 | [-6.56 24.99] | 0.7669656547376147
-0.5963292040815509 | [-9.81 19.49] | 0.3976437070979763
-0.5735375333266625 | [-12.67  12.2 ] | -0.03916186761416091
-0.5080374930608289 | [-15.35   4.34] | -0.3986204139662135
-0.4072911618124982 | [-17.66  -2.56] | -0.43953234708808353
-0.29824253129545186 | [-15.8   -5.42] | -0.23780857400537814
-0.1952915496254069 | [-14.54  -6.75] | -0.022786134509228746
-0.09466432483362955 | [-13.45  -7.5 ] | 0.20358524564211405
0.005695254067081726 | [-12.32  -7.88] | 0.4304975724338903
0.10679715812324242 | [-11.03  -7.91] | 0.6502358241414802
0.20873280411348288 | [-9.53 -7.61] | 0.8570575126903297
0.31112772156582397 | [-7.84 -7.05] | 1.0463731609183382
0.41348358355583353 | [-5.99 -6.27] | 1.2145567632282566
0.5153201602825259 | [-4.03 -5.33] | 1.3585872434039783
0.6162002336293932 | [-2.   -4.28] | 1.4757614292353127
0.7157248941482115 | [ 0.06 -3.17] | 1.4234539894810612
0.7992128675534264 | [ 3.43 -2.14] | 1.0446844015269006
0.8447087471966926 | [ 7.04 -1.95] | 0.40592006924271384
0.8435415698465267 | [ 9.63 -1.98] | -0.3453378453583386
0.7957735365991312 | [11.71 -1.49] | -1.0325372079679316
0.7075216586692248 | [13.49  0.13] | -1.3247439325157369
0.6000567337035135 | [13.24  4.37] | -1.169223913426983
0.49431652753447836 | [11.92  9.04] | -0.9006205061359929
0.3931406545595959 | [11.08 12.86] | -0.6592362925651697
0.2928034457002421 | [10.36 16.36] | -0.4264299957537332
0.19160592337560442 | [ 9.52 19.51] | -0.19712607818537323
0.08916593826108485 | [ 8.43 22.25] | 0.0293714782916372
-0.014207293986559028 | [ 7.1  24.57] | 0.2507696543609368
-0.11801566438124526 | [ 5.55 26.49] | 0.4639058421207499
-0.22177642233539901 | [ 3.85 28.03] | 0.6655094650558266
-0.32505330634308677 | [ 2.01 29.21] | 0.852149202998492
-0.4274328897978589 | [ 0.07 30.01] | 0.9806084769903006
-0.5170984699239114 | [-3.09 28.6 ] | 0.9539709744271906
-0.573775428756546 | [-7.   24.46] | 0.730295979395554
-0.5885771698553323 | [-10.2   18.73] | 0.3517083387963194
-0.5603538945347334 | [-13.05  11.29] | -0.07587768472437173
-0.4899442555173266 | [-15.71   3.49] | -0.41042453008844676
-0.385724749705907 | [-17.95  -3.18] | -0.42565525134345134
-0.2749635020656654 | [-15.98  -5.71] | -0.21141343441481786
-0.17131145817217666 | [-14.64  -6.89] | 0.00898234141529049
-0.07035619000460638 | [-13.51  -7.56] | 0.23818608223857257
0.030257976511498013 | [-12.36  -7.9 ] | 0.4672208937111034
0.13164221940703125 | [-11.04  -7.91] | 0.6889244468838436
0.233909242357171 | [-9.51 -7.59] | 0.8976754599569147
0.3366931901365832 | [-7.78 -7.01] | 1.0889681714885764
0.43950596422579624 | [-5.89 -6.21] | 1.259210974773562
0.5418759323831053 | [-3.9  -5.27] | 1.4053089747001573
0.6433689041448275 | [-1.82 -4.21] | 1.5243410793647523
0.7435794492051402 | [ 0.29 -3.09] | 1.444690403657432
0.8252338454625406 | [ 3.85 -2.14] | 1.0414453235738426
0.8677454522013663 | [ 7.24 -2.07] | 0.4074258973530128
0.8650355552738896 | [ 9.66 -2.2 ] | -0.3423835941864844
0.8165427618482958 | [11.63 -1.81] | -1.0343258728982305
0.7279635096263614 | [13.39 -0.29] | -1.3974674371058609
0.6171481061427364 | [13.72  3.33] | -1.2714706925795838
0.5076099155165744 | [12.16  8.35] | -0.9723912420042016
0.40485434051875235 | [11.21 12.28] | -0.7186346128222335
0.3039405010410761 | [10.47 15.85] | -0.4797598140423072
0.20257305460503972 | [ 9.64 19.08] | -0.24678602133352645
0.10005500237996681 | [ 8.59 21.9 ] | -0.017104278345557278
-0.003439212184656454 | [ 7.28 24.31] | 0.20777553665046297
-0.10745509267828315 | [ 5.76 26.32] | 0.4249704875640732
-0.2115216433195893 | [ 4.08 27.95] | 0.6313398558897062
-0.3152070444998053 | [ 2.25 29.21] | 0.823562979550594
-0.418101936198631 | [ 0.32 30.11] | 0.9711807208188157
-0.5115669204899588 | [-2.51 29.32] | 0.975724205831831
-0.5746379713624591 | [-6.48 25.44] | 0.7856666039004095
-0.5963232566780923 | [-9.69 20.15] | 0.43447583729532
-0.5760383309920083 | [-12.52  13.03] | 0.008430899730547094
-0.5133421288612378 | [-15.2    5.22] | -0.3517999051057732
-0.41482577092502676 | [-17.57  -1.77] | -0.40760936207567144
-0.3067397857208606 | [-15.81  -4.9 ] | -0.21885239896120962
-0.20399703061831495 | [-14.6   -6.34] | -0.009708131762995311
-0.10338699051571626 | [-13.52  -7.12] | 0.21326156509925395
-0.003099666239463391 | [-12.39  -7.51] | 0.4373055468066726
0.09782615562780898 | [-11.11  -7.55] | 0.6540451627829812
0.19950784679715003 | [-9.63 -7.27] | 0.85761180668458
0.30159448956776636 | [-7.96 -6.72] | 1.0433927008518455
0.40359707128761746 | [-6.14 -5.95] | 1.2078028492970092
0.5050388853902255 | [-4.21 -5.03] | 1.3479624475068475
0.6054881622223527 | [-2.2 -4. ] | 1.461437052440709
0.7045562550839745 | [-0.17 -2.91] | 1.432333803563103
0.7904252607331765 | [ 2.94 -1.89] | 1.0678674154597534
0.8395962812492165 | [ 6.76 -1.74] | 0.4111430257468208
0.8406124330611094 | [ 9.45 -1.85] | -0.35662943890560295
0.7941277172464001 | [11.57 -1.44] | -1.0572934265120313
0.7065478499090113 | [13.33  0.11] | -1.35354203783893
0.5994909343788006 | [13.06  4.3 ] | -1.1947757709901532
0.4940930254546721 | [11.74  9.01] | -0.9229098841660501
0.3931516489629686 | [10.91 12.86] | -0.6809632715804504
0.2928666530156816 | [10.21 16.39] | -0.44766755420054927
0.1915841944974215 | [ 9.39 19.57] | -0.21729971035102622
0.088985004653303 | [ 8.31 22.34] | 0.010760024263035108
-0.01458330070669727 | [ 6.98 24.69] | 0.2340983731314354
-0.11860883463746663 | [ 5.44 26.64] | 0.44953545330096434
-0.2226089448742516 | [ 3.73 28.21] | 0.653835624226117
-0.32615178033839254 | [ 1.89 29.41] | 0.8435891871759985
-0.42882770048913554 | [-0.05 30.25] | 0.9724400727698782
-0.5175631049696441 | [-3.31 28.68] | 0.9487268903763137
-0.5728452521829989 | [-7.11 24.67] | 0.7341863636043349
-0.5870893114344939 | [-10.24  19.03] | 0.36727811717348263
-0.5589270503810471 | [-13.06  11.69] | -0.04857805900201437
-0.48901015182386093 | [-15.72   3.95] | -0.37560154433157233
-0.38525871234737263 | [-17.99  -2.73] | -0.39423900138422197
-0.27453696283605894 | [-16.07  -5.38] | -0.18621923162445222
-0.17071355213714345 | [-14.75  -6.59] | 0.031304733252117675
-0.0696245153225572 | [-13.61  -7.26] | 0.25868960392983525
0.031015045888340222 | [-12.45  -7.59] | 0.48606847436739237
0.13233619721361506 | [-11.13  -7.59] | 0.7059775744139875
0.23449078610529056 | [-9.6  -7.28] | 0.9127183690151112
0.3371374452835991 | [-7.87 -6.7 ] | 1.1017489214164504
0.4397974732323396 | [-5.99 -5.92] | 1.269479882391086
0.5420020827245509 | [-4.01 -4.98] | 1.4128775887478693
0.6433195013537117 | [-1.94 -3.94] | 1.5291560947142384
0.7433480368512333 | [ 0.16 -2.83] | 1.4585396796805348
0.8262630521013422 | [ 3.61 -1.91] | 1.0584259637507905
0.8707661704253019 | [ 7.08 -1.91] | 0.41086396142973197
0.869349202129425 | [ 9.54 -2.13] | -0.352928130146336
0.8216883195459758 | [11.51 -1.86] | -1.0585371396167778
0.7335673067355941 | [13.24 -0.43] | -1.4482573996027686
0.6220845728303154 | [13.7   2.94] | -1.3273327442984149
0.5117680983566595 | [12.06  8.11] | -1.014930149870132
0.4088204293216318 | [11.09 12.09] | -0.7568357037982391
0.30783691526280754 | [10.36 15.71] | -0.5159548120616458
0.20638122109258256 | [ 9.55 18.99] | -0.2812179007571983
0.103726364793145 | [ 8.52 21.86] | -0.04944522037011686
4.628109654280024e-05 | [ 7.23 24.32] | 0.17797612448004604
-0.104201760323288 | [ 5.72 26.38] | 0.3982195993681557
-0.20854884579714328 | [ 4.04 28.06] | 0.6082143780305912
-0.3125683119395093 | [ 2.22 29.37] | 0.8047064387807731
-0.4158563343823573 | [ 0.29 30.33] | 0.9578213948160064
-0.5095454434561393 | [-2.55 29.58] | 0.9737719418003995
-0.5731847776279814 | [-6.43 25.89] | 0.8016705314376309
-0.5963319567266261 | [-9.58 20.8 ] | 0.46953422611150436
-0.578392724247334 | [-12.38  13.87] | 0.05629724937311973
-0.5184957043664014 | [-15.05   6.15] | -0.30250056263370606
-0.4223467033802868 | [-17.47  -0.92] | -0.3787834061845615
-0.31474326555921117 | [-15.97  -4.41] | -0.20747514720373056
-0.21149513614786306 | [-14.75  -5.95] | -0.002245611114881904
-0.11055013100877437 | [-13.66  -6.76] | 0.2185013250206401
-0.010166774778149857 | [-12.53  -7.16] | 0.4409025229899466
0.09067780200229605 | [-11.26  -7.21] | 0.6560064147695863
0.19219265533189134 | [-9.8  -6.95] | 0.8578579679697774
0.2940823246494016 | [-8.15 -6.41] | 1.0418231777511877
0.3958798231326513 | [-6.35 -5.67] | 1.2043360166323664
0.49711561629936296 | [-4.44 -4.77] | 1.3426158951856275
0.5973631317548115 | [-2.46 -3.77] | 1.4544145092740586
0.6962398129448054 | [-0.44 -2.7 ] | 1.458831186973806
0.7855421337231363 | [ 2.32 -1.67] | 1.119995496214786
0.8400404824357371 | [ 6.36 -1.55] | 0.45217402701264187
0.8450995204467964 | [ 9.16 -1.77] | -0.32955353916415686
0.8019083014875185 | [11.3  -1.53] | -1.053289674091882
0.7166068569444851 | [13.06 -0.14] | -1.405013576408907
0.609157741522286 | [13.11  3.63] | -1.267695252819351
0.5025614956227894 | [11.66  8.55] | -0.9799463315286161
0.40127073344341063 | [10.8  12.49] | -0.7327793366259345
0.30088141801588875 | [10.12 16.09] | -0.49685384820519035
0.1995171861307441 | [ 9.33 19.35] | -0.26417207974934376
0.09677933349944344 | [ 8.29 22.2 ] | -0.03338230607017849
-0.007001885208171178 | [ 6.99 24.62] | 0.19328657426302032
-0.11131371181962926 | [ 5.46 26.64] | 0.41273087689861876
-0.21567460374934044 | [ 3.77 28.28] | 0.621807623374992
-0.31965810649270865 | [ 1.95 29.56] | 0.8172125280171995
-0.42286157080931047 | [1.01e-02 3.05e+01] | 0.9582450483706173
-0.5131250134671413 | [-3.14 29.18] | 0.9563533135219164
-0.5711598955864351 | [-6.88 25.43] | 0.7693892539526104
-0.5891152892427844 | [-9.97 20.13] | 0.4280082599193635
-0.5657659095125103 | [-12.76  13.04] | 0.02283680504832631
-0.5008849746788578 | [-15.42   5.35] | -0.31216297810297733
-0.4010194768310602 | [-17.79  -1.52] | -0.35664799619994053
-0.2920246983355571 | [-16.04  -4.61] | -0.16844911280797883
-0.18864861178564574 | [-14.8  -6. ] | 0.040167243760881335
-0.08765156479408252 | [-13.69  -6.75] | 0.262423417635012
0.012837719883963608 | [-12.54  -7.1 ] | 0.4855325588053988
0.11385894844502845 | [-11.24  -7.11] | 0.7010602021343717
0.21559583155394513 | [-9.74 -6.82] | 0.9031069974124488
0.31773809063670244 | [-8.05 -6.27] | 1.0870584003341983
0.41981703484036875 | [-6.22 -5.51] | 1.249351410733773
0.5213654039228736 | [-4.28 -4.6 ] | 1.3871463402975472
0.6219564505532589 | [-2.26 -3.58] | 1.4980573421176446
0.7212023234701518 | [-0.22 -2.51] | 1.4675580267328905
0.80783611463905 | [ 2.84 -1.55] | 1.0934151979805635
0.8581052074008909 | [ 6.65 -1.57] | 0.4192292230499266
0.8600666073408341 | [ 9.29 -1.89] | -0.3677967630200139
0.8143681270974151 | [11.34 -1.71] | -1.09085301567935
0.7272799787848276 | [13.04 -0.36] | -1.4703056227090985
0.6171853817809227 | [13.33  3.09] | -1.3375476665496204
0.5082993183235512 | [11.74  8.21] | -1.0279337564217008
0.4060782029770769 | [10.81 12.21] | -0.7721152624289667
0.30531529308855704 | [10.12 15.86] | -0.5321592585411593
0.20378103857659974 | [ 9.34 19.16] | -0.29696710417353445
0.10091785125674885 | [ 8.31 22.06] | -0.06393772497361522
-0.003008997107707554 | [ 7.02 24.53] | 0.16515990294877275
-0.10750999806799537 | [ 5.51 26.61] | 0.38740364433410057
-0.21211361583218125 | [ 3.82 28.3 ] | 0.5997597338774675
-0.3164002017542942 | [ 2.01 29.63] | 0.799020459865401
-0.4199733623117431 | [ 0.07 30.61] | 0.948541902562456
-0.5115632101054433 | [-2.97 29.52] | 0.9614448750708745
-0.5719373724032576 | [-6.68 25.96] | 0.7932531202663823
-0.5928638451580085 | [-9.75 20.9 ] | 0.46946978074738843
-0.5733133559470661 | [-12.51  14.02] | 0.07068464081498396
-0.5124687032766695 | [-15.16   6.38] | -0.27232536808012975
-0.41586934438680356 | [-17.59  -0.61] | -0.3629962576419232
-0.30577814496208805 | [-16.64  -4.41] | -0.20673456711749857
-0.19953711477634153 | [-15.24  -5.89] | 0.005232087264372274
-0.09719088341454682 | [-14.05  -6.65] | 0.22925725703467073
0.003802948948744944 | [-12.88  -7.02] | 0.4551839709211477
0.10495628926941244 | [-11.59  -7.08] | 0.6744579978261743
0.2067568405743858 | [-10.11  -6.83] | 0.8811460667798419
0.3090357272808883 | [-8.44 -6.32] | 1.070477449144765
0.41137087358612784 | [-6.62 -5.59] | 1.238702471732954
0.5133017805006783 | [-4.68 -4.7 ] | 1.3828258986702118
0.6143966121430162 | [-2.66 -3.71] | 1.500302462578565
0.7142558012051601 | [-0.59 -2.64] | 1.5312909266460946
0.8068631850984122 | [ 2.   -1.61] | 1.2247259751884112
0.8669095216009827 | [ 6.02 -1.53] | 0.5802150203426433
0.8786818185798585 | [ 8.78 -1.93] | -0.193807319582158
0.8430478328917684 | [10.85 -2.03] | -0.9559536105510658
0.7640435127473202 | [12.6  -1.06] | -1.5036830820275424
0.654053645158011 | [13.85  1.17] | -1.4605453227459688
0.5421317960050508 | [11.97  6.91] | -1.1227147228043333
0.43897074133168623 | [10.95 11.09] | -0.8585910187200382
0.33817596880223144 | [10.24 14.82] | -0.6161093123339616
0.23695581945385458 | [ 9.51 18.23] | -0.3801351886784444
0.13442378389488677 | [ 8.56 21.24] | -0.14613062365824714
0.030710372042497942 | [ 7.35 23.84] | 0.08488856246442078
-0.07371448698924446 | [ 5.9  26.03] | 0.3101061164522948
-0.1783651114275619 | [ 4.27 27.84] | 0.5264773441574232
-0.2828090327247168 | [ 2.49 29.29] | 0.7308560815459163
-0.386646151428435 | [ 0.6  30.38] | 0.9078145895382749
-0.4847182134952025 | [-1.86 30.38] | 0.9677463395066754
-0.5556206973955122 | [-5.79 27.03] | 0.8493102721602248
-0.5864998210183269 | [-8.97 22.51] | 0.5694457079083912
-0.5777555302218838 | [-11.78  16.09] | 0.1856457755285336
-0.5275848342528946 | [-14.47   8.55] | -0.17696640334422467
-0.43962079050129454 | [-17.     1.28] | -0.409213459373595
-0.32386617978174387 | [-19.01  -4.53] | -0.35023338100553614
-0.20705896723094439 | [-16.7   -6.21] | -0.10999667723338234
-0.10048490929419053 | [-15.14  -6.96] | 0.1211665498046189
0.001955306852013571 | [-13.85  -7.39] | 0.3554961102015599
0.10348731727555772 | [-12.59  -7.57] | 0.5876232898350907
0.20560266765551669 | [-11.16  -7.46] | 0.8115632054286362
0.3085882602447681 | [-9.53 -7.07] | 1.022105514542736
0.4121782336589359 | [-7.7  -6.44] | 1.2150749663881508
0.5159525704467887 | [-5.72 -5.62] | 1.3870756697388267
0.6194846331877721 | [-3.63 -4.65] | 1.5349893500959606
0.7223661322477529 | [-1.46 -3.59] | 1.6556233788966803
0.8241959916559791 | [ 0.76 -2.47] | 1.507200602453864
0.9026073284205478 | [ 4.57 -1.93] | 1.03822296775234
0.939489591864258 | [ 7.45 -2.26] | 0.4025581752101404
0.9339599210959952 | [ 9.49 -2.79] | -0.35757452403284345
0.8844067249829584 | [11.18 -2.86] | -1.078711889684575
0.7954034410652917 | [12.79 -1.75] | -1.5857228882092564
0.6789111687331917 | [14.06  0.6 ] | -1.5787301483495058
0.5600878094432706 | [12.64  5.83] | -1.2452399228458066
0.45152269371923187 | [11.3  10.26] | -0.9404100454110217
0.3484670650124744 | [10.44 14.07] | -0.6795294107926262
0.2464337361796061 | [ 9.66 17.54] | -0.43450620521545114
0.14365609907783414 | [ 8.71 20.63] | -0.1951551820177982
0.03985230314153604 | [ 7.52 23.31] | 0.03998672438724694
-0.06466264851726007 | [ 6.09 25.58] | 0.2689622939120581
-0.16944419382981282 | [ 4.49 27.47] | 0.488969877495191
-0.27406194392558797 | [ 2.73 28.99] | 0.6969630144592053
-0.37811100417517896 | [ 0.86 30.15] | 0.8854081861978557
-0.4794752364676556 | [-1.29 30.68] | 0.9627112493985025
-0.5554925291472614 | [-5.33 27.4 ] | 0.8642722950697879
-0.5911472859197281 | [-8.56 23.14] | 0.6036883355275608
-0.5876870996348347 | [-11.39  17.  ] | 0.22563443357119767
-0.54297276776992 | [-14.08   9.55] | -0.15006663681524243
-0.4596429311143893 | [-16.64   2.17] | -0.40707401010568184
-0.34687397670635906 | [-18.75  -3.91] | -0.36986781303380767
-0.23128109717350717 | [-16.59  -5.93] | -0.13883150730790422
-0.12505611439138464 | [-15.1  -6.8] | 0.08906387991332597
-0.02277178908953774 | [-13.85  -7.28] | 0.32179976197060667
0.07855218610627311 | [-12.6   -7.49] | 0.5527166393632962
0.18038016635401155 | [-11.2  -7.4] | 0.77551955254798
0.2830165297519601 | [-9.6  -7.03] | 0.9848288639710249
0.38619932405410773 | [-7.81 -6.41] | 1.1762481585794622
0.48949548845945295 | [-5.87 -5.6 ] | 1.3462289134142835
0.5924605120948743 | [-3.82 -4.65] | 1.4916527454609596
0.6946718634546775 | [-1.69 -3.6 ] | 1.6095070590839826
0.7957227093916976 | [ 0.48 -2.49] | 1.4926186221353497
0.8761622719976826 | [ 4.15 -1.8 ] | 1.0480371047334207
0.9165239913908759 | [ 7.27 -2.05] | 0.3993460131217732
0.912914391155692 | [ 9.47 -2.53] | -0.3714654908450712
0.8641640232486624 | [11.25 -2.54] | -1.0942821653336554
0.7754340445542163 | [12.89 -1.36] | -1.5907699885202116
0.6593223875187774 | [14.09  1.03] | -1.5091449087589794
0.5440016507357258 | [12.13  6.83] | -1.1493350840585426
0.4390736376774785 | [11.04 11.02] | -0.8732047935254941
0.3374155761090462 | [10.27 14.75] | -0.6244381727994416
0.23581293943866147 | [ 9.51 18.14] | -0.38524546695234085
0.13314124018234882 | [ 8.53 21.14] | -0.1495442765952482
0.029408610913561742 | [ 7.3  23.72] | 0.08235941898526154
-0.07497034526021568 | [ 5.84 25.9 ] | 0.3078960811761533
-0.17952538213794414 | [ 4.21 27.69] | 0.5240372032479983
-0.28382026199563204 | [ 2.44 29.12] | 0.7275841925143534
-0.3874453339062897 | [ 0.55 30.19] | 0.9013499217705406
-0.4846266217277871 | [-1.96 30.07] | 0.9550342365175726
-0.5540165415079736 | [-5.92 26.65] | 0.8274124259085858
-0.5830581549647573 | [-9.12 21.98] | 0.5374696798263664
-0.5719149169597393 | [-11.95  15.42] | 0.14905039562982983
-0.5189984883498469 | [-14.66   7.83] | -0.2087047693362478
-0.428581753488468 | [-17.17   0.62] | -0.40643798845055995
-0.3137731737331171 | [-18.48  -4.7 ] | -0.32211241891899006
-0.19924397537167876 | [-16.36  -6.25] | -0.08704021672200887
-0.0936084376199023 | [-14.87  -6.98] | 0.14379277494298692
0.008508513339769288 | [-13.62  -7.39] | 0.377919012966324
0.11000238203147275 | [-12.34  -7.55] | 0.6089483245886215
0.21214777186353656 | [-10.89  -7.4 ] | 0.8308447869084254
0.3151152845248133 | [-9.24 -6.98] | 1.0384227912213921
0.4185938212460568 | [-7.4  -6.32] | 1.22754813879181
0.522147629587689 | [-5.41 -5.47] | 1.394847699982483
0.6253428460592307 | [-3.32 -4.49] | 1.537230167827356
0.7277653208260387 | [-1.16 -3.42] | 1.6515669719586987
0.8290122087277643 | [ 1.04 -2.3 ] | 1.4585840948919082
0.9035257667129433 | [ 5.06 -1.93] | 0.930707572751859
0.933331804581562 | [ 7.82 -2.3 ] | 0.26227341122359293
0.919915374043988 | [ 9.81 -2.77] | -0.5071452789158999
0.8623722982692208 | [11.52 -2.62] | -1.1965473880835735
0.7670941847413767 | [13.11 -1.21] | -1.6454198553282942
0.6471288234591129 | [14.24  1.32] | -1.5264373231687447
0.5300387335696182 | [12.2  7.1] | -1.1501092432851918
0.4242758711950253 | [11.07 11.28] | -0.866600473113525
0.3221307282814058 | [10.28 15.  ] | -0.6139389348030879
0.2201616089193128 | [ 9.49 18.38] | -0.37204253965801876
0.11717682044097154 | [ 8.49 21.37] | -0.1341988136822576
0.013158174737463588 | [ 7.24 23.96] | 0.09949481914368298
-0.09150164520053136 | [ 5.77 26.14] | 0.32664181265831177
-0.1963524669431133 | [ 4.12 27.94] | 0.544366587604027
-0.30097471477371324 | [ 2.34 29.38] | 0.7495846186150494
-0.4049721101620827 | [ 0.43 30.47] | 0.9202411710822452
-0.5012818978570054 | [-2.21 30.16] | 0.9669022485287004
-0.5694306196956557 | [-6.03 26.82] | 0.8356532994024238
-0.5982110016315899 | [-9.14 22.24] | 0.5447892394508045
-0.5875617730870648 | [-11.9   15.77] | 0.1536039751712297
-0.535707294333216 | [-14.56   8.22] | -0.21214713193335766
-0.44644016749188653 | [-17.06   0.97] | -0.4430315533766653
-0.33000200004813274 | [-18.99  -4.79] | -0.37962842952430403
-0.21290694535057422 | [-16.69  -6.42] | -0.1359275493411433
-0.10615948633933181 | [-15.13  -7.14] | 0.09745872742218938
-0.0036373187689916903 | [-13.84  -7.56] | 0.3332038122775649
0.09791954132505015 | [-12.57  -7.73] | 0.5663809131652612
0.20002829183467663 | [-11.15  -7.62] | 0.7913316945733041
0.3029916464323943 | [-9.52 -7.22] | 1.0029442776731825
0.40655037146152 | [-7.69 -6.59] | 1.197021236461296
0.5102843081925161 | [-5.72 -5.76] | 1.3701117438206882
0.6137631119948957 | [-3.64 -4.79] | 1.5190572747917552
0.7165739045321213 | [-1.47 -3.72] | 1.6406547536455445
0.8183121518370721 | [ 0.74 -2.59] | 1.498352272824591
0.896907787717975 | [ 4.53 -2.01] | 1.0362346850337156
0.9341644246632488 | [ 7.44 -2.29] | 0.40366976986997677
0.9289262846788758 | [ 9.51 -2.79] | -0.3534088420142203
0.8796007726122193 | [11.22 -2.81] | -1.0714095051661507
0.7907737523439581 | [12.84 -1.66] | -1.5757170396964937
0.6744056070800285 | [14.12  0.71] | -1.5520115068305183
0.5564159858350288 | [12.57  6.09] | -1.2136779038561163
0.44871665342814165 | [11.3  10.45] | -0.9171638282221174
0.34598878908992414 | [10.46 14.22] | -0.6594851072753043
0.24408906920725063 | [ 9.67 17.67] | -0.41610748645311485
0.14139440720061647 | [ 8.71 20.72] | -0.17800909915914806
0.03767950795987958 | [ 7.51 23.37] | 0.055846843064321236
-0.06672269944026438 | [ 6.07 25.61] | 0.28335300101629135
-0.17136134932201655 | [ 4.46 27.46] | 0.5016275948911767
-0.2758016653948643 | [ 2.7  28.95] | 0.7075574422766348
-0.37963409804717846 | [ 0.82 30.08] | 0.8924238116301387
-0.48032141833501013 | [-1.37 30.5 ] | 0.9632397134189155
-0.5551972345977716 | [-5.43 27.14] | 0.8547455545163722
-0.5893691641237153 | [-8.69 22.74] | 0.5827612696448367
-0.5839012875775118 | [-11.53  16.45] | 0.19732767959460046
-0.5367954955461175 | [-14.23   8.92] | -0.17741338675198498
-0.45122940314782367 | [-16.78   1.57] | -0.42636868503874553
-0.33696935403172723 | [-18.83  -4.39] | -0.3779904059899707
-0.22084570860817726 | [-16.59  -6.21] | -0.1400630843661666
-0.11454975087691033 | [-15.06  -7.01] | 0.0907605225548972
-0.012254427738810941 | [-13.79  -7.47] | 0.32526473752852414
0.08915318228480605 | [-12.54  -7.67] | 0.5576998529822236
0.191136601585075 | [-11.13  -7.57] | 0.7820053350857111
0.2939747296072133 | [-9.52 -7.19] | 0.9928903614574879
0.3973923975003598 | [-7.71 -6.57] | 1.186058924990178
0.5009567633010056 | [-5.75 -5.74] | 1.3580240564917812
0.6042283986503488 | [-3.68 -4.78] | 1.5056467867599308
0.7067888435932166 | [-1.53 -3.71] | 1.6257942576443405
0.808231617438574 | [ 0.67 -2.59] | 1.49032443596414
0.8871433545300336 | [ 4.44 -1.97] | 1.0319262637625213
0.9249199321283935 | [ 7.42 -2.22] | 0.3930179486286869
0.9196301760973654 | [ 9.54 -2.68] | -0.3678063863787071
0.8698620810519467 | [11.28 -2.65] | -1.0828913159086166
0.780557903350782 | [12.92 -1.45] | -1.5779961062333372
0.6639936071909162 | [14.17  0.96] | -1.5075036370383568
0.5478874201083331 | [12.28  6.7 ] | -1.152185198360331
0.4422887978371814 | [11.16 10.91] | -0.8728933463617076
0.34035925994358673 | [10.37 14.63] | -0.6225477120449545
0.23871234278280085 | [ 9.59 18.01] | -0.38290661084606054
0.13609973364369113 | [ 8.61 21.01] | -0.14737801427708094
0.0324639531173905 | [ 7.38 23.59] | 0.08404914414621846
-0.07180512108620801 | [ 5.93 25.76] | 0.3089074095721561
-0.1762414014878197 | [ 4.3  27.56] | 0.5241670713906963
-0.2804055813879211 | [ 2.53 28.98] | 0.7266081376247526
-0.38388396671445285 | [ 0.65 30.04] | 0.9019080534920361
-0.4820349935968356 | [-1.76 30.08] | 0.9572907085650194
-0.5528484931656431 | [-5.79 26.59] | 0.8287040489447174
-0.5827427893911192 | [-9.04 21.9 ] | 0.5360424789745599
-0.5721323312520536 | [-11.91  15.32] | 0.14276441053396707
-0.5194410526858118 | [-14.63   7.68] | -0.22012393606797315
-0.4290422599209648 | [-17.14   0.46] | -0.4106233672381582
-0.3153541870301117 | [-18.16  -4.7 ] | -0.3194171927615954
-0.20220512959836853 | [-16.14  -6.27] | -0.08746325357728725
-0.09716684501479295 | [-14.71  -7.01] | 0.14293797822959392
0.0047172687546608895 | [-13.47  -7.44] | 0.37674059390115744
0.1061395987531809 | [-12.2   -7.59] | 0.6070571641414921
0.20824845997308733 | [-10.75  -7.44] | 0.827817700425865
0.31114938643137935 | [-9.1 -7. ] | 1.0338549473374736
0.4145038676145058 | [-7.26 -6.33] | 1.2210503928002232
0.517864788416424 | [-5.28 -5.48] | 1.3860422438364801
0.6207926100622565 | [-3.2  -4.49] | 1.5257659564383863
0.7228695083994879 | [-1.05 -3.42] | 1.6371559971890366
0.8236937083629748 | [ 1.13 -2.29] | 1.4398900828511578
0.8975420008413275 | [ 5.17 -1.92] | 0.9023149107350321
0.9262004173822073 | [ 7.95 -2.28] | 0.22329809569979234
0.911125171609637 | [ 9.95 -2.7 ] | -0.5477100710065056
0.8517698599424839 | [11.68 -2.44] | -1.2251652465103091
0.7551380997986274 | [13.27 -0.93] | -1.6447955437226383
0.6350330484903906 | [14.26  1.77] | -1.508347287054813
0.5183457083817908 | [12.25  7.43] | -1.13330418751911
0.41274335515888694 | [11.11 11.56] | -0.8503135516065654
0.31059133666837246 | [10.34 15.26] | -0.5977275956961038
0.20851528759465193 | [ 9.54 18.63] | -0.35554472525464514
0.10538373163395652 | [ 8.53 21.62] | -0.11728626063123568
0.001201819920774519 | [ 7.27 24.19] | 0.11687552481325285
-0.10364197218002395 | [ 5.78 26.37] | 0.34463302037308396
-0.20871405363148732 | [ 4.12 28.18] | 0.5632478337912649
-0.3136137315113198 | [ 2.32 29.63] | 0.7697511706395862
-0.4179617901429397 | [ 0.4  30.74] | 0.9401604632345214
-0.51447609023615 | [-2.25 30.41] | 0.9853289845000037
-0.5830935086063285 | [-5.99 27.15] | 0.8563356333279295
-0.6131200526141009 | [-9.03 22.73] | 0.5700137174091705
-0.6045714628241513 | [-11.74  16.42] | 0.1775535106317062
-0.5554028775959802 | [-14.34   8.94] | -0.20002985254909147
-0.4686793724772622 | [-16.83   1.61] | -0.45177440408715325
-0.35370137617029856 | [-18.88  -4.36] | -0.40498549491756763
-0.23688854809547769 | [-16.69  -6.24] | -0.16605066136917854
-0.13004678933675967 | [-15.16  -7.05] | 0.06584512626787757
-0.027469657729308844 | [-13.89  -7.5 ] | 0.3006521816516582
0.07399107554063733 | [-12.64  -7.69] | 0.5328551498093511
0.17588821631103538 | [-11.24  -7.6 ] | 0.7568736420603263
0.2785717187797068 | [-9.64 -7.22] | 0.9676335476638744
0.3818031157823786 | [-7.85 -6.6 ] | 1.160827797682584
0.48516109396396606 | [-5.91 -5.79] | 1.3328962244351625
0.5882061496998403 | [-3.86 -4.83] | 1.480667805001149
0.690517066996911 | [-1.73 -3.77] | 1.601058228157707
0.7916861213509722 | [ 0.44 -2.65] | 1.4957247717969024
0.8728905809478517 | [ 4.06 -1.92] | 1.0673599260924829
0.9146694444911491 | [ 7.21 -2.11] | 0.43105673599760375
0.9127452460507149 | [ 9.42 -2.56] | -0.33174335791607956
0.8658287061102318 | [11.22 -2.56] | -1.056541994681179
0.7786190990959339 | [12.87 -1.41] | -1.5634535002893335
0.6633705687601045 | [14.13  0.96] | -1.5012800747958532
0.5479951691616026 | [12.25  6.69] | -1.1503542490826941
0.4427849738953362 | [11.13 10.9 ] | -0.8734315240608078
0.3410570017830686 | [10.36 14.62] | -0.6243102286956068
0.2395122313380548 | [ 9.59 18.01] | -0.3852607285296608
0.13694918201626952 | [ 8.61 21.01] | -0.14998319700698057
0.033333357255267336 | [ 7.39 23.59] | 0.08139279925798816
-0.07093400815728698 | [ 5.94 25.77] | 0.30634035033477186
-0.17538216494014136 | [ 4.31 27.57] | 0.5218129973623085
-0.2795705367239214 | [ 2.54 29.  ] | 0.7245904061105526
-0.3830854754501121 | [ 0.66 30.07] | 0.9007312449952476
-0.4813991214101054 | [-1.73 30.13] | 0.9578579078524609
-0.5524942202586706 | [-5.77 26.66] | 0.831760841100972
-0.5827367406167232 | [-9.02 22.  ] | 0.5417373849547585
-0.5725817617884986 | [-11.88  15.45] | 0.15009427788903346
-0.520409623793665 | [-14.6    7.83] | -0.21297250682898614
-0.43046904030448874 | [-17.11   0.59] | -0.41341837416703797
-0.3161778008375332 | [-18.36  -4.72] | -0.3291985723662732
-0.20211365572360734 | [-16.27  -6.29] | -0.09451593380812248
-0.0967127826344419 | [-14.8   -7.03] | 0.1364525308567917
0.00529960084770352 | [-13.55  -7.46] | 0.37074565646580987
0.10675752606062638 | [-12.28  -7.61] | 0.6018717708941655
0.20889147371697409 | [-10.84  -7.47] | 0.8237864333521003
0.3118459739582648 | [-9.19 -7.05] | 1.031307707285953
0.41529715865637096 | [-7.35 -6.39] | 1.2203051286224553
0.5188033884644366 | [-5.37 -5.54] | 1.3874073074945399
0.6219278655453429 | [-3.28 -4.56] | 1.529525648829595
0.7242546181431535 | [-1.13 -3.48] | 1.6435373522063041
0.8253805436631547 | [ 1.07 -2.35] | 1.4514630239491992
0.8997326810686195 | [ 5.09 -1.96] | 0.9237612978212583
0.9292800393445151 | [ 7.87 -2.31] | 0.2548388211743988
0.9154923830299893 | [ 9.87 -2.74] | -0.5126574579814285
0.8575558731087926 | [11.59 -2.54] | -1.196913977859518
0.7620012723939871 | [13.19 -1.09] | -1.6396296398348809
0.6419168947380436 | [14.31  1.48] | -1.517523448581346
0.5247990355344825 | [12.27  7.22] | -1.1409737200467138
0.4190229129070491 | [11.13 11.38] | -0.8573879209237383
0.3168576407599059 | [10.34 15.09] | -0.6046323868402431
0.2148577242842006 | [ 9.55 18.47] | -0.36261188783906545
0.1118341374928945 | [ 8.54 21.46] | -0.12465537171049651
0.007767068351583393 | [ 7.29 24.04] | 0.10914697366079884
-0.09695614514766232 | [ 5.81 26.22] | 0.33644813635849075
-0.20189273284698053 | [ 4.16 28.03] | 0.5544324515280089
-0.30663078743400796 | [ 2.36 29.48] | 0.7600656436039018
-0.4107810402315338 | [ 0.45 30.57] | 0.9314342027277852
-0.5075567805093412 | [-2.16 30.31] | 0.9782190677059511
-0.5764985652154092 | [-5.96 27.  ] | 0.8482275391850844
-0.6063247443196427 | [-9.05 22.5 ] | 0.559284599998744
-0.5970957899797747 | [-11.79  16.11] | 0.16592316510184388
-0.5468812150872936 | [-14.42   8.59] | -0.20820268024535202
-0.45908090935987367 | [-16.92   1.29] | -0.4527420042125952
-0.3433951982322346 | [-18.94  -4.6 ] | -0.3988362771729925
-0.22641074717461562 | [-16.68  -6.36] | -0.1567309715799712
-0.11962531464620496 | [-15.13  -7.13] | 0.07625416503525369
-0.017089600940336777 | [-13.86  -7.57] | 0.31176104293815965
0.08441122049284183 | [-12.6   -7.75] | 0.5446922440163938
0.18641387683225935 | [-11.19  -7.65] | 0.7694641912799007
0.28924284884360507 | [-9.58 -7.27] | 0.9809889503314688
0.39264698317510516 | [-7.77 -6.64] | 1.1750102943795007
0.4962039705538249 | [-5.82 -5.82] | 1.348016989616025
0.5994779422869804 | [-3.75 -4.86] | 1.4968364903922922
0.7020511748995114 | [-1.61 -3.79] | 1.6183131700043032
0.8035168916860487 | [ 0.58 -2.67] | 1.4963970449580677
0.8834802527785078 | [ 4.3  -1.99] | 1.0539933148236547
0.9231451453907112 | [ 7.32 -2.21] | 0.4219366915212837
0.9197620787233824 | [ 9.47 -2.67] | -0.3361819895430552
Total reward: 252.4064398688388
