-0.2, 0.1, 2.1, -1.3, -2.8, 4.8, 2.2, 0.2, -3.6, -1.4, 2.5, -1.8, -1.4, -2.2, 5.4, 0.8, 1.8, -8.2
parameter ends

state | action | reward
[1.53] | 2 | -0.5
1.4897930498416865 | 0 | 5.0
1.5216544701113075 | 2 | -0.5
1.5540674273609703 | 1 | -0.5
1.4100714921118245 | 2 | -0.5
1.5022068637532413 | 1 | -0.5
1.42213175498426 | 2 | -0.5
1.4952788791850278 | 1 | -0.5
1.417209380031713 | 2 | -0.5
1.5031045477631826 | 2 | -0.5
1.6504444336401531 | 1 | -0.5
1.4870415676278208 | 2 | -0.5
1.5750995424716288 | 1 | -0.5
1.4526607855362128 | 2 | -0.5
1.5536252589070558 | 1 | -0.5
1.4255147222938471 | 2 | -0.5
1.5443166177820609 | 1 | -0.5
1.335840014012191 | 2 | -0.5
1.5698446287758778 | 1 | -0.5
1.3122968469552956 | 2 | -0.5
1.4818285659420871 | 2 | -0.5
1.71342124873064 | 1 | -0.5
1.4171451391075611 | 2 | -0.5
1.7615027437648596 | 0 | 5.0
1.4959843386761569 | 0 | 5.0
1.2670097842848775 | 2 | -0.5
1.680691110763493 | 0 | 5.0
1.2446568728827612 | 0 | 5.0
0.8374206483150541 | 0 | 5.0
0.5610664954831847 | 0 | 5.0
0.6456202039368045 | 0 | 5.0
0.7910667118148966 | 0 | 5.0
0.8692396849271397 | 0 | 5.0
1.0032003674897583 | 2 | -0.5
0.9339702446470012 | 0 | 5.0
0.9851744673911669 | 0 | 5.0
1.0432842689520392 | 0 | 5.0
1.121567263732855 | 0 | 5.0
1.1767081546869618 | 0 | 5.0
1.2917785343798507 | 0 | 5.0
1.373792207205907 | 0 | 5.0
1.4467857369349701 | 0 | 5.0
1.5227098662153988 | 0 | 5.0
1.6114169829858906 | 0 | 5.0
1.7201490169942115 | 2 | -0.5
1.6376805628071556 | 0 | 5.0
1.6973091394010733 | 0 | 5.0
1.7672261642107396 | 0 | 5.0
1.7583140643628532 | 0 | 5.0
1.793907768029616 | 0 | 5.0
1.8239634994742016 | 0 | 5.0
1.871487534594792 | 0 | 5.0
1.8595287914623364 | 0 | 5.0
1.914044355381454 | 0 | 5.0
1.9264147268445908 | 0 | 5.0
1.9677419225783037 | 0 | 5.0
1.9819860486006216 | 0 | 5.0
2.01790294595433 | 1 | -0.5
2.131181177937342 | 2 | -0.5
1.9663823843568897 | 1 | -0.5
2.1483477242748714 | 2 | -0.5
2.0541006838003413 | 1 | -0.5
2.164644217066695 | 1 | -0.5
2.3356270973813746 | 2 | -0.5
2.1664090073154756 | 1 | -0.5
2.4117964464047588 | 2 | -0.5
2.1822037126932186 | 1 | -0.5
2.347196316843019 | 2 | -0.5
2.190966391127376 | 1 | -0.5
2.4515906376691414 | 1 | -0.5
2.7675750789409808 | 0 | 5.0
3.018723421447355 | 1 | -0.5
3.6748114638943887 | 0 | 5.0
3.5912628698612443 | 0 | 5.0
3.5653832626562236 | 1 | -0.5
3.080799516431303 | 0 | 5.0
2.8502424518534464 | 0 | 5.0
2.768100396555403 | 0 | 5.0
2.711929482765713 | 0 | 5.0
2.5412081867444876 | 0 | 5.0
2.516964308787085 | 0 | 5.0
2.3815879432388085 | 1 | -0.5
2.192584704936853 | 0 | 5.0
2.092981398050768 | 0 | 5.0
2.07522633668111 | 0 | 5.0
2.008254432622345 | 0 | 5.0
1.9115194123784658 | 0 | 5.0
1.8761429558795055 | 0 | 5.0
1.773590152578904 | 0 | 5.0
1.667140494833055 | 0 | 5.0
1.6245560466742484 | 0 | 5.0
1.576719636750067 | 0 | 5.0
1.4924940172859842 | 0 | 5.0
1.4661297377175595 | 0 | 5.0
1.3879404164271618 | 0 | 5.0
1.3323439282849958 | 1 | -0.5
1.2891856049137191 | 0 | 5.0
1.2735172883428427 | 0 | 5.0
1.2515027402027412 | 0 | 5.0
1.2055571780457517 | 0 | 5.0
1.185106065740422 | 1 | -0.5
1.194951506313595 | 2 | -0.5
1.2028744254669586 | 1 | -0.5
1.183403275559737 | 2 | -0.5
1.202895886737856 | 1 | -0.5
1.2466997233518333 | 2 | -0.5
1.1859832983533711 | 1 | -0.5
1.194662127268227 | 2 | -0.5
1.2080696210069504 | 1 | -0.5
1.1706600268689973 | 2 | -0.5
1.2086712279403689 | 1 | -0.5
1.1890861057882385 | 2 | -0.5
1.153627349640494 | 2 | -0.5
1.2636857744065 | 1 | -0.5
1.1662141611285817 | 2 | -0.5
1.2594317237068924 | 1 | -0.5
1.1733174990633874 | 2 | -0.5
1.1492308218759597 | 1 | -0.5
1.1253732573225264 | 2 | -0.5
1.2126435605362882 | 1 | -0.5
1.0969756438096108 | 2 | -0.5
1.1302610913772495 | 2 | -0.5
1.2732019233991014 | 1 | -0.5
1.1256675953310953 | 2 | -0.5
1.1979486738833012 | 1 | -0.5
1.0798880789529473 | 2 | -0.5
1.1201781835045062 | 2 | -0.5
1.3003903053020986 | 1 | -0.5
1.1092791056303704 | 2 | -0.5
1.2257547541558083 | 1 | -0.5
0.9814317199156749 | 2 | -0.5
1.1495413084026462 | 1 | -0.5
0.9743688100374857 | 2 | -0.5
1.1124035499871083 | 2 | -0.5
1.3868527017734846 | 0 | 5.0
1.123779142254249 | 0 | 5.0
0.9635419436724398 | 0 | 5.0
0.7256851551922399 | 2 | -0.5
0.8908445252825213 | 0 | 5.0
0.5024683217280654 | 0 | 5.0
0.48166746173406705 | 0 | 5.0
0.581034999876181 | 0 | 5.0
0.672183692892543 | 0 | 5.0
0.7690424670969269 | 0 | 5.0
0.8686939789990049 | 0 | 5.0
0.969395253945446 | 0 | 5.0
1.0592532290897292 | 0 | 5.0
1.1676707002431206 | 0 | 5.0
1.2132281910858738 | 0 | 5.0
1.3134303205500166 | 0 | 5.0
1.4149246994650502 | 2 | -0.5
1.3317201760431858 | 0 | 5.0
1.364095401845085 | 0 | 5.0
1.4251456415728967 | 0 | 5.0
1.4189350778842476 | 0 | 5.0
1.4718206218917524 | 0 | 5.0
1.5216402910500362 | 0 | 5.0
1.512837688445362 | 0 | 5.0
1.56779400504765 | 0 | 5.0
1.5731900642005865 | 0 | 5.0
1.5935217601543836 | 2 | -0.5
1.5590042831784223 | 0 | 5.0
1.5799939309065738 | 0 | 5.0
1.5613059737040156 | 2 | -0.5
1.57204416888661 | 0 | 5.0
1.5323558979801302 | 1 | -0.5
1.4921095205906125 | 2 | -0.5
1.4896885072892048 | 2 | -0.5
1.5727586241450056 | 1 | -0.5
1.512909707415203 | 2 | -0.5
1.5757845008277174 | 1 | -0.5
1.452186182154853 | 2 | -0.5
1.568508643442025 | 1 | -0.5
1.4455740509074517 | 2 | -0.5
1.501462363805831 | 1 | -0.5
1.4200040289569456 | 2 | -0.5
1.5036172241318557 | 1 | -0.5
1.385189147060522 | 2 | -0.5
1.5163812468278604 | 1 | -0.5
1.358318533061579 | 2 | -0.5
1.488657608724408 | 2 | -0.5
1.6199878834212948 | 1 | -0.5
1.4121419755587281 | 2 | -0.5
1.600267743534058 | 1 | -0.5
1.3720419468307758 | 2 | -0.5
1.4752043271623445 | 1 | -0.5
1.2643170215822577 | 2 | -0.5
1.4358466806304588 | 2 | -0.5
1.7155812280778016 | 1 | -0.5
1.30019626244513 | 2 | -0.5
1.459955276755711 | 1 | -0.5
1.2540260480715004 | 2 | -0.5
1.4265198209250474 | 1 | -0.5
1.2042742426567041 | 2 | -0.5
1.3596930595970413 | 2 | -0.5
1.6697248591371106 | 0 | 5.0
1.4714647625060964 | 0 | 5.0
1.1482119008798717 | 0 | 5.0
0.7811423843392474 | 0 | 5.0
0.6449828110447662 | 0 | 5.0
0.787745815576234 | 0 | 5.0
0.8523927573001021 | 2 | -0.5
0.8115553618311325 | 0 | 5.0
0.9146348047592273 | 0 | 5.0
0.9485012802273061 | 0 | 5.0
0.9938916968919727 | 0 | 5.0
1.0940803193304252 | 0 | 5.0
1.143358810268406 | 0 | 5.0
1.227922988345161 | 0 | 5.0
1.3187618071497444 | 0 | 5.0
1.3897951380123834 | 0 | 5.0
1.3883500302540102 | 0 | 5.0
1.4874621786833366 | 0 | 5.0
1.5637470844371275 | 0 | 5.0
1.6418679517933163 | 0 | 5.0
1.7123232115195386 | 2 | -0.5
1.6712112095481786 | 0 | 5.0
1.6521013524500314 | 0 | 5.0
1.6522835785112333 | 0 | 5.0
1.7431510372737344 | 0 | 5.0
1.742417525837797 | 0 | 5.0
1.8104885799009016 | 0 | 5.0
1.8361476252415447 | 0 | 5.0
1.845153221673369 | 0 | 5.0
1.8942417322256668 | 0 | 5.0
1.9149802036891381 | 0 | 5.0
1.945915868031713 | 0 | 5.0
1.960103152003511 | 0 | 5.0
2.0221200887271276 | 0 | 5.0
2.030251376947912 | 0 | 5.0
2.088360259254267 | 0 | 5.0
2.165108985943594 | 2 | -0.5
2.0949301517994754 | 0 | 5.0
2.1047711025955858 | 0 | 5.0
2.0858387178092377 | 0 | 5.0
2.0983592049693036 | 0 | 5.0
2.136448210136543 | 0 | 5.0
2.107597181842081 | 0 | 5.0
2.1499647138846063 | 0 | 5.0
2.107382444717293 | 0 | 5.0
2.0924492046731404 | 0 | 5.0
2.077250668439143 | 0 | 5.0
2.093247264623572 | 0 | 5.0
2.0881489446122212 | 0 | 5.0
2.0518497675601246 | 0 | 5.0
2.0311602968968097 | 0 | 5.0
1.9821843481969348 | 0 | 5.0
2.006407560829288 | 0 | 5.0
1.9904360902873532 | 0 | 5.0
1.9456504700977726 | 0 | 5.0
1.980161593873505 | 0 | 5.0
1.9156771344195824 | 0 | 5.0
1.9616830098585665 | 0 | 5.0
1.904284684233134 | 0 | 5.0
1.9145591771966366 | 0 | 5.0
1.8929195838458923 | 0 | 5.0
1.904590267124588 | 0 | 5.0
1.9231639185223501 | 0 | 5.0
1.9054965313061032 | 0 | 5.0
1.9358885850192058 | 0 | 5.0
1.950818071066663 | 0 | 5.0
1.961024251528805 | 0 | 5.0
1.9706259727010325 | 0 | 5.0
1.9808053290124255 | 0 | 5.0
2.007976369034615 | 2 | -0.5
2.0011402930013 | 0 | 5.0
1.9532514297297863 | 0 | 5.0
1.9432717228101009 | 0 | 5.0
1.877533255726032 | 2 | -0.5
1.9776876161088737 | 1 | -0.5
1.8791326205626055 | 2 | -0.5
1.9483335510357798 | 1 | -0.5
1.8515967093038206 | 2 | -0.5
1.9410048929143036 | 1 | -0.5
1.8382690817077292 | 2 | -0.5
1.941381086132358 | 1 | -0.5
1.8132234234545903 | 2 | -0.5
1.944864226459367 | 1 | -0.5
1.8066423086899226 | 2 | -0.5
1.9143167786256774 | 1 | -0.5
1.8016718050088165 | 2 | -0.5
1.9593327853359674 | 1 | -0.5
1.7651536838022308 | 2 | -0.5
1.9064298515926144 | 1 | -0.5
1.7337704699568113 | 2 | -0.5
1.84562505442585 | 1 | -0.5
1.7163093517448988 | 2 | -0.5
1.8450733161574544 | 1 | -0.5
1.6533718777065656 | 2 | -0.5
1.8066666896971122 | 2 | -0.5
2.0004296460394593 | 1 | -0.5
1.786439782165113 | 2 | -0.5
2.041463079600636 | 1 | -0.5
1.7275766172902716 | 2 | -0.5
1.9270885924749424 | 1 | -0.5
1.637141617296536 | 2 | -0.5
1.7240762627540205 | 1 | -0.5
1.5334460456132424 | 2 | -0.5
1.688363136664434 | 2 | -0.5
1.9799014348353379 | 1 | -0.5
1.5950919426721333 | 2 | -0.5
1.7612443035176402 | 1 | -0.5
1.5013643135342225 | 2 | -0.5
1.8421386500824959 | 1 | -0.5
1.481255197593483 | 2 | -0.5
1.7712463513383783 | 0 | 5.0
1.6336799881323238 | 2 | -0.5
2.0434466443496073 | 0 | 5.0
1.7872868782705253 | 0 | 5.0
1.4311763239805915 | 0 | 5.0
1.0854689011131116 | 0 | 5.0
0.6989668209532212 | 0 | 5.0
0.7784727435949144 | 0 | 5.0
0.8008473585502288 | 0 | 5.0
0.8781551080943655 | 0 | 5.0
0.9819318790397764 | 0 | 5.0
1.0425791058884348 | 0 | 5.0
1.0829721560490815 | 0 | 5.0
1.2140868016902573 | 0 | 5.0
1.3124117318675572 | 0 | 5.0
1.3964431917952875 | 2 | -0.5
1.3039480048636751 | 0 | 5.0
1.3797348448512574 | 0 | 5.0
1.400439148467394 | 0 | 5.0
1.4539085969180858 | 0 | 5.0
1.5392295693433111 | 0 | 5.0
1.5591343910478574 | 0 | 5.0
1.6413742869280854 | 0 | 5.0
1.701430551432443 | 0 | 5.0
1.7397917954609634 | 0 | 5.0
1.8365748456693538 | 0 | 5.0
1.910887949978359 | 2 | -0.5
1.8096236972652013 | 0 | 5.0
1.8381307267786506 | 0 | 5.0
1.7907298615648009 | 0 | 5.0
1.835925501285416 | 0 | 5.0
1.8491765856531661 | 0 | 5.0
1.8290213752245676 | 0 | 5.0
1.7902528577184393 | 0 | 5.0
1.7874896899655344 | 0 | 5.0
1.822023418469081 | 0 | 5.0
1.7975037232965245 | 0 | 5.0
1.783674080414805 | 0 | 5.0
1.7921800084217527 | 0 | 5.0
1.7905449824954538 | 0 | 5.0
1.7041091976696674 | 0 | 5.0
1.7756112565907334 | 0 | 5.0
1.7241104675428909 | 0 | 5.0
1.7426842200195143 | 0 | 5.0
1.726902232603787 | 0 | 5.0
1.7297817350767408 | 0 | 5.0
1.7154947923659245 | 0 | 5.0
1.650956655214567 | 0 | 5.0
1.6658024938137581 | 0 | 5.0
1.6299949595293222 | 0 | 5.0
1.6182028509759872 | 0 | 5.0
1.576055725374993 | 0 | 5.0
1.6231205250155356 | 0 | 5.0
1.6283743957607208 | 0 | 5.0
1.597650838051054 | 0 | 5.0
1.535344069132656 | 0 | 5.0
1.5765612558190958 | 0 | 5.0
1.531990202524982 | 0 | 5.0
1.5110193146678719 | 0 | 5.0
1.5669451560523193 | 0 | 5.0
1.533663553567423 | 0 | 5.0
1.5024179898463135 | 0 | 5.0
1.5188376974052251 | 0 | 5.0
1.5287063525819002 | 0 | 5.0
1.5152690406443001 | 0 | 5.0
1.4814505578645607 | 0 | 5.0
1.503497937626154 | 0 | 5.0
1.5339270570365242 | 0 | 5.0
1.552278280628281 | 0 | 5.0
1.5219200878012975 | 0 | 5.0
1.523346687928371 | 0 | 5.0
1.510062247539802 | 0 | 5.0
1.5476411318243772 | 2 | -0.5
1.5430942454096128 | 0 | 5.0
1.5089800796461725 | 0 | 5.0
1.5191131710954182 | 0 | 5.0
1.4247078400265785 | 2 | -0.5
1.5473015591670791 | 1 | -0.5
1.4359971090564745 | 2 | -0.5
1.4761900044209357 | 1 | -0.5
1.4386171666281682 | 2 | -0.5
1.4983711568250484 | 1 | -0.5
1.402817929496677 | 2 | -0.5
1.4945765489426668 | 1 | -0.5
1.4044989845584979 | 2 | -0.5
1.488771469092866 | 1 | -0.5
1.3685330344221953 | 2 | -0.5
1.4209492148855454 | 2 | -0.5
1.5345629424257363 | 1 | -0.5
1.3389591851459335 | 2 | -0.5
1.4814724718281393 | 1 | -0.5
1.3335491718991541 | 2 | -0.5
1.4288950314984048 | 1 | -0.5
1.3255057787811382 | 2 | -0.5
1.3646858570904201 | 1 | -0.5
1.2243406813484081 | 2 | -0.5
1.3685844325172116 | 2 | -0.5
1.4988803969658024 | 1 | -0.5
1.285172042426582 | 2 | -0.5
1.4195959418455864 | 1 | -0.5
1.1962792490507157 | 2 | -0.5
1.291311319447865 | 2 | -0.5
1.5272835995373597 | 0 | 5.0
1.3690355649215378 | 0 | 5.0
1.1286248214431118 | 2 | -0.5
1.380834640523923 | 0 | 5.0
0.9288912459224665 | 0 | 5.0
0.5557273479087649 | 0 | 5.0
0.6543852250446804 | 0 | 5.0
0.7243104990097117 | 0 | 5.0
0.881761263447391 | 0 | 5.0
0.9985140792092103 | 2 | -0.5
0.9247466885256636 | 0 | 5.0
0.96198851324709 | 0 | 5.0
1.0532022090500144 | 0 | 5.0
1.130016492648606 | 0 | 5.0
1.176072414374096 | 0 | 5.0
1.2289153411965497 | 0 | 5.0
1.2762643849128825 | 0 | 5.0
1.299314996858393 | 0 | 5.0
1.3407815834428034 | 0 | 5.0
1.3622996450346814 | 0 | 5.0
1.4113956040616995 | 0 | 5.0
1.4946903334620485 | 0 | 5.0
1.5064628364874573 | 0 | 5.0
1.4888638873252407 | 0 | 5.0
1.5788318626648663 | 0 | 5.0
1.5950864355910528 | 2 | -0.5
1.5762462645245858 | 0 | 5.0
1.5806164428633251 | 0 | 5.0
1.5661763478737163 | 0 | 5.0
1.5563834360675046 | 2 | -0.5
1.6090968819942635 | 0 | 5.0
1.5098103207934461 | 0 | 5.0
1.5108205952399523 | 1 | -0.5
1.444460763280182 | 2 | -0.5
1.476771448692466 | 2 | -0.5
1.6065863546344576 | 1 | -0.5
1.4992326069146005 | 2 | -0.5
1.5044987007628148 | 1 | -0.5
1.4464956641656854 | 2 | -0.5
1.532155393375399 | 1 | -0.5
1.4117800756950096 | 2 | -0.5
1.543998211164333 | 2 | -0.5
1.667997568283196 | 1 | -0.5
1.4784656425364633 | 2 | -0.5
1.6122565879538011 | 1 | -0.5
1.4458977316606854 | 2 | -0.5
1.51824212786528 | 1 | -0.5
1.4320677044829309 | 2 | -0.5
1.5182016157534242 | 1 | -0.5
1.3402690285348702 | 2 | -0.5
1.4684231252828677 | 2 | -0.5
1.73680343973808 | 1 | -0.5
1.457651963466446 | 1 | -0.5
1.282637042998254 | 2 | -0.5
1.4166139711788763 | 2 | -0.5
1.5963588752812492 | 1 | -0.5
1.3634748674990638 | 2 | -0.5
1.6230544464784582 | 1 | -0.5
1.3050905721898698 | 2 | -0.5
1.479935200826317 | 1 | -0.5
1.2360701086728085 | 2 | -0.5
1.4252461045146725 | 2 | -0.5
1.8867850081590236 | 0 | 5.0
1.6054716996694665 | 0 | 5.0
1.3390583492580876 | 0 | 5.0
0.977093390080188 | 0 | 5.0
0.5816810635519828 | 0 | 5.0
0.6860316087974062 | 2 | -0.5
0.6548150147978987 | 0 | 5.0
0.7081766507018439 | 0 | 5.0
0.780014457840314 | 0 | 5.0
0.8805895367305491 | 0 | 5.0
0.9910826767705815 | 0 | 5.0
1.0184938511046258 | 0 | 5.0
1.1234170170398716 | 0 | 5.0
1.2506359800082127 | 0 | 5.0
1.295118880544006 | 2 | -0.5
1.2071294379515982 | 0 | 5.0
1.258871345074157 | 0 | 5.0
1.3136764131979026 | 0 | 5.0
1.3919585220197799 | 0 | 5.0
1.4417643623414051 | 0 | 5.0
1.4770947975074167 | 0 | 5.0
1.5188183512246516 | 0 | 5.0
1.6091442416891861 | 0 | 5.0
1.650545626224797 | 0 | 5.0
1.6780406538172545 | 0 | 5.0
1.782265644933213 | 0 | 5.0
1.8912277168339064 | 0 | 5.0
1.9349132242702602 | 0 | 5.0
1.9955987035932767 | 0 | 5.0
2.040690564490434 | 2 | -0.5
1.9630038901602747 | 0 | 5.0
2.00199618350598 | 0 | 5.0
2.002097142051099 | 0 | 5.0
2.049093391724008 | 0 | 5.0
2.0566033161299977 | 1 | -0.5
2.1937894306276187 | 2 | -0.5
2.1044216180208206 | 1 | -0.5
2.2367308687459695 | 2 | -0.5
2.1113163548893703 | 1 | -0.5
2.218566625187673 | 2 | -0.5
2.0789613648302288 | 1 | -0.5
2.2164816353168524 | 1 | -0.5
2.40710953727936 | 2 | -0.5
2.226481668563255 | 1 | -0.5
2.3897264204351796 | 1 | -0.5
2.827066896023271 | 2 | -0.5
2.5288638927362697 | 1 | -0.5
2.815106500730763 | 2 | -0.5
2.523976307242033 | 1 | -0.5
2.8946451258253676 | 0 | 5.0
3.0895308129747012 | 1 | -0.5
3.790527145045839 | 0 | 5.0
3.6524227669725344 | 1 | -0.5
3.1638594888024203 | 0 | 5.0
3.0526992718006536 | 0 | 5.0
2.9594281380516065 | 0 | 5.0
2.8121926644063304 | 0 | 5.0
2.7501863988749893 | 0 | 5.0
2.6384555175437754 | 1 | -0.5
2.382209508282079 | 0 | 5.0
2.3168925928119872 | 0 | 5.0
2.191986891237926 | 0 | 5.0
2.1846221415466083 | 0 | 5.0
2.0832525715694636 | 0 | 5.0
1.9979816881515398 | 0 | 5.0
1.947356312531552 | 0 | 5.0
1.8705157849279268 | 0 | 5.0
1.8522819576533014 | 0 | 5.0
1.8022750021599234 | 0 | 5.0
1.6968758509316741 | 0 | 5.0
1.646554098533631 | 0 | 5.0
1.5324299127230296 | 0 | 5.0
1.4500576828223504 | 0 | 5.0
1.3954632904989002 | 1 | -0.5
1.355510141308989 | 0 | 5.0
1.3230254431266544 | 0 | 5.0
1.335063168553506 | 0 | 5.0
1.3139998645539221 | 0 | 5.0
1.2695974171477722 | 0 | 5.0
1.2833917449032632 | 0 | 5.0
1.2641969756923879 | 0 | 5.0
1.2264724555619533 | 2 | -0.5
1.2949959558966075 | 1 | -0.5
1.2239442631120734 | 2 | -0.5
1.3119281910567742 | 1 | -0.5
1.2089337239626816 | 2 | -0.5
1.2997443220879201 | 1 | -0.5
1.194333465980174 | 2 | -0.5
1.2075324492872659 | 1 | -0.5
1.203163699858194 | 2 | -0.5
1.2495812801533264 | 2 | -0.5
1.3528531615816228 | 1 | -0.5
1.2218997263887175 | 2 | -0.5
1.286150516275111 | 1 | -0.5
1.1833639277011534 | 2 | -0.5
1.2689043278574779 | 1 | -0.5
1.126106570138207 | 2 | -0.5
1.230277972848164 | 1 | -0.5
1.1043075302176522 | 2 | -0.5
1.1607908320395477 | 2 | -0.5
1.3898574753331676 | 1 | -0.5
1.1592468744710132 | 2 | -0.5
1.2928136320430386 | 1 | -0.5
1.1134094197992068 | 2 | -0.5
1.1627247963828844 | 2 | -0.5
1.3654658170711782 | 1 | -0.5
1.1026511770064529 | 2 | -0.5
1.2625590943166076 | 1 | -0.5
1.0119944627317354 | 2 | -0.5
1.2047982070540693 | 2 | -0.5
1.5569640252226202 | 0 | 5.0
1.2410323647829489 | 0 | 5.0
1.0017380116189325 | 0 | 5.0
0.6698929667331861 | 0 | 5.0
0.5135723996131125 | 0 | 5.0
0.6125051939546489 | 0 | 5.0
0.6505959805085407 | 0 | 5.0
0.7689616836932047 | 0 | 5.0
0.85227977507838 | 0 | 5.0
0.9502423168795856 | 0 | 5.0
1.0846366250251809 | 2 | -0.5
1.0643559674018646 | 0 | 5.0
1.1404081700989048 | 0 | 5.0
1.1939431539189882 | 0 | 5.0
1.254535922443454 | 0 | 5.0
1.3449070306020656 | 0 | 5.0
1.3734379319721568 | 0 | 5.0
1.4719556441366013 | 0 | 5.0
1.5142144787545548 | 0 | 5.0
1.6000964568303766 | 0 | 5.0
1.6682001832928524 | 0 | 5.0
1.6974169442212708 | 2 | -0.5
1.6485484480293826 | 0 | 5.0
1.65987422119648 | 0 | 5.0
1.6543579368848473 | 0 | 5.0
1.6963192682975676 | 2 | -0.5
1.7082400414272747 | 0 | 5.0
1.7001124717203389 | 0 | 5.0
1.6674105542834656 | 0 | 5.0
1.6460064604106506 | 2 | -0.5
1.699116714267696 | 1 | -0.5
1.6081118232428167 | 2 | -0.5
1.7172199959372751 | 1 | -0.5
1.600114436221928 | 2 | -0.5
1.67215638638967 | 1 | -0.5
1.560037891967624 | 2 | -0.5
1.6388501212549038 | 1 | -0.5
1.5520221441030837 | 2 | -0.5
1.6647002702890354 | 1 | -0.5
1.5305186649882234 | 2 | -0.5
1.6293217498870003 | 1 | -0.5
1.4846767367254514 | 2 | -0.5
1.64003021361571 | 1 | -0.5
1.5178855807021419 | 2 | -0.5
1.5697845637267933 | 1 | -0.5
1.4452392455408263 | 2 | -0.5
1.5548526903134066 | 1 | -0.5
1.4228535816821004 | 2 | -0.5
1.5518597083507681 | 2 | -0.5
1.686999049838962 | 1 | -0.5
1.4400662549743222 | 2 | -0.5
1.5870302680888333 | 1 | -0.5
1.446920637728677 | 2 | -0.5
1.5420498573917438 | 1 | -0.5
1.4068975310935492 | 2 | -0.5
1.5255269778515164 | 1 | -0.5
1.3975409607244675 | 2 | -0.5
1.4991879242282926 | 2 | -0.5
1.7550080276310813 | 1 | -0.5
1.3940849937681232 | 2 | -0.5
1.5699822840875968 | 1 | -0.5
1.3738017470027484 | 2 | -0.5
1.4522668689827805 | 2 | -0.5
1.8427710153895611 | 0 | 5.0
1.5423849875641074 | 0 | 5.0
1.26166837841042 | 0 | 5.0
0.9718191988205266 | 0 | 5.0
0.7224398315897271 | 2 | -0.5
1.0203794285119772 | 0 | 5.0
0.6379009261374216 | 0 | 5.0
0.681873019668588 | 0 | 5.0
0.8088421137107086 | 0 | 5.0
0.8957431752215116 | 0 | 5.0
0.9655618727838429 | 0 | 5.0
1.0268675954569788 | 0 | 5.0
1.0813094962075858 | 0 | 5.0
1.1906114641348537 | 0 | 5.0
1.3338302135675355 | 0 | 5.0
1.3926146952438654 | 2 | -0.5
1.3119901888246013 | 0 | 5.0
1.3324077514447792 | 0 | 5.0
1.3841516510181517 | 0 | 5.0
1.4244149691681858 | 0 | 5.0
1.4780491832393357 | 0 | 5.0
1.4747549780692517 | 0 | 5.0
1.5976649093612976 | 0 | 5.0
1.613628888956592 | 0 | 5.0
1.6839403274199165 | 0 | 5.0
1.7440059833058734 | 0 | 5.0
1.8757273577616183 | 2 | -0.5
1.7671817601677995 | 0 | 5.0
1.8289316055094749 | 0 | 5.0
1.844185695775145 | 0 | 5.0
1.8654320152560102 | 0 | 5.0
1.8679739338534482 | 0 | 5.0
1.899414216211961 | 0 | 5.0
1.9061984840930828 | 0 | 5.0
1.9506938187715845 | 0 | 5.0
1.9671273027711396 | 0 | 5.0
1.9716002094876535 | 0 | 5.0
2.036869101547048 | 0 | 5.0
2.032771345994467 | 0 | 5.0
2.093700451556467 | 0 | 5.0
2.095961600148984 | 0 | 5.0
2.121202796974601 | 0 | 5.0
2.1218880104021838 | 0 | 5.0
2.1434545230622337 | 0 | 5.0
2.1350629428424233 | 0 | 5.0
2.1605845258971517 | 0 | 5.0
2.183163666611178 | 0 | 5.0
2.149180765524026 | 0 | 5.0
2.2592757743220457 | 0 | 5.0
2.252098169269146 | 0 | 5.0
2.2608779399985663 | 0 | 5.0
2.2949632898337753 | 0 | 5.0
2.3488698795796865 | 0 | 5.0
2.386796338133872 | 0 | 5.0
2.3612041888008566 | 0 | 5.0
2.416741300715026 | 0 | 5.0
2.4736724256088545 | 0 | 5.0
2.472223346490355 | 2 | -0.5
2.4344296998444896 | 0 | 5.0
2.43257864185985 | 0 | 5.0
2.424616325967414 | 0 | 5.0
2.386013448757814 | 0 | 5.0
2.4302138356643765 | 0 | 5.0
2.4108873603075116 | 0 | 5.0
2.361298101526689 | 0 | 5.0
2.4230096135926553 | 0 | 5.0
2.4082737656773965 | 0 | 5.0
2.3475172234591484 | 0 | 5.0
2.3192380174809246 | 0 | 5.0
2.328763082703831 | 0 | 5.0
2.310977706337549 | 2 | -0.5
2.371044072081857 | 0 | 5.0
2.317855717826945 | 0 | 5.0
2.316497691638249 | 0 | 5.0
2.21967132208164 | 0 | 5.0
2.1819959037489562 | 2 | -0.5
2.286312784327379 | 0 | 5.0
2.203932002057237 | 0 | 5.0
2.0649785875348683 | 2 | -0.5
2.210105353875254 | 1 | -0.5
1.9979099346929754 | 2 | -0.5
2.1106415191464714 | 1 | -0.5
1.965277041649533 | 2 | -0.5
2.0925908433728297 | 1 | -0.5
1.9631984005681438 | 2 | -0.5
2.1033465593554146 | 1 | -0.5
1.9282081858803288 | 2 | -0.5
2.0800388042814397 | 2 | -0.5
2.374922129734438 | 1 | -0.5
2.041816260145346 | 2 | -0.5
2.3630109399780763 | 1 | -0.5
2.0291979633383614 | 2 | -0.5
2.3758317469096153 | 1 | -0.5
1.9958575605005953 | 2 | -0.5
2.2632985904183487 | 1 | -0.5
1.9586345993906686 | 2 | -0.5
2.232460459050351 | 1 | -0.5
1.8181630418001538 | 2 | -0.5
2.10953626597669 | 1 | -0.5
1.7068869641772038 | 2 | -0.5
2.0529188217114944 | 1 | -0.5
1.703599840721149 | 2 | -0.5
1.9924203798771403 | 2 | -0.5
2.4489896210470086 | 0 | 5.0
2.2092331611324565 | 0 | 5.0
1.8166795937686613 | 2 | -0.5
2.641077140798479 | 0 | 5.0
2.238100459559404 | 0 | 5.0
1.7345035268318314 | 0 | 5.0
1.3090340435600276 | 0 | 5.0
0.7877917343945382 | 0 | 5.0
0.7105222207248828 | 0 | 5.0
0.8121184667682836 | 0 | 5.0
0.8857528374643279 | 0 | 5.0
0.9613354921300413 | 0 | 5.0
0.9966390151970109 | 0 | 5.0
1.1317068630363982 | 0 | 5.0
1.195703072961419 | 0 | 5.0
1.2358328456210181 | 0 | 5.0
1.305900315146884 | 0 | 5.0
1.3925990393898622 | 0 | 5.0
1.4198794774097907 | 0 | 5.0
1.4581626251292215 | 0 | 5.0
1.4919362274902854 | 0 | 5.0
1.5822218760464979 | 0 | 5.0
1.6454625239736216 | 0 | 5.0
1.7236233094768618 | 0 | 5.0
1.767940664802629 | 0 | 5.0
1.8808134124293951 | 2 | -0.5
1.7625722654425358 | 0 | 5.0
1.793566859526768 | 0 | 5.0
1.8069649787617958 | 0 | 5.0
1.8193186176646594 | 0 | 5.0
1.8727027312973101 | 0 | 5.0
1.879323507424274 | 0 | 5.0
1.8917447609261464 | 0 | 5.0
1.9704303642169074 | 0 | 5.0
1.9863398767269929 | 0 | 5.0
2.0214307210008577 | 0 | 5.0
2.0258277009369356 | 0 | 5.0
2.0902100203172527 | 0 | 5.0
2.068693034629502 | 0 | 5.0
2.1077687465108874 | 0 | 5.0
2.1534868584826232 | 0 | 5.0
2.209854079146857 | 0 | 5.0
2.194900801555117 | 0 | 5.0
2.2054220950278776 | 0 | 5.0
2.2620522060513384 | 0 | 5.0
2.311428781312796 | 2 | -0.5
2.2481055809689865 | 0 | 5.0
2.304434027602186 | 0 | 5.0
2.264882363138747 | 0 | 5.0
2.2549915230372894 | 0 | 5.0
2.260546482546229 | 0 | 5.0
2.2307445773626995 | 0 | 5.0
2.227934580302762 | 0 | 5.0
2.1789218173856137 | 0 | 5.0
2.1691877066215217 | 0 | 5.0
2.125561399197438 | 0 | 5.0
2.150384333265318 | 0 | 5.0
2.1493609053559664 | 0 | 5.0
2.1590486442486183 | 0 | 5.0
2.1097671149459765 | 0 | 5.0
2.120672717999848 | 0 | 5.0
2.083779674096455 | 0 | 5.0
2.0893395969934927 | 0 | 5.0
1.998511827014242 | 0 | 5.0
2.017006197709228 | 0 | 5.0
1.9779335981016954 | 0 | 5.0
1.92333632016987 | 0 | 5.0
1.959671695690851 | 0 | 5.0
1.9156292267276505 | 0 | 5.0
1.8269151193732494 | 0 | 5.0
1.820035944819605 | 0 | 5.0
1.80160068802127 | 0 | 5.0
1.7691365149661018 | 0 | 5.0
1.7746398200160283 | 0 | 5.0
1.6838449964034579 | 0 | 5.0
1.6693286866727677 | 0 | 5.0
1.6305636570484985 | 0 | 5.0
1.6227192144833023 | 2 | -0.5
1.688919833055763 | 1 | -0.5
1.5857627506945142 | 2 | -0.5
1.6534637815413347 | 1 | -0.5
1.5627838317999223 | 2 | -0.5
1.662960388368355 | 1 | -0.5
1.5258189017969912 | 2 | -0.5
1.592394151135832 | 2 | -0.5
1.6734075759835798 | 1 | -0.5
1.5204682698453325 | 2 | -0.5
1.6374594621206269 | 1 | -0.5
1.4920249176701186 | 2 | -0.5
1.6396029993627783 | 1 | -0.5
1.4733703413261319 | 2 | -0.5
1.5744711412014791 | 1 | -0.5
1.462086361453568 | 2 | -0.5
1.5608025165392299 | 2 | -0.5
1.7707398255817464 | 1 | -0.5
1.4722176249819754 | 2 | -0.5
1.6228602189693435 | 1 | -0.5
1.3467829186001739 | 2 | -0.5
1.5252157115746978 | 2 | -0.5
1.8022886822988102 | 1 | -0.5
1.5430797555300262 | 2 | -0.5
1.7100514999995096 | 1 | -0.5
1.4420486842952838 | 2 | -0.5
1.7528997317741986 | 0 | 5.0
1.4631316442028663 | 0 | 5.0
1.2384666842907202 | 2 | -0.5
1.568121602806103 | 0 | 5.0
1.1608880369049175 | 0 | 5.0
0.8521709984431675 | 0 | 5.0
0.6971890632120632 | 0 | 5.0
0.7832060686165707 | 0 | 5.0
0.8926054663749804 | 0 | 5.0
0.9763813806431308 | 0 | 5.0
1.1284872525968366 | 2 | -0.5
1.0558780501574268 | 0 | 5.0
1.122747301117537 | 0 | 5.0
1.1782207778797633 | 0 | 5.0
1.234323752429919 | 0 | 5.0
1.266207286891909 | 0 | 5.0
1.3557971233595856 | 0 | 5.0
1.4679454859533645 | 0 | 5.0
1.4895504041172896 | 0 | 5.0
1.5428666449635378 | 0 | 5.0
1.648346492295099 | 0 | 5.0
1.6838016277870096 | 0 | 5.0
1.7484379442386349 | 2 | -0.5
1.7031577609843047 | 0 | 5.0
1.7206766120072625 | 0 | 5.0
1.7410174764008055 | 0 | 5.0
1.7368316611889476 | 0 | 5.0
1.7469572234027948 | 2 | -0.5
1.7574529920417825 | 0 | 5.0
1.7468490117187936 | 0 | 5.0
1.7396996442162334 | 0 | 5.0
1.6775639342448998 | 2 | -0.5
1.7594177330797869 | 0 | 5.0
1.7138579008407135 | 1 | -0.5
1.6284678946337843 | 2 | -0.5
1.6640411647946045 | 1 | -0.5
1.635815629537159 | 2 | -0.5
1.673828513254829 | 1 | -0.5
1.5791783092244724 | 2 | -0.5
1.634685338219246 | 2 | -0.5
1.7661341217590405 | 1 | -0.5
1.5823649520633587 | 2 | -0.5
1.6965331463277036 | 1 | -0.5
1.5357270345263472 | 2 | -0.5
1.6380562136541676 | 1 | -0.5
1.5385859825573536 | 2 | -0.5
1.6212271574047867 | 1 | -0.5
1.4436957065504872 | 2 | -0.5
1.6012541072738824 | 2 | -0.5
1.8028377237647604 | 1 | -0.5
1.570509036097215 | 2 | -0.5
1.7341454126724576 | 1 | -0.5
1.5403698115891082 | 2 | -0.5
1.6959522536581197 | 1 | -0.5
1.4713535845370775 | 2 | -0.5
1.7271967995374027 | 1 | -0.5
1.5082867578134085 | 2 | -0.5
1.6599217895059797 | 1 | -0.5
1.4492910465080593 | 2 | -0.5
1.585302534076233 | 1 | -0.5
1.4020414324382604 | 2 | -0.5
1.5549531499419993 | 2 | -0.5
1.7720446478846978 | 1 | -0.5
1.5109923452111962 | 2 | -0.5
1.7935259262567023 | 1 | -0.5
1.4445979120542622 | 2 | -0.5
1.679091473912742 | 1 | -0.5
1.3988490311172894 | 2 | -0.5
1.6919955977417405 | 1 | -0.5
1.3504340311845273 | 2 | -0.5
1.4633465622790796 | 2 | -0.5
1.7550164976984477 | 0 | 5.0
1.5258337169692475 | 0 | 5.0
1.2285536955778078 | 0 | 5.0
1.042729182962887 | 0 | 5.0
0.7166319390616376 | 2 | -0.5
0.8497783827592859 | 0 | 5.0
0.707116374061208 | 0 | 5.0
0.8563424244781109 | 0 | 5.0
0.9258103131291524 | 0 | 5.0
1.038588667135341 | 0 | 5.0
1.1544639511845047 | 2 | -0.5
1.049159616184497 | 0 | 5.0
1.1077102615666017 | 0 | 5.0
1.1369388316300735 | 0 | 5.0
1.1750735185243044 | 0 | 5.0
1.2276580401335249 | 0 | 5.0
1.3548291162694326 | 0 | 5.0
1.4005567579457956 | 0 | 5.0
1.42919232707574 | 0 | 5.0
1.4829662134514194 | 0 | 5.0
1.5477126484271895 | 0 | 5.0
1.5962702256619448 | 0 | 5.0
1.6655703897698912 | 0 | 5.0
1.6625969734611212 | 0 | 5.0
1.7634055100742314 | 0 | 5.0
1.8187478570355604 | 0 | 5.0
1.8634585194258135 | 0 | 5.0
1.951834232392518 | 0 | 5.0
2.0054902675433994 | 0 | 5.0
2.0788324665594375 | 2 | -0.5
1.9733127795303267 | 0 | 5.0
1.9963116985332419 | 0 | 5.0
2.0128740008390995 | 1 | -0.5
2.0785085230450613 | 2 | -0.5
2.021707697409869 | 1 | -0.5
2.0919830708189435 | 2 | -0.5
2.0336467139245276 | 1 | -0.5
2.0570764499274947 | 2 | -0.5
2.021524605231953 | 1 | -0.5
2.102583108246604 | 2 | -0.5
2.058370761456142 | 1 | -0.5
2.1273340009821116 | 1 | -0.5
2.239116738280806 | 2 | -0.5
2.1601644650798484 | 1 | -0.5
2.293311536754403 | 2 | -0.5
2.1896823422043044 | 1 | -0.5
2.363812858243721 | 1 | -0.5
2.6307681713801823 | 2 | -0.5
2.3497981613238133 | 1 | -0.5
2.6581289443548464 | 2 | -0.5
2.372182740309279 | 1 | -0.5
2.6328635801938027 | 2 | -0.5
2.4009596595333225 | 1 | -0.5
2.692937804435194 | 1 | -0.5
3.179181337436732 | 0 | 5.0
3.417906463116625 | 1 | -0.5
3.475284096894314 | 0 | 5.0
3.3422992968327185 | 0 | 5.0
3.271279582844546 | 0 | 5.0
3.0378836213409666 | 0 | 5.0
2.942187672979264 | 0 | 5.0
2.8032670969301954 | 1 | -0.5
2.4772548295302315 | 0 | 5.0
2.421869025952134 | 0 | 5.0
2.3203327240290577 | 0 | 5.0
2.22681497782273 | 0 | 5.0
2.1950214175957075 | 0 | 5.0
2.0999345817628696 | 0 | 5.0
2.0186933039545196 | 0 | 5.0
1.9595980565240967 | 0 | 5.0
1.8834414996238533 | 0 | 5.0
1.7903492866796684 | 0 | 5.0
1.752215498515249 | 1 | -0.5
1.5979098632039896 | 0 | 5.0
1.5179725969035884 | 0 | 5.0
1.520330428997365 | 0 | 5.0
1.476006819288239 | 0 | 5.0
1.400854667085338 | 0 | 5.0
1.347439082764175 | 0 | 5.0
1.3201538010889267 | 0 | 5.0
1.2668096739549657 | 1 | -0.5
Total reward: 2607.5
