-2.6, 1.2, -2.3, 0.6, -2.5, 4.8, 4.0, -1.5, -0.6, -4.3, -4.3, 1.8, -4.2, -1.6, 5.6, -2.7, 0.6, -0.9
parameter ends

state | action | reward
[2.97] | 2 | -0.5
2.2326859278817226 | 2 | -0.5
1.848057852824718 | 2 | -0.5
1.7335410347822955 | 2 | -0.5
1.5805874541368377 | 2 | -0.5
1.5895026826288128 | 2 | -0.5
1.615654269384658 | 2 | -0.5
1.6877888171584479 | 2 | -0.5
1.805537820655057 | 2 | -0.5
6.428189104073576 | 2 | -0.5
5.212387774388411 | 2 | -0.5
4.729923699107302 | 2 | -0.5
4.370004050665311 | 2 | -0.5
4.230419884496924 | 2 | -0.5
4.1840727480198865 | 2 | -0.5
4.330946150138853 | 2 | -0.5
3.957637526297168 | 2 | -0.5
3.0082076739441894 | 2 | -0.5
2.5116783513600223 | 2 | -0.5
2.1716253506313854 | 2 | -0.5
1.9882251897255654 | 2 | -0.5
1.898834832794823 | 2 | -0.5
1.8689751509625925 | 2 | -0.5
1.9602328257793882 | 2 | -0.5
2.1402999229682202 | 2 | -0.5
2.4591058855630052 | 2 | -0.5
2.983878993903833 | 2 | -0.5
3.9954461338588008 | 2 | -0.5
7.946582016796556 | 2 | -0.5
7.696261395004965 | 2 | -0.5
7.794963772313533 | 2 | -0.5
4.383928292056906 | 2 | -0.5
3.144391084176152 | 2 | -0.5
2.2830301708706036 | 2 | -0.5
1.8769800392972724 | 2 | -0.5
1.6894092257990518 | 2 | -0.5
1.531490196073687 | 2 | -0.5
1.5247415798239916 | 2 | -0.5
1.5702270893540056 | 2 | -0.5
1.6777762963236522 | 2 | -0.5
1.7386591759556398 | 2 | -0.5
6.38586852090295 | 2 | -0.5
5.335317067812297 | 2 | -0.5
4.661013586944198 | 2 | -0.5
4.346111400522355 | 2 | -0.5
4.24191294640906 | 2 | -0.5
4.230004250975336 | 2 | -0.5
4.37374231709804 | 2 | -0.5
3.847801219435426 | 2 | -0.5
2.816468684795706 | 2 | -0.5
2.350184445962811 | 2 | -0.5
2.1266886886452867 | 2 | -0.5
2.016200207747415 | 2 | -0.5
1.8958810252148384 | 2 | -0.5
1.9417839864862403 | 2 | -0.5
2.0487201492220093 | 2 | -0.5
2.248683809736846 | 2 | -0.5
2.619931409049347 | 2 | -0.5
3.290491352571605 | 2 | -0.5
4.276106148793617 | 2 | -0.5
8.003672693701366 | 2 | -0.5
7.783229632759363 | 2 | -0.5
7.771093853371429 | 2 | -0.5
4.305037128497504 | 2 | -0.5
2.9452307403739333 | 2 | -0.5
2.23296727682092 | 2 | -0.5
1.902945878604048 | 2 | -0.5
1.7374936499109237 | 2 | -0.5
1.6329162865448756 | 2 | -0.5
1.6212832180350683 | 2 | -0.5
1.6296450452538123 | 2 | -0.5
1.6403021103707092 | 2 | -0.5
1.80628392050968 | 2 | -0.5
6.556042005975991 | 2 | -0.5
5.394298747424195 | 2 | -0.5
4.8461962477447385 | 2 | -0.5
4.511257114395193 | 2 | -0.5
4.310097004846075 | 2 | -0.5
4.314720314050267 | 2 | -0.5
4.416280284726254 | 2 | -0.5
3.514464297677088 | 2 | -0.5
2.749031012236954 | 2 | -0.5
2.182338411118271 | 2 | -0.5
1.9514254073017876 | 2 | -0.5
1.8489300707442702 | 2 | -0.5
1.826430357246717 | 2 | -0.5
1.8082691421119679 | 2 | -0.5
1.8580041362656612 | 2 | -0.5
1.9585349400812553 | 2 | -0.5
2.197449254399904 | 2 | -0.5
2.7076106532391537 | 2 | -0.5
3.6376512186064 | 2 | -0.5
8.015314751537797 | 2 | -0.5
7.676445082888062 | 2 | -0.5
7.728677224816977 | 2 | -0.5
5.001554977680652 | 2 | -0.5
3.0718555961654057 | 2 | -0.5
2.2733179497423297 | 2 | -0.5
1.8963157227424292 | 2 | -0.5
1.7294260297432258 | 2 | -0.5
1.619285408920322 | 2 | -0.5
1.6127842238428987 | 2 | -0.5
1.6109740580617433 | 2 | -0.5
1.7332959308185865 | 2 | -0.5
1.9357254781114246 | 2 | -0.5
6.080969724399016 | 2 | -0.5
5.251911894122253 | 2 | -0.5
4.684951957968142 | 2 | -0.5
4.3682628199542295 | 2 | -0.5
4.2502379941422594 | 2 | -0.5
4.318584709158927 | 2 | -0.5
4.463207758726515 | 2 | -0.5
2.9462545828394546 | 2 | -0.5
2.3364442555593934 | 2 | -0.5
2.0719732903417696 | 2 | -0.5
1.9000779220591406 | 2 | -0.5
1.8119533955729754 | 2 | -0.5
1.899338154824903 | 2 | -0.5
1.9551839567325418 | 2 | -0.5
2.1808940454529746 | 2 | -0.5
2.6307211067327296 | 2 | -0.5
3.2089139303612093 | 2 | -0.5
4.299278993872843 | 2 | -0.5
7.877146752952946 | 2 | -0.5
7.68199932667891 | 2 | -0.5
7.754873022903369 | 2 | -0.5
4.384653017383157 | 2 | -0.5
2.8422866621656073 | 2 | -0.5
2.1804854604305675 | 2 | -0.5
1.8951019819414816 | 2 | -0.5
1.7560851780421598 | 2 | -0.5
1.6201426551758533 | 2 | -0.5
1.6110677980885535 | 2 | -0.5
1.6579559734395042 | 2 | -0.5
1.7891167713699816 | 2 | -0.5
1.9683671283373971 | 2 | -0.5
5.732357440375655 | 2 | -0.5
4.919026837793602 | 2 | -0.5
4.486356162854676 | 2 | -0.5
4.270092701462692 | 2 | -0.5
4.221028048086336 | 2 | -0.5
4.360036422627161 | 2 | -0.5
3.691734480067768 | 2 | -0.5
2.7720971320626533 | 2 | -0.5
2.251185737138683 | 2 | -0.5
2.0312157601963197 | 2 | -0.5
1.889811275830088 | 2 | -0.5
1.8139487976131212 | 2 | -0.5
1.83740878014166 | 2 | -0.5
1.8775520018467307 | 2 | -0.5
2.0724975753002437 | 2 | -0.5
2.4124548346340484 | 2 | -0.5
2.950886394381423 | 2 | -0.5
3.9184350767095495 | 2 | -0.5
7.826028120030475 | 2 | -0.5
7.645889380167034 | 2 | -0.5
7.604394376853237 | 2 | -0.5
3.667924110487446 | 2 | -0.5
2.5228658542377205 | 2 | -0.5
2.1149202625600214 | 2 | -0.5
1.7669914293254763 | 2 | -0.5
1.5966959788867978 | 2 | -0.5
1.5297002884941915 | 2 | -0.5
1.457930889876425 | 2 | -0.5
1.4434543101419932 | 2 | -0.5
1.542600409007926 | 2 | -0.5
1.6566433402058445 | 2 | -0.5
6.422608078342648 | 2 | -0.5
5.369224192800508 | 2 | -0.5
4.775700461310081 | 2 | -0.5
4.376722177369469 | 2 | -0.5
4.266903855396119 | 2 | -0.5
4.318921615711313 | 2 | -0.5
4.463832049959319 | 2 | -0.5
3.2754227530586055 | 2 | -0.5
2.6042242706807075 | 2 | -0.5
2.20165639944241 | 2 | -0.5
2.0310502649235302 | 2 | -0.5
1.9703620967648476 | 2 | -0.5
1.9166557648525713 | 2 | -0.5
1.9420691389403646 | 2 | -0.5
2.076916855124619 | 2 | -0.5
2.2891700282710725 | 2 | -0.5
2.70986642274357 | 2 | -0.5
3.435961202235541 | 2 | -0.5
8.115650065921804 | 2 | -0.5
7.679666683484717 | 2 | -0.5
7.660885146144165 | 2 | -0.5
6.732862332116518 | 2 | -0.5
3.5899057829699976 | 2 | -0.5
2.5616059412791508 | 2 | -0.5
2.0236247026223677 | 2 | -0.5
1.7208885756186043 | 2 | -0.5
1.609915409611892 | 2 | -0.5
1.5422994239633325 | 2 | -0.5
1.544348386179102 | 2 | -0.5
1.5836130094515137 | 2 | -0.5
1.6633467457047457 | 2 | -0.5
1.9073304773842537 | 2 | -0.5
5.634898187821086 | 2 | -0.5
4.762692892578612 | 2 | -0.5
4.390050998117425 | 2 | -0.5
4.271489841577964 | 2 | -0.5
4.28572670569458 | 2 | -0.5
4.453104841904395 | 2 | -0.5
3.5083801118774427 | 2 | -0.5
2.570885515836537 | 2 | -0.5
2.2018628864529313 | 2 | -0.5
1.9109243038899155 | 2 | -0.5
1.8399620073567524 | 2 | -0.5
1.7569425716400915 | 2 | -0.5
1.8485909269969825 | 2 | -0.5
1.9298648696993255 | 2 | -0.5
2.129259000696226 | 2 | -0.5
2.4692632905306526 | 2 | -0.5
3.033622148798688 | 2 | -0.5
4.141030089242144 | 2 | -0.5
7.959760252442518 | 2 | -0.5
7.716252323613558 | 2 | -0.5
7.7262553067442665 | 2 | -0.5
4.759188558047166 | 2 | -0.5
2.996581401345861 | 2 | -0.5
2.3311105705116444 | 2 | -0.5
1.9230303281323002 | 2 | -0.5
1.7068477836970857 | 2 | -0.5
1.6138651081376172 | 2 | -0.5
1.59828280659939 | 2 | -0.5
1.6448720802780343 | 2 | -0.5
1.7187085486666531 | 2 | -0.5
1.9133746629632207 | 2 | -0.5
5.741248969049812 | 2 | -0.5
4.864133117679205 | 2 | -0.5
4.417554644965574 | 2 | -0.5
4.263575787723648 | 2 | -0.5
4.263503097527068 | 2 | -0.5
4.384810719048843 | 2 | -0.5
3.6005543357128955 | 2 | -0.5
2.6502944774374706 | 2 | -0.5
2.1743175444597576 | 2 | -0.5
1.9299236045973402 | 2 | -0.5
1.7879724924131652 | 2 | -0.5
1.7349549939946598 | 2 | -0.5
1.7362700009113334 | 2 | -0.5
1.7861478880162847 | 2 | -0.5
1.9192966728688858 | 2 | -0.5
2.1560632447725094 | 2 | -0.5
2.6480287231450674 | 2 | -0.5
3.846549768314902 | 2 | -0.5
7.812435208637177 | 2 | -0.5
7.650893334914551 | 2 | -0.5
7.164289406552704 | 2 | -0.5
3.5328997467344414 | 2 | -0.5
2.6309323005656577 | 2 | -0.5
2.1129866446901073 | 2 | -0.5
1.8565265145175456 | 2 | -0.5
1.676882603261171 | 2 | -0.5
1.6325474548329213 | 2 | -0.5
1.5921960637267225 | 2 | -0.5
1.6596434290304134 | 2 | -0.5
1.7923310261001926 | 2 | -0.5
6.501942495801963 | 2 | -0.5
5.277348225572709 | 2 | -0.5
4.710489272494255 | 2 | -0.5
4.479423339103898 | 2 | -0.5
4.363316089118609 | 2 | -0.5
4.358062321891191 | 2 | -0.5
4.587547975683684 | 2 | -0.5
3.3783136025381837 | 2 | -0.5
2.568146026813603 | 2 | -0.5
2.20003423597263 | 2 | -0.5
1.985126792359885 | 2 | -0.5
1.879128255465284 | 2 | -0.5
1.8436426522445637 | 2 | -0.5
1.9020529462265277 | 2 | -0.5
1.9892097782183549 | 2 | -0.5
2.296356935645107 | 2 | -0.5
2.6977035851853994 | 2 | -0.5
3.216518291847606 | 2 | -0.5
4.437934422715335 | 2 | -0.5
7.6865890468275175 | 2 | -0.5
7.560464095854208 | 2 | -0.5
7.609806664485854 | 2 | -0.5
4.052541855576655 | 2 | -0.5
2.6973225405827947 | 2 | -0.5
2.094218207456829 | 2 | -0.5
1.819164953490749 | 2 | -0.5
1.6754933132602208 | 2 | -0.5
1.5892068877381702 | 2 | -0.5
1.5518404508052193 | 2 | -0.5
1.5547625308555093 | 2 | -0.5
1.6280729931326632 | 2 | -0.5
1.7400610213742274 | 2 | -0.5
6.461339501206305 | 2 | -0.5
5.347115069466752 | 2 | -0.5
4.81226179526596 | 2 | -0.5
4.488231909823405 | 2 | -0.5
4.384600704676922 | 2 | -0.5
4.467502021154256 | 2 | -0.5
4.672985346478991 | 2 | -0.5
3.1519439209593108 | 2 | -0.5
2.525360392391321 | 2 | -0.5
2.1721100122040413 | 2 | -0.5
1.9816244285250764 | 2 | -0.5
1.9370769632926355 | 2 | -0.5
1.8747406400663824 | 2 | -0.5
1.9402296667737668 | 2 | -0.5
2.043054549991711 | 2 | -0.5
2.279326862092864 | 2 | -0.5
2.630492304669676 | 2 | -0.5
3.5824967214725847 | 2 | -0.5
7.894880309982104 | 2 | -0.5
7.547294544754107 | 2 | -0.5
7.516221250415429 | 2 | -0.5
5.92786527370968 | 2 | -0.5
3.749901906056714 | 2 | -0.5
2.6724426576402225 | 2 | -0.5
2.1243992243536285 | 2 | -0.5
1.8343601519881052 | 2 | -0.5
1.6887087384385213 | 2 | -0.5
1.6226100421381184 | 2 | -0.5
1.617835191620925 | 2 | -0.5
1.7028788561815087 | 2 | -0.5
1.8529737001187396 | 2 | -0.5
2.071804779615153 | 2 | -0.5
5.464546995716754 | 2 | -0.5
4.79736546156997 | 2 | -0.5
4.515695224989059 | 2 | -0.5
4.374748022541724 | 2 | -0.5
4.409739427576333 | 2 | -0.5
4.496424150407157 | 2 | -0.5
3.15445127196309 | 2 | -0.5
2.3483268764377554 | 2 | -0.5
1.9485602900851933 | 2 | -0.5
1.8418277547927693 | 2 | -0.5
1.7358653148011993 | 2 | -0.5
1.7326082766180337 | 2 | -0.5
1.7504198672014333 | 2 | -0.5
1.857116959078277 | 2 | -0.5
2.0788762102456455 | 2 | -0.5
2.3877954930636607 | 2 | -0.5
2.904833489224156 | 2 | -0.5
4.1427382296247846 | 2 | -0.5
7.783714704463218 | 2 | -0.5
7.550026241930322 | 2 | -0.5
7.6495422410225755 | 2 | -0.5
4.492268746835425 | 2 | -0.5
3.0065388689306993 | 2 | -0.5
2.338545689002395 | 2 | -0.5
2.0235032659604415 | 2 | -0.5
1.8345324723371317 | 2 | -0.5
1.7016433043584853 | 2 | -0.5
1.6679478420313367 | 2 | -0.5
1.6962004701706936 | 2 | -0.5
1.7884560829591858 | 2 | -0.5
2.040166340207128 | 2 | -0.5
5.854159143177156 | 2 | -0.5
5.023145157958308 | 2 | -0.5
4.560837199834107 | 2 | -0.5
4.34313431421961 | 2 | -0.5
4.2675143267531 | 2 | -0.5
4.3840779897684845 | 2 | -0.5
3.4391892706641793 | 2 | -0.5
2.5226742292902533 | 2 | -0.5
2.053586524174415 | 2 | -0.5
1.8374191015744414 | 2 | -0.5
1.6904732078450835 | 2 | -0.5
1.6457677723246893 | 2 | -0.5
1.6514757999301295 | 2 | -0.5
1.7035533884959178 | 2 | -0.5
1.8260491914600803 | 2 | -0.5
2.0444872477636875 | 2 | -0.5
2.416900397628681 | 2 | -0.5
3.042644081604208 | 2 | -0.5
4.391917640215982 | 2 | -0.5
7.769008544965485 | 2 | -0.5
7.687407116232828 | 2 | -0.5
6.75395173328228 | 2 | -0.5
3.9246992509616048 | 2 | -0.5
2.9172839178802596 | 2 | -0.5
2.2875320894252895 | 2 | -0.5
1.9920263604820587 | 2 | -0.5
1.8267307993088002 | 2 | -0.5
1.7535415783231123 | 2 | -0.5
1.772528613050408 | 2 | -0.5
1.8189575422138213 | 2 | -0.5
2.0348633623342645 | 2 | -0.5
6.587735182843958 | 2 | -0.5
5.397662430233148 | 2 | -0.5
4.824578711933963 | 2 | -0.5
4.402783158014979 | 2 | -0.5
4.222949964158121 | 2 | -0.5
4.216606901446843 | 2 | -0.5
4.372192890569858 | 2 | -0.5
3.1177413295921483 | 2 | -0.5
2.399885755725625 | 2 | -0.5
1.9915077089333348 | 2 | -0.5
1.832378384195715 | 2 | -0.5
1.6970451950207384 | 2 | -0.5
1.663391160844422 | 2 | -0.5
1.663161298872258 | 2 | -0.5
1.7994181152740913 | 2 | -0.5
1.9059522956030754 | 2 | -0.5
2.3354839360229174 | 2 | -0.5
2.930295595268033 | 2 | -0.5
4.1575650119702585 | 2 | -0.5
7.830305536751847 | 2 | -0.5
7.6126349888826494 | 2 | -0.5
7.5276236407106865 | 2 | -0.5
3.964253657112947 | 2 | -0.5
2.491807199965063 | 2 | -0.5
2.1367782944410725 | 2 | -0.5
1.8940292519353656 | 2 | -0.5
1.8169723507884499 | 2 | -0.5
1.6829646164333107 | 2 | -0.5
1.648749772347538 | 2 | -0.5
1.727155931445036 | 2 | -0.5
1.8277378172047867 | 2 | -0.5
1.9649933696972604 | 2 | -0.5
5.82287474958668 | 2 | -0.5
4.9561267996133 | 2 | -0.5
4.591656881296466 | 2 | -0.5
4.293701086590676 | 2 | -0.5
4.203614088503621 | 2 | -0.5
4.293974989831202 | 2 | -0.5
4.111001946553935 | 2 | -0.5
2.7677720774646137 | 2 | -0.5
2.277560428969487 | 2 | -0.5
1.9620213980166372 | 2 | -0.5
1.837945318843676 | 2 | -0.5
1.7605736857667231 | 2 | -0.5
1.7412039756243034 | 2 | -0.5
1.8649609034701504 | 2 | -0.5
1.9921686347901957 | 2 | -0.5
2.287141533227681 | 2 | -0.5
2.705302763171545 | 2 | -0.5
3.6947724528893833 | 2 | -0.5
8.003568671100181 | 2 | -0.5
7.7253366859215715 | 2 | -0.5
7.877273460153323 | 2 | -0.5
4.031926555741485 | 2 | -0.5
2.9337837577124266 | 2 | -0.5
2.2702656751137034 | 2 | -0.5
1.9226868685504177 | 2 | -0.5
1.7225462751058351 | 2 | -0.5
1.6337676275114743 | 2 | -0.5
1.6207062548122257 | 2 | -0.5
1.6575851606411522 | 2 | -0.5
1.7704391455821635 | 2 | -0.5
6.882429697386919 | 2 | -0.5
5.523642824573256 | 2 | -0.5
4.746469398667063 | 2 | -0.5
4.274659621120987 | 2 | -0.5
4.193289416334875 | 2 | -0.5
4.137003834558818 | 2 | -0.5
4.297454495717558 | 2 | -0.5
3.637208137046548 | 2 | -0.5
2.665477352385554 | 2 | -0.5
2.2116082322239663 | 2 | -0.5
1.9587510503575727 | 2 | -0.5
1.8147447963473344 | 2 | -0.5
1.7427100614138422 | 2 | -0.5
1.753894503445934 | 2 | -0.5
1.8461397716048933 | 2 | -0.5
1.9826109354605068 | 2 | -0.5
2.28058498594963 | 2 | -0.5
2.7103534616804734 | 2 | -0.5
3.9185258138376002 | 2 | -0.5
8.021723071425606 | 2 | -0.5
7.8437600638738845 | 2 | -0.5
7.974961665658874 | 2 | -0.5
4.144248314701329 | 2 | -0.5
2.859346365215853 | 2 | -0.5
2.2871792630622063 | 2 | -0.5
1.9211583702905344 | 2 | -0.5
1.7826666441261023 | 2 | -0.5
1.6617665738691358 | 2 | -0.5
1.669100455717298 | 2 | -0.5
1.660063651707565 | 2 | -0.5
1.7595613235018441 | 2 | -0.5
7.432166063010732 | 2 | -0.5
5.727622587629525 | 2 | -0.5
4.905042510482209 | 2 | -0.5
4.443106748501934 | 2 | -0.5
4.126928224103062 | 2 | -0.5
4.035452374240517 | 2 | -0.5
4.056436215394799 | 2 | -0.5
4.297746521787306 | 2 | -0.5
2.9506764850914515 | 2 | -0.5
2.4016556993394924 | 2 | -0.5
2.0343643579054795 | 2 | -0.5
1.8360331321011765 | 2 | -0.5
1.7277423359774067 | 2 | -0.5
1.7112482266661015 | 2 | -0.5
1.791359317616784 | 2 | -0.5
1.8441518373691752 | 2 | -0.5
1.9468634164923106 | 2 | -0.5
2.195341024314055 | 2 | -0.5
2.591560993752541 | 2 | -0.5
3.4051396690300346 | 2 | -0.5
8.264202589955058 | 2 | -0.5
7.972091619193271 | 2 | -0.5
8.057696762023458 | 2 | -0.5
5.274864368354851 | 2 | -0.5
3.5030786926985447 | 2 | -0.5
2.785947456439729 | 2 | -0.5
2.274989337592202 | 2 | -0.5
1.9418462436324178 | 2 | -0.5
1.8274686220426941 | 2 | -0.5
1.7344577057880042 | 2 | -0.5
1.7785166146845999 | 2 | -0.5
1.8573263327408642 | 2 | -0.5
7.0817648999464815 | 2 | -0.5
5.435311790061886 | 2 | -0.5
4.64185788064571 | 2 | -0.5
4.189022572547362 | 2 | -0.5
4.005507183241941 | 2 | -0.5
3.9616443485972233 | 2 | -0.5
4.035284266169761 | 2 | -0.5
3.677307067291724 | 2 | -0.5
2.6747440201792063 | 2 | -0.5
2.2440329218419928 | 2 | -0.5
1.951229491277871 | 2 | -0.5
1.7891824807838497 | 2 | -0.5
1.6670789644382915 | 2 | -0.5
1.6349706154356045 | 2 | -0.5
1.6587161255836522 | 2 | -0.5
1.69448557976137 | 2 | -0.5
1.9664276150178175 | 2 | -0.5
2.194887753611593 | 2 | -0.5
2.6741426740829306 | 2 | -0.5
3.8175801767525956 | 2 | -0.5
8.069375735361797 | 2 | -0.5
7.894020416241618 | 2 | -0.5
8.00423265309379 | 2 | -0.5
4.792623846958421 | 2 | -0.5
3.2877002366517245 | 2 | -0.5
2.5981818983400973 | 2 | -0.5
2.208746444276622 | 2 | -0.5
2.0521051118968443 | 2 | -0.5
1.8655348147471058 | 2 | -0.5
1.8382771316961422 | 0 | 5.0
1.845902353713535 | 2 | -0.5
1.8308806661888186 | 2 | -0.5
2.000945853563755 | 2 | -0.5
2.1027837247176726 | 2 | -0.5
6.000628692866711 | 2 | -0.5
5.1584950029226695 | 2 | -0.5
4.622450061541708 | 2 | -0.5
4.347424814117288 | 2 | -0.5
4.276001947667934 | 2 | -0.5
4.249015491581578 | 2 | -0.5
4.362585787754403 | 2 | -0.5
2.819296694255776 | 2 | -0.5
2.235212542620724 | 2 | -0.5
1.8909032942483794 | 2 | -0.5
1.675177218577062 | 2 | -0.5
1.5640607916624412 | 2 | -0.5
1.574323694452453 | 2 | -0.5
1.597574544834413 | 2 | -0.5
1.6964746895888072 | 2 | -0.5
1.8571533797793398 | 2 | -0.5
2.171392627983687 | 2 | -0.5
2.6497795949387988 | 2 | -0.5
4.285258147465369 | 2 | -0.5
7.831447551366645 | 2 | -0.5
7.781811863975187 | 2 | -0.5
6.561700702835493 | 2 | -0.5
3.9937717403549637 | 2 | -0.5
2.9609998688702133 | 2 | -0.5
2.4900178161813993 | 2 | -0.5
2.203887824229752 | 2 | -0.5
1.9688840908502367 | 2 | -0.5
1.9168539532937423 | 0 | 5.0
1.9695545113753983 | 0 | 5.0
1.991489087129709 | 2 | -0.5
1.9653649434569072 | 2 | -0.5
2.0540534474852477 | 2 | -0.5
2.2933185364916566 | 2 | -0.5
6.915978599039057 | 2 | -0.5
5.608193130960473 | 2 | -0.5
5.012869605066279 | 2 | -0.5
4.677935965735402 | 2 | -0.5
4.576421504315014 | 2 | -0.5
4.5996675060262655 | 2 | -0.5
3.5452279923963825 | 2 | -0.5
2.305012831442047 | 2 | -0.5
1.866832104044912 | 2 | -0.5
1.650937401691504 | 2 | -0.5
1.5088845803634725 | 2 | -0.5
1.4372471151547002 | 2 | -0.5
1.441616068425262 | 2 | -0.5
1.4693575586219276 | 2 | -0.5
1.6236975066954984 | 2 | -0.5
1.7733837962201073 | 2 | -0.5
2.0596264616649993 | 2 | -0.5
2.655762147137082 | 2 | -0.5
4.151295369657683 | 2 | -0.5
7.455443892167724 | 2 | -0.5
7.441038394639275 | 2 | -0.5
5.422069245241039 | 2 | -0.5
3.5973392730065417 | 2 | -0.5
2.883264996341694 | 2 | -0.5
2.4269479564248315 | 2 | -0.5
2.1554264621058015 | 2 | -0.5
2.032030874564553 | 2 | -0.5
1.9747484430867694 | 0 | 5.0
1.9527119383115727 | 2 | -0.5
2.024031176083015 | 2 | -0.5
2.1614013355783954 | 2 | -0.5
2.3059722315684588 | 2 | -0.5
6.668692836945923 | 2 | -0.5
5.587829608596238 | 2 | -0.5
5.013810299611419 | 2 | -0.5
4.747573981132962 | 2 | -0.5
4.660550483915053 | 2 | -0.5
4.675604396362893 | 2 | -0.5
3.528520390986579 | 2 | -0.5
2.2923335102653764 | 2 | -0.5
1.8315647492021456 | 2 | -0.5
1.570999557395349 | 2 | -0.5
1.4547176053142168 | 2 | -0.5
1.4209731897213862 | 2 | -0.5
1.3959660147162736 | 2 | -0.5
1.4477960362924385 | 2 | -0.5
1.5991722290343038 | 2 | -0.5
1.8464430021161835 | 2 | -0.5
2.2789220658428078 | 2 | -0.5
3.150496317419206 | 2 | -0.5
7.33993350543656 | 2 | -0.5
7.19224691092016 | 2 | -0.5
7.246906953219274 | 2 | -0.5
5.97090021305787 | 2 | -0.5
3.9361342999373123 | 2 | -0.5
3.1183425151108843 | 2 | -0.5
2.6509113301596603 | 2 | -0.5
2.324601610507967 | 2 | -0.5
2.198261811120556 | 2 | -0.5
2.0879511036081926 | 2 | -0.5
2.0744813932242003 | 0 | 5.0
2.0409909842097806 | 2 | -0.5
2.115174932700946 | 2 | -0.5
2.2525698335594866 | 2 | -0.5
2.4486135623037177 | 2 | -0.5
6.727395640070936 | 2 | -0.5
5.779126891550376 | 2 | -0.5
5.221409047762358 | 2 | -0.5
5.032303063293444 | 2 | -0.5
4.90106847558924 | 2 | -0.5
5.049910616911906 | 2 | -0.5
2.7766429310867253 | 2 | -0.5
2.052401621060849 | 2 | -0.5
1.7530384271994517 | 2 | -0.5
1.504617389030229 | 2 | -0.5
1.3584836471553714 | 2 | -0.5
1.280536749829207 | 2 | -0.5
1.279243166795888 | 2 | -0.5
1.3353214897210044 | 2 | -0.5
1.3801026472953355 | 2 | -0.5
1.4685011257370175 | 2 | -0.5
1.6505871157601357 | 2 | -0.5
2.0564141889223735 | 2 | -0.5
3.0789186105754816 | 2 | -0.5
7.083829595411778 | 2 | -0.5
6.945496715127285 | 2 | -0.5
7.1028299393268 | 2 | -0.5
4.891612788907969 | 2 | -0.5
3.597364272332314 | 2 | -0.5
2.8880927875424947 | 2 | -0.5
2.5295281068901154 | 2 | -0.5
2.30794974021338 | 2 | -0.5
2.104172633605528 | 2 | -0.5
2.078367607845056 | 2 | -0.5
2.116958061172991 | 2 | -0.5
2.2175074117354083 | 2 | -0.5
2.4206218864242954 | 2 | -0.5
6.875148230956942 | 2 | -0.5
5.858142522710462 | 2 | -0.5
5.308730513308508 | 2 | -0.5
5.005454664153655 | 2 | -0.5
4.98934375943855 | 2 | -0.5
5.100148588688726 | 2 | -0.5
3.3346961701665014 | 2 | -0.5
2.200716950232992 | 2 | -0.5
1.790618660497217 | 2 | -0.5
1.5347707835489153 | 2 | -0.5
1.3977365675742641 | 2 | -0.5
1.3722005295659876 | 2 | -0.5
1.3468715710886119 | 2 | -0.5
1.3986850232392705 | 2 | -0.5
1.5488671521220734 | 2 | -0.5
1.7637414811783916 | 2 | -0.5
2.306601093253044 | 2 | -0.5
3.479879380525213 | 2 | -0.5
7.068682504244312 | 2 | -0.5
7.011784563976018 | 2 | -0.5
7.20065919779288 | 2 | -0.5
4.254523679105971 | 2 | -0.5
3.1629475328604375 | 2 | -0.5
2.515544890706534 | 2 | -0.5
2.2081680833258672 | 2 | -0.5
2.126586367986662 | 2 | -0.5
2.039948976448566 | 2 | -0.5
2.066411189887657 | 2 | -0.5
2.149586381294189 | 2 | -0.5
2.357521131468652 | 2 | -0.5
2.613626775734887 | 2 | -0.5
6.126044196550778 | 2 | -0.5
5.40247321293764 | 2 | -0.5
5.023147401015451 | 2 | -0.5
4.912499721186946 | 2 | -0.5
4.9452400738269615 | 2 | -0.5
3.689045572382213 | 2 | -0.5
2.3131264893029613 | 2 | -0.5
1.7625304908419495 | 2 | -0.5
1.554120830623059 | 2 | -0.5
1.4394776975230195 | 2 | -0.5
1.3657754676794547 | 2 | -0.5
1.3472130603711874 | 2 | -0.5
1.4039311945573907 | 2 | -0.5
1.5025920355956548 | 2 | -0.5
1.7273541895572158 | 2 | -0.5
2.004837485873602 | 2 | -0.5
2.622377546580795 | 2 | -0.5
7.36066637280368 | 2 | -0.5
7.048740427324303 | 2 | -0.5
7.07447825741098 | 2 | -0.5
6.052597296956783 | 2 | -0.5
4.075149024564234 | 2 | -0.5
2.9738432954982237 | 2 | -0.5
2.5756374707532226 | 2 | -0.5
2.242675932084315 | 2 | -0.5
2.110140573526757 | 2 | -0.5
2.0515528016389837 | 2 | -0.5
2.125047917602617 | 2 | -0.5
2.2128976642154727 | 2 | -0.5
2.4409347583596763 | 2 | -0.5
6.985623738975113 | 2 | -0.5
6.055381099166122 | 2 | -0.5
5.385781300704741 | 2 | -0.5
5.038809780409268 | 2 | -0.5
4.956955242463448 | 2 | -0.5
5.051628599997192 | 2 | -0.5
3.0413043755033953 | 2 | -0.5
2.1704917667375687 | 2 | -0.5
1.761579500627246 | 2 | -0.5
1.508610572267152 | 2 | -0.5
1.4221285399123726 | 2 | -0.5
1.3446481723798704 | 2 | -0.5
1.3725372425631663 | 2 | -0.5
1.352988796934864 | 2 | -0.5
1.4822716634754938 | 2 | -0.5
1.6317930381707078 | 2 | -0.5
1.9084315965871772 | 2 | -0.5
2.60963955097932 | 2 | -0.5
7.239799084373195 | 2 | -0.5
6.979238302076091 | 2 | -0.5
6.980597018960091 | 2 | -0.5
5.961688701458636 | 2 | -0.5
4.05870446009209 | 2 | -0.5
3.061910020062823 | 2 | -0.5
2.5703721429599833 | 2 | -0.5
2.270064748001478 | 2 | -0.5
2.059403606872131 | 2 | -0.5
2.0069145246954934 | 2 | -0.5
1.9713069342463136 | 2 | -0.5
2.1257983821158604 | 2 | -0.5
2.2719965000937616 | 2 | -0.5
2.6222717407998184 | 2 | -0.5
6.076865854282552 | 2 | -0.5
5.417854028134709 | 2 | -0.5
5.038423351837715 | 2 | -0.5
4.9445639589662305 | 2 | -0.5
5.085953339142273 | 2 | -0.5
3.219318920925669 | 2 | -0.5
2.3223567663256026 | 2 | -0.5
1.9054078827825072 | 2 | -0.5
1.7032906933538676 | 2 | -0.5
1.614012133979611 | 2 | -0.5
1.516323920045058 | 2 | -0.5
1.498970690991074 | 2 | -0.5
1.4964097838514652 | 2 | -0.5
1.6370384299642164 | 2 | -0.5
1.7827940814755339 | 2 | -0.5
1.9822224041751186 | 2 | -0.5
2.419897949637918 | 2 | -0.5
3.581754644349192 | 2 | -0.5
7.165388802531443 | 2 | -0.5
7.038387241065804 | 2 | -0.5
7.196561420078875 | 2 | -0.5
4.494253934312727 | 2 | -0.5
3.222344816372539 | 2 | -0.5
2.507870120954032 | 2 | -0.5
2.230830574312631 | 2 | -0.5
2.0304423946478125 | 2 | -0.5
1.9210499242459362 | 2 | -0.5
1.8984224463071333 | 2 | -0.5
1.9442454315487383 | 2 | -0.5
2.058827704596795 | 2 | -0.5
2.2811719769176504 | 2 | -0.5
6.4948788555346475 | 2 | -0.5
5.693841531205193 | 2 | -0.5
5.227817476994559 | 2 | -0.5
4.977863927895009 | 2 | -0.5
4.884689264060399 | 2 | -0.5
5.050261671490387 | 2 | -0.5
3.4833991280909786 | 2 | -0.5
2.4117516558962517 | 2 | -0.5
1.9501066229676767 | 2 | -0.5
1.6484804168670233 | 2 | -0.5
1.5670581992963557 | 2 | -0.5
1.4740606429061307 | 2 | -0.5
1.4939829347779392 | 2 | -0.5
1.5614087840720723 | 2 | -0.5
1.6619050103848565 | 2 | -0.5
1.9084182186555745 | 2 | -0.5
2.3331867027228554 | 2 | -0.5
2.9351435220836604 | 2 | -0.5
7.2526152123709196 | 2 | -0.5
6.990284118895602 | 2 | -0.5
7.084275496371778 | 2 | -0.5
5.73210696173515 | 2 | -0.5
3.674593655106218 | 2 | -0.5
2.802172906534246 | 2 | -0.5
2.2473901791676187 | 2 | -0.5
1.9409518089015891 | 2 | -0.5
1.7987044694966614 | 2 | -0.5
1.7791855600220903 | 2 | -0.5
1.8295055161819738 | 2 | -0.5
1.8808525242008778 | 2 | -0.5
2.065974972228343 | 2 | -0.5
2.4472483377992367 | 2 | -0.5
5.67785404233383 | 2 | -0.5
5.2241725632870875 | 2 | -0.5
4.931462497254215 | 2 | -0.5
4.876846169052564 | 2 | -0.5
4.997205794551681 | 2 | -0.5
3.7953634824852136 | 2 | -0.5
2.793399538911092 | 2 | -0.5
2.3612583374041023 | 2 | -0.5
2.029258866038423 | 2 | -0.5
1.814205474254888 | 2 | -0.5
1.7689371071630664 | 2 | -0.5
1.7468051783481335 | 2 | -0.5
1.7892351276148577 | 2 | -0.5
1.944826309362731 | 2 | -0.5
2.1950798487141348 | 2 | -0.5
2.658170755359139 | 2 | -0.5
3.5159656271648734 | 2 | -0.5
7.333907667536391 | 2 | -0.5
7.021682778190982 | 2 | -0.5
7.052360465519462 | 2 | -0.5
4.864957068284836 | 2 | -0.5
3.033352283337886 | 2 | -0.5
2.305144097850583 | 2 | -0.5
1.8795518278012922 | 2 | -0.5
1.6960849341579223 | 2 | -0.5
1.5615498760887052 | 2 | -0.5
1.5527659894541423 | 2 | -0.5
1.5627830146325126 | 2 | -0.5
1.6755067803094879 | 2 | -0.5
1.8121141346791412 | 2 | -0.5
2.0445630158868267 | 2 | -0.5
5.804059439751136 | 2 | -0.5
5.2397849495833375 | 2 | -0.5
4.910566991614422 | 2 | -0.5
4.88036214620635 | 2 | -0.5
4.932959586050303 | 2 | -0.5
4.211390635995468 | 2 | -0.5
3.1999220377390305 | 2 | -0.5
2.6321477600039223 | 2 | -0.5
2.2635149633968705 | 2 | -0.5
2.045978251801241 | 2 | -0.5
1.9194454271063401 | 2 | -0.5
1.9288607851836321 | 2 | -0.5
1.940744257999347 | 2 | -0.5
1.9941439176268974 | 2 | -0.5
2.1766513489499175 | 2 | -0.5
2.5331546385405406 | 2 | -0.5
3.090119598926181 | 2 | -0.5
4.054671324543879 | 2 | -0.5
7.3729713460019255 | 2 | -0.5
7.119703557999189 | 2 | -0.5
7.159016719578559 | 2 | -0.5
4.123711468814336 | 2 | -0.5
2.7016856522083663 | 2 | -0.5
2.077319766883565 | 2 | -0.5
1.776828153227121 | 2 | -0.5
1.5974476466799377 | 2 | -0.5
1.5515952084178055 | 2 | -0.5
1.4464346154950873 | 2 | -0.5
1.4645052755598726 | 2 | -0.5
1.504555446736043 | 2 | -0.5
1.6159713514930643 | 2 | -0.5
1.8859144250066093 | 2 | -0.5
6.132615952537099 | 2 | -0.5
5.340903620255967 | 2 | -0.5
4.963036316290733 | 2 | -0.5
4.770549077680589 | 2 | -0.5
4.7555911781873945 | 2 | -0.5
4.93654037052297 | 2 | -0.5
3.994108169754021 | 2 | -0.5
2.802617886219249 | 2 | -0.5
2.3331089472628297 | 2 | -0.5
2.1669682996779107 | 2 | -0.5
2.02247330557082 | 2 | -0.5
1.9717469291796768 | 2 | -0.5
1.930356625281503 | 2 | -0.5
2.0262989936043234 | 2 | -0.5
2.159648545759297 | 2 | -0.5
2.468808912289956 | 2 | -0.5
2.9859416840241217 | 2 | -0.5
4.16350659645136 | 2 | -0.5
7.399727639998398 | 2 | -0.5
7.183979264683844 | 2 | -0.5
7.23147413136061 | 2 | -0.5
3.6106137456324863 | 2 | -0.5
2.4970800948785206 | 2 | -0.5
1.9656282684355875 | 2 | -0.5
1.6133516918974746 | 2 | -0.5
1.5059136441070509 | 2 | -0.5
1.4669449941059893 | 2 | -0.5
1.4432763943958997 | 2 | -0.5
1.4612146696516337 | 2 | -0.5
1.596610030410556 | 2 | -0.5
1.7659906115851713 | 2 | -0.5
2.0382363791281977 | 2 | -0.5
5.468760873522151 | 2 | -0.5
5.065315461161773 | 2 | -0.5
4.79844870969837 | 2 | -0.5
4.71866083702768 | 2 | -0.5
4.832445248471619 | 2 | -0.5
4.456443673732042 | 2 | -0.5
3.2694028989907276 | 2 | -0.5
2.615426403072056 | 2 | -0.5
2.273984982715417 | 2 | -0.5
2.1348626114172826 | 2 | -0.5
2.00554941982466 | 2 | -0.5
1.9927597190542836 | 2 | -0.5
2.1115419955409784 | 2 | -0.5
2.222344151948655 | 2 | -0.5
2.6017284888247834 | 2 | -0.5
3.2419286053560357 | 2 | -0.5
4.47805654540767 | 2 | -0.5
7.309560298896942 | 2 | -0.5
7.133277554479496 | 2 | -0.5
7.182716167624485 | 2 | -0.5
3.7936645144449583 | 2 | -0.5
2.6087882388633927 | 2 | -0.5
2.135128015152994 | 2 | -0.5
1.797335298347551 | 2 | -0.5
1.5608173068431415 | 2 | -0.5
1.411548077250978 | 2 | -0.5
1.463354377740669 | 2 | -0.5
1.4112572335471427 | 2 | -0.5
1.5414380705495487 | 2 | -0.5
1.6830203271491098 | 2 | -0.5
2.025902607635002 | 2 | -0.5
5.408954949582846 | 2 | -0.5
5.026613725262846 | 2 | -0.5
4.796623207575061 | 2 | -0.5
4.716010054238446 | 2 | -0.5
4.8646991800546004 | 2 | -0.5
4.557321807555556 | 2 | -0.5
3.266017221363926 | 2 | -0.5
2.652422812631572 | 2 | -0.5
2.340016290279953 | 2 | -0.5
2.1285552397473726 | 2 | -0.5
2.0403530235469094 | 2 | -0.5
2.050125492671209 | 2 | -0.5
2.125697207855997 | 2 | -0.5
2.36307460002147 | 2 | -0.5
2.7263034375700967 | 2 | -0.5
3.304320048185554 | 2 | -0.5
4.4513685437009975 | 2 | -0.5
7.485959302969937 | 2 | -0.5
7.1711011512844625 | 2 | -0.5
7.191358172754487 | 2 | -0.5
3.9672271368832375 | 2 | -0.5
2.5523884034304274 | 2 | -0.5
1.917174404381329 | 2 | -0.5
1.5695506449115104 | 2 | -0.5
1.4096025225702962 | 2 | -0.5
1.340359500544038 | 2 | -0.5
1.2348483615765506 | 2 | -0.5
1.2698708102275833 | 2 | -0.5
1.275900493677232 | 2 | -0.5
1.36532014769566 | 2 | -0.5
1.534588069065342 | 2 | -0.5
1.8373270003401032 | 2 | -0.5
5.32995372726381 | 2 | -0.5
4.966930756045685 | 2 | -0.5
4.7453202699634724 | 2 | -0.5
4.734615153168809 | 2 | -0.5
4.9290271138262245 | 2 | -0.5
4.100774822595204 | 2 | -0.5
3.2327819878734294 | 2 | -0.5
2.7193150868028617 | 2 | -0.5
2.4015623408136624 | 2 | -0.5
2.191459094465483 | 2 | -0.5
2.0825261437700635 | 2 | -0.5
Total reward: -472.5
