-2.0, 2.5, -5.6, 3.3, -4.4, -3.2, -0.1, 3.0, 5.9, 6.0, 4.8, -1.8, 1.5, -0.8, 0.5, 1.8, -0.8, 4.7
parameter ends

state | action | reward
[0.03] | [-0.75  4.26] | -0.08389661077018483
0.05454988198749638 | [-5.53  1.03] | -0.11001818477758919
0.13071528981783342 | [-8.89 -2.5 ] | -0.08035437814635954
0.22128802685244806 | [-7.54 -6.43] | 0.09356179191700206
0.31354923010047914 | [-6.61 -9.24] | 0.31924056922699057
0.4095881505360315 | [ -5.59 -11.2 ] | 0.5602895096152888
0.508400033517656 | [ -4.28 -12.19] | 0.784851663795926
0.608189532515499 | [ -2.69 -12.32] | 0.9762282980112499
0.7073748383482894 | [ -0.88 -11.8 ] | 1.1164167546045165
0.803402194195725 | [  1.15 -10.73] | 0.9797217992027112
0.872305058618037 | [ 4.5  -7.94] | 0.5353736583964577
0.897804793817476 | [ 7.09 -5.21] | -0.04878636913035005
0.881248664331588 | [ 9.2 -1.9] | -0.7038726972855034
0.8226823185161314 | [11.23  2.05] | -1.0309109875911575
0.7411728132802485 | [11.01  8.57] | -0.9975996126809933
0.65355207582867 | [11.03 13.07] | -0.9001088213822047
0.5612039579595084 | [11.01 16.79] | -0.7486182158304335
0.46582674735883733 | [10.81 20.  ] | -0.5663548495139041
0.36847437110366443 | [10.4  22.68] | -0.3725906629139653
0.2697213775136078 | [ 9.75 24.83] | -0.17609078350919263
0.17008768215065587 | [ 8.86 26.49] | 0.018075120979400755
0.07012402630277045 | [ 7.76 27.67] | 0.20564579248869608
-0.029638196880091703 | [ 6.48 28.44] | 0.3827603691421751
-0.12873450487058138 | [ 5.04 28.83] | 0.5461344820493371
-0.22677932785061505 | [ 3.49 28.88] | 0.6931349357338757
-0.3234623077267305 | [ 1.86 28.63] | 0.8217893938531409
-0.4185757196656935 | [ 0.2  28.12] | 0.8618187522362786
-0.499277394670076 | [-2.85 24.69] | 0.6522055403801356
-0.5385181443416758 | [-7.32 16.87] | 0.18589819954191342
-0.5229771854745139 | [-10.92   7.96] | -0.3442679107066693
-0.45767694195591896 | [-13.88  -0.87] | -0.552207471078271
-0.3698722128572801 | [-13.37  -6.7 ] | -0.4402221972238786
-0.27878245943510827 | [-12.97 -10.23] | -0.2727134974882821
-0.18472624803370305 | [-12.55 -12.79] | -0.07205922042791599
-0.08778879164667025 | [-11.96 -14.67] | 0.1455874436644504
0.011634874089070085 | [-11.07 -15.84] | 0.3666303616350737
0.1128094699443058 | [ -9.89 -16.34] | 0.5819062377430246
0.2148890716136258 | [ -8.43 -16.28] | 0.7847714650669753
0.31712102618543386 | [ -6.77 -15.78] | 0.9703238225275713
0.4188933739136178 | [ -4.95 -14.97] | 1.1346853604076053
0.5197002632251952 | [ -3.01 -13.9 ] | 1.2743754988957494
0.6191106257407327 | [ -1.   -12.64] | 1.3858015809024393
0.7167360465466828 | [  1.04 -11.23] | 1.2340792709300692
0.7867085129438275 | [ 4.83 -7.47] | 0.7529703834425235
0.8099442331974862 | [ 7.66 -4.04] | 0.1277337133821451
0.7881490230397966 | [ 9.97 -0.09] | -0.4528342358261497
0.7281173091648777 | [11.06  5.38] | -0.6813865261354607
0.6494420768578293 | [10.88 11.04] | -0.6614995868765877
0.5633389972475302 | [10.86 15.3 ] | -0.5694553570970476
0.47188299810680995 | [10.74 18.93] | -0.4266101458459492
0.37689049208067144 | [10.42 22.  ] | -0.2597432454863202
0.2794560075401741 | [ 9.85 24.44] | -0.0829405219154753
0.18043994204087654 | [ 9.01 26.29] | 0.0963683729858443
0.08064513255655989 | [ 7.93 27.59] | 0.2726024705977469
-0.019224338378197696 | [ 6.64 28.41] | 0.4410583450666767
-0.11860512647477127 | [ 5.19 28.83] | 0.5979185979554918
-0.21706563955474867 | [ 3.62 28.9 ] | 0.7401794071063892
-0.31427118058606046 | [ 1.96 28.66] | 0.8654831925830211
-0.4099811183051664 | [ 0.26 28.15] | 0.9077776803368026
-0.4921548667921696 | [-2.74 24.91] | 0.6994274761883604
-0.5331387652286239 | [-7.33 17.02] | 0.23101484400033126
-0.5188777160663128 | [-10.97   8.07] | -0.29989590887194323
-0.45465000220347285 | [-13.95  -0.8 ] | -0.5140654463883136
-0.3671996070946298 | [-13.58  -6.62] | -0.40706933934861655
-0.2760523135138826 | [-13.16 -10.14] | -0.2388510036425173
-0.18198770922837623 | [-12.77 -12.72] | -0.039284371341914356
-0.08494132438293273 | [-12.2  -14.65] | 0.17739680152567103
0.014715673800666514 | [-11.34 -15.88] | 0.3980110257951124
0.11623503785936089 | [-10.17 -16.44] | 0.6136292445373626
0.21875918508843695 | [ -8.72 -16.42] | 0.8178096911428246
0.3215403619989853 | [ -7.05 -15.97] | 1.00580060623301
0.42398358709130923 | [ -5.21 -15.18] | 1.1737423665598754
0.5256011733141618 | [ -3.25 -14.13] | 1.3179847962775182
0.6259652443388396 | [ -1.21 -12.9 ] | 1.434695273765069
0.7247157920152527 | [  0.87 -11.5 ] | 1.3098091123734383
0.7981529716207993 | [ 4.49 -7.95] | 0.8682062416478983
0.8274216134168542 | [ 7.3  -4.68] | 0.2629522547444136
0.812626286056841 | [ 9.55 -0.95] | -0.40889781871922504
0.7543360348731357 | [11.62  3.42] | -0.7481777863879925
0.6727874592324492 | [11.26  9.97] | -0.7249170596598001
0.5852089277107826 | [11.17 14.5 ] | -0.6313816694868699
0.4929817039879423 | [11.05 18.26] | -0.48605422940604576
0.3976026061407366 | [10.76 21.48] | -0.31481593363432886
0.29994909348592136 | [10.23 24.11] | -0.1332812068925883
0.20067702227861273 | [ 9.45 26.14] | 0.051412064168669044
0.10047879199725251 | [ 8.41 27.63] | 0.2341089487073864
3.124798436013668e-05 | [ 7.16 28.61] | 0.4101467468399549
-0.10008548825378001 | [ 5.72 29.18] | 0.5754588194555662
-0.19940838486220008 | [ 4.15 29.37] | 0.726665865342828
-0.29756819926658784 | [ 2.48 29.23] | 0.8609537944958923
-0.3942756547285395 | [ 0.74 28.81] | 0.9563241165662842
-0.4852837551349938 | [-1.45 27.29] | 0.8270709188440586
-0.5409854807352786 | [-6.24 19.7 ] | 0.4155839953932854
-0.5417923321298274 | [-9.97 11.25] | -0.11340464869488269
-0.4915547946981314 | [-13.12   2.2 ] | -0.5698473722376503
-0.4002548936781181 | [-15.53  -5.51] | -0.62040167639953
-0.2984757627191975 | [-14.33  -9.43] | -0.40203168628898506
-0.20053652253056353 | [-13.63 -12.01] | -0.18564324754901845
-0.1024366312559125 | [-13.03 -14.08] | 0.0422447911686903
-0.0026646654466276967 | [-12.3  -15.67] | 0.27524180771015966
0.09904166802360354 | [-11.28 -16.63] | 0.5061289354755885
0.2022226141826584 | [ -9.95 -16.97] | 0.7289736381959429
0.3062259236416206 | [ -8.36 -16.8 ] | 0.9391973095747185
0.41047070909441125 | [ -6.57 -16.23] | 1.133124005161567
0.5144809782429027 | [ -4.62 -15.37] | 1.3072597798232286
0.6178392253395816 | [ -2.55 -14.27] | 1.4576356374832034
0.7201441428602156 | [ -0.39 -12.99] | 1.519945272588088
0.8139724363436693 | [  2.22 -10.9 ] | 1.3293996013014664
0.8788231820492434 | [ 5.29 -7.88] | 0.8778928455491838
0.9030620238642163 | [ 7.58 -5.05] | 0.27676832203269863
0.8863580069163374 | [ 9.43 -1.74] | -0.3975099438180594
0.8283075491778884 | [11.28  2.17] | -0.776754783632281
0.7465140224575082 | [10.93  8.86] | -0.7826033793558379
0.6583021800741263 | [10.88 13.41] | -0.7024651434787599
0.5658025962193391 | [10.81 17.14] | -0.5671337030747938
0.47065192711312215 | [10.58 20.33] | -0.40598030195683804
0.37366179901067986 | [10.13 22.92] | -0.23564866940818685
0.27531817371460815 | [ 9.44 24.93] | -0.06248937365688463
0.17615851718510217 | [ 8.52 26.41] | 0.1094813296387056
0.07676440883339737 | [ 7.38 27.42] | 0.2763829853762147
-0.022334222450286063 | [ 6.08 28.01] | 0.43461027788055284
-0.1207083493330191 | [ 4.64 28.25] | 0.5811540218608863
-0.21802501004577157 | [ 3.1  28.18] | 0.7136335466510485
-0.3140269343710993 | [ 1.5  27.84] | 0.8303069026339067
-0.40854649533516724 | [-0.12 27.28] | 0.8215615568111275
-0.482668903351119 | [-3.84 22.49] | 0.5406043761973122
-0.5095729788900448 | [-8.33 14.13] | 0.0368812907314883
-0.48042625946317963 | [-11.92   4.84] | -0.4621979232169179
-0.40363059065148843 | [-14.68  -3.58] | -0.5745615322920142
-0.3101583929575998 | [-13.76  -8.26] | -0.39703916821556207
-0.21666721268960887 | [-13.27 -11.29] | -0.20302664641796403
-0.12089908086043169 | [-12.81 -13.62] | 0.01396430381234215
-0.02237274706254599 | [-12.18 -15.38] | 0.24260472529615415
0.07865265832669598 | [-11.23 -16.46] | 0.4722428849937079
0.18144073399565577 | [ -9.97 -16.88] | 0.6951166032649311
0.2851786049034861 | [ -8.43 -16.76] | 0.9056763970346937
0.3891887397102372 | [ -6.67 -16.23] | 1.0997912603095545
0.492939676445095 | [ -4.76 -15.39] | 1.273829688397462
0.5959851030552371 | [ -2.71 -14.3 ] | 1.4238865395081441
0.697912484515056 | [ -0.58 -13.03] | 1.5046936308037147
0.7934071010486556 | [  1.9  -11.13] | 1.3328568682585815
0.8608456264389456 | [ 5.12 -7.95] | 0.8834846140655552
0.8866479064611276 | [ 7.52 -5.03] | 0.28379842351641027
0.870913614947435 | [ 9.45 -1.63] | -0.39064053476551114
0.8132745770516321 | [11.35  2.36] | -0.7651390881210874
0.7317774954684207 | [11.    9.04] | -0.767146161510198
0.6438321529415479 | [10.94 13.59] | -0.6854901112012999
0.5514657127283509 | [10.86 17.34] | -0.548820182453249
0.4563194163788101 | [10.62 20.53] | -0.38601781142964336
0.3592358185756007 | [10.15 23.13] | -0.2137005230678916
0.2607407546238797 | [ 9.45 25.15] | -0.0384527701665809
0.1614051105760665 | [ 8.5  26.63] | 0.13544686500063524
0.06183165931564451 | [ 7.35 27.63] | 0.30394123247612137
-0.03743784746592228 | [ 6.02 28.22] | 0.4633264946649805
-0.13596675138940018 | [ 4.55 28.45] | 0.6105294630106206
-0.23341516022988984 | [ 2.99 28.36] | 0.7431112507991574
-0.32952016934419 | [ 1.37 28.01] | 0.8592945907526266
-0.42411215054869816 | [-0.28 27.43] | 0.8322674262047702
-0.4958885624572599 | [-4.25 22.08] | 0.5284738547858426
-0.5189937185940685 | [-8.59 13.76] | 0.016756550505192865
-0.4869315905456433 | [-12.1    4.49] | -0.48113435253583187
-0.4081355625350116 | [-14.8   -3.84] | -0.5872775658991827
-0.31347930371948574 | [-13.85  -8.43] | -0.4044904065638926
-0.2193403060662138 | [-13.34 -11.4 ] | -0.20769929125381198
-0.12324138181369435 | [-12.86 -13.7 ] | 0.010437351073093355
-0.02455710291366426 | [-12.21 -15.44] | 0.23931466277592048
0.07653563984840157 | [-11.27 -16.51] | 0.4688626291823935
0.17934700938769219 | [-10.   -16.92] | 0.6916316088556588
0.28309056890739104 | [ -8.46 -16.81] | 0.9022154917761956
0.38710392479315064 | [ -6.7  -16.27] | 1.0965361713589885
0.4908640834164687 | [ -4.79 -15.43] | 1.2709699511301056
0.593929208603517 | [ -2.74 -14.35] | 1.4216010569923248
0.6958885297315189 | [ -0.61 -13.08] | 1.5063847195694735
0.7918029920200942 | [  1.85 -11.21] | 1.3397030425046035
0.8599355157619609 | [ 5.07 -8.02] | 0.8940609816540952
0.8864319382578177 | [ 7.48 -5.1 ] | 0.29792881678869604
0.8714742402439146 | [ 9.42 -1.71] | -0.37536510965054115
0.8146124408145986 | [11.32  2.28] | -0.7536444215926006
0.7336885316037446 | [10.97  8.97] | -0.7600817935758485
0.646112429457498 | [10.91 13.52] | -0.6813806784561031
0.5539910406161077 | [10.84 17.26] | -0.5468741338360009
0.45901437534812456 | [10.6  20.46] | -0.38568805143113916
0.36205888907349676 | [10.15 23.06] | -0.21468679824596376
0.263667821071386 | [ 9.44 25.08] | -0.04057626011133608
0.16442034939202269 | [ 8.51 26.56] | 0.1323260484360798
0.06492368907819923 | [ 7.36 27.56] | 0.29995514745861585
-0.034278076355314976 | [ 6.03 28.14] | 0.45861231547184766
-0.13274778645345103 | [ 4.58 28.37] | 0.6052393418026362
-0.2301466217848995 | [ 3.02 28.29] | 0.7374207555105164
-0.32621312966518135 | [ 1.41 27.94] | 0.8534009952350833
-0.4207781998354881 | [-0.24 27.36] | 0.8303588050377151
-0.49319140240663073 | [-4.14 22.17] | 0.530661862134202
-0.5173005926493758 | [-8.52 13.82] | 0.018678504303411236
-0.48594552942455416 | [-12.05   4.54] | -0.4809828526997897
-0.40760848781321224 | [-14.76  -3.81] | -0.5884910726133706
-0.31323176529493607 | [-13.81  -8.41] | -0.40642786419034876
-0.21924659360958956 | [-13.31 -11.4 ] | -0.21005585502959528
-0.12321929101750742 | [-12.84 -13.7 ] | 0.007977496709668984
-0.024557467129957697 | [-12.2  -15.45] | 0.23697239139407622
0.07653922409721167 | [-11.25 -16.52] | 0.4667510139893323
0.17936670211521916 | [ -9.98 -16.94] | 0.6897956348829541
0.2831309426378528 | [ -8.44 -16.83] | 0.9006687721048491
0.3871660336833115 | [ -6.69 -16.29] | 1.0952816513411785
0.490947562095759 | [ -4.77 -15.45] | 1.2700078483793393
0.5940332115311867 | [ -2.73 -14.37] | 1.420925292014678
0.6960121400915451 | [ -0.6 -13.1] | 1.5049323613799446
0.7918115378620808 | [  1.87 -11.21] | 1.3379247825157474
0.8597707097219562 | [ 5.09 -8.03] | 0.8931538624445008
0.8861587883354659 | [ 7.49 -5.1 ] | 0.29785696876648093
0.8711280605714177 | [ 9.43 -1.71] | -0.37437413635658506
0.8142298455766118 | [11.33  2.28] | -0.7521820472260964
0.7332854727938328 | [10.98  8.97] | -0.7586109177035183
0.6456952074752214 | [10.92 13.52] | -0.6798396310881897
0.5535681174190579 | [10.85 17.26] | -0.5452837283068606
0.4585928699684738 | [10.61 20.45] | -0.3840770905278054
0.3616435325860131 | [10.15 23.05] | -0.213090962891692
0.26326023985492697 | [ 9.45 25.07] | -0.03902664473102538
0.16401964129880467 | [ 8.52 26.55] | 0.13380924787381332
0.06452760213074966 | [ 7.37 27.55] | 0.3013611261130585
-0.0346721956872392 | [ 6.04 28.14] | 0.4599362658532541
-0.13314255559944052 | [ 4.59 28.37] | 0.6064806043377565
-0.23054455923410166 | [ 3.03 28.29] | 0.7385829058107609
-0.32661654558340864 | [ 1.42 27.94] | 0.8544912269840927
-0.4211889762365925 | [-0.23 27.36] | 0.8319725071264474
-0.4937689362462639 | [-4.11 22.2 ] | 0.5324506313399324
-0.5181510012924007 | [-8.5  13.85] | 0.019408234231708423
-0.48702219949138087 | [-12.02   4.57] | -0.4819576678024202
-0.40884521418990205 | [-14.73  -3.79] | -0.5906381935915309
-0.31456274932281797 | [-13.8  -8.4] | -0.40901873147611767
-0.220630297649552 | [-13.29 -11.4 ] | -0.21294580279023043
-0.1246322009433542 | [-12.83 -13.71] | 0.004908434751223378
-0.025987829680390612 | [-12.19 -15.46] | 0.23381557366466565
0.07509689051778826 | [-11.24 -16.53] | 0.46357362619527526
0.1779143815734036 | [ -9.98 -16.96] | 0.6866442893201989
0.28166838406204264 | [ -8.44 -16.84] | 0.8975709194804216
0.3856913739852211 | [ -6.69 -16.31] | 1.0922504252583545
0.48945775092125743 | [ -4.77 -15.46] | 1.2670482235853473
0.5925243449133176 | [ -2.73 -14.38] | 1.4180377416425303
0.6944798798617399 | [ -0.6  -13.11] | 1.5025555345811643
0.7902919909681638 | [  1.86 -11.23] | 1.336349881378072
0.8582715762874736 | [ 5.09 -8.03] | 0.8921029544990611
0.8846438239248927 | [ 7.5 -5.1] | 0.2973056513640958
0.8695706449743557 | [ 9.44 -1.69] | -0.37414160444370104
0.8126160295031771 | [11.34  2.3 ] | -0.7508061683584565
0.7316378792109333 | [11.    8.99] | -0.7565305441741581
0.6440334838432322 | [10.94 13.54] | -0.6773635645877578
0.5518969678405401 | [10.86 17.28] | -0.5425167654555991
0.45691191729762687 | [10.62 20.47] | -0.38105392273337974
0.35995035439928036 | [10.17 23.07] | -0.20982676186676746
0.26155190454921046 | [ 9.46 25.09] | -0.035541524447283424
0.16229343091012058 | [ 8.52 26.57] | 0.13748492460529718
0.06278132528212452 | [ 7.37 27.57] | 0.30518880251232094
-0.03644002462219825 | [ 6.05 28.16] | 0.4638711579279761
-0.13493258802077043 | [ 4.59 28.39] | 0.6104721232007685
-0.2323565338487999 | [ 3.03 28.31] | 0.7425746644732365
-0.32844927710431293 | [ 1.41 27.96] | 0.8584222681460398
-0.4230405434711717 | [-0.23 27.38] | 0.8347209411567043
-0.4955478931303384 | [-4.13 22.19] | 0.5334442952837258
-0.5198206816702234 | [-8.5  13.85] | 0.01902184548276879
-0.4886408634240389 | [-12.02   4.58] | -0.4836586915599004
-0.41044059888945317 | [-14.73  -3.78] | -0.5929852537069916
-0.3161425127218788 | [-13.79  -8.4 ] | -0.41144479417719576
-0.2222026935432317 | [-13.29 -11.4 ] | -0.2154763862302591
-0.12620479125005388 | [-12.82 -13.71] | 0.002255322317765207
-0.027566741113015682 | [-12.18 -15.46] | 0.23104399881722326
0.07350756982430716 | [-11.24 -16.54] | 0.46071285226552094
0.1763120642279263 | [ -9.98 -16.96] | 0.6837322476441193
0.2800510092891781 | [ -8.44 -16.85] | 0.8946400846841192
0.3840567137966622 | [ -6.69 -16.32] | 1.0893239692092336
0.48780311387531616 | [ -4.78 -15.47] | 1.2641422146822707
0.5908465308152134 | [ -2.74 -14.39] | 1.4151645555303418
0.6927753792649671 | [ -0.61 -13.12] | 1.500572744088988
0.7886479033600409 | [  1.85 -11.25] | 1.3355174382251325
0.8567227039197823 | [ 5.08 -8.04] | 0.8917982707326808
0.8831381178154853 | [ 7.5 -5.1] | 0.29750365381752786
0.8680769705855956 | [ 9.44 -1.68] | -0.3733198024793572
0.8111120197610936 | [11.36  2.33] | -0.7491083979012341
0.730133010514762 | [11.01  9.01] | -0.754337601211188
0.6425362647122971 | [10.95 13.56] | -0.6749324117949832
0.550404039240392 | [10.87 17.3 ] | -0.5399112742961649
0.4554173913866867 | [10.64 20.49] | -0.37827585134421554
0.35844846235651495 | [10.18 23.09] | -0.20686802039097868
0.26003794667679697 | [ 9.47 25.11] | -0.03240595782359526
0.16076394369990302 | [ 8.53 26.59] | 0.1407785544218308
0.061233937808620034 | [ 7.38 27.59] | 0.3086107310346383
-0.03800673727419723 | [ 6.05 28.18] | 0.46738402657055056
-0.1365191711741648 | [ 4.59 28.41] | 0.614032302646171
-0.2339626685506047 | [ 3.03 28.33] | 0.7461326218052969
-0.33007380995309227 | [ 1.41 27.98] | 0.8619238177652362
-0.4246816755265082 | [-0.24 27.39] | 0.8370866550675959
-0.49710913792523026 | [-4.14 22.19] | 0.5341726247057247
-0.5212586566160317 | [-8.51 13.85] | 0.018563584311844666
-0.490011015223804 | [-12.02   4.58] | -0.48516800978133795
-0.4117739316584308 | [-14.72  -3.78] | -0.5949632987352681
-0.31745261831025195 | [-13.79  -8.4 ] | -0.4134419574423371
-0.2235010517341435 | [-13.29 -11.4 ] | -0.21753524984394246
-0.1275003475936129 | [-12.82 -13.72] | 0.00010527521328170669
-0.028865987323403376 | [-12.18 -15.47] | 0.22879732145507295
0.07220050998304796 | [-11.24 -16.55] | 0.45838998331107983
0.17499468555991446 | [ -9.98 -16.97] | 0.6813638082475559
0.2787214736982595 | [ -8.44 -16.86] | 0.8922538943724679
0.3827132008237612 | [ -6.69 -16.33] | 1.086941024603688
0.4864435262005329 | [ -4.78 -15.48] | 1.2617779490655372
0.5894684202997753 | [ -2.75 -14.4 ] | 1.4128313466129536
0.6913760787252952 | [ -0.62 -13.13] | 1.498998498818853
0.7873021902822323 | [  1.84 -11.26] | 1.3349265863858317
0.8554616654041326 | [ 5.07 -8.05] | 0.891674628619038
0.8819195416387091 | [ 7.5 -5.1] | 0.29782514385799314
0.8668765877000173 | [ 9.45 -1.68] | -0.37248171487142623
0.8099118004570041 | [11.37  2.34] | -0.7476050740915148
0.7289383976909394 | [11.02  9.02] | -0.7524838339235307
0.6413519042888801 | [10.96 13.57] | -0.6729193298987872
0.5492258552710546 | [10.88 17.31] | -0.537781967325369
0.4542397827456119 | [10.64 20.5 ] | -0.3760258209879307
0.3572662916897459 | [10.18 23.11] | -0.20448736439022303
0.2588471388074759 | [ 9.48 25.12] | -0.029895691074460454
0.15956152173391586 | [ 8.54 26.61] | 0.14340494232354206
0.06001786009926181 | [ 7.38 27.61] | 0.311330774792568
-0.03923772335557758 | [ 6.05 28.19] | 0.4701691834331014
-0.1377656049278765 | [ 4.59 28.42] | 0.616849118308259
-0.23522440502163164 | [ 3.03 28.34] | 0.7489430937704692
-0.3313500462638074 | [ 1.41 27.99] | 0.8646863583214289
-0.42597108996142835 | [-0.24 27.4 ] | 0.8389694216593663
-0.49834043446108434 | [-4.15 22.18] | 0.5347727896587003
-0.5224002451773615 | [-8.51 13.84] | 0.01820565522791742
-0.49110454825966376 | [-12.02   4.58] | -0.4863882056381235
-0.4128420217547481 | [-14.72  -3.78] | -0.5965727115871714
-0.3185045594951244 | [-13.78  -8.41] | -0.41507272731874123
-0.22454491883456615 | [-13.28 -11.41] | -0.21921904034777362
-0.12854257789890566 | [-12.82 -13.72] | -0.0016524366968612425
-0.029911347472487186 | [-12.18 -15.47] | 0.22696325007292187
0.07114894514283165 | [-11.24 -16.55] | 0.45649698778440206
0.17393500773948384 | [ -9.98 -16.98] | 0.6794369313155276
0.2776522404729224 | [ -8.44 -16.86] | 0.8903156738956672
0.38163295292042776 | [ -6.7  -16.33] | 1.0850084373021125
0.4853505708686012 | [ -4.79 -15.49] | 1.259863487112894
0.5883607809062447 | [ -2.75 -14.41] | 1.4109449904858642
0.6902516053215251 | [ -0.62 -13.14] | 1.497712047647306
0.7862195396829452 | [  1.83 -11.28] | 1.334427056878408
0.8544451451286783 | [ 5.07 -8.05] | 0.8915625315897626
0.8809358829710227 | [ 7.5 -5.1] | 0.29808221810397173
0.8659066840678431 | [ 9.45 -1.67] | -0.371795665256192
0.808941589632928 | [11.37  2.35] | -0.7463786854778032
0.7279724419461898 | [11.03  9.03] | -0.7509759687364785
0.6403940061161072 | [10.97 13.58] | -0.6712826252806402
0.5482728327656321 | [10.89 17.32] | -0.5360512754344614
0.4532872121946436 | [10.65 20.52] | -0.374197856131499
0.35631009731948116 | [10.19 23.12] | -0.20255459367677653
0.2578840666431067 | [ 9.48 25.14] | -0.027859328992526314
0.15858917328240335 | [ 8.54 26.62] | 0.14553377059006323
0.05903457202546221 | [ 7.38 27.62] | 0.3135338495284503
-0.04023298757760902 | [ 6.06 28.21] | 0.4724234894652031
-0.13877331094758882 | [ 4.59 28.43] | 0.6191277546669436
-0.23624446928696066 | [ 3.03 28.35] | 0.7512155524502216
-0.3323818543887759 | [ 1.4 28. ] | 0.866919275074927
-0.42701360404819877 | [-0.25 27.41] | 0.8404966038050836
-0.4993377755176067 | [-4.16 22.18] | 0.535266699869856
-0.5233278965757321 | [-8.52 13.84] | 0.01791784810744884
-0.49199552028785154 | [-12.02   4.58] | -0.48738621085054684
-0.4137139004347063 | [-14.72  -3.78] | -0.5978946165589188
-0.31936424381468187 | [-13.78  -8.41] | -0.4164153828038678
-0.22539854073454943 | [-13.28 -11.41] | -0.22060673173560033
-0.12939511513717408 | [-12.81 -13.73] | -0.003100964599045429
-0.030766537122577035 | [-12.18 -15.48] | 0.22545268968865162
0.07028867209774256 | [-11.24 -16.56] | 0.45493900748065763
0.17306812729704965 | [ -9.98 -16.98] | 0.677852104864704
0.2767775834777844 | [ -8.45 -16.87] | 0.8887223981266085
0.38074932229124986 | [ -6.7  -16.34] | 1.0834205075219074
0.484456571133665 | [ -4.79 -15.5 ] | 1.2582910186137168
0.58745478098637 | [ -2.75 -14.42] | 1.4093960395810061
0.6893318324196833 | [ -0.63 -13.14] | 1.4966479935011407
0.7853333414873755 | [  1.82 -11.29] | 1.3340026126013498
0.8536120106329682 | [ 5.07 -8.06] | 0.8914567142547982
0.8801287242052289 | [ 7.5 -5.1] | 0.2982800063835563
0.865109899572467 | [ 9.46 -1.66] | -0.37124278567302926
0.8081437872823689 | [11.38  2.36] | -0.7453783913732221
0.7271775786582017 | [11.03  9.04] | -0.7497416747044373
0.639605378736615 | [10.97 13.59] | -0.6699401435746208
0.547487961597832 | [10.9  17.33] | -0.5346298311038442
0.4525025572741452 | [10.66 20.52] | -0.3726952889632794
0.35552237059894226 | [10.19 23.13] | -0.20096511305334988
0.2570906311480101 | [ 9.49 25.14] | -0.02618421877943876
0.15778807836572634 | [ 8.54 26.63] | 0.14728517031525334
0.05822445996054532 | [ 7.39 27.63] | 0.3153464356391878
-0.04105296649204426 | [ 6.06 28.22] | 0.4742782632178838
-0.13960354121477725 | [ 4.59 28.44] | 0.6210025482106254
-0.23708488574913586 | [ 3.03 28.36] | 0.7530852409906175
-0.33323195551179774 | [ 1.4  28.01] | 0.8687563801056772
-0.4278725385609786 | [-0.25 27.42] | 0.8417510582765299
-0.5001595070023345 | [-4.17 22.17] | 0.5356691498142315
-0.5240921763487866 | [-8.52 13.84] | 0.017677014756319526
-0.49272951198228543 | [-12.02   4.58] | -0.48821143510560266
-0.41443209825744004 | [-14.71  -3.78] | -0.5989863520090924
-0.3200723449269866 | [-13.78  -8.41] | -0.4175239753563412
-0.22610160906421792 | [-13.28 -11.41] | -0.22175217076426737
-0.13009726492057075 | [-12.81 -13.73] | -0.0042963024088422674
-0.03147085716050411 | [-12.18 -15.48] | 0.22420640925223861
0.06958017255705762 | [-11.24 -16.56] | 0.4536537709630922
0.17235418812885492 | [ -9.98 -16.99] | 0.6765448221313453
0.2760572378820574 | [ -8.45 -16.87] | 0.8874081934941227
0.38002158068968206 | [ -6.7  -16.34] | 1.0821107177460358
0.48372028042576937 | [ -4.79 -15.5 ] | 1.2569939527410054
0.5867085940771689 | [ -2.76 -14.42] | 1.408118317972116
0.6885742863617192 | [ -0.63 -13.15] | 1.4957676801584143
0.7846033032034502 | [  1.81 -11.3 ] | 1.333647728937834
0.852925422676584 | [ 5.06 -8.06] | 0.8913646364425672
0.879463269787226 | [ 7.5 -5.1] | 0.29843833317590596
0.8644527209463527 | [ 9.46 -1.66] | -0.37079097703137087
0.8074855232918722 | [11.39  2.37] | -0.7445565904920808
0.7265215562404744 | [11.04  9.05] | -0.748725992036635
0.6389543718876622 | [10.98 13.6 ] | -0.6688344678148651
0.5468399654721081 | [10.9  17.34] | -0.5334584515932751
0.45185467949306335 | [10.66 20.53] | -0.3714565913300984
0.35487191694750797 | [10.2  23.13] | -0.19965444069917712
0.2564354388526665 | [ 9.49 25.15] | -0.02480272021438744
0.15712654697084052 | [ 8.55 26.63] | 0.14872972318691915
0.05755547480613713 | [ 7.39 27.64] | 0.3168415376239276
-0.04173010382801249 | [ 6.06 28.22] | 0.4758082125429791
-0.14028914745289092 | [ 4.59 28.45] | 0.6225490381326173
-0.23777890775889607 | [ 3.03 28.37] | 0.7546275256238543
-0.3339339803630286 | [ 1.4  28.02] | 0.87027176384281
-0.4285818641576176 | [-0.25 27.43] | 0.84278356567347
-0.5008379378184444 | [-4.18 22.17] | 0.535996807250039
-0.524722836248549 | [-8.52 13.84] | 0.01747452003409554
-0.49333486159938567 | [-12.02   4.58] | -0.48889466476456306
-0.41502418424879667 | [-14.71  -3.78] | -0.5998882947451747
-0.3206559551765651 | [-13.78  -8.41] | -0.41843915047214114
-0.22668097980061386 | [-13.28 -11.41] | -0.22269727324198624
-0.13067582825023502 | [-12.81 -13.73] | -0.005282278528446482
-0.03205118312000811 | [-12.18 -15.48] | 0.2231785593374679
0.06899641441233889 | [-11.24 -16.56] | 0.45259384824393206
0.17176595170997233 | [ -9.98 -16.99] | 0.6754667272582915
0.27546372231748534 | [ -8.45 -16.88] | 0.8863243788522995
0.3794219682138954 | [ -6.7  -16.35] | 1.0810305248248562
0.48311361952260745 | [ -4.79 -15.51] | 1.2559242331047318
0.5860937740660481 | [ -2.76 -14.43] | 1.407064536696678
0.6879501019822669 | [ -0.63 -13.15] | 1.4950403776255314
0.7840017340274565 | [  1.81 -11.3 ] | 1.3333528384993847
0.8523595607547836 | [ 5.06 -8.07] | 0.8912867666474265
0.8789147228522739 | [ 7.5 -5.1] | 0.2985672351086523
0.8639108985405745 | [ 9.46 -1.66] | -0.3704196421253528
0.8069427264978098 | [11.39  2.38] | -0.7438799527549751
0.7259805481728266 | [11.04  9.06] | -0.7478893585623649
0.6384174548099603 | [10.98 13.6 ] | -0.6679234378414307
0.5463054994053421 | [10.9  17.34] | -0.5324930949621591
0.4513202889672651 | [10.66 20.54] | -0.37043562965951465
0.3543353871793233 | [10.2  23.14] | -0.1985740787253315
0.2558949917040665 | [ 9.49 25.16] | -0.02366394211134512
0.1565808666346847 | [ 8.55 26.64] | 0.14992048082482823
0.05700364453182581 | [ 7.39 27.64] | 0.31807394670341055
-0.042288659111313326 | [ 6.06 28.23] | 0.47706931991077234
-0.14085468933643283 | [ 4.59 28.46] | 0.6238237495063793
-0.23835139365848151 | [ 3.03 28.37] | 0.7558987370105945
-0.3345130712513355 | [ 1.4  28.02] | 0.8715207594809714
-0.4291669821687496 | [-0.26 27.43] | 0.8436331893168911
-0.5013974898502875 | [-4.18 22.17] | 0.5362641879536105
-0.5252428162579048 | [-8.52 13.84] | 0.017305094801280882
-0.493833801809421 | [-12.02   4.58] | -0.489459674206569
-0.41551206066112567 | [-14.71  -3.78] | -0.600632944953154
-0.3211367631753649 | [-13.77  -8.41] | -0.4191942954037105
-0.22715824342697313 | [-13.28 -11.41] | -0.22347680108825071
-0.13115239729820394 | [-12.81 -13.73] | -0.006095315647994044
-0.03252918789756605 | [-12.18 -15.48] | 0.22233110878929155
0.06851559111962398 | [-11.24 -16.57] | 0.4517200140332206
0.17128144382850913 | [ -9.98 -16.99] | 0.6745779408762695
0.2749748676103296 | [ -8.45 -16.88] | 0.8854308926392779
0.3789280915785333 | [ -6.7  -16.35] | 1.0801400349829477
0.482613936292424 | [ -4.79 -15.51] | 1.2550423880863646
0.5855873689311195 | [ -2.76 -14.43] | 1.4061958456689991
0.6874359823369933 | [ -0.64 -13.16] | 1.4944398969584527
0.7835062007074176 | [  1.8  -11.31] | 1.3331081713262232
0.851893364227942 | [ 5.06 -8.07] | 0.8912212724518508
0.8784627167605498 | [ 7.5 -5.1] | 0.2986724473925537
0.8634643659419117 | [ 9.46 -1.65] | -0.37011423245546404
0.8064953388423062 | [11.39  2.39] | -0.7433227590282303
0.7255345962406218 | [11.05  9.06] | -0.7472002433579891
0.637974845427999 | [10.99 13.61] | -0.667172891394016
0.5458648898175071 | [10.91 17.35] | -0.5316976833665193
0.4508797279470957 | [10.67 20.54] | -0.3695943342078331
0.35389305409445615 | [10.2  23.14] | -0.19768380265347615
0.2554494245767361 | [ 9.5  25.16] | -0.02272552305720192
0.15613098346051327 | [ 8.55 26.65] | 0.1509017183252649
0.056548691087094864 | [ 7.39 27.65] | 0.31908947933282994
-0.042749156507598834 | [ 6.06 28.24] | 0.4781084686535021
-0.1413209468526867 | [ 4.59 28.46] | 0.6248740757599672
-0.23882337730773892 | [ 3.03 28.38] | 0.7569461473504377
-0.33499050288082904 | [ 1.4  28.03] | 0.8725498297519472
-0.42964938647751827 | [-0.26 27.44] | 0.8443323592911621
-0.5018587796051085 | [-4.19 22.16] | 0.5364828230257408
-0.5256713978325879 | [-8.52 13.84] | 0.017163871122186473
-0.4942449511632528 | [-12.02   4.58] | -0.48992652489876426
-0.41591402160162383 | [-14.71  -3.78] | -0.6012474788727209
-0.32153285415766597 | [-13.77  -8.41] | -0.41981723813981453
-0.22755138562552799 | [-13.27 -11.42] | -0.2241196675024834
-0.13154495037161504 | [-12.81 -13.73] | -0.006765683490320799
-0.03292291384636356 | [-12.18 -15.49] | 0.2216324493250762
0.0681195491118843 | [-11.24 -16.57] | 0.45099965186303304
0.17088236983121174 | [ -9.98 -17.  ] | 0.67384528083289
0.27457221456655984 | [ -8.45 -16.88] | 0.8846943761935353
0.37852130239618825 | [ -6.7  -16.35] | 1.0794060018059766
0.4822023639651073 | [ -4.8  -15.51] | 1.2543154931212037
0.5851702591147113 | [ -2.76 -14.43] | 1.405479807176029
0.6870125174179602 | [ -0.64 -13.16] | 1.493944269329597
0.7830980123837473 | [  1.8  -11.31] | 1.332905353871657
0.8515092823841661 | [ 5.06 -8.07] | 0.8911663247104404
0.8780902688054784 | [ 7.5 -5.1] | 0.2987583788725505
0.8630963762400191 | [ 9.47 -1.65] | -0.3698630317609961
0.8061266040999203 | [11.4   2.39] | -0.7428639181271202
0.7251670149616903 | [11.05  9.07] | -0.746632620843421
0.6376099966709421 | [10.99 13.61] | -0.666554546253989
0.545501673895858 | [10.91 17.35] | -0.531042289719786
0.4505165418697788 | [10.67 20.55] | -0.3689010798532789
0.3535284010053158 | [10.21 23.15] | -0.196950159154368
0.2550821021977668 | [ 9.5  25.17] | -0.021952200435452915
0.15576010182538477 | [ 8.55 26.65] | 0.15171031744187286
0.056173629547211515 | [ 7.39 27.65] | 0.3199263221836833
-0.0431287881446035 | [ 6.06 28.24] | 0.47896475135208616
-0.1417053271384582 | [ 4.59 28.47] | 0.6257395477846647
-0.2392124789951208 | [ 3.03 28.38] | 0.757809195429232
-0.33538409759499066 | [ 1.4  28.03] | 0.8733977423071256
-0.4300470831521527 | [-0.26 27.44] | 0.8449078774452348
-0.5022390461487469 | [-4.19 22.16] | 0.5366618544616382
-0.5260246461086017 | [-8.53 13.84] | 0.017046413628113207
-0.4945837723286693 | [-12.02   4.58] | -0.4903120921392508
-0.4162452241521943 | [-14.71  -3.78] | -0.6017545209480109
-0.32185918969922156 | [-13.77  -8.41] | -0.4203310527657383
-0.22787527264854227 | [-13.27 -11.42] | -0.22464978911824376
-0.13186834084116283 | [-12.81 -13.73] | -0.007318394071560937
-0.033247264104089916 | [-12.17 -15.49] | 0.2210564688365147
0.06779329453376587 | [-11.24 -16.57] | 0.45040581266917923
0.1705536194492114 | [ -9.98 -17.  ] | 0.6732413230383943
0.2742405166543013 | [ -8.45 -16.89] | 0.8840872514684608
0.37818619732534836 | [ -6.7  -16.36] | 1.0788009327594894
0.481863318249904 | [ -4.8  -15.52] | 1.2537163158028504
0.584826651021141 | [ -2.76 -14.43] | 1.4048895871856446
0.686663673357171 | [ -0.64 -13.16] | 1.4935352729585123
0.782761730414789 | [  1.8  -11.32] | 1.3327373858718938
0.8511928191429721 | [ 5.06 -8.07] | 0.8911203610098057
0.8777833514794785 | [ 7.5 -5.1] | 0.2988286496216002
0.8627930963114274 | [ 9.47 -1.65] | -0.36965636297312665
0.805822681445997 | [11.4   2.39] | -0.742486018752983
0.7248640218087768 | [11.05  9.07] | -0.7461650177409075
0.6373092399254675 | [10.99 13.62] | -0.6660450693764327
0.5452022521296391 | [10.91 17.36] | -0.5305022248010902
0.4502171375102051 | [10.67 20.55] | -0.3683297769697186
0.3532277828842957 | [10.21 23.15] | -0.19634555101654336
0.2547792812237356 | [ 9.5  25.17] | -0.02131488588259195
0.15545434572527664 | [ 8.55 26.65] | 0.1523766998090817
0.05586442745113682 | [ 7.4  27.66] | 0.3206159702215878
-0.04344175768238397 | [ 6.06 28.24] | 0.4796704068956396
-0.14202221153244726 | [ 4.59 28.47] | 0.626452762738357
-0.23953325629046116 | [ 3.03 28.39] | 0.7585203992211271
-0.3357085801366866 | [ 1.39 28.03] | 0.874096458037293
-0.43037494905250967 | [-0.26 27.44] | 0.8453817371333547
-0.502552525784247 | [-4.19 22.16] | 0.5368086189622192
-0.5263158137809224 | [-8.53 13.84] | 0.016948877050127126
-0.49486300703906616 | [-12.02   4.58] | -0.49063042363531867
-0.416518147587211 | [-14.71  -3.78] | -0.6021728055612148
-0.3221280813805037 | [-13.77  -8.41] | -0.42075481060828257
-0.2281421335793074 | [-13.27 -11.42] | -0.22508690916562943
-0.13213478488856328 | [-12.81 -13.74] | -0.007774079458046215
-0.03351449450500761 | [-12.17 -15.49] | 0.22058163624990745
0.06752449764280441 | [-11.24 -16.57] | 0.4499162795308992
0.1702827675673097 | [ -9.98 -17.  ] | 0.672743461126163
0.273967236874916 | [ -8.45 -16.89] | 0.883586786557835
0.3779101104864813 | [ -6.7  -16.36] | 1.0783021677139757
0.48158398448676576 | [ -4.8  -15.52] | 1.2532224120072608
0.5845435578823499 | [ -2.76 -14.44] | 1.4044030720732938
0.6863762658493738 | [ -0.64 -13.16] | 1.4931978304666422
0.7824846574879437 | [  1.79 -11.32] | 1.332598398134573
0.8509320477746318 | [ 5.06 -8.07] | 0.8910820188317691
0.8775304192447305 | [ 7.5 -5.1] | 0.29888619180112225
0.8625431370046347 | [ 9.47 -1.65] | -0.3694862755828248
0.8055721729289036 | [11.4  2.4] | -0.7421747355068117
0.724614265021776 | [11.05  9.07] | -0.7457797667084315
0.6370613157626028 | [10.99 13.62] | -0.6656252584495826
0.544955420955279 | [10.91 17.36] | -0.5300571665714027
0.449970315791436 | [10.67 20.55] | -0.3678589489899706
0.35297995757794154 | [10.21 23.15] | -0.1958472606349041
0.25452963833133524 | [ 9.5  25.17] | -0.020789635891890423
0.15520228252943044 | [ 8.55 26.66] | 0.15292590365033135
0.055609523337230723 | [ 7.4  27.66] | 0.32118434174916843
-0.043699767551431 | [ 6.06 28.25] | 0.48025196238156354
-0.1422834488262448 | [ 4.59 28.47] | 0.6270405392928649
-0.2397977032497594 | [ 3.03 28.39] | 0.7591065092449621
-0.335976082475131 | [ 1.39 28.04] | 0.8746722661500711
-0.4306452417496166 | [-0.26 27.45] | 0.8457719746414641
-0.5028109467721351 | [-4.2  22.16] | 0.536929043897106
-0.5265558145329812 | [-8.53 13.84] | 0.016867988743828163
-0.4950931432414484 | [-12.02   4.58] | -0.49089317068979027
-0.4167430597984406 | [-14.71  -3.78] | -0.6025178213289262
-0.32234965648550346 | [-13.77  -8.41] | -0.4211042628216151
-0.22836202616267862 | [-13.27 -11.42] | -0.2254473212612373
-0.13235432862808005 | [-12.81 -13.74] | -0.008149757593121691
-0.03373468315046306 | [-12.17 -15.49] | 0.2201901982789504
0.06730301994630541 | [-11.24 -16.57] | 0.44951273761800276
0.17005959749973004 | [ -9.98 -17.  ] | 0.6723330617890876
0.27374206667307405 | [ -8.45 -16.89] | 0.8831742464983123
0.3776826274092699 | [ -6.7  -16.36] | 1.0778910323398254
0.48135382587822745 | [ -4.8  -15.52] | 1.2528152868032658
0.5843103013604096 | [ -2.77 -14.44] | 1.404002040728177
0.6861394541020112 | [ -0.64 -13.17] | 1.492919469741642
0.7822563507846146 | [  1.79 -11.32] | 1.3324834712351934
0.8507171547764406 | [ 5.05 -8.08] | 0.8910501062545797
0.877321968057118 | [ 7.5 -5.1] | 0.2989333654333942
0.8623371192452512 | [ 9.47 -1.64] | -0.36934625526194054
0.8053656893342831 | [11.4  2.4] | -0.7419182936989076
0.724408391303169 | [11.06  9.08] | -0.7454623365701045
0.6368569453400308 | [11.   13.62] | -0.6652793113936909
0.5447519464543946 | [10.92 17.36] | -0.5296903855464241
0.4497668457755975 | [10.68 20.55] | -0.3674709123273731
0.35277565821940116 | [10.21 23.16] | -0.19543658080034643
0.2543238395382241 | [ 9.5  25.18] | -0.020356733534677957
0.15499448808906002 | [ 8.56 26.66] | 0.1533785465230182
0.055399386873628914 | [ 7.4  27.66] | 0.32165277757730826
-0.04391246425422634 | [ 6.06 28.25] | 0.4807312582404577
-0.14249880616586075 | [ 4.59 28.48] | 0.6275249562865504
-0.24001570681666431 | [ 3.03 28.39] | 0.7595895466106
-0.33619660536127083 | [ 1.39 28.04] | 0.8751468062552502
-0.43086806571065983 | [-0.26 27.45] | 0.846093398315967
-0.5030239759508016 | [-4.2  22.16] | 0.5370279336782208
-0.526753640510613 | [-8.53 13.84] | 0.01680098032446513
-0.4952828186535764 | [-12.02   4.58] | -0.49110998755056223
-0.41692841435412004 | [-14.71  -3.78] | -0.6028023684112243
-0.3225322509109492 | [-13.77  -8.41] | -0.4213924156419325
-0.2285432278464426 | [-13.27 -11.42] | -0.2257444710925784
-0.1325352392135253 | [-12.81 -13.74] | -0.008459465733391153
-0.03391612309323756 | [-12.17 -15.49] | 0.2198675151302349
0.0671205189438255 | [-11.24 -16.57] | 0.4491800865401705
0.1698757025399745 | [ -9.98 -17.  ] | 0.6719947635582071
0.27355652381163964 | [ -8.45 -16.89] | 0.8828341869944852
0.37749517872024696 | [ -6.7  -16.36] | 1.0775521330486793
0.48116417237458736 | [ -4.8  -15.52] | 1.2524796951146513
0.5841180948959486 | [ -2.77 -14.44] | 1.4036714744405734
0.6859443178312578 | [ -0.64 -13.17] | 1.4926898778866122
0.7820682158545247 | [  1.79 -11.33] | 1.3323884937501773
0.8505400606460232 | [ 5.05 -8.08] | 0.8910235924808559
0.8771501703198794 | [ 7.5 -5.1] | 0.2989720751046752
0.8621673157262701 | [ 9.47 -1.64] | -0.36923096113921516
0.8051954929190516 | [11.4  2.4] | -0.7417070109079676
0.7242386909689245 | [11.06  9.08] | -0.7452007699958659
0.636688479186839 | [11.   13.62] | -0.664994218614598
0.5445842153931377 | [10.92 17.36] | -0.5293881040604426
0.44959911616605763 | [10.68 20.56] | -0.36715110065934886
0.35260724357116746 | [10.21 23.16] | -0.19509810045140763
0.254154188099153 | [ 9.5  25.18] | -0.01999993544892069
0.154823191245106 | [ 8.56 26.66] | 0.15375161347982735
0.055226159336937766 | [ 7.4  27.66] | 0.32203885787225095
-0.04408780229766949 | [ 6.06 28.25] | 0.4811262853214731
-0.14267633754504366 | [ 4.59 28.48] | 0.627924200024129
-0.24019541980976233 | [ 3.03 28.39] | 0.7599876491225912
-0.33637839554210835 | [ 1.39 28.04] | 0.8755379008537603
-0.4310517533254843 | [-0.26 27.45] | 0.8463581772845649
-0.5031995836908292 | [-4.2  22.16] | 0.5371091922658446
-0.52691670311953 | [-8.53 13.84] | 0.016745519891777912
-0.495439149717403 | [-12.02   4.58] | -0.49128886796058896
-0.417081173744629 | [-14.71  -3.78] | -0.6030370215106237
-0.32268272877733417 | [-13.77  -8.41] | -0.421630006106963
-0.22869255371149955 | [-13.27 -11.42] | -0.22598945244760094
-0.13268432271658165 | [-12.81 -13.74] | -0.008714781521666118
-0.03406564142192471 | [-12.17 -15.49] | 0.21960151485034163
0.06697012701047961 | [-11.24 -16.57] | 0.4489058760861432
0.16972416229605378 | [ -9.98 -17.  ] | 0.6717159018534191
0.2734036257582887 | [ -8.45 -16.89] | 0.8825538757249987
0.37734071015951687 | [ -6.71 -16.36] | 1.077272779704522
0.481007886818929 | [ -4.8  -15.52] | 1.2522030695664554
0.5839597053857569 | [ -2.77 -14.44] | 1.4033989928051924
0.6857835138137295 | [ -0.64 -13.17] | 1.4925005319441549
0.7819131766460464 | [  1.79 -11.33] | 1.3323100390756455
0.8503941113691398 | [ 5.05 -8.08] | 0.891001595822846
0.8770085776003712 | [ 7.5 -5.1] | 0.2990038639541333
0.8620273589067567 | [ 9.47 -1.64] | -0.36913600952769055
0.8050552061764049 | [11.41  2.4 ] | -0.7415329209694537
0.7240988086269189 | [11.06  9.08] | -0.744985223745907
0.636549610784808 | [11.   13.62] | -0.6647592663922566
0.5444459506019168 | [10.92 17.37] | -0.5291389728700627
0.4494608510454115 | [10.68 20.56] | -0.36688751318025226
0.35246841281660873 | [10.21 23.16] | -0.19481912178985758
0.2540143373144682 | [ 9.5  25.18] | -0.0197058577418555
0.15468198389277807 | [ 8.56 26.66] | 0.15405909935984435
0.05508336041159288 | [ 7.4  27.67] | 0.3223570673448588
-0.0442323409741859 | [ 6.06 28.25] | 0.48145186611258595
-0.1428226842966302 | [ 4.59 28.48] | 0.6282532534086319
-0.24034356508003982 | [ 3.03 28.4 ] | 0.7603157590935332
-0.3365282533780473 | [ 1.39 28.04] | 0.8758602317788468
-0.4312031756553241 | [-0.26 27.45] | 0.8465763175680778
-0.5033443417042334 | [-4.2  22.16] | 0.5371759992059556
-0.5270511112962192 | [-8.53 13.84] | 0.0166996509593802
-0.4955680002426095 | [-12.02   4.58] | -0.49143642576362584
-0.4172070733582577 | [-14.7   -3.78] | -0.6032305134993368
-0.322806743421622 | [-13.77  -8.41] | -0.42182589565903583
-0.2288156160695961 | [-13.27 -11.42] | -0.22619141704211457
-0.1328071836581344 | [-12.81 -13.74] | -0.008925252928069234
-0.034188859752757816 | [-12.17 -15.49] | 0.21938224360749262
0.06684618926864515 | [-11.24 -16.57] | 0.4486798415693128
0.16959927850127235 | [ -9.98 -17.  ] | 0.6714860358348764
0.273277623104254 | [ -8.45 -16.89] | 0.8823228163564075
0.3772134132593045 | [ -6.71 -16.36] | 1.0770425109986472
0.48087909247181143 | [ -4.8  -15.52] | 1.2519750502666889
0.5838291770639429 | [ -2.77 -14.44] | 1.4031743903014147
0.6856509955848562 | [ -0.65 -13.17] | 1.4923443915810224
0.7817854059780271 | [  1.79 -11.33] | 1.3322452573942136
0.8502738260185199 | [ 5.05 -8.08] | 0.8909833680439172
0.8768918770487703 | [ 7.5 -5.1] | 0.29902998608667253
0.8619120014266399 | [ 9.47 -1.64] | -0.36905779942879086
0.8049395726210294 | [11.41  2.41] | -0.7413894673798017
0.7239835053436396 | [11.06  9.08] | -0.7448075928447925
0.636435140979186 | [11.   13.63] | -0.6645656301645209
0.5443319767692391 | [10.92 17.37] | -0.5289336419603601
0.4493468759038861 | [10.68 20.56] | -0.3666702618235649
0.3523539707752669 | [10.21 23.16] | -0.19458918178472306
0.25389905409715247 | [ 9.51 25.18] | -0.019463471833562923
0.15456558228540923 | [ 8.56 26.66] | 0.1543125360394651
0.054965646807266844 | [ 7.4  27.67] | 0.3226193411986437
-0.04435148868910005 | [ 6.06 28.26] | 0.4817202137299986
-0.14294332247373137 | [ 4.59 28.48] | 0.6285244613051343
-0.24046568591392867 | [ 3.02 28.4 ] | 0.7605861875096869
-0.3366517861031871 | [ 1.39 28.04] | 0.8761258949128365
-0.43132799828419277 | [-0.27 27.45] | 0.8467560501139455
-0.5034636681899759 | [-4.2  22.16] | 0.5372309492481815
-0.5271619004078546 | [-8.53 13.84] | 0.016661737510643645
-0.495674202191693 | [-12.02   4.58] | -0.49155812942973903
-0.4173108382700081 | [-14.7   -3.78] | -0.603390053806922
-0.3229089516296887 | [-13.77  -8.41] | -0.421987396143237
-0.22891703748137654 | [-13.27 -11.42] | -0.22635791341217995
-0.1329084379294072 | [-12.81 -13.74] | -0.009098753359699403
-0.03429040791308316 | [-12.17 -15.49] | 0.21920149453204194
0.06674404857758798 | [-11.24 -16.58] | 0.44849352052590885
0.16949635832220847 | [ -9.98 -17.  ] | 0.6712965582119083
0.27317378091456684 | [ -8.45 -16.89] | 0.8821323560907601
0.3771085044475669 | [ -6.71 -16.36] | 1.0768527031745219
0.4807729495263098 | [ -4.8  -15.52] | 1.251787097209837
0.5837216050247621 | [ -2.77 -14.44] | 1.402989254342751
0.6855417835263946 | [ -0.65 -13.17] | 1.4922156434056941
0.781680104342473 | [  1.79 -11.33] | 1.3321917824626495
0.8501746893917212 | [ 5.05 -8.08] | 0.8909682778062036
0.8767956910674293 | [ 7.5 -5.1] | 0.299051463097881
0.8618169188624365 | [ 9.47 -1.64] | -0.368993371022946
0.804844259688376 | [11.41  2.41] | -0.7412712524274189
0.7238884625618784 | [11.06  9.08] | -0.7446612023651772
0.6363407836570151 | [11.   13.63] | -0.6644060404568037
0.5442380271991654 | [10.92 17.37] | -0.5287644076485829
0.44925292455003124 | [10.68 20.56] | -0.3664911987354081
0.3522596341178007 | [10.21 23.16] | -0.1943996583472818
0.2538040238139818 | [ 9.51 25.18] | -0.019263689456244626
0.15446963000192493 | [ 8.56 26.67] | 0.15452142644222583
0.05486861300761835 | [ 7.4  27.67] | 0.3228355144956689
-0.044449704642444895 | [ 6.06 28.26] | 0.4819413919659358
-0.14304276705297161 | [ 4.59 28.48] | 0.6287479957789281
-0.24056635273392898 | [ 3.02 28.4 ] | 0.7608090782257032
-0.33675361689032324 | [ 1.39 28.04] | 0.8763448565349219
-0.431430892530908 | [-0.27 27.45] | 0.8469041481096937
-0.5035620301208995 | [-4.2  22.16] | 0.537276163481493
-0.5272532209348825 | [-8.53 13.84] | 0.016630415178682932
-0.49576173746641256 | [-12.01   4.58] | -0.49165849791831123
-0.4173963615764065 | [-14.7   -3.78] | -0.6035215925545296
-0.32299318976384 | [-13.77  -8.41] | -0.42212053968250923
-0.2290006258205201 | [-13.27 -11.42] | -0.22649516703137623
-0.13299188773863466 | [-12.8  -13.74] | -0.009241774884261311
-0.0343740994930896 | [-12.17 -15.49] | 0.21905250142437066
0.06665986890330532 | [-11.24 -16.58] | 0.44833993650741816
0.16941153635292816 | [ -9.98 -17.01] | 0.6711403734107857
0.27308819911628096 | [ -8.45 -16.89] | 0.8819753620017042
0.37702204359059505 | [ -6.71 -16.36] | 1.0766962473602932
0.4806854715224883 | [ -4.8  -15.52] | 1.251632170661772
0.5836329491763415 | [ -2.77 -14.44] | 1.4028366503401306
0.6854517759952272 | [ -0.65 -13.17] | 1.492109488634564
0.7815933181217406 | [  1.79 -11.33] | 1.332147652148454
0.850092981467313 | [ 5.05 -8.08] | 0.8909557947912357
0.8767164124215223 | [ 7.5 -5.1] | 0.29906912880014935
0.8617385472595023 | [ 9.47 -1.64] | -0.368940290329663
0.8047656962908041 | [11.41  2.41] | -0.7411738314385888
0.7238101204260864 | [11.06  9.08] | -0.7445405542642842
0.636263005471158 | [11.   13.63] | -0.6642745081908593
0.5441605843885912 | [10.92 17.37] | -0.5286249222020926
0.44917547979013067 | [10.68 20.56] | -0.36634360960544615
0.3521818714563042 | [10.22 23.16] | -0.1942434460565023
0.2537256892341008 | [ 9.51 25.18] | -0.019099020918289092
0.15439053534590902 | [ 8.56 26.67] | 0.15469360191848402
0.05478862683783482 | [ 7.4  27.67] | 0.3230136921489961
-0.04453066526691647 | [ 6.06 28.26] | 0.4821236940372731
-0.14312474045357407 | [ 4.59 28.48] | 0.6289322390754377
-0.24064933368059513 | [ 3.02 28.4 ] | 0.7609927900407133
-0.3368375573880496 | [ 1.39 28.04] | 0.8765253288905094
-0.4315157097635581 | [-0.27 27.45] | 0.8470261868193146
-0.5036431101319885 | [-4.2  22.16] | 0.5373133782433319
-0.5273284939980597 | [-8.53 13.84] | 0.016604548583944147
-0.4958338876070937 | [-12.01   4.58] | -0.49174126387161715
-0.4174668511406289 | [-14.7   -3.78] | -0.6036300394270913
-0.32306261861936386 | [-13.77  -8.41] | -0.4222303019101774
-0.22906951821078558 | [-13.27 -11.42] | -0.22660831171870238
-0.13306066542536374 | [-12.8  -13.74] | -0.00935967025988877
-0.034443076142677505 | [-12.17 -15.49] | 0.21892968606300792
0.06659049014343074 | [-11.24 -16.58] | 0.4482133382813735
0.16934162831341673 | [ -9.98 -17.01] | 0.6710116321765484
0.273017664878661 | [ -8.45 -16.89] | 0.8818459541522818
0.37695078485643735 | [ -6.71 -16.37] | 1.0765672835229567
0.48061337446080094 | [ -4.8  -15.52] | 1.2515044676476723
0.5835598813300144 | [ -2.77 -14.44] | 1.4027108620655089
0.685377594089252 | [ -0.65 -13.17] | 1.4920219670236425
0.7815217901323817 | [  1.79 -11.33] | 1.3321112411690859
0.8500256371007097 | [ 5.05 -8.08] | 0.8909454751263491
0.8766510685006461 | [ 7.5 -5.1] | 0.29908366486291793
0.8616739493082614 | [ 9.47 -1.64] | -0.36889655497720103
0.8047009389514762 | [11.41  2.41] | -0.7410935438533565
0.7237455445041366 | [11.06  9.08] | -0.7444411193064707
0.6361988936801865 | [11.   13.63] | -0.6641660987223782
0.5440967485465114 | [10.92 17.37] | -0.5285099548368226
0.4491116420157968 | [10.68 20.56] | -0.3662219611752748
0.3521177714362577 | [10.22 23.16] | -0.19411468912539925
0.25366111767400407 | [ 9.51 25.18] | -0.018963293677814755
0.1543253372103948 | [ 8.56 26.67] | 0.15483551654298883
0.054722693818370104 | [ 7.4  27.67] | 0.3231605535830555
-0.04459740152818789 | [ 6.06 28.26] | 0.482273954426208
-0.14319231155460252 | [ 4.59 28.48] | 0.6290840989135418
-0.24071773533280566 | [ 3.02 28.4 ] | 0.761144211217184
-0.33690675005652926 | [ 1.39 28.04] | 0.8766740793172547
-0.4315856252052789 | [-0.27 27.46] | 0.8471267565738181
-0.5037099441613659 | [-4.2  22.16] | 0.5373440165821086
-0.5273905395402378 | [-8.53 13.84] | 0.016583194540724447
-0.4958933570773903 | [-12.01   4.58] | -0.4918095093026388
-0.41752495037074416 | [-14.7   -3.78] | -0.603719444857211
-0.32311984260068305 | [-13.77  -8.41] | -0.4223207864995082
-0.22912629941590532 | [-13.27 -11.42] | -0.2267015807277737
-0.13311735173197395 | [-12.8  -13.74] | -0.009456852656851283
-0.034499926229900515 | [-12.17 -15.49] | 0.21882844977073754
0.06653330875217084 | [-11.24 -16.58] | 0.4481089847594585
0.16928401075111868 | [ -9.98 -17.01] | 0.6709055127380718
0.2729595312319991 | [ -8.45 -16.89] | 0.8817392855516296
0.3768920540866888 | [ -6.71 -16.37] | 1.0764609811302381
0.48055395273431856 | [ -4.8  -15.52] | 1.2513992047128797
0.5834996594671871 | [ -2.77 -14.44] | 1.4026071776193825
0.6853164540026586 | [ -0.65 -13.17] | 1.491949811030593
0.7814628366980982 | [  1.79 -11.33] | 1.3320812044496402
0.849970130563403 | [ 5.05 -8.08] | 0.8909369483573242
0.8765972095559663 | [ 7.5 -5.1] | 0.29909562934920797
0.8616207041033945 | [ 9.47 -1.64] | -0.36886051711067885
0.804647561485872 | [11.41  2.41] | -0.7410273744506866
0.7236923159215777 | [11.06  9.08] | -0.7443591659607395
0.6361460471803504 | [11.   13.63] | -0.6640767459022313
0.5440441291695467 | [10.92 17.37] | -0.5284151949549948
0.4490590208249719 | [10.68 20.56] | -0.36612169331106115
0.35206493394212035 | [10.22 23.16] | -0.19400856146802528
0.2536078914185978 | [ 9.51 25.18] | -0.018851420548880185
0.15427159444170546 | [ 8.56 26.67] | 0.15495248950405555
0.054668345282355174 | [ 7.4  27.67] | 0.32328160364132436
-0.04465241217152566 | [ 6.06 28.26] | 0.4823978056806966
-0.14324801035779705 | [ 4.59 28.49] | 0.6292092681090462
-0.24077411877613308 | [ 3.02 28.4 ] | 0.7612690184453074
-0.33696378557015055 | [ 1.39 28.05] | 0.876796684745944
-0.4316432565519703 | [-0.27 27.46] | 0.8472096375284345
-0.5037650349574087 | [-4.2  22.16] | 0.5373692459278477
-0.5274416819730499 | [-8.53 13.84] | 0.01656557062801785
-0.4959423748116332 | [-12.01   4.58] | -0.4918657782332927
-0.41757283765286146 | [-14.7   -3.78] | -0.6037931498955851
-0.3231670078033362 | [-13.77  -8.41] | -0.42239537762472273
-0.22917309925435267 | [-13.27 -11.42] | -0.2267784644923846
-0.1331640731092576 | [-12.8  -13.74] | -0.009536960436954615
-0.03454678245814964 | [-12.17 -15.49] | 0.21874500150598608
0.0664861795373415 | [-11.24 -16.58] | 0.4480229676478061
0.16923652208029705 | [ -9.98 -17.01] | 0.6708180403739062
0.2729116172171165 | [ -8.45 -16.89] | 0.8816513607388302
0.37684364792024605 | [ -6.71 -16.37] | 1.0763733583215862
0.48050497706785006 | [ -4.8  -15.53] | 1.2513124388328778
0.5834500243077556 | [ -2.77 -14.44] | 1.4025217129934355
0.6852660620210392 | [ -0.65 -13.17] | 1.4918903251203472
0.7814142465029004 | [  1.79 -11.33] | 1.3320564296150847
0.8499243804976223 | [ 5.05 -8.08] | 0.890929906016268
0.8765528166582564 | [ 7.5 -5.1] | 0.29910547966017614
0.8615768163180308 | [ 9.47 -1.64] | -0.36883082024671615
0.8046035640825576 | [11.41  2.41] | -0.7409728392770727
0.7236484407937277 | [11.06  9.08] | -0.7442916196440812
0.6361024866612539 | [11.   13.63] | -0.664003099023332
0.5440007556344155 | [10.92 17.37] | -0.528337090120198
0.44901564564445673 | [10.68 20.56] | -0.36603904774440255
0.35202138037273584 | [10.22 23.16] | -0.19392108553009246
0.2535640173471908 | [ 9.51 25.19] | -0.018759208753091144
0.1542272945925998 | [ 8.56 26.67] | 0.1550489047742034
0.05462354610067599 | [ 7.4  27.67] | 0.3233813792627792
-0.04469775712152667 | [ 6.06 28.26] | 0.4824998899321104
-0.14329392255539472 | [ 4.59 28.49] | 0.6293124384034209
-0.24082059533046088 | [ 3.02 28.4 ] | 0.7613718901149493
-0.337010799646821 | [ 1.39 28.05] | 0.8768977412797013
-0.431690761805462 | [-0.27 27.46] | 0.8472779431678006
-0.5038104456792224 | [-4.21 22.16] | 0.5373900247899887
-0.5274838372545553 | [-8.53 13.84] | 0.016551028533591697
-0.4959827778704209 | [-12.01   4.58] | -0.49191217008051047
-0.41761230823109396 | [-14.7   -3.78] | -0.6038539101031786
-0.32320588275926654 | [-13.77  -8.41] | -0.4224568658745072
-0.2292116727815895 | [-13.27 -11.42] | -0.2268418408144648
-0.13320258180074143 | [-12.8  -13.74] | -0.00960299308165536
-0.03458540220234274 | [-12.17 -15.49] | 0.218676216092552
0.06644733484465681 | [-11.24 -16.58] | 0.44795206521271996
0.16919738114411037 | [ -9.98 -17.01] | 0.6707459386482101
0.2728721257156907 | [ -8.45 -16.89] | 0.8815788862148954
0.37680375077956046 | [ -6.71 -16.37] | 1.0763011328323349
0.4804646105290232 | [ -4.8  -15.53] | 1.2512409197753798
0.5834091141926718 | [ -2.77 -14.44] | 1.4024512666239954
0.6852245281086807 | [ -0.65 -13.17] | 1.491841285949925
0.7813741973377819 | [  1.79 -11.33] | 1.3320359972753277
0.8498866716566288 | [ 5.05 -8.08] | 0.8909240917271186
0.8765162258834797 | [ 7.5 -5.1] | 0.29911359105595514
0.8615406413656509 | [ 9.47 -1.64] | -0.3688063474958897
0.8045672983680389 | [11.41  2.41] | -0.7409278918360678
0.7236122755652286 | [11.06  9.09] | -0.7442359468866293
0.6360665805306983 | [11.   13.63] | -0.6639423968054075
0.54396500347517 | [10.92 17.37] | -0.528272712610698
0.4489798920268644 | [10.68 20.56] | -0.3659709269919947
0.3519854796489432 | [10.22 23.17] | -0.19384898303014708
0.25352785240391884 | [ 9.51 25.19] | -0.018683202601344998
0.15419077867224945 | [ 8.56 26.67] | 0.1551283756124633
0.0545866185840566 | [ 7.4  27.67] | 0.3234636197497554
-0.04473513450754964 | [ 6.06 28.26] | 0.48258403314182263
-0.14333176751890708 | [ 4.59 28.49] | 0.6293974766045651
-0.2408589054956284 | [ 3.02 28.4 ] | 0.7614566819882319
-0.3370495529029812 | [ 1.39 28.05] | 0.8769810368154354
-0.4317299199575946 | [-0.27 27.46] | 0.8473342382273303
-0.5038478770778905 | [-4.21 22.16] | 0.5374071406786748
-0.5275185846638174 | [-8.53 13.84] | 0.016539031571408905
-0.49601608036494144 | [-12.01   4.58] | -0.49195041700048237
-0.4176448416457158 | [-14.7   -3.78] | -0.6039039979168702
-0.3232379249253577 | [-13.77  -8.41] | -0.42250755220637637
-0.22924346630556 | [-13.27 -11.42] | -0.2268940822848835
-0.13323432177205224 | [-12.8  -13.74] | -0.009657423306815342
-0.03461723364250917 | [-12.17 -15.49] | 0.21861951731333332
0.06641531803113854 | [-11.24 -16.58] | 0.44789362170890734
0.16916512017671484 | [ -9.98 -17.01] | 0.6706865067614078
0.2728395758103605 | [ -8.45 -16.89] | 0.8815191471378245
0.3767708665359436 | [ -6.71 -16.37] | 1.0762415990957899
0.4804313393906405 | [ -4.8  -15.53] | 1.2511819683909216
0.5833753950169723 | [ -2.77 -14.44] | 1.4023931994944472
0.6851902947749704 | [ -0.65 -13.17] | 1.4918008598684471
0.781341187557315 | [  1.78 -11.33] | 1.3320191479112335
0.849855590453269 | [ 5.05 -8.08] | 0.8909192927297267
0.8764860658563841 | [ 7.5 -5.1] | 0.29912027165445376
0.8615108237307084 | [ 9.47 -1.64] | -0.3687861790680266
0.8045374056437647 | [11.41  2.41] | -0.7408908459081048
0.7235824654633565 | [11.06  9.09] | -0.744190059979049
0.6360369838428689 | [11.   13.63] | -0.6638923636185097
0.5439355335966628 | [10.92 17.37] | -0.5282196494934152
0.44895042087690895 | [10.68 20.56] | -0.36591477812348
0.3519558871991775 | [10.22 23.17] | -0.19378955197872438
0.2534980421392653 | [ 9.51 25.19] | -0.01862055386879466
0.1541606790932375 | [ 8.56 26.67] | 0.1551938801069149
0.054556179730821844 | [ 7.4  27.67] | 0.32353140705484873
-0.0447659441807324 | [ 6.06 28.26] | 0.48265338866047314
-0.1433629626105665 | [ 4.59 28.49] | 0.6294675697012816
-0.2408904840522041 | [ 3.02 28.4 ] | 0.7615265719218658
-0.3370814967048314 | [ 1.39 28.05] | 0.8770496932436
-0.43176219752592226 | [-0.27 27.46] | 0.8473806356446629
-0.5038787311353345 | [-4.21 22.16] | 0.5374212409756199
-0.5275472259626146 | [-8.53 13.84] | 0.01652913580280185
-0.49604353024913306 | [-12.01   4.58] | -0.4919819478929813
-0.41767165728493066 | [-14.7   -3.78] | -0.6039452871938544
-0.32326433544267624 | [-13.77  -8.41] | -0.42254933374650555
-0.22926967174992324 | [-13.27 -11.42] | -0.22693714490249342
-0.13326048299947107 | [-12.8  -13.74] | -0.00970228952446641
-0.03464347021837305 | [-12.17 -15.49] | 0.21857278151423937
0.06638892868811418 | [-11.24 -16.58] | 0.44784544797108916
0.16913852960586295 | [ -9.98 -17.01] | 0.6706375184350758
0.27281274709189923 | [ -8.45 -16.89] | 0.8814699056689733
0.3767437622446738 | [ -6.71 -16.37] | 1.0761925269297614
0.48040391620451056 | [ -4.8  -15.53] | 1.2511333762818615
0.583347602538178 | [ -2.77 -14.44] | 1.4023453362976792
0.6851620785043021 | [ -0.65 -13.17] | 1.491767534761863
0.7813139796350865 | [  1.78 -11.34] | 1.3320052543235694
0.8498299718719349 | [ 5.05 -8.08] | 0.8909153326758051
0.8764612062929773 | [ 7.5 -5.1] | 0.299125774614611
0.8614862461477883 | [ 9.47 -1.64] | -0.36876955737071837
0.8045127659788494 | [11.41  2.41] | -0.7408603120314374
0.7235578937621622 | [11.06  9.09] | -0.7441522384605019
0.6360125879487659 | [11.   13.63] | -0.663851124007268
0.5439112421566024 | [10.92 17.37] | -0.528175912063185
0.44892612834169376 | [10.68 20.56] | -0.365868496991378
0.35193149464987467 | [10.22 23.17] | -0.19374056534116701
0.2534734700335423 | [ 9.51 25.19] | -0.018568914981018703
0.15413586850452465 | [ 8.56 26.67] | 0.1552478728623347
0.05453108948326478 | [ 7.4  27.67] | 0.32358728137593706
-0.04479134008819269 | [ 6.06 28.26] | 0.4827105555155228
-0.1433886762126109 | [ 4.59 28.49] | 0.6295253444271497
-0.2409165137418104 | [ 3.02 28.4 ] | 0.7615841791033566
-0.3371078274678411 | [ 1.39 28.05] | 0.877106283602512
-0.43178880341816894 | [-0.27 27.46] | 0.8474188763069405
-0.5039041635344385 | [-4.21 22.16] | 0.5374328581159632
-0.5275708341611127 | [-8.53 13.84] | 0.01652097423939545
-0.4960661561184396 | [-12.01   4.58] | -0.49200794132882686
-0.41769376015071447 | [-14.7   -3.78] | -0.603979323011888
-0.3232861042423897 | [-13.77  -8.41] | -0.4225837745901116
-0.22929127142939473 | [-13.27 -11.42] | -0.22697264117201493
-0.13328204618120998 | [-12.8  -13.74] | -0.009739272090701481
-0.03466509547591692 | [-12.17 -15.49] | 0.2185342581252041
0.06636717752992799 | [-11.24 -16.58] | 0.44780573945818675
0.16911661259580668 | [ -9.98 -17.01] | 0.6705971385535664
0.2727906337942805 | [ -8.45 -16.89] | 0.8814293171737613
0.37672142180895113 | [ -6.71 -16.37] | 1.0761520780172311
0.4803813129207181 | [ -4.8  -15.53] | 1.2510933230943393
0.5833246948650308 | [ -2.77 -14.44] | 1.4023058839629274
0.6851388215211605 | [ -0.65 -13.17] | 1.4917400637707385
0.7812915536743608 | [  1.78 -11.34] | 1.33199379874924
0.8498088557348099 | [ 5.05 -8.08] | 0.8909120655435753
Total reward: 278.27274227547707
