-1.3, 1.5, -5.8, 3.5, -3.9, -3.8, 0.4, 3.9, 5.6, 5.9, 5.4, -1.8, 2.3, -1.4, 1.5, 0.9, -1.2, 5.1
parameter ends

state | action | reward
[0.04] | [-1.08  5.22] | 0.13240787663042747
0.07831640046843538 | [-4.53  0.07] | 0.2048238034061701
0.1587934725536627 | [-6.05 -3.64] | 0.2891577168421933
0.25067446467230187 | [-6.19 -5.78] | 0.44552823157709287
0.34488012506621074 | [-6.01 -7.03] | 0.6382475563866964
0.44162946069020365 | [-5.42 -7.52] | 0.8290793143259203
0.5396679555755391 | [-4.37 -7.31] | 0.9936443904955964
0.6374831745503636 | [-2.95 -6.59] | 1.1232534321295002
0.7338944308440493 | [-1.3  -5.53] | 1.2185160019578511
0.8281829065048887 | [ 0.45 -4.3 ] | 1.0510920069017713
0.9003963590153481 | [ 2.58 -2.41] | 0.5132755537140441
0.929530165797672 | [ 4.23 -0.61] | -0.16724504147279967
0.9139157205896172 | [5.48 1.78] | -0.6006578041131355
0.8688023396651943 | [6.71 5.8 ] | -0.7401275374602238
0.8079614358732121 | [7.65 8.96] | -0.8035258587523539
0.7341517301507018 | [ 8.54 11.89] | -0.7855558773472832
0.650941728757452 | [ 9.34 14.68] | -0.7035358963705031
0.5613693047630712 | [ 9.88 17.21] | -0.5817137186159512
0.4675681075555085 | [10.06 19.39] | -0.43560906894920964
0.37111829286734255 | [ 9.89 21.19] | -0.2756807998992767
0.27324733249469313 | [ 9.41 22.61] | -0.11006598855260633
0.17489624748307006 | [ 8.65 23.67] | 0.05471580651608084
0.07675407066925573 | [ 7.69 24.38] | 0.2137104584194906
-0.02069430671579558 | [ 6.55 24.8 ] | 0.36336084653431255
-0.11711029053785883 | [ 5.29 24.94] | 0.5011348342647945
-0.21226277593155718 | [ 3.93 24.84] | 0.6253263310560001
-0.30602052078487274 | [ 2.52 24.54] | 0.7352266378596297
-0.39831042969394115 | [ 1.08 24.06] | 0.8307787457876114
-0.48908214016211204 | [-0.38 23.43] | 0.7483603793920955
-0.5557713017170138 | [-3.6  17.59] | 0.36706733226990834
-0.5730996621406148 | [-7.05  9.  ] | -0.18557038784845964
-0.5365427616223083 | [-10.13  -0.12] | -0.562601595595357
-0.46342654748905465 | [-12.12  -6.28] | -0.5888842160389336
-0.377354083709643 | [-13.01  -9.22] | -0.45346313221128726
-0.2867157866014829 | [-13.59 -11.25] | -0.27975086092440127
-0.1919626251287959 | [-13.94 -12.68] | -0.07478825982813753
-0.09377638299360375 | [-13.92 -13.59] | 0.14588761189821509
0.007099959665934564 | [-13.42 -14.  ] | 0.37164470927340154
0.10981263716731691 | [-12.47 -13.95] | 0.5949855708337847
0.21358360617803113 | [-11.15 -13.54] | 0.8103991103744889
0.3178021726930666 | [ -9.56 -12.82] | 1.013641707307795
0.4220020826979136 | [ -7.77 -11.86] | 1.200975056914939
0.5257984593842413 | [ -5.84 -10.71] | 1.3685793150809775
0.6288303433637614 | [-3.81 -9.39] | 1.5119231432257019
0.7307366796900562 | [-1.71 -7.95] | 1.6255459918263966
0.8311608709205287 | [ 0.42 -6.42] | 1.544514482788051
0.9136630788166261 | [ 2.73 -4.15] | 1.1669180181557541
0.9601795223091055 | [ 4.42 -2.23] | 0.5869396676108607
0.9663101954598313 | [ 5.5  -0.39] | -0.0768534069944307
0.9330777056695008 | [6.43 2.34] | -0.5135907285006304
0.8736513147789308 | [7.49 6.36] | -0.6534977426032005
0.8014136098905106 | [8.36 9.55] | -0.6803600659769755
0.7204281803476538 | [ 9.17 12.44] | -0.6339992548723061
0.6335923808586512 | [ 9.77 15.04] | -0.5475383031952675
0.5426458711688272 | [10.05 17.24] | -0.43928472630717924
0.44874688177953187 | [ 9.98 19.03] | -0.31671136178308856
0.3529001818161613 | [ 9.59 20.42] | -0.18460678950598153
0.25601155682535204 | [ 8.94 21.45] | -0.047698323586019276
0.1588214887739272 | [ 8.08 22.17] | 0.08954971930787492
0.06187301521288362 | [ 7.06 22.61] | 0.22346043286174339
-0.03446002819049636 | [ 5.92 22.84] | 0.35121230988045443
-0.1299169545713287 | [ 4.69 22.86] | 0.470629780767957
-0.224301968086756 | [ 3.4  22.71] | 0.5800402232136878
-0.31746888078878677 | [ 2.07 22.41] | 0.6782819966842107
-0.40930219413465185 | [ 0.71 21.98] | 0.7272761078465988
-0.4944337409718435 | [-1.11 20.23] | 0.45960514447437
-0.5388951413076584 | [-5.34 10.96] | -0.10550591012804598
-0.5219853183304582 | [-8.78  1.52] | -0.6555343182607758
-0.4536718621013826 | [-11.7   -7.01] | -0.7917806784052939
-0.36460527448985725 | [-12.64  -9.96] | -0.6239739703516292
-0.27295137581515144 | [-13.24 -12.  ] | -0.4373002936281487
-0.17784072874528858 | [-13.64 -13.47] | -0.22284293463207966
-0.07940441893526598 | [-13.76 -14.48] | 0.008670839477847574
0.021881337979840806 | [-13.42 -15.01] | 0.24700824581801561
0.1252375596247146 | [-12.58 -15.07] | 0.4847836022798755
0.22989720939011224 | [-11.33 -14.74] | 0.7168432204066298
0.33528024436141435 | [ -9.78 -14.1 ] | 0.9395471296520893
0.4409788112099162 | [ -8.01 -13.21] | 1.1498108570958114
0.5466828678586101 | [ -6.08 -12.11] | 1.3443834613646894
0.6521147111037696 | [ -4.03 -10.85] | 1.5193407209808985
0.756984864791983 | [-1.88 -9.43] | 1.668735082047378
0.8609640666801494 | [ 0.32 -7.9 ] | 1.6517046107741764
0.9499736770420922 | [ 2.58 -5.75] | 1.3806049191594758
1.007689828907797 | [ 4.18 -3.98] | 0.9211898891053384
1.0297124937680584 | [ 5.21 -2.42] | 0.32068523652530884
1.0148159623671376 | [ 5.93 -0.66] | -0.3412647359528126
0.9631385681464394 | [6.76 1.88] | -0.7575462653769047
0.8882438130644414 | [7.97 6.27] | -0.8397600377150009
0.8047279480338987 | [8.9  9.64] | -0.8091877193982988
0.716050806112108 | [ 9.69 12.61] | -0.715699162471302
0.6242460321444163 | [10.24 15.23] | -0.5928892019580544
0.5302878905908428 | [10.46 17.44] | -0.4584073723907769
0.43468352841616364 | [10.34 19.23] | -0.3179609196155856
0.3379296558512155 | [ 9.92 20.63] | -0.17415751593651138
0.24057662824933826 | [ 9.25 21.68] | -0.02974240874592496
0.14314567855972665 | [ 8.37 22.41] | 0.11228643836109536
0.04606053669567646 | [ 7.34 22.88] | 0.24920790580668475
-0.05036393010641878 | [ 6.19 23.1 ] | 0.3788052447490575
-0.1458958338100285 | [ 4.95 23.13] | 0.49930781680579844
-0.24035544546795537 | [ 3.65 22.98] | 0.6093381482930598
-0.3336082864653268 | [ 2.31 22.67] | 0.7079534448553292
-0.4255492935987145 | [ 0.94 22.23] | 0.7866146983335642
-0.5150154338659555 | [-0.53 21.42] | 0.6105119898546809
-0.5750748034318922 | [-4.06 14.28] | 0.09716410656341887
-0.5803116308133962 | [-7.53  4.99] | -0.5270958736983287
-0.5301546141734997 | [-10.54  -4.13] | -0.7655341737396879
-0.4529999227320266 | [-11.82  -8.02] | -0.6691466303353059
-0.36857881163719375 | [-12.72 -10.74] | -0.5326771146401691
-0.2777063678354074 | [-13.36 -12.68] | -0.35015456982164334
-0.18185672511916168 | [-13.69 -14.02] | -0.1369307699753973
-0.08226418597673174 | [-13.56 -14.8 ] | 0.09156470559167317
0.019919244721088854 | [-12.92 -15.06] | 0.32475378301598595
0.12368966051713637 | [-11.86 -14.89] | 0.5551718850669851
0.2282810963859728 | [-10.47 -14.36] | 0.7775231049467749
0.3331417066206945 | [ -8.84 -13.56] | 0.9877045838329398
0.43785547658079516 | [ -7.03 -12.53] | 1.1819446549830608
0.5420666048136178 | [ -5.09 -11.31] | 1.3561595808819895
0.6454273613835289 | [-3.05 -9.93] | 1.50487984935465
0.747583764372229 | [-0.94 -8.42] | 1.6161828917231702
0.8474960722324104 | [ 1.21 -6.78] | 1.4788324775379975
0.9233546889422183 | [ 3.41 -4.3 ] | 1.0458066840094646
0.9591350317844528 | [ 4.9  -2.34] | 0.4702404887945819
0.9558089901921424 | [ 5.91 -0.31] | -0.16540870365525023
0.9147310769119543 | [6.9  2.71] | -0.5562349379170257
0.8497880331745203 | [7.99 6.75] | -0.6629569906884116
0.7737943685503259 | [8.88 9.95] | -0.6623481611070199
0.6904580530846124 | [ 9.66 12.84] | -0.5949693464757217
0.6022845800882781 | [10.23 15.41] | -0.4933136436540275
0.5106625417057226 | [10.47 17.58] | -0.3745401805264438
0.4164725300448927 | [10.37 19.36] | -0.2451562230020488
0.3205171533343827 | [ 9.97 20.75] | -0.10903038359439648
0.22357537760910093 | [ 9.3  21.79] | 0.02991640194957694
0.12632415185368637 | [ 8.42 22.51] | 0.1678123737610666
0.029283921265365755 | [ 7.38 22.95] | 0.3013697442479378
-0.06717497099346964 | [ 6.22 23.16] | 0.4280247008026196
-0.16279025690736978 | [ 4.97 23.17] | 0.5457892338051056
-0.25736439259200616 | [ 3.65 23.  ] | 0.6531435912361265
-0.350749722828903 | [ 2.29 22.67] | 0.7490469585598426
-0.4428323918745658 | [ 0.91 22.21] | 0.8200716392033369
-0.5318917323956067 | [-0.62 21.26] | 0.6087059430191993
-0.5894603942501351 | [-4.25 13.64] | 0.05393927682936801
-0.5907929069079667 | [-7.67  4.26] | -0.5879902147139333
-0.5371854874446055 | [-10.61  -4.81] | -0.8197387417247547
-0.4576541144204915 | [-11.85  -8.55] | -0.7103505736908468
-0.3717389085262123 | [-12.71 -11.17] | -0.5653171102780069
-0.27996456797642655 | [-13.32 -13.05] | -0.37767656744597194
-0.1835467250898837 | [-13.64 -14.37] | -0.1617439454981628
-0.08356570648983426 | [-13.5  -15.13] | 0.06845694685237404
0.018896608813620056 | [-12.85 -15.38] | 0.3031045464124027
0.12287914221028937 | [-11.78 -15.2 ] | 0.5351519068412363
0.22765202820379962 | [-10.37 -14.67] | 0.759565372730938
0.3326931983168329 | [ -8.74 -13.86] | 0.972395979425016
0.43760860380402694 | [ -6.93 -12.83] | 1.1699373439379568
0.5420572675463657 | [ -4.98 -11.6 ] | 1.348074492267619
0.645700621748192 | [ -2.93 -10.22] | 1.501087230206993
0.7481859936424792 | [-0.82 -8.7 ] | 1.6060169730673746
0.8471868135226288 | [ 1.36 -6.96] | 1.4684603517885002
0.9217208322662086 | [ 3.51 -4.5 ] | 1.0491466147530688
0.9569874177979898 | [ 4.97 -2.52] | 0.4867222520233381
0.9536930417634617 | [ 5.99 -0.44] | -0.14543683814667935
0.9125760794162417 | [6.99 2.49] | -0.5472033088318767
0.8471342011796901 | [8.11 6.63] | -0.6547665020196493
0.7708292409025526 | [9.   9.87] | -0.6525670311193962
0.6873798682645138 | [ 9.79 12.76] | -0.5832986522674517
0.5992445365795553 | [10.36 15.34] | -0.4796455364218777
0.5077644551760278 | [10.61 17.53] | -0.35946618490729787
0.4137485747064961 | [10.53 19.33] | -0.22935304430571807
0.3179366433203019 | [10.15 20.75] | -0.09292329253154596
0.22107332865394547 | [ 9.49 21.82] | 0.04616102487908637
0.12382914446501062 | [ 8.63 22.56] | 0.1841632438198702
0.026733917714933622 | [ 7.6  23.02] | 0.3178332774968144
-0.06982886804456241 | [ 6.44 23.25] | 0.44461055513616937
-0.16558667195230997 | [ 5.18 23.26] | 0.5625085054321637
-0.2603350913121754 | [ 3.87 23.1 ] | 0.6700014504022052
-0.3539200013467106 | [ 2.5  22.78] | 0.7660396278745404
-0.44622479803190396 | [ 1.11 22.32] | 0.8499260975891507
-0.5371461832420169 | [-0.29 21.74] | 0.7007373085661674
-0.6033848818437344 | [-3.49 15.53] | 0.18784738796012046
-0.6175444569675442 | [-6.97  6.22] | -0.4874248923997807
-0.5748039072035745 | [-9.94 -3.09] | -0.776361532465125
-0.5027995910066398 | [-11.33  -7.32] | -0.7124216613091974
-0.4216871194040756 | [-12.34 -10.34] | -0.6017389968502289
-0.3327975474676328 | [-13.08 -12.51] | -0.4369995443252382
-0.23810963020562606 | [-13.51 -14.03] | -0.23479714093364168
-0.13922625777295877 | [-13.48 -14.94] | -0.012658418205461354
-0.03751118465095057 | [-12.95 -15.31] | 0.21742016033769573
0.06590659256229503 | [-11.98 -15.22] | 0.4469468408044318
0.17017851769587486 | [-10.67 -14.75] | 0.6698783217240136
0.2746964776544989 | [ -9.11 -14.  ] | 0.8816282354241455
0.37900669154063454 | [ -7.36 -13.  ] | 1.0781554869313084
0.4827279997099282 | [ -5.48 -11.8 ] | 1.255243559883197
0.5854965321121943 | [ -3.49 -10.44] | 1.4074368818274998
0.6869557691460894 | [-1.43 -8.94] | 1.5288981714520427
0.786750194207471 | [ 0.66 -7.33] | 1.4495696044899518
0.8661694197304171 | [ 2.99 -4.73] | 1.0829886483222484
0.9077815699713018 | [ 4.72 -2.47] | 0.5372175759767809
0.9094196622341292 | [ 5.96 -0.17] | -0.06871795507505805
0.873193308221897 | [7.09 3.13] | -0.4410917020169787
0.8128961378704141 | [8.15 7.07] | -0.5549818681277752
0.740480514398771 | [ 9.02 10.23] | -0.5642049138388856
0.6597312753779775 | [ 9.8  13.08] | -0.5054957062938993
0.5733547029268753 | [10.36 15.63] | -0.4105421877318366
0.48292858733480754 | [10.6 17.8] | -0.2964910811787964
0.38949526088656966 | [10.51 19.57] | -0.1704103388732494
0.2939854601329166 | [10.1  20.96] | -0.036772482841652146
0.19727691452779567 | [ 9.43 21.99] | 0.1000392850679078
0.10011984969174954 | [ 8.54 22.7 ] | 0.23585601718204266
0.0030856445043141133 | [ 7.49 23.12] | 0.36722541907557577
-0.0934226869376933 | [ 6.31 23.31] | 0.49150600301457026
-0.1891234701413005 | [ 5.04 23.3 ] | 0.6066802135055409
-0.2838076413741393 | [ 3.7 23.1] | 0.7112301381856445
-0.3773193908103817 | [ 2.32 22.75] | 0.8041342965936619
-0.4695404694187047 | [ 0.92 22.26] | 0.8718440263637363
-0.5588501685274068 | [-0.62 21.31] | 0.6387624084844478
-0.6166320884979001 | [-4.21 13.6 ] | 0.047102397472280816
-0.6180146494706109 | [-7.55  4.18] | -0.6298608491647137
-0.564370661337775 | [-10.4   -4.92] | -0.8762780793459982
-0.4848192017366868 | [-11.66  -8.68] | -0.7687099258165419
-0.398906621216848 | [-12.54 -11.35] | -0.6264315644932894
-0.3071339937423194 | [-13.18 -13.27] | -0.44129236218153045
-0.21070757391643963 | [-13.53 -14.63] | -0.227221214145022
-0.11071173963036074 | [-13.42 -15.43] | 0.0020941722827045456
-0.00823766383178703 | [-12.81 -15.72] | 0.23690583169362886
0.0957463261832044 | [-11.76 -15.57] | 0.4700696886960737
0.20050574170806865 | [-10.39 -15.06] | 0.6964207423517375
0.30551515959616105 | [ -8.78 -14.27] | 0.9119056791802977
0.41037729297402653 | [ -7.   -13.25] | 1.1127451414277256
0.514747403100067 | [ -5.08 -12.03] | 1.2947366956037516
0.6182830707906619 | [ -3.05 -10.65] | 1.4519877990888053
0.720628836065611 | [-0.96 -9.12] | 1.574358162613536
0.8209665304543249 | [ 1.18 -7.46] | 1.4634316249884136
0.8977468542959735 | [ 3.4  -4.84] | 1.0659802590233067
0.9349703140589203 | [ 4.95 -2.71] | 0.5247833998416426
0.9336904536007276 | [ 6.07 -0.49] | -0.09235283623523123
0.8944658405045409 | [7.12 2.51] | -0.4934668577641408
0.8305094026435016 | [8.27 6.68] | -0.6039846640203385
0.7554358324503224 | [9.16 9.91] | -0.6045325160147341
0.6729839836458441 | [ 9.94 12.79] | -0.5374281432007715
0.5856483554078712 | [10.52 15.37] | -0.4349911943114353
0.49480603733296724 | [10.79 17.58] | -0.3155853393471293
0.40127117965691295 | [10.72 19.4 ] | -0.18611120375987855
0.305781560300062 | [10.35 20.84] | -0.050255517508760665
0.2090919208140365 | [ 9.72 21.93] | 0.08831366186851783
0.1118972107849818 | [ 8.86 22.69] | 0.2258204216888297
0.014757472318580923 | [ 7.83 23.17] | 0.3589520052393251
-0.08191703143530801 | [ 6.66 23.4 ] | 0.4850987432212341
-0.177834873679387 | [ 5.4  23.43] | 0.6022516033056713
-0.2727798878857979 | [ 4.07 23.26] | 0.7088750036738527
-0.3665885922036038 | [ 2.69 22.94] | 0.8039208795862554
-0.45913985510510824 | [ 1.28 22.47] | 0.8867087822200662
-0.5503294947034991 | [-0.13 21.88] | 0.7559482713342751
-0.6196485662305296 | [-3.11 16.33] | 0.24810318675014958
-0.6388541570407293 | [-6.59  6.99] | -0.456612038780619
-0.6003418439823673 | [-9.53 -2.41] | -0.775646640115663
-0.5313481698116211 | [-10.98  -6.85] | -0.7316095639609661
-0.4522287319162345 | [-12.05 -10.04] | -0.6370832400499803
-0.3645651043762534 | [-12.84 -12.36] | -0.4836857338090775
-0.2706133625178007 | [-13.33 -13.98] | -0.2886702348104344
-0.1721967549197248 | [-13.35 -14.97] | -0.07091170903487895
-0.07081137943675693 | [-12.87 -15.4 ] | 0.15664443894446461
0.03233232166556985 | [-11.94 -15.35] | 0.38481633622764877
0.13632916044935997 | [-10.68 -14.91] | 0.6070468380665057
0.24052978553173485 | [ -9.16 -14.18] | 0.818400145992171
0.34445057703626913 | [ -7.45 -13.19] | 1.0146290116124619
0.4476888634444706 | [ -5.6 -12. ] | 1.1913886425715938
0.5498677305670081 | [ -3.64 -10.63] | 1.3432225542382552
0.6506315153108382 | [-1.62 -9.13] | 1.4647539812258346
0.7496405573976865 | [ 0.43 -7.52] | 1.413626830301729
0.8304096838034583 | [ 2.79 -4.91] | 1.0821169363608998
0.8747268084022206 | [ 4.67 -2.45] | 0.5500942324020547
0.8782880436701891 | [6.05 0.04] | -0.027744430270288667
0.8445374990921605 | [7.27 3.62] | -0.37049447186034934
0.7874100423729996 | [8.28 7.41] | -0.4838767237997064
0.7175295963468378 | [ 9.13 10.5 ] | -0.4975601901745886
0.6386577589021925 | [ 9.9  13.31] | -0.4440456618314486
0.553601361129927 | [10.46 15.83] | -0.35370970308182365
0.4640510223472712 | [10.7  17.99] | -0.24299842859242143
0.3711667912384289 | [10.6  19.75] | -0.11916380231493898
0.2759785137729408 | [10.19 21.13] | 0.012891809159977716
0.1794395415062525 | [ 9.51 22.15] | 0.148408712764312
0.08235440143140414 | [ 8.62 22.85] | 0.28296975179078654
-0.014668690208299862 | [ 7.55 23.26] | 0.41298543789996556
-0.11120321731441546 | [ 6.36 23.44] | 0.5357493852924956
-0.20695338526046417 | [ 5.07 23.41] | 0.6492193235808541
-0.30170184728665844 | [ 3.72 23.2 ] | 0.751880300919567
-0.3952876928939308 | [ 2.32 22.83] | 0.8427318603327038
-0.4875902082170017 | [ 0.91 22.32] | 0.9059025598897301
-0.5767912827873473 | [-0.66 21.3 ] | 0.6502303439695147
-0.633639576756667 | [-4.27 13.38] | 0.028834768981371495
-0.6335321558101323 | [-7.53  3.93] | -0.6671717249471729
-0.578625799647203 | [-10.32  -5.15] | -0.9166604530313723
-0.49824787967342177 | [-11.57  -8.88] | -0.8052600709400388
-0.41184613398084197 | [-12.45 -11.53] | -0.6612376098645282
-0.3197921274177027 | [-13.1  -13.45] | -0.47553887643979004
-0.22319508552654657 | [-13.45 -14.82] | -0.2614841808369638
-0.12308814130223472 | [-13.35 -15.64] | -0.03214040028590816
-0.02054161804795349 | [-12.74 -15.94] | 0.203014809190882
0.083486828174054 | [-11.71 -15.79] | 0.4369118475283695
0.18827015309195302 | [-10.35 -15.3 ] | 0.6643915210119657
0.29328783897509964 | [ -8.75 -14.51] | 0.8813861340776866
0.3981448791758692 | [ -6.98 -13.49] | 1.0840928440646966
0.5024964780013871 | [ -5.07 -12.27] | 1.2682414396515984
0.605998863209664 | [ -3.05 -10.88] | 1.427777221736712
0.7082944129804644 | [-0.97 -9.35] | 1.5532677271476008
0.8086493374746253 | [ 1.16 -7.68] | 1.4507628620928377
0.8855433156498667 | [ 3.4 -5. ] | 1.0640949342561214
0.9229215404219383 | [ 4.98 -2.79] | 0.5332042017206676
0.9218636614418609 | [ 6.14 -0.49] | -0.07303870520850392
0.8829876406899969 | [7.23 2.58] | -0.4674258853890939
0.8194691751008462 | [8.39 6.76] | -0.5765131520468904
0.7448273806322521 | [9.27 9.98] | -0.5765344755516808
0.6627736359953745 | [10.05 12.85] | -0.50924035168641
0.5757925286563742 | [10.63 15.42] | -0.40661663171039014
0.48525575529840204 | [10.9  17.63] | -0.28706627941267376
0.39196536055164954 | [10.84 19.46] | -0.15755846168621757
0.29664799858634683 | [10.47 20.91] | -0.021782252351562843
0.20005650918387002 | [ 9.84 22.01] | 0.11661473724824549
0.10289423875310758 | [ 8.99 22.78] | 0.25385875133286534
0.0057351563510100595 | [ 7.95 23.27] | 0.3866234098889228
-0.0909966780823381 | [ 6.79 23.5 ] | 0.5122883005511345
-0.186999455133984 | [ 5.52 23.52] | 0.6288449495449272
-0.2820503870062031 | [ 4.18 23.36] | 0.7347636243787774
-0.3759807676118284 | [ 2.79 23.02] | 0.82900847203812
-0.46866672492494144 | [ 1.37 22.55] | 0.9109174684598484
-0.560003549646972 | [-0.06 21.95] | 0.7887120781610695
-0.6308988768561358 | [-2.91 16.73] | 0.2805417619555837
-0.6526496535881267 | [-6.39  7.37] | -0.4425954959801576
-0.6162808252960009 | [-9.3  -2.07] | -0.7787886311040473
-0.5488313309692081 | [-10.78  -6.62] | -0.7456657493941355
-0.47074613553846806 | [-11.88  -9.9 ] | -0.6602497118491187
-0.38372540427487345 | [-12.7  -12.29] | -0.5133930804654899
-0.2901635903849835 | [-13.21 -13.97] | -0.32263533484811185
-0.19199856391158585 | [-13.26 -15.  ] | -0.1075402595951101
-0.09079666741867361 | [-12.81 -15.46] | 0.11844719694755715
0.012188305714115957 | [-11.91 -15.44] | 0.3457723310448337
0.11602129684610805 | [-10.67 -15.02] | 0.5675939453519931
0.22003134945701994 | [ -9.18 -14.29] | 0.7787789907782193
0.3237192917492856 | [ -7.49 -13.31] | 0.9749623218630105
0.42667142610016606 | [ -5.66 -12.12] | 1.1517208464703597
0.5285051219176047 | [ -3.72 -10.76] | 1.3036053921210884
0.6288672731251939 | [-1.72 -9.26] | 1.4255068785467657
0.7274290403699107 | [ 0.31 -7.65] | 1.3901146722276656
0.8089422567009124 | [ 2.67 -5.04] | 1.0790711958897454
0.8547267220617546 | [ 4.64 -2.46] | 0.5567443645771686
0.8593088217599659 | [6.1  0.14] | -0.003322912688888942
0.826950482448947 | [7.36 3.87] | -0.3294756386966638
0.7716103331037578 | [8.36 7.59] | -0.44234945820534033
0.703162832523826 | [ 9.2  10.65] | -0.4581200514442188
0.6253589662791669 | [ 9.97 13.44] | -0.407165677946854
0.5410585119557286 | [10.52 15.95] | -0.31908381153910925
0.45201468451764965 | [10.76 18.1 ] | -0.2099688674148243
0.3594518025835798 | [10.66 19.86] | -0.0871960915361193
0.2644535741563092 | [10.25 21.23] | 0.044091900082261395
0.1680150059909696 | [ 9.57 22.25] | 0.17893432903647716
0.07097136522551584 | [ 8.67 22.94] | 0.3127862686774951
-0.026047613948188667 | [ 7.59 23.35] | 0.44199161310400964
-0.12260131939488884 | [ 6.39 23.52] | 0.5638167500284572
-0.21838535619878385 | [ 5.1  23.48] | 0.6762135972070628
-0.3131773169724392 | [ 3.73 23.26] | 0.7776758019342056
-0.4068131237548565 | [ 2.33 22.88] | 0.8672215204337016
-0.4991705841460151 | [ 0.9  22.36] | 0.9279284393781665
-0.5883615297422655 | [-0.68 21.31] | 0.6594451303241196
-0.6448511124394958 | [-4.28 13.29] | 0.020213020172301144
-0.6441343191774538 | [-7.5   3.82] | -0.688661573677282
-0.5887087265156583 | [-10.25  -5.25] | -0.9414959501197943
-0.5079977422998687 | [-11.5   -8.97] | -0.8287901713788444
-0.42140504247345323 | [-12.38 -11.62] | -0.6845095239591327
-0.3292430282991709 | [-13.03 -13.55] | -0.49902393480352625
-0.23258010350750025 | [-13.4  -14.93] | -0.28532120925786963
-0.13242991520732958 | [-13.3  -15.76] | -0.05616050869833837
-0.029856216645075363 | [-12.71 -16.07] | 0.17909756482033992
0.07418602524228637 | [-11.68 -15.94] | 0.4133927195506397
0.1789713787345322 | [-10.33 -15.44] | 0.6415422779177574
0.2839800394649831 | [ -8.74 -14.66] | 0.8594522648347594
0.38881669023772797 | [ -6.98 -13.65] | 1.063295967579885
0.4931352421767755 | [ -5.07 -12.43] | 1.248754268553198
0.5965902541305057 | [ -3.07 -11.04] | 1.409677865590759
0.6988225423997394 | [-0.99 -9.5 ] | 1.5382937897323425
0.7993122765911872 | [ 1.13 -7.84] | 1.4425037199334252
0.8764728906890905 | [ 3.38 -5.11] | 1.0631181778944463
0.9140738815067913 | [ 4.99 -2.84] | 0.5391775833767025
0.9132474187821776 | [ 6.18 -0.48] | -0.0595208803810796
0.8746807370045818 | [7.31 2.65] | -0.44880939524675034
0.8115400578284017 | [8.46 6.82] | -0.5569817128774859
0.7372492888178331 | [ 9.34 10.03] | -0.5568298211661639
0.6555017846821725 | [10.12 12.9 ] | -0.4895685885538196
0.5687807343195393 | [10.7  15.46] | -0.38694525399463137
0.47845908518473584 | [10.97 17.67] | -0.2673668916428569
0.38533591164521197 | [10.91 19.5 ] | -0.13785784446661806
0.2901345723569368 | [10.55 20.96] | -0.0021323854530057376
0.19360917067763556 | [ 9.92 22.07] | 0.13615473879797957
0.09646979735434061 | [ 9.06 22.84] | 0.273219478794649
-0.0006999468290010691 | [ 8.03 23.33] | 0.40572188126199366
-0.09746674398324008 | [ 6.86 23.57] | 0.5310334829986022
-0.19352182829907708 | [ 5.59 23.59] | 0.6471466836005284
-0.2886379749066316 | [ 4.24 23.42] | 0.7525369654355
-0.3826430846928236 | [ 2.85 23.08] | 0.846178938826187
-0.4754114465605614 | [ 1.42 22.6 ] | 0.9274253411398398
-0.5668379903669853 | [-1.22e-02  2.20e+01] | 0.8093091729147962
-0.6385949894208777 | [-2.81 16.95] | 0.29938509558297927
-0.6617235008884832 | [-6.28  7.58] | -0.43566969338378214
-0.6265196707673443 | [-9.17 -1.88] | -0.7822358075322234
-0.559915205146217 | [-10.66  -6.49] | -0.7554620680974428
-0.4824001147569354 | [-11.77  -9.82] | -0.675435867349732
-0.3957362483707145 | [-12.61 -12.26] | -0.5325093041705037
-0.3023925478266014 | [-13.14 -13.97] | -0.3443653422823394
-0.20437017193915485 | [-13.2  -15.03] | -0.13093975550467096
-0.10327492979053474 | [-12.77 -15.51] | 0.09404640488235769
-0.00038510717427571103 | [-11.89 -15.5 ] | 0.32082636980549956
0.10334747218105017 | [-10.66 -15.1 ] | 0.5423939181454872
0.20723981715965545 | [ -9.18 -14.37] | 0.7534995655988898
0.3107841350118776 | [ -7.51 -13.4 ] | 0.9497075767069292
0.41356066905999955 | [ -5.69 -12.21] | 1.12654449889968
0.5151840482448595 | [ -3.77 -10.84] | 1.2785660091506832
0.6153034167400385 | [-1.78 -9.34] | 1.400823000603958
0.7135969668942134 | [ 0.24 -7.73] | 1.3747186874824986
0.7955392282904508 | [ 2.6  -5.13] | 1.076147430929728
0.8421646009768213 | [ 4.61 -2.47] | 0.5604133526443674
0.847318913225394 | [6.13 0.21] | 0.011734463715580278
0.815777132699655 | [7.42 4.02] | -0.3043705310688333
0.7614983056456714 | [8.41 7.7 ] | -0.41675853653719286
0.6939054012331567 | [ 9.25 10.74] | -0.4335588460869658
0.6167427822452616 | [10.01 13.52] | -0.3839587345320364
0.5328995492503826 | [10.56 16.02] | -0.29707513376656486
0.4441648921209323 | [10.8  18.16] | -0.18879999326692054
0.35180009831149384 | [10.7  19.92] | -0.06658469892136577
0.25691998077800265 | [10.29 21.3 ] | 0.06428759950046484
0.160543968564087 | [ 9.6  22.31] | 0.19874114873201598
0.06352577688955863 | [ 8.7 23. ] | 0.3321597241356793
-0.033491631493575966 | [ 7.62 23.41] | 0.4608517716881755
-0.13005881033116912 | [ 6.41 23.57] | 0.5820712363388166
-0.22586591296462616 | [ 5.11 23.52] | 0.6937699056188162
-0.3206873124211496 | [ 3.74 23.29] | 0.7944493697076896
-0.4143568807297339 | [ 2.33 22.91] | 0.8831417505186908
-0.5067514775954561 | [ 0.9  22.38] | 0.9423978830626503
-0.595956301014845 | [-0.68 21.32] | 0.666118664141772
-0.6522924454207113 | [-4.28 13.25] | 0.015635262007887354
-0.6512937757309903 | [-7.48  3.77] | -0.7019062866923483
-0.5956250646487325 | [-10.2  -5.3] | -0.9574048975595626
-0.5147608514468545 | [-11.45  -9.02] | -0.8442364235188033
-0.4280830835846121 | [-12.33 -11.67] | -0.7000776075538677
-0.3358737381581943 | [-12.99 -13.61] | -0.5149248763449472
-0.23918167911098712 | [-13.36 -15.  ] | -0.3015693704656572
-0.13901217222691944 | [-13.27 -15.84] | -0.07259883622524788
-0.03642689015459891 | [-12.68 -16.16] | 0.16268435135974818
0.06761959594815727 | [-11.66 -16.03] | 0.39721343407448406
0.17240187143218896 | [-10.32 -15.54] | 0.625781412888835
0.2773998017724119 | [ -8.74 -14.76] | 0.8442714356227616
0.38221728569390906 | [ -6.98 -13.75] | 1.0488381601713521
0.4865069761880389 | [ -5.08 -12.53] | 1.2351281766768805
0.5899220905232881 | [ -3.08 -11.14] | 1.396933683723517
0.6921023940161739 | [-1.  -9.6] | 1.5275027768215768
0.7926636783769465 | [ 1.11 -7.95] | 1.436094028059718
0.869969714487265 | [ 3.37 -5.18] | 1.0615028651046376
0.9076725487162045 | [ 4.99 -2.87] | 0.5420853142506393
0.9069374498502352 | [ 6.21 -0.47] | -0.05119175696581833
0.8685317351057685 | [7.35 2.71] | -0.4361085610656022
0.8056368722205088 | [8.51 6.87] | -0.5433773659957483
0.7315753214122308 | [ 9.39 10.08] | -0.5429564389091555
0.65002607464732 | [10.17 12.94] | -0.475623928134813
0.5634713377861684 | [10.74 15.5 ] | -0.37296641631606414
0.4732846217888354 | [11.01 17.7 ] | -0.25335093389674396
0.3802645965980733 | [10.95 19.54] | -0.12382768626027685
0.2851343120832211 | [10.59 21.  ] | 0.011864871244596203
0.18864979037816876 | [ 9.96 22.11] | 0.15005930458117023
0.09152569551153544 | [ 9.11 22.88] | 0.28696321321358914
-0.005648478764988824 | [ 8.07 23.37] | 0.41923096775060814
-0.1024339042535741 | [ 6.9  23.61] | 0.5442333065059846
-0.19851769548431564 | [ 5.62 23.62] | 0.6599669583242783
-0.2936699959990293 | [ 4.27 23.45] | 0.7649141080403706
-0.3877167246011016 | [ 2.87 23.11] | 0.8580593160544316
-0.4805310543683417 | [ 1.45 22.63] | 0.9387669442802778
-0.5720076599253788 | [5.8e-03 2.2e+01] | 0.8212508009421408
-0.6441377164615151 | [-2.76 17.05] | 0.30801284099959014
-0.6678486018063915 | [-6.22  7.67] | -0.4350962770571754
-0.6331305732889551 | [-9.09 -1.8 ] | -0.7875183701132397
-0.5668775464711675 | [-10.59  -6.44] | -0.7638267790268709
-0.4896002778730696 | [-11.71  -9.8 ] | -0.6865029870136514
-0.40308553588515283 | [-12.56 -12.26] | -0.5455890112541845
-0.309833293553279 | [-13.09 -13.99] | -0.3588193716677245
-0.21187158723876026 | [-13.17 -15.07] | -0.14627612447183225
-0.11082352215422676 | [-12.74 -15.56] | 0.07820376304966126
-0.007978325585992829 | [-11.87 -15.55] | 0.3047540821033189
0.09570466118904415 | [-10.65 -15.15] | 0.5262857146748511
0.19953701811627547 | [ -9.18 -14.44] | 0.7374882202022516
0.30300698605882814 | [ -7.52 -13.46] | 0.9338870898103018
0.4056919312599105 | [ -5.71 -12.27] | 1.1109761851773712
0.5072052958330666 | [ -3.79 -10.91] | 1.2633038779724057
0.6071975708059814 | [-1.81 -9.4 ] | 1.3859969408066966
0.7053506562202313 | [ 0.21 -7.79] | 1.3653279128649956
0.787531841093133 | [ 2.56 -5.19] | 1.0743705502724243
0.8346268758880061 | [ 4.6  -2.48] | 0.5633389272713872
0.8401205152119076 | [6.15 0.24] | 0.021258297057055064
0.8090393989016491 | [7.46 4.1 ] | -0.2897538619529503
0.7553295707181982 | [8.44 7.75] | -0.40178730448973693
0.6882000286405222 | [ 9.28 10.79] | -0.4189957968299936
0.611390290124041 | [10.04 13.57] | -0.3699578460988038
0.5278041856304347 | [10.59 16.06] | -0.2835436631741502
0.43924883132136083 | [10.83 18.2 ] | -0.17557388573462462
0.3470026135833285 | [10.73 19.96] | -0.0535519265165407
0.2521946261493017 | [10.32 21.34] | 0.07716842194589221
0.15585632112691417 | [ 9.63 22.35] | 0.21145723424026333
0.058851528350256435 | [ 8.73 23.04] | 0.3446646534145619
-0.038168786486674294 | [ 7.65 23.45] | 0.47308244602816035
-0.134749451546599 | [ 6.44 23.61] | 0.5939599089821535
-0.2305769564987868 | [ 5.13 23.56] | 0.7052511456858759
-0.3254234854589334 | [ 3.76 23.32] | 0.8054641770198526
-0.41912146269157574 | [ 2.34 22.93] | 0.8936413912703833
-0.5115471329556169 | [ 0.91 22.4 ] | 0.9531966410337326
-0.6008963575260342 | [-0.67 21.36] | 0.6762330736414959
-0.6576533223713609 | [-4.25 13.33] | 0.021571730038233445
-0.6572221558058037 | [-7.43  3.85] | -0.7033570758113573
-0.6020206862803249 | [-10.14  -5.23] | -0.9640700560777671
-0.5214719583617943 | [-11.39  -8.98] | -0.8533876165752204
-0.43499340413368315 | [-12.29 -11.66] | -0.7112871663968238
-0.34290331231948723 | [-12.95 -13.62] | -0.5276285127604907
-0.24628371796876009 | [-13.33 -15.02] | -0.3152760761949112
-0.1461615147717801 | [-13.25 -15.88] | -0.08691386381694399
-0.0436106585581337 | [-12.67 -16.2 ] | 0.14808073415965617
0.060406246637711006 | [-11.66 -16.08] | 0.3825638542414126
0.16515771710013602 | [-10.33 -15.6 ] | 0.6112609384235352
0.27011896000581925 | [ -8.76 -14.83] | 0.8300070650719437
0.3748902999466472 | [ -7.   -13.82] | 1.0349269068751934
0.47912151996741686 | [ -5.12 -12.6 ] | 1.2216409464758287
0.5824636978663073 | [ -3.12 -11.21] | 1.3839256461557774
0.6845558978698121 | [-1.05 -9.67] | 1.5150739043726416
0.7850152439951916 | [ 1.05 -8.02] | 1.426160607347598
0.8621570775535724 | [ 3.33 -5.21] | 1.054657601887669
0.8995875613536628 | [ 4.98 -2.86] | 0.5377415737739586
0.8984699138896598 | [ 6.22 -0.4 ] | -0.04886230205725424
0.8598632058982435 | [7.4  2.87] | -0.4239931703490833
0.7971010591026866 | [8.54 6.99] | -0.5287050059477141
0.7231681820928647 | [ 9.42 10.19] | -0.5270724522415394
0.6417196695210129 | [10.2  13.04] | -0.4591182724055539
0.5552352006302753 | [10.76 15.59] | -0.35632087644667704
0.4650851640832915 | [11.02 17.79] | -0.23671301397192587
0.372078465234617 | [10.96 19.61] | -0.10726955153367337
0.2769518325344766 | [10.59 21.06] | 0.028221950579032463
0.18047144188937478 | [ 9.95 22.15] | 0.16604462257753536
0.08335673167725148 | [ 9.08 22.91] | 0.3023992048179289
-0.013802060199083411 | [ 8.04 23.39] | 0.4339650529499346
-0.11056721641765638 | [ 6.86 23.61] | 0.5581465022118276
-0.20662723055328994 | [ 5.58 23.62] | 0.6729688499903557
-0.30175322782988273 | [ 4.22 23.43] | 0.7769396185845212
-0.39577190417379154 | [ 2.82 23.08] | 0.8690670628756116
-0.4885566626035002 | [ 1.39 22.59] | 0.9487297984876969
-0.580001864412127 | [-0.05 21.98] | 0.8161005368856685
-0.6510451766154245 | [-2.88 16.73] | 0.2848488972662562
-0.6729159327611473 | [-6.3   7.35] | -0.465400235308309
-0.6365696672174604 | [-9.14 -2.11] | -0.814700688634614
-0.5691164202818886 | [-10.62  -6.69] | -0.7849221491258493
-0.49102867669798184 | [-11.73 -10.  ] | -0.7030482802914038
-0.40400377469489446 | [-12.56 -12.42] | -0.5590765019074452
-0.3104376594343472 | [-13.09 -14.13] | -0.3704678337513953
-0.21227203917474935 | [-13.16 -15.2 ] | -0.15669293111809715
-0.11107982510848627 | [-12.73 -15.69] | 0.06880557398512371
-0.00812072117658584 | [-11.86 -15.68] | 0.29638022067313413
0.09566562477516717 | [-10.64 -15.28] | 0.5190693612981927
0.1996043923849169 | [ -9.16 -14.56] | 0.7316345678845094
0.3031927065456446 | [ -7.5  -13.59] | 0.9296308826393554
0.4060131233881074 | [ -5.69 -12.4 ] | 1.1085369646466707
0.5076810310790738 | [ -3.77 -11.03] | 1.2627960208220133
0.6078446909047893 | [-1.78 -9.52] | 1.3873487337112076
0.7061797083991785 | [ 0.24 -7.91] | 1.367139552974568
0.7883107578485715 | [ 2.59 -5.28] | 1.0784316898428465
0.8353280340459982 | [ 4.62 -2.58] | 0.5729218735192853
0.84102982197417 | [6.16 0.15] | 0.027244805848099202
0.8098506859702267 | [7.47 3.95] | -0.2928411433845403
0.7556307613189237 | [8.47 7.66] | -0.4050917772766659
0.6881275638835783 | [ 9.32 10.72] | -0.4212496622279549
0.6110738455919721 | [10.08 13.51] | -0.3706045155725193
0.5273570924989278 | [10.64 16.02] | -0.28241639424881776
0.43875899725565953 | [10.88 18.17] | -0.17298695808883968
0.3465168522122709 | [10.79 19.95] | -0.0498989761710059
0.25172293620581454 | [10.38 21.34] | 0.0815996073560678
0.1553865034020613 | [ 9.71 22.38] | 0.2164948161849482
0.05836369402124501 | [ 8.81 23.08] | 0.35020032238452664
-0.038693335046972366 | [ 7.73 23.49] | 0.47903096369023046
-0.13532517394493643 | [ 6.52 23.66] | 0.6002459045334347
-0.23121449888497325 | [ 5.21 23.62] | 0.7118089448761379
-0.32613098996699547 | [ 3.84 23.39] | 0.8122340988905292
-0.41990501683578857 | [ 2.42 23.  ] | 0.9005729093532542
-0.5124123822381865 | [ 0.98 22.47] | 0.9724813829998658
-0.6031490600606293 | [-0.5  21.72] | 0.7380255931052832
-0.6651355963786095 | [-3.87 14.46] | 0.11190365652956295
-0.6721659073680809 | [-7.08  5.04] | -0.6314830973309242
-0.6232908896774796 | [-9.81 -4.19] | -0.9278388618772622
-0.5470328308545865 | [-11.15  -8.24] | -0.8459424225149054
-0.46323610359934897 | [-12.13 -11.14] | -0.7249377882013815
-0.37274562506263514 | [-12.86 -13.27] | -0.555195228967469
-0.2771004521563828 | [-13.3  -14.78] | -0.35141664371310677
-0.1776141158834001 | [-13.28 -15.72] | -0.128434510615898
-0.07550853137310035 | [-12.76 -16.12] | 0.10317812104545351
0.02816475640795349 | [-11.81 -16.05] | 0.33550529560090153
0.13261010659317016 | [-10.53 -15.61] | 0.562721176004171
0.23725623030183537 | [ -9.   -14.87] | 0.7803030927972213
0.3416717202140742 | [ -7.28 -13.88] | 0.9841820469697322
0.4454856292807567 | [ -5.43 -12.68] | 1.1699385317038702
0.54833680827034 | [ -3.46 -11.31] | 1.3315630510161882
0.649865117011395 | [-1.43 -9.78] | 1.4627828038534958
0.749704021477237 | [ 0.65 -8.14] | 1.4110190082076262
0.8295738533357231 | [ 2.99 -5.38] | 1.0865925497295474
0.8722426184575905 | [ 4.8  -2.89] | 0.5830966810908407
0.8755045983983457 | [ 6.17 -0.33] | 0.005532928738940987
0.8408175032161715 | [7.39 3.05] | -0.3660306045580902
0.7814713449906753 | [8.51 7.11] | -0.47844054157885335
0.7100573618609476 | [ 9.39 10.29] | -0.4857032298528044
0.6303142590758751 | [10.16 13.13] | -0.42485444223911434
0.5449134307299858 | [10.73 15.69] | -0.3270793088584625
0.4554022282368536 | [11.   17.89] | -0.21060024052067303
0.3627390834576057 | [10.94 19.71] | -0.08291102117180238
0.2677759923530814 | [10.57 21.16] | 0.0516396362900038
0.1713602318381065 | [ 9.92 22.25] | 0.18888759876987551
0.07426259201842543 | [ 9.05 23.01] | 0.32474794040758204
-0.02289755216883721 | [ 7.99 23.47] | 0.4557486262556692
-0.11966737889077808 | [ 6.8  23.68] | 0.579223804414966
-0.21572781069730848 | [ 5.51 23.68] | 0.6931683514254569
-0.31084599688406106 | [ 4.15 23.48] | 0.7960862578381361
-0.4048473466171126 | [ 2.74 23.12] | 0.8870036441915814
-0.4976053396997471 | [ 1.3  22.62] | 0.965322929203942
-0.5890146184874856 | [-0.15 21.99] | 0.809438608065474
-0.6582109569144335 | [-3.11 16.29] | 0.25464243369264394
-0.677018453530141 | [-6.46  6.91] | -0.4989631859666786
-0.6381223533238887 | [-9.26 -2.51] | -0.8406644202337582
-0.5688598797204896 | [-10.72  -7.  ] | -0.8014362173114837
-0.4895892167511416 | [-11.8  -10.23] | -0.7124297241365165
-0.4018456076611563 | [-12.61 -12.6 ] | -0.5638433271603803
-0.30785442033678206 | [-13.13 -14.28] | -0.372706314576439
-0.20942545532670742 | [-13.19 -15.33] | -0.1575303863722964
-0.1080569591939271 | [-12.74 -15.8 ] | 0.06886495896809847
-0.004965548266372036 | [-11.85 -15.78] | 0.29718965462744573
0.09893782046263663 | [-10.63 -15.38] | 0.5206980311416927
0.20299848841651874 | [ -9.14 -14.66] | 0.734278291431016
0.30672717002926636 | [ -7.47 -13.68] | 0.9335435421559731
0.4097147431690488 | [ -5.65 -12.49] | 1.1139686385840932
0.5115801193601556 | [ -3.73 -11.13] | 1.2698812777926192
0.6119691250569944 | [-1.73 -9.61] | 1.395992459525884
0.7105492001241573 | [ 0.29 -7.99] | 1.37287626945001
0.7924095071589866 | [ 2.65 -5.34] | 1.081795612485394
0.838927234830815 | [ 4.65 -2.65] | 0.579400305351131
0.8444736862579414 | [6.17 0.06] | 0.029175319906094482
0.8128962255456517 | [7.47 3.8 ] | -0.2996931859716293
0.7579458071232007 | [8.5  7.57] | -0.4119062306313462
0.6899057509286284 | [ 9.34 10.65] | -0.42668900614120325
0.6125022920897336 | [10.11 13.45] | -0.37435055762564595
0.5285902554098799 | [10.67 15.97] | -0.2845082545932851
0.43991175798134624 | [10.92 18.13] | -0.17384072837450745
0.3476540471209582 | [10.84 19.92] | -0.049931562589006426
0.2528668888746 | [10.44 21.33] | 0.08212430101392593
0.15653319518144365 | [ 9.77 22.37] | 0.21745420030316487
0.059498166308868616 | [ 8.87 23.09] | 0.3515466303825327
-0.03758728143205797 | [ 7.8  23.52] | 0.4807413556233621
-0.13426112041471822 | [ 6.59 23.69] | 0.6023034835384027
-0.2302031433792875 | [ 5.29 23.65] | 0.7141999609136575
-0.32518098848971794 | [ 3.91 23.43] | 0.8149425034780509
-0.41902299954201416 | [ 2.49 23.04] | 0.9035818019968214
-0.5116041915382153 | [ 1.05 22.52] | 0.9795341909486595
-0.6028184938343921 | [-0.4  21.87] | 0.7679498818160886
-0.6673189918423047 | [-3.66 15.04] | 0.15918408104833925
-0.6781697074007378 | [-6.89  5.65] | -0.5921008918371138
-0.6325523472299396 | [-9.62 -3.65] | -0.9057965660946964
-0.5585559420559335 | [-11.01  -7.85] | -0.8385741523026535
-0.47620671122653674 | [-12.02 -10.86] | -0.7286077197221377
-0.3865900675120822 | [-12.78 -13.07] | -0.5662385544801758
-0.2914734628958337 | [-13.25 -14.65] | -0.36698519759743337
-0.19232753721279222 | [-13.27 -15.63] | -0.1468371936451315
-0.09045950209194777 | [-12.78 -16.05] | 0.08295022161169505
0.013027914753469289 | [-11.85 -16.01] | 0.314027863382223
0.11730279021741534 | [-10.59 -15.59] | 0.5402661453967229
0.22176753476570166 | [ -9.08 -14.86] | 0.7569434845744821
0.3259725626979667 | [ -7.39 -13.88] | 0.95988065384637
0.4295349060313979 | [ -5.55 -12.69] | 1.1446199426747203
0.5320866469218191 | [ -3.6  -11.32] | 1.3052461166089737
0.6332686098291761 | [-1.58 -9.8 ] | 1.435759464081007
0.7327241059663351 | [ 0.48 -8.16] | 1.400133580250675
0.8138111510798797 | [ 2.84 -5.45] | 1.0959021270660116
0.8587868411839666 | [ 4.73 -2.88] | 0.5976565717147277
0.8638646893125851 | [ 6.15 -0.26] | 0.026955320104507942
0.8309446236587932 | [7.41 3.2 ] | -0.3380288716800544
0.7733485238999402 | [8.51 7.2 ] | -0.4527959246323305
0.7032626166016631 | [ 9.38 10.36] | -0.4640454049496779
0.6244371726935074 | [10.15 13.19] | -0.40668923162765847
0.5396296745018611 | [10.73 15.75] | -0.31153702476549033
0.4504729586313915 | [11.   17.95] | -0.19672584312608415
0.3580032773579672 | [10.93 19.77] | -0.06996132222515572
0.26313422076261433 | [10.56 21.22] | 0.06411992376226007
0.16675665879652574 | [ 9.91 22.31] | 0.20111112380514318
0.06966912328449062 | [ 9.04 23.07] | 0.336768118379199
-0.027492995217634 | [ 7.98 23.53] | 0.4675315590851774
-0.12426826074017977 | [ 6.78 23.73] | 0.5906930828504381
-0.22033305129860062 | [ 5.48 23.72] | 0.7042283218402517
-0.3154520442129845 | [ 4.11 23.52] | 0.8066383673725528
-0.4094498235397354 | [ 2.7  23.15] | 0.8969590229975536
-0.5021999278937138 | [ 1.25 22.64] | 0.9746064240169126
-0.5935972590163333 | [-0.2 22. ] | 0.8077053591692089
-0.6619466915704758 | [-3.21 16.09] | 0.24171041139100397
-0.6793460108233027 | [-6.53  6.71] | -0.5135333309321282
-0.6392969893118858 | [-9.31 -2.68] | -0.8519649913443986
-0.5692292853159836 | [-10.76  -7.13] | -0.8086054010842955
-0.489440235061643 | [-11.83 -10.33] | -0.7165476750089357
-0.4013865951675019 | [-12.64 -12.68] | -0.5660516802678373
-0.3072152093207298 | [-13.14 -14.34] | -0.3739322373908598
-0.2086773645588124 | [-13.19 -15.38] | -0.1582631653676002
-0.10723876443741998 | [-12.74 -15.85] | 0.06841502892394283
-0.004097451050893094 | [-11.85 -15.83] | 0.29696869155854005
0.09984791630478008 | [-10.62 -15.42] | 0.5207442684749091
0.20395127829938844 | [ -9.13 -14.7 ] | 0.7346826097480668
0.3077290981665218 | [ -7.46 -13.73] | 0.9344200940123685
0.41077572128320583 | [ -5.64 -12.54] | 1.1154274347350797
0.5127115644686033 | [ -3.71 -11.17] | 1.2719832608446835
0.6131816221742464 | [-1.71 -9.65] | 1.3987108787699927
0.7118502573737051 | [ 0.32 -8.03] | 1.3744553711374807
0.7935824653926795 | [ 2.68 -5.36] | 1.0824723418602542
0.8398657302174088 | [ 4.67 -2.68] | 0.5814545393916565
0.8453072181899611 | [6.18 0.03] | 0.030221544879886493
0.8135621234501106 | [7.48 3.75] | -0.3012193089981564
0.7583499585101401 | [8.51 7.55] | -0.413257201671087
0.6901236426449914 | [ 9.36 10.63] | -0.4274442750531611
0.6126056414908849 | [10.12 13.43] | -0.37446232340528396
0.52863631369668 | [10.69 15.95] | -0.28402912929207175
0.43994146466215484 | [10.94 18.12] | -0.17293831094335693
0.3476889635762464 | [10.86 19.91] | -0.04876470202478849
0.2529124534360065 | [10.46 21.32] | 0.08345667652748465
0.15658509567239848 | [ 9.8  22.38] | 0.2189068553134169
0.059548357079237765 | [ 8.9 23.1] | 0.35310226314025905
-0.03754682760486794 | [ 7.83 23.52] | 0.4823914509608336
-0.13423698939565154 | [ 6.62 23.7 ] | 0.6040412061974482
-0.23020048690429054 | [ 5.32 23.67] | 0.7160193635153543
-0.3252039585099635 | [ 3.94 23.45] | 0.8168365330251636
-0.41907477195898685 | [ 2.52 23.06] | 0.9055429533512599
-0.5116874784427167 | [ 1.08 22.54] | 0.9815566669765531
-0.6029360087900075 | [-0.38 21.89] | 0.7751354612160671
-0.6679660748902497 | [-3.59 15.18] | 0.17045966350230798
-0.6797126227992292 | [-6.83  5.79] | -0.5833651724151799
-0.6348443010821209 | [-9.57 -3.52] | -0.9013104559416578
-0.5613694251431538 | [-10.96  -7.76] | -0.8374621386148537
-0.4793569747016243 | [-11.98 -10.8 ] | -0.7300648879227365
-0.3899440668136567 | [-12.75 -13.03] | -0.5694182251488193
-0.2949496633409193 | [-13.23 -14.62] | -0.371219029049195
-0.19588167273877086 | [-13.25 -15.61] | -0.15172397870393
-0.09406854437824097 | [-12.77 -16.04] | 0.0776444334322417
0.009374011873107182 | [-11.85 -16.  ] | 0.3084275829085764
0.11360487769662427 | [-10.59 -15.58] | 0.534418527931662
0.21801971023777417 | [ -9.09 -14.86] | 0.7508440096114435
0.32216407596650765 | [ -7.4  -13.88] | 0.9534946570807263
0.4256515892372128 | [ -5.56 -12.69] | 1.137894562265778
0.5281123703839905 | [ -3.62 -11.32] | 1.298141379332046
0.6291875048995099 | [-1.6 -9.8] | 1.4283190344163104
0.7285230501798005 | [ 0.45 -8.16] | 1.3951982452819267
0.8097272039878357 | [ 2.81 -5.45] | 1.0940320191752426
0.8549470057900873 | [ 4.72 -2.86] | 0.5964876028697519
0.8601402129294808 | [ 6.16 -0.22] | 0.029168724364805658
0.8274366573211726 | [7.43 3.28] | -0.3307773976740387
0.7702170190666419 | [8.52 7.26] | -0.4450140955192746
0.7004320930147913 | [ 9.38 10.4 ] | -0.45663336293927603
0.6218241831641553 | [10.15 13.23] | -0.39983348514355094
0.5371633569967129 | [10.73 15.78] | -0.3052652324410906
0.448095823268785 | [11.   17.98] | -0.19089653528453837
0.3556754001320788 | [10.93 19.8 ] | -0.06442657224437479
0.2608316300372352 | [10.56 21.25] | 0.06944820406472973
0.1644669110133387 | [ 9.91 22.33] | 0.20626166213877417
0.06738671662291475 | [ 9.03 23.08] | 0.34173385278439117
-0.029770005032909157 | [ 7.97 23.54] | 0.47229034357048993
-0.12654021663715548 | [ 6.77 23.74] | 0.595218565698249
-0.222599601192817 | [ 5.47 23.73] | 0.7084939321698696
-0.31771249673822466 | [ 4.1  23.52] | 0.8106203710433073
-0.41170344447203483 | [ 2.68 23.15] | 0.9006385453223645
-0.5044459748789586 | [ 1.24 22.63] | 0.9779684127465224
-0.5958349051759871 | [-0.22 21.99] | 0.8060734471277722
-0.6638256001961751 | [-3.25 15.99] | 0.23454677293125104
-0.6806137463220372 | [-6.56  6.62] | -0.5221164007558287
-0.6400423041443382 | [-9.33 -2.77] | -0.8591483047065513
-0.5696028806988863 | [-10.77  -7.2 ] | -0.8137890629417366
-0.4895706275355702 | [-11.83 -10.39] | -0.7202740567820834
-0.40136820260239814 | [-12.64 -12.72] | -0.5688426921662604
-0.3071072162176752 | [-13.15 -14.38] | -0.3761954198078912
-0.20851237861363656 | [-13.19 -15.41] | -0.16020279945294497
-0.10703455758653174 | [-12.74 -15.88] | 0.06671910738666956
-0.003863130119205551 | [-11.85 -15.86] | 0.2955055921616128
0.10010913466316934 | [-10.61 -15.45] | 0.5195443262130022
0.20424033921431028 | [ -9.13 -14.73] | 0.7338003535948024
0.30804973460916363 | [ -7.45 -13.76] | 0.933921182789484
0.4111333650235414 | [ -5.63 -12.57] | 1.1153756045969365
0.5131123936333323 | [ -3.7 -11.2] | 1.2724149105842062
0.6136313244488931 | [-1.7  -9.68] | 1.3996108202074198
0.7123527863669632 | [ 0.33 -8.05] | 1.3751748807720996
0.7940492800304622 | [ 2.69 -5.38] | 1.0833377979800425
0.8402669876745633 | [ 4.67 -2.7 ] | 0.58352987670785
0.8457203475388888 | [6.19 0.01] | 0.031499371933496216
0.8139221676739495 | [7.48 3.71] | -0.3021615099248606
0.7585614580715747 | [8.52 7.53] | -0.41425799079514647
0.6902262167519457 | [ 9.37 10.61] | -0.42815164793558746
0.6126379344799104 | [10.13 13.42] | -0.37476805317725503
0.5286307767561695 | [10.7  15.94] | -0.28390178180052805
0.4399230970068366 | [10.95 18.11] | -0.17246155233589378
0.34767155435802655 | [10.87 19.9 ] | -0.048039279894867074
0.25289967815502795 | [10.48 21.32] | 0.08435946389284321
0.15657429532154987 | [ 9.82 22.38] | 0.2199475767707931
0.0595344185830156 | [ 8.92 23.1 ] | 0.3542590134080012
-0.0375689735196682 | [ 7.85 23.53] | 0.483648252784746
-0.13427140565492837 | [ 6.64 23.72] | 0.6053838560174682
-0.23025023905220243 | [ 5.34 23.68] | 0.7174352803690478
-0.3252714317384301 | [ 3.96 23.46] | 0.8183137804448888
-0.41916175077929524 | [ 2.54 23.08] | 0.9070708679626291
-0.5117955255272297 | [ 1.1  22.55] | 0.9831272828223081
-0.6030667864903535 | [-0.36 21.9 ] | 0.7801688119219203
-0.6684489322407204 | [-3.55 15.28] | 0.17827961138299342
-0.6807934636979492 | [-6.8   5.89] | -0.5771664403014453
-0.636431174239603 | [-9.53 -3.44] | -0.8979910219146858
-0.5633112644482935 | [-10.93  -7.69] | -0.8364633330382069
-0.48152957333518936 | [-11.96 -10.75] | -0.7308395246144307
-0.39225734810590135 | [-12.73 -13.  ] | -0.5713904680893489
-0.2973482329048526 | [-13.21 -14.6 ] | -0.3739335541770343
-0.19833547730042272 | [-13.24 -15.59] | -0.15490831749462572
-0.09656197383315274 | [-12.76 -16.03] | 0.07414874645961073
0.006847693562208414 | [-11.85 -16.  ] | 0.30470425248101457
0.11104605845015911 | [-10.59 -15.58] | 0.5304979148395776
0.21542407566081337 | [ -9.09 -14.85] | 0.7467204908261583
0.31952391865919455 | [ -7.4  -13.88] | 0.9491415079934209
0.42295680740290387 | [ -5.57 -12.69] | 1.1332724185100371
0.5253515133542891 | [ -3.63 -11.32] | 1.2932214186894584
0.6263493776846254 | [-1.61 -9.8 ] | 1.4231336617353578
0.725598493461613 | [ 0.44 -8.16] | 1.3916843430349002
0.8068788089036523 | [ 2.8  -5.45] | 1.0925467746351867
0.8522582962124954 | [ 4.72 -2.84] | 0.5954032806548477
0.8575176649736268 | [ 6.17 -0.19] | 0.03055702114988189
0.8249601219820583 | [7.44 3.34] | -0.32566827441021023
0.7680088722306279 | [8.53 7.3 ] | -0.43950888158815227
0.6984384235784636 | [ 9.39 10.43] | -0.45138303897769666
0.6199856438777244 | [10.16 13.26] | -0.3949862026329767
0.5354292719534899 | [10.73 15.8 ] | -0.30085146358980797
0.4464248846558567 | [11. 18.] | -0.1868171960687538
0.3540390422095082 | [10.93 19.82] | -0.06057454351005292
0.25921295466079197 | [10.56 21.26] | 0.07313777118840639
0.1628574168402662 | [ 9.9  22.34] | 0.20981100442240944
0.06578287452977996 | [ 9.02 23.09] | 0.3451396884593276
-0.03136926398489871 | [ 7.96 23.55] | 0.4755388680447914
-0.1281349234772597 | [ 6.76 23.75] | 0.5982931467474127
-0.22418937737235878 | [ 5.46 23.73] | 0.7113777740484638
-0.31929677754379726 | [ 4.09 23.52] | 0.8132986153248554
-0.4132816708644735 | [ 2.67 23.15] | 0.9030995534274856
-0.5060175860350206 | [ 1.22 22.63] | 0.9802028850070167
-0.5973992617888422 | [-0.24 21.99] | 0.8045764390907201
-0.6651176978081879 | [-3.28 15.92] | 0.2289689983274279
-0.6814411643941573 | [-6.58  6.54] | -0.5286100975681669
-0.6404718818380213 | [-9.34 -2.84] | -0.8644762982713015
-0.5697495905736073 | [-10.78  -7.25] | -0.8175600074013153
-0.4895323200132965 | [-11.84 -10.43] | -0.7229066418511215
-0.4012166509880692 | [-12.64 -12.75] | -0.5707407130667802
-0.30688729927582903 | [-13.15 -14.41] | -0.3776732929734343
-0.20824877650500728 | [-13.2  -15.44] | -0.16142023971416827
-0.1067406719305423 | [-12.74 -15.9 ] | 0.06569674914577382
-0.003545741618763379 | [-11.85 -15.88] | 0.2946658659245577
0.10044777523636787 | [-10.61 -15.47] | 0.5189070039844711
0.204601199377521 | [ -9.12 -14.75] | 0.7334044727365565
0.308435953419033 | [ -7.45 -13.78] | 0.9338149695133363
0.4115494243264348 | [ -5.63 -12.59] | 1.1156067335771807
0.5135633781002762 | [ -3.7  -11.22] | 1.2730108719357376
0.614121942657464 | [-1.7 -9.7] | 1.4005585547265278
0.7128863779258882 | [ 0.34 -8.07] | 1.3759050575752265
0.7945537174973315 | [ 2.7  -5.39] | 1.084061101286561
0.8407167277963824 | [ 4.68 -2.72] | 0.5850924047736037
0.8461762945926039 | [ 6.19 -0.01] | 0.03233369635441977
0.8143321795068496 | [7.48 3.68] | -0.30314938791560203
0.7588490346190501 | [8.52 7.51] | -0.4153155471796731
0.6904228565912923 | [ 9.37 10.6 ] | -0.4289871676942154
0.6127747387712531 | [10.14 13.4 ] | -0.37529324393531976
0.5287339608874381 | [10.71 15.93] | -0.284090098995639
0.4400130706766978 | [10.96 18.1 ] | -0.17237766457340162
0.34775997117534885 | [10.88 19.9 ] | -0.04776127484852289
0.2529902441950406 | [10.49 21.32] | 0.08477672719835286
0.15666565352101885 | [ 9.83 22.38] | 0.22047443305564696
0.05962313458406322 | [ 8.94 23.11] | 0.35487978497070166
-0.03748646126516887 | [ 7.87 23.54] | 0.48435206828662036
-0.1341980012107735 | [ 6.66 23.72] | 0.6061612317449592
-0.23018815249613583 | [ 5.36 23.69] | 0.718277884626953
-0.32522239302740985 | [ 3.98 23.47] | 0.8192136362467728
-0.41912705787581456 | [ 2.56 23.09] | 0.9080207453852581
-0.5117763166132195 | [ 1.11 22.56] | 0.9841218026831097
-0.6030642778668817 | [-0.34 21.91] | 0.7838790162232833
-0.668714924306254 | [-3.52 15.35] | 0.18424386642617321
-0.6815155466988393 | [-6.77  5.96] | -0.5722954540107755
-0.6375400194846751 | [-9.51 -3.37] | -0.895253143739394
-0.5646919311645903 | [-10.91  -7.64] | -0.8354879858677375
-0.4830871739245561 | [-11.94 -10.72] | -0.7312092832544197
-0.39392294051799714 | [-12.72 -12.97] | -0.5726674890460557
-0.2990793419371285 | [-13.2  -14.58] | -0.37577168281080875
-0.20010904732283002 | [-13.23 -15.58] | -0.15710221169748387
-0.09836600911014826 | [-12.76 -16.02] | 0.07171679506537551
0.005018415894161611 | [-11.84 -15.99] | 0.3020951063514701
0.10919193313924522 | [-10.6  -15.57] | 0.5277322182899851
0.21354193216455467 | [ -9.09 -14.85] | 0.7437918939682693
0.3176080261330839 | [ -7.41 -13.87] | 0.9460279709317253
0.42099964492376785 | [ -5.58 -12.68] | 1.1299429245080321
0.5233445745910985 | [ -3.64 -11.31] | 1.2896541406815956
0.6242843904659923 | [-1.62 -9.79] | 1.4193534953505178
0.7234687582377355 | [ 0.42 -8.16] | 1.3891074362627673
0.8048051779459189 | [ 2.78 -5.45] | 1.0914178951121303
0.8503016870338659 | [ 4.71 -2.83] | 0.5945114827323944
0.8556069631253317 | [ 6.17 -0.17] | 0.03150325526739253
0.8231571492078679 | [7.45 3.38] | -0.32193696840812064
0.7664067240784648 | [8.53 7.32] | -0.43549282113792315
0.6969961875797499 | [ 9.39 10.46] | -0.4475635425755484
0.6186587231122025 | [10.16 13.28] | -0.39147639623318176
0.5341795743814463 | [10.73 15.82] | -0.2976755127209801
0.4452214144485166 | [11.   18.01] | -0.18390016702363277
0.35286053047616445 | [10.93 19.83] | -0.05783477881309702
0.2580470375849574 | [10.55 21.27] | 0.07575019315420262
0.161698095401238 | [ 9.9  22.35] | 0.21231391749690331
0.06462785477542486 | [ 9.02 23.1 ] | 0.3475318379401134
-0.03252050667335663 | [ 7.95 23.55] | 0.47781124753684634
-0.1292822187797656 | [ 6.75 23.75] | 0.6004347046541052
-0.2253323130337574 | [ 5.45 23.73] | 0.7133773017916314
-0.32043484382687765 | [ 4.08 23.52] | 0.8151462812177755
-0.41441439233762745 | [ 2.66 23.14] | 0.904787765641448
-0.507144495750337 | [ 1.21 22.62] | 0.9817255611091333
-0.5985198286984613 | [-0.25 21.98] | 0.8032311434401566
-0.6660249529594401 | [-3.31 15.86] | 0.22453571001788114
-0.6819842210085778 | [-6.6   6.48] | -0.5336261643984186
-0.6407031453100869 | [-9.36 -2.9 ] | -0.8685053637750595
-0.5697594062193774 | [-10.79  -7.29] | -0.820347315256269
-0.4893973715212081 | [-11.85 -10.46] | -0.7247826926523838
-0.40099310929965637 | [-12.65 -12.78] | -0.5720260708416827
-0.3066102194837887 | [-13.15 -14.43] | -0.3786174455492261
-0.20793740669976518 | [-13.2  -15.46] | -0.1621517884374417
-0.10640542470525705 | [-12.74 -15.92] | 0.06512287589936028
-0.003191822426215324 | [-11.84 -15.9 ] | 0.29423653322840326
0.10081873878406675 | [-10.61 -15.49] | 0.5186349366718156
0.20499013119611634 | [ -9.12 -14.77] | 0.733318084376046
0.3088455092091222 | [ -7.44 -13.79] | 0.9339503688604358
0.41198334391053026 | [ -5.62 -12.6 ] | 1.1160002661442399
0.5140258969939789 | [ -3.69 -11.24] | 1.273683668028908
0.6146170028822077 | [-1.69 -9.72] | 1.4014993275570318
0.7134168222555886 | [ 0.34 -8.09] | 1.376609901724444
0.7950594890645513 | [ 2.71 -5.41] | 1.08466326421404
0.8411754357070493 | [ 4.68 -2.73] | 0.5862800101885942
0.846636664142359 | [ 6.19 -0.02] | 0.0328678179378542
0.8147521258396526 | [7.48 3.65] | -0.3041185942841014
0.759166905882537 | [8.53 7.49] | -0.4163547905426158
0.6906641653556143 | [ 9.38 10.59] | -0.429853792089234
0.6129649352779999 | [10.15 13.39] | -0.37591553056855337
0.5288945410076098 | [10.71 15.92] | -0.2844466666850754
0.44016088386866836 | [10.97 18.1 ] | -0.17251980504412456
0.3479049002033811 | [10.89 19.9 ] | -0.04775061467450628
0.2531358300794652 | [10.5  21.32] | 0.08489732599762936
0.15681134150644016 | [ 9.84 22.38] | 0.22068237823600156
0.05976660932555562 | [ 8.95 23.11] | 0.3551638202663878
-0.037347732588707064 | [ 7.88 23.55] | 0.4847048900427708
-0.1340661250276887 | [ 6.67 23.73] | 0.6065766432328569
-0.23006474905850355 | [ 5.37 23.7 ] | 0.7187505132643833
-0.32510874080799546 | [ 3.99 23.48] | 0.8197382682237989
-0.41902412034003367 | [ 2.57 23.1 ] | 0.9085925592747776
-0.511684940306449 | [ 1.12 22.57] | 0.9847372313364736
-0.6029853704472258 | [-0.33 21.92] | 0.7866534975360084
-0.6688441363494746 | [-3.5  15.41] | 0.18885974662457983
-0.6819983605372721 | [-6.75  6.02] | -0.5684229043746705
-0.6383231222385677 | [-9.49 -3.32] | -0.8929866089924301
-0.5656863690270711 | [-10.89  -7.61] | -0.834580212141281
-0.48421928620335386 | [-11.93 -10.69] | -0.7313366094836017
-0.3951391416132883 | [-12.71 -12.95] | -0.5734918066168793
-0.3003465721358133 | [-13.2  -14.57] | -0.3770258465572949
-0.20140935135018057 | [-13.22 -15.57] | -0.15862910022818258
-0.09969002558115642 | [-12.75 -16.02] | 0.07000595290831615
0.0036748016297442274 | [-11.84 -15.99] | 0.30024519336861577
0.1078291073095412 | [-10.6  -15.57] | 0.5257573256378071
0.21215753564599668 | [ -9.1  -14.85] | 0.7416855535584466
0.3161977369322978 | [ -7.41 -13.87] | 0.9437718686149567
0.4195577800594084 | [ -5.58 -12.68] | 1.1275122805255824
0.5218647158762798 | [ -3.64 -11.31] | 1.287032044027048
0.6227603229185873 | [-1.63 -9.79] | 1.4165591230822816
0.7218954913118083 | [ 0.41 -8.16] | 1.3871936292132236
0.803273980957192 | [ 2.77 -5.45] | 1.0905532551592436
0.8488578126099338 | [ 4.71 -2.82] | 0.5937790152769756
0.8541956049854841 | [ 6.18 -0.15] | 0.03215171868152389
0.8218264506237069 | [7.46 3.42] | -0.31917448023901096
0.7652283554531113 | [8.53 7.35] | -0.43252204973308284
0.695938718240532 | [ 9.39 10.47] | -0.444746556674536
0.6176881648523236 | [10.16 13.29] | -0.3889003971521489
0.5332668977692182 | [10.73 15.84] | -0.29535969042345406
0.4443430404496859 | [11.   18.02] | -0.18178698871692328
0.3520004006361088 | [10.93 19.84] | -0.05586109878676896
0.25719597720377346 | [10.55 21.28] | 0.07762334168583473
0.16085181864352904 | [ 9.89 22.36] | 0.21410097536782796
0.06378487598275456 | [ 9.01 23.1 ] | 0.34923273523185255
-0.03336038242511295 | [ 7.95 23.55] | 0.4794200967060166
-0.13011871821254353 | [ 6.75 23.75] | 0.6019441012786569
-0.2261650259023821 | [ 5.44 23.73] | 0.7147796878410171
-0.3212633160805463 | [ 4.07 23.52] | 0.8164350862328337
-0.41523821799521116 | [ 2.65 23.14] | 0.9059579970206585
-0.507963282956759 | [ 1.2  22.62] | 0.9827732024450253
-0.5993331337034379 | [-0.26 21.98] | 0.8020494917131873
-0.6666693876613341 | [-3.33 15.82] | 0.2209886531017892
-0.6823403209737191 | [-6.61  6.43] | -0.5375399066545241
-0.6408124499780363 | [-9.37 -2.94] | -0.8715875223075842
-0.5696935801300378 | [-10.8   -7.33] | -0.8224323983802357
-0.4892171051392144 | [-11.85 -10.48] | -0.7261335429221358
-0.4007428151675768 | [-12.65 -12.8 ] | -0.5728990873630707
-0.3063175742583443 | [-13.15 -14.45] | -0.3792122264277501
-0.2076175879611592 | [-13.2  -15.47] | -0.1625725567204442
-0.10606661535338094 | [-12.74 -15.93] | 0.06483002301396051
Total reward: 243.79491437917605
