1.1, -2.9, 3.7, -0.8, 1.0, -0.9, 6.0, 0.8, 4.1
parameter ends

state | action | reward
[-0.46] | 0 | -1.0
-0.4654654562473297 | 0 | -1.0
-0.46834370493888855 | 0 | -1.0
-0.4726344645023346 | 0 | -1.0
-0.47830599546432495 | 0 | -1.0
-0.4853161573410034 | 0 | -1.0
-0.49361279606819153 | 0 | -1.0
-0.5031340718269348 | 0 | -1.0
-0.5138086676597595 | 0 | -1.0
-0.525556743144989 | 0 | -1.0
-0.5382900834083557 | 0 | -1.0
-0.551913321018219 | 0 | -1.0
-0.5663244128227234 | 0 | -1.0
-0.5814159512519836 | 0 | -1.0
-0.5970760583877563 | 0 | -1.0
-0.6131895184516907 | 0 | -1.0
-0.6296390891075134 | 0 | -1.0
-0.6463067531585693 | 0 | -1.0
-0.6630747318267822 | 0 | -1.0
-0.6798268556594849 | 0 | -1.0
-0.6964497566223145 | 0 | -1.0
-0.71283358335495 | 0 | -1.0
-0.7288731336593628 | 0 | -1.0
-0.744468629360199 | 0 | -1.0
-0.7595261931419373 | 0 | -1.0
-0.7739583849906921 | 0 | -1.0
-0.7876845002174377 | 0 | -1.0
-0.8006307482719421 | 0 | -1.0
-0.8127303123474121 | 0 | -1.0
-0.8239232897758484 | 0 | -1.0
-0.8341564536094666 | 0 | -1.0
-0.8433830142021179 | 0 | -1.0
-0.8515625596046448 | 0 | -1.0
-0.8586604595184326 | 0 | -1.0
-0.8646476864814758 | 0 | -1.0
-0.8695005774497986 | 0 | -1.0
-0.8732003569602966 | 0 | -1.0
-0.8757330179214478 | 0 | -1.0
-0.877089262008667 | 0 | -1.0
-0.8772639632225037 | 0 | -1.0
-0.8762566447257996 | 0 | -1.0
-0.8740708827972412 | 0 | -1.0
-0.8707147836685181 | 0 | -1.0
-0.8662009835243225 | 0 | -1.0
-0.8605467677116394 | 0 | -1.0
-0.85377436876297 | 0 | -1.0
-0.8459112048149109 | 0 | -1.0
-0.8369901180267334 | 0 | -1.0
-0.8270498514175415 | 0 | -1.0
-0.8161353468894958 | 0 | -1.0
-0.8042977452278137 | 0 | -1.0
-0.7915951013565063 | 0 | -1.0
-0.778092086315155 | 0 | -1.0
-0.7638605237007141 | 0 | -1.0
-0.7489789724349976 | 0 | -1.0
-0.7335330247879028 | 0 | -1.0
-0.7176145315170288 | 0 | -1.0
-0.7013217210769653 | 0 | -1.0
-0.6847583055496216 | 0 | -1.0
-0.6680326461791992 | 0 | -1.0
-0.6512573957443237 | 0 | -1.0
-0.6345478892326355 | 0 | -1.0
-0.618021547794342 | 0 | -1.0
-0.6017964482307434 | 0 | -1.0
-0.585990309715271 | 0 | -1.0
-0.5707188844680786 | 0 | -1.0
-0.5560952425003052 | 0 | -1.0
-0.5422282814979553 | 0 | -1.0
-0.5292217135429382 | 0 | -1.0
-0.5171729326248169 | 0 | -1.0
-0.5061722993850708 | 0 | -1.0
-0.49630236625671387 | 0 | -1.0
-0.487636923789978 | 0 | -1.0
-0.4802406430244446 | 0 | -1.0
-0.47416865825653076 | 0 | -1.0
-0.46946603059768677 | 0 | -1.0
-0.4661676287651062 | 0 | -1.0
-0.4642978012561798 | 0 | -1.0
-0.46387043595314026 | 0 | -1.0
-0.4648886024951935 | 0 | -1.0
-0.46734482049942017 | 0 | -1.0
-0.4712209701538086 | 0 | -1.0
-0.476488322019577 | 0 | -1.0
-0.4831078350543976 | 0 | -1.0
-0.4910302758216858 | 0 | -1.0
-0.5001965761184692 | 0 | -1.0
-0.5105382800102234 | 0 | -1.0
-0.5219779014587402 | 0 | -1.0
-0.534429669380188 | 0 | -1.0
-0.5478002429008484 | 0 | -1.0
-0.561989426612854 | 0 | -1.0
-0.5768913626670837 | 0 | -1.0
-0.5923952460289001 | 0 | -1.0
-0.6083868741989136 | 0 | -1.0
-0.6247494220733643 | 0 | -1.0
-0.6413648724555969 | 0 | -1.0
-0.6581153869628906 | 0 | -1.0
-0.6748841404914856 | 0 | -1.0
-0.6915568709373474 | 0 | -1.0
-0.7080225348472595 | 0 | -1.0
-0.7241744995117188 | 0 | -1.0
-0.7399112582206726 | 0 | -1.0
-0.7551372051239014 | 0 | -1.0
-0.7697629332542419 | 0 | -1.0
-0.7837057113647461 | 0 | -1.0
-0.7968897223472595 | 0 | -1.0
-0.8092461228370667 | 0 | -1.0
-0.8207128643989563 | 0 | -1.0
-0.8312348127365112 | 0 | -1.0
-0.8407633900642395 | 0 | -1.0
-0.8492562770843506 | 0 | -1.0
-0.8566771149635315 | 0 | -1.0
-0.8629952669143677 | 0 | -1.0
-0.8681855797767639 | 0 | -1.0
-0.8722277879714966 | 0 | -1.0
-0.8751066327095032 | 0 | -1.0
-0.8768112659454346 | 0 | -1.0
-0.8773354291915894 | 0 | -1.0
-0.8766772747039795 | 0 | -1.0
-0.874839186668396 | 0 | -1.0
-0.8718278408050537 | 0 | -1.0
-0.8676546812057495 | 0 | -1.0
-0.8623353838920593 | 0 | -1.0
-0.8558908700942993 | 0 | -1.0
-0.8483468890190125 | 0 | -1.0
-0.839734673500061 | 0 | -1.0
-0.8300912976264954 | 0 | -1.0
-0.8194596767425537 | 0 | -1.0
-0.8078891634941101 | 0 | -1.0
-0.7954357862472534 | 0 | -1.0
-0.7821621298789978 | 0 | -1.0
-0.76813805103302 | 0 | -1.0
-0.7534399628639221 | 0 | -1.0
-0.7381515502929688 | 0 | -1.0
-0.722362756729126 | 0 | -1.0
-0.7061700224876404 | 0 | -1.0
-0.689675509929657 | 0 | -1.0
-0.6729862689971924 | 0 | -1.0
-0.6562137603759766 | 0 | -1.0
-0.6394726634025574 | 0 | -1.0
-0.6228798627853394 | 0 | -1.0
-0.6065534949302673 | 0 | -1.0
-0.5906113386154175 | 0 | -1.0
-0.5751699805259705 | 0 | -1.0
-0.560343325138092 | 0 | -1.0
-0.5462417006492615 | 0 | -1.0
-0.5329703688621521 | 0 | -1.0
-0.5206287503242493 | 0 | -1.0
-0.5093094110488892 | 0 | -1.0
-0.49909722805023193 | 0 | -1.0
-0.49006861448287964 | 0 | -1.0
-0.4822910726070404 | 0 | -1.0
-0.4758225381374359 | 0 | -1.0
-0.4707110822200775 | 0 | -1.0
-0.46699464321136475 | 0 | -1.0
-0.46470069885253906 | 0 | -1.0
-0.46384620666503906 | 0 | -1.0
-0.46443742513656616 | 0 | -1.0
-0.46647006273269653 | 0 | -1.0
-0.469929039478302 | 0 | -1.0
-0.4747888445854187 | 0 | -1.0
-0.48101338744163513 | 0 | -1.0
-0.488556444644928 | 0 | -1.0
-0.49736183881759644 | 0 | -1.0
-0.5073638558387756 | 0 | -1.0
-0.5184875130653381 | 0 | -1.0
-0.5306495428085327 | 0 | -1.0
-0.5437586903572083 | 0 | -1.0
-0.5577167272567749 | 0 | -1.0
-0.5724193453788757 | 0 | -1.0
-0.5877571105957031 | 0 | -1.0
-0.6036166548728943 | 0 | -1.0
-0.6198817491531372 | 0 | -1.0
-0.63643479347229 | 0 | -1.0
-0.653157651424408 | 0 | -1.0
-0.669933021068573 | 0 | -1.0
-0.6866458654403687 | 0 | -1.0
-0.7031840085983276 | 0 | -1.0
-0.7194395065307617 | 0 | -1.0
-0.7353092432022095 | 0 | -1.0
-0.7506957650184631 | 0 | -1.0
-0.7655077576637268 | 0 | -1.0
-0.7796605825424194 | 0 | -1.0
-0.7930763363838196 | 0 | -1.0
-0.8056840896606445 | 0 | -1.0
-0.8174198269844055 | 0 | -1.0
-0.8282263875007629 | 0 | -1.0
-0.8380532264709473 | 0 | -1.0
-0.8468562364578247 | 0 | -1.0
-0.8545973300933838 | 0 | -1.0
-0.8612443208694458 | 0 | -1.0
-0.8667702674865723 | 0 | -1.0
-0.8711536526679993 | 0 | -1.0
-0.8743776082992554 | 0 | -1.0
-0.8764301538467407 | 0 | -1.0
-0.8773036003112793 | 0 | -1.0
-0.8769948482513428 | 0 | -1.0
-0.8755049705505371 | 0 | -1.0
-0.8728393912315369 | 0 | -1.0
-0.8690081834793091 | 0 | -1.0
[-0.56] | 0 | -1.0
-0.561260998249054 | 0 | -1.0
-0.5627026557922363 | 0 | -1.0
-0.564851701259613 | 0 | -1.0
-0.5676921606063843 | 0 | -1.0
-0.5712028741836548 | 0 | -1.0
-0.5753577351570129 | 0 | -1.0
-0.5801259875297546 | 0 | -1.0
-0.5854723453521729 | 0 | -1.0
-0.5913572907447815 | 0 | -1.0
-0.5977374911308289 | 0 | -1.0
-0.6045662760734558 | 0 | -1.0
-0.6117937564849854 | 0 | -1.0
-0.6193674802780151 | 0 | -1.0
-0.6272327303886414 | 0 | -1.0
-0.635333240032196 | 0 | -1.0
-0.6436113119125366 | 0 | -1.0
-0.6520086526870728 | 0 | -1.0
-0.6604664921760559 | 0 | -1.0
-0.668926477432251 | 0 | -1.0
-0.6773306727409363 | 0 | -1.0
-0.6856223344802856 | 0 | -1.0
-0.6937461495399475 | 0 | -1.0
-0.7016485333442688 | 0 | -1.0
-0.7092781066894531 | 0 | -1.0
-0.7165860533714294 | 0 | -1.0
-0.7235260605812073 | 0 | -1.0
-0.7300549149513245 | 0 | -1.0
-0.7361325025558472 | 0 | -1.0
-0.7417218685150146 | 0 | -1.0
-0.7467896342277527 | 0 | -1.0
-0.7513057589530945 | 0 | -1.0
-0.7552438378334045 | 0 | -1.0
-0.7585811018943787 | 0 | -1.0
-0.7612983584403992 | 0 | -1.0
-0.7633801698684692 | 0 | -1.0
-0.7648147344589233 | 0 | -1.0
-0.7655940055847168 | 0 | -1.0
-0.7657135725021362 | 0 | -1.0
-0.7651727795600891 | 0 | -1.0
-0.7639747262001038 | 0 | -1.0
-0.7621260285377502 | 0 | -1.0
-0.7596372365951538 | 0 | -1.0
-0.7565224170684814 | 0 | -1.0
-0.7527994513511658 | 0 | -1.0
-0.7484896779060364 | 0 | -1.0
-0.743618369102478 | 0 | -1.0
-0.7382141351699829 | 0 | -1.0
-0.7323092222213745 | 0 | -1.0
-0.7259392738342285 | 0 | -1.0
-0.7191432118415833 | 0 | -1.0
-0.7119632959365845 | 0 | -1.0
-0.7044446468353271 | 0 | -1.0
-0.6966351866722107 | 0 | -1.0
-0.6885855197906494 | 0 | -1.0
-0.6803483366966248 | 0 | -1.0
-0.6719783544540405 | 0 | -1.0
-0.6635318994522095 | 0 | -1.0
-0.6550665497779846 | 0 | -1.0
-0.6466405391693115 | 0 | -1.0
-0.6383125185966492 | 0 | -1.0
-0.6301410794258118 | 0 | -1.0
-0.6221840381622314 | 0 | -1.0
-0.6144983768463135 | 0 | -1.0
-0.6071394085884094 | 0 | -1.0
-0.6001603603363037 | 0 | -1.0
-0.5936121940612793 | 0 | -1.0
-0.5875427722930908 | 0 | -1.0
-0.5819966793060303 | 0 | -1.0
-0.5770148634910583 | 0 | -1.0
-0.5726341009140015 | 0 | -1.0
-0.568886935710907 | 0 | -1.0
-0.5658011436462402 | 0 | -1.0
-0.5633996725082397 | 0 | -1.0
-0.5617004036903381 | 0 | -1.0
-0.5607159733772278 | 0 | -1.0
-0.5604537725448608 | 0 | -1.0
-0.5609157085418701 | 0 | -1.0
-0.5620983839035034 | 0 | -1.0
-0.5639929175376892 | 0 | -1.0
-0.5665852427482605 | 0 | -1.0
-0.5698560476303101 | 0 | -1.0
-0.5737810730934143 | 0 | -1.0
-0.5783311128616333 | 0 | -1.0
-0.5834725499153137 | 0 | -1.0
-0.5891672968864441 | 0 | -1.0
-0.5953734517097473 | 0 | -1.0
-0.602045476436615 | 0 | -1.0
-0.6091345548629761 | 0 | -1.0
-0.6165891289710999 | 0 | -1.0
-0.6243552565574646 | 0 | -1.0
-0.6323772072792053 | 0 | -1.0
-0.6405977010726929 | 0 | -1.0
-0.6489586234092712 | 0 | -1.0
-0.6574013233184814 | 0 | -1.0
-0.665867269039154 | 0 | -1.0
-0.6742982864379883 | 0 | -1.0
-0.6826372146606445 | 0 | -1.0
-0.6908280253410339 | 0 | -1.0
-0.6988165974617004 | 0 | -1.0
-0.7065507173538208 | 0 | -1.0
-0.7139806151390076 | 0 | -1.0
-0.7210589647293091 | 0 | -1.0
-0.7277414798736572 | 0 | -1.0
-0.7339868545532227 | 0 | -1.0
-0.7397570013999939 | 0 | -1.0
-0.7450172901153564 | 0 | -1.0
-0.7497363090515137 | 0 | -1.0
-0.7538864612579346 | 0 | -1.0
-0.7574436068534851 | 0 | -1.0
-0.7603873014450073 | 0 | -1.0
-0.7627006769180298 | 0 | -1.0
-0.7643707394599915 | 0 | -1.0
-0.7653878927230835 | 0 | -1.0
-0.7657465934753418 | 0 | -1.0
-0.7654446959495544 | 0 | -1.0
-0.7644839882850647 | 0 | -1.0
-0.7628698348999023 | 0 | -1.0
-0.760611355304718 | 0 | -1.0
-0.7577213048934937 | 0 | -1.0
-0.7542161345481873 | 0 | -1.0
-0.7501161098480225 | 0 | -1.0
-0.7454449534416199 | 0 | -1.0
-0.740230143070221 | 0 | -1.0
-0.7345024943351746 | 0 | -1.0
-0.7282965779304504 | 0 | -1.0
-0.7216500639915466 | 0 | -1.0
-0.7146040797233582 | 0 | -1.0
-0.707202672958374 | 0 | -1.0
-0.6994927525520325 | 0 | -1.0
-0.691524088382721 | 0 | -1.0
-0.683348536491394 | 0 | -1.0
-0.6750202178955078 | 0 | -1.0
-0.6665948629379272 | 0 | -1.0
-0.6581296324729919 | 0 | -1.0
-0.6496826410293579 | 0 | -1.0
-0.6413123607635498 | 0 | -1.0
-0.6330775022506714 | 0 | -1.0
-0.6250362396240234 | 0 | -1.0
-0.6172458529472351 | 0 | -1.0
-0.6097623109817505 | 0 | -1.0
-0.6026397347450256 | 0 | -1.0
-0.5959298610687256 | 0 | -1.0
-0.5896818041801453 | 0 | -1.0
-0.5839413404464722 | 0 | -1.0
-0.578750729560852 | 0 | -1.0
-0.574148416519165 | 0 | -1.0
-0.5701684355735779 | 0 | -1.0
-0.5668402910232544 | 0 | -1.0
-0.5641887784004211 | 0 | -1.0
-0.562233567237854 | 0 | -1.0
-0.560989260673523 | 0 | -1.0
-0.5604650974273682 | 0 | -1.0
-0.5606649518013 | 0 | -1.0
-0.5615874528884888 | 0 | -1.0
-0.5632256269454956 | 0 | -1.0
-0.5655673146247864 | 0 | -1.0
-0.5685950517654419 | 0 | -1.0
-0.5722863674163818 | 0 | -1.0
-0.5766137838363647 | 0 | -1.0
-0.5815452933311462 | 0 | -1.0
-0.5870444178581238 | 0 | -1.0
-0.5930705070495605 | 0 | -1.0
-0.5995793342590332 | 0 | -1.0
-0.6065232753753662 | 0 | -1.0
-0.6138516068458557 | 0 | -1.0
-0.6215113401412964 | 0 | -1.0
-0.6294472217559814 | 0 | -1.0
-0.6376025080680847 | 0 | -1.0
-0.6459193229675293 | 0 | -1.0
-0.6543392539024353 | 0 | -1.0
-0.6628035306930542 | 0 | -1.0
-0.6712538599967957 | 0 | -1.0
-0.6796326041221619 | 0 | -1.0
-0.6878833770751953 | 0 | -1.0
-0.6959513425827026 | 0 | -1.0
-0.7037834525108337 | 0 | -1.0
-0.7113290429115295 | 0 | -1.0
-0.7185399532318115 | 0 | -1.0
-0.7253707051277161 | 0 | -1.0
-0.7317789196968079 | 0 | -1.0
-0.7377253174781799 | 0 | -1.0
-0.7431738972663879 | 0 | -1.0
-0.7480922937393188 | 0 | -1.0
-0.7524513602256775 | 0 | -1.0
-0.7562257647514343 | 0 | -1.0
-0.7593936324119568 | 0 | -1.0
-0.7619369029998779 | 0 | -1.0
-0.7638410925865173 | 0 | -1.0
-0.7650954723358154 | 0 | -1.0
-0.7656930088996887 | 0 | -1.0
-0.7656302452087402 | 0 | -1.0
-0.7649075984954834 | 0 | -1.0
-0.7635291814804077 | 0 | -1.0
-0.7615026235580444 | 0 | -1.0
-0.75883948802948 | 0 | -1.0
-0.7555549144744873 | 0 | -1.0
-0.7516676783561707 | 0 | -1.0
-0.7472003102302551 | 0 | -1.0
-0.7421788573265076 | 0 | -1.0
[-0.59] | 0 | -1.0
-0.5935961604118347 | 0 | -1.0
-0.5945574641227722 | 0 | -1.0
-0.5959905385971069 | 0 | -1.0
-0.5978849530220032 | 0 | -1.0
-0.6002268195152283 | 0 | -1.0
-0.6029990315437317 | 0 | -1.0
-0.6061813831329346 | 0 | -1.0
-0.6097506284713745 | 0 | -1.0
-0.6136809587478638 | 0 | -1.0
-0.6179438233375549 | 0 | -1.0
-0.6225085258483887 | 0 | -1.0
-0.6273422241210938 | 0 | -1.0
-0.6324104070663452 | 0 | -1.0
-0.6376768350601196 | 0 | -1.0
-0.6431043148040771 | 0 | -1.0
-0.6486546397209167 | 0 | -1.0
-0.6542888283729553 | 0 | -1.0
-0.6599677801132202 | 0 | -1.0
-0.6656522154808044 | 0 | -1.0
-0.6713032722473145 | 0 | -1.0
-0.6768823862075806 | 0 | -1.0
-0.6823520064353943 | 0 | -1.0
-0.6876754760742188 | 0 | -1.0
-0.6928174495697021 | 0 | -1.0
-0.6977440714836121 | 0 | -1.0
-0.7024232745170593 | 0 | -1.0
-0.7068246603012085 | 0 | -1.0
-0.7109200358390808 | 0 | -1.0
-0.7146832942962646 | 0 | -1.0
-0.7180905938148499 | 0 | -1.0
-0.7211205959320068 | 0 | -1.0
-0.7237544059753418 | 0 | -1.0
-0.7259756326675415 | 0 | -1.0
-0.7277705669403076 | 0 | -1.0
-0.7291281223297119 | 0 | -1.0
-0.7300401329994202 | 0 | -1.0
-0.7305008769035339 | 0 | -1.0
-0.7305076122283936 | 0 | -1.0
-0.7300602793693542 | 0 | -1.0
-0.7291616201400757 | 0 | -1.0
-0.7278171181678772 | 0 | -1.0
-0.7260349988937378 | 0 | -1.0
-0.7238262295722961 | 0 | -1.0
-0.7212044596672058 | 0 | -1.0
-0.7181859612464905 | 0 | -1.0
-0.7147895097732544 | 0 | -1.0
-0.7110365033149719 | 0 | -1.0
-0.7069506049156189 | 0 | -1.0
-0.7025578618049622 | 0 | -1.0
-0.6978864669799805 | 0 | -1.0
-0.6929666996002197 | 0 | -1.0
-0.6878306269645691 | 0 | -1.0
-0.6825120449066162 | 0 | -1.0
-0.6770462393760681 | 0 | -1.0
-0.6714698076248169 | 0 | -1.0
-0.6658203601837158 | 0 | -1.0
-0.660136342048645 | 0 | -1.0
-0.6544566750526428 | 0 | -1.0
-0.6488205790519714 | 0 | -1.0
-0.6432672739028931 | 0 | -1.0
-0.6378355622291565 | 0 | -1.0
-0.6325637698173523 | 0 | -1.0
-0.6274892687797546 | 0 | -1.0
-0.6226480603218079 | 0 | -1.0
-0.6180749535560608 | 0 | -1.0
-0.6138026714324951 | 0 | -1.0
-0.6098620891571045 | 0 | -1.0
-0.6062816977500916 | 0 | -1.0
-0.6030876040458679 | 0 | -1.0
-0.6003029346466064 | 0 | -1.0
-0.5979480147361755 | 0 | -1.0
-0.5960401296615601 | 0 | -1.0
-0.5945931673049927 | 0 | -1.0
-0.5936177968978882 | 0 | -1.0
-0.5931211709976196 | 0 | -1.0
-0.5931068062782288 | 0 | -1.0
-0.5935750007629395 | 0 | -1.0
-0.5945221185684204 | 0 | -1.0
-0.5959413647651672 | 0 | -1.0
-0.5978223085403442 | 0 | -1.0
-0.6001511812210083 | 0 | -1.0
-0.6029108762741089 | 0 | -1.0
-0.6060813665390015 | 0 | -1.0
-0.6096395254135132 | 0 | -1.0
-0.6135595440864563 | 0 | -1.0
-0.617812991142273 | 0 | -1.0
-0.6223692297935486 | 0 | -1.0
-0.627195417881012 | 0 | -1.0
-0.6322571635246277 | 0 | -1.0
-0.6375182867050171 | 0 | -1.0
-0.6429415345191956 | 0 | -1.0
-0.6484887003898621 | 0 | -1.0
-0.6541209816932678 | 0 | -1.0
-0.6597991585731506 | 0 | -1.0
-0.6654840707778931 | 0 | -1.0
-0.6711366176605225 | 0 | -1.0
-0.6767184138298035 | 0 | -1.0
-0.6821918487548828 | 0 | -1.0
-0.6875201463699341 | 0 | -1.0
-0.6926679611206055 | 0 | -1.0
-0.6976014971733093 | 0 | -1.0
-0.7022884488105774 | 0 | -1.0
-0.706698477268219 | 0 | -1.0
-0.7108033299446106 | 0 | -1.0
-0.714576780796051 | 0 | -1.0
-0.7179949283599854 | 0 | -1.0
-0.721036434173584 | 0 | -1.0
-0.7236822247505188 | 0 | -1.0
-0.7259158492088318 | 0 | -1.0
-0.7277235984802246 | 0 | -1.0
-0.7290942668914795 | 0 | -1.0
-0.7300195693969727 | 0 | -1.0
-0.7304937243461609 | 0 | -1.0
-0.7305139303207397 | 0 | -1.0
-0.7300800681114197 | 0 | -1.0
-0.729194700717926 | 0 | -1.0
-0.7278633117675781 | 0 | -1.0
-0.7260940074920654 | 0 | -1.0
-0.7238976955413818 | 0 | -1.0
-0.7212879657745361 | 0 | -1.0
-0.7182809114456177 | 0 | -1.0
-0.7148954272270203 | 0 | -1.0
-0.7111526131629944 | 0 | -1.0
-0.7070762515068054 | 0 | -1.0
-0.7026922106742859 | 0 | -1.0
-0.6980286836624146 | 0 | -1.0
-0.6931158304214478 | 0 | -1.0
-0.6879856586456299 | 0 | -1.0
-0.6826719641685486 | 0 | -1.0
-0.6772100329399109 | 0 | -1.0
-0.6716363430023193 | 0 | -1.0
-0.6659885048866272 | 0 | -1.0
-0.6603049635887146 | 0 | -1.0
-0.6546245813369751 | 0 | -1.0
-0.6489866375923157 | 0 | -1.0
-0.6434302926063538 | 0 | -1.0
-0.6379944682121277 | 0 | -1.0
-0.6327173709869385 | 0 | -1.0
-0.6276364922523499 | 0 | -1.0
-0.6227878928184509 | 0 | -1.0
-0.6182063221931458 | 0 | -1.0
-0.6139246821403503 | 0 | -1.0
-0.6099738478660583 | 0 | -1.0
-0.606382429599762 | 0 | -1.0
-0.603176474571228 | 0 | -1.0
-0.6003793478012085 | 0 | -1.0
-0.5980114936828613 | 0 | -1.0
-0.5960901379585266 | 0 | -1.0
-0.5946293473243713 | 0 | -1.0
-0.5936398506164551 | 0 | -1.0
-0.5931289196014404 | 0 | -1.0
-0.5931003093719482 | 0 | -1.0
-0.5935541987419128 | 0 | -1.0
-0.5944872498512268 | 0 | -1.0
-0.595892608165741 | 0 | -1.0
-0.5977600812911987 | 0 | -1.0
-0.6000758409500122 | 0 | -1.0
-0.6028230786323547 | 0 | -1.0
-0.605981707572937 | 0 | -1.0
-0.6095287203788757 | 0 | -1.0
-0.6134384274482727 | 0 | -1.0
-0.6176823973655701 | 0 | -1.0
-0.6222301125526428 | 0 | -1.0
-0.6270488500595093 | 0 | -1.0
-0.6321040987968445 | 0 | -1.0
-0.6373597979545593 | 0 | -1.0
-0.6427788138389587 | 0 | -1.0
-0.6483228802680969 | 0 | -1.0
-0.6539531946182251 | 0 | -1.0
-0.6596305966377258 | 0 | -1.0
-0.6653158068656921 | 0 | -1.0
-0.6709699034690857 | 0 | -1.0
-0.6765543818473816 | 0 | -1.0
-0.682031512260437 | 0 | -1.0
-0.6873646378517151 | 0 | -1.0
-0.6925183534622192 | 0 | -1.0
-0.6974586844444275 | 0 | -1.0
-0.7021533846855164 | 0 | -1.0
-0.7065720558166504 | 0 | -1.0
-0.7106862664222717 | 0 | -1.0
-0.7144699096679688 | 0 | -1.0
-0.717898964881897 | 0 | -1.0
-0.7209519147872925 | 0 | -1.0
-0.7236096262931824 | 0 | -1.0
-0.7258557081222534 | 0 | -1.0
-0.7276762127876282 | 0 | -1.0
-0.7290600538253784 | 0 | -1.0
-0.7299985885620117 | 0 | -1.0
-0.7304862141609192 | 0 | -1.0
-0.7305198907852173 | 0 | -1.0
-0.7300994396209717 | 0 | -1.0
-0.7292273640632629 | 0 | -1.0
-0.7279090881347656 | 0 | -1.0
-0.7261526584625244 | 0 | -1.0
-0.7239688038825989 | 0 | -1.0
-0.7213711142539978 | 0 | -1.0
-0.7183756232261658 | 0 | -1.0
-0.7150009870529175 | 0 | -1.0
-0.7112684845924377 | 0 | -1.0
[-0.42] | 0 | -1.0
-0.42032694816589355 | 0 | -1.0
-0.4238640367984772 | 0 | -1.0
-0.4291380047798157 | 0 | -1.0
-0.4361110031604767 | 0 | -1.0
-0.4447326362133026 | 0 | -1.0
-0.4549402892589569 | 0 | -1.0
-0.46665921807289124 | 0 | -1.0
-0.4798031449317932 | 0 | -1.0
-0.4942745864391327 | 0 | -1.0
-0.5099656581878662 | 0 | -1.0
-0.5267589688301086 | 0 | -1.0
-0.5445285439491272 | 0 | -1.0
-0.5631412863731384 | 0 | -1.0
-0.5824581384658813 | 0 | -1.0
-0.6023358702659607 | 0 | -1.0
-0.6226285099983215 | 0 | -1.0
-0.6431893110275269 | 0 | -1.0
-0.6638723015785217 | 0 | -1.0
-0.6845340728759766 | 0 | -1.0
-0.7050350904464722 | 0 | -1.0
-0.7252416014671326 | 0 | -1.0
-0.7450263500213623 | 0 | -1.0
-0.7642698287963867 | 0 | -1.0
-0.782861053943634 | 0 | -1.0
-0.8006981015205383 | 0 | -1.0
-0.8176880478858948 | 0 | -1.0
-0.8337475657463074 | 0 | -1.0
-0.848802387714386 | 0 | -1.0
-0.8627870678901672 | 0 | -1.0
-0.8756446838378906 | 0 | -1.0
-0.8873261213302612 | 0 | -1.0
-0.8977896571159363 | 0 | -1.0
-0.9070001840591431 | 0 | -1.0
-0.9149285554885864 | 0 | -1.0
-0.9215511679649353 | 0 | -1.0
-0.9268493056297302 | 0 | -1.0
-0.9308086037635803 | 0 | -1.0
-0.9334187507629395 | 0 | -1.0
-0.9346731305122375 | 0 | -1.0
-0.9345686435699463 | 0 | -1.0
-0.93310546875 | 0 | -1.0
-0.9302873611450195 | 0 | -1.0
-0.9261214137077332 | 0 | -1.0
-0.9206185936927795 | 0 | -1.0
-0.9137938618659973 | 0 | -1.0
-0.9056666493415833 | 0 | -1.0
-0.89626145362854 | 0 | -1.0
-0.8856081962585449 | 0 | -1.0
-0.8737429976463318 | 0 | -1.0
-0.8607087135314941 | 0 | -1.0
-0.8465555310249329 | 0 | -1.0
-0.8313418030738831 | 0 | -1.0
-0.8151341080665588 | 0 | -1.0
-0.7980082631111145 | 0 | -1.0
-0.7800490260124207 | 0 | -1.0
-0.7613505721092224 | 0 | -1.0
-0.7420164346694946 | 0 | -1.0
-0.7221588492393494 | 0 | -1.0
-0.7018986344337463 | 0 | -1.0
-0.6813639998435974 | 0 | -1.0
-0.6606898307800293 | 0 | -1.0
-0.6400161981582642 | 0 | -1.0
-0.6194871068000793 | 0 | -1.0
-0.5992487072944641 | 0 | -1.0
-0.5794477462768555 | 0 | -1.0
-0.5602299571037292 | 0 | -1.0
-0.541737973690033 | 0 | -1.0
-0.524109959602356 | 0 | -1.0
-0.5074781775474548 | 0 | -1.0
-0.49196720123291016 | 0 | -1.0
-0.477693110704422 | 0 | -1.0
-0.46476224064826965 | 0 | -1.0
-0.4532703459262848 | 0 | -1.0
-0.4433020353317261 | 0 | -1.0
-0.43493011593818665 | 0 | -1.0
-0.4282154142856598 | 0 | -1.0
-0.4232063591480255 | 0 | -1.0
-0.41993892192840576 | 0 | -1.0
-0.4184364378452301 | 0 | -1.0
-0.4187096655368805 | 0 | -1.0
-0.42075666785240173 | 0 | -1.0
-0.4245627820491791 | 0 | -1.0
-0.43010079860687256 | 0 | -1.0
-0.43733087182044983 | 0 | -1.0
-0.44620075821876526 | 0 | -1.0
-0.4566459655761719 | 0 | -1.0
-0.4685899019241333 | 0 | -1.0
-0.48194456100463867 | 0 | -1.0
-0.4966108202934265 | 0 | -1.0
-0.5124792456626892 | 0 | -1.0
-0.5294310450553894 | 0 | -1.0
-0.547339141368866 | 0 | -1.0
-0.5660693049430847 | 0 | -1.0
-0.5854818224906921 | 0 | -1.0
-0.6054328680038452 | 0 | -1.0
-0.6257762908935547 | 0 | -1.0
-0.6463653445243835 | 0 | -1.0
-0.667054295539856 | 0 | -1.0
-0.6877002716064453 | 0 | -1.0
-0.708164632320404 | 0 | -1.0
-0.7283143401145935 | 0 | -1.0
-0.7480233907699585 | 0 | -1.0
-0.7671736478805542 | 0 | -1.0
-0.7856553196907043 | 0 | -1.0
-0.8033678531646729 | 0 | -1.0
-0.8202199339866638 | 0 | -1.0
-0.8361296057701111 | 0 | -1.0
-0.8510239124298096 | 0 | -1.0
-0.8648387789726257 | 0 | -1.0
-0.8775185346603394 | 0 | -1.0
-0.889015257358551 | 0 | -1.0
-0.8992882370948792 | 0 | -1.0
-0.9083033204078674 | 0 | -1.0
-0.9160323143005371 | 0 | -1.0
-0.9224523901939392 | 0 | -1.0
-0.9275454878807068 | 0 | -1.0
-0.9312978982925415 | 0 | -1.0
-0.9336999654769897 | 0 | -1.0
-0.9347454905509949 | 0 | -1.0
-0.9344319701194763 | 0 | -1.0
-0.9327601790428162 | 0 | -1.0
-0.9297342300415039 | 0 | -1.0
-0.9253619313240051 | 0 | -1.0
-0.9196547269821167 | 0 | -1.0
-0.9126283526420593 | 0 | -1.0
-0.9043029546737671 | 0 | -1.0
-0.89470374584198 | 0 | -1.0
-0.8838616013526917 | 0 | -1.0
-0.8718136548995972 | 0 | -1.0
-0.858603835105896 | 0 | -1.0
-0.8442836403846741 | 0 | -1.0
-0.8289124965667725 | 0 | -1.0
-0.8125584721565247 | 0 | -1.0
-0.79529869556427 | 0 | -1.0
-0.7772194147109985 | 0 | -1.0
-0.7584162950515747 | 0 | -1.0
-0.7389941215515137 | 0 | -1.0
-0.7190666198730469 | 0 | -1.0
-0.69875568151474 | 0 | -1.0
-0.6781906485557556 | 0 | -1.0
-0.6575073003768921 | 0 | -1.0
-0.6368464827537537 | 0 | -1.0
-0.6163524985313416 | 0 | -1.0
-0.5961718559265137 | 0 | -1.0
-0.5764511823654175 | 0 | -1.0
-0.5573357939720154 | 0 | -1.0
-0.5389677882194519 | 0 | -1.0
-0.5214845538139343 | 0 | -1.0
-0.5050171613693237 | 0 | -1.0
-0.48968908190727234 | 0 | -1.0
-0.47561487555503845 | 0 | -1.0
-0.4628992974758148 | 0 | -1.0
-0.45163649320602417 | 0 | -1.0
-0.44190919399261475 | 0 | -1.0
-0.4337884485721588 | 0 | -1.0
-0.42733317613601685 | 0 | -1.0
-0.42258989810943604 | 0 | -1.0
-0.41959264874458313 | 0 | -1.0
-0.4183628261089325 | 0 | -1.0
-0.4189092516899109 | 0 | -1.0
-0.42122799158096313 | 0 | -1.0
-0.42530250549316406 | 0 | -1.0
-0.4311036169528961 | 0 | -1.0
-0.43858954310417175 | 0 | -1.0
-0.4477061629295349 | 0 | -1.0
-0.4583870768547058 | 0 | -1.0
-0.4705539643764496 | 0 | -1.0
-0.4841170310974121 | 0 | -1.0
-0.4989754855632782 | 0 | -1.0
-0.5150184631347656 | 0 | -1.0
-0.5321257710456848 | 0 | -1.0
-0.5501691699028015 | 0 | -1.0
-0.5690134763717651 | 0 | -1.0
-0.5885182023048401 | 0 | -1.0
-0.6085391640663147 | 0 | -1.0
-0.628929853439331 | 0 | -1.0
-0.6495437026023865 | 0 | -1.0
-0.670235276222229 | 0 | -1.0
-0.690862238407135 | 0 | -1.0
-0.7112866640090942 | 0 | -1.0
-0.7313766479492188 | 0 | -1.0
-0.7510072588920593 | 0 | -1.0
-0.7700616121292114 | 0 | -1.0
-0.7884313464164734 | 0 | -1.0
-0.806017279624939 | 0 | -1.0
-0.8227295875549316 | 0 | -1.0
-0.8384875655174255 | 0 | -1.0
-0.8532198667526245 | 0 | -1.0
-0.8668636083602905 | 0 | -1.0
-0.8793644309043884 | 0 | -1.0
-0.8906754851341248 | 0 | -1.0
-0.9007570743560791 | 0 | -1.0
-0.9095761179924011 | 0 | -1.0
-0.9171051979064941 | 0 | -1.0
-0.9233222603797913 | 0 | -1.0
-0.9282100200653076 | 0 | -1.0
-0.9317553043365479 | 0 | -1.0
-0.9339491128921509 | 0 | -1.0
-0.9347857236862183 | 0 | -1.0
[-0.53] | 0 | -1.0
-0.5353798866271973 | 0 | -1.0
-0.5372101068496704 | 0 | -1.0
-0.5399382710456848 | 0 | -1.0
-0.5435439348220825 | 0 | -1.0
-0.5480000376701355 | 0 | -1.0
-0.5532733798027039 | 0 | -1.0
-0.5593243837356567 | 0 | -1.0
-0.566107988357544 | 0 | -1.0
-0.573573648929596 | 0 | -1.0
-0.5816659331321716 | 0 | -1.0
-0.590324878692627 | 0 | -1.0
-0.5994867086410522 | 0 | -1.0
-0.6090842485427856 | 0 | -1.0
-0.6190477013587952 | 0 | -1.0
-0.6293050050735474 | 0 | -1.0
-0.6397827863693237 | 0 | -1.0
-0.6504066586494446 | 0 | -1.0
-0.661102294921875 | 0 | -1.0
-0.6717956066131592 | 0 | -1.0
-0.6824136972427368 | 0 | -1.0
-0.6928852796554565 | 0 | -1.0
-0.7031410932540894 | 0 | -1.0
-0.7131144404411316 | 0 | -1.0
-0.7227418422698975 | 0 | -1.0
-0.7319629192352295 | 0 | -1.0
-0.7407210469245911 | 0 | -1.0
-0.7489635348320007 | 0 | -1.0
-0.7566416263580322 | 0 | -1.0
-0.7637107968330383 | 0 | -1.0
-0.7701309323310852 | 0 | -1.0
-0.7758660316467285 | 0 | -1.0
-0.7808846831321716 | 0 | -1.0
-0.7851596474647522 | 0 | -1.0
-0.788668155670166 | 0 | -1.0
-0.7913915514945984 | 0 | -1.0
-0.7933157682418823 | 0 | -1.0
-0.794430673122406 | 0 | -1.0
-0.7947306036949158 | 0 | -1.0
-0.7942139506340027 | 0 | -1.0
-0.7928833961486816 | 0 | -1.0
-0.7907458543777466 | 0 | -1.0
-0.7878124117851257 | 0 | -1.0
-0.7840983867645264 | 0 | -1.0
-0.7796235680580139 | 0 | -1.0
-0.7744118571281433 | 0 | -1.0
-0.7684915661811829 | 0 | -1.0
-0.7618954181671143 | 0 | -1.0
-0.754660427570343 | 0 | -1.0
-0.7468279600143433 | 0 | -1.0
-0.7384436726570129 | 0 | -1.0
-0.7295572757720947 | 0 | -1.0
-0.7202226519584656 | 0 | -1.0
-0.7104973793029785 | 0 | -1.0
-0.7004426717758179 | 0 | -1.0
-0.6901229619979858 | 0 | -1.0
-0.6796056628227234 | 0 | -1.0
-0.6689605116844177 | 0 | -1.0
-0.6582594513893127 | 0 | -1.0
-0.6475756168365479 | 0 | -1.0
-0.6369832754135132 | 0 | -1.0
-0.6265568137168884 | 0 | -1.0
-0.616370439529419 | 0 | -1.0
-0.6064972281455994 | 0 | -1.0
-0.5970085859298706 | 0 | -1.0
-0.5879738926887512 | 0 | -1.0
-0.5794593691825867 | 0 | -1.0
-0.5715278387069702 | 0 | -1.0
-0.5642380714416504 | 0 | -1.0
-0.557644248008728 | 0 | -1.0
-0.5517955422401428 | 0 | -1.0
-0.5467356443405151 | 0 | -1.0
-0.5425023436546326 | 0 | -1.0
-0.5391272902488708 | 0 | -1.0
-0.5366358757019043 | 0 | -1.0
-0.5350466966629028 | 0 | -1.0
-0.5343716740608215 | 0 | -1.0
-0.5346158742904663 | 0 | -1.0
-0.5357774496078491 | 0 | -1.0
-0.5378476977348328 | 0 | -1.0
-0.5408111214637756 | 0 | -1.0
-0.5446454882621765 | 0 | -1.0
-0.5493221282958984 | 0 | -1.0
-0.5548060536384583 | 0 | -1.0
-0.5610562562942505 | 0 | -1.0
-0.568026065826416 | 0 | -1.0
-0.5756637454032898 | 0 | -1.0
-0.5839124321937561 | 0 | -1.0
-0.5927112698554993 | 0 | -1.0
-0.6019955277442932 | 0 | -1.0
-0.6116971373558044 | 0 | -1.0
-0.6217457056045532 | 0 | -1.0
-0.6320687532424927 | 0 | -1.0
-0.6425925493240356 | 0 | -1.0
-0.6532427668571472 | 0 | -1.0
-0.6639449596405029 | 0 | -1.0
-0.6746253967285156 | 0 | -1.0
-0.6852114200592041 | 0 | -1.0
-0.6956323385238647 | 0 | -1.0
-0.7058195471763611 | 0 | -1.0
-0.7157071232795715 | 0 | -1.0
-0.7252323627471924 | 0 | -1.0
-0.7343358993530273 | 0 | -1.0
-0.7429620623588562 | 0 | -1.0
-0.7510592341423035 | 0 | -1.0
-0.7585797905921936 | 0 | -1.0
-0.7654803991317749 | 0 | -1.0
-0.7717219591140747 | 0 | -1.0
-0.777269721031189 | 0 | -1.0
-0.782093346118927 | 0 | -1.0
-0.7861668467521667 | 0 | -1.0
-0.78946852684021 | 0 | -1.0
-0.7919809222221375 | 0 | -1.0
-0.7936910390853882 | 0 | -1.0
-0.7945899367332458 | 0 | -1.0
-0.7946730256080627 | 0 | -1.0
-0.7939398288726807 | 0 | -1.0
-0.7923941016197205 | 0 | -1.0
-0.7900439500808716 | 0 | -1.0
-0.786901593208313 | 0 | -1.0
-0.7829834818840027 | 0 | -1.0
-0.7783104181289673 | 0 | -1.0
-0.7729076147079468 | 0 | -1.0
-0.7668045163154602 | 0 | -1.0
-0.76003497838974 | 0 | -1.0
-0.7526371479034424 | 0 | -1.0
-0.7446535229682922 | 0 | -1.0
-0.7361308336257935 | 0 | -1.0
-0.727120041847229 | 0 | -1.0
-0.7176759243011475 | 0 | -1.0
-0.707857072353363 | 0 | -1.0
-0.6977255940437317 | 0 | -1.0
-0.6873466968536377 | 0 | -1.0
-0.6767885684967041 | 0 | -1.0
-0.6661214828491211 | 0 | -1.0
-0.655417799949646 | 0 | -1.0
-0.6447510123252869 | 0 | -1.0
-0.6341954469680786 | 0 | -1.0
-0.6238255500793457 | 0 | -1.0
-0.6137152314186096 | 0 | -1.0
-0.6039372682571411 | 0 | -1.0
-0.5945625305175781 | 0 | -1.0
-0.5856596231460571 | 0 | -1.0
-0.5772939324378967 | 0 | -1.0
-0.569527268409729 | 0 | -1.0
-0.562417209148407 | 0 | -1.0
-0.5560166835784912 | 0 | -1.0
-0.5503734350204468 | 0 | -1.0
-0.5455295443534851 | 0 | -1.0
-0.5415213108062744 | 0 | -1.0
-0.5383787155151367 | 0 | -1.0
-0.5361253023147583 | 0 | -1.0
-0.5347779989242554 | 0 | -1.0
-0.5343468189239502 | 0 | -1.0
-0.5348350405693054 | 0 | -1.0
-0.5362390279769897 | 0 | -1.0
-0.5385482907295227 | 0 | -1.0
-0.5417453646659851 | 0 | -1.0
-0.5458064675331116 | 0 | -1.0
-0.5507011413574219 | 0 | -1.0
-0.5563927888870239 | 0 | -1.0
-0.5628387928009033 | 0 | -1.0
-0.5699912309646606 | 0 | -1.0
-0.5777968764305115 | 0 | -1.0
-0.5861977934837341 | 0 | -1.0
-0.5951319932937622 | 0 | -1.0
-0.6045337319374084 | 0 | -1.0
-0.6143344640731812 | 0 | -1.0
-0.6244630813598633 | 0 | -1.0
-0.6348466277122498 | 0 | -1.0
-0.6454113125801086 | 0 | -1.0
-0.6560825109481812 | 0 | -1.0
-0.6667860746383667 | 0 | -1.0
-0.6774484515190125 | 0 | -1.0
-0.6879975199699402 | 0 | -1.0
-0.6983629465103149 | 0 | -1.0
-0.7084769010543823 | 0 | -1.0
-0.7182742357254028 | 0 | -1.0
-0.7276931405067444 | 0 | -1.0
-0.7366751432418823 | 0 | -1.0
-0.7451657652854919 | 0 | -1.0
-0.7531142830848694 | 0 | -1.0
-0.7604742646217346 | 0 | -1.0
-0.7672035098075867 | 0 | -1.0
-0.7732640504837036 | 0 | -1.0
-0.7786223292350769 | 0 | -1.0
-0.7832491397857666 | 0 | -1.0
-0.7871196269989014 | 0 | -1.0
-0.7902132272720337 | 0 | -1.0
-0.7925137281417847 | 0 | -1.0
-0.7940090894699097 | 0 | -1.0
-0.7946916222572327 | 0 | -1.0
-0.7945578098297119 | 0 | -1.0
-0.7936083674430847 | 0 | -1.0
-0.7918481230735779 | 0 | -1.0
-0.789286196231842 | 0 | -1.0
-0.7859360575675964 | 0 | -1.0
-0.7818152904510498 | 0 | -1.0
-0.7769458293914795 | 0 | -1.0
-0.7713540196418762 | 0 | -1.0
Total reward: -200.0
