-1.6, -4.5, 4.0, -2.8, -2.2, -2.6, -4.5, 2.3, 2.3, -1.2, 0.2, 0.0, 1.1, -0.8, -2.3, 5.8, 0.4, 2.2
parameter ends

state | action | reward
[3.54] | 2 | -0.5
5.931541545921202 | 2 | -0.5
5.770725669490038 | 2 | -0.5
5.804247737375658 | 2 | -0.5
6.040096720820002 | 2 | -0.5
6.4962929887756085 | 2 | -0.5
2.741668579998386 | 2 | -0.5
2.2747120465456456 | 2 | -0.5
2.040358046199746 | 2 | -0.5
1.9269500088119524 | 2 | -0.5
1.891620330067166 | 2 | -0.5
1.8751939014824597 | 2 | -0.5
1.9371668939200803 | 2 | -0.5
2.0830217696013555 | 2 | -0.5
2.3728650852699356 | 2 | -0.5
2.8967168057269546 | 2 | -0.5
6.913110865551321 | 2 | -0.5
6.399497695330573 | 2 | -0.5
6.196909505744357 | 2 | -0.5
6.17687616954432 | 2 | -0.5
5.717742773831379 | 2 | -0.5
3.297618738114538 | 2 | -0.5
2.464893407960378 | 2 | -0.5
1.9701816817967024 | 2 | -0.5
1.7398800194720503 | 2 | -0.5
1.6109457945939045 | 2 | -0.5
1.5821901674963703 | 2 | -0.5
1.6020631436912152 | 2 | -0.5
1.6770069219213934 | 2 | -0.5
1.8857270918883866 | 2 | -0.5
2.1224477283693584 | 2 | -0.5
2.7618552914459866 | 2 | -0.5
4.136683202493702 | 2 | -0.5
5.821214063874994 | 2 | -0.5
5.788445479975986 | 2 | -0.5
5.9178554041756835 | 2 | -0.5
6.287636279445055 | 2 | -0.5
3.1251714759351943 | 2 | -0.5
2.515956100085431 | 2 | -0.5
2.1703189050805762 | 2 | -0.5
2.0115565333437884 | 2 | -0.5
1.8725523011429996 | 2 | -0.5
1.893195929672998 | 2 | -0.5
1.985603399893581 | 2 | -0.5
2.1773108116621023 | 2 | -0.5
2.502141643198511 | 2 | -0.5
3.0090559026242536 | 2 | -0.5
6.893841241340676 | 2 | -0.5
6.414753342879731 | 2 | -0.5
6.234991142407311 | 2 | -0.5
6.344493930710838 | 2 | -0.5
4.023276662244536 | 2 | -0.5
2.6268843320391175 | 2 | -0.5
2.050083357009605 | 2 | -0.5
1.7959887456124701 | 2 | -0.5
1.6243690038564138 | 2 | -0.5
1.5582455459959044 | 2 | -0.5
1.5435939359652346 | 2 | -0.5
1.5936693604892709 | 2 | -0.5
1.7635688010483084 | 2 | -0.5
2.0538340771496255 | 2 | -0.5
2.4371665300855216 | 2 | -0.5
3.432006665012279 | 2 | -0.5
5.854017811420985 | 2 | -0.5
5.693848323782277 | 2 | -0.5
5.783682391548378 | 2 | -0.5
6.117288618483446 | 2 | -0.5
6.6820715342398165 | 2 | -0.5
2.4648812541631138 | 2 | -0.5
2.101457077108415 | 2 | -0.5
1.8728635062909236 | 2 | -0.5
1.8039955037721405 | 2 | -0.5
1.796828366439205 | 2 | -0.5
1.8561414891113808 | 2 | -0.5
2.044948302803862 | 2 | -0.5
2.3215727617479778 | 2 | -0.5
2.8425708703032897 | 2 | -0.5
6.790927159924803 | 2 | -0.5
6.329659764270804 | 2 | -0.5
6.108755268758881 | 2 | -0.5
6.12116322173928 | 2 | -0.5
4.914846963705006 | 2 | -0.5
3.074600323405908 | 2 | -0.5
2.182899460432056 | 2 | -0.5
1.9031863669329858 | 2 | -0.5
1.7515881505040436 | 2 | -0.5
1.6546714966184646 | 2 | -0.5
1.5779738543996336 | 2 | -0.5
1.6067063893747953 | 2 | -0.5
1.6067457619983097 | 2 | -0.5
1.7903878007765979 | 2 | -0.5
1.9598694450461394 | 2 | -0.5
2.2512103543695914 | 2 | -0.5
2.7212003063582704 | 2 | -0.5
4.1850853912947175 | 2 | -0.5
5.84001767379622 | 2 | -0.5
5.86167533193178 | 2 | -0.5
5.987398631980788 | 2 | -0.5
6.39198003949582 | 2 | -0.5
2.945918379605562 | 2 | -0.5
2.3916491360252983 | 2 | -0.5
2.1272169623579744 | 2 | -0.5
1.9787987342254745 | 2 | -0.5
1.890663148117603 | 2 | -0.5
1.931827274071464 | 2 | -0.5
1.9688293046300391 | 2 | -0.5
2.147803561452762 | 2 | -0.5
2.356807451069918 | 2 | -0.5
2.871796211590554 | 2 | -0.5
6.962322928388396 | 2 | -0.5
6.388496322072746 | 2 | -0.5
6.155574700288888 | 2 | -0.5
6.08725003831582 | 2 | -0.5
5.697447394587233 | 2 | -0.5
3.0238565634483523 | 2 | -0.5
2.3601186798948115 | 2 | -0.5
1.960074336495473 | 2 | -0.5
1.7405368910858292 | 2 | -0.5
1.5882627669906426 | 2 | -0.5
1.5692946849349798 | 2 | -0.5
1.5715109275015984 | 2 | -0.5
1.648377186212778 | 2 | -0.5
1.7050860828539367 | 2 | -0.5
1.96443714692008 | 2 | -0.5
2.366420124489571 | 2 | -0.5
3.259246508320803 | 2 | -0.5
5.947361286456516 | 2 | -0.5
5.8062136748990705 | 2 | -0.5
5.87630947569848 | 2 | -0.5
6.271467420346579 | 2 | -0.5
3.1893453692753853 | 2 | -0.5
2.5516550763155093 | 2 | -0.5
2.270760260213338 | 2 | -0.5
2.0445233424223583 | 2 | -0.5
1.9813637329934803 | 2 | -0.5
1.8859131749572713 | 2 | -0.5
1.9198300105467854 | 2 | -0.5
2.067467994347894 | 2 | -0.5
2.2348675309562975 | 2 | -0.5
2.626799168963017 | 2 | -0.5
3.186414776883274 | 2 | -0.5
6.702191845452063 | 2 | -0.5
6.243253789256926 | 2 | -0.5
6.091551867585137 | 2 | -0.5
6.238890350612174 | 2 | -0.5
3.179040961777816 | 2 | -0.5
2.3435068570522275 | 2 | -0.5
1.841449878753268 | 2 | -0.5
1.632270638945316 | 2 | -0.5
1.4736816050941755 | 2 | -0.5
1.4071989683406705 | 2 | -0.5
1.4199389957919797 | 2 | -0.5
1.4775779907990954 | 2 | -0.5
1.6291445234687898 | 2 | -0.5
1.8835775435772293 | 2 | -0.5
2.3535941742955844 | 2 | -0.5
3.546842203892142 | 2 | -0.5
5.782517981290392 | 2 | -0.5
5.710241559305179 | 2 | -0.5
5.820517277227782 | 2 | -0.5
6.225254798466262 | 2 | -0.5
3.126705292374259 | 2 | -0.5
2.4653607129115085 | 2 | -0.5
2.1843546539568477 | 2 | -0.5
1.9977202497354916 | 2 | -0.5
1.9679205766192043 | 2 | -0.5
1.9576664250811704 | 2 | -0.5
2.030980388502577 | 2 | -0.5
2.2291277816566293 | 2 | -0.5
2.5411881052359773 | 2 | -0.5
3.096396667707545 | 2 | -0.5
6.859385174915696 | 2 | -0.5
6.338469299961672 | 2 | -0.5
6.1736809155592285 | 2 | -0.5
6.257680392823229 | 2 | -0.5
3.4915757037139907 | 2 | -0.5
2.4464406872713576 | 2 | -0.5
1.9614019291527856 | 2 | -0.5
1.7386529896866285 | 2 | -0.5
1.5812328973055874 | 2 | -0.5
1.4609883198886138 | 2 | -0.5
1.4720942428299633 | 2 | -0.5
1.5192724299297098 | 2 | -0.5
1.5697639026328896 | 2 | -0.5
1.7356246306623195 | 2 | -0.5
1.9996739108459 | 2 | -0.5
2.4661134080974634 | 2 | -0.5
3.653198711710653 | 2 | -0.5
5.807742070999678 | 2 | -0.5
5.755068688018099 | 2 | -0.5
5.8576421627770365 | 2 | -0.5
6.258658384617044 | 2 | -0.5
3.2843469171281594 | 2 | -0.5
2.686361423504384 | 2 | -0.5
2.2930363444954445 | 2 | -0.5
2.1456957545186346 | 2 | -0.5
1.9959032270216712 | 2 | -0.5
1.9532583419677105 | 2 | -0.5
2.0035197076257623 | 2 | -0.5
2.082789901408175 | 2 | -0.5
2.243135563365461 | 2 | -0.5
2.625514725302836 | 2 | -0.5
3.2177632025031455 | 2 | -0.5
6.886144454435224 | 2 | -0.5
6.452375863748125 | 2 | -0.5
6.289325428085523 | 2 | -0.5
6.355913575566734 | 2 | -0.5
4.023754670945753 | 2 | -0.5
2.6490890401939082 | 2 | -0.5
2.027871833858189 | 2 | -0.5
1.8048966235995954 | 2 | -0.5
1.5908732152368774 | 2 | -0.5
1.460552402276366 | 2 | -0.5
1.4426548510993862 | 2 | -0.5
1.4807806053185513 | 2 | -0.5
1.5738691285823123 | 2 | -0.5
1.7033547746889977 | 2 | -0.5
2.0365032162069925 | 2 | -0.5
2.5769522821922313 | 2 | -0.5
3.572845188398664 | 2 | -0.5
5.776763875671823 | 2 | -0.5
5.71238167753313 | 2 | -0.5
5.831711922416122 | 2 | -0.5
6.184203669551697 | 2 | -0.5
6.83532992499225 | 2 | -0.5
2.7808063093210937 | 2 | -0.5
2.386848638463279 | 2 | -0.5
2.204370482272427 | 2 | -0.5
2.0960222787562097 | 2 | -0.5
2.069490027357062 | 2 | -0.5
2.0777627784119517 | 2 | -0.5
2.249693449743623 | 2 | -0.5
2.485333556513542 | 2 | -0.5
3.042209025801714 | 2 | -0.5
7.093851059890571 | 2 | -0.5
6.471524121367969 | 2 | -0.5
6.242285313267539 | 2 | -0.5
6.241332604393098 | 2 | -0.5
3.480860503360275 | 2 | -0.5
2.4095103853535775 | 2 | -0.5
1.8697104584943667 | 2 | -0.5
1.6064292222037075 | 2 | -0.5
1.4456531287703123 | 2 | -0.5
1.3664153787139999 | 2 | -0.5
1.3584076307134012 | 2 | -0.5
1.359045080576117 | 2 | -0.5
1.3745905173303132 | 2 | -0.5
1.5692067221542654 | 2 | -0.5
1.8299877193553526 | 2 | -0.5
2.26916911432688 | 2 | -0.5
2.9669824058048473 | 2 | -0.5
5.289685041414786 | 2 | -0.5
5.6837099910704545 | 2 | -0.5
5.828864966349848 | 2 | -0.5
6.147998431646215 | 2 | -0.5
3.2715754462388125 | 2 | -0.5
2.691660816524707 | 2 | -0.5
2.374782193694926 | 2 | -0.5
2.1234672297017387 | 2 | -0.5
2.057401929598363 | 2 | -0.5
2.02820648954415 | 2 | -0.5
2.109214276890858 | 2 | -0.5
2.2678438096002083 | 2 | -0.5
2.5006316454707975 | 2 | -0.5
2.9637283768522433 | 2 | -0.5
3.7448708120336742 | 2 | -0.5
6.664429358206551 | 2 | -0.5
6.3976458511006555 | 2 | -0.5
6.33678009134832 | 2 | -0.5
4.332337864750584 | 2 | -0.5
2.7764365282527392 | 2 | -0.5
2.1047645530131205 | 2 | -0.5
1.7704757849231851 | 2 | -0.5
1.5720396947043662 | 2 | -0.5
1.4222415389326495 | 2 | -0.5
1.3434655188315645 | 2 | -0.5
1.352229474934697 | 2 | -0.5
1.4127714279974821 | 2 | -0.5
1.4659901504020405 | 2 | -0.5
1.594741609297314 | 2 | -0.5
1.8133901559286638 | 2 | -0.5
2.3917622204361706 | 2 | -0.5
3.6107875342789404 | 2 | -0.5
5.570265030284801 | 2 | -0.5
5.504098924134755 | 2 | -0.5
5.684515683389195 | 2 | -0.5
6.189024130731705 | 2 | -0.5
3.062817881164001 | 2 | -0.5
2.6225752052070606 | 2 | -0.5
2.3394145514565237 | 2 | -0.5
2.1556477462384147 | 2 | -0.5
2.090278774653715 | 2 | -0.5
2.074051178311847 | 2 | -0.5
2.1416346082774718 | 2 | -0.5
2.363995520809313 | 2 | -0.5
2.661757909580961 | 2 | -0.5
3.1157780487165883 | 2 | -0.5
7.308504936528962 | 2 | -0.5
6.625565683191831 | 2 | -0.5
6.375363273379837 | 2 | -0.5
6.397705536328787 | 2 | -0.5
4.230317683567603 | 2 | -0.5
2.6203671912900632 | 2 | -0.5
1.9424994033881577 | 2 | -0.5
1.6686844793413627 | 2 | -0.5
1.472850531412099 | 2 | -0.5
1.3817361072912093 | 2 | -0.5
1.3256154834043428 | 2 | -0.5
1.3005419308284387 | 2 | -0.5
1.4087766400497133 | 2 | -0.5
1.5405413172541664 | 2 | -0.5
1.6851457765826607 | 2 | -0.5
2.111020741063644 | 2 | -0.5
2.9633136240431694 | 2 | -0.5
5.451036313774457 | 2 | -0.5
5.476998845188708 | 2 | -0.5
5.616878052329705 | 2 | -0.5
6.0445405971991235 | 2 | -0.5
6.821464481351686 | 2 | -0.5
2.6967638776411844 | 2 | -0.5
2.310080847842374 | 2 | -0.5
2.1641531161910783 | 2 | -0.5
2.0690201846887004 | 2 | -0.5
2.092584462618789 | 2 | -0.5
2.115919839613012 | 2 | -0.5
2.2934682506271966 | 2 | -0.5
2.5972325355747627 | 2 | -0.5
3.1527617676814352 | 2 | -0.5
7.313201073382333 | 2 | -0.5
6.721544480582696 | 2 | -0.5
6.499223283448003 | 2 | -0.5
6.503282885015649 | 2 | -0.5
4.188417593707084 | 2 | -0.5
2.7808784172874264 | 2 | -0.5
2.01592567154206 | 2 | -0.5
1.6870513179182858 | 2 | -0.5
1.50805598572935 | 2 | -0.5
1.4453977693370357 | 2 | -0.5
1.4239020534000861 | 2 | -0.5
1.4094520067104859 | 2 | -0.5
1.5665076044988941 | 2 | -0.5
1.6647083418381008 | 2 | -0.5
1.9753895143311608 | 2 | -0.5
2.43247805168851 | 2 | -0.5
3.546758037642188 | 2 | -0.5
5.4694341917483005 | 2 | -0.5
5.413432659447022 | 2 | -0.5
5.520569126692979 | 2 | -0.5
5.945408691450511 | 2 | -0.5
2.9567177665932043 | 2 | -0.5
2.4495834502675122 | 2 | -0.5
2.0991557845804363 | 2 | -0.5
1.996912149013227 | 2 | -0.5
1.9147028121743408 | 2 | -0.5
1.9516306688245875 | 2 | -0.5
2.0601544029840486 | 2 | -0.5
2.2784438116748764 | 2 | -0.5
2.575425552482001 | 2 | -0.5
3.2597771535729616 | 2 | -0.5
7.017920724197555 | 2 | -0.5
6.63028116916663 | 2 | -0.5
6.459731768134659 | 2 | -0.5
6.6297194165060525 | 2 | -0.5
3.2710658283257135 | 2 | -0.5
2.219395156056656 | 2 | -0.5
1.8727962841923684 | 2 | -0.5
1.6104483368604774 | 2 | -0.5
1.5161076456380511 | 2 | -0.5
1.4093546002693378 | 2 | -0.5
1.4117153669391065 | 2 | -0.5
1.4195917672908858 | 2 | -0.5
1.507011060559617 | 2 | -0.5
1.703285812393745 | 2 | -0.5
1.9287225094760043 | 2 | -0.5
2.2842914373407077 | 2 | -0.5
3.1201443742332775 | 2 | -0.5
5.507290506745432 | 2 | -0.5
5.375254375566304 | 2 | -0.5
5.406561984314925 | 2 | -0.5
5.647026423420243 | 2 | -0.5
6.217693212257466 | 2 | -0.5
2.843637213093287 | 2 | -0.5
2.3492002415283273 | 2 | -0.5
2.1439368900159423 | 2 | -0.5
1.967939511716599 | 2 | -0.5
1.9804171363141756 | 2 | -0.5
1.9975177011132956 | 2 | -0.5
2.0554489656536674 | 2 | -0.5
2.309198067580254 | 2 | -0.5
2.7889222006735546 | 2 | -0.5
3.5386348166871944 | 2 | -0.5
6.870592567725801 | 2 | -0.5
6.620408580079133 | 2 | -0.5
6.5337779222360375 | 2 | -0.5
6.631242741746112 | 2 | -0.5
3.512683710173207 | 2 | -0.5
2.4229790729615512 | 2 | -0.5
1.8249635581552752 | 2 | -0.5
1.5672064891795325 | 2 | -0.5
1.5007057205678396 | 2 | -0.5
1.4759596070059169 | 2 | -0.5
1.4483183080161774 | 2 | -0.5
1.4866797795997178 | 2 | -0.5
1.5836222422137618 | 2 | -0.5
1.7549607723396892 | 2 | -0.5
1.9694996175272719 | 2 | -0.5
2.610130579514755 | 2 | -0.5
3.5515293560328183 | 2 | -0.5
5.4349109819353325 | 2 | -0.5
5.343605744217023 | 2 | -0.5
5.4231740787333775 | 2 | -0.5
5.874064719189381 | 2 | -0.5
2.940693481763964 | 2 | -0.5
2.4944469984493836 | 2 | -0.5
2.2052586967944015 | 2 | -0.5
2.106486359720619 | 2 | -0.5
1.9882364922165676 | 2 | -0.5
1.9785923628984152 | 2 | -0.5
2.093901611757023 | 2 | -0.5
2.208949345545368 | 2 | -0.5
2.5241753771846693 | 2 | -0.5
3.186708616910809 | 2 | -0.5
7.319540676072387 | 2 | -0.5
6.780587514847877 | 2 | -0.5
6.552283223710836 | 2 | -0.5
6.640093329640639 | 2 | -0.5
3.7847985461931115 | 2 | -0.5
2.6374089550147906 | 2 | -0.5
2.022181490982994 | 2 | -0.5
1.760954918576137 | 2 | -0.5
1.5371857471421606 | 2 | -0.5
1.4506589388240985 | 2 | -0.5
1.4318199724897187 | 2 | -0.5
1.4749740865091003 | 2 | -0.5
1.513242031781162 | 2 | -0.5
1.6532738676515655 | 2 | -0.5
1.8976475093908922 | 2 | -0.5
2.4494922653600435 | 2 | -0.5
3.5411215888911527 | 2 | -0.5
5.419264705527401 | 2 | -0.5
5.3195550028172365 | 2 | -0.5
5.47548185323176 | 2 | -0.5
5.7781072675809035 | 2 | -0.5
6.349085261662113 | 2 | -0.5
2.6697002679633224 | 2 | -0.5
2.3944189175736112 | 2 | -0.5
2.1623681568923776 | 2 | -0.5
2.0597186741370552 | 2 | -0.5
2.0340526607963216 | 2 | -0.5
2.0328720110706158 | 2 | -0.5
2.231342902408634 | 2 | -0.5
2.4041248255125387 | 2 | -0.5
2.7078487477727653 | 2 | -0.5
3.4733644091590765 | 2 | -0.5
7.0566745407650755 | 2 | -0.5
6.682614812128843 | 2 | -0.5
6.58068643648212 | 2 | -0.5
5.301514214739236 | 2 | -0.5
2.976523166056762 | 2 | -0.5
2.0268972736909 | 2 | -0.5
1.6399345848097193 | 2 | -0.5
1.4870679664965532 | 2 | -0.5
1.4095943458756857 | 2 | -0.5
1.3649527848224496 | 2 | -0.5
1.3888076660177406 | 2 | -0.5
1.4682048177997309 | 2 | -0.5
1.6019873734625245 | 2 | -0.5
1.8146383125493941 | 2 | -0.5
2.2309088555620162 | 2 | -0.5
3.07707250449371 | 2 | -0.5
5.478198366070234 | 2 | -0.5
5.388543725428292 | 2 | -0.5
5.434061544670629 | 2 | -0.5
5.887415547624268 | 2 | -0.5
6.516783197485264 | 2 | -0.5
2.7114892937600894 | 2 | -0.5
2.4029358654818553 | 2 | -0.5
2.2067546543407053 | 2 | -0.5
2.0902005923645044 | 2 | -0.5
2.0813840046301175 | 2 | -0.5
2.1123242792769057 | 2 | -0.5
2.3118443432948808 | 2 | -0.5
2.7838205143196584 | 2 | -0.5
3.4117021225341944 | 2 | -0.5
7.209281561151527 | 2 | -0.5
6.750419032305041 | 2 | -0.5
6.577009286424422 | 2 | -0.5
6.659728232727478 | 2 | -0.5
4.2370831987653395 | 2 | -0.5
2.6849038436254564 | 2 | -0.5
2.0601023038143844 | 2 | -0.5
1.734564722171819 | 2 | -0.5
1.4960281803282152 | 2 | -0.5
1.372140127829536 | 2 | -0.5
1.3520763149268895 | 2 | -0.5
1.3114832674500099 | 2 | -0.5
1.4174402886767976 | 2 | -0.5
1.5263661189658275 | 2 | -0.5
1.743674220629355 | 2 | -0.5
2.0616684994312395 | 2 | -0.5
2.6265887860776465 | 2 | -0.5
4.778736273370237 | 2 | -0.5
5.253691347833979 | 2 | -0.5
5.243059298953049 | 2 | -0.5
5.510208929830994 | 2 | -0.5
5.988541622625892 | 2 | -0.5
6.824345200760246 | 2 | -0.5
2.476356281042355 | 2 | -0.5
2.207627639595288 | 2 | -0.5
2.0779831492338054 | 2 | -0.5
2.0461707149785116 | 2 | -0.5
2.0775455217245744 | 2 | -0.5
2.2486516468651936 | 2 | -0.5
2.4430371806202205 | 2 | -0.5
2.8609187211910636 | 2 | -0.5
3.611204141304833 | 2 | -0.5
7.21482214936566 | 2 | -0.5
6.793698934514668 | 2 | -0.5
6.68748776850191 | 2 | -0.5
5.234792736319002 | 2 | -0.5
2.815502159542256 | 2 | -0.5
2.028834513201615 | 2 | -0.5
1.6692331957703435 | 2 | -0.5
1.4622935392273018 | 2 | -0.5
1.3279980536898708 | 2 | -0.5
1.274290173133881 | 2 | -0.5
1.3347012961420606 | 2 | -0.5
1.35987775192986 | 2 | -0.5
1.4510691436137693 | 2 | -0.5
1.698149153116889 | 2 | -0.5
2.1464440946031935 | 2 | -0.5
2.8142632968189765 | 2 | -0.5
5.132943172422581 | 2 | -0.5
5.0494119095255465 | 2 | -0.5
5.102447990694753 | 2 | -0.5
5.457252410922579 | 2 | -0.5
6.059767432061762 | 2 | -0.5
2.6259912873074334 | 2 | -0.5
2.2304977466423037 | 2 | -0.5
2.075957346311613 | 2 | -0.5
1.9892080894525597 | 2 | -0.5
1.9759510271429523 | 2 | -0.5
2.070269015552561 | 2 | -0.5
2.240389831349369 | 2 | -0.5
2.622586354441824 | 2 | -0.5
3.046327134376939 | 2 | -0.5
4.099559993760824 | 2 | -0.5
7.149180688897272 | 2 | -0.5
6.86560671598452 | 2 | -0.5
6.832390485208113 | 2 | -0.5
6.093533538119002 | 2 | -0.5
3.2501669205396957 | 2 | -0.5
2.2955410782374774 | 2 | -0.5
1.9273956100530405 | 2 | -0.5
1.634188272235355 | 2 | -0.5
1.464436832983858 | 2 | -0.5
1.4385323380442467 | 2 | -0.5
1.4446444486400527 | 2 | -0.5
1.45308138041373 | 2 | -0.5
1.5753381095515966 | 2 | -0.5
1.8041276119639302 | 2 | -0.5
2.1078603146754915 | 2 | -0.5
2.8737327412405405 | 2 | -0.5
4.438586889294951 | 2 | -0.5
5.068124763432537 | 2 | -0.5
5.0294054002272555 | 2 | -0.5
5.385933236807432 | 2 | -0.5
5.82278389374082 | 2 | -0.5
6.853334313504298 | 2 | -0.5
2.2978535952020405 | 2 | -0.5
2.096505375895933 | 2 | -0.5
1.993789006470518 | 2 | -0.5
1.9506460750082795 | 2 | -0.5
1.9747474348806773 | 2 | -0.5
2.0982343542760766 | 2 | -0.5
2.3613281088661786 | 2 | -0.5
2.721273915452548 | 2 | -0.5
3.5479807256231304 | 2 | -0.5
7.316170130274523 | 2 | -0.5
6.939192426577334 | 2 | -0.5
6.85468623277982 | 2 | -0.5
4.103910795813301 | 2 | -0.5
2.6137153756757687 | 2 | -0.5
2.032523625911897 | 2 | -0.5
1.6829921385494855 | 2 | -0.5
1.5198672641581799 | 2 | -0.5
1.4116787470496341 | 2 | -0.5
1.4363380230974683 | 2 | -0.5
1.4445750070586978 | 2 | -0.5
1.5323562641418662 | 2 | -0.5
1.6556534442966984 | 2 | -0.5
1.942143227369401 | 2 | -0.5
2.580805947371292 | 2 | -0.5
4.14248113692096 | 2 | -0.5
4.96391090952521 | 2 | -0.5
4.920055421287266 | 2 | -0.5
5.0583545800947975 | 2 | -0.5
5.331589961292125 | 2 | -0.5
5.9413985224563755 | 2 | -0.5
2.600543454228603 | 2 | -0.5
2.263624781496551 | 2 | -0.5
2.0425934252789104 | 2 | -0.5
1.9298620870360437 | 2 | -0.5
1.8898822962384434 | 2 | -0.5
1.9582199326999714 | 2 | -0.5
2.063646421362679 | 2 | -0.5
2.2541001393149815 | 2 | -0.5
2.6014965764660793 | 2 | -0.5
3.3299886802995586 | 2 | -0.5
7.549071626587913 | 2 | -0.5
7.102673676588491 | 2 | -0.5
6.923927318820795 | 2 | -0.5
7.053818148027408 | 2 | -0.5
3.564672254485692 | 2 | -0.5
2.407817391329725 | 2 | -0.5
1.890307125672427 | 2 | -0.5
1.6118392140820215 | 2 | -0.5
1.493869477805964 | 2 | -0.5
1.3894621083516905 | 2 | -0.5
1.3919722323939863 | 2 | -0.5
1.4830795852737675 | 2 | -0.5
1.586243805513826 | 2 | -0.5
1.8281042933676654 | 2 | -0.5
2.0888201669997186 | 2 | -0.5
2.801236137078867 | 2 | -0.5
5.037896179665361 | 2 | -0.5
4.909584852303047 | 2 | -0.5
4.989916922632459 | 2 | -0.5
5.32080085456485 | 2 | -0.5
5.875409590262558 | 2 | -0.5
6.913709101282289 | 2 | -0.5
2.3360236474161717 | 2 | -0.5
2.1364213928301647 | 2 | -0.5
2.0230533002841797 | 2 | -0.5
1.9953292951594679 | 2 | -0.5
2.0577745250544197 | 2 | -0.5
2.1391928068015957 | 2 | -0.5
2.375750237337962 | 2 | -0.5
2.895325894211526 | 2 | -0.5
3.7467674377007216 | 2 | -0.5
7.351697549753719 | 2 | -0.5
7.037805232082134 | 2 | -0.5
7.03479074703332 | 2 | -0.5
4.484114417069561 | 2 | -0.5
2.670403639632241 | 2 | -0.5
2.043098967420244 | 2 | -0.5
1.7099542094951563 | 2 | -0.5
1.4776610619219128 | 2 | -0.5
1.3534472910300313 | 2 | -0.5
1.2844441120377992 | 2 | -0.5
1.2890747649673029 | 2 | -0.5
1.3594005463196135 | 2 | -0.5
1.4389044009132852 | 2 | -0.5
1.6283594849334404 | 2 | -0.5
1.8189977954664331 | 2 | -0.5
2.4346265441291206 | 2 | -0.5
3.4172909942237295 | 2 | -0.5
4.975952372042895 | 2 | -0.5
4.878026112426974 | 2 | -0.5
4.988725718142254 | 2 | -0.5
5.387141603952712 | 2 | -0.5
5.9964776860619 | 2 | -0.5
6.891364520850657 | 2 | -0.5
2.4416287149525777 | 2 | -0.5
2.2239914488595924 | 2 | -0.5
2.132270623909578 | 2 | -0.5
2.1162556890074082 | 2 | -0.5
2.193432926820893 | 2 | -0.5
2.3421576723199613 | 2 | -0.5
2.578244473902589 | 2 | -0.5
3.1102276400938957 | 2 | -0.5
3.9506110273907744 | 2 | -0.5
7.376100517496163 | 2 | -0.5
7.143911123285939 | 2 | -0.5
7.07938267133615 | 2 | -0.5
4.737270743757211 | 2 | -0.5
2.772235399365231 | 2 | -0.5
2.0670662894664464 | 2 | -0.5
1.7165320069866161 | 2 | -0.5
1.5524458734898852 | 2 | -0.5
1.370869326209606 | 2 | -0.5
1.3288747115708783 | 2 | -0.5
1.3092071246880677 | 2 | -0.5
1.3597413095600328 | 2 | -0.5
1.4367612685271836 | 2 | -0.5
1.6263249586645063 | 2 | -0.5
1.8644937684129699 | 2 | -0.5
2.200473049956483 | 2 | -0.5
3.1039592173123784 | 2 | -0.5
4.972787821220876 | 2 | -0.5
4.877501846418713 | 2 | -0.5
5.009505687516037 | 2 | -0.5
5.284355257118138 | 2 | -0.5
6.0270885327110575 | 2 | -0.5
2.660595160269594 | 2 | -0.5
2.3708871323192686 | 2 | -0.5
2.2055590260632485 | 2 | -0.5
2.087760399455797 | 2 | -0.5
2.115497494695435 | 2 | -0.5
2.1634741555903823 | 2 | -0.5
2.382767594742652 | 2 | -0.5
2.595889679468356 | 2 | -0.5
3.150212401021256 | 2 | -0.5
4.324500436412878 | 2 | -0.5
7.273066052381708 | 2 | -0.5
6.969982135734935 | 2 | -0.5
6.974056431220614 | 2 | -0.5
4.324721771666678 | 2 | -0.5
2.4353300315183857 | 2 | -0.5
1.836537611563586 | 2 | -0.5
1.4857338274741418 | 2 | -0.5
1.3449146912139582 | 2 | -0.5
1.2291594821756722 | 2 | -0.5
1.243136087088567 | 2 | -0.5
1.1979497511639556 | 2 | -0.5
1.2937246082202796 | 2 | -0.5
1.4083763956704543 | 2 | -0.5
1.496949681476195 | 2 | -0.5
1.75085212064544 | 2 | -0.5
2.1362680283205755 | 2 | -0.5
3.0249534165788146 | 2 | -0.5
4.961195125966298 | 2 | -0.5
4.849390412224463 | 2 | -0.5
5.089866046317568 | 2 | -0.5
5.432648341259643 | 2 | -0.5
6.077830408873589 | 2 | -0.5
7.272195071344822 | 2 | -0.5
2.5128783957788263 | 2 | -0.5
2.2946818440432826 | 2 | -0.5
2.1935376946365293 | 2 | -0.5
2.179938413182054 | 2 | -0.5
2.2068835980141595 | 2 | -0.5
2.3684751428213877 | 2 | -0.5
2.6581713185665925 | 2 | -0.5
3.106726600968695 | 2 | -0.5
3.932269623727234 | 2 | -0.5
7.401499814946141 | 2 | -0.5
7.0359790361865695 | 2 | -0.5
6.928300526603361 | 2 | -0.5
4.8615443515300365 | 2 | -0.5
2.7604998421284543 | 2 | -0.5
1.8853565393783962 | 2 | -0.5
1.5438535781947451 | 2 | -0.5
1.3326836041709436 | 2 | -0.5
1.2188796675127318 | 2 | -0.5
1.209087202671858 | 2 | -0.5
1.180168051908118 | 2 | -0.5
1.2375832268219142 | 2 | -0.5
1.3402587631840177 | 2 | -0.5
1.4682289308246874 | 2 | -0.5
1.7910275850853776 | 2 | -0.5
2.283923863524466 | 2 | -0.5
3.453638740978816 | 2 | -0.5
4.9971820151001 | 2 | -0.5
4.925450557602367 | 2 | -0.5
5.159197852587659 | 2 | -0.5
5.637119953072857 | 2 | -0.5
6.397676592295286 | 2 | -0.5
2.702848932833113 | 2 | -0.5
2.407631595147233 | 2 | -0.5
2.2682247618265436 | 2 | -0.5
2.1996143183325465 | 2 | -0.5
2.191330179048664 | 2 | -0.5
2.2718943050421965 | 2 | -0.5
2.479752533595374 | 2 | -0.5
2.8630096968327776 | 2 | -0.5
3.5838136169441075 | 2 | -0.5
7.554878657163273 | 2 | -0.5
7.120640812308966 | 2 | -0.5
6.881505719947643 | 2 | -0.5
5.524056022332974 | 2 | -0.5
2.746776316272524 | 2 | -0.5
2.0552589095937526 | 2 | -0.5
1.5946675178159375 | 2 | -0.5
1.3882762792605856 | 2 | -0.5
1.2248164038696991 | 2 | -0.5
1.1671596392741062 | 2 | -0.5
1.1477414352587687 | 2 | -0.5
1.2087341387138124 | 2 | -0.5
1.2947199262557214 | 2 | -0.5
1.395785158680386 | 2 | -0.5
1.5926168645397063 | 2 | -0.5
2.0620689849959657 | 2 | -0.5
3.092111602990832 | 2 | -0.5
5.1226076559010485 | 2 | -0.5
5.079032687576648 | 2 | -0.5
5.22493518060416 | 2 | -0.5
5.784726198467516 | 2 | -0.5
6.632765417432662 | 2 | -0.5
2.7048875554658283 | 2 | -0.5
2.362997173422774 | 2 | -0.5
2.2715597172699815 | 2 | -0.5
2.1834969204980705 | 2 | -0.5
2.231062335542455 | 2 | -0.5
2.4359358568534772 | 2 | -0.5
2.7122446976089036 | 2 | -0.5
3.1453537812990477 | 2 | -0.5
3.975662204843297 | 2 | -0.5
7.254167447643081 | 2 | -0.5
6.949075092047009 | 2 | -0.5
6.836677920936851 | 2 | -0.5
4.252180171186712 | 2 | -0.5
2.602229006021175 | 2 | -0.5
2.016486451454488 | 2 | -0.5
1.5393830514347604 | 2 | -0.5
1.374841678709342 | 2 | -0.5
1.2679825120251325 | 2 | -0.5
1.2488367458231524 | 2 | -0.5
1.2630571410611848 | 2 | -0.5
1.3002985312444546 | 2 | -0.5
1.4487190118696258 | 2 | -0.5
1.6633083728792755 | 2 | -0.5
1.9493619240651234 | 2 | -0.5
2.5747559977592216 | 0 | 5.0
2.236291204618864 | 0 | 5.0
1.8709758377002337 | 0 | 5.0
1.4510593848447428 | 0 | 5.0
1.120798865127646 | 0 | -200.0
Total reward: -586.5
