-1.6, -4.5, 4.0, -2.8, -2.2, -2.6, -4.5, 2.3, 2.3, -1.2, 0.2, 0.0, 1.1, -0.8, -2.3, 5.8, 0.4, 2.2
parameter ends

state | action | reward
[1.5] | 1 | -0.5
1.6322070489317446 | 2 | -0.5
1.590391994044996 | 1 | -0.5
1.6620481243675356 | 2 | -0.5
1.599373064987284 | 1 | -0.5
1.651994271233252 | 2 | -0.5
1.6136374615161453 | 1 | -0.5
1.657461748763908 | 2 | -0.5
1.6279022634526568 | 1 | -0.5
1.7192376209663156 | 2 | -0.5
1.6425463746705518 | 1 | -0.5
1.7529132097236864 | 2 | -0.5
1.664726105615186 | 1 | -0.5
1.8043072422707078 | 0 | 5.0
1.886596267394972 | 0 | 5.0
1.9665116163525724 | 0 | 5.0
2.000705685541918 | 0 | 5.0
2.1503929056598063 | 2 | -0.5
1.9957085971214994 | 2 | -0.5
1.9930736675107934 | 2 | -0.5
2.028771508232651 | 2 | -0.5
2.1216734686435372 | 2 | -0.5
2.2791175072146492 | 2 | -0.5
2.6013328936486566 | 2 | -0.5
3.2264136292821908 | 2 | -0.5
4.213723701593947 | 2 | -0.5
3.8885878350347065 | 2 | -0.5
3.8049772682783365 | 2 | -0.5
3.8315271454205426 | 2 | -0.5
4.008893647800563 | 2 | -0.5
4.315358998650881 | 2 | -0.5
4.947882947960731 | 2 | -0.5
6.336896188665675 | 2 | -0.5
1.4897273084981892 | 2 | -0.5
1.4345525293585948 | 2 | -0.5
1.3664680573073138 | 2 | -0.5
1.3924546493441203 | 2 | -0.5
1.440205450196267 | 2 | -0.5
1.575968470141584 | 2 | -0.5
1.8899229357923173 | 2 | -0.5
2.3166131537162844 | 2 | -0.5
2.938372629588537 | 2 | -0.5
5.328249745778872 | 2 | -0.5
8.09719176326502 | 2 | -0.5
8.195272824363764 | 2 | -0.5
4.6291286851104125 | 2 | -0.5
3.2388475805608015 | 2 | -0.5
2.617731510268575 | 2 | -0.5
2.3367260271294112 | 2 | -0.5
2.1538070542781416 | 2 | -0.5
2.0996748601972026 | 2 | -0.5
2.0929878769831767 | 2 | -0.5
2.148160997782755 | 2 | -0.5
2.370918727824039 | 2 | -0.5
2.6514782810966406 | 2 | -0.5
3.3505647111881904 | 2 | -0.5
4.203255742745265 | 2 | -0.5
3.915444155720547 | 2 | -0.5
3.8866600897538817 | 2 | -0.5
3.9168899654403986 | 2 | -0.5
4.113292836418589 | 2 | -0.5
4.427205767165467 | 2 | -0.5
5.041035148965145 | 2 | -0.5
6.276223282079565 | 2 | -0.5
1.4469797334211265 | 2 | -0.5
1.354325328247856 | 2 | -0.5
1.347699201172237 | 2 | -0.5
1.3585731317997565 | 2 | -0.5
1.3861758136777662 | 2 | -0.5
1.4918895203868965 | 2 | -0.5
1.6792178026584454 | 2 | -0.5
2.026231304661986 | 2 | -0.5
2.6172849141129118 | 2 | -0.5
4.112564158262881 | 2 | -0.5
8.060827823551657 | 2 | -0.5
8.080453197237286 | 2 | -0.5
8.320875856419493 | 2 | -0.5
4.263813669162697 | 2 | -0.5
3.1297510337978762 | 2 | -0.5
2.6570224173063997 | 2 | -0.5
2.3707088815058857 | 2 | -0.5
2.2371431148105345 | 2 | -0.5
2.1212745522060596 | 2 | -0.5
2.1590636093924926 | 2 | -0.5
2.240502593508454 | 2 | -0.5
2.524632357551541 | 2 | -0.5
2.975781544792533 | 2 | -0.5
4.050544649348543 | 2 | -0.5
4.06726129933256 | 2 | -0.5
3.889875919686204 | 2 | -0.5
3.8784474121927395 | 2 | -0.5
3.9882827872169777 | 2 | -0.5
4.277420307540121 | 2 | -0.5
4.629395941508154 | 2 | -0.5
5.5141801212375965 | 2 | -0.5
1.4166759227989854 | 2 | -0.5
1.336758202416067 | 2 | -0.5
1.2570812413106698 | 2 | -0.5
1.2570263972727478 | 2 | -0.5
1.306766031987146 | 2 | -0.5
1.4541617824991298 | 2 | -0.5
1.5899106698823988 | 2 | -0.5
1.9680669305520315 | 2 | -0.5
2.6735887723264553 | 2 | -0.5
4.0671055910764045 | 2 | -0.5
8.031735915364193 | 2 | -0.5
8.089685025777452 | 2 | -0.5
8.500974710579275 | 2 | -0.5
3.7293683249467393 | 2 | -0.5
2.9255578684955243 | 2 | -0.5
2.5629019779923765 | 2 | -0.5
2.2913744031470467 | 2 | -0.5
2.2099278724959803 | 2 | -0.5
2.136364781732768 | 2 | -0.5
2.1475672428139014 | 2 | -0.5
2.2178944448704705 | 2 | -0.5
2.4378701882735316 | 2 | -0.5
2.771652570395625 | 2 | -0.5
3.366699466446496 | 2 | -0.5
4.216797291053076 | 2 | -0.5
3.94804854164428 | 2 | -0.5
3.843829200082044 | 2 | -0.5
3.876297911343957 | 2 | -0.5
4.101640257416552 | 2 | -0.5
4.443127929088192 | 2 | -0.5
5.184020699668599 | 2 | -0.5
6.216562990833749 | 2 | -0.5
1.2783670701879015 | 2 | -0.5
1.212509669278338 | 2 | -0.5
1.2137170953556993 | 2 | -0.5
1.1675697049274518 | 2 | -0.5
1.2478317410230606 | 2 | -0.5
1.3651397438374766 | 2 | -0.5
1.5009413862318564 | 2 | -0.5
1.7502038150035977 | 2 | -0.5
2.195336496690642 | 2 | -0.5
3.5159608132580615 | 2 | -0.5
8.067369564510573 | 2 | -0.5
8.044977878030126 | 2 | -0.5
8.433384560499102 | 2 | -0.5
4.129151064617152 | 2 | -0.5
3.110261326031179 | 2 | -0.5
2.6610865568392357 | 2 | -0.5
2.4138095068923113 | 2 | -0.5
2.2441253397893735 | 2 | -0.5
2.1865812686769863 | 2 | -0.5
2.199104046047492 | 2 | -0.5
2.259672942294568 | 2 | -0.5
2.5083013392208433 | 2 | -0.5
2.86460093337091 | 2 | -0.5
3.4842686603315793 | 2 | -0.5
4.372301652214924 | 2 | -0.5
4.012988641517747 | 2 | -0.5
3.876551998059414 | 2 | -0.5
3.9309733143424412 | 2 | -0.5
4.16945050823921 | 2 | -0.5
4.607892013265401 | 2 | -0.5
5.344505775622975 | 2 | -0.5
1.3421096119495524 | 2 | -0.5
1.240139514125282 | 2 | -0.5
1.177180228448932 | 2 | -0.5
1.1914056058274984 | 2 | -0.5
1.2113292064500787 | 2 | -0.5
1.3032673420335803 | 2 | -0.5
1.4627665069271598 | 2 | -0.5
1.6604073615616792 | 2 | -0.5
2.0273378059540943 | 2 | -0.5
2.779155007986751 | 2 | -0.5
5.319119741693872 | 2 | -0.5
8.010726447514475 | 2 | -0.5
8.194134372785932 | 2 | -0.5
5.3521201852680695 | 2 | -0.5
3.8711285583430897 | 2 | -0.5
3.0743835195865206 | 2 | -0.5
2.5650771822310756 | 2 | -0.5
2.362552476233491 | 2 | -0.5
2.222547495117867 | 2 | -0.5
2.2463899057672507 | 2 | -0.5
2.285716558460276 | 2 | -0.5
2.4831415074295204 | 2 | -0.5
2.785961944181364 | 2 | -0.5
3.3913422797541757 | 2 | -0.5
4.2432198840384325 | 2 | -0.5
3.947971994228491 | 2 | -0.5
3.8493439846583617 | 2 | -0.5
3.850467129619648 | 2 | -0.5
4.107882895864134 | 2 | -0.5
4.445914326856296 | 2 | -0.5
5.307107266835843 | 2 | -0.5
6.83583780832416 | 2 | -0.5
1.317041829642409 | 2 | -0.5
1.2666783594687232 | 2 | -0.5
1.2653087716247593 | 2 | -0.5
1.2824546104942853 | 2 | -0.5
1.3737777961708648 | 2 | -0.5
1.5316121041788988 | 2 | -0.5
1.827677248714977 | 2 | -0.5
2.5048061897800795 | 2 | -0.5
4.122017073800185 | 2 | -0.5
8.13764303620574 | 2 | -0.5
8.227548836280773 | 2 | -0.5
8.63747184333174 | 2 | -0.5
3.847212926035325 | 2 | -0.5
2.9314489122108265 | 2 | -0.5
2.444669011519052 | 2 | -0.5
2.2181151923345572 | 2 | -0.5
2.1364566565201693 | 2 | -0.5
2.128522342460797 | 2 | -0.5
2.2017540881968705 | 2 | -0.5
2.329499614543611 | 2 | -0.5
2.6832607211152677 | 2 | -0.5
3.1997282164945653 | 2 | -0.5
4.196777179137954 | 2 | -0.5
4.128162458140975 | 2 | -0.5
3.9216825460141487 | 2 | -0.5
3.892828320036825 | 2 | -0.5
4.010316217118012 | 2 | -0.5
4.301656920830757 | 2 | -0.5
4.781195899549845 | 2 | -0.5
5.681819983994146 | 2 | -0.5
1.4095484245311292 | 2 | -0.5
1.347020220552595 | 2 | -0.5
1.277801209705107 | 2 | -0.5
1.2390876576183332 | 2 | -0.5
1.320263388647305 | 2 | -0.5
1.3889483305735522 | 2 | -0.5
1.591747366479 | 2 | -0.5
1.9092714416724674 | 2 | -0.5
2.500672864287725 | 2 | -0.5
3.772172042955332 | 2 | -0.5
8.006147386727367 | 2 | -0.5
7.96071101533452 | 2 | -0.5
8.274498808700956 | 2 | -0.5
4.456705337251196 | 2 | -0.5
3.396532210619839 | 2 | -0.5
2.7583952858847796 | 2 | -0.5
2.441282371401747 | 2 | -0.5
2.2262357241447193 | 2 | -0.5
2.1218763438042414 | 2 | -0.5
2.138963470259249 | 2 | -0.5
2.2135192607048793 | 2 | -0.5
2.403364228338122 | 2 | -0.5
2.7536135842882916 | 2 | -0.5
3.476936304657721 | 2 | -0.5
4.276185438635065 | 2 | -0.5
3.995530402343446 | 2 | -0.5
3.924931531041655 | 2 | -0.5
4.0040042790559305 | 2 | -0.5
4.234782395286578 | 2 | -0.5
4.6877718767204755 | 2 | -0.5
5.534096106269019 | 2 | -0.5
6.791382811796774 | 2 | -0.5
1.3878043086478506 | 2 | -0.5
1.3195147647359688 | 2 | -0.5
1.2954961556473288 | 2 | -0.5
1.2682563094801154 | 2 | -0.5
1.3338513616211156 | 2 | -0.5
1.4371947974602859 | 2 | -0.5
1.6461149255233916 | 2 | -0.5
1.9246176869071112 | 2 | -0.5
2.840746151467656 | 2 | -0.5
4.310918302623892 | 2 | -0.5
8.080260143388092 | 2 | -0.5
8.052703927877836 | 2 | -0.5
8.274937833347416 | 2 | -0.5
4.726259103532449 | 2 | -0.5
3.43656860947561 | 2 | -0.5
2.8040589273616408 | 2 | -0.5
2.43780449099452 | 2 | -0.5
2.2852985892367474 | 2 | -0.5
2.2124283242296503 | 2 | -0.5
2.1716162451540053 | 2 | -0.5
2.298977822863198 | 2 | -0.5
2.452797692467025 | 2 | -0.5
2.7692030314219482 | 2 | -0.5
3.4741392686034605 | 2 | -0.5
4.350368830194959 | 2 | -0.5
4.003098851835235 | 2 | -0.5
3.902681733746754 | 2 | -0.5
3.935184462867767 | 2 | -0.5
4.1171537197548265 | 2 | -0.5
4.490140013054556 | 2 | -0.5
5.274336443561651 | 2 | -0.5
6.424902194691939 | 2 | -0.5
1.3442620240450787 | 2 | -0.5
1.2625218919099936 | 2 | -0.5
1.2720734311212791 | 2 | -0.5
1.3068342973915075 | 2 | -0.5
1.4177758469160213 | 2 | -0.5
1.6193789727831447 | 2 | -0.5
1.811811880975404 | 2 | -0.5
2.430719309682327 | 2 | -0.5
3.4814695575000334 | 2 | -0.5
8.119792624171534 | 2 | -0.5
8.140276693004223 | 2 | -0.5
8.450500189161982 | 2 | -0.5
4.060367670668228 | 2 | -0.5
3.0280987710879397 | 2 | -0.5
2.524091467180529 | 2 | -0.5
2.2094679161309436 | 2 | -0.5
2.084284020357063 | 2 | -0.5
1.9854549469448417 | 2 | -0.5
2.0593143580055098 | 2 | -0.5
2.1193662075392687 | 2 | -0.5
2.3304830122198275 | 2 | -0.5
2.7135776122752175 | 2 | -0.5
3.4059567988770127 | 2 | -0.5
4.178031330420509 | 2 | -0.5
3.8679082033080414 | 2 | -0.5
3.787603449967172 | 2 | -0.5
3.8394528341821026 | 2 | -0.5
4.088972726926957 | 2 | -0.5
4.626954757036689 | 2 | -0.5
5.408433363262696 | 2 | -0.5
7.069660194173253 | 2 | -0.5
1.5151407109465544 | 2 | -0.5
1.4692140510178677 | 2 | -0.5
1.4716780788041868 | 2 | -0.5
1.5036478510813862 | 2 | -0.5
1.6801316610185568 | 2 | -0.5
1.8238017083380544 | 2 | -0.5
2.130095884579486 | 2 | -0.5
2.757044205728247 | 2 | -0.5
4.222524576746832 | 2 | -0.5
8.123407809019623 | 2 | -0.5
8.095468557129527 | 2 | -0.5
8.382557812823423 | 2 | -0.5
4.277818301154416 | 2 | -0.5
3.0104867363990837 | 2 | -0.5
2.4278970069888457 | 2 | -0.5
2.15030397384166 | 0 | 5.0
2.2225755574948662 | 2 | -0.5
2.097736852557632 | 2 | -0.5
2.0534186928494456 | 2 | -0.5
2.0415984817281507 | 2 | -0.5
2.1127566457993154 | 2 | -0.5
2.293322231873204 | 2 | -0.5
2.6753794375026962 | 2 | -0.5
3.1853628535987006 | 2 | -0.5
4.40546799108391 | 2 | -0.5
4.068440661672015 | 2 | -0.5
4.010362286066441 | 2 | -0.5
4.038769669737329 | 2 | -0.5
4.301945835043809 | 2 | -0.5
4.597929094406995 | 2 | -0.5
5.295246387347465 | 2 | -0.5
6.525808601776656 | 2 | -0.5
1.4929745477112444 | 2 | -0.5
1.3911041394705368 | 2 | -0.5
1.4006137160371126 | 2 | -0.5
1.3670020879883515 | 2 | -0.5
1.463646525537412 | 2 | -0.5
1.534807992084284 | 2 | -0.5
1.7884592153581143 | 2 | -0.5
2.263287576883925 | 2 | -0.5
3.3416797983150066 | 2 | -0.5
7.11411718802845 | 2 | -0.5
7.990663070418853 | 2 | -0.5
8.134452983165662 | 2 | -0.5
4.638783359233591 | 2 | -0.5
3.4361145288570456 | 2 | -0.5
2.683822771758454 | 2 | -0.5
2.2635626648850073 | 2 | -0.5
2.11077726015357 | 2 | -0.5
2.032109174170245 | 2 | -0.5
2.0352370729661104 | 2 | -0.5
2.027944506872978 | 2 | -0.5
2.1882405746730647 | 2 | -0.5
2.4657721116458737 | 2 | -0.5
2.8551315346168087 | 2 | -0.5
3.656622687337386 | 2 | -0.5
4.204213578027629 | 2 | -0.5
4.0410038301757725 | 2 | -0.5
4.05149273933267 | 2 | -0.5
4.170615116556396 | 2 | -0.5
4.592848322549108 | 2 | -0.5
5.247379652033519 | 2 | -0.5
1.5427463721220884 | 2 | -0.5
1.441091193683925 | 2 | -0.5
1.312080826943215 | 2 | -0.5
1.3153782963477698 | 2 | -0.5
1.3256534191880884 | 2 | -0.5
1.4233687703672029 | 2 | -0.5
1.5757328324461077 | 2 | -0.5
1.7142440859018284 | 2 | -0.5
2.1081986813629516 | 2 | -0.5
2.825308751871076 | 2 | -0.5
5.549843447088235 | 2 | -0.5
7.890612286690046 | 2 | -0.5
7.943121071111813 | 2 | -0.5
8.275992499291291 | 2 | -0.5
4.106148461323518 | 2 | -0.5
3.1027005807690817 | 2 | -0.5
2.601130834770685 | 2 | -0.5
2.28871213500585 | 2 | -0.5
2.134135390912842 | 2 | -0.5
2.0497318406890654 | 2 | -0.5
2.0012740090940033 | 2 | -0.5
2.1448194060838497 | 2 | -0.5
2.2154238803911634 | 2 | -0.5
2.501061510020696 | 2 | -0.5
2.807142103678555 | 2 | -0.5
3.7043213742959997 | 2 | -0.5
4.217461898649428 | 2 | -0.5
4.012224346894343 | 2 | -0.5
3.998216627894715 | 2 | -0.5
4.138924304329655 | 2 | -0.5
4.429469138374556 | 2 | -0.5
4.948173752511147 | 2 | -0.5
5.840303275258884 | 2 | -0.5
1.449416302884598 | 2 | -0.5
1.3422551778698981 | 2 | -0.5
1.2781245759559525 | 2 | -0.5
1.2815748216852054 | 2 | -0.5
1.28737925102344 | 2 | -0.5
1.4457814898463075 | 2 | -0.5
1.564600462230069 | 2 | -0.5
1.8353806649414035 | 2 | -0.5
2.434088829226097 | 2 | -0.5
3.8866157584345227 | 2 | -0.5
7.875252972054328 | 2 | -0.5
7.881273407110434 | 2 | -0.5
8.171142855316365 | 2 | -0.5
4.348659233769033 | 2 | -0.5
3.201715085932535 | 2 | -0.5
2.6681112322842635 | 2 | -0.5
2.3174572306288814 | 2 | -0.5
2.194327773869015 | 2 | -0.5
2.131693788654073 | 2 | -0.5
2.1604401796827024 | 2 | -0.5
2.2764126435336367 | 2 | -0.5
2.491931978197623 | 2 | -0.5
2.7851824502995663 | 2 | -0.5
3.294435451544154 | 2 | -0.5
4.53206809102973 | 2 | -0.5
4.304389911239407 | 2 | -0.5
4.136860676701559 | 2 | -0.5
4.132438302480166 | 2 | -0.5
4.385128260850029 | 2 | -0.5
4.820663590939309 | 2 | -0.5
1.527414395006411 | 2 | -0.5
1.3325405551847047 | 2 | -0.5
1.2256655594455892 | 2 | -0.5
1.1622607720645353 | 2 | -0.5
1.156343393839425 | 2 | -0.5
1.1848719113585435 | 2 | -0.5
1.2369159201109732 | 2 | -0.5
1.3253411989076078 | 2 | -0.5
1.5311967960491752 | 2 | -0.5
1.8977584174246465 | 2 | -0.5
2.8235964939390996 | 2 | -0.5
5.112476138108291 | 2 | -0.5
7.820552422975454 | 2 | -0.5
7.882524698795774 | 2 | -0.5
8.407372679436834 | 2 | -0.5
3.896894518737777 | 2 | -0.5
3.096184517621749 | 2 | -0.5
2.7090726594621986 | 2 | -0.5
2.4394726280066132 | 2 | -0.5
2.356355899770867 | 2 | -0.5
2.3017892218794693 | 2 | -0.5
2.317068384029411 | 2 | -0.5
2.4238236234867157 | 2 | -0.5
2.6638929748514664 | 2 | -0.5
2.99646227143147 | 2 | -0.5
3.5100964731845 | 2 | -0.5
4.5100277215044455 | 2 | -0.5
4.203291899185149 | 2 | -0.5
4.0875438199778324 | 2 | -0.5
4.1316879673075775 | 2 | -0.5
4.447665907181451 | 2 | -0.5
5.003460890775991 | 2 | -0.5
1.3601003012788246 | 2 | -0.5
1.1797245667170684 | 2 | -0.5
1.1197781425729483 | 2 | -0.5
1.0560786349632798 | 2 | -0.5
1.0670808719770368 | 2 | -0.5
1.0468735646597664 | 2 | -0.5
1.118042167331708 | 2 | -0.5
1.195808516500982 | 2 | -0.5
1.4077770667249585 | 2 | -0.5
1.7813302535518727 | 2 | -0.5
2.7342506417486447 | 2 | -0.5
5.086064934698256 | 2 | -0.5
7.822447121071122 | 2 | -0.5
7.961766473523897 | 2 | -0.5
8.454874996428574 | 2 | -0.5
3.6724660504486493 | 2 | -0.5
2.995082467787708 | 2 | -0.5
2.590343043822432 | 2 | -0.5
2.32387358830922 | 2 | -0.5
2.2870996860194897 | 2 | -0.5
2.2881768690365325 | 2 | -0.5
2.393394077390063 | 2 | -0.5
2.5435177099003097 | 2 | -0.5
2.961066051168794 | 2 | -0.5
3.539206278485343 | 2 | -0.5
4.6301455972020715 | 2 | -0.5
4.253170467651328 | 2 | -0.5
4.129576302274465 | 2 | -0.5
4.119348234098223 | 2 | -0.5
4.30677767510091 | 2 | -0.5
4.817194171970957 | 2 | -0.5
5.416305998553933 | 2 | -0.5
1.2571950836274541 | 2 | -0.5
1.2010269446646284 | 2 | -0.5
1.0831817951726712 | 2 | -0.5
1.0674367594272525 | 2 | -0.5
1.0594729505147429 | 2 | -0.5
1.1075729393867602 | 2 | -0.5
1.2529816084545229 | 2 | -0.5
1.4278209125558479 | 2 | -0.5
1.7560076656993238 | 2 | -0.5
2.5068132126055804 | 2 | -0.5
4.873420892444844 | 2 | -0.5
7.7975198043400225 | 2 | -0.5
7.935345261980095 | 2 | -0.5
8.269796972955028 | 2 | -0.5
4.125907061399441 | 2 | -0.5
3.2611018509801566 | 2 | -0.5
2.737918475681836 | 2 | -0.5
2.5365924602112537 | 2 | -0.5
2.379527701731708 | 2 | -0.5
2.3270681447450627 | 2 | -0.5
2.2893160430036117 | 2 | -0.5
2.3721535976077686 | 2 | -0.5
2.562381897224782 | 2 | -0.5
2.8555581218025967 | 2 | -0.5
3.333723219583895 | 2 | -0.5
4.497674394825998 | 2 | -0.5
4.291285077792311 | 2 | -0.5
4.13498935376167 | 2 | -0.5
4.083837520076589 | 2 | -0.5
4.204703136493557 | 2 | -0.5
4.640971348429011 | 2 | -0.5
5.237654786815436 | 2 | -0.5
1.3424122110379084 | 2 | -0.5
1.1680093214290572 | 2 | -0.5
1.0366356317174468 | 2 | -0.5
1.1030899789815116 | 2 | -0.5
1.0260550810517775 | 2 | -0.5
1.0771214480284856 | 2 | -0.5
1.150457852383001 | 2 | -0.5
1.3358543590808494 | 2 | -0.5
1.6032218852049194 | 2 | -0.5
2.312226978678892 | 2 | -0.5
4.598722577237735 | 2 | -0.5
7.758126931670204 | 2 | -0.5
7.966167882088447 | 2 | -0.5
8.457224283182853 | 2 | -0.5
3.926378416916871 | 2 | -0.5
3.160995179349192 | 2 | -0.5
2.7323089721243856 | 2 | -0.5
2.4883652293424494 | 2 | -0.5
2.333426107519187 | 2 | -0.5
2.338478769150161 | 2 | -0.5
2.3335575206574504 | 2 | -0.5
2.475072737791592 | 2 | -0.5
2.702719955601263 | 2 | -0.5
3.1063484219098387 | 2 | -0.5
3.9409305883717614 | 2 | -0.5
4.519238778973214 | 2 | -0.5
4.260998741444963 | 2 | -0.5
4.154842072881422 | 2 | -0.5
4.192907205984049 | 2 | -0.5
4.414298275002125 | 2 | -0.5
4.922889058873144 | 2 | -0.5
5.452739278535704 | 2 | -0.5
1.2779491379040495 | 2 | -0.5
1.1850354272568104 | 2 | -0.5
1.1544868261948311 | 2 | -0.5
1.0995862045729086 | 2 | -0.5
1.1082987218463984 | 2 | -0.5
1.127770472765471 | 2 | -0.5
1.2251127058348792 | 2 | -0.5
1.3388209547403795 | 2 | -0.5
1.5850864605605652 | 2 | -0.5
2.008233407577036 | 2 | -0.5
3.248103628546897 | 2 | -0.5
7.824114079262104 | 2 | -0.5
7.906429940806841 | 2 | -0.5
8.294982451763351 | 2 | -0.5
4.065809810891151 | 2 | -0.5
3.301462535620217 | 2 | -0.5
2.7870194241070227 | 2 | -0.5
2.4969197831109935 | 2 | -0.5
2.354255892108564 | 2 | -0.5
2.2800669190456073 | 2 | -0.5
2.3266139023544694 | 2 | -0.5
2.4703693464987655 | 2 | -0.5
2.7259336101718667 | 2 | -0.5
3.092205827208535 | 2 | -0.5
3.769510063548468 | 2 | -0.5
4.475712465229869 | 2 | -0.5
4.156361468373256 | 2 | -0.5
4.113485948553207 | 2 | -0.5
4.1557636205580994 | 2 | -0.5
4.461710246633592 | 2 | -0.5
4.867132715107242 | 2 | -0.5
1.3485850820178467 | 2 | -0.5
1.1942310579672673 | 2 | -0.5
1.0860355733371485 | 2 | -0.5
1.072802445077714 | 2 | -0.5
1.0980601323028614 | 2 | -0.5
1.1124386013022314 | 2 | -0.5
1.2027451945887444 | 2 | -0.5
1.3080285628026769 | 2 | -0.5
1.6335587118357395 | 2 | -0.5
2.1316238602385145 | 2 | -0.5
3.513424908866095 | 2 | -0.5
7.754213499092123 | 2 | -0.5
7.801541504044248 | 2 | -0.5
8.176109910945089 | 2 | -0.5
4.233912204606272 | 2 | -0.5
3.322120924795783 | 2 | -0.5
2.8151663550662835 | 2 | -0.5
2.4816281484933085 | 2 | -0.5
2.284957146424194 | 2 | -0.5
2.253262122218568 | 2 | -0.5
2.2446899029025555 | 2 | -0.5
2.399762406491519 | 2 | -0.5
2.599752394649316 | 2 | -0.5
3.0661480062731616 | 2 | -0.5
3.6886490692387786 | 2 | -0.5
4.518067354093016 | 2 | -0.5
4.22415807904066 | 2 | -0.5
4.1978882220615885 | 2 | -0.5
4.232028700933321 | 2 | -0.5
4.430117949773925 | 2 | -0.5
4.761813949291831 | 2 | -0.5
5.374335139698847 | 2 | -0.5
1.4502898775968187 | 2 | -0.5
1.3928460878864213 | 2 | -0.5
1.3108097435886326 | 2 | -0.5
1.2455723397910925 | 2 | -0.5
1.1902030636555083 | 2 | -0.5
1.2720209811221332 | 2 | -0.5
1.3388789660484068 | 2 | -0.5
1.4291550908668298 | 2 | -0.5
1.7426768820943366 | 2 | -0.5
2.405422544335048 | 2 | -0.5
3.840543718314505 | 2 | -0.5
7.789973532895964 | 2 | -0.5
7.8068762469416395 | 2 | -0.5
8.179798440852267 | 2 | -0.5
4.34621541546582 | 2 | -0.5
3.2876977104971523 | 2 | -0.5
2.702903236840975 | 2 | -0.5
2.4712662170660513 | 2 | -0.5
2.2392109489731 | 2 | -0.5
2.156451540437446 | 2 | -0.5
2.176643585915274 | 2 | -0.5
2.286071282945007 | 2 | -0.5
2.4493582049180436 | 2 | -0.5
2.8477594661843146 | 2 | -0.5
3.480462586415786 | 2 | -0.5
4.610727625860999 | 2 | -0.5
4.346510954562997 | 2 | -0.5
4.220493606175894 | 2 | -0.5
4.236011098965811 | 2 | -0.5
4.414704322441996 | 2 | -0.5
4.879073785065638 | 2 | -0.5
5.8263835882055695 | 2 | -0.5
1.4624654663531178 | 2 | -0.5
1.3343375295255242 | 2 | -0.5
1.2884737671333597 | 2 | -0.5
1.2332262354891588 | 2 | -0.5
1.2683950833939102 | 2 | -0.5
1.3546991853028398 | 2 | -0.5
1.4529413180816761 | 2 | -0.5
1.7204096160975302 | 2 | -0.5
2.352275032126295 | 2 | -0.5
3.6340996421722758 | 2 | -0.5
7.791558459067605 | 2 | -0.5
7.728223408822413 | 2 | -0.5
8.004576338725714 | 2 | -0.5
4.483036779631848 | 2 | -0.5
3.2937881533733884 | 2 | -0.5
2.7830517276165283 | 2 | -0.5
2.3745609773879615 | 2 | -0.5
2.2175822740107796 | 2 | -0.5
2.133584903639748 | 2 | -0.5
2.1241920873905493 | 2 | -0.5
2.201843597339323 | 2 | -0.5
2.387047578821208 | 2 | -0.5
2.5933651534795215 | 2 | -0.5
3.0346430236724817 | 2 | -0.5
3.7201502944318046 | 2 | -0.5
4.446131125793582 | 2 | -0.5
4.20747988681629 | 2 | -0.5
4.192677144863992 | 2 | -0.5
4.308409999083955 | 2 | -0.5
4.605626239865773 | 2 | -0.5
5.178975642989811 | 2 | -0.5
6.072986465981422 | 2 | -0.5
1.4936700132914011 | 2 | -0.5
1.3429876906164926 | 2 | -0.5
1.309706003587894 | 2 | -0.5
1.285814648824774 | 2 | -0.5
1.2828442402418692 | 2 | -0.5
1.429773920258561 | 2 | -0.5
1.5870969020991605 | 2 | -0.5
1.8038399259326443 | 2 | -0.5
2.3440093114388403 | 2 | -0.5
3.4312657735281786 | 2 | -0.5
7.72275958809558 | 2 | -0.5
7.707208546676138 | 2 | -0.5
7.974131943874461 | 2 | -0.5
4.439813200954645 | 2 | -0.5
3.350628567981193 | 2 | -0.5
2.698643176224294 | 2 | -0.5
2.4631491688733638 | 2 | -0.5
2.2664091440273317 | 2 | -0.5
2.225096776892068 | 2 | -0.5
2.204744890030065 | 2 | -0.5
2.235221469440848 | 2 | -0.5
2.4474443585227172 | 2 | -0.5
2.743253063497463 | 2 | -0.5
3.246402335395059 | 2 | -0.5
4.244731131858495 | 2 | -0.5
4.429677429144197 | 2 | -0.5
4.277800919446666 | 2 | -0.5
4.272765440267679 | 2 | -0.5
4.562461936993668 | 2 | -0.5
5.121226102514288 | 2 | -0.5
1.7067450412698166 | 2 | -0.5
1.5404577101783432 | 2 | -0.5
1.3554936895314391 | 2 | -0.5
1.288909694080098 | 2 | -0.5
1.2984170646726196 | 2 | -0.5
1.3119241498093022 | 2 | -0.5
1.4164261334669255 | 2 | -0.5
1.5751331569206037 | 2 | -0.5
1.8910389154319747 | 2 | -0.5
2.381155059849557 | 2 | -0.5
3.756301130537386 | 2 | -0.5
7.741478999834599 | 2 | -0.5
7.679208820018811 | 2 | -0.5
7.939548377002769 | 2 | -0.5
4.95565337615348 | 2 | -0.5
3.6381172478678483 | 2 | -0.5
2.850081266144434 | 2 | -0.5
2.445940489284995 | 2 | -0.5
2.3246948528972444 | 2 | -0.5
2.201528469931324 | 2 | -0.5
2.173129388376036 | 2 | -0.5
2.2030729076757662 | 2 | -0.5
2.360369149174737 | 2 | -0.5
2.571887199229219 | 2 | -0.5
3.0138193078555235 | 2 | -0.5
3.861459492842645 | 2 | -0.5
4.527071811917439 | 2 | -0.5
4.302298996868508 | 2 | -0.5
4.243923075698308 | 2 | -0.5
4.349829837232281 | 2 | -0.5
4.649156749148365 | 2 | -0.5
5.21455871189715 | 2 | -0.5
1.628223085800751 | 2 | -0.5
1.4069681104738916 | 2 | -0.5
1.2782099799217785 | 2 | -0.5
1.2633191934662908 | 2 | -0.5
1.2170473072205596 | 2 | -0.5
1.2494788865275468 | 2 | -0.5
1.3477643341750107 | 2 | -0.5
1.59132792209242 | 2 | -0.5
1.8367004444226287 | 2 | -0.5
2.4772183031872896 | 2 | -0.5
4.564766214986615 | 2 | -0.5
7.6425570733778185 | 2 | -0.5
7.770033710515958 | 2 | -0.5
8.206755989585185 | 2 | -0.5
3.6887325382926224 | 2 | -0.5
3.0420384968883973 | 2 | -0.5
2.5534951937078407 | 2 | -0.5
2.3246433933268538 | 2 | -0.5
2.1840185966402923 | 2 | -0.5
2.1905576111312888 | 2 | -0.5
2.2635105864835765 | 2 | -0.5
2.390899919155273 | 2 | -0.5
2.661330434743416 | 2 | -0.5
3.1920148615805646 | 2 | -0.5
4.1892753158786205 | 2 | -0.5
4.416851971666218 | 2 | -0.5
4.239684626345957 | 2 | -0.5
4.247120507033349 | 2 | -0.5
4.428155445175301 | 2 | -0.5
4.8726364187355005 | 2 | -0.5
1.6072728369983162 | 2 | -0.5
1.3043064294101263 | 2 | -0.5
1.2182768896866474 | 2 | -0.5
1.1454364218038682 | 2 | -0.5
1.1588084783312262 | 2 | -0.5
1.1780544728771436 | 2 | -0.5
1.2193561340884793 | 2 | -0.5
1.2663370338119697 | 2 | -0.5
1.4269482024006743 | 2 | -0.5
1.750959154408527 | 2 | -0.5
2.283950435327154 | 2 | -0.5
3.7001902346545146 | 2 | -0.5
7.707541258570341 | 2 | -0.5
7.736842599031388 | 2 | -0.5
8.205138218832948 | 2 | -0.5
3.81803233626641 | 2 | -0.5
3.166247992297412 | 2 | -0.5
2.70733487484418 | 2 | -0.5
2.4320071918788657 | 2 | -0.5
2.3164925752991623 | 2 | -0.5
2.1936411191202096 | 2 | -0.5
2.246278904345827 | 2 | -0.5
2.4578018606502736 | 2 | -0.5
2.721198479594816 | 2 | -0.5
3.343555061744566 | 2 | -0.5
4.225556135351886 | 2 | -0.5
4.3967554841882786 | 2 | -0.5
4.156759830830707 | 2 | -0.5
4.138340898224438 | 2 | -0.5
4.270402640493053 | 2 | -0.5
4.583724964519108 | 2 | -0.5
5.1358626218670524 | 2 | -0.5
1.478654040998822 | 2 | -0.5
1.323492836692612 | 2 | -0.5
1.2366532378318156 | 2 | -0.5
1.2229108029934959 | 2 | -0.5
1.1770775593303984 | 2 | -0.5
1.1880011995352153 | 2 | -0.5
1.281238672598272 | 2 | -0.5
1.3616310286115267 | 2 | -0.5
1.5409327233794803 | 2 | -0.5
1.936149815369206 | 2 | -0.5
2.8427495076224045 | 2 | -0.5
6.044860502294992 | 2 | -0.5
7.823987456948001 | 2 | -0.5
8.036955587215177 | 2 | -0.5
5.111503068092474 | 2 | -0.5
3.3805250849672093 | 2 | -0.5
2.714952056623325 | 2 | -0.5
2.423057442943078 | 2 | -0.5
2.212658067866105 | 2 | -0.5
2.12900323383704 | 2 | -0.5
2.156214021862607 | 2 | -0.5
2.217032295133499 | 2 | -0.5
2.365855753852887 | 2 | -0.5
2.6622925854858592 | 2 | -0.5
3.1699382473607587 | 2 | -0.5
3.977552583880507 | 2 | -0.5
4.258882942967886 | 2 | -0.5
4.0344661484136815 | 2 | -0.5
4.005616737148466 | 2 | -0.5
4.12959420665012 | 2 | -0.5
4.410155125167211 | 2 | -0.5
4.838123612830933 | 2 | -0.5
5.682255560791001 | 2 | -0.5
1.593879409566263 | 2 | -0.5
1.4549275727491606 | 2 | -0.5
1.3684382473069383 | 2 | -0.5
1.3678619534021599 | 2 | -0.5
1.4049895459076802 | 2 | -0.5
1.477586690597168 | 2 | -0.5
1.7055143155525698 | 2 | -0.5
1.9704790970526471 | 2 | -0.5
2.4171725546067675 | 2 | -0.5
3.4081267655955885 | 2 | -0.5
6.478461379737483 | 2 | -0.5
7.984352483334525 | 2 | -0.5
8.137712749053263 | 2 | -0.5
4.942803415587161 | 2 | -0.5
3.5922603705125242 | 2 | -0.5
2.835117260826255 | 2 | -0.5
2.4864569844124733 | 2 | -0.5
2.327452521500738 | 2 | -0.5
2.236069558779748 | 2 | -0.5
2.2073058390831584 | 2 | -0.5
2.274494796272376 | 2 | -0.5
2.4904597138895164 | 2 | -0.5
2.845712661155668 | 2 | -0.5
3.576854580637075 | 2 | -0.5
4.328391534336671 | 2 | -0.5
3.998688649827401 | 2 | -0.5
3.8937410527890606 | 2 | -0.5
4.010153728961309 | 2 | -0.5
4.224713769059289 | 2 | -0.5
4.564801753204353 | 2 | -0.5
5.402455287907339 | 2 | -0.5
1.4279258365961345 | 2 | -0.5
1.3153094899748832 | 2 | -0.5
1.235156009844799 | 2 | -0.5
1.2264435463417627 | 2 | -0.5
1.2676589444146855 | 2 | -0.5
1.2996820341727102 | 2 | -0.5
1.4356054640620908 | 2 | -0.5
1.7055492478802698 | 2 | -0.5
2.24507777863716 | 2 | -0.5
3.129373387564747 | 2 | -0.5
7.9941405054832355 | 2 | -0.5
7.952255386452775 | 2 | -0.5
8.20979830643107 | 2 | -0.5
4.842506631272252 | 2 | -0.5
3.5828506632244363 | 2 | -0.5
2.991003627395894 | 2 | -0.5
2.609596225147862 | 2 | -0.5
2.3855640211625833 | 2 | -0.5
2.2886242726302624 | 2 | -0.5
2.230478471326057 | 2 | -0.5
2.318459585717938 | 2 | -0.5
2.465127583313024 | 2 | -0.5
2.832865928979079 | 2 | -0.5
3.4639055805910197 | 2 | -0.5
4.367307941736908 | 2 | -0.5
4.089498475350128 | 2 | -0.5
3.970458165324857 | 2 | -0.5
3.929098170615751 | 2 | -0.5
3.9984310809366415 | 2 | -0.5
4.383858203333225 | 2 | -0.5
5.11141788162735 | 2 | -0.5
5.953271592711752 | 2 | -0.5
1.27248444630654 | 2 | -0.5
1.1916583005390713 | 2 | -0.5
1.1522042432894248 | 2 | -0.5
1.1722104441349277 | 2 | -0.5
1.1778937191075014 | 2 | -0.5
1.2912848819772427 | 2 | -0.5
1.42470355666639 | 2 | -0.5
1.7645880238569007 | 2 | -0.5
2.3857726222973272 | 2 | -0.5
4.079212314216579 | 2 | -0.5
8.006555419992095 | 2 | -0.5
8.123008324510192 | 2 | -0.5
8.624803985061478 | 2 | -0.5
3.7762952019840275 | 2 | -0.5
3.021934073715667 | 2 | -0.5
2.617392555255911 | 2 | -0.5
2.3907805547682575 | 2 | -0.5
2.2536910264213628 | 2 | -0.5
2.1805428361187302 | 2 | -0.5
2.224392104662726 | 2 | -0.5
2.3634601747088975 | 2 | -0.5
2.6177819856693874 | 2 | -0.5
2.953472342604988 | 2 | -0.5
3.7929736716110156 | 2 | -0.5
4.207244248223814 | 2 | -0.5
3.9189066038093747 | 2 | -0.5
3.829248125784694 | 2 | -0.5
3.8741955024333783 | 2 | -0.5
4.038696877762166 | 2 | -0.5
4.459630529533521 | 2 | -0.5
5.140634045160894 | 2 | -0.5
6.387940539549625 | 2 | -0.5
1.292424807698122 | 2 | -0.5
1.2430153368584378 | 2 | -0.5
1.2257791259310895 | 2 | -0.5
1.2340323848036983 | 2 | -0.5
1.2870140527194847 | 2 | -0.5
1.4339434458185596 | 2 | -0.5
1.5961885351127334 | 2 | -0.5
1.9954298176785246 | 2 | -0.5
2.7532609511694663 | 2 | -0.5
5.834669203602592 | 2 | -0.5
8.043172491530132 | 2 | -0.5
8.271767063332824 | 2 | -0.5
5.035724993352884 | 2 | -0.5
3.488507405682431 | 2 | -0.5
2.9145413524175416 | 2 | -0.5
2.5193416489526936 | 2 | -0.5
2.236055074203068 | 2 | -0.5
2.17333147590427 | 2 | -0.5
2.1682960866192937 | 2 | -0.5
2.231821833368775 | 2 | -0.5
2.3646593524643924 | 2 | -0.5
2.725434758202511 | 2 | -0.5
3.4310634628179186 | 2 | -0.5
4.265331315806121 | 2 | -0.5
3.959359388811168 | 2 | -0.5
3.807542478584931 | 2 | -0.5
3.8854589866532834 | 2 | -0.5
4.050373319034816 | 2 | -0.5
4.507799448250777 | 2 | -0.5
5.132358130540106 | 2 | -0.5
6.4618929136617576 | 2 | -0.5
1.3473297512342874 | 2 | -0.5
1.2392357832421232 | 2 | -0.5
1.1968467454713536 | 2 | -0.5
1.2289569579701656 | 2 | -0.5
1.225455886068895 | 2 | -0.5
1.3714844807649076 | 2 | -0.5
1.5770828597892934 | 2 | -0.5
2.0054233599982436 | 2 | -0.5
2.8358207077248427 | 2 | -0.5
6.36329663367723 | 2 | -0.5
8.118374819962945 | 2 | -0.5
8.380855511136476 | 2 | -0.5
4.587620081348192 | 2 | -0.5
3.3652479066723173 | 2 | -0.5
2.792060610406964 | 2 | -0.5
2.500583138682555 | 2 | -0.5
2.2991008390517726 | 2 | -0.5
2.193943375905707 | 2 | -0.5
2.194061412176299 | 2 | -0.5
2.2537917565058025 | 2 | -0.5
2.400866092197356 | 2 | -0.5
2.6749338464192953 | 2 | -0.5
Total reward: -472.5
