2.9, 5.2, -3.2, -2.1, -2.1, -4.1, -2.0, -4.5, -2.1, 2.5
parameter ends

state | action | reward
[0.09] | [-1.06] | 9.173156038470697
0.0315950257151994 | [24.16] | 9.271799449767418
-0.02734131351165805 | [9.81] | 9.292399809608117
0.009079235619591949 | [0.83] | 9.297612449147557
0.13229719231306936 | [-9.24] | 9.219407812673538
0.24413757978433634 | [13.09] | 9.212439703065845
0.3546577933049163 | [-2.46] | 8.937390586297434
0.4642241273614241 | [21.29] | -1.1500995019643163
Total reward: 63.25410634706628
2.9, 5.2, -3.2, -2.1, -2.1, -4.1, -2.0, -4.5, -2.1, 2.5
parameter ends

state | action | reward
[0.04] | [-1.17] | 9.180583303623923
-0.011270990740097991 | [24.21] | 9.311519372625458
-0.06392941564370795 | [7.24] | 9.321240779479613
-0.017518299280824278 | [-6.73] | 9.221832445763509
0.025753358447192114 | [17.33] | 9.256778340370115
0.0664502828450835 | [5.36] | 9.178197019049573
0.20839604964360553 | [-12.66] | 9.051269128831803
0.34985403320307057 | [10.05] | -1.167989127480942
Total reward: 63.35343126226305
2.9, 5.2, -3.2, -2.1, -2.1, -4.1, -2.0, -4.5, -2.1, 2.5
parameter ends

state | action | reward
[0.02] | [-1.83] | 9.173037515622978
-0.035897914055667314 | [23.49] | 9.288765470499099
-0.08935334229613313 | [7.27] | 9.309941009145327
-0.04656594741395875 | [-4.88] | 9.20799679365722
-0.007846764640482083 | [17.34] | 9.228722900198628
0.027118093825147904 | [9.57] | 9.21859685231065
0.15783811806151404 | [0.38] | 9.130649344044421
0.3576698481696425 | [-8.45] | -1.0951242603857325
Total reward: 63.462585625092586
2.9, 5.2, -3.2, -2.1, -2.1, -4.1, -2.0, -4.5, -2.1, 2.5
parameter ends

state | action | reward
[0.07] | [-1.14] | 9.178267229825874
0.016467654584683016 | [24.27] | 9.28997313693758
-0.0389829485409548 | [9.12] | 9.308926287215016
0.0028017000180543747 | [-1.62] | 9.170867655476044
0.04097719735762089 | [19.87] | 9.16270003081375
0.07599523919915877 | [12.81] | 9.102931281412232
0.20866947898237642 | [2.54] | -1.2092639240126177
Total reward: 54.00440169766788
2.9, 5.2, -3.2, -2.1, -2.1, -4.1, -2.0, -4.5, -2.1, 2.5
parameter ends

state | action | reward
[-0.04] | [-3.35] | 9.209097601608592
-0.08727999105304579 | [21.1] | 9.341972672894475
-0.1349994024923602 | [0.61] | 9.331612915530693
-0.10127025229024018 | [-10.14] | 9.259628824810974
-0.09005760895982778 | [15.45] | 9.331063466259765
-0.08159257239592334 | [-0.38] | 9.264605558902455
-0.04417161313063399 | [11.87] | 9.288832196717717
0.022039602140001703 | [0.03] | 9.237584433821773
0.13891431453801448 | [3.05] | 9.093803229703363
0.30907453195727763 | [-19.09] | 8.992572657980958
0.4793712393656092 | [4.1] | -1.3820957506633285
Total reward: 90.96867780756743
2.9, 5.2, -3.2, -2.1, -2.1, -4.1, -2.0, -4.5, -2.1, 2.5
parameter ends

state | action | reward
[0.06] | [-0.83] | 9.228956716611478
0.01664275200587669 | [21.02] | 9.330267413731537
-0.02423790368399214 | [3.79] | 9.28975127269563
0.036261353920331765 | [-13.85] | 9.272646360028144
0.09508496369297864 | [11.88] | 9.26621041645278
0.15343968173933917 | [-8.89] | 9.110904529377152
0.21197793063317338 | [18.24] | 9.095861275135363
0.27135463460845965 | [-4.32] | -1.2233537760457094
Total reward: 63.371244207986365
2.9, 5.2, -3.2, -2.1, -2.1, -4.1, -2.0, -4.5, -2.1, 2.5
parameter ends

state | action | reward
[0.09] | [-1.34] | 9.175013467734416
0.03891888400699806 | [24.4] | 9.314063301567659
-0.013671733517287996 | [6.39] | 9.291694210845929
0.03601097995702679 | [-10.12] | 9.210567788984559
0.08403754996732352 | [15.85] | 9.224059282447568
0.13129124658860797 | [-1.97] | 8.958694898912343
0.1781318666442507 | [24.31] | -1.0695662291164807
Total reward: 54.10452672137599
2.9, 5.2, -3.2, -2.1, -2.1, -4.1, -2.0, -4.5, -2.1, 2.5
parameter ends

state | action | reward
[0.08] | [-0.83] | 9.21997996943469
0.03386505633644631 | [20.08] | 9.317898884447873
-0.008223320444109242 | [1.] | 9.256331242564636
0.04842852990392031 | [-18.73] | 9.330847853813765
0.10231043176036503 | [6.08] | 9.29395312690795
0.15479331552785086 | [-17.61] | 9.335514714710994
0.20647400730266374 | [6.25] | 9.28629744678236
0.258334050049449 | [-19.01] | 9.343765772295804
0.31127312072429525 | [2.01] | 9.228352660134894
0.36591953599775695 | [-23.05] | 9.296766775804999
0.42350665455863706 | [-9.05] | 9.30938828032385
0.3848916948657002 | [1.91] | 9.206934912959332
0.3500909017222841 | [-19.92] | 9.216998360942611
0.3185565031685897 | [-11.22] | 9.175699672027672
0.18885291063146253 | [1.24] | 8.961787451686837
0.060437833015861406 | [-17.8] | -1.1961388102661485
Total reward: 137.5843783145721
2.9, 5.2, -3.2, -2.1, -2.1, -4.1, -2.0, -4.5, -2.1, 2.5
parameter ends

state | action | reward
[0.03] | [-2.49] | 9.183893762311977
-0.013293428223851097 | [23.03] | 9.319449910542415
-0.062241266251591404 | [5.37] | 9.314235220471572
-0.010377420915363287 | [-9.54] | 9.229583554901785
0.03889194226008499 | [15.57] | 9.265114105315543
0.08611690450609871 | [1.72] | 9.137118160863322
0.23618489401785303 | [-19.3] | 9.083540329835252
0.38620792477660526 | [4.58] | -1.2137664925285672
Total reward: 63.3191685517133
2.9, 5.2, -3.2, -2.1, -2.1, -4.1, -2.0, -4.5, -2.1, 2.5
parameter ends

state | action | reward
[-0.02] | [-1.37] | 9.186267136516001
-0.08198364177390609 | [23.81] | 9.315929220655683
-0.14169770016548588 | [5.95] | 9.316800898577823
-0.10274445056679386 | [-9.6] | 9.262255190781246
-0.06713994869800177 | [15.02] | 9.314495556988682
-0.034341061528517874 | [0.95] | 9.24276453171757
0.09680451433320963 | [-17.43] | 9.216549939750305
0.2245106146080407 | [7.] | 9.063599448219886
0.35251411422107226 | [-19.33] | -1.0548516814523115
Total reward: 72.86381024175489
2.9, 5.2, -3.2, -2.1, -2.1, -4.1, -2.0, -4.5, -2.1, 2.5
parameter ends

state | action | reward
[-0.09] | [-2.21] | 9.206858823513445
-0.14427384051850692 | [21.69] | 9.350791385831105
-0.19812658313516845 | [0.35] | 9.350017239837994
-0.1829176226478168 | [-4.74] | 9.205795339252706
-0.20357363131096004 | [20.92] | 9.289902092946578
-0.2266621365276919 | [7.28] | 9.2887478244913
-0.15073017412865292 | [-5.27] | 9.140433860667777
-0.07726445681366745 | [17.78] | 9.124724588532048
-0.005229703113557398 | [4.34] | -1.1189332820322175
Total reward: 72.83833787304074
2.9, 5.2, -3.2, -2.1, -2.1, -4.1, -2.0, -4.5, -2.1, 2.5
parameter ends

state | action | reward
[0.09] | [-1.94] | 9.200125499982274
0.03356031841162896 | [22.68] | 9.335242903997589
-0.021946882951054892 | [2.73] | 9.28691702138312
0.0232706423639228 | [-16.61] | 9.323641290161424
0.06604272216704266 | [8.65] | 9.324534096501965
0.10735648953045057 | [-13.13] | 9.29227724619026
0.14751697063103242 | [12.54] | 9.333003681492912
0.1870268874189523 | [-8.96] | 9.218755944937676
0.22599245203523763 | [17.62] | 9.287719052847077
0.26458817570997867 | [-1.77] | 9.036854308220963
0.3027409586223912 | [24.93] | 9.074006476630286
0.3405010007592345 | [8.77] | -1.1378593652165383
Total reward: 100.57521815712902
2.9, 5.2, -3.2, -2.1, -2.1, -4.1, -2.0, -4.5, -2.1, 2.5
parameter ends

state | action | reward
[-0.07] | [-1.47] | 9.175593144203283
-0.12257931228735933 | [24.23] | 9.30658293898578
-0.1786628127025879 | [7.46] | 9.307465691241967
-0.13422417382756924 | [-6.36] | 9.185817093218544
-0.09234695215068049 | [18.07] | 9.203959076414188
-0.05239355008774117 | [5.28] | 9.063745404780567
0.0904956769186945 | [-15.39] | -1.0704494666904552
Total reward: 54.17271388215388
2.9, 5.2, -3.2, -2.1, -2.1, -4.1, -2.0, -4.5, -2.1, 2.5
parameter ends

state | action | reward
[0.02] | [-0.84] | 9.241672712769196
-0.02183552469488409 | [19.73] | 9.352407960668929
-0.058599324470130304 | [-1.58] | 9.180729631001897
-0.09656797216433424 | [23.93] | 9.26657647611305
-0.1368664521805589 | [10.96] | 9.266900710410606
-0.07865397875242947 | [0.4] | 9.211811870798567
0.04913898683147276 | [-5.99] | 9.006930115353322
0.14467233040310065 | [17.95] | -1.0963123422089789
Total reward: 63.430717134906594
2.9, 5.2, -3.2, -2.1, -2.1, -4.1, -2.0, -4.5, -2.1, 2.5
parameter ends

state | action | reward
[-0.06] | [-2.08] | 9.186632656379821
-0.11821031994847882 | [23.36] | 9.322713387092145
-0.1746723257015472 | [5.44] | 9.313445502238967
-0.13017207964153937 | [-10.12] | 9.241064928632621
-0.08815518547972447 | [15.22] | 9.278470711138741
-0.0479937045162091 | [0.2] | 9.220898537531825
0.053235963486387455 | [-1.08] | 8.92070736334753
0.11173078153973391 | [24.87] | -1.112405383673521
Total reward: 63.37152770268813
2.9, 5.2, -3.2, -2.1, -2.1, -4.1, -2.0, -4.5, -2.1, 2.5
parameter ends

state | action | reward
[0.07] | [-2.41] | 9.194344763192188
0.01666694224625263 | [22.78] | 9.32750985164388
-0.036066618285414555 | [4.44] | 9.3157027750176
0.011396315161982603 | [-11.64] | 9.271352698491267
0.05596555621861972 | [13.59] | 9.31887112291558
0.0981638760912614 | [-1.68] | 9.120001150994124
0.13814303631127575 | [22.51] | 9.13928095448025
0.17600021358024548 | [11.91] | 9.04906136374779
0.3150146813501098 | [-2.62] | -1.2496123459351298
Total reward: 72.48651233454754
2.9, 5.2, -3.2, -2.1, -2.1, -4.1, -2.0, -4.5, -2.1, 2.5
parameter ends

state | action | reward
[0.02] | [-2.29] | 9.203931420458613
-0.03468589555536798 | [22.65] | 9.341662476648041
-0.09111248986466716 | [2.68] | 9.276494297763744
-0.04446854576656015 | [-17.25] | 9.313450823300728
0.0011121795888080854 | [8.41] | 9.277540592496939
0.046794667106584274 | [-14.86] | 9.252743941414122
0.09351279241573628 | [10.59] | 9.205017861757003
0.14189791868135684 | [-14.43] | 9.145110247435188
0.19306293526709115 | [10.06] | 9.01892678063586
0.24681685163193257 | [-16.28] | -1.0681105668099735
Total reward: 81.96676787510027
2.9, 5.2, -3.2, -2.1, -2.1, -4.1, -2.0, -4.5, -2.1, 2.5
parameter ends

state | action | reward
[0.1] | [-2.31] | 9.205699704873917
0.0430205578811866 | [22.04] | 9.341485284289721
-0.014566863969839684 | [1.47] | 9.274359965713865
0.029395692647051948 | [-18.69] | 9.335319650605328
0.071215652983721 | [6.39] | 9.303664218731647
0.11190698498120809 | [-16.88] | 9.329318576246054
0.1519098659674209 | [7.56] | 9.305161009341067
0.19190113610633738 | [-16.93] | 9.332732171277142
0.23236788920436827 | [6.33] | 9.281921253038364
0.27389112293134005 | [-18.98] | 9.339700846981502
0.317233003406188 | [1.33] | 9.215680371323558
0.36277975805475704 | [-23.42] | 9.280766182034652
0.41161639630272806 | [-10.5] | 9.29957958061695
0.3652697534466801 | [-0.9] | 9.263195030834929
0.2265436902932767 | [13.86] | 9.25668201489398
0.09425847324533165 | [-9.12] | 9.147089452747819
-0.0379934723337419 | [15.01] | 9.027883085886012
-0.1711644455711627 | [-10.22] | -1.2464440552663592
Total reward: 156.29379434417015
2.9, 5.2, -3.2, -2.1, -2.1, -4.1, -2.0, -4.5, -2.1, 2.5
parameter ends

state | action | reward
[-0.09] | [-1.42] | 9.176276139906571
-0.14428129677890542 | [24.24] | 9.296722921537237
-0.2008838414077581 | [8.53] | 9.306048893170853
-0.15821173015849643 | [-3.48] | 9.161786580526835
-0.11851575547147132 | [19.49] | 9.162216456516543
-0.08123431789908848 | [9.56] | 9.062273787094567
0.0571226446756207 | [-6.48] | -1.1805890129263856
Total reward: 53.98473576582622
2.9, 5.2, -3.2, -2.1, -2.1, -4.1, -2.0, -4.5, -2.1, 2.5
parameter ends

state | action | reward
[0.02] | [-0.84] | 9.227157464131123
-0.032077796449403284 | [20.59] | 9.331995211325333
-0.07534735229696926 | [2.13] | 9.285702925123221
-0.01877606114956031 | [-16.64] | 9.324411767313526
0.0353977346967945 | [8.55] | 9.318639525931996
0.08843981020939962 | [-13.41] | 9.280990026085421
0.14090275173280112 | [12.34] | 9.298438450982662
0.19356986764127607 | [-10.42] | 9.182597827632472
0.24697084778801207 | [16.26] | 9.196900752727695
0.3015748102675596 | [-7.05] | 8.965508071789053
0.35783948683964545 | [20.87] | -1.078904678573214
Total reward: 91.33343734446929
