-2.6, 0.8, -2.5, 0.3, -2.1, 4.7, 4.3, -1.6, -0.4, -4.2, -4.3, 2.3, -4.5, -1.9, 5.8, -2.7, 1.2, -1.4
parameter ends

state | action | reward
[2.12] | 2 | -0.5
1.8082262004021394 | 2 | -0.5
1.6779692273231093 | 2 | -0.5
1.62775295930734 | 2 | -0.5
1.5907271788234507 | 2 | -0.5
1.641014642166746 | 2 | -0.5
1.6912042053946068 | 2 | -0.5
1.8108568621516796 | 2 | -0.5
2.03063958184286 | 2 | -0.5
2.3482026314167688 | 2 | -0.5
3.044759733739912 | 2 | -0.5
4.461767874622309 | 2 | -0.5
6.684860001529869 | 2 | -0.5
6.700012888306615 | 2 | -0.5
6.949304406813348 | 2 | -0.5
3.381490389823451 | 2 | -0.5
2.6364652113550813 | 2 | -0.5
2.2178881584967436 | 2 | -0.5
1.966594963405285 | 2 | -0.5
1.9083566215324992 | 2 | -0.5
1.809988672736265 | 2 | -0.5
1.8555368986747767 | 2 | -0.5
1.9248555129646967 | 2 | -0.5
2.060310260295826 | 2 | -0.5
2.3799807643292206 | 2 | -0.5
6.640366777328354 | 2 | -0.5
5.8954987089836655 | 2 | -0.5
5.49563361938399 | 2 | -0.5
5.29130529553829 | 2 | -0.5
5.290640691156396 | 2 | -0.5
3.7740054134909236 | 2 | -0.5
2.7190755609379424 | 2 | -0.5
2.097865737492227 | 2 | -0.5
1.8578100080065756 | 2 | -0.5
1.6823651494465965 | 2 | -0.5
1.566381639804047 | 2 | -0.5
1.5850577953969993 | 2 | -0.5
1.5428830465567875 | 2 | -0.5
1.6454281458538536 | 2 | -0.5
1.8568970731422574 | 2 | -0.5
2.152329273621987 | 2 | -0.5
2.7573356771520463 | 2 | -0.5
3.779075374733489 | 2 | -0.5
6.731393079727983 | 2 | -0.5
6.589724309413167 | 2 | -0.5
6.7015777890704955 | 2 | -0.5
7.163853518145692 | 2 | -0.5
2.9701162865053585 | 2 | -0.5
2.3064895387442523 | 2 | -0.5
2.1067842846825946 | 2 | -0.5
1.918138370526512 | 2 | -0.5
1.7959391524281945 | 2 | -0.5
1.7855827407676033 | 2 | -0.5
1.8729447126635808 | 2 | -0.5
2.0105547904540915 | 2 | -0.5
2.2079172793246826 | 2 | -0.5
2.6653275346876875 | 2 | -0.5
6.169707146823632 | 2 | -0.5
5.669235220445391 | 2 | -0.5
5.484949146189002 | 2 | -0.5
5.448666461111203 | 2 | -0.5
4.7464576829449685 | 2 | -0.5
3.018073042016169 | 2 | -0.5
2.309244065950176 | 2 | -0.5
2.020173385476095 | 2 | -0.5
1.8149718502661463 | 2 | -0.5
1.6704481571712608 | 2 | -0.5
1.6704845523612741 | 2 | -0.5
1.6032143907539231 | 2 | -0.5
1.7219625406699843 | 2 | -0.5
1.8970975482646804 | 2 | -0.5
2.206247613957382 | 2 | -0.5
2.6698535974544337 | 2 | -0.5
3.7068684613048393 | 2 | -0.5
6.386134405467714 | 2 | -0.5
6.465372645961033 | 2 | -0.5
6.535685191096016 | 2 | -0.5
6.897403515299607 | 2 | -0.5
3.100331893314446 | 2 | -0.5
2.475079657766817 | 2 | -0.5
2.098761548829515 | 2 | -0.5
1.8473324325739209 | 2 | -0.5
1.702584273353821 | 2 | -0.5
1.7621608414926462 | 2 | -0.5
1.8162314343586616 | 2 | -0.5
1.9051866848827037 | 2 | -0.5
2.1638791889173135 | 2 | -0.5
2.75024136440443 | 2 | -0.5
6.018491458670102 | 2 | -0.5
5.576879581234473 | 2 | -0.5
5.388373895117731 | 2 | -0.5
5.38906375153367 | 2 | -0.5
5.439427649328413 | 2 | -0.5
3.2809893438003632 | 2 | -0.5
2.501571962683241 | 2 | -0.5
2.1937302046214224 | 2 | -0.5
1.9318234509958871 | 2 | -0.5
1.8077470546865317 | 2 | -0.5
1.7455549421246732 | 2 | -0.5
1.8070267626635939 | 2 | -0.5
1.88144519202278 | 2 | -0.5
2.122181440303898 | 2 | -0.5
2.4422270318584958 | 2 | -0.5
2.9750393905117836 | 2 | -0.5
4.04879647417016 | 2 | -0.5
6.726500718071601 | 2 | -0.5
6.559621161346753 | 2 | -0.5
6.702272423921468 | 2 | -0.5
7.1318160612844945 | 2 | -0.5
2.9760853518309194 | 2 | -0.5
2.3209054879896414 | 2 | -0.5
2.0144164092368912 | 2 | -0.5
1.8528638541229 | 2 | -0.5
1.7274991194059108 | 2 | -0.5
1.7344031382346283 | 2 | -0.5
1.7091624998190846 | 2 | -0.5
1.846597908460431 | 2 | -0.5
1.9865185988389018 | 2 | -0.5
2.3177919761863706 | 2 | -0.5
6.248334736412189 | 2 | -0.5
5.672021670409882 | 2 | -0.5
5.358558513017342 | 2 | -0.5
5.263171962038484 | 2 | -0.5
5.401158615147958 | 2 | -0.5
3.4832516449414452 | 2 | -0.5
2.6397405920438146 | 2 | -0.5
2.133195585531572 | 2 | -0.5
1.8849331409927768 | 2 | -0.5
1.7351980655665604 | 2 | -0.5
1.6877633419192248 | 2 | -0.5
1.638455400495543 | 2 | -0.5
1.7019775630801426 | 2 | -0.5
1.8077507047367423 | 2 | -0.5
2.012598107258074 | 2 | -0.5
2.3933971548991475 | 2 | -0.5
2.952174068542884 | 2 | -0.5
4.301918934442536 | 2 | -0.5
6.7408815912939275 | 2 | -0.5
6.636883847024382 | 2 | -0.5
6.853150059511359 | 2 | -0.5
3.8955203655581543 | 2 | -0.5
2.714572705395156 | 2 | -0.5
2.25654293028098 | 2 | -0.5
1.95277825614159 | 2 | -0.5
1.8238150054066893 | 2 | -0.5
1.759717544273234 | 2 | -0.5
1.7579128788012914 | 2 | -0.5
1.812675485246627 | 2 | -0.5
1.909013585834558 | 2 | -0.5
2.182485045198052 | 2 | -0.5
2.5339029700563978 | 2 | -0.5
6.225383253119292 | 2 | -0.5
5.635082720284067 | 2 | -0.5
5.328334679662714 | 2 | -0.5
5.277404831883966 | 2 | -0.5
5.427823078962688 | 2 | -0.5
3.8030486595120645 | 2 | -0.5
2.682818729391061 | 2 | -0.5
2.1678151352896284 | 2 | -0.5
1.8734995488205475 | 2 | -0.5
1.6988673022907395 | 2 | -0.5
1.615637814257216 | 2 | -0.5
1.5797094725127718 | 2 | -0.5
1.6596774840763742 | 2 | -0.5
1.6804989474453647 | 2 | -0.5
1.883000863763463 | 2 | -0.5
2.1315450249879255 | 2 | -0.5
2.82984629651579 | 2 | -0.5
3.9806405887529803 | 2 | -0.5
6.764981090847552 | 2 | -0.5
6.634891314060707 | 2 | -0.5
6.793395640864143 | 2 | -0.5
7.259959378131595 | 2 | -0.5
3.05172217106181 | 2 | -0.5
2.436265779746761 | 2 | -0.5
2.170202542684846 | 2 | -0.5
2.0214584504773945 | 2 | -0.5
1.8938001152025192 | 2 | -0.5
1.8912273989108102 | 2 | -0.5
1.9339755842099615 | 2 | -0.5
2.143367469683736 | 2 | -0.5
2.469230906801222 | 2 | -0.5
6.433873647866921 | 2 | -0.5
5.750009655829315 | 2 | -0.5
5.348910563503388 | 2 | -0.5
5.265379020550113 | 2 | -0.5
5.405153894183965 | 2 | -0.5
3.001215878381132 | 2 | -0.5
2.1597289633720016 | 2 | -0.5
1.8022357967937 | 2 | -0.5
1.6541729906480631 | 2 | -0.5
1.5290988716165361 | 2 | -0.5
1.446158681082824 | 2 | -0.5
1.4137845112550924 | 2 | -0.5
1.5114082573821153 | 2 | -0.5
1.6408743957826148 | 2 | -0.5
1.8482701150638585 | 2 | -0.5
2.1983959936549153 | 2 | -0.5
2.7798483357999073 | 2 | -0.5
4.600193082514392 | 2 | -0.5
6.6492435474400855 | 2 | -0.5
6.650396903747975 | 2 | -0.5
6.80529426755994 | 2 | -0.5
7.2970434952516605 | 2 | -0.5
3.2695129610800326 | 2 | -0.5
2.661471540771843 | 2 | -0.5
2.378717021260643 | 2 | -0.5
2.1155480008151835 | 2 | -0.5
2.0415838160772255 | 2 | -0.5
1.9915402672889664 | 2 | -0.5
2.014905611170943 | 2 | -0.5
2.108431239180082 | 2 | -0.5
2.3231199471278523 | 2 | -0.5
2.6691431227392917 | 2 | -0.5
6.4130037757869784 | 2 | -0.5
5.764775364052284 | 2 | -0.5
5.3965078539173925 | 2 | -0.5
5.338584831722114 | 2 | -0.5
5.347295061529051 | 2 | -0.5
3.8597743681866574 | 2 | -0.5
2.5836111259749437 | 2 | -0.5
2.0282458086423953 | 2 | -0.5
1.7625219603947329 | 2 | -0.5
1.6133561407073282 | 2 | -0.5
1.5404134090089596 | 2 | -0.5
1.5337757850208933 | 2 | -0.5
1.597615225144082 | 2 | -0.5
1.6698573532564396 | 2 | -0.5
1.8202587893030484 | 2 | -0.5
2.182395957811115 | 2 | -0.5
2.731747927099892 | 2 | -0.5
4.044725614208653 | 2 | -0.5
6.70764326171642 | 2 | -0.5
6.693071719602211 | 2 | -0.5
6.833923653229216 | 2 | -0.5
7.287632962818698 | 2 | -0.5
3.3104321947414306 | 2 | -0.5
2.5332214356812357 | 2 | -0.5
2.241382430208782 | 2 | -0.5
2.030859178201256 | 2 | -0.5
1.947279341284744 | 2 | -0.5
1.8873677859121332 | 2 | -0.5
1.933018607992728 | 2 | -0.5
2.1119402346655622 | 2 | -0.5
2.2389276380121697 | 2 | -0.5
2.6237233228077708 | 2 | -0.5
6.185166779006065 | 2 | -0.5
5.503177491239953 | 2 | -0.5
5.315744337181758 | 2 | -0.5
5.32582151489685 | 2 | -0.5
4.383912952883696 | 2 | -0.5
2.7625931387169693 | 2 | -0.5
2.2015267968192185 | 2 | -0.5
1.8501050144005056 | 2 | -0.5
1.6876398675345798 | 2 | -0.5
1.5872682540963907 | 2 | -0.5
1.5331823717855957 | 2 | -0.5
1.5354275549365266 | 2 | -0.5
1.6471312174212362 | 2 | -0.5
1.7916337804878955 | 2 | -0.5
2.0687073338335114 | 2 | -0.5
2.5490775790078404 | 2 | -0.5
3.6350054155845677 | 2 | -0.5
6.796870563838311 | 2 | -0.5
6.710993315017242 | 2 | -0.5
6.844529398743448 | 2 | -0.5
7.154952913071096 | 2 | -0.5
3.65535658055235 | 2 | -0.5
2.6705075778926846 | 2 | -0.5
2.348308994503208 | 2 | -0.5
2.129203057530209 | 2 | -0.5
1.994700133308872 | 2 | -0.5
1.9499494290357173 | 2 | -0.5
2.0435840734599524 | 2 | -0.5
2.207497228399838 | 2 | -0.5
2.588979413163975 | 2 | -0.5
6.829304602728781 | 2 | -0.5
5.875502711886895 | 2 | -0.5
5.388910612065249 | 2 | -0.5
5.267640316878545 | 2 | -0.5
5.248750648401843 | 2 | -0.5
4.026456301795075 | 2 | -0.5
2.5688454312494207 | 2 | -0.5
1.958262560285129 | 2 | -0.5
1.6697941934757443 | 2 | -0.5
1.4969944308042398 | 2 | -0.5
1.3931540378591918 | 2 | -0.5
1.3738237122327785 | 2 | -0.5
1.36712103901318 | 2 | -0.5
1.3997007764068832 | 2 | -0.5
1.5703885323003766 | 2 | -0.5
1.7804902194957781 | 2 | -0.5
2.074505907131791 | 2 | -0.5
2.697838398770494 | 2 | -0.5
4.80011709740152 | 2 | -0.5
6.621874832310813 | 2 | -0.5
6.696653450867282 | 2 | -0.5
7.0421993037270045 | 2 | -0.5
3.882480387705895 | 2 | -0.5
2.808980275760738 | 2 | -0.5
2.468843288655699 | 2 | -0.5
2.2682163211595534 | 2 | -0.5
2.1301064932932676 | 2 | -0.5
2.0804324005459613 | 2 | -0.5
2.167556302336907 | 2 | -0.5
2.35650174500946 | 2 | -0.5
2.558921876010755 | 2 | -0.5
7.016297329397698 | 2 | -0.5
6.048893840238965 | 2 | -0.5
5.593184784465764 | 2 | -0.5
5.356108607745759 | 2 | -0.5
5.379064045533673 | 2 | -0.5
3.729114672659956 | 2 | -0.5
2.4549916062409918 | 2 | -0.5
1.900155653424039 | 2 | -0.5
1.548181047347521 | 2 | -0.5
1.3982220303905473 | 2 | -0.5
1.3076422513821988 | 2 | -0.5
1.322044213043802 | 2 | -0.5
1.2915427267786033 | 2 | -0.5
1.3809289246550505 | 2 | -0.5
1.4906666038481156 | 2 | -0.5
1.7236246104804098 | 2 | -0.5
2.299897373912092 | 2 | -0.5
3.221702105086187 | 2 | -0.5
6.5720410220706 | 2 | -0.5
6.615103942417824 | 2 | -0.5
6.9083733871462885 | 2 | -0.5
4.05911914525358 | 2 | -0.5
2.926765663013906 | 2 | -0.5
2.4340431469384844 | 2 | -0.5
2.2877177757169735 | 2 | -0.5
2.111701323191072 | 2 | -0.5
2.060270796955526 | 2 | -0.5
2.128900374040039 | 2 | -0.5
2.2741483105457947 | 2 | -0.5
2.391116948389756 | 2 | -0.5
2.883589023657594 | 2 | -0.5
6.2559177085195286 | 2 | -0.5
5.613502904797549 | 2 | -0.5
5.386382584418317 | 2 | -0.5
5.3407615200909495 | 2 | -0.5
4.2129631969706995 | 2 | -0.5
2.714262550142146 | 2 | -0.5
1.966006209301397 | 2 | -0.5
1.7251302021694324 | 2 | -0.5
1.5184712837864265 | 2 | -0.5
1.4010805107579856 | 2 | -0.5
1.3948688761517487 | 2 | -0.5
1.4151098197192657 | 2 | -0.5
1.4810824297309162 | 2 | -0.5
1.6442567817317622 | 2 | -0.5
1.962338751265241 | 2 | -0.5
2.3655048383885666 | 2 | -0.5
3.3316669306461724 | 2 | -0.5
6.421554622317755 | 2 | -0.5
6.616844740984105 | 2 | -0.5
6.8004863320460025 | 2 | -0.5
7.202928478955561 | 2 | -0.5
3.2641566869511727 | 2 | -0.5
2.6925701291466226 | 2 | -0.5
2.2823266478516904 | 2 | -0.5
2.086065473126401 | 2 | -0.5
2.029139850442693 | 2 | -0.5
2.0563054304769492 | 2 | -0.5
2.0957963029999065 | 2 | -0.5
2.2116888623475646 | 2 | -0.5
2.4752992017446265 | 2 | -0.5
6.796242843842104 | 2 | -0.5
6.017106792664266 | 2 | -0.5
5.572007075177172 | 2 | -0.5
5.312729332647701 | 2 | -0.5
5.281518453305357 | 2 | -0.5
5.049708805798338 | 2 | -0.5
3.036742652878195 | 2 | -0.5
2.230665736336143 | 2 | -0.5
1.8863083654142467 | 2 | -0.5
1.6396960960706437 | 2 | -0.5
1.5666050649424967 | 2 | -0.5
1.5450834056276983 | 2 | -0.5
1.4462601148969474 | 2 | -0.5
1.569826156893331 | 2 | -0.5
1.6611255755957535 | 2 | -0.5
1.869465168639511 | 2 | -0.5
2.1912745198004755 | 2 | -0.5
3.0003674071710154 | 2 | -0.5
4.385125031778464 | 2 | -0.5
6.637979903701329 | 2 | -0.5
6.653604037077248 | 2 | -0.5
6.888677384622548 | 2 | -0.5
7.408776777108287 | 2 | -0.5
3.124789682093448 | 2 | -0.5
2.4303960305493564 | 2 | -0.5
2.1193159182193706 | 2 | -0.5
2.0120877176632606 | 2 | -0.5
1.9324599246078082 | 2 | -0.5
2.0040990952740265 | 2 | -0.5
2.0655627151788964 | 2 | -0.5
2.2785362900436676 | 2 | -0.5
2.524856333207317 | 2 | -0.5
6.4704258790934075 | 2 | -0.5
5.726945762197781 | 2 | -0.5
5.388529730147224 | 2 | -0.5
5.2426908018624765 | 2 | -0.5
5.210085256912615 | 2 | -0.5
4.603207333266321 | 2 | -0.5
2.7017220919104403 | 2 | -0.5
2.0392599882238285 | 2 | -0.5
1.7294664241976616 | 2 | -0.5
1.5069050319032582 | 2 | -0.5
1.4563285659669694 | 2 | -0.5
1.4226268469488785 | 2 | -0.5
1.420106321808239 | 2 | -0.5
1.48937693459776 | 2 | -0.5
1.6058371845512764 | 2 | -0.5
1.8686193335625043 | 2 | -0.5
2.4402067748425127 | 2 | -0.5
3.68480783361097 | 2 | -0.5
6.769471833938141 | 2 | -0.5
6.6484514387247735 | 2 | -0.5
6.871719819501674 | 2 | -0.5
4.051308865126648 | 2 | -0.5
3.1565809921803547 | 2 | -0.5
2.500927633496059 | 2 | -0.5
2.319110549125372 | 2 | -0.5
2.159255062742258 | 2 | -0.5
2.0369061855061124 | 2 | -0.5
2.022660410370967 | 2 | -0.5
2.070519257084617 | 2 | -0.5
2.245206698244733 | 2 | -0.5
2.558128610413166 | 2 | -0.5
2.911695895292629 | 2 | -0.5
6.16102621550639 | 2 | -0.5
5.649283551738156 | 2 | -0.5
5.41880194378898 | 2 | -0.5
5.417807787387891 | 2 | -0.5
4.961543535242701 | 2 | -0.5
2.784941016514685 | 2 | -0.5
2.0931484307166244 | 2 | -0.5
1.7610375364057465 | 2 | -0.5
1.5970356470525193 | 2 | -0.5
1.4194849036032755 | 2 | -0.5
1.436499319002364 | 2 | -0.5
1.3972951440174142 | 2 | -0.5
1.4799362017138984 | 2 | -0.5
1.5372565223031827 | 2 | -0.5
1.7521858026406953 | 2 | -0.5
2.2144329259354087 | 2 | -0.5
3.0453281364479596 | 2 | -0.5
5.067507416726656 | 2 | -0.5
6.463693742733959 | 2 | -0.5
6.546957567477737 | 2 | -0.5
6.86601567683442 | 2 | -0.5
3.7569781427804356 | 2 | -0.5
2.925712637079393 | 2 | -0.5
2.401725038104484 | 2 | -0.5
2.1268530142636934 | 2 | -0.5
2.0198763575925547 | 2 | -0.5
1.9507092351314277 | 2 | -0.5
1.993265581751728 | 2 | -0.5
2.1066247835378475 | 2 | -0.5
2.2847375881761116 | 2 | -0.5
2.624577946174458 | 2 | -0.5
6.288557952431529 | 2 | -0.5
5.7286442024405275 | 2 | -0.5
5.369586966224223 | 2 | -0.5
5.286240694113953 | 2 | -0.5
4.916311811068511 | 2 | -0.5
2.7661797126653753 | 2 | -0.5
2.0539951458195564 | 2 | -0.5
1.7784413389430767 | 2 | -0.5
1.5914905393276766 | 2 | -0.5
1.4963438171656593 | 2 | -0.5
1.437846814871013 | 2 | -0.5
1.4447200900412946 | 2 | -0.5
1.4944908370473413 | 2 | -0.5
1.6590848008832308 | 2 | -0.5
1.944740200339656 | 2 | -0.5
2.322641371729266 | 2 | -0.5
3.1446330532582225 | 2 | -0.5
4.816889912075287 | 2 | -0.5
6.703477080883147 | 2 | -0.5
6.782330696732586 | 2 | -0.5
7.05047759234127 | 2 | -0.5
4.017528394429363 | 2 | -0.5
2.9927914413560077 | 2 | -0.5
2.407351276879224 | 2 | -0.5
2.2094512442389553 | 2 | -0.5
2.080977572510646 | 2 | -0.5
2.046474322197552 | 2 | -0.5
2.115663918913132 | 2 | -0.5
2.2531211827259674 | 2 | -0.5
2.543567662058512 | 2 | -0.5
6.741332805183631 | 2 | -0.5
5.8489002736940705 | 2 | -0.5
5.465317611301993 | 2 | -0.5
5.238026781110337 | 2 | -0.5
5.261858375831964 | 2 | -0.5
4.107363065433079 | 2 | -0.5
2.5412045109651764 | 2 | -0.5
1.8375560493150582 | 2 | -0.5
1.5680933015261054 | 2 | -0.5
1.3786143084653035 | 2 | -0.5
1.312841593837844 | 2 | -0.5
1.277161439842678 | 2 | -0.5
1.3455633852839741 | 2 | -0.5
1.3236500098079074 | 2 | -0.5
1.4552858012147618 | 2 | -0.5
1.6761455826973812 | 2 | -0.5
2.029507674551325 | 2 | -0.5
2.4320263349347395 | 2 | -0.5
3.619285784947277 | 2 | -0.5
6.772927932543332 | 2 | -0.5
6.763703985860482 | 2 | -0.5
7.024367383599205 | 2 | -0.5
7.494733828073612 | 2 | -0.5
3.3306650352465796 | 2 | -0.5
2.7208278361534104 | 2 | -0.5
2.4096005031212027 | 2 | -0.5
2.236511282386203 | 2 | -0.5
2.1902301651910148 | 2 | -0.5
2.218203862495709 | 0 | 5.0
2.1746752542669325 | 2 | -0.5
2.362415311077683 | 2 | -0.5
2.6701002487743235 | 2 | -0.5
3.0274851499056448 | 2 | -0.5
6.35521447189394 | 2 | -0.5
5.6970183243172325 | 2 | -0.5
5.4017826488433425 | 2 | -0.5
5.320792421447505 | 2 | -0.5
4.5099745028935665 | 2 | -0.5
2.4176592072739793 | 2 | -0.5
1.794195518370433 | 2 | -0.5
1.4466803906472143 | 2 | -0.5
1.2689246440432564 | 2 | -0.5
1.1700955876315398 | 2 | -0.5
1.1551385553359423 | 2 | -0.5
1.1727250683517696 | 2 | -0.5
1.162213534562272 | 2 | -0.5
1.3166727635745537 | 2 | -0.5
1.4623890405018778 | 2 | -0.5
1.73508207787915 | 2 | -0.5
2.2297062651539994 | 2 | -0.5
3.5182849355701222 | 2 | -0.5
6.667522697257562 | 2 | -0.5
6.622609859156241 | 2 | -0.5
6.891573924181535 | 2 | -0.5
7.443181445485916 | 2 | -0.5
3.442742669080524 | 2 | -0.5
2.9110692882931803 | 2 | -0.5
2.547834552280398 | 2 | -0.5
2.3906145880681335 | 2 | -0.5
2.286944084183658 | 2 | -0.5
2.305339044331944 | 0 | 5.0
2.298086260939024 | 2 | -0.5
2.345636607561299 | 2 | -0.5
2.5108383238161247 | 2 | -0.5
2.8445647982350972 | 2 | -0.5
7.109794995642171 | 2 | -0.5
6.250472796358315 | 2 | -0.5
5.7208302180930115 | 2 | -0.5
5.5372078738445705 | 2 | -0.5
5.493376608300863 | 2 | -0.5
3.5969055800419087 | 2 | -0.5
2.192772858892009 | 2 | -0.5
1.6850155126939854 | 2 | -0.5
1.3343103272404555 | 2 | -0.5
1.2294584387715441 | 2 | -0.5
1.1688552811525321 | 2 | -0.5
1.1387564644502262 | 2 | -0.5
1.1405727079279364 | 2 | -0.5
1.130034316755748 | 2 | -0.5
1.2156780870177653 | 2 | -0.5
1.3182738096725177 | 2 | -0.5
1.544448320304475 | 2 | -0.5
1.9101342882865047 | 2 | -0.5
2.509907982560437 | 2 | -0.5
5.601283889322577 | 2 | -0.5
6.457908992032806 | 2 | -0.5
6.664303302419707 | 2 | -0.5
7.160538252339249 | 2 | -0.5
3.889809126566618 | 2 | -0.5
3.0857204917390435 | 2 | -0.5
2.6728673478351346 | 2 | -0.5
2.4581842258949536 | 2 | -0.5
2.330931529008133 | 2 | -0.5
2.359312672836381 | 0 | 5.0
2.3135611334615 | 0 | 5.0
2.314681754828583 | 2 | -0.5
2.423234918097467 | 2 | -0.5
2.6556587445859536 | 2 | -0.5
3.168273780286608 | 2 | -0.5
6.869977966292358 | 2 | -0.5
6.26062245020723 | 2 | -0.5
5.807033110784427 | 2 | -0.5
5.802405965264107 | 2 | -0.5
3.343308998274005 | 2 | -0.5
2.0643072738890518 | 2 | -0.5
1.586850615433417 | 2 | -0.5
1.3608764988860846 | 2 | -0.5
1.2481373124859194 | 2 | -0.5
1.1390584386234164 | 2 | -0.5
1.112147062927441 | 2 | -0.5
1.0954422040615928 | 2 | -0.5
1.0842704619727042 | 2 | -0.5
1.1777133166649858 | 2 | -0.5
1.323190632085733 | 2 | -0.5
1.5156225495603706 | 2 | -0.5
1.9141360409007468 | 2 | -0.5
2.657951920443 | 2 | -0.5
4.564531339404579 | 2 | -0.5
6.149057598813637 | 2 | -0.5
6.31346444167173 | 2 | -0.5
6.607339169797103 | 2 | -0.5
7.3873798274691875 | 2 | -0.5
3.1209879831556915 | 2 | -0.5
2.6353833635408153 | 2 | -0.5
2.3924511915976603 | 2 | -0.5
2.284489582325006 | 2 | -0.5
2.269552733385256 | 2 | -0.5
2.3329121215554305 | 2 | -0.5
2.489796342106126 | 2 | -0.5
2.721326269527657 | 2 | -0.5
3.132354299073081 | 2 | -0.5
6.704315554610759 | 2 | -0.5
6.094943365871086 | 2 | -0.5
5.789984668933157 | 2 | -0.5
5.792462633070244 | 2 | -0.5
3.6001011984717697 | 2 | -0.5
2.255852508158458 | 2 | -0.5
1.6588824035641914 | 2 | -0.5
1.4595895712919387 | 2 | -0.5
1.2373808038559762 | 2 | -0.5
1.1580225588906352 | 2 | -0.5
1.169880998144694 | 2 | -0.5
1.1716741591864037 | 2 | -0.5
1.1887988762511774 | 2 | -0.5
1.3019879022647556 | 2 | -0.5
1.464375482470813 | 2 | -0.5
1.8615585102388834 | 2 | -0.5
2.4986162004078647 | 2 | -0.5
3.9369813998553758 | 2 | -0.5
6.2077774419217615 | 2 | -0.5
6.3047727276637255 | 2 | -0.5
6.603882062983163 | 2 | -0.5
7.226468158676457 | 2 | -0.5
3.172409432465034 | 2 | -0.5
2.689074886604314 | 2 | -0.5
2.382371235905385 | 2 | -0.5
2.2720047984417047 | 2 | -0.5
2.224652921700235 | 2 | -0.5
2.2386221678801324 | 2 | -0.5
2.4365524524936926 | 2 | -0.5
2.5902808292752115 | 2 | -0.5
2.9907274919422573 | 2 | -0.5
6.7831798868297195 | 2 | -0.5
6.192434482370004 | 2 | -0.5
5.78492025981328 | 2 | -0.5
5.641911150482662 | 2 | -0.5
5.7091244506940635 | 2 | -0.5
2.980229077283127 | 2 | -0.5
1.9621181150290476 | 2 | -0.5
1.562750815752157 | 2 | -0.5
1.4050313857171484 | 2 | -0.5
1.1967997089918418 | 2 | -0.5
1.1820019773348156 | 2 | -0.5
1.1447322712141486 | 2 | -0.5
1.1855522981381312 | 2 | -0.5
1.2519518108112397 | 2 | -0.5
1.3223770123958665 | 2 | -0.5
1.507454660325818 | 2 | -0.5
2.024338486098813 | 2 | -0.5
3.0089572358380257 | 2 | -0.5
6.388397921499669 | 2 | -0.5
6.329407840288258 | 2 | -0.5
6.515407277413592 | 2 | -0.5
6.8608118228690556 | 2 | -0.5
3.784534213382608 | 2 | -0.5
3.040279153971267 | 2 | -0.5
2.557672617553995 | 2 | -0.5
2.3672908402562944 | 2 | -0.5
2.280494839114726 | 2 | -0.5
2.269924923189954 | 2 | -0.5
2.303857760710019 | 2 | -0.5
2.4857697103964553 | 2 | -0.5
2.8592610305968744 | 2 | -0.5
7.249871803550699 | 2 | -0.5
6.380154265875713 | 2 | -0.5
5.86482948338444 | 2 | -0.5
5.666628342962801 | 2 | -0.5
5.626665138510107 | 2 | -0.5
4.127375500744593 | 2 | -0.5
2.305340670148877 | 2 | -0.5
1.7933318224555572 | 2 | -0.5
1.558809258154437 | 2 | -0.5
1.426721971593285 | 2 | -0.5
1.2992420636485857 | 2 | -0.5
1.2394281184455858 | 2 | -0.5
1.2252280085962144 | 2 | -0.5
1.2635193833899119 | 2 | -0.5
1.391865809179281 | 2 | -0.5
1.513998954893386 | 2 | -0.5
1.8199760389188437 | 2 | -0.5
2.2457451812680964 | 2 | -0.5
3.1407010750393023 | 2 | -0.5
6.423238121821847 | 2 | -0.5
6.358241873808185 | 2 | -0.5
6.583778064794649 | 2 | -0.5
7.04932928659039 | 2 | -0.5
3.8311984562487558 | 2 | -0.5
3.124248722449143 | 2 | -0.5
2.555191630412094 | 2 | -0.5
2.366161088624416 | 2 | -0.5
2.2449400724089315 | 2 | -0.5
2.2419659380380095 | 2 | -0.5
2.269369591283134 | 2 | -0.5
2.4472290060591364 | 2 | -0.5
2.682388522895927 | 2 | -0.5
3.220666808204398 | 2 | -0.5
6.488815994642059 | 2 | -0.5
5.881800510082331 | 2 | -0.5
5.6002077853881165 | 2 | -0.5
5.552474992577491 | 2 | -0.5
3.3768173412603426 | 2 | -0.5
2.075954716464263 | 2 | -0.5
1.7103976182323843 | 2 | -0.5
1.466436309998769 | 2 | -0.5
1.3440687500500175 | 2 | -0.5
1.2244722531971644 | 2 | -0.5
1.1510897781587024 | 2 | -0.5
1.2085384769941727 | 2 | -0.5
1.2215419579223894 | 2 | -0.5
1.3245653193344953 | 2 | -0.5
1.4829796158748318 | 2 | -0.5
1.9388605979228961 | 2 | -0.5
2.751195044343453 | 2 | -0.5
5.6557810144423755 | 2 | -0.5
6.283131590883727 | 2 | -0.5
6.403433987015079 | 2 | -0.5
6.611854456495128 | 2 | -0.5
7.23112875030405 | 2 | -0.5
3.475446412671419 | 2 | -0.5
2.8743570582110576 | 2 | -0.5
2.508268058828127 | 2 | -0.5
2.3060818059598693 | 2 | -0.5
2.2227976391062105 | 2 | -0.5
2.2588121415729305 | 2 | -0.5
2.326675768157258 | 2 | -0.5
2.5012890127087606 | 2 | -0.5
2.8427177869068236 | 2 | -0.5
7.125428115094996 | 2 | -0.5
6.306567495815508 | 2 | -0.5
5.780654185790743 | 2 | -0.5
5.6068518006769015 | 2 | -0.5
5.64966529580948 | 2 | -0.5
3.1472539096376724 | 2 | -0.5
2.0572691714162907 | 2 | -0.5
1.5368808754581886 | 2 | -0.5
1.3212521945354936 | 2 | -0.5
1.166906159049969 | 2 | -0.5
1.1341017246437226 | 2 | -0.5
1.1298008322080768 | 2 | -0.5
1.1360437122795164 | 2 | -0.5
1.2121984734332365 | 2 | -0.5
1.3268768654715575 | 2 | -0.5
1.450974349646301 | 2 | -0.5
1.742641354549553 | 2 | -0.5
2.4713590253196944 | 2 | -0.5
4.308451480930855 | 2 | -0.5
6.327038324964336 | 2 | -0.5
6.550870200869963 | 2 | -0.5
6.926908572573196 | 2 | -0.5
3.851370059953968 | 2 | -0.5
3.06706466220688 | 2 | -0.5
2.622284460634822 | 2 | -0.5
2.425632264796181 | 2 | -0.5
2.3382273283235397 | 2 | -0.5
2.281690197150653 | 2 | -0.5
2.3321369632490567 | 0 | 5.0
2.3036815365917476 | 2 | -0.5
2.4811209848298468 | 2 | -0.5
2.6417032044587994 | 2 | -0.5
3.1019866958089373 | 2 | -0.5
6.921402177922315 | 2 | -0.5
6.149949909317335 | 2 | -0.5
5.823796942593259 | 2 | -0.5
5.653701497406755 | 2 | -0.5
4.817850219102627 | 2 | -0.5
2.2858738593768924 | 2 | -0.5
1.768911942691441 | 2 | -0.5
1.4254541366693356 | 2 | -0.5
1.278939665159185 | 2 | -0.5
1.1485656940052995 | 2 | -0.5
1.1214432212916354 | 2 | -0.5
1.0889168649046579 | 2 | -0.5
1.1568227950779082 | 2 | -0.5
1.204865253505938 | 2 | -0.5
1.3997446076860474 | 2 | -0.5
1.6491563895921229 | 2 | -0.5
2.145756019190974 | 2 | -0.5
2.9775635868045858 | 2 | -0.5
6.2669839344749665 | 2 | -0.5
6.235574717566704 | 2 | -0.5
6.474352876543012 | 2 | -0.5
7.007231429667071 | 2 | -0.5
3.5419624905901435 | 2 | -0.5
2.989872217810949 | 2 | -0.5
2.5513784692109547 | 2 | -0.5
2.4334370558040903 | 2 | -0.5
2.2998922028743674 | 2 | -0.5
2.3144218279190394 | 2 | -0.5
2.3313881370893608 | 2 | -0.5
2.5668158561102437 | 2 | -0.5
2.8718406084561514 | 2 | -0.5
7.032224836202122 | 2 | -0.5
6.346956130384408 | 2 | -0.5
5.8791523126986185 | 2 | -0.5
5.662940293825436 | 2 | -0.5
4.632771058257057 | 2 | -0.5
2.6125227654377032 | 2 | -0.5
1.8472306968235066 | 2 | -0.5
1.5311515359668397 | 2 | -0.5
1.2621416153428453 | 2 | -0.5
1.1431626723112067 | 2 | -0.5
1.0971271100902702 | 2 | -0.5
1.0684011854585076 | 2 | -0.5
1.0474843517171653 | 2 | -0.5
1.0917389703739537 | 2 | -0.5
1.1757260339017086 | 2 | -0.5
1.3855216457213113 | 2 | -0.5
1.694891739146254 | 2 | -0.5
2.1864267749864252 | 2 | -0.5
3.55827185952369 | 2 | -0.5
6.196927217315114 | 2 | -0.5
6.241765369986027 | 2 | -0.5
6.590344075836579 | 2 | -0.5
7.302497646904838 | 2 | -0.5
3.2065192348522387 | 2 | -0.5
2.7841481754499555 | 2 | -0.5
2.5658539912641136 | 2 | -0.5
2.4123982390807988 | 2 | -0.5
2.370460473557349 | 2 | -0.5
2.450020726285265 | 0 | 5.0
2.3996568692502467 | 2 | -0.5
2.598966141793346 | 2 | -0.5
2.9429105171649526 | 2 | -0.5
3.522467202095179 | 2 | -0.5
6.525108772237397 | 2 | -0.5
6.044654728311355 | 2 | -0.5
5.801403634113092 | 2 | -0.5
5.927586760832023 | 2 | -0.5
3.0671323329953086 | 2 | -0.5
1.9872529590787096 | 2 | -0.5
1.5360961394502528 | 2 | -0.5
1.3166745377646656 | 2 | -0.5
1.148444005730877 | 2 | -0.5
1.1257101501064743 | 2 | -0.5
1.0850034072074448 | 2 | -0.5
1.094646080239243 | 2 | -0.5
1.099594405354817 | 2 | -0.5
1.2111391177607675 | 2 | -0.5
1.3741929516097755 | 2 | -0.5
1.6441187594915223 | 2 | -0.5
2.6835617355878307 | 2 | -0.5
5.2077577252442 | 2 | -0.5
6.146066194756037 | 2 | -0.5
6.207755929791316 | 2 | -0.5
6.6552181393109375 | 2 | -0.5
7.369251395080089 | 2 | -0.5
3.1639056573650426 | 2 | -0.5
2.704866483760053 | 2 | -0.5
2.471212793204398 | 2 | -0.5
2.364502340224238 | 2 | -0.5
2.334870281414814 | 2 | -0.5
2.4104896507988354 | 2 | -0.5
2.537782448581331 | 2 | -0.5
2.8353487675255584 | 2 | -0.5
3.2689496513286036 | 2 | -0.5
7.052923174410367 | 2 | -0.5
6.296655338150946 | 2 | -0.5
5.97568407223763 | 2 | -0.5
5.918880239216689 | 2 | -0.5
3.977885588645517 | 2 | -0.5
2.237149941814258 | 2 | -0.5
1.5996312781468367 | 2 | -0.5
1.311035266249728 | 2 | -0.5
1.1494427319049674 | 2 | -0.5
1.1023035720383167 | 2 | -0.5
1.0681355376107584 | 2 | -0.5
1.0985780755316423 | 2 | -0.5
1.0952656489031296 | 2 | -0.5
1.2052151236146877 | 2 | -0.5
1.2743353023977273 | 2 | -0.5
1.4577573589526545 | 2 | -0.5
1.965378880229932 | 2 | -0.5
3.02677681694248 | 2 | -0.5
6.047684174171119 | 2 | -0.5
6.079265252103243 | 2 | -0.5
6.230221543558054 | 2 | -0.5
6.6803411939915796 | 2 | -0.5
7.516645631190146 | 2 | -0.5
3.0879203888055726 | 2 | -0.5
2.731049980303158 | 2 | -0.5
2.5343623331285974 | 2 | -0.5
2.393574861559436 | 2 | -0.5
2.4291257041640737 | 2 | -0.5
2.445876052695345 | 0 | 5.0
2.4091770281945477 | 2 | -0.5
2.563358659872378 | 2 | -0.5
2.820384324985354 | 2 | -0.5
3.349741186493884 | 2 | -0.5
7.301865911234943 | 2 | -0.5
6.658087191306771 | 2 | -0.5
6.302447073121016 | 2 | -0.5
6.115346791689647 | 2 | -0.5
4.583523270551814 | 2 | -0.5
2.5592276995978818 | 2 | -0.5
1.8504589890650336 | 2 | -0.5
1.4564023508668646 | 2 | -0.5
1.183374159142289 | 2 | -0.5
1.103982597423077 | 2 | -0.5
1.0616461049145243 | 2 | -0.5
1.043253715808153 | 2 | -0.5
1.0548627956079768 | 2 | -0.5
1.137465096927999 | 2 | -0.5
1.2923635944388017 | 2 | -0.5
1.4468423876234566 | 2 | -0.5
1.9919877199642482 | 2 | -0.5
3.1397240601978544 | 2 | -0.5
5.825192266498092 | 2 | -0.5
5.807401799758781 | 2 | -0.5
6.063210795874593 | 2 | -0.5
6.530414876277027 | 2 | -0.5
7.356300954919638 | 2 | -0.5
3.088988880197213 | 2 | -0.5
2.7489455631571764 | 2 | -0.5
2.50408943038118 | 2 | -0.5
2.375508537952415 | 2 | -0.5
2.3972794802855835 | 2 | -0.5
2.496848702351538 | 2 | -0.5
2.7625674074594078 | 2 | -0.5
3.2428394961026226 | 2 | -0.5
7.280344370550782 | 2 | -0.5
6.500515598579513 | 2 | -0.5
6.12262792652055 | 2 | -0.5
6.02971756123714 | 2 | -0.5
3.8244959304037036 | 2 | -0.5
2.244425068200324 | 2 | -0.5
1.5319929439614006 | 2 | -0.5
1.2777555934202842 | 2 | -0.5
1.1283231963631244 | 2 | -0.5
1.0709210176967991 | 2 | -0.5
0.9886503244240736 | 2 | -0.5
1.068575856567551 | 2 | -0.5
1.0846626228295306 | 2 | -0.5
1.130688905980493 | 2 | -0.5
1.2682660294724577 | 2 | -0.5
1.5515060850084859 | 2 | -0.5
2.054008250075906 | 2 | -0.5
3.1091257261676026 | 2 | -0.5
5.868019074886174 | 2 | -0.5
5.918353871357651 | 2 | -0.5
6.177789349961768 | 2 | -0.5
6.67105548247056 | 2 | -0.5
3.5977142523659924 | 2 | -0.5
2.9138878963903987 | 2 | -0.5
2.5297393850826078 | 2 | -0.5
2.3983493477038467 | 2 | -0.5
2.3705286305672764 | 2 | -0.5
2.3340830720544865 | 2 | -0.5
2.4630307411632018 | 2 | -0.5
2.6067202705371284 | 2 | -0.5
2.846419385666914 | 2 | -0.5
3.384996097006882 | 2 | -0.5
6.885578550465779 | 2 | -0.5
6.244664886321232 | 2 | -0.5
6.012085260600903 | 2 | -0.5
6.074287777924941 | 2 | -0.5
3.0154892824603707 | 2 | -0.5
1.8997245619210748 | 2 | -0.5
1.500668189476641 | 2 | -0.5
1.1926196857885887 | 2 | -0.5
1.1115286081681894 | 2 | -0.5
1.0535362185868566 | 2 | -0.5
1.033377792361276 | 2 | -0.5
1.0200675916117348 | 2 | -0.5
1.0910747151310807 | 2 | -0.5
1.1441359811870377 | 2 | -0.5
1.3590708566444585 | 2 | -0.5
1.739377163457134 | 2 | -0.5
2.4248611541393017 | 2 | -0.5
4.556010074064116 | 2 | -0.5
5.9380646798947385 | 2 | -0.5
6.089618528477441 | 2 | -0.5
6.63660060420089 | 2 | -0.5
7.439390132326687 | 2 | -0.5
3.089633151764373 | 2 | -0.5
2.674934939130172 | 2 | -0.5
2.5087319008245452 | 2 | -0.5
2.3885621507044275 | 2 | -0.5
Total reward: -461.5
