-0.2, 0.1, 2.1, -1.3, -2.8, 4.8, 2.2, 0.2, -3.6, -1.4, 2.5, -1.8, -1.4, -2.2, 5.4, 0.8, 1.8, -8.2
parameter ends

state | action | reward
[6.92] | 2 | -0.5
12.049983795120415 | 2 | -0.5
7.638056421351732 | 2 | -0.5
3.8654354576763827 | 2 | -0.5
2.9070609106942786 | 2 | -0.5
2.38324546516297 | 2 | -0.5
2.0245133267274555 | 2 | -0.5
1.853541283598009 | 2 | -0.5
1.765942919222102 | 0 | 5.0
1.7948151713890863 | 0 | 5.0
1.8134864453059256 | 0 | 5.0
1.826319915716759 | 0 | 5.0
1.8206362080525071 | 0 | 5.0
1.8749954924762695 | 0 | 5.0
1.8956800398961466 | 0 | 5.0
1.9407318424836555 | 0 | 5.0
1.984539896916954 | 0 | 5.0
2.0014137036238164 | 0 | 5.0
2.0160552513975003 | 0 | 5.0
2.0637974868714797 | 0 | 5.0
2.116703570454193 | 0 | 5.0
2.1853989624906136 | 0 | 5.0
2.2063013096227952 | 0 | 5.0
2.2073662578585975 | 0 | 5.0
2.211158651072156 | 0 | 5.0
2.272789890563911 | 0 | 5.0
2.3206849711207043 | 0 | 5.0
2.320436719484549 | 0 | 5.0
2.3242805937683904 | 0 | 5.0
2.362079487358483 | 0 | 5.0
2.3587393718305836 | 0 | 5.0
2.3979361039233127 | 0 | 5.0
2.489483049615261 | 2 | -0.5
2.455709456989523 | 0 | 5.0
2.4347576790722054 | 0 | 5.0
2.4455429558588406 | 0 | 5.0
2.4591903808298365 | 0 | 5.0
2.3960701820876267 | 0 | 5.0
2.394265086308916 | 0 | 5.0
2.406517272851738 | 0 | 5.0
2.358703414659046 | 0 | 5.0
2.3237885854693774 | 0 | 5.0
2.269491918152119 | 0 | 5.0
2.244076338193155 | 0 | 5.0
2.2357195092710884 | 0 | 5.0
2.19551635260576 | 0 | 5.0
2.208338598674782 | 0 | 5.0
2.159685526596127 | 1 | -0.5
2.1441088895703375 | 0 | 5.0
2.0773714925054647 | 0 | 5.0
2.097637726087773 | 1 | -0.5
2.125534508593616 | 2 | -0.5
2.060706092307581 | 1 | -0.5
2.1085780193183656 | 2 | -0.5
2.064244241090444 | 1 | -0.5
2.1190575973413472 | 2 | -0.5
2.101291820207124 | 1 | -0.5
2.0958373595866373 | 1 | -0.5
2.2238520911277546 | 2 | -0.5
2.1295033112705566 | 1 | -0.5
2.243689024203461 | 2 | -0.5
2.120178414998502 | 1 | -0.5
2.23629341916477 | 2 | -0.5
2.1806962640689735 | 1 | -0.5
2.3076748711699713 | 2 | -0.5
2.2094164125721627 | 1 | -0.5
2.2966669801669757 | 1 | -0.5
2.514230806679259 | 2 | -0.5
2.346473502984173 | 1 | -0.5
2.599137656880251 | 2 | -0.5
2.352900491707395 | 1 | -0.5
2.557825838747162 | 1 | -0.5
2.9507042838206194 | 0 | 5.0
3.083513765164229 | 1 | -0.5
3.7156813117794285 | 0 | 5.0
3.6219271228235566 | 0 | 5.0
3.4790420859584827 | 1 | -0.5
3.0871033683208537 | 0 | 5.0
2.945260558131108 | 0 | 5.0
2.840466736149818 | 0 | 5.0
2.7995990128875357 | 0 | 5.0
2.742311545823426 | 1 | -0.5
2.462006627066371 | 0 | 5.0
2.346136583562043 | 0 | 5.0
2.2711112511143243 | 0 | 5.0
2.1670515697989297 | 0 | 5.0
2.119496312164472 | 0 | 5.0
1.9680801368676075 | 0 | 5.0
1.9208084287910812 | 0 | 5.0
1.8700123135874194 | 0 | 5.0
1.7773580802444984 | 0 | 5.0
1.7094715324613332 | 0 | 5.0
1.6379477471515442 | 1 | -0.5
1.555787336018038 | 0 | 5.0
1.5213798334716964 | 0 | 5.0
1.5060511782545973 | 0 | 5.0
1.4527371146444807 | 0 | 5.0
1.4282123160789535 | 0 | 5.0
1.3928265336343693 | 1 | -0.5
1.394305895305642 | 0 | 5.0
1.4033683431484678 | 0 | 5.0
1.4295783070973451 | 0 | 5.0
1.4325608139604558 | 0 | 5.0
1.5130444734407196 | 0 | 5.0
1.4952814854596612 | 1 | -0.5
1.5819801919558032 | 2 | -0.5
1.545399613763786 | 1 | -0.5
1.5799371420503971 | 2 | -0.5
1.5640924037327415 | 1 | -0.5
1.640844675120671 | 1 | -0.5
1.7443138412714467 | 2 | -0.5
1.6385216359014556 | 1 | -0.5
1.7534425939193938 | 2 | -0.5
1.6267107519265622 | 1 | -0.5
1.844204787069097 | 2 | -0.5
1.6859339331433758 | 1 | -0.5
1.8634552506108302 | 2 | -0.5
1.7647450560712257 | 1 | -0.5
1.8578770100698194 | 2 | -0.5
1.7335508492066642 | 1 | -0.5
1.8900317490156335 | 1 | -0.5
2.215364583469095 | 2 | -0.5
1.964542247693374 | 1 | -0.5
2.283099123222264 | 2 | -0.5
2.0376132209218323 | 1 | -0.5
2.3883203152627246 | 2 | -0.5
2.0379064164331773 | 1 | -0.5
2.328842529909346 | 2 | -0.5
2.0525213191101908 | 1 | -0.5
2.389041204662353 | 1 | -0.5
2.7825392340218977 | 2 | -0.5
2.3775553841752495 | 1 | -0.5
2.841435748227311 | 2 | -0.5
2.453133233796591 | 1 | -0.5
2.931109194289661 | 0 | 5.0
3.0793211126718907 | 1 | -0.5
3.375281006782837 | 0 | 5.0
3.3114709316750557 | 0 | 5.0
3.2529383392886806 | 0 | 5.0
3.129192817433351 | 1 | -0.5
2.7758008197938224 | 0 | 5.0
2.683313286835832 | 0 | 5.0
2.5486791368876585 | 0 | 5.0
2.431956532713109 | 0 | 5.0
2.3156586629777216 | 0 | 5.0
2.261331813660425 | 0 | 5.0
2.1284646812132775 | 0 | 5.0
2.026576095311916 | 0 | 5.0
1.9780666879056665 | 0 | 5.0
1.917239119255797 | 0 | 5.0
1.821032429418637 | 0 | 5.0
1.721974379618264 | 0 | 5.0
1.6983003198847206 | 0 | 5.0
1.5909772835053173 | 0 | 5.0
1.4955321408047553 | 0 | 5.0
1.4070184074481416 | 1 | -0.5
1.348496305149587 | 0 | 5.0
1.3252035593218439 | 0 | 5.0
1.2698969099190458 | 0 | 5.0
1.2557423459553543 | 0 | 5.0
1.2152910323586839 | 0 | 5.0
1.1930891119868798 | 0 | 5.0
1.1510732559800703 | 0 | 5.0
1.127648595742314 | 1 | -0.5
1.1522880212748312 | 0 | 5.0
1.109532223524956 | 0 | 5.0
1.1349950258377648 | 2 | -0.5
1.1517935855258365 | 1 | -0.5
1.1722787442193736 | 2 | -0.5
1.1379662151585068 | 0 | 5.0
1.1686067924579928 | 2 | -0.5
1.1626985329795114 | 1 | -0.5
1.1066521449878555 | 2 | -0.5
1.188798116338059 | 1 | -0.5
1.1558177779166112 | 2 | -0.5
1.1476679857806247 | 1 | -0.5
1.1474213013202772 | 2 | -0.5
1.1456264954713298 | 1 | -0.5
1.1193313943859313 | 2 | -0.5
1.1436850366007663 | 1 | -0.5
1.0994433878244854 | 2 | -0.5
1.1469130827097178 | 2 | -0.5
1.2287249953838753 | 1 | -0.5
1.083055313337521 | 2 | -0.5
1.2151106579088538 | 1 | -0.5
1.072065073747848 | 2 | -0.5
1.1792594996231893 | 1 | -0.5
1.0285191631195933 | 2 | -0.5
1.177788675340114 | 1 | -0.5
1.0518640719916283 | 2 | -0.5
1.1328433844071557 | 1 | -0.5
0.9404749870905345 | 2 | -0.5
1.0207962326711248 | 2 | -0.5
1.1481494736896298 | 1 | -0.5
0.9617615769299803 | 2 | -0.5
1.0755887947467293 | 2 | -0.5
1.3461587222585514 | 0 | 5.0
1.0087315504813208 | 0 | 5.0
0.6980269047795189 | 0 | 5.0
0.5205295669848348 | 0 | 5.0
0.6109442007187598 | 0 | 5.0
0.6983083608882976 | 0 | 5.0
0.8052509671787142 | 0 | 5.0
0.9267562722515406 | 0 | 5.0
1.0356554883484574 | 2 | -0.5
0.930960598867415 | 0 | 5.0
1.01172304675365 | 0 | 5.0
1.1238936705107658 | 0 | 5.0
1.1597620207508472 | 0 | 5.0
1.2498480952258586 | 0 | 5.0
1.2570379220645993 | 0 | 5.0
1.3389016785487238 | 0 | 5.0
1.383461570313557 | 0 | 5.0
1.442350447115074 | 0 | 5.0
1.4879423009016306 | 0 | 5.0
1.505613581925565 | 0 | 5.0
1.5607250909893133 | 0 | 5.0
1.5860692733752313 | 0 | 5.0
1.6601525702504272 | 0 | 5.0
1.685083640412234 | 0 | 5.0
1.7117174199541878 | 0 | 5.0
1.7858260163008512 | 0 | 5.0
1.8681183882738328 | 0 | 5.0
1.885114023436406 | 0 | 5.0
1.9197919783246362 | 2 | -0.5
1.8814332838124466 | 0 | 5.0
1.8789388176388868 | 1 | -0.5
1.944964644664991 | 2 | -0.5
1.9086351030794495 | 1 | -0.5
1.964414927957141 | 2 | -0.5
1.9083560307533123 | 1 | -0.5
1.9944369579356018 | 2 | -0.5
1.96114597587781 | 1 | -0.5
2.0412569194690042 | 1 | -0.5
2.156413869597262 | 2 | -0.5
2.020900338985724 | 1 | -0.5
2.2027815120544934 | 2 | -0.5
2.0948855052231203 | 1 | -0.5
2.3075981008719815 | 2 | -0.5
2.1402291394986896 | 1 | -0.5
2.315093128875819 | 2 | -0.5
2.1930574359019035 | 1 | -0.5
2.347387131062618 | 1 | -0.5
2.6702078386927544 | 2 | -0.5
2.3316393295780546 | 1 | -0.5
2.712177687048949 | 2 | -0.5
2.425239763563256 | 1 | -0.5
2.756826894081109 | 1 | -0.5
3.3183300673975125 | 0 | 5.0
3.628257773725034 | 0 | 5.0
3.622617796215745 | 1 | -0.5
3.1447104670351216 | 0 | 5.0
3.0013307160820637 | 0 | 5.0
2.8780522750283257 | 0 | 5.0
2.7067320192933124 | 0 | 5.0
2.612875934180629 | 0 | 5.0
2.5441895306449367 | 1 | -0.5
2.307492466331452 | 0 | 5.0
2.227738320540864 | 0 | 5.0
2.134607540010199 | 0 | 5.0
2.0729112114492994 | 0 | 5.0
2.054149135886334 | 0 | 5.0
1.9549845454112944 | 0 | 5.0
1.903426292378787 | 1 | -0.5
1.7578923325162215 | 0 | 5.0
1.735092432891445 | 0 | 5.0
1.716876431301489 | 0 | 5.0
1.6325715118251718 | 0 | 5.0
1.6394147354616437 | 0 | 5.0
1.6077018488051114 | 0 | 5.0
1.5668033228225593 | 0 | 5.0
1.5280429220898482 | 1 | -0.5
1.4884251881627963 | 0 | 5.0
1.4712238107317253 | 0 | 5.0
1.4780898601196286 | 0 | 5.0
1.4348480046050838 | 1 | -0.5
1.4521888308333055 | 0 | 5.0
1.466706498012335 | 0 | 5.0
1.5111133778967663 | 0 | 5.0
1.5082884602203552 | 0 | 5.0
1.5205009691268143 | 1 | -0.5
1.607483059094002 | 2 | -0.5
1.5375824854677387 | 1 | -0.5
1.6348663082191193 | 2 | -0.5
1.6071057405177396 | 1 | -0.5
1.6210221459115295 | 2 | -0.5
1.6014030348605603 | 1 | -0.5
1.6657807360804875 | 1 | -0.5
1.7637686506479229 | 2 | -0.5
1.61244610194215 | 1 | -0.5
1.8405171736971875 | 2 | -0.5
1.6956368927676606 | 1 | -0.5
1.8836488910057343 | 2 | -0.5
1.727948255951432 | 1 | -0.5
1.9208555844922262 | 2 | -0.5
1.7349027561983157 | 1 | -0.5
2.0227534319939413 | 2 | -0.5
1.868476130487924 | 1 | -0.5
2.07481831323153 | 2 | -0.5
1.8626651141794943 | 1 | -0.5
2.101460757810363 | 2 | -0.5
1.9157930398166736 | 1 | -0.5
2.1272818469896615 | 2 | -0.5
1.854892780554076 | 1 | -0.5
2.1104167796469904 | 2 | -0.5
1.9142919919236931 | 1 | -0.5
2.210722858254125 | 1 | -0.5
2.588174505012479 | 2 | -0.5
2.204051386992016 | 1 | -0.5
2.4992889537651934 | 2 | -0.5
2.1665464829025027 | 1 | -0.5
2.530094912826075 | 1 | -0.5
3.056180254237663 | 0 | 5.0
3.3188616292662108 | 0 | 5.0
3.5198593211863116 | 1 | -0.5
3.1257322205237226 | 0 | 5.0
3.0364428007031736 | 0 | 5.0
2.9466266912713523 | 0 | 5.0
2.8237976642925817 | 0 | 5.0
2.7960342567495924 | 0 | 5.0
2.6811665421724338 | 1 | -0.5
2.369411673563211 | 0 | 5.0
2.3001398921966083 | 0 | 5.0
2.18913538013921 | 0 | 5.0
2.148822951049605 | 0 | 5.0
2.054641642656123 | 0 | 5.0
1.9975463674285856 | 0 | 5.0
1.9387236491639401 | 1 | -0.5
1.799953712146365 | 0 | 5.0
1.7847197030251023 | 0 | 5.0
1.7376547920279424 | 0 | 5.0
1.6985019949491469 | 0 | 5.0
1.63781188358316 | 0 | 5.0
1.5887118517802612 | 0 | 5.0
1.5220152875602593 | 0 | 5.0
1.5301483157123172 | 0 | 5.0
1.4743384577611296 | 0 | 5.0
1.4125017180420192 | 0 | 5.0
1.358191626220714 | 0 | 5.0
1.3325577694068127 | 0 | 5.0
1.2933252999639717 | 1 | -0.5
1.2315211333821485 | 0 | 5.0
1.2562208358420686 | 0 | 5.0
1.217580414861518 | 0 | 5.0
1.2248091358779596 | 0 | 5.0
1.255516568675073 | 0 | 5.0
1.2283700399887796 | 0 | 5.0
1.203678950199496 | 0 | 5.0
1.184362626296649 | 0 | 5.0
1.2146868670823143 | 0 | 5.0
1.2485681989896071 | 0 | 5.0
1.2159179266032092 | 0 | 5.0
1.2549400017436134 | 0 | 5.0
1.2575980721836795 | 0 | 5.0
1.2689227578167768 | 0 | 5.0
1.2924882711722459 | 0 | 5.0
1.2957343762256772 | 0 | 5.0
1.3221010056111706 | 0 | 5.0
1.3533615433768245 | 0 | 5.0
1.3517184144325332 | 0 | 5.0
1.4081938323537075 | 0 | 5.0
1.3652696554095833 | 0 | 5.0
1.4284166369584927 | 0 | 5.0
1.4271875481424507 | 0 | 5.0
1.4646814660739795 | 0 | 5.0
1.4516562390400585 | 0 | 5.0
1.5102233119349724 | 0 | 5.0
1.5323730401921143 | 0 | 5.0
1.5758234202059562 | 0 | 5.0
1.6528843143974654 | 0 | 5.0
1.6747230662346397 | 0 | 5.0
1.6984309634401835 | 0 | 5.0
1.7221971647745271 | 0 | 5.0
1.7409793422767617 | 0 | 5.0
1.8005263408545626 | 0 | 5.0
1.8684718362247579 | 0 | 5.0
1.9334303265260946 | 0 | 5.0
1.9711836534149076 | 0 | 5.0
2.002141330319173 | 0 | 5.0
2.0128939820286638 | 0 | 5.0
2.0508705424005145 | 0 | 5.0
2.1097121331682547 | 0 | 5.0
2.1396383000574266 | 0 | 5.0
2.1789839771866863 | 0 | 5.0
2.203460300126958 | 0 | 5.0
2.2116980918020133 | 0 | 5.0
2.2725040338925853 | 0 | 5.0
2.2947105545087085 | 2 | -0.5
2.2918717467371157 | 0 | 5.0
2.259423719450833 | 1 | -0.5
2.3331024586426885 | 2 | -0.5
2.278442369661373 | 1 | -0.5
2.2549838788784524 | 2 | -0.5
2.2658354366796147 | 1 | -0.5
2.2316247376866536 | 2 | -0.5
2.282513893824578 | 1 | -0.5
2.252819544175566 | 1 | -0.5
2.3713964941205505 | 2 | -0.5
2.3070711180601995 | 1 | -0.5
2.3918813341937493 | 1 | -0.5
2.644561852866954 | 2 | -0.5
2.388857749906069 | 1 | -0.5
2.5744789910119774 | 2 | -0.5
2.471186791150699 | 1 | -0.5
2.6666186207845137 | 1 | -0.5
3.0302024045067317 | 0 | 5.0
3.166912058174281 | 1 | -0.5
3.8384352178072336 | 0 | 5.0
3.6527671141786833 | 0 | -200.0
Total reward: 833.5
