-0.2, 0.1, 2.1, -1.3, -2.8, 4.8, 2.2, 0.2, -3.6, -1.4, 3.0, -1.8, -1.4, -2.2, 6.0, 0.8, 1.8, -6.0
parameter ends

state | action | reward
[2.19] | 2 | -0.5
1.7961897775841873 | 2 | -0.5
1.6258421729491312 | 0 | 5.0
1.754717327998262 | 2 | -0.5
1.6288538896221554 | 0 | 5.0
1.6715687461923516 | 0 | 5.0
1.7309510610934695 | 0 | 5.0
1.7687536103226364 | 0 | 5.0
1.791607500101609 | 0 | 5.0
1.7966317419835747 | 0 | 5.0
1.8460821928582483 | 2 | -0.5
1.8362342355126626 | 1 | -0.5
1.849305896502116 | 2 | -0.5
1.8229512341554897 | 1 | -0.5
1.8737136049226228 | 2 | -0.5
1.8335529838311106 | 1 | -0.5
1.9004087778406056 | 2 | -0.5
1.8776968390923567 | 1 | -0.5
1.8944359860915223 | 1 | -0.5
2.041683727604252 | 2 | -0.5
1.94104986577017 | 1 | -0.5
2.1318352082858705 | 2 | -0.5
2.012429635270188 | 1 | -0.5
2.172029230819459 | 2 | -0.5
2.0026000443664707 | 1 | -0.5
2.284046489108079 | 2 | -0.5
2.119826990787848 | 1 | -0.5
2.311599257807601 | 1 | -0.5
2.7947150652686856 | 2 | -0.5
2.4184522578322762 | 1 | -0.5
2.8666272660408083 | 2 | -0.5
2.4573145692470395 | 1 | -0.5
2.95217274215376 | 2 | -0.5
2.5787305566449112 | 1 | -0.5
3.1173409571820136 | 2 | -0.5
2.654729527267069 | 1 | -0.5
3.2947622886165373 | 2 | -0.5
2.7290479453329106 | 1 | -0.5
3.3868077828247594 | 2 | -0.5
2.8428004650075507 | 1 | -0.5
3.332269844096718 | 1 | -0.5
3.484686988909759 | 0 | 5.0
3.381802599010826 | 0 | 5.0
3.198100926175025 | 0 | 5.0
3.1587961785444643 | 1 | -0.5
2.788250147726704 | 0 | 5.0
2.691855476684519 | 0 | 5.0
2.6279115176085077 | 0 | 5.0
2.5111052437924584 | 0 | 5.0
2.451018643934664 | 0 | 5.0
2.326204595607088 | 0 | 5.0
2.263060152301321 | 1 | -0.5
2.054137903602984 | 0 | 5.0
2.0026157892899534 | 0 | 5.0
1.9681018172269948 | 0 | 5.0
1.8861246596656547 | 0 | 5.0
1.9051015953901023 | 0 | 5.0
1.7939640491329016 | 0 | 5.0
1.7020627552824614 | 0 | 5.0
1.709196027559879 | 1 | -0.5
1.6178301021816923 | 0 | 5.0
1.6018584707058539 | 0 | 5.0
1.5947984017144732 | 0 | 5.0
1.5882277301049392 | 0 | 5.0
1.5038121933672297 | 0 | 5.0
1.5049425016622853 | 0 | 5.0
1.5346646051902009 | 0 | 5.0
1.4635969058917688 | 1 | -0.5
1.468103589815608 | 0 | 5.0
1.5254194902200662 | 0 | 5.0
1.5437813013681 | 0 | 5.0
1.553020548968658 | 1 | -0.5
1.6340106913797225 | 2 | -0.5
1.5763757518441435 | 1 | -0.5
1.659569795665133 | 2 | -0.5
1.6139269367117868 | 1 | -0.5
1.6853498574274628 | 2 | -0.5
1.5692016103628044 | 1 | -0.5
1.6564788775170727 | 2 | -0.5
1.6423340396418529 | 1 | -0.5
1.6823092711957244 | 1 | -0.5
1.8221219954069947 | 2 | -0.5
1.7162451052126937 | 1 | -0.5
1.8322218379207242 | 2 | -0.5
1.7390327420515672 | 1 | -0.5
1.8480323159558623 | 2 | -0.5
1.7615067937336448 | 1 | -0.5
1.9358691408436797 | 1 | -0.5
2.1989006828928277 | 2 | -0.5
2.004685353400361 | 1 | -0.5
2.2528580044519173 | 2 | -0.5
2.0398653926774353 | 1 | -0.5
2.3857267562274735 | 2 | -0.5
2.1137062300407843 | 1 | -0.5
2.4883275531733937 | 2 | -0.5
2.1794379922524434 | 1 | -0.5
2.5612901686984624 | 2 | -0.5
2.3076695769363087 | 1 | -0.5
2.7726604090022464 | 1 | -0.5
3.579681842458964 | 2 | -0.5
2.9636110703494394 | 1 | -0.5
3.4067984858848956 | 0 | 5.0
3.299276121454133 | 0 | 5.0
3.167456738079376 | 0 | 5.0
3.0234821837642634 | 0 | 5.0
2.9083661038567885 | 0 | 5.0
2.856203772746083 | 0 | 5.0
2.7316680823995907 | 1 | -0.5
2.435476241528918 | 0 | 5.0
2.393042766216083 | 0 | 5.0
2.3275497833523042 | 0 | 5.0
2.239556466308536 | 0 | 5.0
2.1410014698505107 | 0 | 5.0
2.0497018147019017 | 0 | 5.0
1.987500477576716 | 0 | 5.0
1.9126156214310677 | 1 | -0.5
1.8056042266182522 | 0 | 5.0
1.777256478419441 | 0 | 5.0
1.6481594328345637 | 0 | 5.0
1.6490264080947445 | 0 | 5.0
1.612024001499097 | 0 | 5.0
1.5873658466929599 | 0 | 5.0
1.5959409918411172 | 0 | 5.0
1.572220890861232 | 0 | 5.0
1.5283680239380157 | 0 | 5.0
1.4954594224950484 | 0 | 5.0
1.4915561053637836 | 0 | 5.0
1.430998715783815 | 0 | 5.0
1.4363045424616174 | 0 | 5.0
1.427034422527903 | 0 | 5.0
1.3543431908409362 | 1 | -0.5
1.3918549825791007 | 2 | -0.5
1.3851284932084946 | 1 | -0.5
1.357464264811174 | 2 | -0.5
1.3733918420574363 | 1 | -0.5
1.3526749809760523 | 2 | -0.5
1.3911496600773634 | 2 | -0.5
1.4156071187560622 | 1 | -0.5
1.3479624078479888 | 2 | -0.5
1.4128130625067874 | 1 | -0.5
1.3580469721447421 | 2 | -0.5
1.3869595281454843 | 1 | -0.5
1.320408258058707 | 2 | -0.5
1.3455909939187938 | 1 | -0.5
1.312154591823571 | 2 | -0.5
1.3816001991278226 | 1 | -0.5
1.3123716202506663 | 2 | -0.5
1.3750432031508155 | 2 | -0.5
1.4497286618831673 | 1 | -0.5
1.348139364436385 | 2 | -0.5
1.455861363333295 | 1 | -0.5
1.2792679589104456 | 2 | -0.5
1.4281611985850515 | 1 | -0.5
1.2566512869365398 | 2 | -0.5
1.3932223288035641 | 1 | -0.5
1.2427787259857186 | 2 | -0.5
1.3632364521458846 | 1 | -0.5
1.2249077041580714 | 2 | -0.5
1.3136740230747272 | 2 | -0.5
1.4879043653451933 | 1 | -0.5
1.2878466384935006 | 2 | -0.5
1.4384597644731354 | 1 | -0.5
1.2288490937634713 | 2 | -0.5
1.4205024729698157 | 1 | -0.5
1.263335948874648 | 2 | -0.5
1.3562035423192045 | 1 | -0.5
1.1680496670499438 | 2 | -0.5
1.3178310224350902 | 1 | -0.5
1.0907998493346978 | 2 | -0.5
1.2142028698195013 | 2 | -0.5
1.3948212785592304 | 1 | -0.5
1.1368527704529523 | 2 | -0.5
1.303051903139117 | 2 | -0.5
1.597951871616221 | 1 | -0.5
1.2138689788665895 | 2 | -0.5
1.5071617668517365 | 1 | -0.5
1.1033423003362588 | 2 | -0.5
1.363064341399389 | 1 | -0.5
1.0306960903256304 | 2 | -0.5
1.3541836340965436 | 1 | -0.5
1.0045220016776104 | 2 | -0.5
1.2270774163046858 | 2 | -0.5
1.635197084079258 | 0 | 5.0
1.1975481547034272 | 0 | 5.0
0.7762508516134535 | 0 | 5.0
0.5516666883419872 | 0 | 5.0
0.6051077497019581 | 0 | 5.0
0.7040001709955096 | 0 | 5.0
0.7741784357928654 | 0 | 5.0
0.8646822343411036 | 0 | 5.0
0.9707701323474005 | 0 | 5.0
0.9667037689046865 | 0 | 5.0
1.0606097604384015 | 0 | 5.0
1.1529215228213823 | 0 | 5.0
1.1528506015693925 | 0 | 5.0
1.3128231332804776 | 0 | 5.0
1.3321507447557388 | 0 | 5.0
1.3867022475954147 | 0 | 5.0
1.5314278391637726 | 0 | 5.0
1.615562505331812 | 0 | 5.0
1.6527041630449975 | 0 | 5.0
1.7452206992729844 | 0 | 5.0
1.8220957927815988 | 0 | 5.0
1.9105434797353387 | 2 | -0.5
1.8240018770595832 | 0 | 5.0
1.8076152856108936 | 0 | 5.0
1.8977414765862533 | 0 | 5.0
1.8891547956897115 | 0 | 5.0
1.9208847192361793 | 0 | 5.0
1.9623383730700148 | 2 | -0.5
1.952939396343441 | 0 | 5.0
1.9216078424968355 | 1 | -0.5
2.0069445890729765 | 2 | -0.5
1.9583967362608499 | 1 | -0.5
1.9316824906777903 | 2 | -0.5
1.9834184143454694 | 1 | -0.5
1.995563715243449 | 2 | -0.5
1.9343760599721411 | 1 | -0.5
2.00263064804369 | 1 | -0.5
2.0662603539395876 | 2 | -0.5
2.0157595461306874 | 1 | -0.5
2.125233473060701 | 2 | -0.5
2.01876991038373 | 1 | -0.5
2.0994117074137217 | 1 | -0.5
2.281361740342818 | 2 | -0.5
2.1177838901941826 | 1 | -0.5
2.2880109196364042 | 2 | -0.5
2.1570211152506884 | 1 | -0.5
2.3045661752803968 | 1 | -0.5
2.578370698490018 | 2 | -0.5
2.338440149915329 | 1 | -0.5
2.6229909491473378 | 2 | -0.5
2.3550516568521345 | 1 | -0.5
2.557382798842504 | 1 | -0.5
2.959868931042575 | 2 | -0.5
2.6096462052259883 | 1 | -0.5
3.0978567910069867 | 1 | -0.5
3.5963560467663225 | 0 | 5.0
3.4255438327554977 | 0 | 5.0
3.2917959106422834 | 0 | 5.0
3.141588986372116 | 0 | 5.0
3.0076513181238202 | 1 | -0.5
2.617894384372001 | 0 | 5.0
2.5106271671028977 | 0 | 5.0
2.475860528749632 | 0 | 5.0
2.4230254788221695 | 0 | 5.0
2.3586498668297216 | 0 | 5.0
2.2528632557023878 | 0 | 5.0
2.1859110161933115 | 0 | 5.0
2.089627369326226 | 0 | 5.0
2.0008117921887747 | 0 | 5.0
1.956085608089823 | 1 | -0.5
1.8492069496651091 | 0 | 5.0
1.7858582409273995 | 0 | 5.0
1.7532129840552906 | 0 | 5.0
1.6651557255850975 | 0 | 5.0
1.650884784538591 | 0 | 5.0
1.598623432509038 | 0 | 5.0
1.611462978229836 | 0 | 5.0
1.5322990378779628 | 0 | 5.0
1.5055699089888255 | 1 | -0.5
1.4531368724172902 | 0 | 5.0
1.467836076725486 | 0 | 5.0
1.4664486673209658 | 0 | 5.0
1.4705308845696856 | 1 | -0.5
1.4653080116308321 | 0 | 5.0
1.5140872870018958 | 0 | 5.0
1.5837744362480795 | 1 | -0.5
1.6618369107287645 | 2 | -0.5
1.5864289228427197 | 2 | -0.5
1.5840701479879202 | 1 | -0.5
1.6335383399046184 | 2 | -0.5
1.6226013249156852 | 1 | -0.5
1.650333761942535 | 1 | -0.5
1.7372078490102367 | 2 | -0.5
1.680975299314781 | 1 | -0.5
1.7713746373019017 | 2 | -0.5
1.655297545073102 | 1 | -0.5
1.7526687959499803 | 2 | -0.5
1.682389441000244 | 1 | -0.5
1.7769345040899052 | 1 | -0.5
1.9368283500836372 | 2 | -0.5
1.7883747085135375 | 1 | -0.5
2.045860858095664 | 2 | -0.5
1.849613301119074 | 1 | -0.5
2.139679771750667 | 2 | -0.5
1.9482761530171016 | 1 | -0.5
2.28642199508827 | 2 | -0.5
2.0121735414175865 | 1 | -0.5
2.337842160406013 | 2 | -0.5
2.07424427120963 | 1 | -0.5
2.406646655593115 | 1 | -0.5
2.95225856383122 | 2 | -0.5
2.4356957603311105 | 1 | -0.5
2.938530563223199 | 2 | -0.5
2.4716540880580133 | 1 | -0.5
3.069159070525169 | 2 | -0.5
2.6101778874074917 | 1 | -0.5
3.1444516422336766 | 2 | -0.5
2.6696852416611843 | 1 | -0.5
3.389810890748847 | 2 | -0.5
2.7863357376730646 | 1 | -0.5
3.443473839923325 | 2 | -0.5
2.82530452760569 | 1 | -0.5
3.591482472533716 | 2 | -0.5
2.8514574050247843 | 1 | -0.5
3.5027993918672737 | 2 | -0.5
2.82962784259004 | 1 | -0.5
3.415421906411984 | 0 | 5.0
3.210564599260244 | 0 | 5.0
3.1002803821503195 | 1 | -0.5
2.734254863173512 | 0 | 5.0
2.6931615023380813 | 0 | 5.0
2.6127780833231604 | 0 | 5.0
2.5263240065972465 | 0 | 5.0
2.381464849738169 | 0 | 5.0
2.261864982332006 | 1 | -0.5
2.0465678340351587 | 0 | 5.0
2.0080536569814793 | 0 | 5.0
1.9536287145802729 | 0 | 5.0
1.9568066655486 | 0 | 5.0
1.8860541602463734 | 0 | 5.0
1.8712281984222348 | 0 | 5.0
1.8117689942595943 | 0 | 5.0
1.7198860221288124 | 0 | 5.0
1.6950020785556077 | 0 | 5.0
1.6345512319348043 | 0 | 5.0
1.578430904651132 | 0 | 5.0
1.4747320019045826 | 0 | 5.0
1.4151020984578973 | 1 | -0.5
1.380141556838057 | 0 | 5.0
1.3498642510333705 | 0 | 5.0
1.3868158191074782 | 0 | 5.0
1.3421452405450327 | 0 | 5.0
1.3811644215436334 | 0 | 5.0
1.3375208670320444 | 0 | 5.0
1.3263654614851652 | 0 | 5.0
1.3249697543700105 | 0 | 5.0
1.268951228257718 | 0 | 5.0
1.3152881429698609 | 0 | 5.0
1.316674293380449 | 0 | 5.0
1.3075491078595496 | 0 | 5.0
1.3239721634875026 | 0 | 5.0
1.284565384425659 | 0 | 5.0
1.2698029072165182 | 0 | 5.0
1.2604686209145637 | 0 | 5.0
1.2415442758264574 | 0 | 5.0
1.22624004611218 | 0 | 5.0
1.2622341048302266 | 0 | 5.0
1.2307753750605444 | 0 | 5.0
1.2192266693209293 | 0 | 5.0
1.2241365250789098 | 0 | 5.0
1.245794479740167 | 0 | 5.0
1.2022022194803708 | 0 | 5.0
1.257488282467526 | 0 | 5.0
1.2142896041829108 | 0 | 5.0
1.1712295689859422 | 0 | 5.0
1.2047271491168896 | 0 | 5.0
1.1739854126186233 | 0 | 5.0
1.137912248764183 | 0 | 5.0
1.0979010185157132 | 0 | 5.0
1.0571380440262135 | 0 | 5.0
1.01903537069431 | 0 | 5.0
1.0259992372328324 | 0 | 5.0
0.9918976771636997 | 0 | 5.0
0.9693203438912918 | 0 | 5.0
0.93382988178561 | 0 | 5.0
0.9538210164044841 | 0 | 5.0
0.9298703497778129 | 0 | 5.0
0.928109292052059 | 0 | 5.0
0.9020392970205794 | 0 | 5.0
0.9144941768459051 | 1 | -0.5
0.8790009912320097 | 0 | 5.0
0.9549157119052755 | 0 | 5.0
0.952631734395071 | 0 | 5.0
1.0067517749249517 | 0 | 5.0
1.0444235911299822 | 0 | 5.0
1.045571972889263 | 0 | 5.0
1.0830793986367773 | 0 | 5.0
1.1208152359523607 | 1 | -0.5
1.1899926376763834 | 0 | 5.0
1.2501149701357035 | 2 | -0.5
1.182641349075128 | 1 | -0.5
1.22415384599102 | 2 | -0.5
1.2140159102160237 | 1 | -0.5
1.2935846879578994 | 2 | -0.5
1.2594315881234524 | 1 | -0.5
1.3945565965082825 | 2 | -0.5
1.2514988951732446 | 1 | -0.5
1.3985944925747071 | 1 | -0.5
1.571813274351278 | 2 | -0.5
1.4273214899417863 | 1 | -0.5
1.5928074314959206 | 2 | -0.5
1.4641191313420983 | 1 | -0.5
1.6453848689871542 | 2 | -0.5
1.5400741191592808 | 1 | -0.5
1.6866949016537596 | 2 | -0.5
1.5790685703561749 | 1 | -0.5
1.7716921369638121 | 2 | -0.5
1.6626336869355982 | 1 | -0.5
1.8645926689443528 | 2 | -0.5
1.7231442149263951 | 1 | -0.5
1.933289983262868 | 1 | -0.5
2.4057132755488895 | 2 | -0.5
2.0214055964861544 | 1 | -0.5
2.4427201543413593 | 2 | -0.5
2.1254530800816585 | 1 | -0.5
2.6252352559234313 | 2 | -0.5
2.2012433696691196 | 1 | -0.5
2.7335095087354992 | 2 | -0.5
2.2082218042624007 | 1 | -0.5
2.6204342134715786 | 1 | -0.5
3.337989772891258 | 2 | -0.5
2.7053069859555725 | 1 | -0.5
3.209143034115486 | 2 | -0.5
2.82427936169484 | 1 | -0.5
3.27564890154822 | 2 | -0.5
2.7674002473892587 | 1 | -0.5
3.244547453353446 | 2 | -0.5
2.7912749026241093 | 1 | -0.5
3.2600940491176678 | 2 | -0.5
2.948771892963844 | 1 | -0.5
3.2041917562231723 | 2 | -0.5
2.954461424651642 | 1 | -0.5
2.9566590760244957 | 0 | 5.0
2.8225825670305795 | 0 | 5.0
2.7384751281701663 | 0 | 5.0
2.6344204151617765 | 1 | -0.5
2.406186795364581 | 0 | 5.0
2.2823063013958516 | 0 | 5.0
2.2436426137492846 | 0 | 5.0
2.136233546995369 | 0 | 5.0
2.0742875785398995 | 0 | 5.0
1.9729065837613802 | 0 | 5.0
1.9304722546125255 | 0 | 5.0
1.8857278459576612 | 1 | -0.5
1.8352855940544743 | 0 | 5.0
1.7473853506997252 | 0 | 5.0
1.7009218737280332 | 0 | 5.0
1.7149920566037524 | 0 | 5.0
1.6548123271816262 | 0 | 5.0
1.6412421763966385 | 0 | 5.0
1.558745775913802 | 0 | 5.0
1.4664769875262267 | 0 | 5.0
1.479580337042348 | 0 | 5.0
1.4591156688958413 | 0 | 5.0
1.3977594115746532 | 0 | 5.0
1.3590670791182295 | 0 | 5.0
1.3625593492380117 | 0 | 5.0
1.309724342933158 | 0 | 5.0
1.241810996423599 | 0 | 5.0
1.2286044524556567 | 0 | 5.0
1.1760807681681908 | 0 | 5.0
1.190967265112864 | 0 | 5.0
1.1525175322890968 | 0 | 5.0
1.107203353476746 | 0 | 5.0
1.1127262386527532 | 0 | 5.0
1.0872879666442505 | 0 | 5.0
1.0889992759376672 | 0 | 5.0
0.9960631072850227 | 0 | 5.0
1.0420642563017135 | 0 | 5.0
1.020541151894388 | 0 | 5.0
1.0247981723496242 | 0 | 5.0
0.9846365856917368 | 0 | 5.0
0.963261077923434 | 0 | 5.0
1.0139099994322844 | 0 | 5.0
0.9764400530255001 | 0 | 5.0
0.9801866513207322 | 0 | 5.0
0.9751187930125313 | 0 | 5.0
0.948300682106023 | 0 | 5.0
0.9402483869485747 | 0 | 5.0
0.9650459577923748 | 0 | 5.0
0.9397565755050776 | 0 | 5.0
0.9026451158518356 | 0 | 5.0
0.9021355676384868 | 0 | 5.0
0.9277853714697688 | 0 | 5.0
0.9537479224215772 | 0 | 5.0
0.9256761375898228 | 0 | 5.0
0.9182296512328237 | 0 | 5.0
0.9359344864932945 | 0 | 5.0
0.9303020630096228 | 0 | 5.0
0.9663657572231165 | 0 | 5.0
0.9691807231088807 | 0 | 5.0
0.9612414073564606 | 0 | 5.0
0.9929413029682989 | 0 | 5.0
1.002370691882155 | 0 | 5.0
1.0215226499156933 | 0 | 5.0
1.0277622484212325 | 0 | 5.0
1.001345616227228 | 0 | 5.0
0.9656853947619641 | 0 | 5.0
0.9833427672517445 | 0 | 5.0
0.9712660707060743 | 1 | -0.5
1.0122184109881394 | 0 | 5.0
1.0090766020492787 | 0 | 5.0
1.1102226008717688 | 0 | 5.0
1.1413249004820087 | 0 | 5.0
1.2026676056283947 | 0 | 5.0
1.2263385233361292 | 1 | -0.5
1.2848887463666838 | 2 | -0.5
1.2417774192577948 | 1 | -0.5
1.2690374597760963 | 2 | -0.5
1.227973316365011 | 1 | -0.5
1.2739478075042585 | 1 | -0.5
1.4367923988183344 | 2 | -0.5
1.2954769022137436 | 1 | -0.5
1.4624462844785162 | 2 | -0.5
1.3459657935942955 | 1 | -0.5
1.505108608480507 | 2 | -0.5
1.389869931495366 | 1 | -0.5
1.5193714934795033 | 2 | -0.5
1.4266475412740782 | 1 | -0.5
1.5854241079831928 | 1 | -0.5
1.8359782495979016 | 2 | -0.5
1.5950890937816753 | 1 | -0.5
1.9071622226236482 | 2 | -0.5
1.710317429211964 | 1 | -0.5
2.0053177047053965 | 2 | -0.5
1.7920145695887064 | 1 | -0.5
2.101966677968541 | 2 | -0.5
1.848323564914182 | 1 | -0.5
2.1910047845807923 | 2 | -0.5
1.8777595721973968 | 1 | -0.5
2.2731705230757937 | 2 | -0.5
2.0017788999820048 | 1 | -0.5
2.365339413624987 | 2 | -0.5
1.9692862954392576 | 1 | -0.5
2.4357515822251306 | 2 | -0.5
2.087248792090611 | 1 | -0.5
2.489281828714208 | 2 | -0.5
2.1872292389213692 | 1 | -0.5
2.6444332025457706 | 2 | -0.5
2.2417209388337254 | 1 | -0.5
2.790400375663769 | 2 | -0.5
2.4053686776262904 | 1 | -0.5
3.0634753163435797 | 2 | -0.5
2.593219454797776 | 1 | -0.5
3.23359156869378 | 2 | -0.5
2.546685545647611 | 1 | -0.5
3.1999321294778142 | 2 | -0.5
2.4992248212978625 | 1 | -0.5
2.9686958956445557 | 1 | -0.5
3.1847736202181407 | 2 | -0.5
3.008864068642314 | 1 | -0.5
3.1601943645051094 | 2 | -0.5
3.126012808748517 | 1 | -0.5
3.1565882545665516 | 0 | 5.0
3.0203245875148053 | 0 | 5.0
2.90219497751081 | 1 | -0.5
2.61123551886633 | 0 | 5.0
2.577762525909889 | 0 | 5.0
2.495491051632187 | 0 | 5.0
2.3949494764491 | 0 | 5.0
2.2828013727987617 | 0 | 5.0
2.210418037449576 | 1 | -0.5
2.0931119865913077 | 0 | 5.0
2.0216111733353817 | 0 | 5.0
1.9393768493478238 | 0 | 5.0
1.9242084719364234 | 0 | 5.0
1.837351862667724 | 0 | 5.0
1.8217421898018655 | 0 | 5.0
1.7126942977357225 | 0 | 5.0
1.6903570232151248 | 0 | 5.0
1.6308619548184475 | 1 | -0.5
1.5481901039161947 | 0 | 5.0
1.5153501476307143 | 0 | 5.0
1.514869105357402 | 0 | 5.0
1.4719139659049703 | 0 | 5.0
1.441519799283855 | 0 | 5.0
1.4329233991431922 | 0 | 5.0
1.4274916104774111 | 1 | -0.5
1.3620157824873096 | 0 | 5.0
1.41850464608585 | 0 | 5.0
1.434073375183393 | 0 | 5.0
1.4162071264591534 | 0 | 5.0
1.4627956060703071 | 0 | 5.0
1.454500995943037 | 1 | -0.5
1.54630453505102 | 2 | -0.5
1.5015283177572771 | 1 | -0.5
1.5703849750262586 | 2 | -0.5
1.4665449572305094 | 1 | -0.5
1.5444137383620689 | 2 | -0.5
1.5142932095791892 | 1 | -0.5
1.5606906443725068 | 2 | -0.5
1.511681565757412 | 1 | -0.5
1.5911694452140248 | 1 | -0.5
1.7206842015693562 | 2 | -0.5
1.611935336660766 | 1 | -0.5
1.7860506153512905 | 2 | -0.5
1.6497879704893132 | 1 | -0.5
1.782578421007484 | 2 | -0.5
1.658280582062384 | 1 | -0.5
1.7943641002107604 | 2 | -0.5
1.6948104389566327 | 1 | -0.5
1.8978970057128188 | 2 | -0.5
1.7385384113269533 | 1 | -0.5
1.9519230071263287 | 1 | -0.5
2.263731238469725 | 2 | -0.5
1.9052582180631286 | 1 | -0.5
2.2109999881603533 | 2 | -0.5
1.9630184231387557 | 1 | -0.5
2.2596606097573115 | 2 | -0.5
2.0242644291838734 | 1 | -0.5
2.391157699890514 | 2 | -0.5
2.0740523995965203 | 1 | -0.5
2.395370858472312 | 2 | -0.5
2.08232837168888 | 1 | -0.5
2.4606753881436356 | 2 | -0.5
2.2029837268878443 | 1 | -0.5
2.6694174592617466 | 1 | -0.5
3.5104427364530415 | 2 | -0.5
2.7397832821266186 | 1 | -0.5
3.3235875870052674 | 2 | -0.5
2.825409995526754 | 1 | -0.5
3.459493678733939 | 2 | -0.5
2.8513764274528897 | 1 | -0.5
3.419778113425337 | 2 | -0.5
2.9276042631243566 | 1 | -0.5
3.4141693005348674 | 2 | -0.5
3.131952258570918 | 1 | -0.5
3.27801462746592 | 0 | 5.0
3.0645021199953195 | 0 | 5.0
2.919628618153071 | 0 | 5.0
2.7913009051617506 | 1 | -0.5
2.5211296387830924 | 0 | 5.0
2.424205703474105 | 0 | 5.0
2.3972038624315575 | 0 | 5.0
2.344664873113747 | 0 | 5.0
2.251135036557064 | 0 | 5.0
2.158740442652497 | 0 | 5.0
2.1195942294785906 | 0 | 5.0
2.009436024217932 | 0 | 5.0
1.902952315976313 | 0 | 5.0
1.7995767429040133 | 0 | 5.0
1.7824305500426927 | 0 | 5.0
1.7021593033533011 | 0 | 5.0
1.6270242679953169 | 0 | 5.0
1.5492014610533644 | 0 | 5.0
1.5288663852275386 | 0 | 5.0
1.438774279450098 | 0 | 5.0
1.4075728510689067 | 0 | 5.0
1.2939277269013827 | 0 | 5.0
1.2861366080121237 | 0 | 5.0
1.293395341310665 | 1 | -0.5
1.2586538629006407 | 0 | 5.0
1.241933873296525 | 0 | 5.0
1.233758679861085 | 0 | 5.0
1.2581997143548158 | 2 | -0.5
1.29306402352985 | 1 | -0.5
1.2752168074924255 | 0 | 5.0
1.2635320899735258 | 2 | -0.5
1.337712491610156 | 1 | -0.5
1.2474029035671885 | 2 | -0.5
1.2857743996527875 | 1 | -0.5
1.2164163338948135 | 2 | -0.5
1.2834758152544332 | 1 | -0.5
1.243635527257529 | 2 | -0.5
1.2807164153842634 | 1 | -0.5
1.2311344169912604 | 2 | -0.5
1.2441303574760705 | 2 | -0.5
1.3686442039802966 | 1 | -0.5
1.2451970607465341 | 2 | -0.5
1.314089186423086 | 1 | -0.5
1.161478376787712 | 2 | -0.5
1.2367949379812475 | 1 | -0.5
1.1693838585411158 | 2 | -0.5
1.2478766611593979 | 2 | -0.5
1.3660369868256714 | 1 | -0.5
1.1817384967264242 | 2 | -0.5
1.3242423886890713 | 1 | -0.5
1.1802977043240939 | 2 | -0.5
1.274472820733481 | 1 | -0.5
1.12254788508028 | 2 | -0.5
1.3130247169859774 | 1 | -0.5
1.1597427742074098 | 2 | -0.5
1.237158486799795 | 2 | -0.5
1.4025311763778523 | 1 | -0.5
1.1345077505459034 | 2 | -0.5
1.3735445844210215 | 1 | -0.5
1.122001737851105 | 2 | -0.5
1.2268172814130935 | 2 | -0.5
1.5978171339036198 | 0 | 5.0
1.2824291523365512 | 0 | 5.0
0.795204289094912 | 0 | 5.0
0.5216851122658984 | 0 | 5.0
0.5385911628755146 | 2 | -0.5
0.559904481677719 | 0 | 5.0
0.6324856677209377 | 0 | 5.0
0.7113091380421063 | 0 | 5.0
0.7484426172822829 | 0 | 5.0
0.801402571625392 | 0 | 5.0
0.8993383174908796 | 0 | 5.0
0.9536039512411462 | 0 | 5.0
1.0436917839706594 | 0 | 5.0
1.1257665090917026 | 0 | 5.0
1.1614639591074334 | 0 | 5.0
1.2466768496420881 | 0 | 5.0
1.2729518454045767 | 0 | 5.0
1.3679946777569458 | 0 | 5.0
1.3986990884408874 | 0 | 5.0
1.4884628151808101 | 0 | 5.0
1.4976844868401753 | 0 | 5.0
1.6055754994219038 | 0 | 5.0
1.6667306603910788 | 0 | 5.0
1.7008644974942346 | 0 | 5.0
1.8084967626670045 | 2 | -0.5
1.745900189980992 | 0 | 5.0
1.7851965754937797 | 0 | 5.0
1.7985179463924592 | 0 | 5.0
1.7675653915416463 | 0 | 5.0
1.7921034348782172 | 0 | 5.0
1.8226086458662187 | 1 | -0.5
1.8697964404804561 | 2 | -0.5
1.8584665785303203 | 1 | -0.5
1.8740248208098034 | 2 | -0.5
1.8240801691418536 | 1 | -0.5
1.8800394451456934 | 2 | -0.5
1.8622768261977014 | 1 | -0.5
1.9208392880712155 | 2 | -0.5
1.887936058680422 | 1 | -0.5
1.9127585582489544 | 1 | -0.5
2.0748007151276098 | 2 | -0.5
1.9631543619532712 | 1 | -0.5
2.0501746936315035 | 2 | -0.5
1.9050904355215412 | 1 | -0.5
2.0866046902500606 | 2 | -0.5
1.9633878022170057 | 1 | -0.5
2.1554361950459593 | 2 | -0.5
2.0060323618375993 | 1 | -0.5
2.148388349259015 | 1 | -0.5
2.3628496133540984 | 2 | -0.5
2.142364658283129 | 1 | -0.5
2.5332372844300437 | 2 | -0.5
2.328414783192274 | 1 | -0.5
2.727492062222453 | 1 | -0.5
3.3642129042015627 | 2 | -0.5
2.762305899323229 | 1 | -0.5
3.413300264978723 | 2 | -0.5
2.8237614669023734 | 1 | -0.5
3.3987186487588867 | 2 | -0.5
2.8302356322766893 | 1 | -0.5
3.3815393787570875 | 1 | -0.5
3.2758015729129064 | 0 | 5.0
3.195017276293111 | 0 | 5.0
3.1298155377770525 | 0 | 5.0
2.950968680854848 | 0 | 5.0
2.815535891979051 | 0 | 5.0
2.6941860250831993 | 0 | 5.0
2.62383856449634 | 0 | 5.0
2.5250260948156407 | 1 | -0.5
2.260802144679244 | 0 | 5.0
2.178287186405706 | 0 | 5.0
2.0946706452896025 | 0 | 5.0
2.03759231687828 | 0 | 5.0
2.007834063201958 | 0 | 5.0
1.9420874120600344 | 0 | 5.0
1.877040738339404 | 1 | -0.5
1.7390579159726387 | 0 | 5.0
1.7462773642366913 | 0 | 5.0
1.7241630804368568 | 0 | 5.0
1.687082940851519 | 0 | 5.0
1.619595023180068 | 0 | 5.0
1.6217048305669521 | 0 | 5.0
1.6211201749274344 | 0 | 5.0
1.5557942216813616 | 0 | 5.0
1.5182967023288034 | 1 | -0.5
1.4493336055592516 | 0 | 5.0
1.4739489171664717 | 0 | 5.0
1.4462707987468222 | 0 | 5.0
1.4152776940919147 | 0 | 5.0
1.4478438217041372 | 1 | -0.5
1.4785838532437818 | 0 | 5.0
1.5120007362153458 | 0 | 5.0
1.577706630024895 | 0 | 5.0
1.6011074933582061 | 1 | -0.5
1.6853385199614381 | 2 | -0.5
1.593505788122314 | 1 | -0.5
1.7139214231212412 | 2 | -0.5
1.6421598798419221 | 1 | -0.5
1.6934293365746225 | 2 | -0.5
1.6305569822850436 | 1 | -0.5
1.7341503532445381 | 2 | -0.5
1.6836327029787883 | 1 | -0.5
1.746821068784968 | 1 | -0.5
2.0288292241740242 | 2 | -0.5
1.8278227550494257 | 1 | -0.5
2.090593717054381 | 2 | -0.5
1.923706520738705 | 1 | -0.5
2.133379614328925 | 2 | -0.5
1.9210068980179014 | 1 | -0.5
2.17853419357772 | 1 | -0.5
2.606369835786678 | 2 | -0.5
2.2204201384817996 | 1 | -0.5
2.7646008433184397 | 2 | -0.5
2.3181766153877263 | 1 | -0.5
2.7748620232019734 | 2 | -0.5
2.389272013314134 | 1 | -0.5
2.9078597973984137 | 2 | -0.5
2.4655892423631447 | 1 | -0.5
2.8027659223727848 | 2 | -0.5
2.5018785459837365 | 1 | -0.5
3.0964854847717524 | 2 | -0.5
2.598482110058309 | 1 | -0.5
3.3003459041677927 | 2 | -0.5
2.821414257452293 | 1 | -0.5
3.575171458169027 | 2 | -0.5
2.831048507134967 | 1 | -0.5
3.3352655487189278 | 2 | -0.5
2.8735288661875575 | 1 | -0.5
3.5633664874193003 | 2 | -0.5
2.9768799608165293 | 1 | -0.5
3.343089756540136 | 0 | 5.0
3.216828262454127 | 0 | 5.0
3.046153121130369 | 0 | 5.0
2.842985264393324 | 1 | -0.5
2.5750146878754716 | 0 | 5.0
2.5403153628384056 | 0 | 5.0
2.488812575475961 | 0 | 5.0
2.40482621385794 | 0 | 5.0
2.268244756403337 | 0 | 5.0
2.2133037251952445 | 0 | 5.0
2.103140873817432 | 0 | 5.0
2.0000786415094916 | 0 | 5.0
1.9089457542020052 | 1 | -0.5
1.8225490578863206 | 0 | 5.0
1.7553838326110174 | 0 | 5.0
1.7716145722100374 | 0 | 5.0
1.646388391913271 | 0 | 5.0
1.6488935690459114 | 0 | 5.0
1.587997066409081 | 0 | 5.0
1.585252983776338 | 0 | 5.0
1.582600782103687 | 0 | 5.0
1.518367521349247 | 0 | 5.0
1.4951501503712754 | 0 | 5.0
1.492639227623436 | 0 | 5.0
1.463403800046868 | 0 | 5.0
1.444148466605712 | 0 | 5.0
1.4571887018117695 | 0 | 5.0
1.4472402999393608 | 0 | 5.0
1.5049134441813232 | 0 | 5.0
1.4457206842962345 | 0 | 5.0
1.429218270257167 | 0 | 5.0
1.4210813700752507 | 0 | 5.0
1.3920875119930192 | 0 | 5.0
1.411613439136016 | 0 | 5.0
1.366283407536126 | 0 | 5.0
1.3556941484653482 | 0 | 5.0
1.3567337296832123 | 0 | 5.0
1.356446031452327 | 0 | 5.0
1.3380635860533572 | 0 | 5.0
1.3258675184174413 | 0 | 5.0
1.2901332374444612 | 0 | 5.0
1.328314767277671 | 0 | 5.0
1.3196244162416877 | 0 | 5.0
1.2955163695787373 | 0 | 5.0
1.263369227898318 | 0 | 5.0
1.2952377096749257 | 0 | 5.0
1.290440118247275 | 0 | 5.0
1.2925880885317975 | 0 | 5.0
1.2870871675623194 | 0 | 5.0
1.2744391202583383 | 0 | 5.0
1.3258113374889602 | 0 | 5.0
1.308603904540318 | 0 | 5.0
1.2475882337052104 | 0 | 5.0
1.2524654747485269 | 0 | 5.0
1.2579789983186116 | 0 | 5.0
1.2726320268647824 | 0 | 5.0
1.272243920633646 | 0 | 5.0
1.2715879047553782 | 0 | 5.0
1.2481079070446655 | 0 | 5.0
1.2723543124377867 | 0 | 5.0
1.243111776116047 | 0 | 5.0
1.2764890080788065 | 0 | 5.0
1.2343804219705803 | 0 | 5.0
1.2963587579485563 | 0 | 5.0
1.332092257543291 | 0 | 5.0
1.334812757081095 | 0 | 5.0
1.328863340204177 | 0 | 5.0
1.337626805163523 | 0 | 5.0
1.33058348491572 | 0 | 5.0
1.3707171374803782 | 1 | -0.5
1.4265354308900633 | 0 | 5.0
1.444763128557113 | 0 | 5.0
1.4791894699701287 | 0 | 5.0
1.4969761537121762 | 2 | -0.5
1.5003489431895918 | 1 | -0.5
1.5423266506792517 | 2 | -0.5
1.5092066675532754 | 1 | -0.5
1.5265930156888576 | 2 | -0.5
1.4826832768525546 | 1 | -0.5
1.528646924888606 | 1 | -0.5
1.6257407879358148 | 2 | -0.5
1.5228104656706238 | 1 | -0.5
1.6386069201103046 | 2 | -0.5
1.5885674244331796 | 1 | -0.5
1.7028134379357198 | 2 | -0.5
1.6278403355713558 | 1 | -0.5
1.6865488473569246 | 1 | -0.5
1.8755430156241788 | 2 | -0.5
1.735198361873431 | 1 | -0.5
1.9221808277912076 | 2 | -0.5
1.7632736150498467 | 1 | -0.5
2.0193758233335535 | 2 | -0.5
1.8295275845713395 | 1 | -0.5
2.0910902079997626 | 2 | -0.5
1.8932163797154797 | 1 | -0.5
2.1041891127568393 | 2 | -0.5
1.9326219539559717 | 1 | -0.5
2.160333576607836 | 1 | -0.5
2.5583286320264147 | 2 | -0.5
2.21201109915127 | 1 | -0.5
2.6077480361358267 | 2 | -0.5
2.357531195840669 | 1 | -0.5
2.82706911478571 | 2 | -0.5
2.446817919803434 | 1 | -0.5
2.8807102357677548 | 1 | -0.5
3.42653550798445 | 2 | -0.5
2.9762600582498453 | 1 | -0.5
3.394096422195579 | 2 | -0.5
3.011832693908717 | 1 | -0.5
3.256569475117395 | 0 | 5.0
3.236686997229722 | 0 | 5.0
3.0412721197730526 | 0 | 5.0
2.879540033956239 | 0 | 5.0
2.7155552432257033 | 1 | -0.5
2.4924364986709366 | 0 | 5.0
2.426276532672875 | 0 | 5.0
2.32520798792189 | 0 | 5.0
2.232080928604276 | 0 | 5.0
2.16211838273581 | 0 | 5.0
2.100287536238677 | 1 | -0.5
1.947425032326763 | 0 | 5.0
1.9400265326864128 | 0 | 5.0
1.8913346683600025 | 0 | 5.0
1.8355896354745018 | 0 | 5.0
1.7795427581382537 | 0 | 5.0
1.8224256844076812 | 0 | 5.0
1.7223291368560503 | 0 | 5.0
1.6665643783536217 | 0 | 5.0
1.631478974705222 | 0 | 5.0
1.5641519906826884 | 0 | 5.0
1.547299682368343 | 0 | 5.0
1.4814671640066082 | 0 | 5.0
1.4827626914218688 | 0 | 5.0
1.3921904845996984 | 0 | 5.0
1.4129027725742003 | 0 | 5.0
1.322500568127944 | 0 | 5.0
1.2657119911213994 | 0 | 5.0
1.288829362750169 | 0 | 5.0
1.1863350844762677 | 0 | 5.0
1.1828201267929743 | 0 | 5.0
1.1597208835648511 | 0 | 5.0
1.1015598934575477 | 0 | 5.0
1.0467840201885714 | 0 | 5.0
1.0480668529798662 | 0 | 5.0
1.0374490451714047 | 0 | 5.0
0.9827506344233983 | 0 | 5.0
0.9435628812100949 | 0 | 5.0
0.9468693941494087 | 0 | 5.0
0.9307566849248258 | 0 | 5.0
0.884221864687433 | 0 | 5.0
0.8671155186279496 | 0 | 5.0
0.8638633075946482 | 0 | 5.0
0.8726859109939554 | 0 | 5.0
0.8347567458531193 | 0 | 5.0
0.8204896475032109 | 0 | 5.0
0.7843088108393693 | 0 | 5.0
0.7784084153116284 | 0 | 5.0
0.814010367419938 | 0 | 5.0
0.7935357436649088 | 0 | 5.0
0.7633957093527337 | 0 | 5.0
0.7463747050680694 | 0 | 5.0
0.7552004064693081 | 0 | 5.0
0.7331549414839227 | 0 | 5.0
0.7171223305394828 | 1 | -0.5
0.7292452045229932 | 0 | 5.0
0.7147800648954636 | 0 | 5.0
0.7486764204429632 | 0 | 5.0
0.7415886573415007 | 0 | 5.0
0.7655888624768418 | 0 | 5.0
0.7867200670354995 | 0 | 5.0
0.8325140729380338 | 0 | 5.0
0.7997975350002919 | 0 | 5.0
0.8118502732278797 | 0 | 5.0
0.8346563515305442 | 0 | 5.0
0.8273659495768884 | 0 | 5.0
0.8311924670519122 | 0 | 5.0
0.8557620470890265 | 0 | 5.0
0.8998023205724646 | 1 | -0.5
0.8710418078315102 | 0 | 5.0
0.9441701834832305 | 0 | 5.0
0.9593875009254834 | 0 | 5.0
1.0413916440927706 | 0 | 5.0
1.083795983715732 | 0 | 5.0
1.151020914757583 | 0 | 5.0
1.2003934442062913 | 1 | -0.5
1.3046086031793054 | 2 | -0.5
1.2495438680279176 | 1 | -0.5
1.3231387859465942 | 2 | -0.5
1.2562515165656365 | 1 | -0.5
1.393521065625574 | 2 | -0.5
Total reward: 2250.0
