0.5, 0.5, 0.5, 0.5, 0.5, 0.5, 0.5, 0.5, 0.5, 0.5, 0.5, 0.5, 0.5, 0.5, 0.5, 0.5, 0.5, 0.5, 0.5, 0.5, 0.0, 0.0
parameter ends

state | action | reward
[1.] | [1.15 1.15] | -2.8558610637320627
0.9918104731415323 | [5.14 5.14] | -53.14835993189517
0.9698906434941531 | [9.14 9.14] | -167.1563889625133
0.9044461192468279 | [13.08 13.08] | -342.34414008499107
0.7579257155128281 | [16.9 16.9] | -571.2281958070519
0.49373755460546415 | [20.49 20.49] | -839.6023939701229
0.10008226669162758 | [23.75 23.75] | -1128.6107147416903
-0.37732723865189965 | [26.67 26.67] | -1423.2338246545385
-0.8097624813340952 | [29.35 29.35] | -1723.1080238624468
-0.9999981722129387 | [29.04 29.04] | -1686.2887492859043
-0.771209613949417 | [16.62 16.62] | -552.3604537482705
-0.1229821435842829 | [16.65 16.65] | -554.6906064008119
0.6429480919115662 | [19.34 19.34] | -748.5416486978356
0.9999267905566118 | [22.15 22.15] | -981.1671282698497
0.5748873308221158 | [24.28 24.28] | -1178.8553110331281
-0.38408431906899876 | [25.56 25.56] | -1306.7084213731164
-0.993885420063402 | [26.43 26.43] | -1396.7128854141733
-0.5289956085505289 | [27.68 27.68] | -1531.9049198158514
0.583911470686279 | [29.68 29.68] | -1762.157457013026
0.9583856649119611 | [31.8 31.8] | -2022.0762516147777
-0.010170377929974198 | [33.01 33.01] | -2180.085314870925
-0.9768602149294077 | [33.47 33.47] | -2241.0666967370257
-0.3789866374450413 | [34.52 34.52] | -2383.327150084026
0.8725778670842275 | [36.64 36.64] | -2684.7909695534277
0.5492650296471472 | [38.37 38.37] | -2944.8588054295137
-0.8235640794259281 | [38.78 38.78] | -3007.109252688099
-0.5448905611469789 | [39.43 39.43] | -3109.551074567028
0.8767038243028045 | [41.5 41.5] | -3444.0704719601817
0.37164978492697365 | [43.08 43.08] | -3712.6242160734228
-0.9771789969358061 | [43.19 43.19] | -3730.3773929571344
-0.002522856780833771 | [44.19 44.19] | -3906.3977059084536
0.9681898290065949 | [46.38 46.38] | -4302.236094597071
-0.5238493890320609 | [46.99 46.99] | -4415.77430255637
-0.6278535104351795 | [47.18 47.18] | -4452.70702478135
0.9562753725138676 | [49.24 49.24] | -4849.494245849494
-0.12537574936994492 | [50.33 50.33] | -5065.714375912934
-0.8320825555926731 | [50.2 50.2] | -5040.137464680125
0.88621994791255 | [52.07 52.07] | -5423.230405611734
-0.057636472951838554 | [53.26 53.26] | -5672.457317567134
-0.8054129606569698 | [53.03 53.03] | -5624.263213570771
0.9483050945793392 | [54.95 54.95] | -6039.864002388819
-0.32066222344346273 | [55.82 55.82] | -6232.246307212825
-0.5309836318134177 | [55.71 55.71] | -6207.8143208945885
0.9873255035487176 | [57.82 57.82] | -6686.860720180474
-0.7909611606033023 | [57.99 57.99] | -6724.919134120651
0.1274131774675735 | [58.49 58.49] | -6841.566671106528
0.5845551635379607 | [60.4 60.4] | -7296.912259616316
-0.9745135029222298 | [59.9 59.9] | -7176.433135440367
0.8948481439888777 | [61.51 61.51] | -7566.316165298495
-0.43475226429144026 | [62.25 62.25] | -7751.089116234716
Total reward: -166687.0470641957
0.5, 0.5, 0.5, 0.5, 0.5, 0.5, 0.5, 0.5, 0.5, 0.5, 0.5, 0.5, 0.5, 0.5, 0.5, 0.5, 0.5, 0.5, 0.5, 0.5, 0.0, 0.0
parameter ends

state | action | reward
[1.] | [1.16 1.16] | -2.7375966725467467
0.9906896090631179 | [5.15 5.15] | -53.22599549917942
0.9677637329584193 | [9.15 9.15] | -167.42381607229484
0.9007112379388317 | [13.09 13.09] | -342.7409923784498
0.7521802075271654 | [16.9 16.9] | -571.6165057241752
0.48602303282665216 | [20.49 20.49] | -839.7553868046998
0.09118930934957957 | [23.75 23.75] | -1128.341424123368
-0.38566262721304306 | [26.67 26.67] | -1422.573319647248
-0.8150679134021639 | [29.34 29.34] | -1722.353764367732
-0.9999735970363943 | [29.02 29.02] | -1684.762424459546
-0.7652845567908877 | [16.58 16.58] | -549.6521385212469
-0.11371632486818553 | [16.63 16.63] | -553.1369650491571
0.6501233827343695 | [19.34 19.34] | -747.997260518524
0.9997671876703114 | [22.15 22.15] | -981.0994759148717
0.5670474397660898 | [24.27 24.27] | -1178.6084345697361
-0.39294805853198883 | [25.55 25.55] | -1306.1206309541026
-0.9949084728435814 | [26.42 26.42] | -1396.3143739297548
-0.5206921454951984 | [27.68 27.68] | -1532.3214395893776
0.5918559723063528 | [29.69 29.69] | -1763.2416621531886
0.9555168277457161 | [31.8 31.8] | -2022.7510814442883
-0.020117840800100383 | [33.01 33.01] | -2179.663370786163
-0.9789522916266756 | [33.47 33.47] | -2240.541224212725
-0.3696475090632431 | [34.52 34.52] | -2384.0190044350497
0.8774817023779901 | [36.65 36.65] | -2686.090294747133
0.5407220110071451 | [38.37 38.37] | -2944.8880458579515
-0.8293327927898551 | [38.77 38.77] | -3006.2847484493627
-0.5362230174290622 | [39.43 39.43] | -3110.119202234423
0.8816390023683033 | [41.51 41.51] | -3445.5298942211944
0.3619641367133854 | [43.08 43.08] | -3712.380068016732
-0.9793482426502949 | [43.18 43.18] | -3729.6126566608086
0.007993056035384345 | [44.2 44.2] | -3907.6583606743666
0.9654918495311527 | [46.38 46.38] | -4303.203053102022
-0.5328629338659787 | [46.98 46.98] | -4414.684169572908
-0.6195168695166638 | [47.19 47.19] | -4453.207152545166
0.9593536529199005 | [49.25 49.25] | -4851.090216744916
-0.13604325243720727 | [50.32 50.32] | -5064.770954474992
-0.8260406455525977 | [50.2 50.2] | -5040.188667000459
0.8911944671863191 | [52.08 52.08] | -5425.037310313567
-0.06850963335820776 | [53.25 53.25] | -5671.495282260765
-0.7988817139919556 | [53.03 53.03] | -5624.372094745516
0.9517326399202438 | [54.96 54.96] | -6041.659195121775
-0.33108258159483694 | [55.82 55.82] | -6230.961308814545
-0.5215769051572378 | [55.72 55.72] | -6208.556915988269
0.985502590416165 | [57.83 57.83] | -6688.165715246962
-0.7977292514743051 | [57.98 57.98] | -6723.417104748652
0.13849407128049504 | [58.49 58.49] | -6843.351366300345
0.5754169648947829 | [60.4 60.4] | -7296.834276449224
-0.9719270936927855 | [59.9 59.9] | -7175.773623856276
0.8998308704683016 | [61.52 61.52] | -7568.432686269043
-0.4449239545296466 | [62.25 62.25] | -7749.483828388201
Total reward: -166688.246480633
0.5, 0.5, 0.5, 0.5, 0.5, 0.5, 0.5, 0.5, 0.5, 0.5, 0.5, 0.5, 0.5, 0.5, 0.5, 0.5, 0.5, 0.5, 0.5, 0.5, 0.0, 0.0
parameter ends

state | action | reward
[1.] | [1.1 1.1] | -2.6095659626731114
0.9998754164678386 | [5.1 5.1] | -52.203053563322456
0.9910752494028058 | [9.1 9.1] | -165.802495837952
0.9465678549883435 | [13.06 13.06] | -341.172895179407
0.826294569341596 | [16.89 16.89] | -571.1323460020815
0.5881551985827186 | [20.51 20.51] | -841.5288279552997
0.2110649915741462 | [23.8 23.8] | -1133.068281758545
-0.27104235379848773 | [26.74 26.74] | -1429.7715017034734
-0.73880535718499 | [29.41 29.41] | -1730.2945010743838
-0.9934650847329453 | [29.02 29.02] | -1684.256115299942
-0.8377995995766414 | [16.35 16.35] | -534.5979742014156
-0.23364296651908928 | [16.41 16.41] | -538.6154306268149
0.5528552078291857 | [19.16 19.16] | -734.2194664882285
0.9949562108991697 | [22.04 22.04] | -971.4255764089208
0.6631884391615254 | [24.26 24.26] | -1177.4811365855483
-0.27788075606668655 | [25.62 25.62] | -1312.9123749622431
-0.9751732384784593 | [26.48 26.48] | -1402.9431210102753
-0.6210582711371045 | [27.66 27.66] | -1530.08830247471
0.48891024448680065 | [29.6 29.6] | -1752.9133602473153
0.9844145612494327 | [31.75 31.75] | -2016.8787518036954
0.10239248375690131 | [33.07 33.07] | -2187.166077956586
-0.9465892095439695 | [33.54 33.54] | -2250.178115982237
-0.480729438354993 | [34.49 34.49] | -2379.5452216139674
0.8120457357185558 | [36.56 36.56] | -2673.5297870991517
0.6398559214252361 | [38.38 38.38] | -2946.771677071014
-0.7544527033535607 | [38.85 38.85] | -3019.225489998821
-0.6358614912537871 | [39.42 39.42] | -3107.4800016303866
0.8169381187018316 | [41.42 41.42] | -3431.3240684491802
0.4738774755488902 | [43.11 43.11] | -3717.4120904403762
-0.9470198470612305 | [43.26 43.26] | -3742.1589954823917
-0.11520616422132096 | [44.14 44.14] | -3896.964290394182
0.990223405154406 | [46.34 46.34] | -4294.224567706945
-0.4244815540171261 | [47.06 47.06] | -4430.058136112859
-0.7116076579044085 | [47.18 47.18] | -4451.742875172631
0.917194744663443 | [49.17 49.17] | -4835.411246579256
-0.012681910435777677 | [50.39 50.39] | -5077.851195135345
-0.8893365313665502 | [50.22 50.22] | -5043.908019425724
0.8282990203045569 | [52. 52.] | -5407.27856564835
0.05537439948103767 | [53.31 53.31] | -5684.53891956804
-0.8671534358473826 | [53.04 53.04] | -5627.486036859996
0.9064290528665494 | [54.88 54.88] | -6023.940558508764
-0.21169920643093185 | [55.89 55.89] | -6247.742663670003
-0.6232489217993938 | [55.7 55.7] | -6204.588246832847
0.9989311665660403 | [57.77 57.77] | -6675.466855253704
-0.7168134240366644 | [58.06 58.06] | -6743.237388474121
0.014589769570937303 | [58.43 58.43] | -6827.3698850942965
0.6724506663558587 | [60.41 60.41] | -7299.145892195825
-0.9936157184003223 | [59.95 59.95] | -7187.185947138406
0.8386948962744852 | [61.43 61.43] | -7547.544146173802
-0.3302253774406701 | [62.33 62.33] | -7769.441788642369
Total reward: -166653.8338294578
0.5, 0.5, 0.5, 0.5, 0.5, 0.5, 0.5, 0.5, 0.5, 0.5, 0.5, 0.5, 0.5, 0.5, 0.5, 0.5, 0.5, 0.5, 0.5, 0.5, 0.0, 0.0
parameter ends

state | action | reward
[1.] | [1.1 1.1] | -2.4706783785731443
0.9990951604638223 | [5.1 5.1] | -52.08277905640969
0.9971516968188712 | [9.1 9.1] | -165.6928180429011
0.9636942765996259 | [13.06 13.06] | -341.0354399068976
0.8575368301591282 | [16.89 16.89] | -570.8959124268996
0.6339237379530805 | [20.5 20.5] | -841.1401173472483
0.26709336947758 | [23.79 23.79] | -1132.5638562859838
-0.21519882507736965 | [26.73 26.73] | -1429.3153291781668
-0.6988884693621075 | [29.41 29.41] | -1730.069429917903
-0.9852912140726235 | [28.87 28.87] | -1667.1364530303074
-0.8676636137992987 | [15.68 15.68] | -491.8593578126253
-0.28879600988299897 | [15.91 15.91] | -506.5535929839497
0.5044428622323134 | [18.86 18.86] | -711.6138326085742
0.9876327385844086 | [21.88 21.88] | -957.7393665123769
0.7046524788775578 | [24.21 24.21] | -1172.2813914549463
-0.22292700682476851 | [25.63 25.63] | -1314.1004228403272
-0.9610620132481503 | [26.51 26.51] | -1405.6159962412048
-0.6643968655350307 | [27.65 27.65] | -1529.3624725964373
0.43886183302306075 | [29.57 29.57] | -1748.4502256262674
0.992765647627231 | [31.73 31.73] | -2014.150041793546
0.158246063682912 | [33.09 33.09] | -2190.6708384122303
-0.9269601487645199 | [33.58 33.58] | -2255.2120277869744
-0.5292090638672041 | [34.48 34.48] | -2378.349119541932
0.7780432396751198 | [36.52 36.52] | -2668.1454183140218
0.6818865360504386 | [38.39 38.39] | -2947.5675246194082
-0.7165659751549665 | [38.89 38.89] | -3025.6069455180286
-0.677975005054513 | [39.41 39.41] | -3107.2445837276296
0.7834968112775386 | [41.38 41.38] | -3425.2461438044365
0.5221986400430697 | [43.12 43.12] | -3719.6006582891728
-0.9276824501478069 | [43.29 43.29] | -3748.5435016498773
-0.17023116590392937 | [44.12 44.12] | -3893.062438057373
0.9964394743865473 | [46.31 46.31] | -4290.154125143953
-0.3736292724992144 | [47.1 47.1] | -4437.223236464133
-0.7494234364357664 | [47.18 47.18] | -4452.1749934233185
0.893750164808906 | [49.13 49.13] | -4828.61882349538
0.042588447995409305 | [50.42 50.42] | -5083.69760337097
-0.9132191681605027 | [50.23 50.23] | -5046.6675174315205
0.7961465056564302 | [51.96 51.96] | -5399.702040001503
0.11028536620071848 | [53.34 53.34] | -5690.275901371249
-0.8932435843482793 | [53.06 53.06] | -5630.012469801586
0.8818424557345873 | [54.85 54.85] | -6016.293656743354
-0.1577105162454615 | [55.92 55.92] | -6255.231370133392
-0.6652127828380804 | [55.69 55.69] | -6204.027163045742
0.9999630434915011 | [57.75 57.75] | -6669.740459407386
-0.6775572080549945 | [58.1 58.1] | -6752.445956266387
-0.040134177806172885 | [58.4 58.4] | -6821.326012557717
0.7119007907617659 | [60.41 60.41] | -7299.79576081722
-0.9982940290190742 | [59.97 59.97] | -7193.272022443218
0.8077298892337923 | [61.39 61.39] | -7538.651060247582
-0.2782748144060966 | [62.36 62.36] | -7778.263791434927
Total reward: -166530.95267736315
0.5, 0.5, 0.5, 0.5, 0.5, 0.5, 0.5, 0.5, 0.5, 0.5, 0.5, 0.5, 0.5, 0.5, 0.5, 0.5, 0.5, 0.5, 0.5, 0.5, 0.0, 0.0
parameter ends

state | action | reward
[1.] | [1.04 1.04] | -2.311363207318616
0.9997580023362498 | [5.04 5.04] | -51.02999424211097
0.9953960512036998 | [9.05 9.05] | -164.0184839047013
0.9580311525311512 | [13.03 13.03] | -339.41532789453896
0.84686233698029 | [16.89 16.89] | -570.4605809662356
0.6180594775045526 | [20.53 20.53] | -843.1737444995077
0.24750350466491366 | [23.85 23.85] | -1137.802470601004
-0.23487463869810676 | [26.8 26.8] | -1437.1644654604565
-0.7131361215487761 | [29.48 29.48] | -1738.5401203867427
-0.9885216295760711 | [29.2 29.2] | -1705.4917960350324
-0.8575278158075538 | [16.94 16.94] | -574.2178038508312
-0.2695808600096549 | [16.81 16.81] | -565.2745572357691
0.5215942266290732 | [19.36 19.36] | -749.6831299991115
0.9905641338176084 | [22.13 22.13] | -979.4276938146154
0.6903774881743119 | [24.32 24.32] | -1182.6191818557647
-0.2422746618811212 | [25.67 25.67] | -1317.6252956770272
-0.966361483396605 | [26.52 26.52] | -1406.3769162007727
-0.649440817013943 | [27.66 27.66] | -1530.3030856598207
0.45657541589117606 | [29.58 29.58] | -1750.2935379820094
0.9901960989350445 | [31.74 31.74] | -2015.2436298463522
0.13870751814136165 | [33.09 33.09] | -2189.5003754819277
-0.9341819886689564 | [33.57 33.57] | -2253.4119481904995
-0.512385921284531 | [34.49 34.49] | -2378.6865803408486
0.7902566392330566 | [36.54 36.54] | -2669.9965863469665
0.6673762150241561 | [38.39 38.39] | -2947.29760455247
-0.7301228160969022 | [38.88 38.88] | -3023.3236874405034
-0.6634290931797417 | [39.42 39.42] | -3107.2296301522206
0.7955184136894542 | [41.4 41.4] | -3427.341421442202
0.505412467364186 | [43.12 43.12] | -3718.8435480892804
-0.9348024286078658 | [43.28 43.28] | -3746.2327639383425
-0.15096095199083698 | [44.13 44.13] | -3894.34306584036
0.9946057533699455 | [46.32 46.32] | -4291.58642676456
-0.3916287930604652 | [47.09 47.09] | -4434.682828382725
-0.7363964181730097 | [47.18 47.18] | -4451.919044501597
0.9023020219255293 | [49.15 49.15] | -4830.984144129439
0.023175843657514253 | [50.41 50.41] | -5081.642679621839
-0.905141021077527 | [50.23 50.23] | -5045.593288909007
0.8077266740214901 | [51.97 51.97] | -5402.3346913182495
0.09101629201339796 | [53.33 53.33] | -5688.262435375769
-0.8843777118607258 | [53.05 53.05] | -5629.017065788381
0.8907931973738168 | [54.86 54.86] | -6018.963478456718
-0.17675349109359437 | [55.91 55.91] | -6252.586609308216
-0.6506804996360543 | [55.7 55.7] | -6204.115656286708
0.9999429185059323 | [57.76 57.76] | -6671.763601397458
-0.6916000971904137 | [58.09 58.09] | -6749.155131967401
-0.020893332122264224 | [58.41 58.41] | -6823.364696964197
0.6982618558750348 | [60.41 60.41] | -7299.592917057664
-0.9969875636817865 | [59.96 59.96] | -7191.028196300434
0.8189023249237959 | [61.41 61.41] | -7541.755981999736
-0.2966543970506702 | [62.35 62.35] | -7775.13822682586
Total reward: -166800.1674924913
0.5, 0.5, 0.5, 0.5, 0.5, 0.5, 0.5, 0.5, 0.5, 0.5, 0.5, 0.5, 0.5, 0.5, 0.5, 0.5, 0.5, 0.5, 0.5, 0.5, 0.0, 0.0
parameter ends

state | action | reward
[1.] | [1.08 1.08] | -2.7315913397478884
0.9973374693204986 | [5.08 5.08] | -52.07722937404742
0.981834205945856 | [9.09 9.09] | -165.4700584348884
0.9265873318533314 | [13.05 13.05] | -340.7539577417542
0.7927594865747649 | [16.89 16.89] | -570.8440016494811
0.5409969731133418 | [20.51 20.51] | -841.6470180848168
0.15491183656783683 | [23.81 23.81] | -1133.819754603596
-0.32552671418819706 | [26.75 26.75] | -1431.2720491694354
-0.7760366868403823 | [29.43 29.43] | -1732.11243167934
-0.9983563185529664 | [32.04 32.04] | -2053.647460419779
-0.8053104453579408 | [17.05 17.05] | -581.3930025992241
-0.17783590250722286 | [16.19 16.19] | -524.5003960815695
0.599452709641262 | [18.92 18.92] | -716.4749899962894
0.9990560332450108 | [21.9 21.9] | -959.2826733505577
0.6194564055408754 | [24.17 24.17] | -1168.7109255722062
-0.332170134908645 | [25.54 25.54] | -1305.1001526872517
-0.9862068588442913 | [26.43 26.43] | -1397.5531754032334
-0.5753933898538565 | [27.66 27.66] | -1529.905229540687
0.5378147020047432 | [29.64 29.64] | -1757.0966069613364
0.9727973677970779 | [31.77 31.77] | -2019.411056387841
0.045562182045802715 | [33.04 33.04] | -2183.6176589091892
-0.9634185007810488 | [33.51 33.51] | -2245.485640209884
-0.43000676802924837 | [34.5 34.5] | -2381.303326936342
0.8439641866594373 | [36.6 36.6] | -2679.2284527977367
0.5950537344812885 | [38.38 38.38] | -2945.972613199665
-0.7906037291858037 | [38.81 38.81] | -3013.1023746587057
-0.5908834755808633 | [39.42 39.42] | -3108.355319374727
0.8484494711926331 | [41.46 41.46] | -3437.7772785843495
0.42297447617190054 | [43.1 43.1] | -3715.1828681796333
-0.9637682128591699 | [43.22 43.22] | -3736.1349938518724
-0.05847267256866045 | [44.17 44.17] | -3901.5616834208636
0.9806777396665557 | [46.36 46.36] | -4298.426472424113
-0.47532995305077397 | [47.03 47.03] | -4422.931691848952
-0.6704664044643359 | [47.18 47.18] | -4452.01569978535
0.9383843361466203 | [49.21 49.21] | -4842.5822433139665
-0.06956627204812088 | [50.36 50.36] | -5071.8979628056795
-0.8618747219290177 | [50.21 50.21] | -5041.791471273572
0.8588391362224866 | [52.03 52.03] | -5415.350736854511
-0.001528521231690476 | [53.28 53.28] | -5678.63838387031
-0.837411302710032 | [53.04 53.04] | -5625.6284910632485
0.92899078613113 | [54.92 54.92] | -6032.038888345421
-0.2669589120123179 | [55.86 55.86] | -6240.082492978386
-0.5777507583316756 | [55.7 55.7] | -6205.954879569749
0.9946840903957697 | [57.8 57.8] | -6681.399120142279
-0.7553160370665899 | [58.03 58.03] | -6734.016311036519
0.0714416307391605 | [58.46 58.46] | -6834.319185862531
0.6292634593687074 | [60.41 60.41] | -7298.307700287256
-0.9855905916219643 | [59.92 59.92] | -7181.560348363193
0.8683111158495842 | [61.47 61.47] | -7557.044352714236
-0.38337234379193846 | [62.29 62.29] | -7760.340397234091
Total reward: -167005.8528009734
0.5, 0.5, 0.5, 0.5, 0.5, 0.5, 0.5, 0.5, 0.5, 0.5, 0.5, 0.5, 0.5, 0.5, 0.5, 0.5, 0.5, 0.5, 0.5, 0.5, 0.0, 0.0
parameter ends

state | action | reward
[1.] | [1.17 1.17] | -3.1165142849224767
0.9960657460835423 | [5.16 5.16] | -53.719763417441094
0.9787246594974461 | [9.15 9.15] | -167.93889274355737
0.9205479432797946 | [13.09 13.09] | -343.1042637307593
0.7830508849602149 | [16.9 16.9] | -571.5786679803073
0.5276498458572727 | [20.48 20.48] | -839.061487324758
0.13925790924982975 | [23.74 23.74] | -1126.9047791109992
-0.34049106757905023 | [26.65 26.65] | -1420.6961872715142
-0.7859734104789293 | [29.33 29.33] | -1720.3825841732612
-0.9991426910213531 | [28.85 28.85] | -1664.8918158703234
-0.795766986281106 | [15.86 15.86] | -503.34797496717226
-0.1621431059439815 | [16.1 16.1] | -518.6771972451647
0.6121222892565065 | [19.03 19.03] | -724.1466189390666
0.9996210842215433 | [21.99 21.99] | -966.9548477077335
0.6068777200772216 | [24.22 24.22] | -1173.0217793249446
-0.34714669714479635 | [25.56 25.56] | -1306.4293539071093
-0.9887172802545001 | [26.43 26.43] | -1397.7610196631085
-0.5622981063697899 | [27.66 27.66] | -1530.6961059115501
0.5511696373991462 | [29.65 29.65] | -1758.6595308597684
0.9689857131089457 | [31.78 31.78] | -2020.2467566498208
0.02965168656327387 | [33.03 33.03] | -2182.651386413694
-0.9675632355544243 | [33.5 33.5] | -2244.2311726047
-0.41557864952776885 | [34.51 34.51] | -2381.875892991307
0.8523969375790826 | [36.61 36.61] | -2680.829006403433
0.5821835031375862 | [38.38 38.38] | -2945.6858717163827
-0.8002517476000689 | [38.8 38.8] | -3011.3989719180104
-0.5779652977289449 | [39.42 39.42] | -3108.6798854326803
0.8567677245933257 | [41.47 41.47] | -3439.5794896082157
0.40849585295079577 | [43.09 43.09] | -3714.4878237242415
-0.9678923245219129 | [43.21 43.21] | -3734.4911339851637
-0.04257379759463112 | [44.17 44.17] | -3902.9200968606506
0.9774393468213319 | [46.36 46.36] | -4299.539188170512
-0.4892747253748052 | [47.01 47.01] | -4420.915696701915
-0.6585712338472923 | [47.18 47.18] | -4452.1863963167825
0.9437665394653059 | [49.22 49.22] | -4844.560480355415
-0.08543650147054531 | [50.35 50.35] | -5070.175183786151
-0.8536934795607708 | [50.21 50.21] | -5041.295369506111
0.866883843683956 | [52.05 52.05] | -5417.5950158667865
-0.017445307861033054 | [53.28 53.28] | -5676.922907583614
-0.828605519735522 | [53.03 53.03] | -5625.211196111943
0.9347638882016595 | [54.93 54.93] | -6034.272386399518
-0.2822638818073182 | [55.85 55.85] | -6237.894594924732
-0.5646865247387455 | [55.71 55.71] | -6206.445602028884
0.9929191608831748 | [57.8 57.8] | -6682.982140096666
-0.7656510126270799 | [58.01 58.01] | -6731.451287118594
0.08730762960499341 | [58.46 58.46] | -6836.340867711894
0.6168143199141114 | [60.41 60.41] | -7297.968687308319
-0.982773697496709 | [59.92 59.92] | -7180.083451972187
0.876095406104071 | [61.48 61.48] | -7559.677847013579
-0.398022840299219 | [62.28 62.28] | -7757.759058758784
Total reward: -166531.44423047415
0.5, 0.5, 0.5, 0.5, 0.5, 0.5, 0.5, 0.5, 0.5, 0.5, 0.5, 0.5, 0.5, 0.5, 0.5, 0.5, 0.5, 0.5, 0.5, 0.5, 0.0, 0.0
parameter ends

state | action | reward
[1.] | [1.12 1.12] | -2.5859679085516296
0.9942977146231872 | [5.12 5.12] | -52.462457549690626
0.9748322648694717 | [9.12 9.12] | -166.22452559244675
0.9132648097562871 | [13.07 13.07] | -341.5476202529311
0.7715284483451154 | [16.9 16.9] | -571.0815951668326
0.5119578215112927 | [20.5 20.5] | -840.6042917392002
0.12100315823080043 | [23.78 23.78] | -1130.9983930223184
-0.3577761224928415 | [26.71 26.71] | -1426.7319514108412
-0.7972650934876369 | [29.38 29.38] | -1726.9196533837317
-0.9997383040207372 | [29.12 29.12] | -1695.7568712784293
-0.7843643995937104 | [16.88 16.88] | -569.9766578528099
-0.1436926664189464 | [16.83 16.83] | -566.4461669382921
0.6268289791279447 | [19.43 19.43] | -755.2612528762727
0.9999618773483827 | [22.19 22.19] | -984.7007471950393
0.5917816409486515 | [24.3 24.3] | -1181.390100419435
-0.3648260273942152 | [25.58 25.58] | -1309.20551675705
-0.9913818452610272 | [26.44 26.44] | -1398.4706170288155
-0.546455885691214 | [27.67 27.67] | -1531.8724368870537
0.5669987314723405 | [29.67 29.67] | -1760.7103764757155
0.9640766241551567 | [31.79 31.79] | -2021.405979489727
0.010453615493000354 | [33.03 33.03] | -2181.610093385695
-0.972248074970538 | [33.49 33.49] | -2242.8294060334024
-0.39794071688072524 | [34.51 34.51] | -2382.71431648149
0.862359337398438 | [36.62 36.62] | -2682.9374570000264
0.5662939895330021 | [38.38 38.38] | -2945.468302713754
-0.8117680749243962 | [38.79 38.79] | -3009.436807874832
-0.5619376530889006 | [39.43 39.43] | -3109.238144490948
0.8666873543195751 | [41.48 41.48] | -3441.9660546510718
0.3905280768139483 | [43.09 43.09] | -3713.7553652757147
-0.9726435075607021 | [43.2 43.2] | -3732.596375697074
-0.02289429565798177 | [44.18 44.18] | -3904.7884120437425
0.9730811513009493 | [46.37 46.37] | -4301.067988414961
-0.5064258792820798 | [47. 47.] | -4418.525569601576
-0.6435288840714243 | [47.18 47.18] | -4452.582794686248
0.9501459272308757 | [49.23 49.23] | -4847.199511154279
-0.10524570832615744 | [50.34 50.34] | -5068.126260113244
-0.843140349066115 | [50.2 50.2] | -5040.854367244722
0.8766696315957447 | [52.06 52.06] | -5420.589592087402
-0.03745381100357002 | [53.27 53.27] | -5674.863330450111
-0.817213010134863 | [53.03 53.03] | -5624.8737472040075
0.9417121594552326 | [54.94 54.94] | -6037.257361968601
-0.3015128370823666 | [55.83 55.83] | -6235.223506442208
-0.5479340425458769 | [55.71 55.71] | -6207.2736521076295
0.9903178253935145 | [57.81 57.81] | -6685.119460329032
-0.7785058100352866 | [58. 58.] | -6728.308061760429
0.10747280649773108 | [58.48 58.48] | -6839.126820033291
0.6007146629910783 | [60.4 60.4] | -7297.616053608565
-0.9788144585971172 | [59.91 59.91] | -7178.37241206994
0.885728074061011 | [61.49 61.49] | -7563.206329296248
-0.41664177005285247 | [62.27 62.27] | -7754.535546704724
Total reward: -166756.41628015018
0.5, 0.5, 0.5, 0.5, 0.5, 0.5, 0.5, 0.5, 0.5, 0.5, 0.5, 0.5, 0.5, 0.5, 0.5, 0.5, 0.5, 0.5, 0.5, 0.5, 0.0, 0.0
parameter ends

state | action | reward
[1.] | [1.09 1.09] | -2.766619226535587
0.99414275262544 | [5.09 5.09] | -52.228424706254465
0.9745315153259296 | [9.09 9.09] | -165.67612253364328
0.9127558751894245 | [13.05 13.05] | -340.88797683373883
0.7707965467978258 | [16.89 16.89] | -570.7149508017554
0.5110557547483753 | [20.51 20.51] | -841.0508565543134
0.12006275007309576 | [23.8 23.8] | -1132.6785370299901
-0.3585633972087705 | [26.74 26.74] | -1429.727395669007
-0.7977123367198765 | [29.41 29.41] | -1730.5277429341277
-0.9997529159133033 | [32.03 32.03] | -2052.5256156260534
-0.7840122782089314 | [17.23 17.23] | -593.6892240150283
-0.143213878640712 | [16.34 16.34] | -534.4795723333178
0.6271425188937675 | [19.03 19.03] | -724.2166079260933
0.9999646491302387 | [21.95 21.95] | -964.1737955547393
0.5915832365108166 | [24.19 24.19] | -1170.0445134417482
-0.364984594159777 | [25.53 25.53] | -1303.5730859465234
-0.9913944148605472 | [26.42 26.42] | -1395.8105727675709
-0.5464365352017483 | [27.66 27.66] | -1530.5734087459516
0.5669589108915684 | [29.66 29.66] | -1759.981238979651
0.9641080619575951 | [31.79 31.79] | -2020.9453518072924
0.010640639237708086 | [33.02 33.02] | -2181.3314489223494
-0.9721885423073444 | [33.48 33.48] | -2242.6454242001296
-0.39823453890801813 | [34.51 34.51] | -2382.4906917183134
0.8621643723775494 | [36.62 36.62] | -2682.6518587308615
0.566663450596387 | [38.37 38.37] | -2945.254034430701
-0.811469871884064 | [38.79 38.79] | -3009.3105365806023
-0.5624101727398414 | [39.43 39.43] | -3109.0174926083805
0.8663723853509944 | [41.48 41.48] | -3441.6439836938303
0.39116277720945936 | [43.09 43.09] | -3713.570330594107
-0.9724697294886073 | [43.2 43.2] | -3732.4849727591995
-0.02369719094822339 | [44.18 44.18] | -3904.479050490565
0.9732785793981101 | [46.37 46.37] | -4300.765795382183
-0.5056390720779665 | [47. 47.] | -4418.448971075565
-0.6442673435981993 | [47.18 47.18] | -4452.345966686643
0.9498283110154935 | [49.23 49.23] | -4846.820934204326
-0.10418365395706904 | [50.34 50.34] | -5068.044805158166
-0.843740847759448 | [50.2 50.2] | -5040.667897931176
0.876107764953861 | [52.06 52.06] | -5420.172508944871
-0.03624007480045994 | [53.27 53.27] | -5674.799779394695
-0.8179394171615202 | [53.03 53.03] | -5624.680692247207
0.9412714710655753 | [54.94 54.94] | -6036.828808967067
-0.3002228521919097 | [55.83 55.83] | -6235.2223876318985
-0.549102029217247 | [55.71 55.71] | -6206.991028403906
0.9905167287649844 | [57.81 57.81] | -6684.751847498557
-0.7775743456964644 | [58. 58.] | -6728.359138108836
0.10595714614435282 | [58.47 58.47] | -6838.683230789168
0.6019652376596016 | [60.4 60.4] | -7297.458134943473
-0.9791418616225386 | [59.91 59.91] | -7178.308345717661
0.8849635267590431 | [61.49 61.49] | -7562.703566038015
-0.41511133025169067 | [62.27 62.27] | -7754.634486762718
Total reward: -167031.83976404852
0.5, 0.5, 0.5, 0.5, 0.5, 0.5, 0.5, 0.5, 0.5, 0.5, 0.5, 0.5, 0.5, 0.5, 0.5, 0.5, 0.5, 0.5, 0.5, 0.5, 0.0, 0.0
parameter ends

state | action | reward
[1.] | [1.08 1.08] | -2.420480693577575
0.9997694775562124 | [5.08 5.08] | -51.672896206933316
0.995346130324341 | [9.08 9.08] | -165.0369930643446
0.9578840819147386 | [13.04 13.04] | -340.4291497051261
0.8465914741743019 | [16.89 16.89] | -570.822377486601
0.617657954232076 | [20.52 20.52] | -842.1304181066305
0.2470016125596051 | [23.82 23.82] | -1134.889739871912
-0.23538926810349173 | [26.76 26.76] | -1432.6586852056862
-0.7135145811326824 | [29.44 29.44] | -1733.5240766244588
-0.9886032610407942 | [29.04 29.04] | -1686.476508348255
-0.8572546615530853 | [16.34 16.34] | -534.4185504377535
-0.2690799110635877 | [16.39 16.39] | -537.3674166660245
0.5220300440923089 | [19.13 19.13] | -732.0786245562093
0.9906328360051462 | [22.02 22.02] | -969.5949911447473
0.6900201801961336 | [24.26 24.26] | -1177.6441412276754
-0.2427456862382265 | [25.64 25.64] | -1315.2676637646239
-0.9664841566100871 | [26.51 26.51] | -1405.3002906793386
-0.6490837702132208 | [27.66 27.66] | -1529.839962589732
0.4569860855645304 | [29.58 29.58] | -1750.113926829113
0.9901325813254669 | [31.74 31.74] | -2015.154707254598
0.13826533008518915 | [33.09 33.09] | -2189.4048498758425
-0.9343385810710436 | [33.57 33.57] | -2253.3298376155344
-0.5120149532018599 | [34.49 34.49] | -2378.6726700843183
0.7905169130751204 | [36.54 36.54] | -2670.0143448081426
0.667064911284244 | [38.39 38.39] | -2947.2600104562493
-0.7304036975526365 | [38.88 38.88] | -3023.245809514338
-0.6631263819954558 | [39.42 39.42] | -3107.2129473693035
0.7957594920257292 | [41.4 41.4] | -3427.361883276418
0.5050745466821043 | [43.12 43.12] | -3718.7949654753197
-0.9349392085072011 | [43.28 43.28] | -3746.1618490098845
-0.15058612112928751 | [44.13 44.13] | -3894.3507971611293
0.9945669788455956 | [46.32 46.32] | -4291.584089584771
-0.391966674180671 | [47.09 47.09] | -4434.602869786128
-0.7361518268123575 | [47.18 47.18] | -4451.897318696533
0.9024553454136924 | [49.15 49.15] | -4831.000680798981
0.02282570973940171 | [50.41 50.41] | -5081.571610155404
-0.904994398228294 | [50.23 50.23] | -5045.5565767105245
0.8079267451177252 | [51.97 51.97] | -5402.354586760903
0.0906834718845643 | [53.33 53.33] | -5688.193794233793
-0.8842240629568481 | [53.05 53.05] | -5628.982925855609
0.8909403977264811 | [54.86 54.86] | -6018.980124096273
-0.17706756849696928 | [55.91 55.91] | -6252.511382931593
-0.650441819903175 | [55.7 55.7] | -6204.099964346965
0.9999395632911556 | [57.76 57.76] | -6671.7642678316415
-0.6918202869311245 | [58.09 58.09] | -6749.078301312574
-0.020593050062445755 | [58.41 58.41] | -6823.37607213874
0.6980500179134506 | [60.41 60.41] | -7299.555615065797
-0.9969649111407359 | [59.96 59.96] | -7190.977167792754
0.8190671397931117 | [61.41 61.41] | -7541.774471655562
-0.29692466967179204 | [62.35 62.35] | -7775.06481773408
Total reward: -166665.57820259852
0.5, 0.5, 0.5, 0.5, 0.5, 0.5, 0.5, 0.5, 0.5, 0.5, 0.5, 0.5, 0.5, 0.5, 0.5, 0.5, 0.5, 0.5, 0.5, 0.5, 0.0, 0.0
parameter ends

state | action | reward
[1.] | [1.04 1.04] | -2.470907458594742
0.9988936147955307 | [5.04 5.04] | -51.10732573753962
0.9974913234186388 | [9.05 9.05] | -164.00144673505463
0.9649623035347504 | [13.02 13.02] | -339.2628066604185
0.8600665423009178 | [16.88 16.88] | -570.1088675197562
0.6378527443980094 | [20.52 20.52] | -842.5961417350991
0.272149216767318 | [23.84 23.84] | -1137.0898269598188
-0.20990924003415548 | [26.8 26.8] | -1436.577540152786
-0.6948931276935552 | [29.48 29.48] | -1738.1015229272487
-0.984299529890915 | [29.14 29.14] | -1698.5260194370583
-0.8705451074981143 | [16.69 16.69] | -557.0167991646707
-0.29447795585868203 | [16.62 16.62] | -552.4256781132773
0.4992058491174594 | [19.24 19.24] | -740.5276575155262
0.9866469842631462 | [22.06 22.06] | -973.6916703217352
0.7090934229125448 | [24.29 24.29] | -1180.325127403795
-0.2166961338567818 | [25.67 25.67] | -1318.0759143375728
-0.9592473641595725 | [26.53 26.53] | -1407.4708979378804
-0.669313590017849 | [27.66 27.66] | -1529.7709618988663
0.4328314118120317 | [29.56 29.56] | -1747.8942157710123
0.9935592231961752 | [31.73 31.73] | -2013.5469004115594
0.16505424553092576 | [33.1 33.1] | -2190.76140784734
-0.9243131392289522 | [33.58 33.58] | -2255.5113331970506
-0.5352112961209757 | [34.48 34.48] | -2377.8318692914017
0.773511200703773 | [36.52 36.52] | -2667.010397398209
0.6871883967196563 | [38.39 38.39] | -2947.2178515299165
-0.7114114532957058 | [38.9 38.9] | -3026.0586926693486
-0.6834319445664071 | [39.41 39.41] | -3106.8188530258813
0.778792601960885 | [41.38 41.38] | -3423.9553342833256
0.5286806142665313 | [43.12 43.12] | -3719.4374360358524
-0.9247798149089207 | [43.29 43.29] | -3749.0341065710036
-0.17789341104163103 | [44.11 44.11] | -3892.081485702117
0.9970713692689107 | [46.31 46.31] | -4289.087364891972
-0.3662551379425152 | [47.1 47.1] | -4437.822172828696
-0.7547047061951258 | [47.18 47.18] | -4451.8244978379025
0.8900932604719699 | [49.13 49.13] | -4827.137691725724
0.050739745487894734 | [50.42 50.42] | -5084.111141689657
-0.9165423098656936 | [50.23 50.23] | -5046.671189733491
0.7910958146596436 | [51.95 51.95] | -5398.078118420449
0.11860051251981882 | [53.34 53.34] | -5690.694675313322
-0.8970049710312828 | [53.06 53.06] | -5629.9907426125965
0.8778009418498962 | [54.84 54.84] | -6014.627196678591
-0.14924415840165522 | [55.93 55.93] | -6255.961120757467
-0.6716324542961122 | [55.69 55.69] | -6203.5221695392875
0.9998505217433552 | [57.74 57.74] | -6668.34796643316
-0.6710929378684988 | [58.11 58.11] | -6753.50591697669
-0.04893915175646738 | [58.39 58.39] | -6819.916825905262
0.7181034589153036 | [60.41 60.41] | -7299.432825300839
-0.9987755880184168 | [59.97 59.97] | -7193.87304899969
0.8023998350477993 | [61.39 61.39] | -7536.725895912236
-0.2695799523896268 | [62.37 62.37] | -7779.305857116357
Total reward: -166736.9434144241
0.5, 0.5, 0.5, 0.5, 0.5, 0.5, 0.5, 0.5, 0.5, 0.5, 0.5, 0.5, 0.5, 0.5, 0.5, 0.5, 0.5, 0.5, 0.5, 0.5, 0.0, 0.0
parameter ends

state | action | reward
[1.] | [1.15 1.15] | -2.8793083799874144
0.9989888371468909 | [5.14 5.14] | -53.15759152428657
0.9867499061386744 | [9.14 9.14] | -167.15485707531585
0.9366974018518808 | [13.08 13.08] | -342.3421269690171
0.8093652866213762 | [16.9 16.9] | -571.2386938566415
0.5640370481080356 | [20.49 20.49] | -839.7488812593102
0.18204772060538255 | [23.76 23.76] | -1128.9137033437753
-0.2994917624438857 | [26.68 26.68] | -1423.6608327591446
-0.758537276612468 | [29.35 29.35] | -1723.5543403626746
-0.9964285019219742 | [28.86 28.86] | -1665.4637589096956
-0.8210987037822447 | [15.8 15.8] | -499.34398151770176
-0.20440261413805857 | [16.04 16.04] | -514.5147235805562
0.5776265599739993 | [18.97 18.97] | -719.9511121737787
0.9975238816669328 | [21.95 21.95] | -964.0021358865952
0.6403225622848177 | [24.22 24.22] | -1172.9553248853988
-0.3067712764207775 | [25.58 25.58] | -1309.0757610155902
-0.9814284560823794 | [26.46 26.46] | -1400.3170681516872
-0.5970079273401816 | [27.66 27.66] | -1530.1524539248107
0.5151833367612775 | [29.62 29.62] | -1755.3138331886355
0.9786069144736823 | [31.77 31.77] | -2018.4601876538666
0.07202067779631582 | [33.06 33.06] | -2185.4952986392227
-0.9559940713832801 | [33.52 33.52] | -2247.81169070052
-0.4536829457130781 | [34.5 34.5] | -2380.5997822238496
0.829544690816434 | [36.58 36.58] | -2676.7826291875826
0.6159715893564904 | [38.38 38.38] | -2946.591050302751
-0.7742696127134829 | [38.83 38.83] | -3016.096557202612
-0.6118019647719073 | [39.42 39.42] | -3108.0651780622607
0.8343296887668427 | [41.44 41.44] | -3435.019439961064
0.44646381892630355 | [43.11 43.11] | -3716.4610947206215
-0.956497465882987 | [43.24 43.24] | -3739.03707632556
-0.08439451734950168 | [44.16 44.16] | -3899.598260278031
0.9854223740563597 | [46.35 46.35] | -4296.769960578736
-0.45238823573543413 | [47.04 47.04] | -4426.380385551871
-0.6894217430165376 | [47.18 47.18] | -4452.004050992607
0.9291531191587772 | [49.19 49.19] | -4839.563386335655
-0.043841328156754705 | [50.37 50.37] | -5074.830780564431
-0.8746339784242222 | [50.21 50.21] | -5042.857764928567
0.8454005972816802 | [52.02 52.02] | -5411.929617627102
0.024113411346776893 | [53.3 53.3] | -5681.538358888364
-0.8511302501237533 | [53.04 53.04] | -5626.570291500872
0.9192260344672926 | [54.9 54.9] | -6028.634977546489
-0.24227251143989223 | [55.87 55.87] | -6243.7371303859545
-0.5983673182502218 | [55.7 55.7] | -6205.450153099749
0.9969827773689485 | [57.79 57.79] | -6679.0075152768495
-0.738414802893868 | [58.04 58.04] | -6738.298928124537
0.04610147738378429 | [58.44 58.44] | -6831.3602111840355
0.6487613836166649 | [60.41 60.41] | -7298.949173947815
-0.989556623129716 | [59.93 59.93] | -7184.164656008689
0.8554934818894817 | [61.45 61.45] | -7553.041903744624
-0.3599300769875212 | [62.31 62.31] | -7764.575365591338
Total reward: -166533.42334590084
0.5, 0.5, 0.5, 0.5, 0.5, 0.5, 0.5, 0.5, 0.5, 0.5, 0.5, 0.5, 0.5, 0.5, 0.5, 0.5, 0.5, 0.5, 0.5, 0.5, 0.0, 0.0
parameter ends

state | action | reward
[1.] | [1.08 1.08] | -2.6293206384298045
0.9999972093873389 | [5.08 5.08] | -51.94573098980403
0.9933196194172856 | [9.08 9.08] | -165.35737562242335
0.9522044591127876 | [13.05 13.05] | -340.74067192723214
0.8362201542203338 | [16.89 16.89] | -571.0380111203376
0.6024298330911871 | [20.52 20.52] | -842.1529388679849
0.22831079081934447 | [23.82 23.82] | -1134.652860643811
-0.25406722895645983 | [26.76 26.76] | -1432.205782650199
-0.7268932683385105 | [29.44 29.44] | -1733.0698436177615
-0.9913256336750127 | [29.07 29.07] | -1690.0235418915877
-0.847139758756241 | [16.49 16.49] | -544.3237899237239
-0.25038466778605956 | [16.5 16.5] | -544.9951221325425
0.5384645368002363 | [19.2 19.2] | -737.7011869098128
0.993096370381374 | [22.06 22.06] | -973.1574488940191
0.6758261791235021 | [24.28 24.28] | -1178.9494102192984
-0.26157152261782574 | [25.64 25.64] | -1314.7567687890914
-0.9713008724349788 | [26.5 26.5] | -1404.4784305730361
-0.6341277604340718 | [27.66 27.66] | -1530.2739386217866
0.4742613958043924 | [29.59 29.59] | -1751.858722027448
0.9872051628501782 | [31.75 31.75] | -2016.3018943059294
0.11886494620081019 | [33.08 33.08] | -2188.4096861012713
-0.9411382502470563 | [33.55 33.55] | -2251.835177702336
-0.4950787873537635 | [34.49 34.49] | -2379.349479191572
0.8023818504367294 | [36.55 36.55] | -2672.1318871641715
0.6523037669220986 | [38.39 38.39] | -2947.2125879648665
-0.7436904221426568 | [38.87 38.87] | -3021.2710523373153
-0.648268742981782 | [39.42 39.42] | -3107.566622529583
0.8075333989049861 | [41.41 41.41] | -3429.747341372366
0.4879617873177916 | [43.12 43.12] | -3718.2660622537096
-0.9417580077580495 | [43.27 43.27] | -3744.1805039994515
-0.13103365413051216 | [44.14 44.14] | -3895.9998870401923
0.9923151877349685 | [46.33 46.33] | -4293.271441036391
-0.4100883841698312 | [47.08 47.08] | -4432.322060094309
-0.7226083837536242 | [47.18 47.18] | -4452.019898579137
0.9108133289206324 | [49.16 49.16] | -4833.674019057749
0.0029979415822755004 | [50.4 50.4] | -5079.742716800126
-0.8963742955464338 | [50.22 50.22] | -5044.846181611441
0.8194696006342811 | [51.99 51.99] | -5405.324932708088
0.07087461312762248 | [53.32 53.32] | -5686.393327663696
-0.8747606912815223 | [53.05 53.05] | -5628.348917669501
0.8998013883371273 | [54.87 54.87] | -6021.987733654048
-0.196632407125048 | [55.9 55.9] | -6250.071885601022
-0.6351762073921327 | [55.7 55.7] | -6204.572428779112
0.9995214966428431 | [57.77 57.77] | -6674.086507525884
-0.7060907224842686 | [58.08 58.08] | -6746.0060339495585
-0.0006265752896407516 | [58.42 58.42] | -6825.831494221902
0.6836047731433516 | [60.41 60.41] | -7299.569912682713
-0.9952093271744081 | [59.95 59.95] | -7189.025519976116
0.830378904262424 | [61.42 61.42] | -7545.2672907503365
-0.3159771339411513 | [62.34 62.34] | -7772.099843300158
Total reward: -166701.04522368437
0.5, 0.5, 0.5, 0.5, 0.5, 0.5, 0.5, 0.5, 0.5, 0.5, 0.5, 0.5, 0.5, 0.5, 0.5, 0.5, 0.5, 0.5, 0.5, 0.5, 0.0, 0.0
parameter ends

state | action | reward
[1.] | [1.09 1.09] | -2.5748609527261603
0.9996673397403367 | [5.09 5.09] | -52.00640029439278
0.9957468674414146 | [9.09 9.09] | -165.48700986647316
0.9590767212324841 | [13.05 13.05] | -340.8464807112895
0.8487734831868318 | [16.89 16.89] | -570.9807099530694
0.6208326567686634 | [20.51 20.51] | -841.7855163610102
0.2508490477371104 | [23.81 23.81] | -1133.9114450251861
-0.23159548709242014 | [26.75 26.75] | -1431.1808943268675
-0.7108240328212093 | [29.43 29.43] | -1732.0097654039703
-0.9880288821089447 | [28.98 28.98] | -1679.6018476378636
-0.8591592436943202 | [16.12 16.12] | -519.6616035688231
-0.2725966217550666 | [16.23 16.23] | -526.8476061590633
0.5189589477497683 | [19.04 19.04] | -725.2753931224266
0.9901430810409332 | [21.97 21.97] | -965.7454225130849
0.6925395071482399 | [24.25 24.25] | -1175.8368101852163
-0.2394138713392107 | [25.64 25.64] | -1314.691263075519
-0.965610729101248 | [26.51 26.51] | -1405.247589950557
-0.6516128247119641 | [27.66 27.66] | -1529.7822031245273
0.4540670895769358 | [29.58 29.58] | -1749.9035447671608
0.990579993544929 | [31.74 31.74] | -2015.0590758566154
0.14141530280444706 | [33.09 33.09] | -2189.682824111971
-0.9332171441284001 | [33.57 33.57] | -2253.737724016562
-0.5146644632266041 | [34.49 34.49] | -2378.7452460337536
0.7886503466426734 | [36.54 36.54] | -2669.832882570771
0.6692947741797929 | [38.39 38.39] | -2947.3993355073394
-0.7283833223610149 | [38.88 38.88] | -3023.7198770729747
-0.6653020702757101 | [39.42 39.42] | -3107.349810751477
0.7940190784254899 | [41.39 41.39] | -3427.1642051217536
0.5075125976370705 | [43.12 43.12] | -3719.0147218413445
-0.9339468087494486 | [43.28 43.28] | -3746.6366203865355
-0.1533013943912659 | [44.13 44.13] | -3894.298131502546
0.9948452663146701 | [46.32 46.32] | -4291.491727622552
-0.3895086620986358 | [47.09 47.09] | -4435.090617368899
-0.7379313281687463 | [47.18 47.18] | -4452.071538339496
0.9013338037021197 | [49.15 49.15] | -4830.793906814839
0.025385561990918255 | [50.41 50.41] | -5081.977000783734
-0.9060659047631902 | [50.23 50.23] | -5045.840229110703
0.8064563150355626 | [51.97 51.97] | -5402.125786961708
0.0931303556424557 | [53.33 53.33] | -5688.585391697277
-0.8853537183859878 | [53.05 53.05] | -5629.248855948707
0.8898516977033104 | [54.86 54.86] | -6018.756727652291
-0.17474438133979137 | [55.91 55.91] | -6252.978665707635
-0.6522089315582492 | [55.7 55.7] | -6204.220070476794
0.9999621899415789 | [57.76 57.76] | -6671.6299324240745
-0.6901805984961856 | [58.09 58.09] | -6749.616449186804
-0.022831533093089582 | [58.41 58.41] | -6823.252354385522
0.6996309583053221 | [60.41 60.41] | -7299.700432102423
-0.9971324154567962 | [59.96 59.96] | -7191.371755635076
0.8178292530859282 | [61.41 61.41] | -7541.525920091059
-0.29489260589855804 | [62.35 62.35] | -7775.55629356538
Total reward: -166621.85047764785
0.5, 0.5, 0.5, 0.5, 0.5, 0.5, 0.5, 0.5, 0.5, 0.5, 0.5, 0.5, 0.5, 0.5, 0.5, 0.5, 0.5, 0.5, 0.5, 0.5, 0.0, 0.0
parameter ends

state | action | reward
[1.] | [1.14 1.14] | -2.9108089596216447
0.9996666076852802 | [5.14 5.14] | -53.1607229956195
0.9896847818839813 | [9.13 9.13] | -167.15103775684966
0.9432708528966882 | [13.08 13.08] | -342.35669348047725
0.8205654395550466 | [16.9 16.9] | -571.295814827045
0.5799362364480847 | [20.49 20.49] | -839.7281084031962
0.20112325712684695 | [23.76 23.76] | -1128.7994303258838
-0.2808445311117828 | [26.68 26.68] | -1423.590030252388
-0.7456633802717922 | [29.36 29.36] | -1723.6983119257507
-0.9945835228087311 | [28.82 28.82] | -1661.2923416184035
-0.8321502794658237 | [15.63 15.63] | -488.68655684533667
-0.2236390421540481 | [15.91 15.91] | -506.24745376319385
0.5613979808114129 | [18.89 18.89] | -713.8228291008614
0.9959365035352163 | [21.91 21.91] | -960.1119992565159
0.6554366215936285 | [24.2 24.2] | -1171.4687982507005
-0.28778067611728897 | [25.59 25.59] | -1309.497291379936
-0.977409174766883 | [26.47 26.47] | -1401.0809998874922
-0.6129186638756122 | [27.65 27.65] | -1529.6391645460162
0.497915657616289 | [29.61 29.61] | -1753.4635015699341
0.982539099470248 | [31.76 31.76] | -2017.2458287758584
0.09206772131109749 | [33.06 33.06] | -2186.4932731909807
-0.9498863076246034 | [33.53 33.53] | -2249.2946386111184
-0.4715898591280467 | [34.49 34.49] | -2379.8137956871496
0.8180728394432959 | [36.57 36.57] | -2674.5322479263446
0.6318195343989019 | [38.38 38.38] | -2946.631774405879
-0.7612518013202562 | [38.85 38.85] | -3018.1000405796353
-0.6277768029312987 | [39.42 39.42] | -3107.590511364309
0.8229140526310632 | [41.43 41.43] | -3432.473526759772
0.4646515369350156 | [43.11 43.11] | -3717.021287817724
-0.9503262977560322 | [43.25 43.25] | -3741.033449267837
-0.10480522778461929 | [44.15 44.15] | -3897.752748874742
0.9887083034618013 | [46.34 46.34] | -4294.9972804643585
-0.4339475219260105 | [47.06 47.06] | -4428.756417190667
-0.7041998082569257 | [47.18 47.18] | -4451.736038957324
0.9213261387609648 | [49.18 49.18] | -4836.713151928473
-0.023183581829381773 | [50.38 50.38] | -5076.776234489953
-0.8844814274282912 | [50.22 50.22] | -5043.462457119388
0.8341461408935201 | [52. 52.] | -5408.743407756001
0.04486271885261249 | [53.31 53.31] | -5683.474480814066
-0.8618601436808323 | [53.04 53.04] | -5627.082405981863
0.910829707457045 | [54.89 54.89] | -6025.423269841566
-0.22199348507572586 | [55.88 55.88] | -6246.342469709388
-0.6149626639934591 | [55.7 55.7] | -6204.771614842678
0.9983874756287908 | [57.78 57.78] | -6676.578360131978
-0.7241394469295492 | [58.06 58.06] | -6741.5160913869295
0.025158114109080008 | [58.43 58.43] | -6828.594369923043
0.6645851050227816 | [60.41 60.41] | -7299.027445476674
-0.992366229296235 | [59.94 59.94] | -7186.0827966771285
0.844414085727778 | [61.44 61.44] | -7549.29173647173
-0.3402061458891185 | [62.32 62.32] | -7767.75924018749
Total reward: -166493.11428775734
0.5, 0.5, 0.5, 0.5, 0.5, 0.5, 0.5, 0.5, 0.5, 0.5, 0.5, 0.5, 0.5, 0.5, 0.5, 0.5, 0.5, 0.5, 0.5, 0.5, 0.0, 0.0
parameter ends

state | action | reward
[1.] | [1.08 1.08] | -2.435935138245979
0.9983926284566438 | [5.08 5.08] | -51.72730521563335
0.9981278369634776 | [9.08 9.08] | -165.10324994746196
0.9674447252393339 | [13.04 13.04] | -340.4361604697894
0.8649304084534019 | [16.89 16.89] | -570.6740400173182
0.6452057526464287 | [20.51 20.51] | -841.7487412690608
0.2813287912113404 | [23.81 23.81] | -1134.2824240057462
-0.20059671624302244 | [26.76 26.76] | -1431.9752934378896
-0.6880449832218409 | [29.44 29.44] | -1733.0360840222272
-0.9825862568190709 | [28.94 28.94] | -1675.123651624844
-0.8751565834387993 | [15.91 15.91] | -506.4319575973775
-0.3034892738156715 | [16.07 16.07] | -516.4150804586704
0.49100864452123033 | [18.94 18.94] | -717.2687802060589
0.9850679538213393 | [21.91 21.91] | -960.4646178406464
0.7157019335423276 | [24.23 24.23] | -1173.8945239628226
-0.20750196366618584 | [25.65 25.65] | -1315.6373573428768
-0.9565489647652697 | [26.52 26.52] | -1406.7284558839444
-0.6762615852482725 | [27.65 27.65] | -1529.1483042955354
0.4243537528335909 | [29.55 29.55] | -1746.942009788476
0.9945778853864554 | [31.72 31.72] | -2012.9565679112848
0.17428573704882144 | [33.1 33.1] | -2191.2190385160984
-0.9207007361494309 | [33.59 33.59] | -2256.284414229446
-0.5430876698774665 | [34.48 34.48] | -2377.642597718948
0.7675549985764231 | [36.51 36.51] | -2666.10497205006
0.6939418143303364 | [38.39 38.39] | -2947.2625857190665
-0.7048234326967759 | [38.9 38.9] | -3027.0574939825065
-0.6902083532277884 | [39.41 39.41] | -3106.8014826765084
0.7729147764126889 | [41.37 41.37] | -3422.929611023831
0.5365600073372482 | [43.13 43.13] | -3719.7002842259794
-0.9211999074917765 | [43.3 43.3] | -3750.065116816151
-0.18703419489866613 | [44.11 44.11] | -3891.464014934384
0.9977388418023281 | [46.3 46.3] | -4288.335183574583
-0.35760019571817875 | [47.11 47.11] | -4438.9342432216245
-0.7607593367545304 | [47.18 47.18] | -4451.932331977153
0.8858288859833185 | [49.12 49.12] | -4825.963356306271
0.05999210580788976 | [50.42 50.42] | -5084.982163285677
-0.920206739536506 | [50.23 50.23] | -5047.164199605987
0.7854006071913058 | [51.95 51.95] | -5396.7815094287325
0.12777986145804632 | [53.35 53.35] | -5691.54382325288
-0.9010528282032338 | [53.06 53.06] | -5630.453632858625
0.8733377236953105 | [54.83 54.83] | -6013.299159317937
-0.14010729749169681 | [55.93 55.93] | -6257.118660935551
-0.6784413691077986 | [55.69 55.69] | -6203.482389391063
0.9996485084335186 | [57.74 57.74] | -6667.295489590375
-0.6642296680699629 | [58.12 58.12] | -6755.003567512061
-0.058140312552175534 | [58.39 58.39] | -6818.941917408901
0.7244823077839933 | [60.41 60.41] | -7299.410677976303
-0.9991886498293243 | [59.98 59.98] | -7194.9286528492285
0.7968751058717387 | [61.38 61.38] | -7535.18696351286
-0.26071285963820784 | [62.37 62.37] | -7780.703697619764
Total reward: -166570.42377195443
0.5, 0.5, 0.5, 0.5, 0.5, 0.5, 0.5, 0.5, 0.5, 0.5, 0.5, 0.5, 0.5, 0.5, 0.5, 0.5, 0.5, 0.5, 0.5, 0.5, 0.0, 0.0
parameter ends

state | action | reward
[1.] | [1.18 1.18] | -3.0364878420995685
0.9940239621098882 | [5.18 5.18] | -53.913103504054284
0.9742830403118469 | [9.17 9.17] | -168.30770551398822
0.9122973549633905 | [13.1 13.1] | -343.4366150300111
0.7700665618113555 | [16.9 16.9] | -571.5456583374772
0.5100395280278335 | [20.47 20.47] | -838.2972128230801
0.11883811393660279 | [23.72 23.72] | -1125.1842010895834
-0.3597724341218756 | [26.63 26.63] | -1418.0594126897367
-0.7985281510687274 | [29.3 29.3] | -1717.4942784266646
-0.9997827829739514 | [28.81 28.81] | -1659.585746712755
-0.783151236942953 | [15.73 15.73] | -495.04202819316237
-0.14183808692354657 | [16.02 16.02] | -513.3198676368274
0.6282289516904668 | [18.99 18.99] | -721.3769505685143
0.9999754502565098 | [21.97 21.97] | -965.6141085624773
0.5904482805376188 | [24.2 24.2] | -1171.5828768978577
-0.3662993064162901 | [25.54 25.54] | -1304.4099655546788
-0.9915790416070284 | [26.42 26.42] | -1396.1659603125975
-0.5452439704089059 | [27.67 27.67] | -1530.7709862749537
0.5681350785903658 | [29.67 29.67] | -1760.137109039956
0.9637264192501601 | [31.79 31.79] | -2020.9494764352082
0.009202016235726567 | [33.02 33.02] | -2181.121683384622
-0.9725256256952479 | [33.48 33.48] | -2242.415081305014
-0.39690547270846754 | [34.51 34.51] | -2382.4480679077446
0.8628996940682768 | [36.62 36.62] | -2682.692852599323
0.5654616591402655 | [38.37 38.37] | -2945.0839298363253
-0.8123236203955608 | [38.79 38.79] | -3009.0244073697654
-0.5611966824891444 | [39.43 39.43] | -3108.9503140568922
0.867106179912563 | [41.48 41.48] | -3441.6998128782225
0.3898043965525231 | [43.09 43.09] | -3713.359747787984
-0.9728134841016657 | [43.2 43.2] | -3732.215072639756
-0.022213736298253385 | [44.18 44.18] | -3904.512655368489
0.9729358430257533 | [46.37 46.37] | -4300.732368214121
-0.5069255888073781 | [47. 47.] | -4418.127237602041
-0.6431226941587451 | [47.18 47.18] | -4452.2687612789905
0.9502962523128176 | [49.23 49.23] | -4846.882429978329
-0.10567860888945832 | [50.34 50.34] | -5067.742745264323
-0.8429310560993215 | [50.2 50.2] | -5040.5259799922915
0.8768349954839516 | [52.06 52.06] | -5420.2632797523065
-0.03775303883399317 | [53.27 53.27] | -5674.497218391701
-0.8170654847430548 | [53.03 53.03] | -5624.548023827965
0.9417838867639804 | [54.94 54.94] | -6036.911684350611
-0.3016763156520163 | [55.83 55.83] | -6234.8801929438
-0.5478248875588524 | [55.71 55.71] | -6206.947756536494
0.9903052844881728 | [57.81 57.81] | -6684.759407592381
-0.778537778561212 | [58. 58.] | -6727.995419821898
0.10748507596892204 | [58.48 58.48] | -6838.778107734794
0.6007350414059792 | [60.4 60.4] | -7297.278010988956
-0.9788272684056462 | [59.91 59.91] | -7178.069940275899
0.8856821501292388 | [61.49 61.49] | -7562.825490503445
-0.4165194509833716 | [62.27 62.27] | -7754.257051339659
Total reward: -166490.04448296985
0.5, 0.5, 0.5, 0.5, 0.5, 0.5, 0.5, 0.5, 0.5, 0.5, 0.5, 0.5, 0.5, 0.5, 0.5, 0.5, 0.5, 0.5, 0.5, 0.5, 0.0, 0.0
parameter ends

state | action | reward
[1.] | [1.17 1.17] | -2.958784426226506
0.9949542422724487 | [5.17 5.17] | -53.624102834411495
0.9762148109926312 | [9.16 9.16] | -167.8968762371197
0.9157850999572699 | [13.09 13.09] | -343.10816738742903
0.7754383706793666 | [16.9 16.9] | -571.6261115181653
0.5171891450323998 | [20.48 20.48] | -839.1648053642618
0.1269823998318303 | [23.74 23.74] | -1127.059583099564
-0.3522178834758285 | [26.65 26.65] | -1420.755947149237
-0.7937091191028115 | [29.33 29.33] | -1720.3162484217353
-0.9995886099475869 | [28.87 28.87] | -1667.3556683348147
-0.7879271041581511 | [15.96 15.96] | -509.5371843498468
-0.14935397371793097 | [16.18 16.18] | -523.5075010759753
0.6223927787982012 | [19.08 19.08] | -727.7699131873798
0.9998967499228173 | [22.01 22.01] | -969.258546069198
0.5962838884642087 | [24.23 24.23] | -1173.8385276119673
-0.359647373891889 | [25.55 25.55] | -1306.067783693814
-0.9906441424220603 | [26.43 26.43] | -1397.2574572387045
-0.5510345124833018 | [27.67 27.67] | -1531.1009920363272
0.5625105313383955 | [29.66 29.66] | -1759.9545104229996
0.9654971814175849 | [31.79 31.79] | -2021.0522207106692
0.015817254322231432 | [33.03 33.03] | -2181.9446673931443
-0.970987785766597 | [33.49 33.49] | -2243.2746346222407
-0.4027905974212045 | [34.51 34.51] | -2382.527121773097
0.8596853808873115 | [36.62 36.62] | -2682.426591102831
0.5705917716212082 | [38.38 38.38] | -2945.6177579907
-0.8087259911225844 | [38.79 38.79] | -3010.046867034027
-0.5661966213373132 | [39.43 39.43] | -3109.1467675301415
0.8641189623103912 | [41.48 41.48] | -3441.4141261475106
0.39521285320831917 | [43.09 43.09] | -3714.0461364825005
-0.9714547483819284 | [43.2 43.2] | -3733.1662298235165
-0.027926121431886025 | [44.18 44.18] | -3904.3697566182086
0.9742221727769028 | [46.37 46.37] | -4300.774121169915
-0.5021298593337367 | [47.01 47.01] | -4419.2241786210925
-0.6473071414299655 | [47.18 47.18] | -4452.542272070127
0.9486007833694494 | [49.23 49.23] | -4846.630947913935
-0.10038030244943198 | [50.34 50.34] | -5068.731729310072
-0.8457460117713208 | [50.2 50.2] | -5041.021573946171
0.8743316873348291 | [52.06 52.06] | -5419.945793010359
-0.03264414038722919 | [53.27 53.27] | -5675.459285607098
-0.8199628020628849 | [53.03 53.03] | -5625.010179285258
0.9400992092572722 | [54.94 54.94] | -6036.633714366899
-0.2969914746527149 | [55.84 55.84] | -6235.946581788072
-0.5518719534283768 | [55.71 55.71] | -6207.131237058035
0.9909581941584363 | [57.81 57.81] | -6684.714115111825
-0.7755670776040692 | [58. 58.] | -6729.110004665614
0.10285221442267507 | [58.47 58.47] | -6838.544438181101
0.6044053058086442 | [60.41 60.41] | -7297.791798255953
-0.9797465415621296 | [59.91 59.91] | -7178.80904799077
0.8835918348107124 | [61.49 61.49] | -7562.486682849301
-0.412490915782929 | [62.27 62.27] | -7755.335407482594
Total reward: -166557.03469637196
0.5, 0.5, 0.5, 0.5, 0.5, 0.5, 0.5, 0.5, 0.5, 0.5, 0.5, 0.5, 0.5, 0.5, 0.5, 0.5, 0.5, 0.5, 0.5, 0.5, 0.0, 0.0
parameter ends

state | action | reward
[1.] | [1.08 1.08] | -2.5370686844422394
0.9986500347403238 | [5.08 5.08] | -51.84835727697258
0.9855825171551834 | [9.08 9.08] | -165.23274605583936
0.9341908439343644 | [13.05 13.05] | -340.57392059892004
0.8051565486369228 | [16.89 16.89] | -570.8361921114193
0.5581103495021552 | [20.52 20.52] | -841.9543516619755
0.1749867262798993 | [23.82 23.82] | -1134.4899456328308
-0.30633804089379546 | [26.76 26.76] | -1432.0497243678858
-0.7632049219597797 | [29.43 29.43] | -1732.7974596740237
-0.9970123089139271 | [32.05 32.05] | -2054.1296623163366
-0.8169248367000216 | [16.91 16.91] | -572.2739068551919
-0.19723096529763728 | [16.08 16.08] | -517.3147183348358
0.5836232920101412 | [18.86 18.86] | -711.130425801903
0.9980175903400348 | [21.86 21.86] | -956.0232565663296
0.6345804517135388 | [24.16 24.16] | -1167.7567105657572
-0.3138960995956378 | [25.55 25.55] | -1305.915280300222
-0.9828462539441883 | [26.44 26.44] | -1398.5866305374973
-0.5909123653269495 | [27.66 27.66] | -1529.671695638624
0.5216964770355016 | [29.63 29.63] | -1755.6894376817634
0.9770031685686044 | [31.77 31.77] | -2018.7395401635256
0.06434463144630233 | [33.05 33.05] | -2185.004860309469
-0.9582337744790775 | [33.52 33.52] | -2247.1911165305487
-0.4467466111515087 | [34.5 34.5] | -2380.878825130586
0.8338775570276189 | [36.59 36.59] | -2677.6144085196065
0.6097770309432187 | [38.38 38.38] | -2946.52218743775
-0.7792287125435595 | [38.83 38.83] | -3015.2908535915685
-0.6055275983478338 | [39.42 39.42] | -3108.2417087467943
0.8386810593285605 | [41.45 41.45] | -3435.9786264332038
0.4393147291025895 | [43.11 43.11] | -3716.192749388583
-0.9588023883985934 | [43.23 43.23] | -3738.239394409635
-0.07638350914396408 | [44.16 44.16] | -3900.312843689229
0.9840177922610295 | [46.35 46.35] | -4297.417643690854
-0.4595951145557947 | [47.04 47.04] | -4425.4123203488325
-0.6835119592905997 | [47.18 47.18] | -4452.107455703634
0.9321374804890923 | [49.2 49.2] | -4840.649407188393
-0.05201640378194072 | [50.37 50.37] | -5074.0183467169545
-0.8706233544795899 | [50.21 50.21] | -5042.615896526949
0.8497728293589033 | [52.02 52.02] | -5413.1578805205545
0.01584892526500695 | [53.29 53.29] | -5680.723378407142
-0.8467479524132336 | [53.04 53.04] | -5626.364765319127
0.9224692209068809 | [54.91 54.91] | -6029.873637354903
-0.2503584924108332 | [55.87 55.87] | -6242.655932380083
-0.5916420742912412 | [55.7 55.7] | -6205.7195960611625
0.9962962808500471 | [57.79 57.79] | -6679.926667154401
-0.7440635439994322 | [58.04 58.04] | -6736.981795346293
0.05452944065241852 | [58.45 58.45] | -6832.457004810811
0.6422991720442165 | [60.41 60.41] | -7298.857894493245
-0.9882981481254453 | [59.93 59.93] | -7183.384554138264
0.8598667651677021 | [61.46 61.46] | -7554.5102920465215
-0.3678723573037212 | [62.3 62.3] | -7763.247324735037
Total reward: -166991.1003979564
0.5, 0.5, 0.5, 0.5, 0.5, 0.5, 0.5, 0.5, 0.5, 0.5, 0.5, 0.5, 0.5, 0.5, 0.5, 0.5, 0.5, 0.5, 0.5, 0.5, 0.0, 0.0
parameter ends

state | action | reward
[1.] | [1.02 1.02] | -2.340834605601987
0.998634875219061 | [5.02 5.02] | -50.67351018058481
0.9978359381494301 | [9.03 9.03] | -163.37008677747957
0.9662328923922987 | [13.01 13.01] | -338.6821872934088
0.8624700335997626 | [16.88 16.88] | -569.9932330669092
0.641372988311998 | [20.54 20.54] | -843.5273470279539
0.276414584383276 | [23.87 23.87] | -1139.44564993281
-0.20570615770689943 | [26.83 26.83] | -1439.9872952651804
-0.6918950860336849 | [29.51 29.51] | -1741.8541110933784
-0.98358164489997 | [32.11 32.11] | -2061.683985994542
-0.8724468813937675 | [16.93 16.93] | -573.1744560689713
-0.2980519777960433 | [16.04 16.04] | -514.7747248086039
0.49607668066416566 | [18.78 18.78] | -705.6749708597846
0.9860750440381783 | [21.8 21.8] | -951.0555876594549
0.711447920284608 | [24.17 24.17] | -1168.2064684812988
-0.21355427397698487 | [25.62 25.62] | -1312.5221066963172
-0.958369043110472 | [26.51 26.51] | -1405.2098380526816
-0.671516971854495 | [27.65 27.65] | -1528.8343855099292
0.43026094121491776 | [29.56 29.56] | -1747.4728596497596
0.9938650587904637 | [31.73 31.73] | -2013.5503432719308
0.16763412260629162 | [33.1 33.1] | -2191.2022733563786
-0.9233549295645512 | [33.59 33.59] | -2256.0691414418366
-0.5372306183171516 | [34.48 34.48] | -2378.1493558352317
0.772061837843289 | [36.52 36.52] | -2667.1975299682726
0.6887684126718159 | [38.39 38.39] | -2947.6620179005376
-0.7099532684154748 | [38.9 38.9] | -3026.697694894817
-0.6848690150883283 | [39.42 39.42] | -3107.21898272852
0.7776181959441171 | [41.38 41.38] | -3424.18706077879
0.5301836456221101 | [43.13 43.13] | -3719.936840211649
-0.9241410554136 | [43.3 43.3] | -3749.6414032283355
-0.17944880538232724 | [44.12 44.12] | -3892.403881546793
0.9971840791276856 | [46.31 46.31] | -4289.424765493581
-0.3649544434072756 | [47.11 47.11] | -4438.429178592284
-0.7555624919683367 | [47.18 47.18] | -4452.264004716965
0.8895359840632944 | [49.13 49.13] | -4827.440625917309
0.05187399061522654 | [50.42 50.42] | -5084.664429062932
-0.9169625128067368 | [50.23 50.23] | -5047.151831097938
0.7905022260019721 | [51.95 51.95] | -5398.398807842001
0.11948346819433783 | [53.34 53.34] | -5691.220212161176
-0.8973628704931538 | [53.06 53.06] | -5630.456325442869
0.8774495824092642 | [54.84 54.84] | -6014.977152701657
-0.14859431974281173 | [55.93 55.93] | -6256.476845492268
-0.6720641561998457 | [55.69 55.69] | -6203.948061369062
0.9998415742818765 | [57.74 57.74] | -6668.739354586242
-0.6707677310703725 | [58.11 58.11] | -6753.995276268601
-0.04930727380238859 | [58.4 58.4] | -6820.3143559642285
0.7183121742358134 | [60.41 60.41] | -7299.865334364598
-0.9987870725353257 | [59.98 59.98] | -7194.310241845788
0.802300297414633 | [61.39 61.39] | -7537.135270753156
-0.2694815822604461 | [62.37 62.37] | -7779.729162321823
Total reward: -167021.34140018222
