3.8, 5.7, -4.2, 0.2, -0.3, -0.6, 0.7, -4.5, 5.1, -0.3
parameter ends

state | action | reward
[0.02] | [-1.37] | 9.20110404700227
-0.029771167929964863 | [27.6] | 9.334286786175056
-0.08079333458744087 | [4.57] | 9.283810957702114
-0.031227154390425473 | [-17.61] | 9.32546888757861
0.015863869499748186 | [12.2] | 9.321415945528189
0.06150149606213758 | [-13.44] | 9.300985622683307
0.10601911034958837 | [16.56] | 9.332271479023735
0.14997438892043355 | [-9.32] | 9.246862732980292
0.19353967401124816 | [21.5] | 9.307423703379527
0.23697299195799826 | [-2.83] | 9.10874605932854
0.2802416422764717 | [28.86] | 9.166968629325199
0.32342377230770253 | [7.33] | 8.93159251851308
0.4719420165627969 | [-23.15] | -1.147618794159503
Total reward: 109.71331857506041
