-2.2, 2.2, -6.0, 4.3, -2.7, -2.7, -0.4, 4.9, 6.0, 5.4, 5.7, -1.6, 2.2, -2.2, 1.0, 0.5, -0.9, 4.4
parameter ends

state | action | reward
[0.08] | [-0.96  4.25] | -0.030623890365666442
0.1096667976198921 | [-5.81  2.04] | 0.047443269496388635
0.1918807341737413 | [-8.24 -0.14] | 0.06469425233121638
0.2894344119529533 | [-7.55 -2.01] | 0.1709346630651467
0.38595825295533476 | [-6.27 -3.34] | 0.38120101897764047
0.48305085049636903 | [-5.29 -3.91] | 0.6300102078755296
0.5825441845222322 | [-4.22 -3.92] | 0.8753628647781317
0.6836326058747344 | [-2.86 -3.47] | 1.0895528782978963
0.78487463964625 | [-1.23 -2.69] | 1.2618993436123476
0.8850507692033242 | [ 0.59 -1.71] | 1.2016656229636198
0.9656730628180867 | [ 3.17 -1.73] | 0.8456034257601631
1.0100765364595083 | [ 5.31 -2.32] | 0.3155193602050518
1.016178284545627 | [ 6.83 -2.98] | -0.34528365528674243
0.9821124046935563 | [ 8.06 -3.41] | -1.0201539702397808
0.9094229805063965 | [ 9.47 -2.95] | -1.562105048593836
0.8056149560762254 | [11.15 -1.28] | -1.8902022632944728
0.6810550392619743 | [12.68  1.34] | -1.7184886422399908
0.5598610383840502 | [11.87  6.18] | -1.3208439603343514
0.4509378517785901 | [11.28  9.61] | -1.0200697810510442
0.3471383789897391 | [10.89 12.6 ] | -0.7573491034267948
0.24469567436075818 | [10.46 15.35] | -0.5106014794239276
0.14185503955716372 | [ 9.78 17.88] | -0.26909739090539025
0.038073782378815216 | [ 8.78 20.17] | -0.02969642803468077
-0.06662286610012844 | [ 7.54 22.22] | 0.20721807214144464
-0.1720322399205626 | [ 6.09 24.03] | 0.44008204548556185
-0.27791873070577994 | [ 4.49 25.61] | 0.66682900282492
-0.38404779506909065 | [ 2.76 26.94] | 0.8849804403297816
-0.4901861310835338 | [ 0.92 28.02] | 1.0874252971775014
-0.5951723844448227 | [-1.09 28.7 ] | 1.1479461110506248
-0.6776370268421684 | [-4.05 26.23] | 1.0525145573116463
-0.7246656256659321 | [-6.18 23.73] | 0.8471133078357539
-0.7398208464191713 | [-7.9  20.07] | 0.5022832441169901
-0.7209894529687122 | [-9.49 14.8 ] | 0.057666997641206336
-0.6655543339739667 | [-11.2    8.42] | -0.38163179664439834
-0.5751330062278676 | [-13.08   1.89] | -0.6978592918363193
-0.4573821415339857 | [-14.92  -3.64] | -0.6784798261305018
-0.3377262487528342 | [-14.05  -5.68] | -0.43032322847261106
-0.22872422829691175 | [-13.27  -6.37] | -0.1860802362569696
-0.12513280272014304 | [-12.55  -6.64] | 0.05563813831150692
-0.023678648472937318 | [-11.76  -6.65] | 0.2898001496764615
0.07748280451050052 | [-10.78  -6.43] | 0.5132403105550692
0.1789294158453902 | [-9.58 -5.97] | 0.7223238328033141
0.28053477344584854 | [-8.18 -5.31] | 0.9131519234917574
0.3819022670830153 | [-6.61 -4.46] | 1.0822371973936262
0.48257710288580363 | [-4.93 -3.49] | 1.2266967887001772
0.5821201390498959 | [-3.16 -2.43] | 1.3442546212211943
0.6801417211985704 | [-1.35 -1.32] | 1.4335861652617268
0.7763518491386445 | [ 0.45 -0.18] | 1.2808008198541354
0.8529347003210735 | [2.8 0.9] | 0.8737356266903797
0.896008275343567 | [3.89 2.2 ] | 0.48322581509915524
0.9101458561841805 | [4.26 3.06] | 0.14917878592198486
0.8996102503715143 | [4.47 3.71] | -0.15397936499675638
0.8669809909476415 | [4.68 4.16] | -0.4165850252723786
0.8154633705508857 | [4.96 4.46] | -0.6233432453411841
0.7484349171511221 | [5.32 4.74] | -0.7619866127772669
0.6691008940232739 | [5.71 5.16] | -0.8300617793725613
0.5802677344803145 | [6.07 5.75] | -0.8336589463089698
0.4842699369541686 | [6.34 6.51] | -0.7835103912929134
0.383045304120003 | [6.46 7.37] | -0.6924327804252097
0.2782754192833751 | [6.38 8.26] | -0.5739984364661067
0.17146300992128252 | [6.05 9.11] | -0.4410038382798794
0.06392592707734711 | [5.5  9.85] | -0.3040652370481732
-0.04323671468355114 | [ 4.75 10.45] | -0.17118404317015345
-0.14914960651519305 | [ 3.85 10.9 ] | -0.04775909987781091
-0.2531341201322042 | [ 2.84 11.19] | 0.06291246864840151
-0.3546599838948898 | [ 1.77 11.34] | 0.1589790437440085
-0.4532977565296961 | [ 0.67 11.36] | 0.17723600388647523
-0.5423061158552053 | [-0.99 10.02] | -0.2025649492581232
-0.5868481827660456 | [-5.03  2.3 ] | -0.851283696615196
-0.5679172774195645 | [-8.14 -4.76] | -1.1402062798927781
-0.5112058256689382 | [-9.34 -7.41] | -1.1052406200720528
-0.4378868267220092 | [-10.46  -9.41] | -0.9213245052931814
-0.35818799219291264 | [-9.99 -8.08] | -0.5340815733784342
-0.2827068708018689 | [-10.8   -9.21] | -0.41496461771586557
-0.1936359339879989 | [-11.39 -10.03] | -0.23242839025923634
-0.09621065849551491 | [-11.47 -10.24] | -0.009077711644334123
0.005757205750927787 | [-11.12 -10.04] | 0.23140037812889463
0.11006276063058398 | [-10.4   -9.57] | 0.4750465944808711
0.2155125629900738 | [-9.38 -8.9 ] | 0.7140965237447201
0.32146801433924194 | [-8.13 -8.08] | 0.9438168871291324
0.42756472594818395 | [-6.68 -7.13] | 1.1606124395151645
0.533557068166686 | [-5.06 -6.07] | 1.3610720202620248
0.6392346139965763 | [-3.29 -4.9 ] | 1.541448941931928
0.7443766900212205 | [-1.39 -3.66] | 1.6966677922758642
0.8487343139379123 | [ 0.61 -2.35] | 1.6367353907214406
0.934259857481537 | [ 3.3  -1.72] | 1.3179045876113369
0.9852774977517189 | [ 5.31 -1.92] | 0.8538336784791378
1.0007304741989234 | [ 6.68 -2.52] | 0.23637004797170572
0.9784650257309998 | [ 7.74 -3.18] | -0.4816133593883519
0.9167578463696343 | [ 8.89 -3.3 ] | -1.1509448063319616
0.8196650406309003 | [10.3  -2.28] | -1.6209938619602595
0.6975791069731773 | [11.71 -0.08] | -1.7090895715328742
0.5694545816719857 | [11.7  3.8] | -1.4094662821866402
0.45264598408010354 | [10.52  8.12] | -1.0471300324375674
0.34637434889667795 | [ 9.79 11.5 ] | -0.7576025771040593
0.2436104851282145 | [ 9.22 14.53] | -0.4962414776165797
0.14112094920258672 | [ 8.52 17.26] | -0.24581369051673094
0.037817623493108826 | [ 7.55 19.66] | -0.0014275906210210673
-0.06630866935210841 | [ 6.32 21.72] | 0.23592934997311413
-0.17087906740518352 | [ 4.88 23.44] | 0.4634251233422999
-0.2754312446417989 | [ 3.27 24.83] | 0.6778223490778081
-0.3795109283631343 | [ 1.52 25.87] | 0.8757110871087351
-0.4826828670338539 | [-0.33 26.58] | 0.9895008510027257
-0.5690195440771525 | [-3.28 24.92] | 0.9351207855412975
-0.6207352487235231 | [-6.07 21.68] | 0.6992575305177622
-0.6332876812715079 | [-8.33 16.95] | 0.31436755197144306
-0.6047280405046435 | [-10.38  10.7 ] | -0.11970056920436095
-0.5353437858351957 | [-12.49   4.02] | -0.46615361514331877
-0.432262135345796 | [-14.55  -1.9 ] | -0.49583518980909846
-0.3213888946936341 | [-13.91  -4.31] | -0.2919766600594015
-0.21701649447293983 | [-13.35  -5.31] | -0.07425947700627755
-0.11556161386400414 | [-12.79  -5.77] | 0.15399685019524595
-0.014906246087283817 | [-12.12  -5.9 ] | 0.3821355223977893
0.08616344256906178 | [-11.22  -5.76] | 0.6031600838520212
0.18793186324810396 | [-10.08  -5.36] | 0.811775503652141
0.2901396813833712 | [-8.7  -4.75] | 1.0034438226277906
0.3923364263262174 | [-7.13 -3.96] | 1.174429353452005
0.4940541283896622 | [-5.42 -3.04] | 1.3216450334984589
0.5948567097939623 | [-3.61 -2.02] | 1.4424426203248093
0.6943433626056047 | [-1.75 -0.93] | 1.5325653818070792
0.7922903805328838 | [0.08 0.23] | 1.4162304661898826
0.8762669889092671 | [1.87 1.75] | 1.0337600329257843
0.9305748666961021 | [2.98 2.68] | 0.5921018867596199
0.9536673241330491 | [3.36 3.05] | 0.18801303827579105
0.9498562797704717 | [3.5  3.08] | -0.1999736747108519
0.9212685418301033 | [3.61 2.81] | -0.5388130921725518
0.8712603710911094 | [3.86 2.51] | -0.7964963312781294
0.8040473874127494 | [4.27 2.42] | -0.9610193185405265
0.7236691805299702 | [4.79 2.64] | -1.0370961502795604
0.6334421730935487 | [5.34 3.16] | -1.0373723665848946
0.5358795297718569 | [5.85 3.94] | -0.9766436498733632
0.43283103954866875 | [6.24 4.89] | -0.8695743978645207
0.3257353558730174 | [6.43 5.93] | -0.7302090759378067
0.2158670941051491 | [6.39 6.98] | -0.5718693088085121
0.10445925528367472 | [6.07 7.94] | -0.40704535351503424
-0.007278316792002103 | [5.49 8.76] | -0.24660851089972768
-0.11821560001151328 | [4.66 9.39] | -0.09879627390290184
-0.22737347410392944 | [3.64 9.81] | 0.031219793140015543
-0.33395548600318736 | [ 2.5  10.04] | 0.14091691640792042
-0.4373302244543989 | [ 1.29 10.11] | 0.22958350092982405
-0.5369918751844709 | [ 0.07 10.03] | 0.11412823300558209
-0.6153323442485936 | [-2.54  6.36] | -0.36022338623491096
-0.644777896934092 | [-5.92 -0.65] | -0.7758828202197869
-0.6286881659442928 | [-7.6  -4.07] | -0.49803299104681287
-0.6110910472370834 | [-7.12 -2.07] | -0.4713291183499515
-0.5780453458096032 | [-8.29 -4.35] | -0.5547442767029503
-0.5233528907139267 | [-9.41 -6.18] | -0.554667438758943
-0.45195426384716864 | [-10.46  -7.52] | -0.47647811296440573
-0.3684046630795666 | [-11.32  -8.39] | -0.3355189769196941
-0.2764165467452032 | [-11.87  -8.85] | -0.15018735476575992
-0.17883456938933695 | [-12.05  -8.94] | 0.062276729572684625
-0.07774183184598349 | [-11.84  -8.74] | 0.28772437214007207
0.02540910145814186 | [-11.29  -8.32] | 0.5156129159408488
0.12964421005084442 | [-10.42  -7.7 ] | 0.7384726526226855
0.23431456595001884 | [-9.29 -6.94] | 0.9508960419475018
0.3389689103569459 | [-7.94 -6.04] | 1.1485987985020192
0.44326210698849655 | [-6.41 -5.03] | 1.3277586276744453
0.5468936982779148 | [-4.72 -3.93] | 1.484588241781013
0.6495710046438298 | [-2.91 -2.77] | 1.6149401129787408
0.7510163902643516 | [-1.03 -1.56] | 1.7144698555847375
0.8509554185629334 | [ 0.88 -0.34] | 1.4800949117280944
0.9257608780452177 | [3.5  0.11] | 0.942203807813768
0.960214087869381 | [4.78 0.14] | 0.42221311204332457
0.9604331432798375 | [ 5.45 -0.03] | -0.05889352818007683
0.9291479012185111 | [ 6.12 -0.28] | -0.5111474284147076
0.8679890599637932 | [ 7.13 -0.36] | -0.9351696941065583
0.7791126183712292 | [8.39 0.33] | -1.184344166757632
0.6726169781034945 | [8.94 3.12] | -1.1156167305005007
0.5643394870821199 | [8.6  6.96] | -0.8925642603422008
0.45997898323462116 | [ 8.19 10.2 ] | -0.6636213180693622
0.358045710409875 | [ 7.63 12.9 ] | -0.447001156231893
0.257428582512556 | [ 6.86 15.07] | -0.24515028909454895
0.15774123679646682 | [ 5.88 16.75] | -0.05764624568717555
0.059046661695496036 | [ 4.72 18.  ] | 0.1152018085607916
-0.038441778656929465 | [ 3.46 18.89] | 0.2727041977915985
-0.1344996460177377 | [ 2.12 19.46] | 0.41419611768966824
-0.2289411345539356 | [ 0.75 19.77] | 0.5307274696664169
-0.31746449339533317 | [-1.08 19.3 ] | 0.4967766940895764
-0.36793308808268554 | [-5.85 14.09] | 0.2258384950645683
-0.3595349009647842 | [-9.54  7.49] | -0.1233261625097242
-0.2991690559908535 | [-12.5    0.72] | -0.3525137157293001
-0.2027770102933468 | [-14.19  -4.2 ] | -0.2916670360272725
-0.09949064503548653 | [-13.14  -5.42] | -0.0699900103169352
-0.0001652696250368131 | [-12.47  -6.06] | 0.15781895304850013
0.09926203123792449 | [-11.93  -6.37] | 0.39902793888885885
0.20040578508570028 | [-11.24  -6.37] | 0.6423438589796762
0.30350721230074096 | [-10.22  -6.09] | 0.877718504324249
0.4081028885438198 | [-8.85 -5.54] | 1.0991397695117953
0.5136038629768049 | [-7.2  -4.79] | 1.3034602790723204
0.6195243627130146 | [-5.35 -3.88] | 1.4885528905048153
0.7254885076304947 | [-3.36 -2.84] | 1.6520939481961672
0.8311775935866055 | [-1.27 -1.72] | 1.7910005547248398
0.9362813714690263 | [ 0.9  -0.53] | 1.6206382935410493
1.0188731750995923 | [ 3.33 -0.47] | 1.1912970883647216
1.0650196746367901 | [ 4.76 -0.96] | 0.7883535569982575
1.0803560330103847 | [ 5.94 -2.  ] | 0.2867056659102908
1.0636802044888454 | [ 6.91 -3.1 ] | -0.36844589330158917
1.0113400483537724 | [ 7.92 -3.76] | -1.0476060884863212
0.9242748826117873 | [ 9.21 -3.4 ] | -1.5943220099777733
0.8093596430440302 | [10.72 -1.75] | -1.909566836966802
0.6777201299122122 | [11.97  0.83] | -1.7258401047049303
0.5527499689704333 | [11.01  5.86] | -1.3094312821155372
0.44206661705184697 | [10.24  9.6 ] | -0.9867759104700311
0.3377068479458525 | [ 9.76 12.8 ] | -0.7147571869041167
0.23489094468040778 | [ 9.27 15.7 ] | -0.4622948862395506
0.13164021460112288 | [ 8.52 18.31] | -0.2166866047636807
0.027478234908314074 | [ 7.49 20.62] | 0.02482989725271286
-0.07743665416360629 | [ 6.21 22.62] | 0.2610773767588286
-0.1827673185127672 | [ 4.74 24.32] | 0.4897065879163717
-0.2881531234699941 | [ 3.11 25.72] | 0.7079496485067562
-0.39324013332508706 | [ 1.35 26.82] | 0.9126215102074019
-0.49767294812703256 | [-0.52 27.61] | 1.0282784879730993
-0.5840814160882202 | [-3.46 25.89] | 0.9861491347518132
-0.6362264503912274 | [-6.02 23.03] | 0.7833601064213254
-0.6519940200295972 | [-8.11 18.78] | 0.4334868981391944
-0.6293862641758516 | [-10.04  12.94] | 0.012560251550797534
-0.5673085605259907 | [-12.05   6.37] | -0.3537600197688409
-0.470432278516741 | [-14.14   0.19] | -0.5177665167940545
-0.35424552324276415 | [-15.08  -3.98] | -0.40086491903452914
-0.2403709684157244 | [-14.2   -5.21] | -0.16553695328162427
-0.13449670420295173 | [-13.44  -5.69] | 0.0690850720261492
-0.03215340221013428 | [-12.72  -5.85] | 0.30414693409519356
0.06933794745152669 | [-11.87  -5.79] | 0.5338197456945137
0.1712206010672403 | [-10.8   -5.49] | 0.7533456316200096
0.27369545604679235 | [-9.48 -4.96] | 0.9580882721481785
0.3764780933872693 | [-7.95 -4.24] | 1.1439454653629335
0.47913707063844524 | [-6.25 -3.37] | 1.3074537182538426
0.5812291217187978 | [-4.43 -2.38] | 1.4455775670781938
0.682329717531427 | [-2.54 -1.32] | 1.5555407477667604
0.7820424747406078 | [-0.59 -0.21] | 1.5487283833821697
0.8755280379367202 | [1.1  1.27] | 1.2118590767706874
0.9426503026564665 | [2.54 2.24] | 0.7095322101345912
0.9749499495418392 | [3.02 2.5 ] | 0.26423477964751557
0.9785434544720624 | [3.15 2.41] | -0.16477098041977387
0.9556679528595429 | [3.21 2.  ] | -0.5462807362681903
0.9095281324908461 | [3.4  1.55] | -0.8404465176766898
0.8446515901666782 | [3.8  1.34] | -1.0312795816069888
0.7655837621095997 | [4.35 1.48] | -1.1237575901071883
0.6760886681366876 | [4.97 1.96] | -1.1327041928835546
0.5789694884969734 | [5.57 2.72] | -1.0751199160518305
0.4761996962599308 | [6.07 3.68] | -0.966967814347355
0.3691776151117118 | [6.41 4.77] | -0.822689875892596
0.2590405619720422 | [6.52 5.9 ] | -0.6556053957248309
0.14688135363090854 | [6.36 6.98] | -0.47847421499392073
0.03384018963529886 | [5.91 7.93] | -0.3031977081031906
-0.07891867335634604 | [5.18 8.7 ] | -0.13967961922841016
-0.19030115011600607 | [4.22 9.24] | 0.005267526921823824
-0.29937139649682004 | [3.08 9.57] | 0.1280874230565864
-0.4053802889479978 | [1.85 9.71] | 0.22771818975961902
-0.507739166322119 | [0.57 9.68] | 0.221507012612997
-0.598000927095549 | [-1.38  7.92] | -0.1763723628212851
-0.6440860992559608 | [-5.19  0.53] | -0.1918718439099935
-0.6669355111071326 | [-5.34  1.86] | -0.2606262687444948
-0.6690879632720055 | [-6.82 -1.26] | -0.4772363153546999
-0.643244906566481 | [-7.87 -3.5 ] | -0.5847418217486675
-0.5957083715092613 | [-8.91 -5.34] | -0.6137935975672865
-0.5310257681981363 | [-9.96 -6.74] | -0.5668747990388364
-0.4534843231040265 | [-10.92  -7.74] | -0.45660244500462915
-0.3665523028093854 | [-11.68  -8.36] | -0.297573431833341
-0.27292637359459526 | [-12.14  -8.66] | -0.1043649993398227
-0.17469707512630087 | [-12.25  -8.66] | 0.10976178028064265
-0.07346617859368479 | [-11.99  -8.42] | 0.3335232385582147
0.029582419599778864 | [-11.4   -7.97] | 0.5580117287103364
0.13360463657443727 | [-10.5   -7.34] | 0.776512840463591
0.23800381939131313 | [-9.35 -6.56] | 0.9838982921292307
0.3423433012960333 | [-7.99 -5.66] | 1.1759658259226309
0.4462769595915378 | [-6.44 -4.65] | 1.3489258901747179
0.5494985137579305 | [-4.75 -3.56] | 1.4990483837589736
0.6517108950111061 | [-2.94 -2.4 ] | 1.62238306308622
0.7526392946401896 | [-1.07 -1.21] | 1.7150199351493693
0.8520188434192472 | [ 0.83 -0.01] | 1.4577209658748453
0.9266043239812561 | [3.23 0.59] | 0.901831696474558
0.9619034302798333 | [4.21 0.89] | 0.3882008999874786
0.9649662694447465 | [4.46 1.24] | -0.05663063252225153
0.9403607383880109 | [4.59 1.77] | -0.4240882587035395
0.8923518581824017 | [4.84 2.4 ] | -0.7012451388895149
0.8256655059450699 | [5.19 3.02] | -0.8851409122129867
0.7447257908852117 | [5.58 3.69] | -0.9804390928046324
0.6532854717281212 | [5.92 4.46] | -0.9987964736954927
0.5543820275493943 | [6.15 5.34] | -0.9557846509606832
0.4504626088150478 | [6.2  6.29] | -0.8680344126035696
0.34354336354401815 | [6.02 7.25] | -0.7517159163796754
0.2353042862018422 | [5.59 8.12] | -0.6208862914756634
0.12709512529675704 | [4.94 8.89] | -0.48628355462131395
0.019940483692648694 | [4.12 9.51] | -0.3554439134797608
-0.0854059259381136 | [3.17 9.98] | -0.23323933048480305
-0.18838425822774352 | [ 2.15 10.3 ] | -0.12266238260709797
-0.28855586435612646 | [ 1.08 10.49] | -0.02549027551847255
-0.38555534578956513 | [6.16e-03 1.06e+01] | -0.08667747278748913
-0.4602279579379392 | [-2.92  6.99] | -0.44017719493245766
-0.48392043333649276 | [-6.89  0.17] | -0.8273882616642161
-0.45457152784886945 | [-9.41 -4.82] | -0.9345314326954686
-0.39533376166267015 | [-10.59  -7.09] | -0.8643198652199272
-0.31997943371337323 | [-11.65  -8.74] | -0.6464501266894201
-0.2403514170219641 | [-10.82  -7.23] | -0.31691774725643096
-0.16229357897867663 | [-11.59  -8.17] | -0.15371815829411672
-0.07155537259482986 | [-11.99  -8.61] | 0.058837725366888666
0.026718651907418366 | [-11.87  -8.53] | 0.2960576141036808
0.1290841116848831 | [-11.31  -8.1 ] | 0.5394091054764151
0.2335526053084693 | [-10.39  -7.46] | 0.7783899288847231
0.3390424475257755 | [-9.19 -6.65] | 1.0071750911019461
0.4449671731077005 | [-7.75 -5.73] | 1.2220145749952496
0.5509835201603597 | [-6.13 -4.7 ] | 1.4197847321748536
0.6568513127611888 | [-4.35 -3.59] | 1.5972982841761953
0.7623574083749657 | [-2.44 -2.41] | 1.7509241211471103
0.867274678863464 | [-0.41 -1.18] | 1.7992128830815783
0.9645723185733935 | [ 1.96 -0.24] | 1.4847835153037197
1.0329258419788796 | [ 3.99 -0.43] | 0.9788969746806391
1.0644614325872845 | [ 5.1 -1.1] | 0.5362707804260323
1.0648052595780948 | [ 6.1  -2.29] | -0.019473898754096795
1.0313689301157796 | [ 6.98 -3.5 ] | -0.7173697216790406
0.9611345074084837 | [ 8.01 -4.12] | -1.3968392467125392
0.8573166127115865 | [ 9.27 -3.48] | -1.8679473882764999
0.7309020409823096 | [10.42 -1.5 ] | -2.0590851312763867
0.5953300903839144 | [10.79  1.04] | -1.7527902588015647
0.4730344476835265 | [9.19 6.32] | -1.305036687284206
0.3653416382125557 | [ 8.41 10.07] | -0.9900293238392384
0.2619323744268644 | [ 7.96 13.41] | -0.7151452154581642
0.15865449673835566 | [ 7.41 16.43] | -0.45173954582962983
0.05427620550585385 | [ 6.59 19.11] | -0.19286060955110804
-0.05111882861428367 | [ 5.49 21.44] | 0.060473556942468434
-0.15705453347458442 | [ 4.15 23.41] | 0.30534059120829343
-0.2630225123176105 | [ 2.62 25.03] | 0.5387306393652083
-0.36857044309529474 | [ 0.94 26.31] | 0.7562781341664863
-0.4725772431466487 | [-0.92 27.18] | 0.8832752830456507
-0.5543481703865375 | [-3.92 25.33] | 0.8592395738226205
-0.5996239180761198 | [-6.33 22.66] | 0.6869216040796626
-0.6096423465980128 | [-8.43 18.42] | 0.38002142599747923
-0.5819200688403148 | [-10.46  12.66] | 0.024407628327339784
-0.51599019660116 | [-12.6    6.35] | -0.26508836804819025
-0.4168279507937645 | [-14.8    0.53] | -0.38780291370222864
-0.29729781489109997 | [-16.17  -3.65] | -0.26795960255926804
-0.18004946345281841 | [-15.09  -4.72] | -0.03472298997050917
-0.07256422221795229 | [-14.18  -5.07] | 0.19416840157855508
0.030513050996996253 | [-13.35  -5.13] | 0.4260912343536543
0.13232737173325188 | [-12.44  -5.  ] | 0.6552151164681658
0.23447168714645972 | [-11.3   -4.65] | 0.8758696592218176
0.3373575808216117 | [-9.92 -4.11] | 1.0828082769262335
0.4408068158927997 | [-8.32 -3.39] | 1.2716504321965116
0.544440157679172 | [-6.55 -2.53] | 1.4388040001937337
0.6478421063054755 | [-4.65 -1.56] | 1.5810880124705515
0.7506042965997932 | [-2.66 -0.51] | 1.6672146183290992
0.852456483368741 | [-0.95  0.77] | 1.6285091309114244
0.952671283050127 | [-0.1   2.53] | 1.3778141988824895
1.0404860405516758 | [0.75 3.05] | 0.8788663912946351
1.099571282340795 | [1.33 2.01] | 0.26508573268922864
1.123924415446461 | [1.37 0.16] | -0.21728297399355892
1.1184154509485356 | [ 1.5  -1.74] | -0.3590598348678614
1.0941749302153922 | [ 2.18 -2.85] | -0.2809611561612077
1.0596539602253128 | [ 3.08 -3.22] | -0.1925288772025059
1.0170516715690983 | [ 4.22 -3.21] | -0.17611988660156078
0.9649624575901237 | [ 5.5  -3.05] | -0.30438645899398253
0.8983773425714666 | [ 6.93 -2.77] | -0.6015274191649125
0.8107072610376205 | [ 8.56 -2.17] | -1.0088960885330842
0.698138685796548 | [10.3  -0.86] | -1.3581525119557893
0.5664169625812985 | [11.47  1.51] | -1.3040841337600508
0.4408226218408512 | [9.84 6.4 ] | -0.987758948806793
0.3302803775707848 | [8.65 9.9 ] | -0.7106104004540323
0.22683047456254105 | [ 7.7  12.84] | -0.4604044776529313
0.12617605361534892 | [ 6.71 15.31] | -0.22987999769247977
0.026526317078583658 | [ 5.56 17.27] | -0.016657284900704845
-0.07243241457772631 | [ 4.25 18.74] | 0.17830816799456903
-0.170422625767612 | [ 2.82 19.78] | 0.353339312708282
-0.2670234240647236 | [ 1.33 20.44] | 0.5072686334938716
-0.3618526530166803 | [-0.2  20.77] | 0.5738632716969287
-0.43646438748637356 | [-3.48 18.3 ] | 0.42894204123427815
-0.46663546342372497 | [-7.21 13.08] | 0.08335442826377401
-0.44471322526042784 | [-10.3   6.4] | -0.30288439183432936
-0.37541443479313175 | [-12.93  -0.25] | -0.4700515464150449
-0.28040540207047365 | [-13.48  -4.08] | -0.3606974586692295
-0.18169657125349442 | [-12.96  -5.47] | -0.15654075629558162
-0.08380614525234423 | [-12.55  -6.18] | 0.06581602487738065
0.014991476969527864 | [-12.1   -6.49] | 0.3021697282193102
0.11547313544134123 | [-11.42  -6.48] | 0.5404302006771017
0.2176723832112633 | [-10.43  -6.17] | 0.7714532096584928
0.32112797872900933 | [-9.13 -5.61] | 0.9887232756889218
0.42524920701560803 | [-7.57 -4.85] | 1.1877000239051045
0.5294901838543844 | [-5.84 -3.93] | 1.3649228359870949
0.6333795164386757 | [-3.96 -2.9 ] | 1.517254893673971
0.7364941867463771 | [-1.99 -1.78] | 1.6413753761209273
0.8384341042918075 | [ 0.04 -0.62] | 1.5753697015685661
0.926257932942312 | [2.44 0.19] | 1.1846120785287562
0.9817590591277479 | [4.05 0.43] | 0.6826214689188653
1.0026332667251951 | [4.68 0.47] | 0.24376818546473278
0.9945404181852378 | [4.99 0.45] | -0.1334873027954154
0.9610023052531906 | [5.41 0.63] | -0.43688267638950773
0.9062624533828386 | [5.94 1.48] | -0.6480998415454239
0.8357699277001354 | [6.39 3.22] | -0.7680876245246931
0.7542760004844642 | [6.81 4.85] | -0.8244252991612275
0.6644992466294628 | [7.08 6.24] | -0.8293347187311898
0.5685935907224604 | [7.15 7.42] | -0.7889638159958658
0.46848809005376113 | [7.02 8.48] | -0.711725572851033
0.3658894519484097 | [6.67 9.42] | -0.6086264500034085
0.2622128781016231 | [ 6.13 10.25] | -0.49093930475608455
0.15854674262571394 | [ 5.41 10.96] | -0.3680390068363825
0.05566295421505261 | [ 4.57 11.54] | -0.24618439109138537
-0.04592075203428106 | [ 3.64 11.99] | -0.1292800143162111
-0.1458401959889595 | [ 2.66 12.33] | -0.019850319000374542
-0.24380784134497574 | [ 1.65 12.54] | 0.08037218757558356
-0.33957167543294536 | [ 0.62 12.65] | 0.11559417119588043
-0.42547904248259383 | [-1.16 11.31] | -0.17944319504016495
-0.4656958619535916 | [-5.75  3.82] | -0.7177215054674383
-0.440905458744725 | [-9.2  -3.32] | -0.9348909121789223
-0.37937775764338194 | [-10.07  -6.15] | -0.8565195921409834
-0.30308807454393866 | [-10.89  -8.13] | -0.7294850676394276
-0.2156810265463174 | [-11.48  -9.34] | -0.545224846419692
-0.1207592669645451 | [-11.78  -9.91] | -0.31624183343841744
-0.020938140695149696 | [-11.72 -10.01] | -0.06428228825742745
0.08199708755411952 | [-11.27  -9.77] | 0.1948720551617905
0.18681744625505406 | [-10.44  -9.29] | 0.45177391366653047
0.292711295562661 | [-9.32 -8.63] | 0.7010090937472909
0.39917207964561874 | [-7.95 -7.82] | 0.9392501260234606
0.5058887206286173 | [-6.39 -6.88] | 1.1639270063375016
0.6126568493298412 | [-4.68 -5.82] | 1.3724780239267198
0.7193169804881586 | [-2.82 -4.67] | 1.5619711916374748
0.8257133261981195 | [-0.84 -3.44] | 1.7112203329918079
0.9299346290886891 | [ 1.32 -2.2 ] | 1.6080382866973666
1.0117583025686383 | [ 3.81 -2.05] | 1.2847388779624584
1.059268344746576 | [ 5.48 -2.44] | 0.8763435298229016
1.0754608034439341 | [ 6.63 -3.13] | 0.31931596601305157
1.0581539522685348 | [ 7.5  -3.92] | -0.35841498500062113
1.0047241496307744 | [ 8.42 -4.34] | -1.0410376138870445
0.9165823650000234 | [ 9.64 -3.8 ] | -1.5846004435260206
0.8006999609770716 | [11.13 -2.  ] | -1.8972476376275045
0.6680727809211413 | [12.39  0.69] | -1.7435826684375373
0.5409881381266197 | [11.45  5.53] | -1.3385251834411893
0.42853420531618414 | [10.49  9.3 ] | -1.0027245136352763
0.3236747321611108 | [ 9.88 12.49] | -0.722179213458854
0.2210141294322766 | [ 9.3  15.39] | -0.46403345157513715
0.1181568303694997 | [ 8.52 17.99] | -0.21435696556567357
0.014401832117840588 | [ 7.47 20.3 ] | 0.030099250641399317
-0.09014869800747187 | [ 6.18 22.29] | 0.2680049324738138
-0.19512313831656325 | [ 4.7  23.97] | 0.4966230910639367
-0.30009678398711 | [ 3.06 25.33] | 0.7128350072451295
-0.40465297419898305 | [ 1.29 26.38] | 0.9132606618848754
-0.5083869663667797 | [-0.58 27.09] | 1.0139500725422408
-0.5929655029199853 | [-3.61 25.12] | 0.9444829738471499
-0.6418500067308577 | [-6.22 21.98] | 0.7078913872831335
-0.6530784158865062 | [-8.34 17.36] | 0.32495459329370113
-0.6243789422057412 | [-10.3   11.23] | -0.11081396168862631
-0.5556470417395968 | [-12.35   4.58] | -0.4668687706478464
-0.4532304336027743 | [-14.4   -1.42] | -0.5131060578435631
-0.34225218516413813 | [-13.84  -4.08] | -0.3174851804087508
-0.23742046848241233 | [-13.31  -5.17] | -0.10176073430037179
-0.13561485448603763 | [-12.75  -5.65] | 0.12541931406805568
-0.034875837188043254 | [-12.07  -5.79] | 0.35171314534544496
0.06601871402041609 | [-11.19  -5.65] | 0.5699536432212914
0.1674171100820201 | [-10.06  -5.26] | 0.775078254827831
0.26910928778145865 | [-8.71 -4.65] | 0.9627323091322287
0.3706695552004 | [-7.18 -3.87] | 1.1293360994684223
0.4716414393369305 | [-5.51 -2.95] | 1.2720392961016471
0.5715987303284026 | [-3.75 -1.94] | 1.38858783497577
0.6701582138337743 | [-1.94 -0.87] | 1.475109778581474
0.7672983859841765 | [-0.23  0.32] | 1.4140990344920672
0.8552604150873782 | [1.21 2.17] | 1.088660911409235
0.9166523439913995 | [2.49 3.1 ] | 0.648649921104319
0.9456725692278299 | [2.99 3.42] | 0.23871558313870092
0.9470548325957177 | [3.17 3.31] | -0.16326788684128418
0.9227408081716016 | [3.29 2.85] | -0.5210348475678565
0.8758857273063305 | [3.52 2.38] | -0.796042763000242
0.810856974933723 | [3.94 2.16] | -0.973693525342088
0.7319698986383372 | [4.48 2.3 ] | -1.0585861277842739
0.6427891812211474 | [5.07 2.78] | -1.064143306326678
0.5459998810593867 | [5.63 3.53] | -1.0060010129752701
0.4435423707252209 | [6.07 4.47] | -0.8993094707767508
0.33685763685732584 | [6.33 5.52] | -0.7582615878951796
0.22717287763673497 | [6.37 6.59] | -0.5962582583221445
0.11567211637452576 | [6.13 7.6 ] | -0.4260569115173575
0.0035479684330397346 | [5.61 8.47] | -0.2591312436959783
-0.10804143101424099 | [4.83 9.15] | -0.10455449418655356
-0.21805568063300662 | [3.84 9.62] | 0.03173869271578049
-0.3256292033792684 | [2.71 9.88] | 0.14676873713636068
-0.4300730214709628 | [1.49 9.97] | 0.23968121115798185
-0.5308402694889367 | [0.25 9.91] | 0.16304022819207964
-0.6136497108700277 | [-2.11  6.92] | -0.28694082005966726
-0.6494131651150138 | [-5.62 -0.23] | -0.5948589498245305
-0.6457353979123531 | [-5.9   0.28] | -0.3120475275340758
-0.6411513718236014 | [-7.   -1.81] | -0.48608566747901755
-0.6102966823411459 | [-8.11 -4.07] | -0.5798052643969254
-0.5579041978531261 | [-9.21 -5.91] | -0.5917530606598249
-0.4887435728802581 | [-10.26  -7.29] | -0.5264616515625647
-0.4072212881914638 | [-11.17  -8.22] | -0.3978843193490845
-0.3169260937239721 | [-11.81  -8.75] | -0.22275292888851175
-0.22063916971455064 | [-12.1   -8.93] | -0.017322654389638075
-0.1204537295382698 | [-12.03  -8.82] | 0.2044282439278656
-0.017885562575137688 | [-11.59  -8.47] | 0.4315236698519386
0.08601310463496512 | [-10.83  -7.92] | 0.6558971290843347
0.19052683593411976 | [-9.79 -7.22] | 0.8716669792462777
0.2951586365111754 | [-8.52 -6.37] | 1.0742728596309012
0.39953739049809667 | [-7.05 -5.4 ] | 1.2597870091435737
0.5033525892181602 | [-5.42 -4.34] | 1.4244540597893092
0.6063102262147884 | [-3.66 -3.2 ] | 1.5643193536621167
0.7081252182379699 | [-1.8  -2.01] | 1.675080646348619
0.8085282239943786 | [ 0.1  -0.79] | 1.5930911140782984
0.8935471238483883 | [ 2.62e+00 -1.93e-03] | 1.1702490050296852
0.9440439174334001 | [4.44 0.21] | 0.6200832683585766
0.957499800627955 | [5.26 0.19] | 0.11855974404704075
0.9385931763986678 | [5.81 0.12] | -0.3291841977305226
0.8902308462906758 | [6.49 0.3 ] | -0.6955209180764275
0.8169313726841615 | [7.25 1.39] | -0.8844212144333895
0.7283076912364393 | [7.49 4.21] | -0.8845206358151434
0.6332828383816987 | [7.61 6.92] | -0.8017961630380874
0.5352055571755191 | [7.46 9.22] | -0.6822701814620548
0.43592800221968975 | [ 7.01 11.03] | -0.5481993507739318
0.3365327095490689 | [ 6.31 12.41] | -0.40980390893010543
0.23766820002396252 | [ 5.45 13.44] | -0.2725454336571212
0.13970281189774075 | [ 4.49 14.23] | -0.13969395473294596
0.0428457392763965 | [ 3.46 14.82] | -0.013374072966424407
-0.05276143477769911 | [ 2.4  15.25] | 0.104940495861008
-0.14699207507083487 | [ 1.32 15.53] | 0.21424962262502434
-0.23971139973985445 | [ 0.23 15.68] | 0.25125540004774716
-0.3157493843743449 | [-2.56 13.36] | 0.05646815491064546
-0.34281178053885814 | [-7.28  6.68] | -0.31899855964626495
-0.3076970540788821 | [-10.84  -0.3 ] | -0.5172700528730565
-0.23446860415799092 | [-11.96  -4.3 ] | -0.44366171018977485
-0.14820534258357299 | [-12.01  -6.03] | -0.26486595332277907
-0.056375968196728056 | [-12.  -7.] | -0.051920804182468264
0.040062356626794526 | [-11.84  -7.44] | 0.18735119375582068
0.14022314585567566 | [-11.38  -7.47] | 0.43617992077692863
0.24313688526650387 | [-10.53  -7.18] | 0.6821599849471488
0.34784035611409386 | [-9.33 -6.63] | 0.9178414133602456
0.45356503002898957 | [-7.83 -5.88] | 1.1390073785546004
0.5597668046904424 | [-6.12 -4.97] | 1.3428773393992408
0.6660628728064357 | [-4.26 -3.94] | 1.5269021357695483
0.7721565994988846 | [-2.27 -2.82] | 1.6881484475855044
0.877779183782672 | [-0.18 -1.62] | 1.726848710368581
0.9737189696090827 | [ 2.28 -0.8 ] | 1.4890408646514237
1.0417731584922412 | [ 4.45 -1.07] | 1.0795355269766103
1.0753282311123575 | [ 5.93 -1.87] | 0.5654867834230013
1.07510279563758 | [ 6.94 -2.91] | -0.1041530486173492
1.0378370882524084 | [ 7.8 -3.8] | -0.8285002724792645
0.963424928035641 | [ 8.86 -3.9 ] | -1.4561827001242755
0.8574582123026432 | [10.24 -2.73] | -1.8661390060819718
0.730497246922358 | [11.61 -0.42] | -1.9430887752386503
0.5980897170218114 | [11.82  3.07] | -1.611817111683492
0.47817658240997407 | [10.55  7.63] | -1.203782738016573
0.3705960463464388 | [ 9.85 11.09] | -0.9001888343624426
0.26704753623301736 | [ 9.38 14.18] | -0.634094302193338
0.16389289972051904 | [ 8.78 16.99] | -0.38060418168973004
0.05989267025123793 | [ 7.9  19.51] | -0.1317473204077152
-0.045072692718310686 | [ 6.73 21.73] | 0.11303072217773771
-0.15073657251735612 | [ 5.34 23.65] | 0.3520050514994202
-0.256756435720231 | [ 3.78 25.28] | 0.5828506018661193
-0.3627982767789842 | [ 2.08 26.63] | 0.8029210869271984
-0.46854312997412906 | [ 0.25 27.68] | 0.9785931568798323
-0.5655246683091175 | [-2.15 27.42] | 1.0262408156451401
-0.6357034504224781 | [-4.86 25.2 ] | 0.9203972751301637
-0.6710689505492837 | [-6.98 22.16] | 0.6741518422223937
-0.6721168866457692 | [-8.83 17.54] | 0.3009610689644835
-0.6359927828209685 | [-10.66  11.52] | -0.10670516507708469
-0.5627231544178736 | [-12.65   5.05] | -0.4329377087520452
-0.4577895958024184 | [-14.71  -0.83] | -0.4845531362416761
-0.3435730784047802 | [-14.4   -3.79] | -0.2999389973771981
-0.23552244153841997 | [-13.79  -4.86] | -0.08049556641619941
-0.13193283002317818 | [-13.15  -5.28] | 0.14793561527272436
-0.030429770778061787 | [-12.41  -5.36] | 0.37404902694132763
0.07062732768277524 | [-11.48  -5.19] | 0.5912077921375768
0.1719170736456125 | [-10.34  -4.8 ] | 0.79485527436349
0.27342244392045717 | [-8.99 -4.2 ] | 0.9808507098793032
0.37480752761943403 | [-7.47 -3.43] | 1.1456727295385873
0.4756500158196341 | [-5.81 -2.53] | 1.2865324044934372
0.5755354536665308 | [-4.06 -1.54] | 1.4012987505802976
0.6740829813627759 | [-2.26 -0.5 ] | 1.4811457233052867
0.7721893096062086 | [-0.86  0.96] | 1.508711438492287
0.8719367032670239 | [-0.44  3.55] | 1.4111949997757751
0.9669700288891443 | [0.35 4.83] | 1.0579699738651782
1.0408000475199068 | [1.22 4.22] | 0.4974166804753252
1.0812062116097019 | [1.6  2.19] | -0.10006356321829468
1.0869687069530203 | [ 1.47 -0.08] | -0.49888499802347397
1.0654510155256192 | [ 1.71 -2.02] | -0.5485690862629757
1.0283936172563837 | [ 2.47 -2.92] | -0.42104099098450876
0.9831085525856276 | [ 3.49 -3.04] | -0.2907511895228789
0.9310962815049192 | [ 4.68 -2.78] | -0.23378177862130742
0.8702427268375454 | [ 6.02 -2.32] | -0.3166348932707764
0.795070193400203 | [ 7.55 -1.64] | -0.5553636967632726
0.699093145108686 | [ 9.33 -0.54] | -0.8765812704656009
0.5812536231811698 | [10.74  1.7 ] | -0.9989096866398437
0.458733862562626 | [9.97 5.91] | -0.8445903296432162
0.3451276514400593 | [8.96 9.17] | -0.6312121136047204
0.2387071810363363 | [ 7.89 11.83] | -0.41970235515645204
0.136758950408708 | [ 6.74 13.91] | -0.22588829593342152
0.03741181842639931 | [ 5.49 15.43] | -0.051238750294948524
-0.060148551869379945 | [ 4.17 16.49] | 0.10547139254065943
-0.156120084877369 | [ 2.82 17.18] | 0.24536160331344187
-0.2504397934948806 | [ 1.46 17.59] | 0.36930361395551714
-0.3429689767410092 | [ 0.13 17.76] | 0.40178547594334213
-0.41826302595546005 | [-2.76 15.39] | 0.18356768313600957
-0.4471643418172541 | [-6.95  9.16] | -0.24366079795586393
-0.41757049264021945 | [-10.22   2.06] | -0.6379057995234623
-0.33968800275866295 | [-12.75  -4.25] | -0.6774421514324426
-0.24470418369745897 | [-12.31  -6.18] | -0.4732604241298284
-0.14962375019609594 | [-12.08  -7.25] | -0.2588430365545808
-0.05257944232170748 | [-11.87  -7.82] | -0.022512827329297744
0.046950372318763145 | [-11.51  -8.02] | 0.22705833118312455
0.1489350130452417 | [-10.84  -7.89] | 0.4780231518832129
0.2528338742191886 | [-9.82 -7.48] | 0.7217055380626498
0.35795345123098626 | [-8.49 -6.83] | 0.9523573238538422
0.46368168578981445 | [-6.91 -6.  ] | 1.1661520525469444
0.569536685356285 | [-5.16 -5.02] | 1.3600637656440724
0.6751321292231144 | [-3.27 -3.92] | 1.5310842283460302
0.780127605562074 | [-1.27 -2.74] | 1.675568227045542
0.8841899381132581 | [ 0.81 -1.5 ] | 1.5793620503123629
0.9671799123187604 | [ 3.55 -1.26] | 1.2136198254689994
1.0136616170574366 | [ 5.5  -1.71] | 0.7076085328739498
1.02389424047033 | [ 6.84 -2.46] | 0.051701935664426074
0.9954756647193307 | [ 7.89 -3.13] | -0.6654259736301943
0.9281444742334691 | [ 9.08 -3.1 ] | -1.293435941882037
0.8274350385510477 | [10.56 -1.87] | -1.7124238742114906
0.7038406105864036 | [12.04  0.47] | -1.6793048007878904
0.5792311224832944 | [11.64  5.  ] | -1.3321030069767417
0.46645381489780674 | [10.8   8.91] | -1.0020236579291852
0.36142826941380096 | [10.27 12.13] | -0.7267976193949865
0.25882089388189966 | [ 9.78 15.05] | -0.4746356955426532
0.1561471024269561 | [ 9.09 17.69] | -0.23118666717597142
0.05261407531851861 | [ 8.11 20.03] | 0.007879143393830335
-0.05175061304796055 | [ 6.88 22.06] | 0.24197131401100855
-0.15664085314986748 | [ 5.43 23.8 ] | 0.4688349987054292
-0.2616928536477929 | [ 3.83 25.24] | 0.6856668603307999
-0.3665425108565036 | [ 2.08 26.37] | 0.8892948441502637
-0.47082562340268647 | [ 0.23 27.2 ] | 1.040713499093203
-0.5653085148450719 | [-2.29 26.55] | 1.0448500746807756
-0.630762737845282 | [-5.21 23.71] | 0.8685004266009873
-0.6581569639990174 | [-7.47 19.8 ] | 0.5363923963672147
-0.6470172861224115 | [-9.43 14.23] | 0.09942416966640502
-0.5952929583992835 | [-11.39   7.63] | -0.31552572630962694
-0.5063236016218503 | [-13.45   1.17] | -0.5926286433001533
-0.3897581823037819 | [-15.32  -4.1 ] | -0.5412039035318349
-0.27214828384811557 | [-14.26  -5.59] | -0.28970363109613273
-0.16500682882763257 | [-13.44  -6.16] | -0.050139281961921967
-0.06234400453315982 | [-12.75  -6.41] | 0.18936057567113684
0.03912629549820574 | [-11.99  -6.44] | 0.42512209881761676
0.14100267962782426 | [-11.    -6.22] | 0.6528281027733173
0.24364351128486336 | [-9.75 -5.77] | 0.8678966793274719
0.34680533615493564 | [-8.27 -5.1 ] | 1.0660914234554133
0.45005651695612686 | [-6.61 -4.26] | 1.2437603473214294
0.552944747766797 | [-4.81 -3.29] | 1.3976181070625322
0.6550359842829094 | [-2.91 -2.22] | 1.5244872730107784
0.7559140720511169 | [-0.94 -1.09] | 1.6142966357968673
0.8545141147760181 | [1.07 0.05] | 1.3575187972215617
0.9268393075491096 | [3.45 0.68] | 0.838639765780734
0.9605281163224476 | [4.3  1.27] | 0.3942128681297506
0.964907836482742 | [4.45 1.93] | 0.016559476808911164
0.944477077007378 | [4.56 2.52] | -0.3031268012567797
0.9028627272301014 | [4.77 3.02] | -0.5637583743786747
0.8437676255127313 | [5.07 3.41] | -0.7582993506512656
0.770580992711149 | [5.45 3.8 ] | -0.8802986130475715
0.6863081889354087 | [5.87 4.32] | -0.9309342341551776
0.5934992290653333 | [6.25 5.01] | -0.9181885465860378
0.49424809125946667 | [6.54 5.85] | -0.8536511311130733
0.390308884952343 | [6.66 6.79] | -0.7504260940034319
0.2832327411791191 | [6.57 7.74] | -0.6220802627235826
0.1744392659299132 | [6.23 8.64] | -0.48121176812055616
0.06519955585029916 | [5.65 9.41] | -0.3383032890358699
-0.04340691108029596 | [ 4.87 10.04] | -0.20124255266427
-0.15050986455853924 | [ 3.92 10.5 ] | -0.07527550068668513
-0.25542963024962845 | [ 2.87 10.79] | 0.03649225017161831
-0.35763218088509124 | [ 1.76 10.94] | 0.13241506622373467
-0.45668285718096346 | [ 0.63 10.95] | 0.14354045905441584
-0.545158931816617 | [-1.12  9.47] | -0.23285748920255134
-0.5889995714594923 | [-5.11  1.89] | -0.8615411370072708
-0.5702278294894745 | [-8.23 -5.  ] | -1.1385245729024032
-0.5140465813774654 | [-9.47 -7.52] | -1.1014745615159647
-0.44122439988938533 | [-10.63  -9.45] | -0.6717948678592863
-0.3776181075738758 | [-9.71 -7.13] | -0.49226362859365785
-0.303958485275212 | [-10.8   -8.71] | -0.38890590442948686
-0.216079716422167 | [-11.46  -9.54] | -0.21294324458185157
-0.11957797408552491 | [-11.64  -9.78] | 0.005002968123225187
-0.018239793560452567 | [-11.39  -9.61] | 0.2415947486117702
0.0856502246252601 | [-10.75  -9.16] | 0.4822499935579707
0.19080472135243837 | [-9.8  -8.52] | 0.7185091559192269
0.29651021766188607 | [-8.6  -7.72] | 0.945168038948196
0.40234940602958585 | [-7.18 -6.78] | 1.1583817313194469
0.5080400536917847 | [-5.59 -5.74] | 1.3546431855020933
0.6133457626396434 | [-3.84 -4.6 ] | 1.5302424048140153
0.7180265173608039 | [-1.97 -3.38] | 1.6805062493130163
0.8218242476659103 | [ 1.29e-03 -2.10e+00] | 1.6813583079909333
0.9129890799949877 | [ 2.54 -1.21] | 1.4107668604969579
0.973305626923984 | [ 4.87 -1.35] | 0.9326897456203606
0.9958982990422733 | [ 6.41 -2.  ] | 0.3045251331485273
0.9795693012182073 | [ 7.52 -2.83] | -0.43826236743375674
0.9222908230914215 | [ 8.64 -3.19] | -1.1413565007989952
0.828082773317917 | [ 9.98 -2.41] | -1.6416609842025072
0.7077945320744377 | [11.31 -0.39] | -1.7876197792887987
0.5788537325135512 | [11.5   3.04] | -1.501829920264912
0.4608356168713573 | [10.19  7.63] | -1.1182316772007148
0.354353758081249 | [ 9.46 11.12] | -0.8235351844816934
0.2514984805780748 | [ 8.94 14.25] | -0.559886540126261
0.1488148649232509 | [ 8.29 17.07] | -0.30692767844639757
0.045190779861349534 | [ 7.37 19.56] | -0.0590929915886667
-0.059358743635362934 | [ 6.18 21.71] | 0.1827196689538455
-0.16443662812140947 | [ 4.77 23.52] | 0.4157476410712745
-0.26957900467043294 | [ 3.18 25.  ] | 0.6368770909920234
-0.37434212230524244 | [ 1.45 26.14] | 0.8428377462274244
-0.4783067476180524 | [-0.4  26.95] | 0.9689192607035911
-0.56526157231181 | [-3.3  25.42] | 0.9380989889445349
-0.6182649677204943 | [-5.99 22.5 ] | 0.7366154897694449
-0.6337329535037918 | [-8.18 18.11] | 0.3868271383043413
-0.6097231794603578 | [-10.2   12.15] | -0.025670742723513156
-0.5456424195655254 | [-12.28   5.58] | -0.3718765805932216
-0.44702738565906586 | [-14.4   -0.46] | -0.4665213991387017
-0.3344985198363454 | [-14.56  -3.8 ] | -0.31016631989215426
-0.22591085269279784 | [-13.89  -4.94] | -0.0894972553448571
-0.12235911676264545 | [-13.25  -5.41] | 0.13954773116260058
-0.020885448695180213 | [-12.56  -5.55] | 0.3697678059033302
0.0803744586762391 | [-11.69  -5.45] | 0.5938956951092492
0.18217244588342915 | [-10.58  -5.1 ] | 0.8066699066212557
0.28448680937235526 | [-9.24 -4.53] | 1.0034185022259718
0.3869565518143465 | [-7.69 -3.79] | 1.1801984973054644
0.48913565263426595 | [-5.99 -2.9 ] | 1.333757819117436
0.5905878961908012 | [-4.19 -1.91] | 1.461312983539099
0.6909030384656689 | [-2.3  -0.85] | 1.5551355178619737
0.7899298842551934 | [-0.51  0.34] | 1.5162284318629866
0.8827749289419808 | [0.78 2.16] | 1.2072750720090533
0.9527233418934015 | [1.97 2.96] | 0.7301754773373264
0.9899625897333643 | [2.5  2.91] | 0.25273684667389895
0.9970611782317496 | [2.61 2.35] | -0.21283213557713443
0.9761890604280966 | [2.61 1.46] | -0.6260176201818252
0.930649604535777 | [2.77 0.68] | -0.9061180788627936
0.8661271011861557 | [3.32 0.21] | -1.0014883008472995
0.7888382434327906 | [4.24 0.29] | -0.9880069431601981
0.7020532902056508 | [5.32 1.05] | -0.9926002692751892
0.6061216143042812 | [6.21 2.36] | -0.9838464171264881
0.5026164306390076 | [6.86 3.69] | -0.905970971931866
0.39389893292797873 | [7.21 5.02] | -0.7817921133762765
0.2818582871226446 | [7.24 6.27] | -0.6312760225001066
0.16814236473345465 | [6.93 7.39] | -0.4712207988730782
0.05423052046001357 | [6.3  8.32] | -0.3144341080547426
-0.0586154685454585 | [5.39 9.02] | -0.16965369242825853
-0.16939610820658535 | [4.28 9.5 ] | -0.041812287676444654
-0.27736169610738326 | [3.05 9.78] | 0.06696424708712603
-0.38194675005606854 | [1.76 9.89] | 0.15614954542182066
-0.48269718937998224 | [0.46 9.85] | 0.1298993193315236
-0.56934571522199 | [-1.65  7.75] | -0.2554857297527995
-0.6109593606903787 | [-5.45  0.61] | -0.7977069430834673
-0.5961944818247599 | [-8.21 -5.09] | -0.651499886390136
-0.5714447643097347 | [-7.11 -1.81] | -0.43575305868966235
-0.5423159922861049 | [-8.3  -3.99] | -0.5121050169609149
-0.4907734554415911 | [-9.45 -5.81] | -0.5078913900302287
-0.4217197190670831 | [-10.52  -7.13] | -0.4259400614043516
-0.3398466682930444 | [-11.39  -7.97] | -0.281302981106766
-0.24902193829931046 | [-11.96  -8.38] | -0.09262857301449177
-0.15222198870158807 | [-12.15  -8.44] | 0.12249563207119359
-0.051636500955443185 | [-11.95  -8.2 ] | 0.3496683564561699
0.051196747700976875 | [-11.39  -7.74] | 0.5781841941399408
0.15523946135298747 | [-10.51  -7.1 ] | 0.8004973388861786
0.25979779742547876 | [-9.37 -6.31] | 1.0112013020901434
0.36439123534579937 | [-8.  -5.4] | 1.2060724175320297
0.46865692160764755 | [-6.44 -4.39] | 1.3813937977404191
0.572284988615156 | [-4.74 -3.29] | 1.5335333593159886
0.6749780987058691 | [-2.91 -2.14] | 1.6586346469449407
0.7764552961806085 | [-1.01 -0.95] | 1.7494002970555316
0.8764318629082827 | [0.89 0.26] | 1.4576149543398946
0.9508739962595233 | [3.09 0.79] | 0.8708705366094032
0.9858270891801575 | [3.86 0.99] | 0.3468404926309074
0.988885736767702 | [4.01 1.15] | -0.11754774555683578
0.9639381622833799 | [4.1  1.36] | -0.5104397403763686
0.9149384611762058 | [4.32 1.61] | -0.8069218329599779
0.8467954984858691 | [4.67 1.95] | -0.9985568706912102
0.7642346160292849 | [5.11 2.47] | -1.0926643258866984
0.6711702053578393 | [5.56 3.18] | -1.1051429387892568
0.5706290496263687 | [5.91 4.07] | -1.0541478179012433
0.4649596787359987 | [6.09 5.08] | -0.957264438891223
0.35608552948914796 | [6.03 6.11] | -0.8308619794307553
0.24566039952994562 | [5.71 7.07] | -0.6892336516801472
0.1350923296451895 | [5.13 7.92] | -0.5439734259368567
0.025527709068212466 | [4.34 8.61] | -0.4036537807091699
-0.08214354573658847 | [3.38 9.13] | -0.27393498148991935
-0.187245367292775 | [2.32 9.49] | -0.15819363419771476
-0.2892522165803796 | [1.21 9.69] | -0.05825494447614544
-0.3877356265551522 | [0.08 9.76] | -0.10538290494252647
-0.46512661588288057 | [-2.73  6.48] | -0.438131398861494
-0.49304303897106594 | [-6.71 -0.18] | -0.7789357316913059
-0.47106019188042225 | [-8.94 -4.35] | -0.8707064270034158
-0.4203513235253188 | [-10.26  -6.6 ] | -0.7164462071021507
-0.3606350239039753 | [-9.56 -5.15] | -0.42331523638589563
-0.3013173664434194 | [-10.63  -6.52] | -0.34063562349322696
-0.22439996357402323 | [-11.6   -7.57] | -0.18804192538151188
-0.13528825291635696 | [-12.16  -8.01] | 0.015934613199560098
-0.038545286161355566 | [-12.26  -7.99] | 0.24701757198086796
0.06266407254274735 | [-11.92  -7.63] | 0.48712225331841447
0.16633298806138896 | [-11.2   -7.05] | 0.7247415339073731
0.271263298875493 | [-10.16  -6.31] | 0.9529804598591096
0.37675316665867503 | [-8.86 -5.44] | 1.167439521032734
0.4823734738802658 | [-7.34 -4.47] | 1.3647539199260892
0.5878274641568555 | [-5.65 -3.41] | 1.5417806681385615
0.6928679297188765 | [-3.82 -2.28] | 1.6951839228049466
0.7972483502377388 | [-1.86 -1.11] | 1.8210858389983797
0.9007077947185267 | [0.17 0.09] | 1.6530453126467992
0.9874575560362421 | [2.17 0.72] | 1.1261189934361895
1.0397744541537666 | [3.2  0.45] | 0.5804415971634864
1.0578574894443595 | [ 3.62 -0.14] | 0.18706764228362632
1.048396597466158 | [ 4.15 -0.92] | -0.0837239170375845
1.0152662953395533 | [ 5.19 -1.93] | -0.40012176889114226
0.9573636329808127 | [ 6.46 -2.75] | -0.8844227855698845
0.870324200215553 | [ 7.92 -3.  ] | -1.4189702396676471
0.7550480130068828 | [ 9.34 -2.06] | -1.7777544357470232
0.6225951780143029 | [10.17  0.03] | -1.7365060072558112
0.4934389130139461 | [9.3  3.93] | -1.3818128670046592
0.37926312864638273 | [7.96 8.34] | -1.0242226941734904
0.27438205889240747 | [ 7.26 11.9 ] | -0.736271434289871
0.17150105409461305 | [ 6.69 15.11] | -0.4682205113874285
0.06812955083348081 | [ 5.93 17.91] | -0.20860255020721408
-0.03599052911481078 | [ 4.88 20.27] | 0.041862560660394274
-0.14033879487025536 | [ 3.58 22.18] | 0.2793044285071242
-0.2442560572147695 | [ 2.08 23.66] | 0.4998756243897549
-0.34714353396572095 | [ 0.43 24.73] | 0.6895856546316304
-0.44172814572429836 | [-1.85 24.67] | 0.7687443930546682
-0.5070227209029541 | [-5.08 22.08] | 0.6656165096695418
-0.5313415320762175 | [-7.75 18.02] | 0.4028509193198846
-0.5143932701943127 | [-10.16  12.28] | 0.06497147900544643
-0.45544461591802987 | [-12.54   5.87] | -0.21449468107689648
-0.3604333387811915 | [-14.86   0.04] | -0.2993691520893927
-0.24722968056365408 | [-15.57  -3.53] | -0.16188667851905786
-0.13640392482174035 | [-14.6  -4.5] | 0.056776610245268866
-0.03220972165728091 | [-13.8   -4.87] | 0.28071350303271875
0.06946544317665436 | [-13.04  -4.95] | 0.5106191402827805
0.17095920129204117 | [-12.13  -4.81] | 0.7381558409229368
0.2732717041645668 | [-10.96  -4.43] | 0.9564171927338332
0.3764795116965414 | [-9.53 -3.85] | 1.159928726696767
0.4802630351611606 | [-7.88 -3.1 ] | 1.3445584394774974
0.5842034731063703 | [-6.06 -2.21] | 1.506989423800645
0.6878862367252977 | [-4.11 -1.22] | 1.6441668048476132
0.7909136099228619 | [-2.08 -0.17] | 1.6997829467776056
0.8928036114881214 | [-0.55  1.25] | 1.5610369437250382
0.9877766286903468 | [0.34 2.64] | 1.1817780148080577
1.0622463958679933 | [1.1  2.52] | 0.6145451191773155
1.10398123818817 | [1.45 1.12] | -0.003075732435287749
1.1110395998597984 | [ 1.32 -0.7 ] | -0.3355101555947313
1.0931187981693313 | [ 1.85 -2.24] | -0.32936380171153556
1.0616246093686756 | [ 2.69 -2.89] | -0.2454977829638941
1.0208891837487364 | [ 3.77 -3.  ] | -0.1957260110334192
0.9711105576685992 | [ 5.03 -2.87] | -0.26458780246533564
0.9085612811658311 | [ 6.43 -2.63] | -0.4986835113772676
0.8269721163087397 | [ 8.02 -2.14] | -0.8718097708957545
0.7211625093802904 | [ 9.77 -1.08] | -1.254796804721333
0.5931602026519301 | [11.25  0.87] | -1.2967912878518386
0.46634492847008957 | [9.95 5.62] | -1.0211602216358662
0.3537432096677421 | [8.72 9.23] | -0.7467586648115122
0.24927545563584763 | [ 7.74 12.23] | -0.4979748878152905
0.14833066421308783 | [ 6.75 14.73] | -0.2699570472260657
0.04878723446069757 | [ 5.61 16.7 ] | -0.06010631863759118
-0.049875024911498894 | [ 4.32 18.17] | 0.13130248489588098
-0.1474872411578369 | [ 2.92 19.21] | 0.3031153923405018
-0.24368774436545448 | [ 1.46 19.86] | 0.4545465600023918
-0.33812865516857626 | [-0.03 20.2 ] | 0.5307083651400382
-0.4145466697821046 | [-3.11 18.05] | 0.4024990846199348
-0.4473847032740438 | [-7.01 12.8 ] | 0.06669324733597926
-0.42670470017925755 | [-10.22   6.13] | -0.30941305159105553
-0.3578673128402373 | [-12.9   -0.49] | -0.4477298556015729
-0.2649239534838087 | [-13.17  -3.96] | -0.32343765333554053
-0.16861699522863616 | [-12.76  -5.37] | -0.1253808912859591
-0.07176840428875121 | [-12.42  -6.09] | 0.09561861712512361
0.026681530264224672 | [-11.99  -6.4 ] | 0.3316271422546886
0.1271357861986342 | [-11.3   -6.36] | 0.569400511807864
0.2294014679123392 | [-10.29  -6.02] | 0.7993502839953366
0.33291341702282223 | [-8.97 -5.44] | 1.0148533723670352
0.4370430689941398 | [-7.4  -4.66] | 1.2113816903340762
0.5412334161819481 | [-5.65 -3.73] | 1.3855053521860323
0.6450105203778891 | [-3.77 -2.69] | 1.53411683222997
0.7479507933385121 | [-1.8  -1.57] | 1.653911947362754
0.8496567254797089 | [ 0.24 -0.41] | 1.5426864831816511
0.9348077972591473 | [2.58 0.37] | 1.1149945839620798
0.9864365378321299 | [3.95 0.63] | 0.6173345867426034
1.0046473130015274 | [4.4  0.76] | 0.18419617446312828
0.9949517786998623 | [4.55 0.96] | -0.19178045343426886
0.9612426380343384 | [4.7  1.58] | -0.4992437572236949
0.9079139158020494 | [4.99 2.29] | -0.7326097556742067
0.8389559796534776 | [5.37 2.93] | -0.8915520062388473
0.757701896244059 | [5.8  3.56] | -0.9765008636362137
0.6669502878109062 | [6.2  4.29] | -0.9930831365998921
0.5690282990226737 | [6.53 5.14] | -0.9517810404690005
0.4658762405767613 | [6.71 6.08] | -0.8654724428488301
0.359167466040588 | [6.69 7.07] | -0.7478928445709787
0.2504018075122667 | [6.43 8.02] | -0.6123938408048271
0.14091851667154648 | [5.93 8.86] | -0.4703409452178326
0.031851391864568146 | [5.2  9.57] | -0.33053018641111764
-0.07589049437272581 | [ 4.31 10.11] | -0.19908036594346748
-0.1816038778694965 | [ 3.3 10.5] | -0.07982760191721297
-0.2847436372372759 | [ 2.21 10.73] | 0.02500769020456295
-0.38487058258936835 | [ 1.09 10.83] | 0.11426259255372698
-0.48161601134973686 | [-0.03 10.8 ] | 0.002950628225213192
-0.5554067230585839 | [-2.81  6.9 ] | -0.4446616964709002
-0.5783332900981933 | [-6.35 -0.11] | -0.8836134209533527
-0.5511721637266135 | [-8.42 -4.69] | -1.0166245974925563
-0.4958717015290907 | [-9.64 -7.1 ] | -0.9903847152637173
-0.42345993125722803 | [-10.79  -8.96] | -0.7978825695087641
-0.3453217255143542 | [-10.34  -7.67] | -0.4803315775100996
-0.2676864750270652 | [-11.21  -8.78] | -0.34538884626220473
-0.17749517888338207 | [-11.76  -9.4 ] | -0.15116194384647
-0.07967943594485966 | [-11.84  -9.5 ] | 0.07682582939103724
0.022376168369167056 | [-11.48  -9.22] | 0.3180090174559839
0.1266571225350854 | [-10.76  -8.7 ] | 0.5599494438078009
0.2320373420886301 | [-9.74 -8.01] | 0.7954989094810188
0.33789508232460147 | [-8.47 -7.17] | 1.0201690406040171
0.4438655007906158 | [-7.   -6.21] | 1.230487364807251
0.5496978619190472 | [-5.35 -5.15] | 1.4231403716661115
0.6551763086980665 | [-3.56 -4.  ] | 1.5945286407849701
0.7600753421810661 | [-1.64 -2.77] | 1.7400793399346215
0.8641455404827866 | [ 0.37 -1.51] | 1.683881340692145
0.951484444554293 | [ 3.04 -0.91] | 1.3465412339266734
1.0051742017230558 | [ 5.1  -1.25] | 0.8528589450042038
1.022320123010833 | [ 6.46 -2.1 ] | 0.21587892956931437
1.0012055942826756 | [ 7.46 -3.08] | -0.5331315321364203
0.9398569178812667 | [ 8.5  -3.54] | -1.2372510280088074
0.8424880548821687 | [ 9.78 -2.81] | -1.7307547421553928
0.7201816832191187 | [11.05 -0.81] | -1.9242561200907222
0.5874879447847251 | [11.46  2.04] | -1.6390147548118863
0.46645216575647774 | [9.95 7.  ] | -1.216657796508698
0.35902810442290084 | [ 9.16 10.61] | -0.9098322320982385
0.25581007756142243 | [ 8.66 13.83] | -0.6403044056056938
0.15284583993865766 | [ 8.07 16.75] | -0.3824117527081428
0.04886505622000757 | [ 7.21 19.34] | -0.12918868851845033
-0.05614429507091104 | [ 6.06 21.6 ] | 0.11877804292352916
-0.161781215923181 | [ 4.68 23.52] | 0.358864862001513
-0.2675839560030878 | [ 3.12 25.1 ] | 0.5881561818079739
-0.3731238308287815 | [ 1.41 26.36] | 0.8036449596730079
-0.4780070605123533 | [-0.42 27.3 ] | 0.9439137097870577
-0.5663021385997365 | [-3.24 25.99] | 0.9396900231192999
-0.6219013317707198 | [-5.8  23.45] | 0.7775734932600076
-0.6419069424178276 | [-7.92 19.53] | 0.4685174625930554
-0.6245936344357704 | [-9.87 13.98] | 0.07748200954594188
-0.5683358594259007 | [-11.89   7.58] | -0.27613288665201746
-0.4767355126416279 | [-14.02   1.41] | -0.49523223951406925
-0.3588222896039298 | [-15.99  -3.64] | -0.4253445253996208
-0.24009966729091425 | [-14.95  -5.06] | -0.18274062291621085
-0.13201408747474552 | [-14.09  -5.56] | 0.05055626044348355
-0.028790786928160356 | [-13.33  -5.72] | 0.28587557660097096
0.0728865645098736 | [-12.5   -5.67] | 0.5186497841949911
0.17478951917899457 | [-11.47  -5.41] | 0.7439773392194206
0.2774412722205621 | [-10.18  -4.93] | 0.9570031694975876
0.38070016467669765 | [-8.67 -4.26] | 1.1533544339702069
0.48418679997887204 | [-6.97 -3.43] | 1.3293225271425984
0.5874753618128384 | [-5.14 -2.48] | 1.4816173797363776
0.6901482126032834 | [-3.21 -1.43] | 1.6070882672114137
0.7917973244826035 | [-1.2  -0.34] | 1.6647705858120607
0.8921460341495822 | [0.37 1.14] | 1.4208518813688846
0.9751364853912218 | [1.64 2.28] | 0.9106305740576278
1.025246897408078 | [2.3  2.11] | 0.3759522805001009
1.042560652675863 | [2.39 1.45] | -0.1402786415724745
1.029954160765756 | [2.29 0.43] | -0.5457898006053857
0.9918502094528975 | [ 2.58 -0.64] | -0.6702545050130401
0.9375972430586957 | [ 3.58 -1.24] | -0.5770926370370584
0.8739969472524964 | [ 4.96 -1.19] | -0.472595502454864
0.8009723160509726 | [ 6.43 -0.73] | -0.49898109937100577
0.7137339916477121 | [7.96 0.26] | -0.6699914743299439
0.6097905809000171 | [8.98 2.52] | -0.785134339267035
0.4969529983313499 | [8.99 5.62] | -0.7408943050747353
0.3841887368327061 | [8.52 8.35] | -0.6113669669324154
0.27476828704438033 | [ 7.66 10.55] | -0.457835082086268
0.1692769931010114 | [ 6.55 12.15] | -0.30738554862332707
0.06713143954121291 | [ 5.32 13.26] | -0.1678119170081392
-0.032362974986746486 | [ 4.05 14.01] | -0.03964099653869785
-0.12964265617718976 | [ 2.79 14.51] | 0.07769284678873503
-0.22487609786067905 | [ 1.56 14.81] | 0.18437162181376707
-0.3180613007917017 | [ 0.37 14.95] | 0.20929039872643285
-0.39700762821427105 | [-2.07 12.95] | -0.04269328691918914
-0.4289621819839116 | [-6.57  6.11] | -0.5022483627634668
-0.39863244247046853 | [-9.98 -0.95] | -0.6925535339328185
-0.33398042670537503 | [-10.54  -4.17] | -0.6087339941141718
-0.2565215408541346 | [-11.08  -6.26] | -0.47270722998559894
-0.1691629947695475 | [-11.46  -7.52] | -0.28244124883123356
-0.0748531173753613 | [-11.57  -8.13] | -0.05138450681752171
0.024180587227164773 | [-11.33  -8.26] | 0.19827184219859478
0.12634820824298096 | [-10.72  -8.03] | 0.4508444421367902
0.23045519280142635 | [-9.75 -7.52] | 0.6962978999089501
0.3356116579410365 | [-8.48 -6.8 ] | 0.9282588573685532
0.44116900164767636 | [-6.98 -5.92] | 1.1424065975398505
0.5466462134244037 | [-5.3  -4.91] | 1.3353131306969488
0.6516592939828908 | [-3.48 -3.8 ] | 1.5037161926822986
0.7558650054054344 | [-1.54 -2.62] | 1.6438334174668172
0.8589297411216203 | [ 0.47 -1.39] | 1.5737261498478836
0.943807519330144 | [ 3.19 -0.92] | 1.2161674825299382
0.9935391760424919 | [ 5.29 -1.31] | 0.6889088503915416
1.0053357997844588 | [ 6.72 -2.14] | 0.013251380005320293
0.9769366753805004 | [ 7.83 -2.92] | -0.7277198590240038
0.9081354057019534 | [ 9.04 -2.95] | -1.3650989038697015
0.8055152121038462 | [10.51 -1.71] | -1.7723299087771336
0.6808274161790865 | [11.82  0.62] | -1.6904898434332678
0.557526066349985 | [11.09  5.33] | -1.3196143507282085
0.4466425385852832 | [10.26  9.18] | -0.9959914898532116
0.3424845033702114 | [ 9.75 12.42] | -0.7235905276904105
0.24004274704886056 | [ 9.27 15.37] | -0.47096284434494384
0.1371734200816619 | [ 8.55 18.01] | -0.22527447987095897
0.03332497045588054 | [ 7.55 20.35] | 0.016321115107578228
-0.07134330750158793 | [ 6.29 22.37] | 0.2524808068333887
-0.17646259340982157 | [ 4.83 24.08] | 0.48064341594956644
-0.28163744041055033 | [ 3.2  25.49] | 0.6978876966367379
-0.3864846687940277 | [ 1.45 26.58] | 0.9009576696323585
-0.49062624749586264 | [-0.42 27.35] | 1.019883711890032
-0.577667295074721 | [-3.33 25.73] | 0.9800544694548569
-0.6308151360025944 | [-5.97 22.8 ] | 0.7725660339541911
-0.6468100007571804 | [-8.12 18.46] | 0.4162107993562236
-0.623733931229779 | [-10.08  12.53] | -0.00873934381993487
-0.5607115387018232 | [-12.11   5.93] | -0.37346482082112353
-0.4628821807563752 | [-14.2   -0.22] | -0.5022101920630626
-0.3489777790939612 | [-14.65  -3.93] | -0.3622734632555638
-0.23838602240349813 | [-13.9   -5.11] | -0.13546530155202158
-0.13396227827455506 | [-13.22  -5.6 ] | 0.09636725162225077
-0.032172507664729136 | [-12.53  -5.77] | 0.32874138380230933
0.0691605843707834 | [-11.67  -5.69] | 0.5549672345906524
Total reward: 94.56978658892764
