2.8, 2.1, 5.0, -0.3, -1.8, 6.8, 3.2, 1.2, -2.6, -0.4, 3.5, -0.8, -0.4, -1.2, 6.0, 4.0, 4.0, -5.0
parameter ends

state | action | reward
[2.59] | 1 | -0.5
2.0121682910584173 | 1 | -0.5
1.6601289169039795 | 1 | -0.5
1.5357559517438695 | 0 | 5.0
1.4221433998425608 | 0 | 5.0
1.3582897902849913 | 0 | 5.0
1.3144496492127744 | 0 | 5.0
1.260733747839105 | 0 | 5.0
1.2368786927044448 | 1 | -0.5
1.1788505734706147 | 0 | 5.0
1.1452730168306349 | 0 | 5.0
1.1331583227683333 | 0 | 5.0
1.1662213361448197 | 0 | 5.0
1.0914998457579315 | 0 | 5.0
1.0758534103766453 | 0 | 5.0
1.082488994119857 | 0 | 5.0
1.076172858203635 | 0 | 5.0
1.1144232157577068 | 0 | 5.0
1.0915368806343317 | 0 | 5.0
1.1023586457175634 | 0 | 5.0
1.0683837611267515 | 0 | 5.0
1.0299771358563259 | 0 | 5.0
1.0628167684466647 | 0 | 5.0
1.0147899489586771 | 0 | 5.0
0.936419271799626 | 0 | 5.0
0.9689289252809619 | 0 | 5.0
0.9570193599970834 | 0 | 5.0
0.9354931777286974 | 1 | -0.5
0.9094802377861763 | 0 | 5.0
0.8606153335401164 | 0 | 5.0
0.8693611657492926 | 0 | 5.0
0.8802851948979501 | 0 | 5.0
0.8782612464806229 | 0 | 5.0
0.8831623260883107 | 0 | 5.0
0.8706639981426783 | 0 | 5.0
0.897316742642667 | 0 | 5.0
0.8775605569093299 | 0 | 5.0
0.869762292115385 | 0 | 5.0
0.8837592541859964 | 0 | 5.0
0.8660922112552801 | 0 | 5.0
0.9080852881640304 | 0 | 5.0
0.8539773890875489 | 0 | 5.0
0.85493173743673 | 0 | 5.0
0.8385621599531026 | 0 | 5.0
0.8691797128545045 | 0 | 5.0
0.9063891749807146 | 0 | 5.0
0.9053838454737912 | 0 | 5.0
0.9540437675405312 | 0 | 5.0
0.9633891249508676 | 0 | 5.0
0.9728010255236322 | 0 | 5.0
1.026953932611135 | 0 | 5.0
1.0562197289959825 | 0 | 5.0
1.0648112214560808 | 0 | 5.0
1.078322519636122 | 0 | 5.0
1.1278604722658085 | 0 | 5.0
1.1458674720831934 | 0 | 5.0
1.148619693069847 | 2 | -0.5
1.187248896728039 | 0 | 5.0
1.1414614854468188 | 2 | -0.5
1.2033791745477411 | 0 | 5.0
1.1528955549191042 | 2 | -0.5
1.2022326388860225 | 1 | -0.5
1.0899460933287433 | 2 | -0.5
1.1791629239457917 | 1 | -0.5
1.1288236902960045 | 2 | -0.5
1.1574286994836622 | 1 | -0.5
1.1267725456083741 | 2 | -0.5
1.1334978338070159 | 2 | -0.5
1.2476291510436217 | 1 | -0.5
1.1078664089330084 | 2 | -0.5
1.1582625490294634 | 1 | -0.5
1.1006491474157232 | 2 | -0.5
1.1657851442607832 | 1 | -0.5
1.0630543045374052 | 2 | -0.5
1.1326761830103163 | 1 | -0.5
1.0033745058233232 | 2 | -0.5
1.095605268379587 | 2 | -0.5
1.176041538876758 | 1 | -0.5
1.021834346504054 | 2 | -0.5
1.1061788896209321 | 2 | -0.5
1.2869670119868397 | 0 | 5.0
1.0850997271520573 | 2 | -0.5
1.2698878677256238 | 0 | 5.0
1.0062812926880422 | 0 | 5.0
0.7328195202480162 | 0 | 5.0
0.46108024020564053 | 0 | 5.0
0.6286875523678949 | 2 | -0.5
0.5592587632408486 | 0 | 5.0
0.6751672116221387 | 0 | 5.0
0.7335740867118127 | 0 | 5.0
0.8400182681902814 | 0 | 5.0
0.950405429612692 | 0 | 5.0
1.0392406158669767 | 0 | 5.0
1.1015516760247754 | 0 | 5.0
1.1568844940005008 | 0 | 5.0
1.2544270536163726 | 0 | 5.0
1.329427868640905 | 2 | -0.5
1.2769867742845342 | 0 | 5.0
1.333326515308873 | 0 | 5.0
1.3500903969324123 | 0 | 5.0
1.4166256177182126 | 0 | 5.0
1.4252432454658548 | 0 | 5.0
1.4786974465867961 | 0 | 5.0
1.539512707534294 | 0 | 5.0
1.5589095321430944 | 0 | 5.0
1.6393179254913093 | 2 | -0.5
1.5685717814358142 | 0 | 5.0
1.6138765622479336 | 0 | 5.0
1.5858277594062222 | 2 | -0.5
1.6313236373999942 | 0 | 5.0
1.6064900001809301 | 0 | 5.0
1.5957357301117485 | 0 | 5.0
1.5483069478139595 | 2 | -0.5
1.6229422774868232 | 0 | 5.0
1.5594779065992186 | 0 | 5.0
1.4923623784684215 | 2 | -0.5
1.678291501495707 | 1 | -0.5
1.5158420414987568 | 1 | -0.5
1.4455343210807823 | 2 | -0.5
1.4980571440424215 | 2 | -0.5
1.626738695622419 | 1 | -0.5
1.4534574860665301 | 2 | -0.5
1.6365365723060739 | 1 | -0.5
1.4292898220042576 | 2 | -0.5
1.587789813268768 | 1 | -0.5
1.3897981394396681 | 2 | -0.5
1.5410909169437268 | 1 | -0.5
1.4306338846320399 | 2 | -0.5
1.536797899379182 | 1 | -0.5
1.3393686540075203 | 2 | -0.5
1.4185189190692828 | 2 | -0.5
1.5885532566602316 | 0 | 5.0
1.4245454162920177 | 2 | -0.5
1.6559726216200517 | 0 | 5.0
1.50161993196101 | 0 | 5.0
1.2602715717585948 | 2 | -0.5
1.457514703610762 | 0 | 5.0
1.1221953732176102 | 0 | 5.0
0.7973993896897045 | 0 | 5.0
0.5942568947638793 | 2 | -0.5
0.6219419467826951 | 0 | 5.0
0.649212570679609 | 0 | 5.0
0.7253190549658296 | 0 | 5.0
0.8105718343630889 | 0 | 5.0
0.910670947920715 | 0 | 5.0
1.0003416325403112 | 0 | 5.0
1.091817061639842 | 0 | 5.0
1.1505491132010832 | 0 | 5.0
1.2837487301488755 | 2 | -0.5
1.1864445858550088 | 0 | 5.0
1.2407981320448342 | 0 | 5.0
1.2925586732512497 | 0 | 5.0
1.3715387108084212 | 0 | 5.0
1.406661866678384 | 0 | 5.0
1.5087049514058521 | 0 | 5.0
1.497777708886733 | 0 | 5.0
1.520482287524973 | 0 | 5.0
1.6082880305441212 | 0 | 5.0
1.624400859279671 | 0 | 5.0
1.6598032994086687 | 0 | 5.0
1.748631376632004 | 0 | 5.0
1.7778735470916558 | 0 | 5.0
1.787607366177354 | 0 | 5.0
1.8476579136918578 | 2 | -0.5
1.7992345667540852 | 0 | 5.0
1.8158865844791399 | 0 | 5.0
1.8638538608058688 | 0 | 5.0
1.8488920238439943 | 1 | -0.5
1.9568711253227329 | 2 | -0.5
1.8439835704657996 | 1 | -0.5
1.9438966833664508 | 2 | -0.5
1.8850253258676333 | 1 | -0.5
1.9773808023859922 | 2 | -0.5
1.9261272979926543 | 1 | -0.5
1.980072014856502 | 2 | -0.5
1.910135385180428 | 1 | -0.5
1.9897363360111993 | 1 | -0.5
2.194878748475514 | 2 | -0.5
2.0561566137502183 | 1 | -0.5
2.2579755960788597 | 2 | -0.5
2.098577053161129 | 1 | -0.5
2.319991385610914 | 2 | -0.5
2.0823727351025307 | 1 | -0.5
2.331702229831442 | 2 | -0.5
2.1096285147339566 | 1 | -0.5
2.2576667071864986 | 1 | -0.5
2.6761095548196887 | 2 | -0.5
2.330613066992312 | 1 | -0.5
2.611112918739685 | 2 | -0.5
2.3380544715869434 | 1 | -0.5
2.649970138244445 | 1 | -0.5
3.2760680421821253 | 2 | -0.5
2.820965606956335 | 1 | -0.5
3.399464858975615 | 2 | -0.5
2.925045282042973 | 1 | -0.5
3.5440103820299917 | 0 | 5.0
3.630434582254396 | 0 | 5.0
3.514379165467912 | 0 | 5.0
3.3877287983451754 | 0 | 5.0
3.220776849303158 | 1 | -0.5
2.827288363630487 | 0 | 5.0
2.739889821521841 | 0 | 5.0
2.5912816915467447 | 0 | 5.0
2.4647893284998847 | 0 | 5.0
2.305575246778779 | 0 | 5.0
2.2026681570985662 | 0 | 5.0
2.139302704595852 | 0 | 5.0
2.047436225109646 | 0 | 5.0
2.012375378155676 | 0 | 5.0
1.920746173109346 | 0 | 5.0
1.8559774966957885 | 0 | 5.0
1.7590525804438264 | 1 | -0.5
1.6121233824164154 | 0 | 5.0
1.567899370342955 | 0 | 5.0
1.5330731205258554 | 0 | 5.0
1.4789716848536838 | 0 | 5.0
1.423700270035097 | 0 | 5.0
1.3931357057026044 | 0 | 5.0
1.3445147878254773 | 0 | 5.0
1.3432838683479245 | 0 | 5.0
1.282403130282892 | 0 | 5.0
1.2400638406360374 | 0 | 5.0
1.237073429865522 | 1 | -0.5
1.1145422978413633 | 0 | 5.0
1.103742115743889 | 0 | 5.0
1.1335223458301307 | 0 | 5.0
1.1107184333921833 | 0 | 5.0
1.0616483099035163 | 2 | -0.5
1.1527000721807608 | 1 | -0.5
1.0313781302908305 | 2 | -0.5
1.1028926327177222 | 1 | -0.5
0.9968563673877568 | 2 | -0.5
1.1109269851744559 | 1 | -0.5
0.9890419671393783 | 2 | -0.5
1.0974872501511321 | 1 | -0.5
1.0161106700883091 | 2 | -0.5
1.0142919815239162 | 1 | -0.5
0.9527230956932243 | 2 | -0.5
0.9941701395387327 | 2 | -0.5
1.1330144283150037 | 1 | -0.5
0.9776818263095622 | 2 | -0.5
1.1033157270988394 | 1 | -0.5
0.9278100057101287 | 2 | -0.5
1.0864771169439051 | 1 | -0.5
0.8901760204441858 | 2 | -0.5
0.9521284157965637 | 2 | -0.5
1.0960349459416194 | 0 | 5.0
0.9226060428950883 | 2 | -0.5
1.0986230618477375 | 0 | 5.0
0.8067309013698516 | 0 | 5.0
0.4409805848790938 | 2 | -0.5
0.47218046272092 | 0 | 5.0
0.5443459408897025 | 0 | 5.0
0.6412567236747381 | 0 | 5.0
0.7253510700906408 | 0 | 5.0
0.9070175797224488 | 2 | -0.5
0.7859268269872584 | 0 | 5.0
0.8803834401607086 | 0 | 5.0
0.924421489679425 | 0 | 5.0
0.9899305031759024 | 0 | 5.0
1.0677737068431763 | 0 | 5.0
1.1271938918932796 | 0 | 5.0
1.192695281018578 | 0 | 5.0
1.2518313722140653 | 0 | 5.0
1.3503052801631477 | 2 | -0.5
1.304565564442876 | 0 | 5.0
1.3546110370513706 | 0 | 5.0
1.3565745823454725 | 0 | 5.0
1.3983914804965847 | 0 | 5.0
1.4952475210412193 | 0 | 5.0
1.5323693896883865 | 0 | 5.0
1.540465934947105 | 2 | -0.5
1.5284621968190222 | 0 | 5.0
1.5063720068860362 | 0 | 5.0
1.5200404764531015 | 0 | 5.0
1.5731055476045008 | 0 | 5.0
1.5438097004969606 | 2 | -0.5
1.6077200565951142 | 0 | 5.0
1.535844657897035 | 0 | 5.0
1.4954393911447936 | 2 | -0.5
1.5482543465872947 | 1 | -0.5
1.4613190031450323 | 2 | -0.5
1.553215278158168 | 1 | -0.5
1.4865502860476794 | 2 | -0.5
1.5260037742490986 | 1 | -0.5
1.4085555585404537 | 2 | -0.5
1.525952658179516 | 1 | -0.5
1.39939894876655 | 2 | -0.5
1.4897670051534253 | 1 | -0.5
1.3810571077307552 | 2 | -0.5
1.506916014354485 | 1 | -0.5
1.402552092441885 | 2 | -0.5
1.4372310435795994 | 2 | -0.5
1.6016806377952264 | 1 | -0.5
1.4035148693373205 | 2 | -0.5
1.5064618018291704 | 1 | -0.5
1.3658241896860868 | 2 | -0.5
1.490954028505279 | 1 | -0.5
1.300798959060403 | 2 | -0.5
1.430806475974915 | 2 | -0.5
1.735742000736178 | 0 | 5.0
1.4567898026297685 | 0 | 5.0
1.3169342408002178 | 2 | -0.5
1.5354039841666396 | 0 | 5.0
1.1818541772629305 | 0 | 5.0
0.9071581001574734 | 0 | 5.0
0.5750256788663437 | 2 | -0.5
0.7379127064644413 | 0 | 5.0
0.6742920171577695 | 0 | 5.0
0.770483298098757 | 0 | 5.0
0.8244538562965784 | 0 | 5.0
0.8986851016889926 | 0 | 5.0
0.9882042761573805 | 0 | 5.0
1.0260738846339827 | 0 | 5.0
1.1071749364217638 | 0 | 5.0
1.1358075874139248 | 0 | 5.0
1.2414654979181683 | 0 | 5.0
1.3498636175188647 | 0 | 5.0
1.4157050744198103 | 0 | 5.0
1.4605247706232487 | 2 | -0.5
1.4015412276604962 | 0 | 5.0
1.4524305438410972 | 0 | 5.0
1.4747116927534205 | 0 | 5.0
1.5059894652672734 | 0 | 5.0
1.56691131964508 | 0 | 5.0
1.6045610613155368 | 0 | 5.0
1.6174755678259676 | 0 | 5.0
1.5904075884444229 | 0 | 5.0
1.6521330971630013 | 0 | 5.0
1.6356211006191872 | 0 | 5.0
1.6845589569395607 | 0 | 5.0
1.6753222839384874 | 0 | 5.0
1.7115758192116568 | 0 | 5.0
1.7133457955745657 | 0 | 5.0
1.7342102332162457 | 0 | 5.0
1.7987176311527964 | 0 | 5.0
1.8271962504308041 | 0 | 5.0
1.857282805319831 | 0 | 5.0
1.8885563835120707 | 0 | 5.0
1.9347377853946282 | 0 | 5.0
1.9360554934851262 | 0 | 5.0
1.9515828749609159 | 0 | 5.0
2.020697887110755 | 0 | 5.0
2.0183598795145765 | 0 | 5.0
2.0387348276361883 | 0 | 5.0
2.0767788371516205 | 0 | 5.0
2.0807560349513543 | 0 | 5.0
2.1104928236651648 | 0 | 5.0
2.1566973584839313 | 0 | 5.0
2.2062153720044306 | 0 | 5.0
2.2143735720521764 | 0 | 5.0
2.2521276249001008 | 0 | 5.0
2.283193727913759 | 2 | -0.5
2.262758745671288 | 0 | 5.0
2.279916447080965 | 0 | 5.0
2.2406965070423794 | 0 | 5.0
2.272141139256491 | 0 | 5.0
2.244609330733964 | 0 | 5.0
2.2541294241747054 | 0 | 5.0
2.2371270651708 | 0 | 5.0
2.212638519233629 | 0 | 5.0
2.242784434402912 | 0 | 5.0
2.279966473244876 | 0 | 5.0
2.2762977649666576 | 0 | 5.0
2.270383556737861 | 0 | 5.0
2.228820665971226 | 0 | 5.0
2.2368564565437645 | 0 | 5.0
2.26049946237704 | 2 | -0.5
2.2775336525107153 | 0 | 5.0
2.3067777145624655 | 0 | 5.0
2.2606384861837845 | 0 | 5.0
2.2393244300810156 | 0 | 5.0
2.184603549272814 | 0 | 5.0
2.191319812362772 | 0 | 5.0
2.15056271614638 | 2 | -0.5
2.2528740283229216 | 0 | 5.0
2.1826723649837323 | 0 | 5.0
2.162997635905093 | 0 | 5.0
2.108171536028124 | 0 | 5.0
2.0279039901896594 | 0 | 5.0
1.9289162984212573 | 2 | -0.5
2.125681608948849 | 1 | -0.5
1.9309891172845095 | 2 | -0.5
2.145847074230028 | 1 | -0.5
1.86270879703175 | 2 | -0.5
2.152350160537264 | 0 | 5.0
1.9494368209674253 | 1 | -0.5
1.7162748164457788 | 2 | -0.5
1.9449260660938321 | 1 | -0.5
1.7268377925630687 | 2 | -0.5
1.95062274203005 | 0 | 5.0
1.777554631156396 | 2 | -0.5
2.033192032867746 | 0 | 5.0
1.873655250550987 | 0 | 5.0
1.6832030942687675 | 2 | -0.5
1.9880104729719268 | 0 | 5.0
1.6474360381716813 | 0 | 5.0
1.3919996202519789 | 2 | -0.5
1.9582916016072343 | 0 | 5.0
1.5628317416811393 | 0 | 5.0
0.9782416228099248 | 0 | 5.0
0.6632509932797865 | 0 | 5.0
0.7120325972566502 | 0 | 5.0
0.786529095454324 | 0 | 5.0
0.8932441388538207 | 0 | 5.0
0.9162007738671121 | 0 | 5.0
1.0074222777276507 | 0 | 5.0
1.033718455294787 | 0 | 5.0
1.1465865424491564 | 0 | 5.0
1.1740714603832354 | 0 | 5.0
1.209919149299874 | 0 | 5.0
1.2552857358523841 | 0 | 5.0
1.3663293561181278 | 0 | 5.0
1.3829463254270926 | 0 | 5.0
1.496021747660232 | 0 | 5.0
1.5405816351976067 | 0 | 5.0
1.5989391023732678 | 0 | 5.0
1.6213157467823651 | 0 | 5.0
1.7136247328182637 | 0 | 5.0
1.7190586988932848 | 0 | 5.0
1.7967270071109545 | 0 | 5.0
1.81444892603025 | 0 | 5.0
1.8564023321651506 | 0 | 5.0
1.8708064945089384 | 0 | 5.0
1.9277525447079487 | 0 | 5.0
1.921548917388425 | 0 | 5.0
1.9544448249591468 | 0 | 5.0
1.9763334544877127 | 0 | 5.0
2.006556862744522 | 0 | 5.0
2.0420148675310905 | 0 | 5.0
2.0233492139051727 | 0 | 5.0
2.088544528238949 | 0 | 5.0
2.057572743720535 | 0 | 5.0
2.079479586183801 | 0 | 5.0
2.116892758383197 | 0 | 5.0
2.122113440265634 | 0 | 5.0
2.1129429685156467 | 0 | 5.0
2.149947509905501 | 0 | 5.0
2.1139014680770183 | 0 | 5.0
2.1056114169529248 | 0 | 5.0
2.1134807049612996 | 0 | 5.0
2.1426028124809626 | 0 | 5.0
2.146796421081555 | 0 | 5.0
2.1469160092965742 | 0 | 5.0
2.1523569415338315 | 0 | 5.0
2.1478003241647907 | 0 | 5.0
2.167225821939442 | 0 | 5.0
2.154417868520633 | 0 | 5.0
2.1863629024965383 | 0 | 5.0
2.156477625177373 | 0 | 5.0
2.1769141611354192 | 0 | 5.0
2.196182403474756 | 0 | 5.0
2.2281649544088284 | 0 | 5.0
2.22248908442505 | 0 | 5.0
2.2704353320541952 | 0 | 5.0
2.257563121622316 | 0 | 5.0
2.2341537858225813 | 0 | 5.0
2.2919785991607124 | 0 | 5.0
2.310934454875817 | 0 | 5.0
2.365340790719639 | 2 | -0.5
2.307725425370499 | 0 | 5.0
2.3119027368617253 | 0 | 5.0
2.3027560925280737 | 0 | 5.0
2.3245645665191104 | 2 | -0.5
2.339571587958246 | 0 | 5.0
2.2947520939690302 | 0 | 5.0
2.2464342668441724 | 0 | 5.0
2.200678127600204 | 2 | -0.5
2.314808129332272 | 0 | 5.0
2.2186230819514066 | 0 | 5.0
2.17785513911422 | 0 | 5.0
2.1204968720209743 | 0 | 5.0
2.0011329010168706 | 2 | -0.5
2.193273794992573 | 1 | -0.5
1.9308443692052348 | 2 | -0.5
2.1480612778706516 | 1 | -0.5
1.9091968724770925 | 2 | -0.5
2.0409321797484004 | 1 | -0.5
1.9232120025374615 | 2 | -0.5
2.005824655087916 | 1 | -0.5
1.8469777507032767 | 2 | -0.5
2.000952317042894 | 2 | -0.5
2.2738335324591397 | 0 | 5.0
2.0655052638884075 | 0 | 5.0
1.9485012008182105 | 2 | -0.5
2.2485568155772593 | 0 | 5.0
2.076203977173883 | 0 | 5.0
1.8889916006779077 | 0 | 5.0
1.5747974547668044 | 2 | -0.5
2.1420115821309746 | 0 | 5.0
1.617148818443767 | 0 | 5.0
1.3419942242240792 | 0 | 5.0
0.8879777401822394 | 0 | 5.0
0.7619022291369624 | 0 | 5.0
0.9366647584552672 | 2 | -0.5
0.8565465915832454 | 0 | 5.0
0.8948783574445214 | 0 | 5.0
0.9839351924619171 | 0 | 5.0
1.0418682871611729 | 0 | 5.0
1.0408996266953934 | 0 | 5.0
1.112222064279918 | 0 | 5.0
1.109432015867133 | 0 | 5.0
1.1945338849534752 | 0 | 5.0
1.1876972994077821 | 0 | 5.0
1.2429565482224343 | 0 | 5.0
1.2609993769622734 | 0 | 5.0
1.3357817340801985 | 0 | 5.0
1.323894226558297 | 0 | 5.0
1.431355714211305 | 0 | 5.0
1.4631891504987684 | 0 | 5.0
1.5399470941666116 | 0 | 5.0
1.5413474267019267 | 0 | 5.0
1.6066919869121368 | 2 | -0.5
1.5616459748558864 | 0 | 5.0
1.5531947430724609 | 0 | 5.0
1.5634086153646596 | 0 | 5.0
1.5924570128916584 | 2 | -0.5
1.6028747161762489 | 0 | 5.0
1.5530724381561916 | 0 | 5.0
1.5321700174153696 | 0 | 5.0
1.4932861940802113 | 2 | -0.5
1.5667975975793236 | 1 | -0.5
1.5073641227637649 | 2 | -0.5
1.5163048623546762 | 1 | -0.5
1.4472182969928762 | 2 | -0.5
1.4803195607838524 | 2 | -0.5
1.5977644501074335 | 1 | -0.5
1.4705148013745715 | 2 | -0.5
1.5679699313726332 | 1 | -0.5
1.4647534112946192 | 2 | -0.5
1.5069132866584491 | 1 | -0.5
1.4004470206891244 | 2 | -0.5
1.4979963887910224 | 1 | -0.5
1.3926124504240052 | 2 | -0.5
1.467174031724571 | 2 | -0.5
1.642176341293645 | 0 | 5.0
1.5066876391775554 | 0 | 5.0
1.3141025572756275 | 2 | -0.5
1.4741687482628298 | 0 | 5.0
1.290823023227483 | 2 | -0.5
1.6192741808160236 | 0 | 5.0
1.3831094970473077 | 0 | 5.0
1.0520115622206958 | 0 | 5.0
0.7471912332591386 | 0 | 5.0
0.6390287133269166 | 0 | 5.0
0.8052781867154141 | 2 | -0.5
0.7257972095852071 | 0 | 5.0
0.8059294697560782 | 0 | 5.0
0.8753303348059945 | 0 | 5.0
0.9992225064784989 | 0 | 5.0
1.014113403236053 | 0 | 5.0
1.0858998322658955 | 0 | 5.0
1.1700901133296862 | 0 | 5.0
1.224631532870043 | 0 | 5.0
1.30904656887793 | 0 | 5.0
1.335307583242384 | 0 | 5.0
1.435141900109846 | 0 | 5.0
1.4931713363682007 | 0 | 5.0
1.5796504158455906 | 0 | 5.0
1.6143836546534767 | 0 | 5.0
1.6902497209569558 | 0 | 5.0
1.7340895334368895 | 0 | 5.0
1.8228095911208728 | 0 | 5.0
1.8327789296511539 | 0 | 5.0
1.8734853169145294 | 0 | 5.0
1.9107256194843512 | 0 | 5.0
1.9669903472453514 | 0 | 5.0
1.9871362888210111 | 2 | -0.5
1.9751221015599467 | 0 | 5.0
1.9758443787014728 | 0 | 5.0
1.9242997604239858 | 1 | -0.5
1.9920286080020704 | 2 | -0.5
1.9278637401694372 | 1 | -0.5
2.039188301454741 | 2 | -0.5
1.9601817468301754 | 1 | -0.5
2.030865284950385 | 2 | -0.5
2.0177732875918473 | 1 | -0.5
2.0487473164168843 | 2 | -0.5
1.985331146905652 | 1 | -0.5
2.056484072924369 | 2 | -0.5
1.9435723650517072 | 1 | -0.5
2.018283064049709 | 2 | -0.5
2.003488696369945 | 1 | -0.5
2.1164078849212573 | 2 | -0.5
2.049451770474076 | 1 | -0.5
2.1078400122534817 | 1 | -0.5
2.2017497100801884 | 2 | -0.5
2.061943960481611 | 1 | -0.5
2.2471850379850684 | 2 | -0.5
2.125979354340879 | 1 | -0.5
2.326172069199347 | 2 | -0.5
2.1371012218581287 | 1 | -0.5
2.3316487252048965 | 1 | -0.5
2.600203860600292 | 2 | -0.5
2.3330358834174527 | 1 | -0.5
2.6684667324756774 | 2 | -0.5
2.344781333976101 | 1 | -0.5
2.6738756002532944 | 2 | -0.5
2.440482900196905 | 1 | -0.5
2.7011769459656745 | 1 | -0.5
3.1703282405765876 | 2 | -0.5
2.599746352228765 | 1 | -0.5
2.994429698101895 | 1 | -0.5
3.6841522604264934 | 0 | 5.0
3.5477929750917014 | 0 | 5.0
3.381907923744307 | 0 | 5.0
3.223901809101576 | 0 | 5.0
3.034541483910538 | 0 | 5.0
2.908560292306832 | 0 | 5.0
2.7783774160259123 | 1 | -0.5
2.4017056999446034 | 0 | 5.0
2.28849063836083 | 0 | 5.0
2.2046722834691272 | 0 | 5.0
2.093196677548952 | 0 | 5.0
2.074088529623704 | 0 | 5.0
1.9933720595341244 | 0 | 5.0
1.9196885702214723 | 1 | -0.5
1.7794940884308732 | 0 | 5.0
1.7256414024799014 | 0 | 5.0
1.7114986852808747 | 0 | 5.0
1.673720261745477 | 0 | 5.0
1.5399853633217635 | 0 | 5.0
1.4849089312335315 | 0 | 5.0
1.4629653406367324 | 0 | 5.0
1.3559409722773217 | 0 | 5.0
1.262331269364272 | 0 | 5.0
1.2162428949147681 | 1 | -0.5
1.1555403058657832 | 0 | 5.0
1.1347779470777732 | 0 | 5.0
1.1681406761313247 | 0 | 5.0
1.086489132286377 | 0 | 5.0
1.1313712894904866 | 0 | 5.0
1.1431365269659814 | 0 | 5.0
1.0561283452795223 | 2 | -0.5
1.1138377795948526 | 1 | -0.5
1.0920881881595992 | 2 | -0.5
1.1373424523494424 | 1 | -0.5
1.0557627996501724 | 2 | -0.5
1.0929566945711255 | 1 | -0.5
1.0541970040742623 | 2 | -0.5
1.0886951631799922 | 2 | -0.5
1.180857116008248 | 1 | -0.5
1.1217719696450417 | 1 | -0.5
1.0259637657370018 | 2 | -0.5
1.0468247699215076 | 2 | -0.5
1.1284490597891623 | 1 | -0.5
1.0191136392776918 | 2 | -0.5
1.056047565318445 | 1 | -0.5
0.985855366259059 | 2 | -0.5
1.0310425974917259 | 2 | -0.5
1.1804897771885554 | 1 | -0.5
1.008350586455668 | 2 | -0.5
1.1075500220775034 | 1 | -0.5
0.9633462988753728 | 2 | -0.5
1.0490955070035943 | 2 | -0.5
1.1864027055294963 | 0 | 5.0
0.9996147919199219 | 2 | -0.5
1.19187911860121 | 0 | 5.0
0.8149003883019578 | 2 | -0.5
1.0012185076617135 | 0 | 5.0
0.6885968862363542 | 0 | 5.0
0.4482030312771161 | 0 | 5.0
0.5918546668470006 | 0 | 5.0
0.6580490382231607 | 0 | 5.0
0.7688120027545883 | 0 | 5.0
0.8734949084220291 | 0 | 5.0
0.9951824996049653 | 2 | -0.5
0.8855526378744827 | 0 | 5.0
0.9969294890630327 | 0 | 5.0
0.9867627634770644 | 0 | 5.0
1.0777698540594156 | 0 | 5.0
1.1327899289639778 | 0 | 5.0
1.1801437152702894 | 0 | 5.0
1.2072684438710573 | 0 | 5.0
1.2908424437879569 | 0 | 5.0
1.3314670898637957 | 0 | 5.0
1.4052580943571482 | 0 | 5.0
1.4068573810155471 | 0 | 5.0
1.483754681600558 | 0 | 5.0
1.4953305898818465 | 2 | -0.5
1.4837404991641017 | 0 | 5.0
1.5034866409590986 | 0 | 5.0
1.5317920520931962 | 0 | 5.0
1.496833645399109 | 0 | 5.0
1.5591971647201113 | 2 | -0.5
1.5921319055637506 | 0 | 5.0
1.602063473739471 | 0 | 5.0
1.5457330599686463 | 0 | 5.0
1.4667249906677875 | 2 | -0.5
1.5113151382834566 | 0 | 5.0
1.4768784804493282 | 2 | -0.5
1.5264862097579739 | 1 | -0.5
1.404654691509074 | 2 | -0.5
1.5779391461791765 | 1 | -0.5
1.4088812452057364 | 2 | -0.5
1.521005939164049 | 1 | -0.5
1.4005683660151937 | 2 | -0.5
1.478926262958681 | 2 | -0.5
1.5863983923911849 | 1 | -0.5
1.401132679612618 | 2 | -0.5
1.5623520011192764 | 1 | -0.5
1.4801222332850719 | 2 | -0.5
1.606972006126743 | 1 | -0.5
1.3559033874156328 | 2 | -0.5
1.5030570734501396 | 1 | -0.5
1.2976344239684778 | 2 | -0.5
1.3993248123342235 | 2 | -0.5
1.6626377225520834 | 0 | 5.0
1.4592801806536613 | 0 | 5.0
1.2311823200682774 | 2 | -0.5
1.5540184046607433 | 0 | 5.0
1.381673004712362 | 0 | 5.0
0.974851278543926 | 0 | 5.0
0.6380854224348086 | 0 | 5.0
0.6084551303749994 | 0 | 5.0
0.7359160938208382 | 0 | 5.0
0.7982092042267821 | 0 | 5.0
0.90390825975869 | 2 | -0.5
0.8272405786377502 | 0 | 5.0
0.8932550122007812 | 0 | 5.0
0.9569743019105275 | 0 | 5.0
0.9904037158862521 | 0 | 5.0
1.0006418048832975 | 0 | 5.0
1.0734398708058452 | 0 | 5.0
1.121024032307282 | 0 | 5.0
1.139265736433452 | 0 | 5.0
1.1946444239294638 | 0 | 5.0
1.2492454828713235 | 0 | 5.0
1.2938934038202479 | 0 | 5.0
1.329996570618601 | 0 | 5.0
1.3746517626477477 | 0 | 5.0
1.3485805843979857 | 0 | 5.0
1.4230781501579846 | 0 | 5.0
1.4647360457128735 | 0 | 5.0
1.469084802183081 | 0 | 5.0
1.4771597230321938 | 0 | 5.0
1.526945114265085 | 0 | 5.0
1.5542621490337252 | 0 | 5.0
1.5715305302513631 | 0 | 5.0
1.5937844773177892 | 0 | 5.0
1.6330890781628076 | 0 | 5.0
1.6596944550986672 | 0 | 5.0
1.6863202262893857 | 0 | 5.0
1.7367424721739404 | 0 | 5.0
1.7729513663574956 | 0 | 5.0
1.7887592974234796 | 0 | 5.0
1.7810765216503393 | 0 | 5.0
1.8183011515127823 | 0 | 5.0
1.8372616159617015 | 0 | 5.0
1.891631784647317 | 0 | 5.0
1.8954284215404293 | 0 | 5.0
1.905948789263021 | 0 | 5.0
1.946476097029567 | 0 | 5.0
1.9597411788199341 | 0 | 5.0
1.985783020765946 | 0 | 5.0
2.0297051510255892 | 0 | 5.0
1.9783138223048824 | 0 | 5.0
2.0271428720138873 | 0 | 5.0
2.078500687340871 | 0 | 5.0
2.071531920052956 | 0 | 5.0
2.0892624947885867 | 0 | 5.0
2.115914471414566 | 0 | 5.0
2.1196420180181397 | 0 | 5.0
2.0910455360487363 | 0 | 5.0
2.0705582554923456 | 0 | 5.0
2.12229688324937 | 0 | 5.0
2.1044831492015965 | 0 | 5.0
2.0948952479237968 | 0 | 5.0
2.0872517140851663 | 0 | 5.0
2.109437792439951 | 0 | 5.0
2.095818545023734 | 0 | 5.0
2.0289639529910692 | 0 | 5.0
2.055594363476828 | 0 | 5.0
2.0270453371807746 | 0 | 5.0
2.010220739465689 | 0 | 5.0
1.9740925377056961 | 0 | 5.0
1.9712774803004092 | 0 | 5.0
1.9413983451784314 | 0 | 5.0
1.934333675443872 | 0 | 5.0
1.9225149252642673 | 2 | -0.5
1.970490634133371 | 0 | 5.0
1.9243477478110969 | 0 | 5.0
1.888402411809322 | 0 | 5.0
1.8397344265888553 | 2 | -0.5
2.0043636995655025 | 1 | -0.5
1.7853321967471867 | 2 | -0.5
1.9419050533328113 | 1 | -0.5
1.7872061889600726 | 2 | -0.5
1.9466347773047408 | 1 | -0.5
1.7811021325470833 | 2 | -0.5
1.869301174884695 | 1 | -0.5
1.7243492477242601 | 2 | -0.5
1.8708112266984267 | 1 | -0.5
1.699745514976671 | 2 | -0.5
1.843517430555657 | 1 | -0.5
1.7350016268839477 | 2 | -0.5
1.8452754416844448 | 1 | -0.5
1.6855263147209119 | 2 | -0.5
1.864998211693502 | 1 | -0.5
1.6697840432119466 | 2 | -0.5
1.8067265041241487 | 2 | -0.5
2.163068815994895 | 0 | 5.0
1.9236312577670605 | 0 | 5.0
1.7289973595176773 | 2 | -0.5
2.036562193247849 | 0 | 5.0
1.8098356599770813 | 0 | 5.0
1.5422108401336039 | 0 | 5.0
1.2471667156799093 | 2 | -0.5
1.7176438319220635 | 0 | 5.0
1.1799390723040095 | 0 | 5.0
0.709178510356891 | 0 | 5.0
0.7291994239915734 | 0 | 5.0
0.8533599399674624 | 0 | 5.0
0.9251232799652933 | 0 | 5.0
1.003176836204256 | 0 | 5.0
1.103525507461636 | 0 | 5.0
1.156529129611691 | 2 | -0.5
1.1093957748752508 | 0 | 5.0
1.1304633582820804 | 0 | 5.0
1.2294144331924317 | 0 | 5.0
1.2266690455850302 | 0 | 5.0
1.2796348474174875 | 0 | 5.0
1.3916594666633988 | 0 | 5.0
1.3978442710246863 | 0 | 5.0
1.4819073911444594 | 0 | 5.0
1.5380335820774986 | 0 | 5.0
1.570941564797708 | 0 | 5.0
1.5926697652773323 | 0 | 5.0
1.6522197008745454 | 0 | 5.0
1.6678116086166426 | 0 | 5.0
1.7437521512096368 | 0 | 5.0
1.7801888853580552 | 0 | 5.0
1.8431515967609229 | 0 | 5.0
1.9005399460150014 | 0 | 5.0
1.9099924300571922 | 0 | 5.0
1.947444641261396 | 0 | 5.0
1.9804481767655124 | 0 | 5.0
2.0662772998119325 | 0 | 5.0
2.095839797991951 | 2 | -0.5
2.0455993546080764 | 0 | 5.0
2.0750997107531592 | 0 | 5.0
2.039299870014858 | 0 | 5.0
2.0582411593520438 | 0 | 5.0
2.0809660346947494 | 0 | 5.0
2.0692328094667665 | 0 | 5.0
2.046709808313593 | 0 | 5.0
2.1149292731887286 | 0 | 5.0
2.0693550834260055 | 0 | 5.0
2.0626489559465835 | 0 | 5.0
2.0281849482330156 | 0 | 5.0
1.9737420855252592 | 0 | 5.0
1.9884945615986045 | 0 | 5.0
2.0472011560157872 | 0 | 5.0
1.9862336149213968 | 0 | 5.0
1.9951881762363535 | 0 | 5.0
1.9294858183300432 | 0 | 5.0
1.9165039293175592 | 0 | 5.0
1.9551744508718103 | 0 | 5.0
1.9207167951991004 | 0 | 5.0
1.8854924428403321 | 0 | 5.0
1.832590435840338 | 0 | 5.0
1.8548952234029028 | 0 | 5.0
1.8200099745669496 | 0 | 5.0
1.7972282660528558 | 0 | 5.0
1.7736230227374579 | 0 | 5.0
1.7542256376150547 | 0 | 5.0
1.7562855877770716 | 0 | 5.0
1.7159704175409525 | 0 | 5.0
1.716363934445363 | 0 | 5.0
1.6640270677787106 | 0 | 5.0
1.6531435574701443 | 0 | 5.0
1.6581145762574125 | 0 | 5.0
1.6250631385764656 | 0 | 5.0
1.6194926814763464 | 0 | 5.0
1.5847450692273288 | 0 | 5.0
1.5570586701624023 | 0 | 5.0
1.5933442746879567 | 0 | 5.0
1.5650266653951064 | 0 | 5.0
1.5607047305049109 | 0 | 5.0
1.5806385718772666 | 2 | -0.5
1.5725820968749764 | 0 | 5.0
1.5380585415799928 | 0 | 5.0
1.5104956542186074 | 2 | -0.5
1.5906434757092185 | 1 | -0.5
1.468731362674578 | 2 | -0.5
1.555509740488424 | 1 | -0.5
1.4683055273474552 | 2 | -0.5
1.5370313820703485 | 1 | -0.5
1.4130116095454552 | 2 | -0.5
1.5650869632358406 | 1 | -0.5
1.4190332870133395 | 2 | -0.5
1.5575394615713178 | 1 | -0.5
1.3807693257835894 | 2 | -0.5
1.4416604349803144 | 2 | -0.5
1.6624230531240776 | 0 | 5.0
1.4615283960337073 | 0 | 5.0
1.3523181434342477 | 2 | -0.5
1.5794759282103377 | 0 | 5.0
1.3049073138183074 | 2 | -0.5
1.5605130561752039 | 0 | 5.0
1.2767475511153774 | 0 | 5.0
0.985819876262026 | 0 | 5.0
0.7023138602746084 | 0 | 5.0
0.670442699476801 | 0 | 5.0
0.7395855988011741 | 0 | 5.0
0.8979881424806023 | 0 | 5.0
0.9908194657160347 | 2 | -0.5
0.9194597554612333 | 0 | 5.0
0.9874373402096047 | 0 | 5.0
1.0414025750579479 | 0 | 5.0
1.0938685843118463 | 0 | 5.0
1.2073291898019463 | 0 | 5.0
1.2992995188539567 | 0 | 5.0
1.3569075118221199 | 0 | 5.0
1.4193608126526194 | 0 | 5.0
1.4894211385679528 | 0 | 5.0
1.5694209828141998 | 0 | 5.0
1.5930539963051953 | 0 | 5.0
1.7050937174712584 | 2 | -0.5
1.625021158752264 | 0 | 5.0
1.647708712249554 | 0 | 5.0
1.643691481472487 | 0 | 5.0
1.725401748928274 | 2 | -0.5
1.6991322330327205 | 0 | 5.0
1.6915722222256762 | 0 | 5.0
1.6468719838003387 | 0 | 5.0
1.6647766559451433 | 2 | -0.5
1.6811994932388612 | 0 | 5.0
1.6864160949823856 | 0 | 5.0
1.612266453092654 | 0 | 5.0
1.5396349175240243 | 2 | -0.5
1.6438876310096193 | 1 | -0.5
1.4990739217639535 | 2 | -0.5
1.5629869120456215 | 1 | -0.5
1.4429535375454763 | 2 | -0.5
1.493954200168911 | 1 | -0.5
1.4210057445573745 | 2 | -0.5
1.502013195461276 | 2 | -0.5
1.6969180792960017 | 1 | -0.5
1.433611085348194 | 2 | -0.5
1.6328497657289187 | 1 | -0.5
1.4395867013907624 | 2 | -0.5
1.6201566788699524 | 1 | -0.5
1.4078995626057496 | 2 | -0.5
1.5926138136187853 | 0 | 5.0
1.4032798682777834 | 2 | -0.5
1.7399228316672226 | 0 | 5.0
1.462711827893378 | 0 | 5.0
1.2390835453970093 | 2 | -0.5
1.5938851139247934 | 0 | 5.0
1.1101605705545545 | 0 | 5.0
0.8566947539536688 | 0 | 5.0
0.6104470763710433 | 0 | 5.0
0.7397549458767319 | 2 | -0.5
0.731432620140907 | 0 | 5.0
0.8389787085874019 | 0 | 5.0
0.9431099300393351 | 0 | 5.0
1.0076655613382706 | 0 | 5.0
1.0934090717163245 | 2 | -0.5
1.023543080427047 | 0 | 5.0
1.1080363063811822 | 0 | 5.0
1.1950560734454465 | 0 | 5.0
1.2597035071818088 | 0 | 5.0
1.3192691839127375 | 0 | 5.0
1.3636681928101078 | 0 | 5.0
1.4275816967541333 | 0 | 5.0
1.5174794882375549 | 0 | 5.0
1.565727807494831 | 0 | 5.0
1.603099714991873 | 0 | 5.0
1.6356941637683167 | 0 | 5.0
1.684132578181552 | 0 | 5.0
1.7478815661385985 | 0 | 5.0
1.8631798137728928 | 0 | 5.0
1.9034235369762837 | 2 | -0.5
1.8415679865356418 | 0 | 5.0
1.8376496052806495 | 0 | 5.0
1.8844428052487607 | 0 | 5.0
1.8783858312599369 | 0 | 5.0
1.970368902304185 | 2 | -0.5
1.9363609671025246 | 0 | 5.0
1.9125223979623882 | 0 | 5.0
1.9361599537296545 | 1 | -0.5
1.9624729466179966 | 2 | -0.5
1.917367568059699 | 1 | -0.5
1.961585832292423 | 2 | -0.5
1.9742641834577166 | 1 | -0.5
1.9522891492114414 | 1 | -0.5
2.0761150959049046 | 2 | -0.5
2.0064615540736037 | 1 | -0.5
2.0975099739510115 | 2 | -0.5
2.0230890518598494 | 1 | -0.5
2.126734976271463 | 1 | -0.5
2.335958987285451 | 2 | -0.5
2.111219356003055 | 1 | -0.5
2.268835619834853 | 2 | -0.5
2.1198890897627947 | 1 | -0.5
2.326914881031198 | 2 | -0.5
2.1497000632489334 | 1 | -0.5
2.333061155954135 | 1 | -0.5
2.6390638961787554 | 2 | -0.5
Total reward: 3075.0
