-0.2, 0.1, 2.1, -1.3, -2.8, 4.8, 2.2, 0.2, -3.6, -1.4, 2.5, -1.8, -1.4, -2.2, 5.4, 0.8, 1.8, -8.2
parameter ends

state | action | reward
[6.83] | 2 | -0.5
6.979525453911237 | 2 | -0.5
7.371199298844479 | 2 | -0.5
2.942722574955116 | 2 | -0.5
2.4403742357455243 | 2 | -0.5
2.0902178649486944 | 2 | -0.5
1.8923997933791437 | 2 | -0.5
1.8675307201395306 | 0 | 5.0
1.899185268404681 | 2 | -0.5
1.8416165474014845 | 0 | 5.0
1.8503822565745516 | 0 | 5.0
1.8581956483480913 | 0 | 5.0
1.8891057070389827 | 0 | 5.0
1.9233039677784292 | 0 | 5.0
1.9757321346579995 | 2 | -0.5
1.9333326113597398 | 0 | 5.0
1.9509472011729139 | 0 | 5.0
1.9434019862028296 | 0 | 5.0
1.8987465711128548 | 0 | 5.0
1.8248115078721774 | 2 | -0.5
1.9099646755231767 | 0 | 5.0
1.8911970577833273 | 0 | 5.0
1.8418860065235558 | 0 | 5.0
1.757414912979476 | 2 | -0.5
1.8893534424799003 | 1 | -0.5
1.6761216298345885 | 2 | -0.5
1.8702919148481452 | 1 | -0.5
1.6896469569781556 | 2 | -0.5
1.8644165221416378 | 1 | -0.5
1.6174499439937446 | 2 | -0.5
1.7048161462832414 | 2 | -0.5
1.95367464075073 | 1 | -0.5
1.656769142674448 | 2 | -0.5
1.8752665600083298 | 1 | -0.5
1.6687102992153893 | 2 | -0.5
1.8988660443349312 | 1 | -0.5
1.6110439174100075 | 2 | -0.5
1.802971943758158 | 1 | -0.5
1.5523667328089896 | 2 | -0.5
1.807749263525267 | 1 | -0.5
1.5319666045613909 | 2 | -0.5
1.7830067410374548 | 1 | -0.5
1.5174229388530946 | 2 | -0.5
1.6988803095812535 | 2 | -0.5
2.0654478503339537 | 0 | 5.0
1.7815293413417235 | 0 | 5.0
1.4721642724472517 | 0 | 5.0
1.199544152886269 | 2 | -0.5
1.4924541833387173 | 0 | 5.0
1.1415634899422342 | 0 | 5.0
0.7977796917221303 | 0 | 5.0
0.6879848480861168 | 0 | 5.0
0.8106029340704428 | 0 | 5.0
0.9421271543924598 | 0 | 5.0
1.0192230306827863 | 2 | -0.5
0.9405064409703561 | 0 | 5.0
1.0243748663995 | 0 | 5.0
1.0479098681016954 | 0 | 5.0
1.1226619467169041 | 0 | 5.0
1.1822357771190066 | 0 | 5.0
1.2571399368986353 | 0 | 5.0
1.3463260355686186 | 0 | 5.0
1.3576290047833925 | 0 | 5.0
1.4214537415490616 | 0 | 5.0
1.5494721439657937 | 0 | 5.0
1.5584925842348087 | 0 | 5.0
1.6218973009591064 | 0 | 5.0
1.6980458027871868 | 0 | 5.0
1.7222325073557583 | 2 | -0.5
1.6809265996233989 | 0 | 5.0
1.7108047604512024 | 0 | 5.0
1.6970945097336434 | 0 | 5.0
1.7353443971324498 | 2 | -0.5
1.7475815144865656 | 0 | 5.0
1.7172532603244337 | 0 | 5.0
1.6743545999193197 | 0 | 5.0
1.6495153012946524 | 2 | -0.5
1.6738738985503718 | 1 | -0.5
1.6006321190830284 | 2 | -0.5
1.6767315260256686 | 0 | 5.0
1.6105635326352834 | 1 | -0.5
1.564955492408409 | 2 | -0.5
1.60441178606203 | 2 | -0.5
1.719606596550781 | 1 | -0.5
1.5817026734954165 | 2 | -0.5
1.6890230836217175 | 1 | -0.5
1.542575744284615 | 2 | -0.5
1.6411372218347866 | 1 | -0.5
1.5320340421080707 | 2 | -0.5
1.6295932768965988 | 1 | -0.5
1.5341481270865416 | 2 | -0.5
1.6221281236360552 | 1 | -0.5
1.46979103056522 | 2 | -0.5
1.6043871214269099 | 1 | -0.5
1.4296305826601563 | 2 | -0.5
1.5832310255613666 | 1 | -0.5
1.427594809538128 | 2 | -0.5
1.5368522375039702 | 1 | -0.5
1.397040382276334 | 2 | -0.5
1.4710776536717698 | 2 | -0.5
1.7015835659775835 | 1 | -0.5
1.4501489432663588 | 2 | -0.5
1.5447505777842605 | 2 | -0.5
1.8254157123982375 | 1 | -0.5
1.4925943316073658 | 2 | -0.5
1.6439588192328722 | 1 | -0.5
1.3983864902037237 | 2 | -0.5
1.5553432315774454 | 2 | -0.5
1.9926331550198566 | 0 | 5.0
1.718553920711961 | 0 | 5.0
1.4082583188392748 | 0 | 5.0
1.103206361106571 | 0 | 5.0
0.7145165994107341 | 0 | 5.0
0.6893577434395055 | 0 | 5.0
0.840377009619131 | 0 | 5.0
0.9272979537341901 | 0 | 5.0
1.0618327175850144 | 2 | -0.5
1.0266373641570699 | 0 | 5.0
1.0955834038700174 | 0 | 5.0
1.1267873213329898 | 0 | 5.0
1.1904902444461485 | 0 | 5.0
1.2548664337787878 | 0 | 5.0
1.378691549456255 | 0 | 5.0
1.383597393616835 | 0 | 5.0
1.4417269089150704 | 0 | 5.0
1.5111639548013154 | 0 | 5.0
1.5287135254903537 | 0 | 5.0
1.6104250717533715 | 0 | 5.0
1.6627563730476598 | 0 | 5.0
1.705247918676564 | 0 | 5.0
1.7871900084921188 | 0 | 5.0
1.853028771626359 | 2 | -0.5
1.7975282250933549 | 0 | 5.0
1.8105175478306261 | 0 | 5.0
1.826151654081649 | 0 | 5.0
1.8689737153110324 | 0 | 5.0
1.8940408184068442 | 0 | 5.0
1.9180329346906309 | 0 | 5.0
1.91553075657961 | 0 | 5.0
1.9548486610707563 | 0 | 5.0
2.0075768021984146 | 0 | 5.0
2.002537359665492 | 0 | 5.0
2.0178452379519487 | 0 | 5.0
2.096883891790557 | 0 | 5.0
2.1435302964782723 | 0 | 5.0
2.1941183740006784 | 0 | 5.0
2.1769935536668346 | 0 | 5.0
2.167450607892819 | 0 | 5.0
2.209031033702349 | 0 | 5.0
2.2790220613559145 | 0 | 5.0
2.295294860643795 | 2 | -0.5
2.2725299209130743 | 0 | 5.0
2.243056056375889 | 0 | 5.0
2.242043955754058 | 0 | 5.0
2.2536993527735594 | 0 | 5.0
2.271672297305059 | 0 | 5.0
2.2136351669015157 | 0 | 5.0
2.25397772215041 | 0 | 5.0
2.2324694582830236 | 0 | 5.0
2.275674630046144 | 0 | 5.0
2.253059824639945 | 0 | 5.0
2.294058412684462 | 0 | 5.0
2.3590366950120534 | 0 | 5.0
2.3580974000120274 | 0 | 5.0
2.3441092434165265 | 0 | 5.0
2.345882245359661 | 0 | 5.0
2.3906360435572207 | 0 | 5.0
2.439422542228063 | 0 | 5.0
2.406194002544473 | 0 | 5.0
2.3716625263616278 | 0 | 5.0
2.418867710804319 | 0 | 5.0
2.4175763286696563 | 0 | 5.0
2.439885661568701 | 0 | 5.0
2.4639553595496437 | 0 | 5.0
2.4379768063522547 | 2 | -0.5
2.49876963224651 | 0 | 5.0
2.4375768683866124 | 0 | 5.0
2.453707095741909 | 0 | 5.0
2.40857042325817 | 0 | 5.0
2.3462679033762845 | 0 | 5.0
2.3216474127022795 | 0 | 5.0
2.265661022690831 | 2 | -0.5
2.3786262230661013 | 0 | 5.0
2.3187321326323627 | 0 | 5.0
2.2304802258025593 | 2 | -0.5
2.489377846489845 | 1 | -0.5
2.241888161157276 | 0 | 5.0
2.1904131366580253 | 2 | -0.5
2.443171845385456 | 1 | -0.5
2.1549087135786564 | 2 | -0.5
2.4142842312141517 | 1 | -0.5
2.1970346034038943 | 2 | -0.5
2.406122268609459 | 1 | -0.5
2.108178447474616 | 2 | -0.5
2.376667249595099 | 1 | -0.5
2.0761712587326224 | 2 | -0.5
2.306282816229278 | 1 | -0.5
2.0373573915093086 | 2 | -0.5
2.162358415541121 | 1 | -0.5
1.9431841588996341 | 2 | -0.5
2.0941334237525777 | 2 | -0.5
2.440488137045396 | 1 | -0.5
2.0339001089432043 | 2 | -0.5
2.3325801429260764 | 1 | -0.5
1.9252860465503898 | 2 | -0.5
2.228571266133957 | 1 | -0.5
1.9007841816844266 | 2 | -0.5
2.1920540384470852 | 2 | -0.5
2.5810668160743875 | 0 | 5.0
2.3763492679761886 | 0 | 5.0
2.037432070794518 | 0 | 5.0
1.8618324259249062 | 2 | -0.5
2.3519052538280594 | 0 | 5.0
1.9925989926032515 | 0 | 5.0
1.6060943297547472 | 0 | 5.0
1.2661643561875868 | 0 | 5.0
0.9201865001565561 | 0 | 5.0
0.8596969618825274 | 0 | 5.0
0.9899838883937937 | 2 | -0.5
0.9348697119245374 | 0 | 5.0
0.9837660924661993 | 0 | 5.0
1.0803677140193977 | 0 | 5.0
1.1204067721889586 | 0 | 5.0
1.1824423784151097 | 0 | 5.0
1.2259182880815278 | 0 | 5.0
1.2444744503964151 | 0 | 5.0
1.3143200148306255 | 0 | 5.0
1.3649115238477658 | 0 | 5.0
1.4095926341721534 | 0 | 5.0
1.4469015806507477 | 0 | 5.0
1.4511990392047014 | 0 | 5.0
1.4799699426513377 | 0 | 5.0
1.5277170447036914 | 0 | 5.0
1.5861148126683515 | 0 | 5.0
1.551852573445568 | 0 | 5.0
1.6806214188303472 | 0 | 5.0
1.688841539179759 | 0 | 5.0
1.7246468713455978 | 0 | 5.0
1.7328205811364272 | 0 | 5.0
1.7657412848781868 | 0 | 5.0
1.8133077909745392 | 0 | 5.0
1.869282340269341 | 0 | 5.0
1.8390818645318145 | 0 | 5.0
1.8814155231734984 | 0 | 5.0
1.870629177990682 | 0 | 5.0
1.922162344788592 | 0 | 5.0
1.9543969128842762 | 0 | 5.0
1.9114666196789487 | 0 | 5.0
1.9570736108014204 | 0 | 5.0
1.9891809854386133 | 0 | 5.0
2.0316353708026846 | 0 | 5.0
2.0476552001814614 | 0 | 5.0
2.0351691151438756 | 0 | 5.0
2.0478021480401702 | 0 | 5.0
2.0814021290212246 | 0 | 5.0
2.0554052665800415 | 0 | 5.0
2.121095108908221 | 0 | 5.0
2.1122158693629562 | 0 | 5.0
2.1290138624523283 | 0 | 5.0
2.1498045576660965 | 0 | 5.0
2.128977904539595 | 0 | 5.0
2.1495844403784434 | 0 | 5.0
2.171924884467639 | 0 | 5.0
2.164836660500764 | 0 | 5.0
2.1864283433990437 | 0 | 5.0
2.2107064495084945 | 0 | 5.0
2.2529437178258345 | 0 | 5.0
2.226652849126289 | 0 | 5.0
2.2714448454682126 | 0 | 5.0
2.257844771498903 | 0 | 5.0
2.2814876958603807 | 0 | 5.0
2.315929550668071 | 0 | 5.0
2.3228754454838136 | 0 | 5.0
2.3335677371348766 | 0 | 5.0
2.3272333535413408 | 0 | 5.0
2.366674812901554 | 0 | 5.0
2.368712452177503 | 2 | -0.5
2.3973601130498925 | 0 | 5.0
2.344370304592764 | 0 | 5.0
2.352825061130945 | 0 | 5.0
2.3551962680349194 | 0 | 5.0
2.3009669467009797 | 2 | -0.5
2.3894784933500155 | 0 | 5.0
2.2998483133092975 | 0 | 5.0
2.287741634084675 | 2 | -0.5
2.3308169623897204 | 0 | 5.0
2.298869019088671 | 0 | 5.0
2.240530563160197 | 0 | 5.0
2.160742551974848 | 2 | -0.5
2.3127425431939126 | 1 | -0.5
2.0834301378752866 | 2 | -0.5
2.2853594588797157 | 1 | -0.5
2.0664132115180776 | 2 | -0.5
2.2515033957711865 | 1 | -0.5
2.0609258492550993 | 2 | -0.5
2.2514128712726156 | 1 | -0.5
2.035792048441396 | 2 | -0.5
2.226059736202633 | 1 | -0.5
1.9672435672387034 | 2 | -0.5
2.1830044764854732 | 1 | -0.5
1.9148500287887336 | 2 | -0.5
2.079429165949807 | 1 | -0.5
1.9024497752725809 | 2 | -0.5
2.06458625540012 | 2 | -0.5
2.418957116460924 | 1 | -0.5
2.05403618918407 | 2 | -0.5
2.2801924137046816 | 1 | -0.5
1.9498096892949783 | 2 | -0.5
2.1592323375612072 | 1 | -0.5
1.9408930746057793 | 2 | -0.5
2.1017104676926657 | 1 | -0.5
1.8409350613950195 | 2 | -0.5
2.0642681223777495 | 2 | -0.5
2.6122260534771393 | 0 | 5.0
2.4003721454208513 | 0 | 5.0
2.172076424914623 | 0 | 5.0
1.885401034540502 | 0 | 5.0
1.660540794246215 | 2 | -0.5
2.571740048728507 | 0 | 5.0
2.054631098726219 | 0 | 5.0
1.5162048475676035 | 0 | 5.0
0.9019206562332813 | 0 | 5.0
0.7334301744339017 | 0 | 5.0
0.7847520213286346 | 0 | 5.0
0.8478021396072566 | 0 | 5.0
0.9163585930507414 | 0 | 5.0
0.9895306757772829 | 0 | 5.0
1.0703349472036872 | 0 | 5.0
1.1343448390975188 | 0 | 5.0
1.2471953485892395 | 0 | 5.0
1.2746390230828188 | 0 | 5.0
1.3619441146056186 | 0 | 5.0
1.4248400620280959 | 2 | -0.5
1.367892951938845 | 0 | 5.0
1.4081837839571631 | 0 | 5.0
1.4358139388812607 | 0 | 5.0
1.454088233086694 | 0 | 5.0
1.496283649999376 | 0 | 5.0
1.544724972409217 | 0 | 5.0
1.564910601208785 | 0 | 5.0
1.6461020803787014 | 0 | 5.0
1.6542118873215144 | 0 | 5.0
1.689634168082446 | 2 | -0.5
1.667240438060475 | 0 | 5.0
1.673066928687787 | 0 | 5.0
1.669947273989022 | 0 | 5.0
1.652215950922101 | 0 | 5.0
1.6557883983458193 | 2 | -0.5
1.6902187750284834 | 0 | 5.0
1.669174565792541 | 1 | -0.5
1.5293567667357328 | 2 | -0.5
1.6238493013970303 | 1 | -0.5
1.5393585534056702 | 2 | -0.5
1.6140711029898158 | 1 | -0.5
1.5512240160954078 | 2 | -0.5
1.6446588110405735 | 1 | -0.5
1.5315837434845923 | 2 | -0.5
1.5914619365965164 | 1 | -0.5
1.5258615613512427 | 2 | -0.5
1.5466550278777704 | 1 | -0.5
1.5140660696335315 | 2 | -0.5
1.5663297255590474 | 1 | -0.5
1.4156373105757305 | 2 | -0.5
1.4949279314038986 | 2 | -0.5
1.6410934814525036 | 1 | -0.5
1.475941449210862 | 2 | -0.5
1.5526448683119414 | 1 | -0.5
1.4286179575478055 | 2 | -0.5
1.5610993657720242 | 1 | -0.5
1.338041952178962 | 2 | -0.5
1.4506403527717655 | 2 | -0.5
1.6826374007764464 | 1 | -0.5
1.4283027064001923 | 2 | -0.5
1.654773549787344 | 1 | -0.5
1.412530053516753 | 2 | -0.5
1.6377682818360508 | 1 | -0.5
1.4023965610518865 | 2 | -0.5
1.5852121423601298 | 1 | -0.5
1.3335709575872137 | 2 | -0.5
1.4971932641182137 | 1 | -0.5
1.2683678222268515 | 2 | -0.5
1.4815675715012722 | 1 | -0.5
1.2543661787321954 | 2 | -0.5
1.4490676456175184 | 2 | -0.5
1.9003878640997944 | 0 | 5.0
1.6667853649790827 | 0 | 5.0
1.1835290782522125 | 0 | 5.0
0.9319736709023441 | 0 | 5.0
0.5963266066718395 | 0 | 5.0
0.7293800226209403 | 2 | -0.5
0.6512181275166382 | 0 | 5.0
0.8092278845112142 | 0 | 5.0
0.8767493650164229 | 0 | 5.0
0.9428256994156229 | 0 | 5.0
1.0307704168270366 | 0 | 5.0
1.084564512672345 | 0 | 5.0
1.1630738443018478 | 0 | 5.0
1.2327242992408545 | 0 | 5.0
1.335688132896327 | 0 | 5.0
1.3858386138258578 | 0 | 5.0
1.4993001912732107 | 0 | 5.0
1.603491331072792 | 0 | 5.0
1.6519856500067336 | 0 | 5.0
1.7846374826498104 | 2 | -0.5
1.6269145029110996 | 0 | 5.0
1.6961888751295453 | 0 | 5.0
1.7657161077860835 | 0 | 5.0
1.7963532624655794 | 0 | 5.0
1.8656867562719563 | 0 | 5.0
1.9474732472935812 | 0 | 5.0
1.9984909207141555 | 0 | 5.0
2.0614829298706954 | 0 | 5.0
2.1084817858769767 | 0 | 5.0
2.1030611200621148 | 2 | -0.5
2.051362343623955 | 0 | 5.0
2.083698295194899 | 0 | 5.0
2.1095469497807158 | 0 | 5.0
2.1385001023869106 | 1 | -0.5
2.1796928852858537 | 2 | -0.5
2.145376786589092 | 1 | -0.5
2.1721227917249077 | 2 | -0.5
2.1449902489487664 | 1 | -0.5
2.211671133146149 | 2 | -0.5
2.1648571052241707 | 1 | -0.5
2.276077323830615 | 1 | -0.5
2.4762824544791204 | 2 | -0.5
2.239321769817278 | 1 | -0.5
2.428160449521759 | 2 | -0.5
2.253559541666266 | 1 | -0.5
2.407846617353363 | 1 | -0.5
2.6796686528697666 | 2 | -0.5
2.344556123035277 | 1 | -0.5
2.646110865301537 | 2 | -0.5
2.433200347310214 | 1 | -0.5
2.711581351961152 | 1 | -0.5
3.288128738587033 | 0 | 5.0
3.4576988983844577 | 1 | -0.5
3.4731415377563275 | 0 | 5.0
3.4061648909919695 | 0 | -200.0
Total reward: 972.5
