-3.0, 0.8, -2.2, -0.1, -2.1, 4.7, 4.1, -1.1, -0.6, -3.7, -4.9, 2.4, -4.0, -2.0, 5.2, -2.3, 1.5, -1.3
parameter ends

state | action | reward
[2.8] | 2 | -0.5
2.2315057847020565 | 2 | -0.5
1.8629993196592922 | 2 | -0.5
1.7208625023780735 | 2 | -0.5
1.646757837066596 | 2 | -0.5
1.6358776718898338 | 0 | 5.0
1.606696429934448 | 0 | 5.0
1.6627621879966092 | 0 | 5.0
1.624704755284605 | 0 | 5.0
1.6072843163798745 | 0 | 5.0
1.6556688180623944 | 0 | 5.0
1.6319544938520671 | 0 | 5.0
1.6766285898362325 | 0 | 5.0
1.6435407095991919 | 0 | 5.0
1.6653817013029673 | 0 | 5.0
1.6373296478166834 | 0 | 5.0
1.6271393496780184 | 2 | -0.5
1.6709629790404925 | 2 | -0.5
1.7805893472149483 | 2 | -0.5
2.0811111073555857 | 2 | -0.5
2.4636178169776657 | 2 | -0.5
3.3983329310997497 | 2 | -0.5
6.008591537027777 | 2 | -0.5
12.15979403801954 | 2 | -0.5
10.50307443405123 | 2 | -0.5
4.455818584350731 | 2 | -0.5
3.153830697932378 | 2 | -0.5
2.459302794826908 | 2 | -0.5
2.093934373040839 | 2 | -0.5
1.8411775734577494 | 2 | -0.5
1.7588441322572985 | 2 | -0.5
1.6961115874397106 | 0 | 5.0
1.6970106311680428 | 0 | 5.0
1.7425668311959577 | 0 | 5.0
1.808255319149937 | 0 | 5.0
1.7837474445582329 | 0 | 5.0
1.8081073500467886 | 2 | -0.5
1.8092304158043695 | 0 | 5.0
1.7938650226465478 | 0 | 5.0
1.8280994237047063 | 0 | 5.0
1.8180168978931233 | 0 | 5.0
1.7998510519254378 | 0 | 5.0
1.811172166743104 | 0 | 5.0
1.8045571472270037 | 0 | 5.0
1.8138925749977788 | 0 | 5.0
1.7918256498365717 | 0 | 5.0
1.8286488463016737 | 0 | 5.0
1.8184844392252806 | 0 | 5.0
1.8484961023737232 | 0 | 5.0
1.8213097873307127 | 0 | 5.0
1.8521718030100314 | 0 | 5.0
1.8348993638304825 | 0 | 5.0
1.8436624631966982 | 0 | 5.0
1.8168645358917705 | 0 | 5.0
1.8465251049449942 | 0 | 5.0
1.847966163193735 | 2 | -0.5
1.9124121381930803 | 2 | -0.5
1.9099065012768974 | 2 | -0.5
2.1706839524100676 | 2 | -0.5
2.427710946596824 | 2 | -0.5
2.896574815191973 | 2 | -0.5
3.8488586600482004 | 2 | -0.5
6.7983921215781145 | 2 | -0.5
12.855116399034383 | 2 | -0.5
6.431010909432232 | 2 | -0.5
3.32208685305282 | 2 | -0.5
2.4001500533884714 | 2 | -0.5
1.949745460929761 | 2 | -0.5
1.7655650838794532 | 2 | -0.5
1.6013648682926946 | 2 | -0.5
1.6145095405986858 | 0 | 5.0
1.6234991178812797 | 0 | 5.0
1.658308746966733 | 0 | 5.0
1.6257913853893162 | 0 | 5.0
1.7021489593444037 | 0 | 5.0
1.7359203693041645 | 2 | -0.5
1.7025024464680514 | 0 | 5.0
1.668280487230443 | 0 | 5.0
1.7322412014883375 | 0 | 5.0
1.7042919606346711 | 0 | 5.0
1.6732039610487857 | 0 | 5.0
1.6876126496111827 | 0 | 5.0
1.633722628150728 | 0 | 5.0
1.6639256878281685 | 0 | 5.0
1.6486216037138635 | 0 | 5.0
1.6638598697177276 | 0 | 5.0
1.623060122765499 | 0 | 5.0
1.6297710788463153 | 0 | 5.0
1.6391384917992056 | 0 | 5.0
1.611286036706236 | 0 | 5.0
1.590268986173557 | 0 | 5.0
1.6427647107325567 | 0 | 5.0
1.6333979839403658 | 0 | 5.0
1.6003093545772649 | 0 | 5.0
1.5816840022962624 | 0 | 5.0
1.6439605487530327 | 2 | -0.5
1.636926050088067 | 2 | -0.5
1.8126291408549675 | 2 | -0.5
1.9948420427541735 | 2 | -0.5
2.4359606882062805 | 2 | -0.5
3.1525908209551834 | 2 | -0.5
5.583393324617841 | 2 | -0.5
12.329758081909471 | 2 | -0.5
10.410339517199377 | 2 | -0.5
4.880087530964031 | 2 | -0.5
3.1985719866852964 | 2 | -0.5
2.628349831305654 | 2 | -0.5
2.222585503289255 | 2 | -0.5
2.018154149697023 | 2 | -0.5
1.8875494773339112 | 2 | -0.5
1.8357146128314816 | 0 | 5.0
1.8671199561343392 | 0 | 5.0
1.8359877327838448 | 0 | 5.0
1.8343879312263722 | 0 | 5.0
1.846687726180138 | 0 | 5.0
1.8664230052964923 | 0 | 5.0
1.9007512278485783 | 0 | 5.0
1.8907025343237902 | 0 | 5.0
1.934321374977956 | 0 | 5.0
1.9249052313898887 | 0 | 5.0
1.9266686352979403 | 0 | 5.0
1.9543756582211849 | 0 | 5.0
1.9350053664263465 | 0 | 5.0
1.97930899400581 | 0 | 5.0
1.9958517368610602 | 0 | 5.0
1.9886688552056442 | 0 | 5.0
1.9967601928748961 | 0 | 5.0
1.997967571219329 | 0 | 5.0
2.0757809596187604 | 0 | 5.0
2.042537246934836 | 0 | 5.0
2.0933508322761214 | 0 | 5.0
2.0902014516644174 | 0 | 5.0
2.1053919802250056 | 0 | 5.0
2.1280751074973394 | 0 | 5.0
2.1685603682378245 | 0 | 5.0
2.194194735458437 | 0 | 5.0
2.1913250061772698 | 2 | -0.5
2.2177284055204245 | 0 | 5.0
2.206934303725889 | 0 | 5.0
2.210594895739024 | 2 | -0.5
2.1992615019061206 | 2 | -0.5
2.4318601893462515 | 2 | -0.5
2.7236312392798343 | 2 | -0.5
3.217191798208388 | 2 | -0.5
4.055647699894244 | 2 | -0.5
5.7608587162327805 | 2 | -0.5
11.429068948848872 | 2 | -0.5
13.587458524104733 | 2 | -0.5
4.4786692743704 | 2 | -0.5
2.547096416997394 | 2 | -0.5
2.0717771554246083 | 2 | -0.5
1.7600911915651989 | 2 | -0.5
1.5390733247612838 | 2 | -0.5
1.4428968749755777 | 2 | -0.5
1.3664899775901986 | 2 | -0.5
1.3583512173442502 | 0 | 5.0
1.3835759131277852 | 0 | 5.0
1.3875506408305442 | 0 | 5.0
1.3467363339086926 | 0 | 5.0
1.4198294811056893 | 0 | 5.0
1.423327859619714 | 0 | 5.0
1.4103777753926818 | 0 | 5.0
1.4366821734861737 | 0 | 5.0
1.4418334179093915 | 0 | 5.0
1.4387366011997698 | 0 | 5.0
1.4820968429479766 | 0 | 5.0
1.4873974772951 | 0 | 5.0
1.4960563882617903 | 0 | 5.0
1.5261183374589318 | 0 | 5.0
1.5264728275848323 | 0 | 5.0
1.524026782005993 | 0 | 5.0
1.512802307773519 | 0 | 5.0
1.5697771671692384 | 0 | 5.0
1.6036379721298948 | 0 | 5.0
1.599899237824985 | 0 | 5.0
1.5879845196065725 | 0 | 5.0
1.5965352591820772 | 0 | 5.0
1.6243421546442731 | 0 | 5.0
1.6017338928772018 | 0 | 5.0
1.6013550589798144 | 0 | 5.0
1.632138125140399 | 0 | 5.0
1.5907343543817374 | 2 | -0.5
1.649770185831916 | 2 | -0.5
1.718315573080514 | 2 | -0.5
1.9051183061927575 | 2 | -0.5
2.2925263491053967 | 2 | -0.5
3.029687862947462 | 2 | -0.5
4.422177379058245 | 2 | -0.5
12.253797002159073 | 2 | -0.5
12.132916331791762 | 2 | -0.5
6.625450641085154 | 2 | -0.5
3.8624757432160473 | 2 | -0.5
2.707625286440416 | 2 | -0.5
2.1805398568434824 | 2 | -0.5
1.9462715911189643 | 2 | -0.5
1.781146817803951 | 2 | -0.5
1.7425688388225538 | 0 | 5.0
1.7454822087881088 | 0 | 5.0
1.767236844824354 | 0 | 5.0
1.8539217370335184 | 0 | 5.0
1.8337205548251905 | 0 | 5.0
1.8164420790388138 | 0 | 5.0
1.8217842551697763 | 0 | 5.0
1.888746861310758 | 0 | 5.0
1.9342116223596146 | 0 | 5.0
1.9847648431502456 | 0 | 5.0
2.0076397547499734 | 0 | 5.0
2.0494002080591684 | 2 | -0.5
1.9812098858634357 | 0 | 5.0
2.019917707478142 | 0 | 5.0
1.9882505033146007 | 0 | 5.0
1.9670689774748478 | 0 | 5.0
1.9855516591085665 | 0 | 5.0
1.9883630091159852 | 0 | 5.0
1.945146118750495 | 0 | 5.0
1.9703984634298928 | 0 | 5.0
1.9328385640593566 | 0 | 5.0
1.9448077140951439 | 0 | 5.0
1.956772079897169 | 0 | 5.0
1.9175523469596998 | 2 | -0.5
1.995386844672409 | 0 | 5.0
1.9303352021804652 | 2 | -0.5
2.06004673369434 | 2 | -0.5
2.320148995005696 | 2 | -0.5
2.7070624155360585 | 2 | -0.5
3.2451761681573243 | 2 | -0.5
4.679012885475209 | 2 | -0.5
8.557991425953716 | 2 | -0.5
12.860896117433423 | 2 | -0.5
6.300092422848647 | 2 | -0.5
3.01564780835548 | 2 | -0.5
2.0996150044833075 | 2 | -0.5
1.7174666692207243 | 2 | -0.5
1.5206616562426034 | 2 | -0.5
1.394526146328359 | 2 | -0.5
1.390596418130188 | 0 | 5.0
1.4177084897669037 | 0 | 5.0
1.403035449682729 | 0 | 5.0
1.4734120044193886 | 0 | 5.0
1.473533567836308 | 0 | 5.0
1.5342495016194801 | 0 | 5.0
1.51291163793354 | 0 | 5.0
1.555627947305144 | 0 | 5.0
1.604105179449653 | 0 | 5.0
1.6094079090511755 | 0 | 5.0
1.6039503058692204 | 0 | 5.0
1.643757991765464 | 0 | 5.0
1.6809261113800475 | 0 | 5.0
1.664736896692989 | 0 | 5.0
1.7103379244772996 | 0 | 5.0
1.7447482691555039 | 0 | 5.0
1.6966501518601147 | 0 | 5.0
1.7784855403133448 | 0 | 5.0
1.8025916873794072 | 0 | 5.0
1.7985158449049614 | 0 | 5.0
1.8367247325088794 | 0 | 5.0
1.879604784325747 | 0 | 5.0
1.9246489680154584 | 0 | 5.0
1.9220942757836061 | 0 | 5.0
1.935077039021339 | 0 | 5.0
1.939453058449973 | 0 | 5.0
1.9491234152952495 | 0 | 5.0
2.012343744169995 | 2 | -0.5
2.013871685454029 | 0 | 5.0
1.9921762985239988 | 2 | -0.5
2.0621480238555576 | 2 | -0.5
2.2014944802430456 | 2 | -0.5
2.502017276529071 | 2 | -0.5
3.199853604243065 | 2 | -0.5
4.573175239843142 | 2 | -0.5
10.148237902409843 | 2 | -0.5
12.998499571622482 | 2 | -0.5
5.278894791492496 | 2 | -0.5
3.1914890260856765 | 2 | -0.5
2.316317530683653 | 2 | -0.5
1.8559221749613433 | 2 | -0.5
1.5885048351575959 | 2 | -0.5
1.442456008047571 | 2 | -0.5
1.3786459651937923 | 0 | 5.0
1.420356486925791 | 0 | 5.0
1.419490264384164 | 0 | 5.0
1.4913619016650987 | 0 | 5.0
1.4831835235401885 | 2 | -0.5
1.486646113526907 | 0 | 5.0
1.4630805745613304 | 0 | 5.0
1.476804277451647 | 0 | 5.0
1.4271590510277758 | 0 | 5.0
1.4672865183200234 | 0 | 5.0
1.4699418878642665 | 0 | 5.0
1.4647474802600373 | 0 | 5.0
1.4553006326091613 | 0 | 5.0
1.4100344742310038 | 0 | 5.0
1.412614043964904 | 0 | 5.0
1.3707451383026727 | 0 | 5.0
1.36811561366786 | 0 | 5.0
1.3256725056732515 | 0 | 5.0
1.3329310899042506 | 0 | 5.0
1.3101131218630333 | 0 | 5.0
1.3129181247255017 | 0 | 5.0
1.322944576470342 | 0 | 5.0
1.3340075211570832 | 2 | -0.5
1.3481293522010787 | 2 | -0.5
1.3914713628972386 | 2 | -0.5
1.5805945959841188 | 2 | -0.5
1.7730481223356553 | 2 | -0.5
2.408616154238809 | 2 | -0.5
3.5452379065634156 | 2 | -0.5
8.105911436775566 | 2 | -0.5
11.56431881533695 | 2 | -0.5
8.29555110319106 | 2 | -0.5
4.483857490602643 | 2 | -0.5
3.286427780104486 | 2 | -0.5
2.6848819774660937 | 2 | -0.5
2.3902719488101254 | 2 | -0.5
2.221030481366859 | 2 | -0.5
2.1439031431314954 | 0 | 5.0
2.1547457525693434 | 0 | 5.0
2.1694729486707214 | 0 | 5.0
2.218885498642958 | 0 | 5.0
2.2247176762062546 | 0 | 5.0
2.252494529787651 | 2 | -0.5
2.2453718522626662 | 0 | 5.0
2.2277155797182315 | 0 | 5.0
2.2261989726014817 | 0 | 5.0
2.1910299774387214 | 0 | 5.0
2.205631606619366 | 0 | 5.0
2.1857799466676626 | 0 | 5.0
2.1222045316869522 | 0 | 5.0
2.1055803607518113 | 0 | 5.0
2.0833703052468557 | 0 | 5.0
2.085978364652692 | 0 | 5.0
2.071836022568227 | 0 | 5.0
2.033805081967789 | 0 | 5.0
2.0554797711788844 | 0 | 5.0
1.9897353594189395 | 0 | 5.0
2.018528635195251 | 0 | 5.0
1.9519263193866916 | 2 | -0.5
2.031788853416625 | 2 | -0.5
2.3626944574697024 | 2 | -0.5
2.8366471281931567 | 2 | -0.5
3.6982580142174197 | 2 | -0.5
5.727447573534863 | 2 | -0.5
12.975558051864969 | 2 | -0.5
12.89443077448462 | 2 | -0.5
4.877957064332015 | 2 | -0.5
2.9991483037620545 | 2 | -0.5
2.2225732739628277 | 2 | -0.5
1.80485033165681 | 2 | -0.5
1.5283501121947696 | 2 | -0.5
1.434418243623802 | 2 | -0.5
1.3708304603129322 | 0 | 5.0
1.406957336372425 | 2 | -0.5
1.3868009013203613 | 0 | 5.0
1.3942627070296347 | 0 | 5.0
1.3929178428054791 | 0 | 5.0
1.3791135910322054 | 0 | 5.0
1.3716202644410325 | 0 | 5.0
1.4170919566437097 | 0 | 5.0
1.4160841821364696 | 0 | 5.0
1.4392935451019113 | 0 | 5.0
1.4313231346135875 | 0 | 5.0
1.4735377261461196 | 0 | 5.0
1.4792566748068225 | 0 | 5.0
1.498379842306257 | 0 | 5.0
1.4950614936893756 | 0 | 5.0
1.4899231782507472 | 0 | 5.0
1.5165665855759456 | 0 | 5.0
1.5476530501164565 | 0 | 5.0
1.5403662722248226 | 0 | 5.0
1.5746322630426666 | 0 | 5.0
1.612816848862276 | 0 | 5.0
1.6266129894305543 | 0 | 5.0
1.6058767388932738 | 0 | 5.0
1.6595730566054674 | 0 | 5.0
1.728487901023704 | 0 | 5.0
1.7459567138936116 | 2 | -0.5
1.6905890482604233 | 0 | 5.0
1.7022552993318705 | 2 | -0.5
1.70799184745855 | 2 | -0.5
1.837165109594821 | 2 | -0.5
2.0228129419171914 | 2 | -0.5
2.4208582333999678 | 2 | -0.5
3.1072109881983336 | 2 | -0.5
4.452723855131613 | 2 | -0.5
9.485443628367191 | 2 | -0.5
12.588141356697616 | 2 | -0.5
7.3035955864353514 | 2 | -0.5
3.9868026706811226 | 2 | -0.5
3.0454990046931134 | 2 | -0.5
2.4104411618039134 | 2 | -0.5
2.1107039444315565 | 2 | -0.5
1.901765616956041 | 2 | -0.5
1.787397062337317 | 2 | -0.5
1.7459714695803783 | 0 | 5.0
1.804308355735053 | 0 | 5.0
1.7754902349033324 | 0 | 5.0
1.801136157446276 | 0 | 5.0
1.8418013641957554 | 0 | 5.0
1.8199042651790924 | 0 | 5.0
1.8576543121369962 | 0 | 5.0
1.8362083690897448 | 0 | 5.0
1.8378716065471126 | 0 | 5.0
1.8930996789796204 | 0 | 5.0
1.8521853987478274 | 0 | 5.0
1.878865050217437 | 0 | 5.0
1.879993544303756 | 0 | 5.0
1.8699521791222737 | 0 | 5.0
1.8972438313446374 | 0 | 5.0
1.8998103148192966 | 0 | 5.0
1.9195661677987754 | 0 | 5.0
1.9414749000481788 | 0 | 5.0
1.9286688199335618 | 0 | 5.0
1.9237116757407542 | 0 | 5.0
1.95250135462703 | 0 | 5.0
1.9633343357661226 | 0 | 5.0
1.9627285144955007 | 0 | 5.0
1.979970350811535 | 0 | 5.0
1.9584667242488356 | 0 | 5.0
1.972894146816117 | 0 | 5.0
1.9798067203528926 | 2 | -0.5
2.0170860417264076 | 2 | -0.5
2.1558635335092466 | 2 | -0.5
2.3183838945055357 | 2 | -0.5
2.7798915697437376 | 2 | -0.5
3.4289548051619505 | 2 | -0.5
5.113953076015457 | 2 | -0.5
13.225268487324916 | 2 | -0.5
13.030180789037221 | 2 | -0.5
6.158134388175293 | 2 | -0.5
3.2825018373708166 | 2 | -0.5
2.4453935867534256 | 2 | -0.5
1.8591866474212837 | 2 | -0.5
1.652909608143212 | 2 | -0.5
1.5716722349454368 | 2 | -0.5
1.406860116919465 | 2 | -0.5
1.4058123328885128 | 0 | 5.0
1.3452849773190647 | 0 | 5.0
1.4223430898441998 | 0 | 5.0
1.4410462577454726 | 0 | 5.0
1.4191714359102887 | 0 | 5.0
1.4102443570571648 | 0 | 5.0
1.4285161481511843 | 0 | 5.0
1.4649145950987037 | 0 | 5.0
1.4830786253943624 | 0 | 5.0
1.4725871628860894 | 0 | 5.0
1.4955383401376507 | 0 | 5.0
1.524299766623719 | 0 | 5.0
1.5383655370119602 | 0 | 5.0
1.5324909065356866 | 0 | 5.0
1.5885368486019922 | 0 | 5.0
1.6037711507546135 | 0 | 5.0
1.632706482590777 | 0 | 5.0
1.6736177860700623 | 0 | 5.0
1.7240383283335037 | 0 | 5.0
1.7365845584475939 | 2 | -0.5
1.7437097318287043 | 0 | 5.0
1.718398220277776 | 0 | 5.0
1.7226423514685232 | 0 | 5.0
1.7473022200852233 | 0 | 5.0
1.7637877030436582 | 0 | 5.0
1.762319962856733 | 0 | 5.0
1.7724183896651622 | 0 | 5.0
1.7897331550607913 | 0 | 5.0
1.8008660996732426 | 2 | -0.5
1.8600864490642763 | 2 | -0.5
1.935203502742163 | 2 | -0.5
2.1027938716301313 | 2 | -0.5
2.3740879671336734 | 2 | -0.5
2.880184136557116 | 2 | -0.5
3.9244240230747067 | 2 | -0.5
6.634295104015903 | 2 | -0.5
12.88456785523952 | 2 | -0.5
12.892796012613509 | 2 | -0.5
4.74636800508745 | 2 | -0.5
2.9736645117906715 | 2 | -0.5
2.243109374205537 | 2 | -0.5
1.93857222307662 | 2 | -0.5
1.8066459438987577 | 2 | -0.5
1.75175276870215 | 2 | -0.5
1.683450057755277 | 0 | 5.0
1.6812221516105263 | 0 | 5.0
1.6564916247055852 | 0 | 5.0
1.644680284576641 | 0 | 5.0
1.7206603211246856 | 0 | 5.0
1.685551241505554 | 0 | 5.0
1.6904159931746672 | 0 | 5.0
1.6630541947200062 | 0 | 5.0
1.6758936627245733 | 0 | 5.0
1.692609747899688 | 0 | 5.0
1.7175031120499926 | 0 | 5.0
1.699920095507505 | 0 | 5.0
1.7275631750861105 | 0 | 5.0
1.7744190509531172 | 0 | 5.0
1.7691530904018087 | 0 | 5.0
1.8047376731414744 | 0 | 5.0
1.8268383925631857 | 0 | 5.0
1.8545285170895265 | 0 | 5.0
1.8589986324113015 | 0 | 5.0
1.9390333139166174 | 0 | 5.0
1.876212119367138 | 0 | 5.0
1.9325022535384446 | 0 | 5.0
1.9804021235275893 | 0 | 5.0
1.9483661280709916 | 0 | 5.0
1.9537780658698765 | 0 | 5.0
1.9586907909950475 | 0 | 5.0
2.0536938697078937 | 0 | 5.0
2.0128024719957565 | 2 | -0.5
2.0301993061599304 | 2 | -0.5
2.085534169493195 | 2 | -0.5
2.28433721225242 | 2 | -0.5
2.660096481693621 | 2 | -0.5
3.385930600134412 | 2 | -0.5
4.962997069011626 | 2 | -0.5
9.420926013090035 | 2 | -0.5
13.137095470284711 | 2 | -0.5
5.4737971384698625 | 2 | -0.5
2.75350639346918 | 2 | -0.5
1.9498983477078837 | 2 | -0.5
1.6431111892240748 | 2 | -0.5
1.4268011643700287 | 2 | -0.5
1.3655007183428423 | 2 | -0.5
1.3366968908238908 | 0 | 5.0
1.3580738087873452 | 0 | 5.0
1.3320746055326136 | 0 | 5.0
1.371757206359286 | 0 | 5.0
1.3596246180677762 | 0 | 5.0
1.3926924210858533 | 0 | 5.0
1.4140933174024974 | 0 | 5.0
1.4016923821895997 | 0 | 5.0
1.3965373456841879 | 0 | 5.0
1.4456067772552368 | 0 | 5.0
1.438654657210276 | 0 | 5.0
1.4884654153085308 | 0 | 5.0
1.475261485749187 | 0 | 5.0
1.492935631933484 | 0 | 5.0
1.5494943802888927 | 0 | 5.0
1.5464061041604342 | 0 | 5.0
1.6290628983482032 | 0 | 5.0
1.6073838806596359 | 0 | 5.0
1.6444647204242369 | 0 | 5.0
1.667731235161294 | 0 | 5.0
1.6890926423734642 | 0 | 5.0
1.7181323285394996 | 0 | 5.0
1.7680138801819114 | 0 | 5.0
1.8290592360626354 | 0 | 5.0
1.8371312835746019 | 0 | 5.0
1.9201786531371552 | 0 | 5.0
1.891207898667731 | 0 | 5.0
1.9580091006011395 | 2 | -0.5
1.919257850961874 | 0 | 5.0
1.9058237285779325 | 0 | 5.0
1.9657851362291403 | 2 | -0.5
1.9405611173043522 | 2 | -0.5
2.0359201065853765 | 2 | -0.5
2.2378807891559918 | 2 | -0.5
2.5461192124142302 | 2 | -0.5
3.0866118044246535 | 2 | -0.5
4.3943005432226165 | 2 | -0.5
7.3571077836725856 | 2 | -0.5
12.960304885773212 | 2 | -0.5
7.969950504009799 | 2 | -0.5
3.5464109750684663 | 2 | -0.5
2.4256520205094834 | 2 | -0.5
1.9931231086299601 | 2 | -0.5
1.795352162802033 | 2 | -0.5
1.6100650872620816 | 2 | -0.5
1.567332428973728 | 2 | -0.5
1.4790278288388565 | 0 | 5.0
1.5515116495591943 | 0 | 5.0
1.5338612622720007 | 0 | 5.0
1.565837620870521 | 0 | 5.0
1.5276435577846805 | 0 | 5.0
1.5466164517388838 | 0 | 5.0
1.527855920613687 | 0 | 5.0
1.4930152071450578 | 0 | 5.0
1.5083785763729727 | 0 | 5.0
1.4807658464644193 | 0 | 5.0
1.5030511989980821 | 0 | 5.0
1.5034832998328516 | 0 | 5.0
1.512248108216042 | 0 | 5.0
1.5041647014560937 | 0 | 5.0
1.4746782744311664 | 0 | 5.0
1.5088464817543359 | 0 | 5.0
1.4942073090029075 | 0 | 5.0
1.481100108762161 | 0 | 5.0
1.5040505902641081 | 0 | 5.0
1.5016047071627248 | 0 | 5.0
1.4258069920321914 | 0 | 5.0
1.4860258948021101 | 0 | 5.0
1.4580187668250773 | 2 | -0.5
1.5010125724364038 | 2 | -0.5
1.6109200925866534 | 2 | -0.5
1.7691301872112695 | 2 | -0.5
2.1149503340925153 | 2 | -0.5
2.7294047148802494 | 2 | -0.5
4.196235902667576 | 2 | -0.5
8.333339954165028 | 2 | -0.5
11.989500318133471 | 2 | -0.5
8.065199873501925 | 2 | -0.5
3.8631814690436435 | 2 | -0.5
2.936065130089132 | 2 | -0.5
2.3783761579118257 | 2 | -0.5
2.139583310740872 | 2 | -0.5
1.9822044916424066 | 2 | -0.5
1.9130853701556665 | 0 | 5.0
1.9271447394443564 | 0 | 5.0
1.9319636651678525 | 0 | 5.0
1.9489734658513507 | 0 | 5.0
1.9571200601637433 | 0 | 5.0
1.9721424934454694 | 0 | 5.0
1.9648018816979431 | 0 | 5.0
2.0207018130269856 | 0 | 5.0
1.9983262636253734 | 0 | 5.0
2.0398450169854194 | 0 | 5.0
2.0538919745170374 | 0 | 5.0
2.0670163113808315 | 0 | 5.0
2.043573946752392 | 0 | 5.0
2.081021861345878 | 0 | 5.0
2.0720282292203707 | 0 | 5.0
2.096653895684386 | 0 | 5.0
2.117684123579247 | 0 | 5.0
2.1078068001888495 | 0 | 5.0
2.126114927171703 | 0 | 5.0
2.1308022990652162 | 0 | 5.0
2.1651212749783726 | 0 | 5.0
2.202498813916552 | 0 | 5.0
2.1594476550788895 | 0 | 5.0
2.2848455965920085 | 2 | -0.5
2.2231687854755475 | 0 | 5.0
2.2166713118218957 | 0 | 5.0
2.1815566615320114 | 0 | 5.0
2.156544735965667 | 2 | -0.5
2.2387198020845567 | 2 | -0.5
2.440559440634346 | 2 | -0.5
2.7185318213488925 | 2 | -0.5
3.1753984199106053 | 2 | -0.5
3.880538431179174 | 2 | -0.5
5.787047662707711 | 2 | -0.5
13.667023189388283 | 2 | -0.5
13.599116227645464 | 2 | -0.5
4.266570556191937 | 2 | -0.5
2.559841978077731 | 2 | -0.5
1.8938293398475765 | 2 | -0.5
1.564622434058189 | 2 | -0.5
1.4206269134307647 | 2 | -0.5
1.2798529848046625 | 2 | -0.5
1.2738181573119232 | 0 | 5.0
1.27300959457241 | 0 | 5.0
1.2775060179811464 | 0 | 5.0
1.295636301731735 | 0 | 5.0
1.3115052251277053 | 0 | 5.0
1.3719686180185164 | 0 | 5.0
1.3651207192892862 | 0 | 5.0
1.3727922408207331 | 0 | 5.0
1.3795456501387695 | 0 | 5.0
1.414039706552902 | 0 | 5.0
1.417753179457923 | 0 | 5.0
1.3925507686488 | 0 | 5.0
1.4284862450627178 | 0 | 5.0
1.4233940275763863 | 0 | 5.0
1.4096010624653788 | 0 | 5.0
1.4157612357796285 | 0 | 5.0
1.4667188687993875 | 0 | 5.0
1.4825364868324578 | 0 | 5.0
1.4745402845269842 | 0 | 5.0
1.4902044896872801 | 0 | 5.0
1.4999706698150541 | 0 | 5.0
1.5046827851629536 | 0 | 5.0
1.5638517976405388 | 0 | 5.0
1.547417870070028 | 0 | 5.0
1.5255780963539984 | 0 | 5.0
1.5679877227607668 | 0 | 5.0
1.5797781956784163 | 0 | 5.0
1.554433111896509 | 2 | -0.5
1.6416091683575358 | 2 | -0.5
1.6753767201844005 | 2 | -0.5
1.8776422466609568 | 2 | -0.5
2.1603256974672385 | 2 | -0.5
2.6989660068979537 | 2 | -0.5
3.6692494825642163 | 2 | -0.5
7.762204201428093 | 2 | -0.5
12.260449778740538 | 2 | -0.5
7.6894592195004465 | 2 | -0.5
4.548180268870526 | 2 | -0.5
3.3519623303914243 | 2 | -0.5
2.6514206557113513 | 2 | -0.5
2.2543547096476995 | 2 | -0.5
2.0832362782644434 | 2 | -0.5
1.9400422380572124 | 2 | -0.5
1.9296628582550068 | 0 | 5.0
1.9487900289019564 | 0 | 5.0
1.9442439984691993 | 0 | 5.0
1.9453799717487195 | 0 | 5.0
1.9812563289029217 | 0 | 5.0
1.955022431381837 | 0 | 5.0
2.0021040340885063 | 0 | 5.0
2.013330026181313 | 0 | 5.0
2.0489918951260533 | 2 | -0.5
2.0176490115535035 | 0 | 5.0
2.0086316460437086 | 0 | 5.0
2.049123144580754 | 0 | 5.0
2.006108545444201 | 0 | 5.0
1.9993284408211731 | 0 | 5.0
2.011053829886767 | 0 | 5.0
2.0183768051783195 | 0 | 5.0
1.95038057882797 | 0 | 5.0
2.011284212730534 | 0 | 5.0
1.995491585969927 | 0 | 5.0
1.9894995713881891 | 0 | 5.0
2.048068179945191 | 0 | 5.0
2.0394707780310326 | 0 | 5.0
2.032068108009589 | 0 | 5.0
2.05450070170249 | 0 | 5.0
2.0243536945429335 | 0 | 5.0
2.0417080652002992 | 2 | -0.5
2.1017445925751246 | 0 | 5.0
2.0600668845600487 | 2 | -0.5
2.1640934343329197 | 2 | -0.5
2.3959581767468667 | 2 | -0.5
2.8008384201428527 | 2 | -0.5
3.464609388157025 | 2 | -0.5
4.422959163783571 | 2 | -0.5
8.838808904293403 | 2 | -0.5
13.215619023556835 | 2 | -0.5
6.370190941793573 | 2 | -0.5
3.140814652053533 | 2 | -0.5
2.2626535060478954 | 2 | -0.5
1.8303560306963476 | 2 | -0.5
1.5601802772938074 | 2 | -0.5
1.4305861104632083 | 2 | -0.5
1.3649163529578183 | 0 | 5.0
1.4250998205533298 | 0 | 5.0
1.4431988811174663 | 0 | 5.0
1.4899649365170706 | 2 | -0.5
1.4619751156268945 | 0 | 5.0
1.450347601315507 | 0 | 5.0
1.5027998013612849 | 0 | 5.0
1.5164549618075087 | 0 | 5.0
1.4768231877911626 | 0 | 5.0
1.470197925086534 | 0 | 5.0
1.4500449996695215 | 0 | 5.0
1.4218967327946204 | 0 | 5.0
1.4267984668532845 | 0 | 5.0
1.4232159204065253 | 0 | 5.0
1.3776417060987125 | 0 | 5.0
1.3637422423488106 | 0 | 5.0
1.3566053516646241 | 0 | 5.0
1.389911873364982 | 0 | 5.0
1.3683608500199773 | 0 | 5.0
1.3113376326497794 | 0 | 5.0
1.2528309321428062 | 2 | -0.5
1.3673359692991784 | 2 | -0.5
1.5448570553707395 | 2 | -0.5
1.7793860251814766 | 2 | -0.5
2.1391508369527075 | 2 | -0.5
3.0417290184493218 | 2 | -0.5
5.330700452082301 | 2 | -0.5
11.110889834919726 | 2 | -0.5
11.212490624332151 | 2 | -0.5
6.336768048926275 | 2 | -0.5
4.016189113062463 | 2 | -0.5
3.0799821187212593 | 2 | -0.5
2.548914253796166 | 2 | -0.5
2.302559107361946 | 2 | -0.5
2.208339814634942 | 2 | -0.5
2.1611040938349824 | 0 | 5.0
2.176173540192092 | 0 | 5.0
2.169689494304984 | 0 | 5.0
2.1825257506578635 | 0 | 5.0
2.185470578866152 | 0 | 5.0
2.225914051656829 | 0 | 5.0
2.2238766972492985 | 0 | 5.0
2.210551487906734 | 0 | 5.0
2.215256909226144 | 0 | 5.0
2.2364690872935014 | 0 | 5.0
2.2308458075718414 | 0 | 5.0
2.2590687588219316 | 0 | 5.0
2.326951970495929 | 2 | -0.5
2.337487568437723 | 0 | 5.0
2.302929727878631 | 0 | 5.0
2.297935884544928 | 0 | 5.0
2.253905084992308 | 0 | 5.0
2.255800962989724 | 0 | 5.0
2.2312421998208496 | 0 | 5.0
2.2570003305320996 | 0 | 5.0
2.2526863445213 | 0 | 5.0
2.300319719993712 | 2 | -0.5
2.3015584922168606 | 0 | 5.0
2.2659617888945913 | 0 | 5.0
2.204319256215583 | 2 | -0.5
2.319820493683862 | 2 | -0.5
2.5511620833237556 | 2 | -0.5
2.933809666921198 | 2 | -0.5
3.500067353705582 | 2 | -0.5
4.518209595674877 | 2 | -0.5
6.951628763055739 | 2 | -0.5
13.89599883518816 | 2 | -0.5
13.863989301223846 | 2 | -0.5
4.462211804094035 | 2 | -0.5
2.6689790140225123 | 2 | -0.5
1.98231796850771 | 2 | -0.5
1.5801401291049544 | 2 | -0.5
1.414273623880296 | 2 | -0.5
1.3555673797029208 | 2 | -0.5
1.2909421673048431 | 0 | 5.0
1.3041343421472062 | 0 | 5.0
1.3585255035720196 | 2 | -0.5
1.3563157807169461 | 0 | 5.0
1.348856785552335 | 0 | 5.0
1.3112892285845592 | 0 | 5.0
1.3127406778007908 | 0 | 5.0
1.3326156872403587 | 0 | 5.0
1.3525528129935234 | 0 | 5.0
1.338275435222815 | 0 | 5.0
1.3688030414120569 | 0 | 5.0
1.3140855039747998 | 0 | 5.0
1.3790656247401445 | 0 | 5.0
1.3031713853213733 | 0 | 5.0
1.3069567339753876 | 0 | 5.0
1.307810845683917 | 0 | 5.0
1.2978231335784265 | 0 | 5.0
1.2647770531370888 | 0 | 5.0
1.2639849126592377 | 0 | 5.0
1.2298903467364746 | 0 | 5.0
1.1709733364168167 | 0 | 5.0
1.1873242274595106 | 0 | 5.0
1.1348886143434904 | 0 | 5.0
1.166661488496239 | 2 | -0.5
1.1829267265518304 | 2 | -0.5
1.3210703446538787 | 2 | -0.5
1.5321425323926867 | 2 | -0.5
1.933067077659765 | 2 | -0.5
2.794903467169113 | 2 | -0.5
5.369859617843041 | 2 | -0.5
10.948794654430985 | 2 | -0.5
9.674402140061646 | 2 | -0.5
5.648235880983922 | 2 | -0.5
3.8926721052393924 | 2 | -0.5
3.1758732356034884 | 2 | -0.5
2.868455823771708 | 2 | -0.5
2.5442639753207534 | 2 | -0.5
2.432399922953767 | 2 | -0.5
2.374502346598551 | 0 | 5.0
2.359074108997894 | 0 | 5.0
2.390064370697647 | 0 | 5.0
2.3800428455012312 | 0 | 5.0
2.3847097812314364 | 0 | 5.0
2.4139728127113314 | 0 | 5.0
2.397670303553621 | 0 | 5.0
2.4013203547989446 | 0 | 5.0
2.388795756900216 | 0 | 5.0
2.3818437879291148 | 0 | 5.0
2.367806592013954 | 0 | 5.0
2.3916155889089667 | 0 | 5.0
2.3752489040968348 | 0 | 5.0
2.387013190437969 | 0 | 5.0
2.362149213319118 | 0 | 5.0
2.379423870272196 | 0 | 5.0
2.403037678164139 | 0 | 5.0
2.3716957978060713 | 0 | 5.0
2.3641708900504805 | 0 | 5.0
2.4090369464785795 | 0 | 5.0
2.41189469275468 | 0 | 5.0
2.3781318258470314 | 0 | 5.0
2.4236908225670097 | 2 | -0.5
2.4322246663586338 | 0 | 5.0
2.3841259831887123 | 0 | 5.0
2.3994546239017183 | 2 | -0.5
2.534040551800635 | 2 | -0.5
2.764200858175258 | 2 | -0.5
3.146560931745464 | 2 | -0.5
3.874803131103151 | 2 | -0.5
5.444810583583919 | 2 | -0.5
9.76227742032053 | 2 | -0.5
14.279158570648557 | 2 | -0.5
4.193531837861772 | 2 | -0.5
2.1770737174337738 | 2 | -0.5
1.4689380205422042 | 2 | -0.5
1.3149808853219072 | 2 | -0.5
1.1323254533367613 | 2 | -0.5
1.0633431636004447 | 2 | -0.5
0.9914905859235852 | 0 | 5.0
1.0244901755651332 | 0 | 5.0
1.0781074186688373 | 2 | -0.5
1.0605378320662597 | 0 | 5.0
1.079479104100251 | 0 | 5.0
1.1212122325594562 | 0 | 5.0
1.1303625378986568 | 0 | 5.0
1.1116637532725828 | 0 | 5.0
1.1597178831615997 | 0 | 5.0
1.1611268250188818 | 0 | 5.0
1.1393534740544036 | 0 | 5.0
1.1048130148153796 | 0 | 5.0
1.1391496649513517 | 0 | 5.0
1.1560812749097547 | 0 | 5.0
1.1402273033859036 | 0 | 5.0
1.127077705993286 | 0 | 5.0
1.1099147770410107 | 0 | 5.0
1.1287481076566048 | 0 | 5.0
1.056114137769979 | 0 | 5.0
1.1053847239832066 | 0 | 5.0
1.0872863146453824 | 0 | 5.0
1.0616128281817747 | 0 | 5.0
1.0527628014308428 | 0 | 5.0
1.0367643299298426 | 0 | 5.0
1.020060160726005 | 2 | -0.5
1.0842682506989343 | 2 | -0.5
1.1737792233311974 | 2 | -0.5
1.2770547902012699 | 2 | -0.5
1.5343856320715807 | 2 | -0.5
2.061685677485966 | 2 | -0.5
3.1218504812346812 | 2 | -0.5
10.724983951479278 | 2 | -0.5
10.692333706891024 | 2 | -0.5
8.324560237851522 | 2 | -0.5
4.96822458746141 | 2 | -0.5
3.8242625635089422 | 2 | -0.5
3.0001469865158135 | 2 | -0.5
2.7208529307126605 | 2 | -0.5
2.4983037526295795 | 2 | -0.5
2.405235048326047 | 2 | -0.5
2.3726395737254493 | 0 | 5.0
2.3255544367124075 | 0 | 5.0
2.323200870376417 | 0 | 5.0
2.328700340920782 | 0 | 5.0
2.3364693082950105 | 0 | 5.0
2.326778862792252 | 0 | 5.0
2.294370103022753 | 0 | 5.0
2.2986936106106906 | 0 | 5.0
2.2463237335969652 | 0 | 5.0
2.241555469133072 | 0 | 5.0
2.239807766895747 | 0 | 5.0
2.1716459042564695 | 0 | 5.0
2.1426247484429477 | 0 | 5.0
2.1295727297959 | 0 | 5.0
2.0827561348953405 | 0 | 5.0
2.075933543009861 | 0 | 5.0
2.0385573470040486 | 0 | 5.0
1.9987118233169436 | 2 | -0.5
2.1053258818913503 | 2 | -0.5
2.3565798672872744 | 2 | -0.5
2.7349190712847737 | 2 | -0.5
3.316260544701098 | 2 | -0.5
4.643616551022467 | 2 | -0.5
9.142718805935548 | 2 | -0.5
13.06942974868941 | 2 | -0.5
6.322370436181753 | 2 | -0.5
3.385718715488304 | 2 | -0.5
2.473577970646453 | 2 | -0.5
2.026079323183295 | 2 | -0.5
1.757190572929548 | 2 | -0.5
1.6272893292416977 | 2 | -0.5
1.5360442650069142 | 2 | -0.5
1.4758230878463119 | 0 | 5.0
1.5371771766848739 | 0 | 5.0
1.4909583612886002 | 0 | 5.0
1.4778278157102507 | 0 | 5.0
1.4375452463995377 | 0 | 5.0
1.4363710857991272 | 0 | 5.0
1.4065620913744923 | 0 | 5.0
1.4106214917675632 | 0 | 5.0
1.4344094677780097 | 0 | 5.0
1.4236401029855679 | 0 | 5.0
1.4456195457167837 | 0 | 5.0
1.4225083356072368 | 0 | 5.0
1.4639777951035322 | 0 | 5.0
1.418100978878718 | 0 | 5.0
1.489589383748516 | 0 | 5.0
1.4068953295844855 | 0 | 5.0
1.4739800888200432 | 0 | 5.0
1.4535808486879946 | 0 | 5.0
1.5039589823626942 | 0 | 5.0
1.494415354063948 | 0 | 5.0
1.5127799519685445 | 0 | 5.0
1.4919118337878208 | 0 | 5.0
1.4933666091051132 | 2 | -0.5
1.5516742726483004 | 2 | -0.5
1.6325669940311398 | 2 | -0.5
1.7950890929231464 | 2 | -0.5
2.0397824872881034 | 2 | -0.5
2.5648720088681833 | 2 | -0.5
3.564314073687838 | 2 | -0.5
6.882663216255114 | 2 | -0.5
11.77866844872358 | 2 | -0.5
9.016233518577911 | 2 | -0.5
4.39116122890183 | 2 | -0.5
3.2501275931746325 | 2 | -0.5
2.661439132292724 | 2 | -0.5
2.2059850995735357 | 2 | -0.5
1.9926115580653778 | 2 | -0.5
1.8800355651603018 | 2 | -0.5
1.8252353646439554 | 0 | 5.0
1.8359801929329644 | 0 | 5.0
1.820688494202005 | 0 | 5.0
1.8440202615197259 | 0 | 5.0
1.8317531561463445 | 0 | 5.0
1.823614304268848 | 0 | 5.0
1.847070090838385 | 0 | 5.0
1.8798410128254444 | 0 | 5.0
1.880630681322416 | 0 | 5.0
Total reward: 2778.0
