0.5, 0.5, 0.0, 0.0, 0.0, 0.0, 0.0, 0.0, 0.0, 0.0, 0.0, 0.0, 0.0, 0.0, 0.0, 0.0, 0.0, 0.0, 0.0, 0.0, 0.5, 0.5
parameter ends

state | action | reward
[1.] | [1. 1.] | -2.3774258944451847
0.9968177004260623 | [1. 1.] | -2.3835548403905253
0.9805303977590155 | [0.99 0.99] | -2.3605753910561824
0.92421856841791 | [0.96 0.96] | -2.2459893021025388
0.79039250870328 | [0.9 0.9] | -1.964076598028121
0.5444445907242924 | [0.77 0.77] | -1.4826155857471963
0.1796545065430943 | [0.59 0.59] | -0.8860592088378274
-0.2576752063933179 | [0.37 0.37] | -0.39564289089237986
-0.6678144295106988 | [0.17 0.17] | -0.21251598294724924
-0.9370068218816205 | [0.03 0.03] | -0.20176765932634635
-0.9923017834176536 | [0. 0.] | -0.20639422571787877
-0.8270128885621354 | [0.09 0.09] | -0.22113708801267049
-0.4852851722104646 | [0.26 0.26] | -0.34176871178583934
-0.03520788679626186 | [0.48 0.48] | -0.6766777632709695
0.4405797159911321 | [0.72 0.72] | -1.246399119862282
0.8336167851538179 | [0.92 0.92] | -1.8823218616594892
0.9999989773616793 | [1. 1.] | -2.1902470507040315
0.7981015928356175 | [0.9 0.9] | -1.7970986202634451
0.21208133976783003 | [0.61 0.61] | -0.9132546453120535
-0.5160362360317585 | [0.24 0.24] | -0.304160632150577
-0.9678910972830622 | [0.02 0.02] | -0.20074067805222298
-0.8701728785308764 | [0.06 0.06] | -0.21904224669646116
-0.29383100072563234 | [0.35 0.35] | -0.462629796126582
0.4445608651332313 | [0.72 0.72] | -1.2499380041471384
0.9480985062317526 | [0.97 0.97] | -2.090176258406212
0.8705153092849114 | [0.94 0.94] | -1.9294095708480885
0.15843839138750263 | [0.58 0.58] | -0.8512696941647355
-0.7034113129324262 | [0.15 0.15] | -0.23801562051548475
-0.9874120187160239 | [0.01 0.01] | -0.20881514555409475
-0.4575222806413496 | [0.27 0.27] | -0.36043966072482947
0.43858681572144204 | [0.72 0.72] | -1.2390634428542173
0.9861448333890162 | [0.99 0.99] | -2.159654922490941
0.6730429061910512 | [0.84 0.84] | -1.5775811788140717
-0.3083527151426103 | [0.35 0.35] | -0.4274421438836119
-0.9839092849716091 | [0.01 0.01] | -0.20622592979939133
-0.6288675991054379 | [0.19 0.19] | -0.2822963061457127
0.3678893278065609 | [0.68 0.68] | -1.1391994362725195
0.9923646266207006 | [1. 1.] | -2.169605333164109
0.5469141392447028 | [0.77 0.77] | -1.3753131364623117
-0.5522403688863559 | [0.22 0.22] | -0.29491606667425685
-0.9811728453450782 | [0.01 0.01] | -0.21152693113469526
-0.2089455009638364 | [0.4 0.4] | -0.5230267059885046
0.8125143817000493 | [0.91 0.91] | -1.8343785613934973
0.8444436571559614 | [0.92 0.92] | -1.8790416701861263
-0.22892635443261924 | [0.39 0.39] | -0.4872498761882764
-0.9971063278485076 | [0. 0.] | -0.20964498818629587
-0.3828752181277571 | [0.31 0.31] | -0.40148696364066927
0.750333425759642 | [0.88 0.88] | -1.724026147092939
0.8568808339608331 | [0.93 0.93] | -1.9020136154890714
-0.2773615044815325 | [0.36 0.36] | -0.4531645215857082
Total reward: -52.59701762519556
0.5, 0.5, 0.0, 0.0, 0.0, 0.0, 0.0, 0.0, 0.0, 0.0, 0.0, 0.0, 0.0, 0.0, 0.0, 0.0, 0.0, 0.0, 0.0, 0.0, 0.5, 0.5
parameter ends

state | action | reward
[1.] | [1. 1.] | -2.150886324306163
0.9930075070247896 | [1. 1.] | -2.1292080564137117
0.9722934283021232 | [0.99 0.99] | -2.069387262537613
0.9091150300368761 | [0.95 0.95] | -1.936018949610455
0.7672464869448143 | [0.88 0.88] | -1.6891746369519043
0.5145372935916106 | [0.76 0.76] | -1.3057114228536446
0.14750565139685548 | [0.57 0.57] | -0.8387033808485638
-0.28533873467926824 | [0.36 0.36] | -0.42644270398429196
-0.6853310730335858 | [0.16 0.16] | -0.17661583739504583
-0.943154082967099 | [0.03 0.03] | -0.08582259053537745
-0.9907544506744327 | [0. 0.] | -0.07634459003727573
-0.8237132312339338 | [0.09 0.09] | -0.09227821092990172
-0.4853024685432062 | [0.26 0.26] | -0.20608648583478395
-0.04090672400855584 | [0.48 0.48] | -0.5312302467471972
0.4303289486501558 | [0.72 0.72] | -1.096998633200245
0.8239512176131365 | [0.91 0.91] | -1.7457322433321572
0.9996907482024278 | [1. 1.] | -2.092559552263069
0.8156305686024611 | [0.91 0.91] | -1.7502752391485596
0.2465891744884018 | [0.62 0.62] | -0.8815455683307789
-0.4812964188986374 | [0.26 0.26] | -0.23345921084866889
-0.9561175332644658 | [0.02 0.02] | -0.08805634748408035
-0.8916550294746103 | [0.05 0.05] | -0.08045667311878849
-0.33914020641881953 | [0.33 0.33] | -0.28767541010721204
0.3979674932267275 | [0.7 0.7] | -1.0533036200889776
0.9285386546173988 | [0.96 0.96] | -1.95001527680394
0.8999068907182585 | [0.95 0.95] | -1.9070543009913
0.2266641973017341 | [0.61 0.61] | -0.8562185836037208
-0.6491500487590931 | [0.18 0.18] | -0.15510925997443675
-0.9965202978593771 | [0. 0.] | -0.07763296200528715
-0.5238316930193025 | [0.24 0.24] | -0.18266784638045802
0.3668866643388858 | [0.68 0.68] | -1.0123567071145705
0.9689272607244667 | [0.98 0.98] | -2.0334164037963554
0.7366986140699042 | [0.87 0.87] | -1.6126586614805496
-0.21635461649937562 | [0.39 0.39] | -0.4057222501168077
-0.9617859204642836 | [0.02 0.02] | -0.08211280325279377
-0.701739267688132 | [0.15 0.15] | -0.11388912234397672
0.27439365546523425 | [0.64 0.64] | -0.8905824076937134
0.9744030812133918 | [0.99 0.99] | -2.0462352013361937
0.6351444613217909 | [0.82 0.82] | -1.4415190156785154
-0.45344199433711185 | [0.27 0.27] | -0.24298193428183612
-0.9968950465656569 | [0. 0.] | -0.07431931567154927
-0.31975509072780256 | [0.34 0.34] | -0.30300212441892693
0.738950283597305 | [0.87 0.87] | -1.6021895500381573
0.9035753494488074 | [0.95 0.95] | -1.916081911790811
-0.10253496726340541 | [0.45 0.45] | -0.5004863580166931
-0.9787948228658165 | [0.01 0.01] | -0.07738463907265034
-0.4987642062070295 | [0.25 0.25] | -0.1962888790173275
0.658095194614279 | [0.83 0.83] | -1.464225129378476
0.9186230529498535 | [0.96 0.96] | -1.9449769175992002
-0.1395909195225015 | [0.43 0.43] | -0.46641461435691417
Total reward: -46.57951537312363
0.5, 0.5, 0.0, 0.0, 0.0, 0.0, 0.0, 0.0, 0.0, 0.0, 0.0, 0.0, 0.0, 0.0, 0.0, 0.0, 0.0, 0.0, 0.0, 0.0, 0.5, 0.5
parameter ends

state | action | reward
[1.] | [1. 1.] | -2.0575010305675345
0.9903184390104065 | [1. 1.] | -2.0637539188520635
0.9672046867117466 | [0.98 0.98] | -2.0553097466942214
0.9003248777049287 | [0.95 0.95] | -1.9806288607010858
0.754174688988032 | [0.88 0.88] | -1.7712516674684418
0.4979675096024068 | [0.75 0.75] | -1.3953382102977225
0.12996179767839156 | [0.56 0.56] | -0.9158737077334381
-0.300223437453347 | [0.35 0.35] | -0.4820464141579117
-0.6946097106844706 | [0.15 0.15] | -0.21703620064715745
-0.9463178344317102 | [0.03 0.03] | -0.13765413509952948
-0.9898788110492551 | [0.01 0.01] | -0.1385142784454435
-0.8220124590284034 | [0.09 0.09] | -0.15268762295115768
-0.48548311787286863 | [0.26 0.26] | -0.26831054669721066
-0.044217043564618606 | [0.48 0.48] | -0.5960016943068813
0.42451765162733157 | [0.71 0.71] | -1.1612260027553107
0.81843770258998 | [0.91 0.91] | -1.8089598351228857
0.9992808684335103 | [1. 1.] | -2.1611262937069666
0.8250657397761775 | [0.91 0.91] | -1.829065501879736
0.26562866044607397 | [0.63 0.63] | -0.9576977648211566
-0.4616615877287008 | [0.27 0.27] | -0.2891074223436356
-0.948805558573134 | [0.03 0.03] | -0.1337909390334641
-0.9027804844799264 | [0.05 0.05] | -0.13372287838706556
-0.36389314674965584 | [0.32 0.32] | -0.3384479869705599
0.37178759010327644 | [0.69 0.69] | -1.0903654542287446
0.9164814405837219 | [0.96 0.96] | -1.9976252361885702
0.9145570788457335 | [0.96 0.96] | -1.996509562761478
0.26381631182874343 | [0.63 0.63] | -0.9527201451325285
-0.6176627610409672 | [0.19 0.19] | -0.21114491865788645
-0.9991273656279928 | [0. 0.] | -0.12891101836339114
-0.5591753299557197 | [0.22 0.22] | -0.23259363741782552
0.32639431909277916 | [0.66 0.66] | -1.0311025108547218
0.9565929017097865 | [0.98 0.98] | -2.0774207902223796
0.769176521344494 | [0.88 0.88] | -1.725659304220968
-0.16482261179735191 | [0.42 0.42] | -0.4931337100008959
-0.9456385681523969 | [0.03 0.03] | -0.13136336752611283
-0.7391237043656564 | [0.13 0.13] | -0.16798748756536053
0.22171215788805732 | [0.61 0.61] | -0.8979393162063869
0.960119619403565 | [0.98 0.98] | -2.0849303674011357
0.6804133683471709 | [0.84 0.84] | -1.5697415355418238
-0.3964702220446864 | [0.3 0.3] | -0.32060117297424184
-0.999885607515757 | [5.72e-05 5.72e-05] | -0.12902407795704948
-0.3791080094410559 | [0.31 0.31] | -0.33528108508574106
0.694152407000409 | [0.85 0.85] | -1.5958676004290555
0.9303121304739932 | [0.97 0.97] | -2.0249964924693105
-0.032244241215299604 | [0.48 0.48] | -0.6117180226736291
-0.9615989421921932 | [0.02 0.02] | -0.1296882137915487
-0.5591827675686132 | [0.22 0.22] | -0.23761188049572496
0.6025432795499661 | [0.8 0.8] | -1.4444090208295453
0.9454086881563758 | [0.97 0.97] | -2.0539995249999317
-0.06256833924821684 | [0.47 0.47] | -0.5810513666992658
Total reward: -49.29844948033583
0.5, 0.5, 0.0, 0.0, 0.0, 0.0, 0.0, 0.0, 0.0, 0.0, 0.0, 0.0, 0.0, 0.0, 0.0, 0.0, 0.0, 0.0, 0.0, 0.0, 0.5, 0.5
parameter ends

state | action | reward
[1.] | [1. 1.] | -2.1098242750337883
0.9908059065809754 | [1. 1.] | -2.084838122782495
0.9680906979288859 | [0.98 0.98] | -2.025670579146994
0.9018174624262231 | [0.95 0.95] | -1.9112160740128425
0.756356625775299 | [0.88 0.88] | -1.6915969178437325
0.5006971170625948 | [0.75 0.75] | -1.326660321432799
0.13282012105892269 | [0.57 0.57] | -0.8710614553312689
-0.29782411913191914 | [0.35 0.35] | -0.46470987093893623
-0.6931347166664796 | [0.15 0.15] | -0.21544858688705854
-0.9458286772344885 | [0.03 0.03] | -0.11464619218454035
-0.9900107020911624 | [0. 0.] | -0.11007693428055784
-0.8222141388921109 | [0.09 0.09] | -0.1263816740710728
-0.48530646937104693 | [0.26 0.26] | -0.24007937605114493
-0.04347068227591209 | [0.48 0.48] | -0.5639448469426962
0.42569434137750634 | [0.71 0.71] | -1.1268004433061327
0.8195166831468793 | [0.91 0.91] | -1.774486927460254
0.9993723228488515 | [1. 1.] | -2.1279636999045897
0.8232997168009163 | [0.91 0.91] | -1.7982262695758005
0.2620623775277111 | [0.63 0.63] | -0.9319735438398364
-0.46534689839167426 | [0.27 0.27] | -0.26996681600120875
-0.9502073817492903 | [0.02 0.02] | -0.11526087124170546
-0.9007618638608444 | [0.05 0.05] | -0.10845375346779002
-0.35934219928861566 | [0.32 0.32] | -0.3077190104211851
0.3766265997888327 | [0.69 0.69] | -1.0597749777304866
0.9187604952926952 | [0.96 0.96] | -1.9673373589418595
0.9119577017851493 | [0.96 0.96] | -1.9639281095678305
0.25705016588968804 | [0.63 0.63] | -0.9242875615878335
-0.6234944456901463 | [0.19 0.19] | -0.19188570973844893
-0.9987806732649216 | [0. 0.] | -0.10586063111612797
-0.5528018319051091 | [0.22 0.22] | -0.20223139685336317
0.3338135919497855 | [0.67 0.67] | -1.0037689482918202
0.9589847617369082 | [0.98 0.98] | -2.0493624657105416
0.7634153542698848 | [0.88 0.88] | -1.6916998100471756
-0.1742176969683511 | [0.41 0.41] | -0.46806626605403995
-0.948776338304464 | [0.03 0.03] | -0.1104305411386774
-0.7324945809172186 | [0.13 0.13] | -0.13757709868631973
0.2313166528288125 | [0.62 0.62] | -0.8725587057741404
0.9629355952793281 | [0.98 0.98] | -2.058728002845233
0.6723987526552087 | [0.84 0.84] | -1.53450149963813
-0.4069054260839748 | [0.3 0.3] | -0.29727071808659256
-0.9996446839501475 | [0. 0.] | -0.10364638512881676
-0.368472738016988 | [0.32 0.32] | -0.30579663077003055
0.7024681022763195 | [0.85 0.85] | -1.5751463044563025
0.9257907989698302 | [0.96 0.96] | -1.9913310922837018
-0.044962566170807156 | [0.48 0.48] | -0.5822873138755732
-0.9650754690947904 | [0.02 0.02] | -0.1064141748957889
-0.5484665035756991 | [0.23 0.23] | -0.20689922074952813
0.6128084054529755 | [0.81 0.81] | -1.4258380413307474
0.9409587783286998 | [0.97 0.97] | -2.0206676886853367
-0.07650347792955735 | [0.46 0.46] | -0.5509943324203277
Total reward: -47.925297548563215
0.5, 0.5, 0.0, 0.0, 0.0, 0.0, 0.0, 0.0, 0.0, 0.0, 0.0, 0.0, 0.0, 0.0, 0.0, 0.0, 0.0, 0.0, 0.0, 0.0, 0.5, 0.5
parameter ends

state | action | reward
[1.] | [1. 1.] | -2.338503032913054
0.9965302486112172 | [1. 1.] | -2.330074665226302
0.9798209003281635 | [0.99 0.99] | -2.2841624490283285
0.9228322817338404 | [0.96 0.96] | -2.141906481317262
0.7881769312095636 | [0.89 0.89] | -1.834205514441472
0.5414764495198162 | [0.77 0.77] | -1.3371934411836537
0.1763447597221076 | [0.59 0.59] | -0.7395614071376765
-0.26064400198532717 | [0.37 0.37] | -0.3336273172738395
-0.6697954457595842 | [0.17 0.17] | -0.1789912917223152
-0.9377595376530133 | [0.03 0.03] | -0.14259424835981574
-0.9921017735863954 | [0. 0.] | -0.13889250766660066
-0.8264230632029848 | [0.09 0.09] | -0.15607841393111513
-0.4848306965628764 | [0.26 0.26] | -0.27539331469243583
-0.03518582151583527 | [0.48 0.48] | -0.6056679599284602
0.4401699500327283 | [0.72 0.72] | -1.170265853129049
0.833100966085974 | [0.92 0.92] | -1.803665129828033
0.9999959413819414 | [1. 1.] | -2.115189396527882
0.7992481315172867 | [0.9 0.9] | -1.73274566511703
0.21438639610373653 | [0.61 0.61] | -0.8601316842605324
-0.513690790305936 | [0.24 0.24] | -0.2542621593427419
-0.9671293160399008 | [0.02 0.02] | -0.14664081862090195
-0.8717566038203483 | [0.06 0.06] | -0.15666444833743762
-0.2971228778147876 | [0.35 0.35] | -0.38915944803100444
0.4411893261111003 | [0.72 0.72] | -1.1678303513367256
0.9467543807619195 | [0.97 0.97] | -2.011347066411058
0.8728312981613279 | [0.94 0.94] | -1.868064618564782
0.16359099349500353 | [0.58 0.58] | -0.8036548302474076
-0.6994500015234835 | [0.15 0.15] | -0.1873199886005513
-0.9882987692746639 | [0.01 0.01] | -0.14872020136495084
-0.46266722295281604 | [0.27 0.27] | -0.28660957566431033
0.43318742036268176 | [0.72 0.72] | -1.153600013776984
0.9850614797183704 | [0.99 0.99] | -2.0840989413341546
0.6781579778297224 | [0.84 0.84] | -1.5273091671995396
-0.30132734086443846 | [0.35 0.35] | -0.38123002103273546
-0.9825293446946817 | [0.01 0.01] | -0.14844841305827372
-0.6347473225940186 | [0.18 0.18] | -0.20993559470610262
0.3607237293495295 | [0.68 0.68] | -1.0516522759601825
0.9913383734248086 | [1. 1.] | -2.096000409508082
0.5540761078786282 | [0.78 0.78] | -1.3308779360546514
-0.5447433037694599 | [0.23 0.23] | -0.24619700579929477
-0.9828815048292123 | [0.01 0.01] | -0.148237569313629
-0.21776672712526166 | [0.39 0.39] | -0.44061561851388265
0.8071097976824054 | [0.9 0.9] | -1.748748448161094
0.8495853855192141 | [0.92 0.92] | -1.8285174962459403
-0.21905451009648055 | [0.39 0.39] | -0.44368031944073977
-0.9962722678638356 | [0. 0.] | -0.14856984858378441
-0.3922910309105815 | [0.3 0.3] | -0.32102104142482624
0.7434704704160974 | [0.87 0.87] | -1.6360233268197573
0.8623723085725318 | [0.93 0.93] | -1.8528823734216069
-0.2665898462424083 | [0.37 0.37] | -0.4094735375259946
Total reward: -49.14624263808799
0.5, 0.5, 0.0, 0.0, 0.0, 0.0, 0.0, 0.0, 0.0, 0.0, 0.0, 0.0, 0.0, 0.0, 0.0, 0.0, 0.0, 0.0, 0.0, 0.0, 0.5, 0.5
parameter ends

state | action | reward
[1.] | [1. 1.] | -2.2858541599511337
0.9927532008806245 | [1. 1.] | -2.269649986821157
0.971791080720819 | [0.99 0.99] | -2.20903316295841
0.9082257040236246 | [0.95 0.95] | -2.0497223417753303
0.7659006880625653 | [0.88 0.88] | -1.7311853904918655
0.5128029898526887 | [0.76 0.76] | -1.2416824561364197
0.14563498187110466 | [0.57 0.57] | -0.6912691354852045
-0.28696204352537885 | [0.36 0.36] | -0.32612386209993804
-0.686372453124516 | [0.16 0.16] | -0.15356574095298742
-0.9435243807809948 | [0.03 0.03] | -0.10175747574577587
-0.9906495924061888 | [0. 0.] | -0.09744996063998114
-0.823470915943607 | [0.09 0.09] | -0.1154762392843313
-0.4852164328414485 | [0.26 0.26] | -0.23301488452701086
-0.04112408280049492 | [0.48 0.48] | -0.5561788957046557
0.4298505128540248 | [0.71 0.71] | -1.11078191362509
0.8234692151138481 | [0.91 0.91] | -1.742281172034368
0.9996606326917189 | [1. 1.] | -2.074400312825355
0.8165086227176541 | [0.91 0.91] | -1.7293325729848443
0.2483642779824729 | [0.62 0.62] | -0.8706691521404447
-0.47946672933818363 | [0.26 0.26] | -0.2391823426241681
-0.9554518161993345 | [0.02 0.02] | -0.11103535264659838
-0.8927338754760391 | [0.05 0.05] | -0.11390225105130541
-0.3415091562549172 | [0.33 0.33] | -0.3155321244478301
0.3954746053629518 | [0.7 0.7] | -1.0588340743528464
0.9274190795054812 | [0.96 0.96] | -1.9328718862961936
0.9013666125589931 | [0.95 0.95] | -1.8872195913257044
0.2302659138994247 | [0.62 0.62] | -0.8517482566095618
-0.6461533241966901 | [0.18 0.18] | -0.17038632010478705
-0.9968482116783872 | [0. 0.] | -0.109462660658853
-0.5272985373016317 | [0.24 0.24] | -0.21100233500893467
0.3629826472656845 | [0.68 0.68] | -1.0119201332957772
0.9678157239986542 | [0.98 0.98] | -2.011097718750222
0.7399431773602317 | [0.87 0.87] | -1.6001167247034196
-0.21135614373340414 | [0.39 0.39] | -0.4149017231792842
-0.9603341913507393 | [0.02 0.02] | -0.11099226866309839
-0.7054771430552023 | [0.15 0.15] | -0.14415976113843462
0.2692813319554928 | [0.63 0.63] | -0.8882501096320984
0.9731429891081814 | [0.99 0.99] | -2.022021144796525
0.6396801321554565 | [0.82 0.82] | -1.4350694068017236
-0.4479411637840135 | [0.28 0.28] | -0.26010291976267347
-0.9973665216088259 | [0. 0.] | -0.1079372186820355
-0.3256276648729133 | [0.34 0.34] | -0.3188934653561583
0.7346896731049766 | [0.87 0.87] | -1.5799919697806664
0.9063823760105303 | [0.95 0.95] | -1.9015724265168779
-0.09565275739783069 | [0.45 0.45] | -0.5137015682253933
-0.9773292692274176 | [0.01 0.01] | -0.10952589922130325
-0.5048096450435445 | [0.25 0.25] | -0.2161219116882256
0.6527828945279387 | [0.83 0.83] | -1.4414586012127109
0.9214840652464507 | [0.96 0.96] | -1.9310723633861955
-0.1320474243099946 | [0.43 0.43] | -0.48268499218240574
Total reward: -47.0921983382863
0.5, 0.5, 0.0, 0.0, 0.0, 0.0, 0.0, 0.0, 0.0, 0.0, 0.0, 0.0, 0.0, 0.0, 0.0, 0.0, 0.0, 0.0, 0.0, 0.0, 0.5, 0.5
parameter ends

state | action | reward
[1.] | [1. 1.] | -2.1470990949578495
0.9948457038198891 | [1. 1.] | -2.1657061284613284
0.9760385242953048 | [0.99 0.99] | -2.16677888826307
0.9157949226972015 | [0.96 0.96] | -2.0931957434873536
0.7773208726696059 | [0.89 0.89] | -1.872072447954756
0.5273965231487703 | [0.76 0.76] | -1.4666323938126808
0.16117045955867138 | [0.58 0.58] | -0.9414384103490516
-0.2737277742178542 | [0.36 0.36] | -0.4621678314335399
-0.6780958185777188 | [0.16 0.16] | -0.1860108899102293
-0.9406826897839877 | [0.03 0.03] | -0.1407765683334564
-0.9913803958618478 | [0. 0.] | -0.1425069813977767
-0.8248713752788794 | [0.09 0.09] | -0.15553990251248215
-0.4848509977146124 | [0.26 0.26] | -0.27399361874258527
-0.037895625373982895 | [0.48 0.48] | -0.6098343805110767
0.43531390397565245 | [0.72 0.72] | -1.1845944006810143
0.8285446478635773 | [0.91 0.91] | -1.832076929963631
0.999902653080393 | [1. 1.] | -2.1608884646266886
0.8076162976908404 | [0.9 0.9] | -1.788592729374785
0.2307491490722442 | [0.62 0.62] | -0.9001147463364871
-0.49732504401488986 | [0.25 0.25] | -0.2569545706588927
-0.9617241923990861 | [0.02 0.02] | -0.12712098835618704
-0.8820855573051702 | [0.06 0.06] | -0.13993120900762426
-0.3186304141800623 | [0.34 0.34] | -0.37792854834024414
0.41922991554042993 | [0.71 0.71] | -1.1646410080426481
0.9377614955130615 | [0.97 0.97] | -2.039129538698049
0.8870685893031092 | [0.94 0.94] | -1.9349827592935709
0.19597609988636386 | [0.6 0.6] | -0.8541203777360838
-0.6740998978624697 | [0.16 0.16] | -0.18020179632162944
-0.9931085408680977 | [0. 0.] | -0.13048940967113465
-0.4942911416926283 | [0.25 0.25] | -0.27329185726388655
0.39946646355947735 | [0.7 0.7] | -1.1382287478583395
0.9775060162737461 | [0.99 0.99] | -2.115796475454694
0.7088073395863875 | [0.85 0.85] | -1.6073225147101762
-0.2579868279896453 | [0.37 0.37] | -0.40539025316410005
-0.9728804433849809 | [0.01 0.01] | -0.1286332838800121
-0.6697808044514906 | [0.17 0.17] | -0.19838374752033963
0.316746707595836 | [0.66 0.66] | -1.0261737934304782
0.9837490765083359 | [0.99 0.99] | -2.1271022046345105
0.5964841398145555 | [0.8 0.8] | -1.4171397856274752
-0.4985532871941495 | [0.25 0.25] | -0.25276104230261165
-0.9914774422880188 | [0. 0.] | -0.13383324303849245
-0.27050395963603424 | [0.36 0.36] | -0.41930028543059794
0.7732078289303385 | [0.89 0.89] | -1.7338277424904591
0.878739599266942 | [0.94 0.94] | -1.9138739825993307
-0.15944818182907636 | [0.42 0.42] | -0.482443125775906
-0.9890723461880101 | [0.01 0.01] | -0.13122812877602943
-0.4477681173165811 | [0.28 0.28] | -0.30406481910778016
0.700844767525944 | [0.85 0.85] | -1.6081819893080664
0.8930365268188852 | [0.95 0.95] | -1.9401236656447785
-0.2017162116780926 | [0.4 0.4] | -0.44675952725387535
Total reward: -49.699380972507846
0.5, 0.5, 0.0, 0.0, 0.0, 0.0, 0.0, 0.0, 0.0, 0.0, 0.0, 0.0, 0.0, 0.0, 0.0, 0.0, 0.0, 0.0, 0.0, 0.0, 0.5, 0.5
parameter ends

state | action | reward
[1.] | [1. 1.] | -2.2562245649681634
0.9989433213313963 | [1. 1.] | -2.2707274157741373
0.986580223047469 | [0.99 0.99] | -2.2676197117205343
0.9364185863692779 | [0.97 0.97] | -2.185788361604252
0.8099366962312845 | [0.9 0.9] | -1.9466755842670191
0.5704066837116665 | [0.79 0.79] | -1.5075371937683226
0.2081750164749105 | [0.6 0.6] | -0.9340893358636722
-0.23263047607553738 | [0.38 0.38] | -0.41213245775799023
-0.6515840965979977 | [0.17 0.17] | -0.15175446812934504
-0.9310670960695159 | [0.03 0.03] | -0.13483293951813585
-0.9936425296561674 | [0. 0.] | -0.1337098915653175
-0.8304077167234407 | [0.08 0.08] | -0.14631455011568786
-0.48614775695400203 | [0.26 0.26] | -0.2669263081902944
-0.03130261968454713 | [0.48 0.48] | -0.6090732547298628
0.4484314437725843 | [0.72 0.72] | -1.1914306321268269
0.841137935196424 | [0.92 0.92] | -1.835071993065993
0.9998463498494946 | [1. 1.] | -2.131805487567842
0.7832864188276825 | [0.89 0.89] | -1.7099529074978814
0.18361201640396707 | [0.59 0.59] | -0.8099405830396267
-0.5439602522405861 | [0.23 0.23] | -0.21254469968940498
-0.976230605920189 | [0.01 0.01] | -0.11839311290017887
-0.8510601664952586 | [0.07 0.07] | -0.14233928006132532
-0.2557066969788307 | [0.37 0.37] | -0.4178182618765971
0.482522226508094 | [0.74 0.74] | -1.2412544551475921
0.9621234028470964 | [0.98 0.98] | -2.058782392891293
0.8431901356170473 | [0.92 0.92] | -1.817176711875547
0.10068251367838048 | [0.55 0.55] | -0.7135627823510069
-0.7458757475077519 | [0.13 0.13] | -0.14538809571495645
-0.9754906106318315 | [0.01 0.01] | -0.12900453395222206
-0.3999452875176656 | [0.3 0.3] | -0.32098740312564883
0.4967662916779275 | [0.75 0.75] | -1.2614880892184768
0.9953503806000835 | [1. 1.] | -2.1190375655707827
0.6151212729124907 | [0.81 0.81] | -1.4156123422047155
-0.3836500455795753 | [0.31 0.31] | -0.29945352598994474
-0.9952441026001 | [0. 0.] | -0.12548086301253955
-0.5629860219255455 | [0.22 0.22] | -0.23595408697572695
0.44391164394912674 | [0.72 0.72] | -1.1833416748882817
0.9993330303455799 | [1. 1.] | -2.1239215825295634
0.4671609244809861 | [0.73 0.73] | -1.1849135631474659
-0.6300047820571109 | [0.18 0.18] | -0.1825421247018829
-0.9577905910787097 | [0.02 0.02] | -0.1344310546314969
-0.1133903167812889 | [0.44 0.44] | -0.5359424956904457
0.8660839282091874 | [0.93 0.93] | -1.8734540383031333
0.7844157254651946 | [0.89 0.89] | -1.7040219454059446
-0.3329442078306709 | [0.33 0.33] | -0.3332890114351986
-0.9994325072639842 | [0. 0.] | -0.13085791067607125
-0.2801141509318391 | [0.36 0.36] | -0.4019881700393993
0.8184914702745513 | [0.91 0.91] | -1.7859817615314395
0.79219459885775 | [0.9 0.9] | -1.7172006624547596
-0.38977306715380056 | [0.31 0.31] | -0.2985709079227525
Total reward: -49.266342747186705
0.5, 0.5, 0.0, 0.0, 0.0, 0.0, 0.0, 0.0, 0.0, 0.0, 0.0, 0.0, 0.0, 0.0, 0.0, 0.0, 0.0, 0.0, 0.0, 0.0, 0.5, 0.5
parameter ends

state | action | reward
[1.] | [1. 1.] | -2.234639448021286
0.9904139609714915 | [1. 1.] | -2.2183111351314393
0.967384256881362 | [0.98 0.98] | -2.1578604223349065
0.9006376626544214 | [0.95 0.95] | -2.002825958492538
0.7546463020642339 | [0.88 0.88] | -1.6985170422517286
0.49857370848916494 | [0.75 0.75] | -1.2399771087582567
0.13061179917282842 | [0.57 0.57] | -0.7275244345381349
-0.29966459703650467 | [0.35 0.35] | -0.32836211526758385
-0.6942543325694368 | [0.15 0.15] | -0.12499403847941926
-0.9461919859090412 | [0.03 0.03] | -0.06321868160950297
-0.9899188549347555 | [0.01 0.01] | -0.05030850216550984
-0.8221146734275718 | [0.09 0.09] | -0.06857796172610783
-0.4855541210529825 | [0.26 0.26] | -0.18537471582927512
-0.04420512072267486 | [0.48 0.48] | -0.5055442846538544
0.4246101902936034 | [0.71 0.71] | -1.0558752159404616
0.8185485001254009 | [0.91 0.91] | -1.68718671863185
0.9992916626602562 | [1. 1.] | -2.0315460263360126
0.82485140930266 | [0.91 0.91] | -1.7072739903952256
0.2651786125740937 | [0.63 0.63] | -0.8552885292560586
-0.4621400511238484 | [0.27 0.27] | -0.20900053450651926
-0.9489924793180226 | [0.03 0.03] | -0.06834374127284326
-0.9025089278680202 | [0.05 0.05] | -0.06717180037801433
-0.3632684859070173 | [0.32 0.32] | -0.2544055255315022
0.37246249442849505 | [0.69 0.69] | -0.9800518959904988
0.9168045264830341 | [0.96 0.96] | -1.868865627973535
0.9141896106119329 | [0.96 0.96] | -1.8742346258481493
0.26284771407912655 | [0.63 0.63] | -0.8551196659634499
-0.6185055171349463 | [0.19 0.19] | -0.13930573108502842
-0.9990806936229879 | [0. 0.] | -0.06445548801600869
-0.5582486050883335 | [0.22 0.22] | -0.1500665956584477
0.32748201922042075 | [0.66 0.66] | -0.9176035743330081
0.9569488136170282 | [0.98 0.98] | -1.9482820881545604
0.7683300215177632 | [0.88 0.88] | -1.6132366179419444
-0.16621483586809901 | [0.42 0.42] | -0.41187504990420143
-0.9461103395430372 | [0.03 0.03] | -0.06746635288822712
-0.7381408355404377 | [0.13 0.13] | -0.08854060556826776
0.22314775667796805 | [0.61 0.61] | -0.7843670156111678
0.9605475372283891 | [0.98 0.98] | -1.9567082086482062
0.6792163108088191 | [0.84 0.84] | -1.4636876888378376
-0.39804193093965656 | [0.3 0.3] | -0.24760266162181346
-0.9998578329373587 | [7.11e-05 7.11e-05] | -0.06250144518011283
-0.3775068866270033 | [0.31 0.31] | -0.23860751294272636
0.6954147837223826 | [0.85 0.85] | -1.4688798646351853
0.929636844256339 | [0.96 0.96] | -1.909148086480153
-0.03417164550500027 | [0.48 0.48] | -0.5311194787824751
-0.9621368376155877 | [0.02 0.02] | -0.06511073335586036
-0.5575606671062487 | [0.22 0.22] | -0.14486692750339045
0.6041110047040503 | [0.8 0.8] | -1.3182150546382314
0.9447421530185129 | [0.97 0.97] | -1.9389434098715725
-0.06469297527763346 | [0.47 0.47] | -0.5028308843510289
Total reward: -45.1538208232931
0.5, 0.5, 0.0, 0.0, 0.0, 0.0, 0.0, 0.0, 0.0, 0.0, 0.0, 0.0, 0.0, 0.0, 0.0, 0.0, 0.0, 0.0, 0.0, 0.0, 0.5, 0.5
parameter ends

state | action | reward
[1.] | [1. 1.] | -2.2270319637888703
0.9993108629109375 | [1. 1.] | -2.2566083589040278
0.9967439017105355 | [1. 1.] | -2.2870035183103186
0.9623580335377959 | [0.98 0.98] | -2.2540652991488193
0.8555319436939486 | [0.93 0.93] | -2.0684481056074357
0.6345293466519498 | [0.82 0.82] | -1.666141381740528
0.28196803753637506 | [0.64 0.64] | -1.0913761226363357
-0.1647990174340636 | [0.42 0.42] | -0.5317113650191633
-0.6052044866540491 | [0.2 0.2] | -0.21915708225560293
-0.9124913006228776 | [0.04 0.04] | -0.1791064427999832
-0.9969955565707461 | [0. 0.] | -0.17705226604487753
-0.8427467387721288 | [0.08 0.08] | -0.18656251899841947
-0.4951511956347753 | [0.25 0.25] | -0.3037699232662805
-0.030105883454555116 | [0.48 0.48] | -0.6525308369111489
0.4594313467834317 | [0.73 0.73] | -1.2517688901027857
0.8536214109232685 | [0.93 0.93] | -1.9046189845324382
0.9986243884499799 | [1. 1.] | -2.1773811873331703
0.7536498610692054 | [0.88 0.88] | -1.7058449347428843
0.1274043748805336 | [0.56 0.56] | -0.7918009108235118
-0.5977711875778512 | [0.2 0.2] | -0.23322106601632164
-0.9892751332308471 | [0.01 0.01] | -0.15942740366668937
-0.8082982694507724 | [0.1 0.1] | -0.19071753836960248
-0.1755579645940859 | [0.41 0.41] | -0.5235611434884504
0.5591239534166849 | [0.78 0.78] | -1.4029828555475
0.9846094322855263 | [0.99 0.99] | -2.150037606932328
0.7773004098146149 | [0.89 0.89] | -1.744975552614977
-0.0232490897828059 | [0.49 0.49] | -0.6302757850083306
-0.8267166531231922 | [0.09 0.09] | -0.17086710256702445
-0.9371754822642125 | [0.03 0.03] | -0.17260703233188468
-0.27131434832308343 | [0.36 0.36] | -0.44990615009308926
0.6147253198948877 | [0.81 0.81] | -1.4904522379259517
0.9984356831743947 | [1. 1.] | -2.1715622242820825
0.47740569954898815 | [0.74 0.74] | -1.248528970245906
-0.5380259505456063 | [0.23 0.23] | -0.26009661830840153
-0.9967763144609704 | [0. 0.] | -0.16808677161292632
-0.40750487264109636 | [0.3 0.3] | -0.35973375885666525
0.5985371895429945 | [0.8 0.8] | -1.4638657708405378
0.9880577327350614 | [0.99 0.99] | -2.147179055418858
0.27895123139636185 | [0.64 0.64] | -0.9716673195034072
-0.7788830982282073 | [0.11 0.11] | -0.1821351538119268
-0.8756456972965038 | [0.06 0.06] | -0.18471947182354131
0.09844229668123947 | [0.55 0.55] | -0.7909193973786339
0.9536605445315667 | [0.98 0.98] | -2.085959830124344
0.6229119032539764 | [0.81 0.81] | -1.473953203094491
-0.5467221743540911 | [0.23 0.23] | -0.25774883895801004
-0.9624760856280866 | [0.02 0.02] | -0.17535296232032743
-0.04420157661265158 | [0.48 0.48] | -0.6443347432979311
0.9329406775602567 | [0.97 0.97] | -2.0455044722913227
0.6129698740055138 | [0.81 0.81] | -1.456834887020482
-0.616522445982576 | [0.19 0.19] | -0.2302910932236305
Total reward: -51.56948610994218
0.5, 0.5, 0.0, 0.0, 0.0, 0.0, 0.0, 0.0, 0.0, 0.0, 0.0, 0.0, 0.0, 0.0, 0.0, 0.0, 0.0, 0.0, 0.0, 0.0, 0.5, 0.5
parameter ends

state | action | reward
[1.] | [1. 1.] | -2.2080221971725496
0.9997135174758143 | [1. 1.] | -2.196434601399005
0.9955902693831741 | [1. 1.] | -2.1618305268360585
0.9586738582598581 | [0.98 0.98] | -2.0534269543799737
0.8486424313032277 | [0.92 0.92] | -1.8144089063114472
0.6245310036391453 | [0.81 0.81] | -1.4302320752032722
0.27020594055905256 | [0.64 0.64] | -0.9463741833362056
-0.1758195910026964 | [0.41 0.41] | -0.49156056100507595
-0.612898294766193 | [0.19 0.19] | -0.20170967323482203
-0.9156881288393017 | [0.04 0.04] | -0.09002775709137413
-0.996521024286415 | [0. 0.] | -0.07289031729283085
-0.8406364254837949 | [0.08 0.08] | -0.08785246800946689
-0.4934092503355581 | [0.25 0.25] | -0.20105098516485748
-0.029892610471805855 | [0.49 0.49] | -0.5386864345655209
0.45809582997691023 | [0.73 0.73] | -1.12992681417058
0.851946069419235 | [0.93 0.93] | -1.787258721364677
0.9988711604585181 | [1. 1.] | -2.0810587491049146
0.7580126997184511 | [0.88 0.88] | -1.6399089336812354
0.13559485731327592 | [0.57 0.57] | -0.7455676561471568
-0.59006323016347 | [0.2 0.2] | -0.18272823317492798
-0.9876777823765256 | [0.01 0.01] | -0.08906734931953783
-0.8149189304273274 | [0.09 0.09] | -0.09290621966415802
-0.18754778086665966 | [0.41 0.41] | -0.39642844344251826
0.5479613838901936 | [0.77 0.77] | -1.266991822797268
0.9818679582218954 | [0.99 0.99] | -2.0462747512625015
0.7878435856914024 | [0.89 0.89] | -1.6944935128730192
-0.004620039971089358 | [0.5 0.5] | -0.5963741299113797
-0.8154650839315145 | [0.09 0.09] | -0.11023121149104242
-0.9440258052207723 | [0.03 0.03] | -0.07914979023250886
-0.291044884938899 | [0.35 0.35] | -0.31739671583000706
0.5976622473710712 | [0.8 0.8] | -1.3480320693467998
0.9994594893301648 | [1. 1.] | -2.0878748003547942
0.4991790280786878 | [0.75 0.75] | -1.2242639257916759
-0.5156295440931892 | [0.24 0.24] | -0.21399171423609128
-0.9985709254577221 | [0. 0.] | -0.08022218366104976
-0.4319474622855036 | [0.28 0.28] | -0.22755877105906028
0.5762574885435497 | [0.79 0.79] | -1.315440240285535
0.9921158384692907 | [1. 1.] | -2.0764428666961883
0.3084760687387946 | [0.65 0.65] | -0.9571538093612715
-0.758399655676047 | [0.12 0.12] | -0.12040100111081965
-0.8907205360635797 | [0.05 0.05] | -0.07773416542890718
0.06637570761923627 | [0.53 0.53] | -0.6359840075034491
0.9431700314924506 | [0.97 0.97] | -1.9738006963548984
0.649835847387573 | [0.82 0.82] | -1.4614915164792945
-0.5159546244509441 | [0.24 0.24] | -0.21163633748084223
-0.9717533740534267 | [0.01 0.01] | -0.07438921140440988
-0.0805110743521713 | [0.46 0.46] | -0.4896141069346365
0.9189422195368745 | [0.96 0.96] | -1.927162512780937
0.6431646816942385 | [0.82 0.82] | -1.4508058789695188
-0.5844170313278135 | [0.21 0.21] | -0.17875884228645486
Total reward: -46.88302935299654
0.5, 0.5, 0.0, 0.0, 0.0, 0.0, 0.0, 0.0, 0.0, 0.0, 0.0, 0.0, 0.0, 0.0, 0.0, 0.0, 0.0, 0.0, 0.0, 0.0, 0.5, 0.5
parameter ends

state | action | reward
[1.] | [1. 1.] | -2.255886913514161
0.9917634928001459 | [1. 1.] | -2.2224587594313845
0.9698807537494939 | [0.98 0.98] | -2.133629376531503
0.904888007629196 | [0.95 0.95] | -1.9387111684433542
0.7608984715660672 | [0.88 0.88] | -1.5861265296737608
0.5064194253589684 | [0.75 0.75] | -1.2036463235335944
0.13882927284694574 | [0.57 0.57] | -0.8033172433289747
-0.2927825696984733 | [0.35 0.35] | -0.4523882186835352
-0.6900385050694042 | [0.15 0.15] | -0.24478967617039374
-0.9447950088248406 | [0.03 0.03] | -0.1615085536122842
-0.9902935494545286 | [0. 0.] | -0.15698625514473144
-0.8227204146069186 | [0.09 0.09] | -0.17417565760309933
-0.4851249657900241 | [0.26 0.26] | -0.288375631651114
-0.04219475992484107 | [0.48 0.48] | -0.6088551052522518
0.4278233336969998 | [0.71 0.71] | -1.164836987394147
0.8215043298258926 | [0.91 0.91] | -1.8046821666623112
0.9995265351692273 | [1. 1.] | -2.151905500324589
0.819959138598471 | [0.91 0.91] | -1.8208932884585285
0.2553252972550361 | [0.63 0.63] | -0.963609037786935
-0.472295515542641 | [0.26 0.26] | -0.31902031045447427
-0.9528127927583356 | [0.02 0.02] | -0.17602240125372073
-0.8968726873120196 | [0.05 0.05] | -0.16868421272770928
-0.35065363189077864 | [0.32 0.32] | -0.3615253773254939
0.3858303485919417 | [0.69 0.69] | -1.1046508848133672
0.9230318180199122 | [0.96 0.96] | -1.999154592573284
0.9068811691122513 | [0.95 0.95] | -1.9830226395447053
0.24406222565914 | [0.62 0.62] | -0.9514010473036926
-0.6345656820078152 | [0.18 0.18] | -0.2452405434262253
-0.9979550407109948 | [0. 0.] | -0.1670066696801705
-0.540492385969048 | [0.23 0.23] | -0.2568585744118855
0.34799364061238197 | [0.67 0.67] | -1.0529537003361722
0.9633928373729601 | [0.98 0.98] | -2.0818480124877214
0.7521712180352366 | [0.88 0.88] | -1.7069943038737005
-0.19222942536169302 | [0.4 0.4] | -0.5060156499984372
-0.9545510171673964 | [0.02 0.02] | -0.17171286541253325
-0.7195553569591479 | [0.14 0.14] | -0.1921650554312518
0.24972739442362504 | [0.62 0.62] | -0.9253491730310086
0.9680712627924752 | [0.98 0.98] | -2.0932943044143566
0.6567415012035654 | [0.83 0.83] | -1.5475331561257393
-0.4268474128345748 | [0.29 0.29] | -0.3428009975987187
-0.9988066461663024 | [0. 0.] | -0.163257501100306
-0.34785938612794837 | [0.33 0.33] | -0.3587525986498995
0.7182228365298806 | [0.86 0.86] | -1.6258898095960266
0.9166898091689135 | [0.96 0.96] | -2.006952301294452
-0.06945769293742661 | [0.47 0.47] | -0.6126510808419214
-0.9713172027292215 | [0.01 0.01] | -0.1671134354115166
-0.5275600464867382 | [0.24 0.24] | -0.25877760883854617
0.6323122345238628 | [0.82 0.82] | -1.4814430721176663
0.9318970312197005 | [0.97 0.97] | -2.0367326974710576
-0.10334217587239562 | [0.45 0.45] | -0.5814245287710118
Total reward: -49.78303149951741
0.5, 0.5, 0.0, 0.0, 0.0, 0.0, 0.0, 0.0, 0.0, 0.0, 0.0, 0.0, 0.0, 0.0, 0.0, 0.0, 0.0, 0.0, 0.0, 0.0, 0.5, 0.5
parameter ends

state | action | reward
[1.] | [1. 1.] | -2.126808418403902
0.9992413638884167 | [1. 1.] | -2.094556254912479
0.9877240861220968 | [0.99 0.99] | -2.02449090837081
0.9389440667055268 | [0.97 0.97] | -1.931245332427635
0.8141957020960261 | [0.91 0.91] | -1.774422028979209
0.5762979658724261 | [0.79 0.79] | -1.4471141638482397
0.2148999296981762 | [0.61 0.61] | -0.9875809732374615
-0.22647437424479286 | [0.39 0.39] | -0.543379741619364
-0.6473820923454815 | [0.18 0.18] | -0.2559673869250293
-0.9294001539232081 | [0.04 0.04] | -0.15645178421097253
-0.9940270678991838 | [0. 0.] | -0.15717362598313497
-0.8317387148679469 | [0.08 0.08] | -0.1714579406378379
-0.48734658683540577 | [0.26 0.26] | -0.2848477335947439
-0.03172414554275511 | [0.48 0.48] | -0.61974087019204
0.44885860438951247 | [0.72 0.72] | -1.2055386510806525
0.8418729831712534 | [0.92 0.92] | -1.8615808737202548
0.9998043969276258 | [1. 1.] | -2.175789224274026
0.7813346539845382 | [0.89 0.89] | -1.77060140994071
0.17971729298666034 | [0.59 0.59] | -0.8802502574090886
-0.547860889635608 | [0.23 0.23] | -0.2783277266301478
-0.9773407044531414 | [0.01 0.01] | -0.16329601678505273
-0.8481065299793521 | [0.08 0.08] | -0.16386968151381504
-0.2498572783786124 | [0.38 0.38] | -0.43210414894049526
0.4883425316553984 | [0.74 0.74] | -1.2675998639074355
0.96413768753862 | [0.98 0.98] | -2.1035179210125907
0.83861362110948 | [0.92 0.92] | -1.8748887325483548
0.09137062246816444 | [0.55 0.55] | -0.7779780958185974
-0.7524732729048109 | [0.12 0.12] | -0.19938555022060603
-0.9731864304250742 | [0.01 0.01] | -0.1542497146427175
-0.3903658796457712 | [0.3 0.3] | -0.3366963255919704
0.5061525343455044 | [0.75 0.75] | -1.2973661143329736
0.9964038320813399 | [1. 1.] | -2.1724104911554885
0.6051262665767702 | [0.8 0.8] | -1.4734225554997602
-0.39598675172361775 | [0.3 0.3] | -0.3565124680648353
-0.9964869092116853 | [0. 0.] | -0.15623877081812795
-0.5515530992614373 | [0.22 0.22] | -0.25113955481381534
0.45643057241468 | [0.73 0.73] | -1.2248118375543207
0.9997627134681905 | [1. 1.] | -2.1812185423626635
0.45322126615010094 | [0.73 0.73] | -1.239666900852479
-0.6426365236248281 | [0.18 0.18] | -0.23125338948583735
-0.9529142913052894 | [0.02 0.02] | -0.15224977683116242
-0.09699278358143129 | [0.45 0.45] | -0.5640631573460315
0.8744037878040598 | [0.94 0.94] | -1.933011519913137
0.7732685317393256 | [0.89 0.89] | -1.7575938657091128
-0.35040720298135564 | [0.32 0.32] | -0.382822278825363
-0.9986223012066786 | [0. 0.] | -0.15248231135857282
-0.2621158093370806 | [0.37 0.37] | -0.4274205756013367
0.8292404009840125 | [0.91 0.91] | -1.8492142257440811
0.7799580536930208 | [0.89 0.89] | -1.7693257720001176
-0.40864309394267695 | [0.3 0.3] | -0.34438081499067075
Total reward: -50.13751628063926
0.5, 0.5, 0.0, 0.0, 0.0, 0.0, 0.0, 0.0, 0.0, 0.0, 0.0, 0.0, 0.0, 0.0, 0.0, 0.0, 0.0, 0.0, 0.0, 0.0, 0.5, 0.5
parameter ends

state | action | reward
[1.] | [1. 1.] | -2.291688153052372
0.9983561963240777 | [1. 1.] | -2.2749691248182717
0.9981729784586488 | [1. 1.] | -2.2313825298401206
0.9676751372727364 | [0.98 0.98] | -2.1023682368317975
0.8658096691988818 | [0.93 0.93] | -1.8130424047445701
0.6496864299315056 | [0.82 0.82] | -1.3978784915406872
0.30000767230572495 | [0.65 0.65] | -0.9820270809700032
-0.14771464110233556 | [0.43 0.43] | -0.5604753051714247
-0.5931359109564676 | [0.2 0.2] | -0.28041375936252155
-0.9073802202734039 | [0.05 0.05] | -0.17806798674153373
-0.9976731032917352 | [0. 0.] | -0.17176511511820333
-0.8460963145165721 | [0.08 0.08] | -0.1828800632806384
-0.4980511182188892 | [0.25 0.25] | -0.2924988770264262
-0.030716088538210222 | [0.48 0.48] | -0.6295162739638589
0.4612037107882913 | [0.73 0.73] | -1.2222320489392176
0.8559953563746451 | [0.93 0.93] | -1.877456975812442
0.9982219510655537 | [1. 1.] | -2.159298037890112
0.747185723060627 | [0.87 0.87] | -1.7016154338773901
0.11530591132724845 | [0.56 0.56] | -0.8078919442037128
-0.609079668575638 | [0.2 0.2] | -0.2653322400436902
-0.9914426612468197 | [0. 0.] | -0.18270749294166647
-0.7982532071325048 | [0.1 0.1] | -0.19060305531275878
-0.15761823674231545 | [0.42 0.42] | -0.5127873954821389
0.5756337262759117 | [0.79 0.79] | -1.395141574352837
0.9883000025556206 | [0.99 0.99] | -2.1390472065213717
0.7610703258001372 | [0.88 0.88] | -1.728700766810087
-0.05117525930586604 | [0.47 0.47] | -0.6385561587738715
-0.8429871804002983 | [0.08 0.08] | -0.1979851519516306
-0.9261844733517622 | [0.04 0.04] | -0.17447334142688953
-0.24147266125395145 | [0.38 0.38] | -0.444730530529207
0.6398529790195124 | [0.82 0.82] | -1.4995657834695326
0.9958927342022418 | [1. 1.] | -2.1609972038727863
0.44406029336967284 | [0.72 0.72] | -1.2281375285373832
-0.5710219694354762 | [0.21 0.21] | -0.27982514993200985
-0.9927244200097387 | [0. 0.] | -0.17413076024199733
-0.37017103126369894 | [0.31 0.31] | -0.3555164918418121
0.6312486691514119 | [0.82 0.82] | -1.486358829183475
0.9803600606007683 | [0.99 0.99] | -2.1340619212487084
0.23392223662339218 | [0.62 0.62] | -0.9494036751591766
-0.8082350717086274 | [0.1 0.1] | -0.20217676199703552
-0.8512360483007424 | [0.07 0.07] | -0.17595512469085695
0.14657860493579494 | [0.57 0.57] | -0.8109721612944443
0.9675103582133403 | [0.98 0.98] | -2.1019299950390082
0.5808252045672309 | [0.79 0.79] | -1.4352502480147582
-0.5917666472661451 | [0.2 0.2] | -0.2695027869622492
-0.9460627557016323 | [0.03 0.03] | -0.16867935972468365
0.010659536072604546 | [0.51 0.51] | -0.6643742834863458
0.9516433091986845 | [0.98 0.98] | -2.071151612552819
0.5656061877520951 | [0.78 0.78] | -1.4121613689646748
-0.6630914386322804 | [0.17 0.17] | -0.24125059513353364
Total reward: -50.84893439867875
0.5, 0.5, 0.0, 0.0, 0.0, 0.0, 0.0, 0.0, 0.0, 0.0, 0.0, 0.0, 0.0, 0.0, 0.0, 0.0, 0.0, 0.0, 0.0, 0.0, 0.5, 0.5
parameter ends

state | action | reward
[1.] | [1. 1.] | -2.127903972212908
0.9993372105132738 | [1. 1.] | -2.105973336756524
0.9966815277131383 | [1. 1.] | -2.062441403103346
0.9621343935198847 | [0.98 0.98] | -1.9869126580776497
0.8550824818410753 | [0.93 0.93] | -1.8426837965351643
0.6338333392094512 | [0.82 0.82] | -1.526015701275514
0.2810941097761759 | [0.64 0.64] | -1.0541460639160463
-0.16567759133547394 | [0.42 0.42] | -0.5755767874114607
-0.6058700282695857 | [0.2 0.2] | -0.2538953920400339
-0.9127982018114545 | [0.04 0.04] | -0.13841245864023818
-0.9969453385619395 | [0. 0.] | -0.13698975403768895
-0.8424576783563954 | [0.08 0.08] | -0.14907986951830302
-0.4947715450460044 | [0.25 0.25] | -0.26058293140762373
-0.029753686351045243 | [0.49 0.49] | -0.602118556447028
0.45968350728702306 | [0.73 0.73] | -1.2018219623439894
0.8537406208048816 | [0.93 0.93] | -1.8646577935027113
0.998614810172428 | [1. 1.] | -2.154669167205899
0.7535585519028782 | [0.88 0.88] | -1.7018263664526558
0.1273108170378836 | [0.56 0.56] | -0.7985671955690923
-0.5978088397100152 | [0.2 0.2] | -0.2344687541531758
-0.9892748346178 | [0.01 0.01] | -0.14029475567858743
-0.8083281915433644 | [0.1 0.1] | -0.14905245798837508
-0.17565564651654036 | [0.41 0.41] | -0.4711267838877195
0.5590002504175996 | [0.78 0.78] | -1.3576993555858818
0.9845740099654859 | [0.99 0.99] | -2.1261779631942908
0.7774627125512398 | [0.89 0.89] | -1.7445145707337042
-0.022939318149730135 | [0.49 0.49] | -0.6372577277386162
-0.8265189505782794 | [0.09 0.09] | -0.1599765578092648
-0.9373086427125016 | [0.03 0.03] | -0.1334177896227907
-0.2717095539252387 | [0.36 0.36] | -0.397177140374941
0.61437089961738 | [0.81 0.81] | -1.4496304829618327
0.998463624373463 | [1. 1.] | -2.1586361921338333
0.47789776491758457 | [0.74 0.74] | -1.2557491480599197
-0.5375144304464026 | [0.23 0.23] | -0.25671073815857515
-0.9968268657454712 | [0. 0.] | -0.13287229464666803
-0.4080972716903229 | [0.3 0.3] | -0.30696599327598173
0.597994325982677 | [0.8 0.8] | -1.4250701684117915
0.9881696541402292 | [0.99 0.99] | -2.1399096382947294
0.27970607601634534 | [0.64 0.64] | -0.9796875217582183
-0.7783648807883494 | [0.11 0.11] | -0.16690940269902596
-0.8760508790834942 | [0.06 0.06] | -0.13729342139780465
0.09759549054320499 | [0.55 0.55] | -0.742563526394903
0.9533933472701234 | [0.98 0.98] | -2.0676699412111543
0.6236500984630001 | [0.81 0.81] | -1.4817377613666787
-0.5458924150472652 | [0.23 0.23] | -0.24946683784529988
-0.9627484198005805 | [0.02 0.02] | -0.13070926964779528
-0.04520937459008381 | [0.48 0.48] | -0.5949853787944326
0.9325666165241822 | [0.97 0.97] | -2.0273554012749777
0.6138331659333539 | [0.81 0.81] | -1.4652434016657978
-0.615626261803129 | [0.19 0.19] | -0.21748907689499236
Total reward: -49.48209462011564
0.5, 0.5, 0.0, 0.0, 0.0, 0.0, 0.0, 0.0, 0.0, 0.0, 0.0, 0.0, 0.0, 0.0, 0.0, 0.0, 0.0, 0.0, 0.0, 0.0, 0.5, 0.5
parameter ends

state | action | reward
[1.] | [1. 1.] | -2.2435594161479187
0.9993679565796072 | [1. 1.] | -2.269351040858858
0.9966159499958487 | [1. 1.] | -2.2931003064709654
0.9619295111176068 | [0.98 0.98] | -2.2507512212037932
0.8547202311710596 | [0.93 0.93] | -2.0538843603234556
0.633338221672618 | [0.82 0.82] | -1.6407699240918214
0.2805467086327912 | [0.64 0.64] | -1.0591249935980245
-0.16615500087891538 | [0.42 0.42] | -0.5011319161911155
-0.6061706248172084 | [0.2 0.2] | -0.20585048412004459
-0.9129012491163409 | [0.04 0.04] | -0.15858614445571745
-0.9969369503806667 | [0. 0.] | -0.15675698035656108
-0.8424750622346155 | [0.08 0.08] | -0.17042845773231505
-0.49491798757884103 | [0.25 0.25] | -0.290370054944423
-0.030059080903903555 | [0.48 0.48] | -0.6390673391429897
0.4592847754939404 | [0.73 0.73] | -1.2369070856049826
0.8534260241414905 | [0.93 0.93] | -1.8883512841644206
0.9986550295807656 | [1. 1.] | -2.1605213184679797
0.7541750495831202 | [0.88 0.88] | -1.689533310389646
0.12839212266977496 | [0.56 0.56] | -0.7765746873663452
-0.5968419892256259 | [0.2 0.2] | -0.21919301945030395
-0.9890873496084893 | [0.01 0.01] | -0.14667188675189033
-0.8091083040203447 | [0.1 0.1] | -0.17804877191682725
-0.1770193064803934 | [0.41 0.41] | -0.5087875441228048
0.5577676847252651 | [0.78 0.78] | -1.3856048752797743
0.984286521006285 | [0.99 0.99] | -2.1326213809478904
0.7786013203588046 | [0.89 0.89] | -1.7301570758249951
-0.0209709544818685 | [0.49 0.49] | -0.6169122710039809
-0.825357268465681 | [0.09 0.09] | -0.15787362827688423
-0.9380344855445102 | [0.03 0.03] | -0.16006833179300942
-0.2737372614785902 | [0.36 0.36] | -0.4344313146905422
0.6126487543604789 | [0.81 0.81] | -1.4713678792315268
0.9985898495026678 | [1. 1.] | -2.154750136895799
0.4800934418007769 | [0.74 0.74] | -1.236038722119781
-0.5352979606890251 | [0.23 0.23] | -0.24751494396167154
-0.9970351862757753 | [0. 0.] | -0.15561756556819342
-0.41052087829892525 | [0.29 0.29] | -0.3442715649102985
0.5958252588002565 | [0.8 0.8] | -1.4436166762204308
0.9886013333484146 | [0.99 0.99] | -2.1310789830626704
0.28259410637140064 | [0.64 0.64] | -0.9605528341702958
-0.7764093193799603 | [0.11 0.11] | -0.1696964423261734
-0.8775466182551189 | [0.06 0.06] | -0.17166646951497275
0.09450648519029889 | [0.55 0.55] | -0.7716228705819995
0.9524268504181401 | [0.98 0.98] | -2.0665743912000707
0.626264840147106 | [0.81 0.81] | -1.4629642691655924
-0.5429770739688913 | [0.23 0.23] | -0.24603310770852044
-0.9636861925397213 | [0.02 0.02] | -0.16263041563871686
-0.04867037563054275 | [0.48 0.48] | -0.6252257394577152
0.9312873657214948 | [0.97 0.97] | -2.025330656443063
0.6167363321880289 | [0.81 0.81] | -1.446646749401583
-0.612625285446414 | [0.19 0.19] | -0.2186667459494854
Total reward: -50.86685758921884
0.5, 0.5, 0.0, 0.0, 0.0, 0.0, 0.0, 0.0, 0.0, 0.0, 0.0, 0.0, 0.0, 0.0, 0.0, 0.0, 0.0, 0.0, 0.0, 0.0, 0.5, 0.5
parameter ends

state | action | reward
[1.] | [1. 1.] | -2.3713680516585502
0.9985704485766503 | [1. 1.] | -2.3626075262989965
0.98534957016948 | [0.99 0.99] | -2.3184196604217027
0.9338638122537862 | [0.97 0.97] | -2.17816115856392
0.8058284738996411 | [0.9 0.9] | -1.8692964773908285
0.5649800629267676 | [0.78 0.78] | -1.3637727485022866
0.20228425188504173 | [0.6 0.6] | -0.7598410815885938
-0.23770872907519788 | [0.38 0.38] | -0.38931555865326156
-0.6547875025864579 | [0.17 0.17] | -0.22435880135883787
-0.9321956432011951 | [0.03 0.03] | -0.18098926860145503
-0.9934221753241583 | [0. 0.] | -0.1721847066411896
-0.8299678557036397 | [0.09 0.09] | -0.18797967814130478
-0.48643483992307884 | [0.26 0.26] | -0.3055897771220486
-0.03272322079722918 | [0.48 0.48] | -0.6375048670768183
0.44617168829947584 | [0.72 0.72] | -1.2076427304071278
0.8391403003439776 | [0.92 0.92] | -1.844311171680939
0.9999202545231491 | [1. 1.] | -2.1477113762119395
0.7870842993627079 | [0.89 0.89] | -1.747896955869559
0.19074716281261872 | [0.6 0.6] | -0.8713056823731652
-0.5370992291825656 | [0.23 0.23] | -0.282341309467024
-0.9742964041188024 | [0.01 0.01] | -0.1828136390086848
-0.8558356407194536 | [0.07 0.07] | -0.1913627070660686
-0.26499770824102625 | [0.37 0.37] | -0.44143173836926486
0.4734290750630999 | [0.74 0.74] | -1.2430819226842997
0.9589442797820471 | [0.98 0.98] | -2.066789426649662
0.8499662107846738 | [0.92 0.92] | -1.8630015991416002
0.11453540058122386 | [0.56 0.56] | -0.7879935373806433
-0.7360015013052953 | [0.13 0.13] | -0.21511900264268424
-0.9786790961750769 | [0.01 0.01] | -0.18222295301207364
-0.41377260450175696 | [0.29 0.29] | -0.3429572382276623
0.48315016542072603 | [0.74 0.74] | -1.254715800504095
0.993610329809118 | [1. 1.] | -2.1348738822760303
0.6291625328799163 | [0.81 0.81] | -1.4860957818572988
-0.36606860286739185 | [0.32 0.32] | -0.377633012567706
-0.9931732930919531 | [0. 0.] | -0.18276367232973526
-0.578858911215838 | [0.21 0.21] | -0.2608310675326092
0.42626823547488346 | [0.71 0.71] | -1.1711511000817527
0.9983735953298619 | [1. 1.] | -2.145018061296531
0.48631024929899086 | [0.74 0.74] | -1.2684893099325651
-0.6122410648586912 | [0.19 0.19] | -0.2559666626058293
-0.9640958249360633 | [0.02 0.02] | -0.18037634527337704
-0.1359210194211882 | [0.43 0.43] | -0.5353529501908201
0.8542601951828779 | [0.93 0.93] | -1.8668295731837514
0.7992776201418468 | [0.9 0.9] | -1.7766730184505475
-0.3088846412262007 | [0.35 0.35] | -0.4170490488016192
-0.999967889701359 | [1.61e-05 1.61e-05] | -0.18119585845151656
-0.304481581033842 | [0.35 0.35] | -0.4055228872450871
0.8034080801784559 | [0.9 0.9] | -1.7738686699506385
0.8082986226158162 | [0.9 0.9] | -1.7939108613249057
-0.36393791338634857 | [0.32 0.32] | -0.3819023905581154
Total reward: -50.789592306626716
0.5, 0.5, 0.0, 0.0, 0.0, 0.0, 0.0, 0.0, 0.0, 0.0, 0.0, 0.0, 0.0, 0.0, 0.0, 0.0, 0.0, 0.0, 0.0, 0.0, 0.5, 0.5
parameter ends

state | action | reward
[1.] | [1. 1.] | -2.172699148601973
0.9975587112239691 | [1. 1.] | -2.1815391061873433
0.9824118056706127 | [0.99 0.99] | -2.1715303419874488
0.9278734712909643 | [0.96 0.96] | -2.0876507036233134
0.7961417077001238 | [0.9 0.9] | -1.8579757118271065
0.5519895785916551 | [0.78 0.78] | -1.4445906441546683
0.18786086899166518 | [0.59 0.59] | -0.9103833604601361
-0.25053866345321424 | [0.37 0.37] | -0.42051804351986943
-0.6632438720227117 | [0.17 0.17] | -0.12490421225647991
-0.9353693726017425 | [0.03 0.03] | -0.06462182469154418
-0.9926803238129245 | [0. 0.] | -0.07695280245527727
-0.827874983522824 | [0.09 0.09] | -0.08964196436948577
-0.4853124141307553 | [0.26 0.26] | -0.20872251596224398
-0.03378328030117244 | [0.48 0.48] | -0.5485898048401576
0.44316408171803473 | [0.72 0.72] | -1.1295578423663097
0.8360317757527361 | [0.92 0.92] | -1.7776846013105838
0.9999897317881538 | [1. 1.] | -2.091113407617298
0.7935279090980604 | [0.9 0.9] | -1.6919964282294342
0.20325608900029865 | [0.6 0.6] | -0.7949964509600219
-0.5247429519704202 | [0.24 0.24] | -0.1726599539757822
-0.9705975640031237 | [0.01 0.01] | -0.05891911334070258
-0.8644174711116529 | [0.07 0.07] | -0.0775488779214856
-0.2821722527727874 | [0.36 0.36] | -0.33914389615171836
0.45627439656140956 | [0.73 0.73] | -1.1513112792151765
0.9526121045104344 | [0.98 0.98] | -1.9984145811102703
0.8624330263780569 | [0.93 0.93] | -1.8171376596865982
0.14086954654921513 | [0.57 0.57] | -0.7176936452495039
-0.7166539741604178 | [0.14 0.14] | -0.0975769168990013
-0.984190703553945 | [0.01 0.01] | -0.06570652891597181
-0.4401711684734632 | [0.28 0.28] | -0.2382158764777918
0.45649307261791183 | [0.73 0.73] | -1.1526506208611313
0.989456668085083 | [0.99 0.99] | -2.0688456641801336
0.6558534544558237 | [0.83 0.83] | -1.4458204739827991
-0.3314501915359072 | [0.33 0.33] | -0.28242340809375277
-0.9880574249235436 | [0.01 0.01] | -0.06271716651493936
-0.6092882339888691 | [0.2 0.2] | -0.1566823058592997
0.39124203265613927 | [0.7 0.7] | -1.0599726778180938
0.9952742161382394 | [1. 1.] | -2.078809862686881
0.52322295159585 | [0.76 0.76] | -1.2301473586341305
-0.5763848456326843 | [0.21 0.21] | -0.14716270919676938
-0.9750535622361017 | [0.01 0.01] | -0.07054606048354005
-0.18015325210403937 | [0.41 0.41] | -0.42443483166535967
0.8295911250818898 | [0.91 0.91] | -1.7654950935635687
0.8272183704858451 | [0.91 0.91] | -1.7455759990971782
-0.26074267320499206 | [0.37 0.37] | -0.33142459387471135
-0.9990822414181918 | [0. 0.] | -0.06718781342554794
-0.35218579117700066 | [0.32 0.32] | -0.297084003560646
0.771946398571489 | [0.89 0.89] | -1.661806778188236
0.838486134541293 | [0.92 0.92] | -1.7653032096394103
-0.31183932442703816 | [0.34 0.34] | -0.29441358930683303
Total reward: -46.68850146499766
0.5, 0.5, 0.0, 0.0, 0.0, 0.0, 0.0, 0.0, 0.0, 0.0, 0.0, 0.0, 0.0, 0.0, 0.0, 0.0, 0.0, 0.0, 0.0, 0.0, 0.5, 0.5
parameter ends

state | action | reward
[1.] | [1. 1.] | -2.1465009940222415
0.9975828371775919 | [1. 1.] | -2.109028212680194
0.9824902190449896 | [0.99 0.99] | -2.02242348847254
0.9280560812248065 | [0.96 0.96] | -1.8871980237846455
0.7964750412780871 | [0.9 0.9] | -1.7326949606978754
0.5524878541370081 | [0.78 0.78] | -1.4125130219243969
0.18847329858025952 | [0.59 0.59] | -0.9714034247256303
-0.24993381638582834 | [0.38 0.38] | -0.5525725768649123
-0.6627931079369301 | [0.17 0.17] | -0.2840134599751485
-0.9351702344314413 | [0.03 0.03] | -0.18599389261702493
-0.9927425998326357 | [0. 0.] | -0.17713576053487534
-0.8281397660537351 | [0.09 0.09] | -0.19230849698406588
-0.4856924616320713 | [0.26 0.26] | -0.306626308501498
-0.034193620531671125 | [0.48 0.48] | -0.6386755495406021
0.442803311835428 | [0.72 0.72] | -1.2161492877850881
0.8358070257734385 | [0.92 0.92] | -1.8687321874942961
0.999991579685385 | [1. 1.] | -2.194632858777896
0.7938019682444534 | [0.9 0.9] | -1.8123054109699432
0.20371339092318905 | [0.6 0.6] | -0.9295250161053932
-0.5243437934314482 | [0.24 0.24] | -0.31093917543070637
-0.9704882767769928 | [0.01 0.01] | -0.18546184074384137
-0.8646328999665417 | [0.07 0.07] | -0.18273385824021562
-0.2825620028921778 | [0.36 0.36] | -0.4277259571955667
0.455921661641573 | [0.73 0.73] | -1.2380007693509698
0.9524899467407495 | [0.98 0.98] | -2.0986729068777565
0.8626433135398195 | [0.93 0.93] | -1.938678951703501
0.14129307199469568 | [0.57 0.57] | -0.8549443613046825
-0.7163559588267067 | [0.14 0.14] | -0.2313423382756828
-0.98426365302388 | [0.01 0.01] | -0.17576413763034887
-0.4405243402143673 | [0.28 0.28] | -0.32688507973848197
0.4561520960041969 | [0.73 0.73] | -1.2409381136626758
0.9894005481875618 | [0.99 0.99] | -2.1765337352304965
0.6561542441758756 | [0.83 0.83] | -1.5769984620617847
-0.33106808090606765 | [0.33 0.33] | -0.42023888003505366
-0.9879960552577809 | [0.01 0.01] | -0.17857854956037741
-0.6095910623653227 | [0.2 0.2] | -0.24643148408350313
0.3909003415338673 | [0.7 0.7] | -1.1488513495516754
0.9952378751876875 | [1. 1.] | -2.1903936201081775
0.5235494950462691 | [0.76 0.76] | -1.3654485223764967
-0.5760685908355987 | [0.21 0.21] | -0.2801680216844207
-0.9751373724809833 | [0.01 0.01] | -0.1728432054221499
-0.18051170406699577 | [0.41 0.41] | -0.5100416824525738
0.8293900554537426 | [0.91 0.91] | -1.866980396170492
0.8274243760917378 | [0.91 0.91] | -1.8753296680576108
-0.26038235679644317 | [0.37 0.37] | -0.46828644267714326
-0.9990663968446114 | [0. 0.] | -0.17443667961955162
-0.3525190802022389 | [0.32 0.32] | -0.38281244590734576
0.7717235592985524 | [0.89 0.89] | -1.7628082214276342
0.8386800375108198 | [0.92 0.92] | -1.8959857996875282
-0.31149551714353646 | [0.34 0.34] | -0.4297473971011313
Total reward: -50.97543498582784
0.5, 0.5, 0.0, 0.0, 0.0, 0.0, 0.0, 0.0, 0.0, 0.0, 0.0, 0.0, 0.0, 0.0, 0.0, 0.0, 0.0, 0.0, 0.0, 0.0, 0.5, 0.5
parameter ends

state | action | reward
[1.] | [1. 1.] | -2.2160972212443952
0.9999298492211658 | [1. 1.] | -2.2264055353745666
0.9943767798400026 | [1. 1.] | -2.2251840921324875
0.9551342197463247 | [0.98 0.98] | -2.1540590585230626
0.8421616104538749 | [0.92 0.92] | -1.9340470059723698
0.6152103765745462 | [0.81 0.81] | -1.5153377277944309
0.25929712213021366 | [0.63 0.63] | -0.9520679408412747
-0.18600488954385094 | [0.41 0.41] | -0.4186956782059967
-0.6199855675407558 | [0.19 0.19] | -0.08630052333265918
-0.9186102056042095 | [0.04 0.04] | -0.046257365692202866
-0.9960474144172801 | [0. 0.] | -0.0565858204687547
-0.8386476889260304 | [0.08 0.08] | -0.06845337698025576
-0.49175018175631896 | [0.25 0.25] | -0.1875369902730674
-0.029634672594834162 | [0.49 0.49] | -0.5332662848759657
0.45692216784254086 | [0.73 0.73] | -1.1254934173141318
0.850431876779899 | [0.93 0.93] | -1.7736884688184928
0.9990736114713584 | [1. 1.] | -2.0520437251338897
0.7619474845082822 | [0.88 0.88] | -1.5940598133892228
0.14304385176693957 | [0.57 0.57] | -0.6843053746889503
-0.5829877042822571 | [0.21 0.21] | -0.11959629671743881
-0.9861235478609934 | [0.01 0.01] | -0.045031505523134445
-0.8208748977044027 | [0.09 0.09] | -0.07323338339448217
-0.19847752318221837 | [0.4 0.4] | -0.3855189743977645
0.537677080995689 | [0.77 0.77] | -1.246144855114128
0.9791687076093912 | [0.99 0.99] | -2.013531331791358
0.797283161384836 | [0.9 0.9] | -1.6547365105737695
0.012423191042875956 | [0.51 0.51] | -0.5422297977625868
-0.8048850964128023 | [0.1 0.1] | -0.05891271462064528
-0.9499637240937717 | [0.03 0.03] | -0.056853783406300824
-0.30900896106738707 | [0.35 0.35] | -0.3032627134360784
0.5818014849762217 | [0.79 0.79] | -1.3134913926535723
0.9999306347572523 | [1. 1.] | -2.0488225703218523
0.5188364441117984 | [0.76 0.76] | -1.1854151397699981
-0.49479748166165505 | [0.25 0.25] | -0.1628673152737391
-0.9995837887864782 | [0. 0.] | -0.053248937014020996
-0.45408127076116 | [0.27 0.27] | -0.213400406198507
0.555462851958231 | [0.78 0.78] | -1.2714260999650941
0.9950975392059148 | [1. 1.] | -2.035636023134701
0.3352594809020631 | [0.67 0.67] | -0.9213102063139614
-0.7389380244130814 | [0.13 0.13] | -0.07613656522973233
-0.9037388649093896 | [0.05 0.05] | -0.06470261487830456
0.03691244568397745 | [0.52 0.52] | -0.6022815914680341
0.9326506210736315 | [0.97 0.97] | -1.9197814238573767
0.6738030489803577 | [0.84 0.84] | -1.4328771435569854
-0.48715115090643935 | [0.26 0.26] | -0.1695102946486911
-0.9791223268376807 | [0.01 0.01] | -0.05851232217221564
-0.11372325019139858 | [0.44 0.44] | -0.4576389285288981
0.9050027310911981 | [0.95 0.95] | -1.866654562936688
0.6699785340130904 | [0.83 0.83] | -1.4257090976097873
-0.5541503404282643 | [0.22 0.22] | -0.13991266031074767
Total reward: -45.76827258363678
