-0.2, 0.1, 2.1, -1.3, -2.8, 6.0, 2.2, 0.2, -3.6, -1.4, 4.5, -1.8, -1.4, -2.2, 6.0, 2.8, 3.8, -6.0
parameter ends

state | action | reward
[2.01] | 1 | -0.5
1.7577311246313005 | 1 | -0.5
1.5493913312351362 | 1 | -0.5
1.4517231283520988 | 2 | -0.5
1.5951937303573016 | 1 | -0.5
1.5395661670522145 | 2 | -0.5
1.5361878973806256 | 1 | -0.5
1.477105237576264 | 2 | -0.5
1.5338025235021602 | 1 | -0.5
1.42237044068149 | 2 | -0.5
1.5493379447841993 | 1 | -0.5
1.4171836873175052 | 2 | -0.5
1.523471900458554 | 1 | -0.5
1.4403520442825928 | 2 | -0.5
1.5024086157394143 | 1 | -0.5
1.3868594211820686 | 2 | -0.5
1.458193070974707 | 2 | -0.5
1.7052079326197598 | 1 | -0.5
1.4080455768728763 | 2 | -0.5
1.5091647869785059 | 1 | -0.5
1.2557863340407354 | 2 | -0.5
1.405963383753971 | 2 | -0.5
1.588644102930032 | 1 | -0.5
1.358783183321449 | 2 | -0.5
1.5294070051063855 | 1 | -0.5
1.2717940604369589 | 2 | -0.5
1.5238030514666263 | 1 | -0.5
1.307969712940828 | 2 | -0.5
1.4728042838465918 | 1 | -0.5
1.1953327176775215 | 2 | -0.5
1.4059875925792278 | 1 | -0.5
1.1597592318565677 | 2 | -0.5
1.3208221410718732 | 2 | -0.5
1.7210059124031996 | 1 | -0.5
1.268247716498618 | 2 | -0.5
1.5280073719143723 | 1 | -0.5
1.218425785618974 | 2 | -0.5
1.5714830542203597 | 1 | -0.5
1.16327587315356 | 2 | -0.5
1.4188819304783975 | 1 | -0.5
1.087621892395266 | 2 | -0.5
1.363565605522641 | 1 | -0.5
1.0200829654889096 | 2 | -0.5
1.2559876452509797 | 2 | -0.5
1.5626220093413814 | 1 | -0.5
1.0767730186235966 | 2 | -0.5
1.3645512462474643 | 1 | -0.5
0.9413749988914503 | 2 | -0.5
1.306098538722264 | 1 | -0.5
0.9034793035616491 | 2 | -0.5
1.0776404207619639 | 1 | -0.5
0.6734648517827391 | 2 | -0.5
0.9878239335859953 | 1 | -0.5
0.6256155819444343 | 2 | -0.5
0.8979124721039857 | 1 | -0.5
0.6376653203655934 | 2 | -0.5
0.7658050204510649 | 1 | -0.5
0.6817506614987853 | 2 | -0.5
0.6357840344584921 | 1 | -0.5
0.7347495837436913 | 2 | -0.5
0.6943930063309953 | 1 | -0.5
0.8345007344653014 | 2 | -0.5
0.744008825164887 | 1 | -0.5
0.8638011581155268 | 2 | -0.5
0.7899436594636504 | 2 | -0.5
0.7558610596298864 | 0 | 5.0
0.8079935295785746 | 0 | 5.0
0.8952230276940473 | 0 | 5.0
0.9451846978074108 | 0 | 5.0
1.049951048385287 | 0 | 5.0
1.124600978153017 | 0 | 5.0
1.1241962720339802 | 0 | 5.0
1.1808475860754246 | 0 | 5.0
1.2093467401425482 | 0 | 5.0
1.292078808633511 | 0 | 5.0
1.4136854579510183 | 0 | 5.0
1.521156309103956 | 0 | 5.0
1.5536515267827418 | 0 | 5.0
1.6387569003786964 | 0 | 5.0
1.7166271692187383 | 0 | 5.0
1.7789273159706742 | 0 | 5.0
1.8210971894895251 | 2 | -0.5
1.776533017187916 | 0 | 5.0
1.8159598474473835 | 0 | 5.0
1.82505242633299 | 0 | 5.0
1.8483381984966205 | 0 | 5.0
1.9335911728847217 | 2 | -0.5
1.8874469314231601 | 0 | 5.0
1.923550392841704 | 0 | 5.0
1.8630689020961049 | 1 | -0.5
1.8954458681278654 | 2 | -0.5
1.8787476446442712 | 1 | -0.5
1.9130256559931316 | 2 | -0.5
1.874148092926065 | 1 | -0.5
1.8986572843111618 | 2 | -0.5
1.8917647358119996 | 1 | -0.5
1.8988623710131216 | 2 | -0.5
1.9387994790595673 | 1 | -0.5
1.911370803059163 | 1 | -0.5
1.9777718195760454 | 2 | -0.5
1.9117625352685392 | 1 | -0.5
2.0487047876365563 | 2 | -0.5
1.9341021003978733 | 1 | -0.5
2.062180163532429 | 2 | -0.5
1.9830094061947257 | 1 | -0.5
2.120239366389747 | 2 | -0.5
2.0016130617462284 | 1 | -0.5
2.1064869743722467 | 1 | -0.5
2.3681285662076688 | 2 | -0.5
2.1103448397020474 | 1 | -0.5
2.3494083372039247 | 2 | -0.5
2.1464048016946364 | 1 | -0.5
2.400658950198445 | 2 | -0.5
2.218550977789042 | 1 | -0.5
2.421569132349988 | 1 | -0.5
2.9131308466529 | 2 | -0.5
2.4713902994515577 | 1 | -0.5
3.038819536787709 | 2 | -0.5
2.63571157393628 | 1 | -0.5
3.1897014844705396 | 2 | -0.5
2.718113209142504 | 1 | -0.5
3.2072877738478915 | 1 | -0.5
3.3885628271425485 | 0 | 5.0
3.2897410438661754 | 0 | 5.0
3.220259555040279 | 0 | 5.0
3.0916938657684825 | 1 | -0.5
2.743191926811931 | 0 | 5.0
2.617558456137638 | 0 | 5.0
2.590594551806486 | 0 | 5.0
2.500941436876948 | 0 | 5.0
2.3752439031038524 | 0 | 5.0
2.287252517214658 | 1 | -0.5
2.1581494050926713 | 0 | 5.0
2.0660469442900853 | 0 | 5.0
2.0488671670512497 | 0 | 5.0
2.0125904422150604 | 0 | 5.0
1.9858434455869651 | 0 | 5.0
1.9900661247352953 | 0 | 5.0
1.966041159045002 | 0 | 5.0
1.9203679838703003 | 0 | 5.0
1.867909266017934 | 0 | 5.0
1.8242323700957783 | 0 | 5.0
1.745741641669595 | 0 | 5.0
1.699696238045419 | 1 | -0.5
1.6902632644140025 | 0 | 5.0
1.656541003795027 | 0 | 5.0
1.6895174727338 | 0 | 5.0
1.65747096670008 | 0 | 5.0
1.6664792880014203 | 0 | 5.0
1.7162797386478945 | 0 | 5.0
1.7086970725291557 | 1 | -0.5
1.7626017771678606 | 2 | -0.5
1.6984667490022674 | 1 | -0.5
1.7500469450963467 | 2 | -0.5
1.7023124014514799 | 1 | -0.5
1.7518922462375242 | 2 | -0.5
1.7037327649038896 | 1 | -0.5
1.8092929383805318 | 1 | -0.5
1.9353243286717043 | 2 | -0.5
1.7980760528851492 | 1 | -0.5
1.8749067523009202 | 2 | -0.5
1.8374605406299298 | 1 | -0.5
1.927039044317015 | 1 | -0.5
2.2806570194480074 | 2 | -0.5
2.0286323565490845 | 1 | -0.5
2.329907189268872 | 2 | -0.5
2.1009463881440515 | 1 | -0.5
2.4161701901113477 | 2 | -0.5
2.193128914515054 | 1 | -0.5
2.4762398713970923 | 2 | -0.5
2.256781732695504 | 1 | -0.5
2.555714472620064 | 2 | -0.5
2.324701267037917 | 1 | -0.5
2.6457475363336256 | 1 | -0.5
3.3250847558752277 | 2 | -0.5
2.8376235728482153 | 1 | -0.5
3.674533363474864 | 2 | -0.5
2.8392963855582214 | 1 | -0.5
3.6783415962169363 | 2 | -0.5
2.9614831072697934 | 1 | -0.5
3.630733894704917 | 2 | -0.5
3.0037543736744556 | 1 | -0.5
3.535020800905871 | 2 | -0.5
3.1068029153146273 | 1 | -0.5
3.408073026959854 | 0 | 5.0
3.3702438548532823 | 1 | -0.5
2.841607131116266 | 0 | 5.0
2.688037269580925 | 0 | 5.0
2.593213431759002 | 0 | 5.0
2.49621892284112 | 0 | 5.0
2.4797176033135377 | 0 | 5.0
2.3347447423631214 | 0 | 5.0
2.3114244136165607 | 0 | 5.0
2.1697240894584606 | 0 | 5.0
2.147461699733882 | 0 | 5.0
2.1141355148866245 | 1 | -0.5
1.9863998594087073 | 0 | 5.0
1.9440598908627644 | 0 | 5.0
1.9373352043345056 | 0 | 5.0
1.8575905107436943 | 0 | 5.0
1.891357741803243 | 0 | 5.0
1.8861089976330312 | 0 | 5.0
1.8298717745116502 | 0 | 5.0
1.822050203439911 | 0 | 5.0
1.7481650504430077 | 0 | 5.0
1.7285299260429414 | 0 | 5.0
1.7174217875696842 | 0 | 5.0
1.6857017576883704 | 0 | 5.0
1.6111456980872503 | 0 | 5.0
1.5944376669406033 | 0 | 5.0
1.5774405225577355 | 0 | 5.0
1.5421369496840838 | 0 | 5.0
1.5507992342832906 | 0 | 5.0
1.4917233791119002 | 0 | 5.0
1.4799362717076756 | 0 | 5.0
1.4433809117606688 | 0 | 5.0
1.4024572144830907 | 0 | 5.0
1.3603971226103106 | 0 | 5.0
1.2834620713044642 | 0 | 5.0
1.2762867304846073 | 1 | -0.5
1.2735632269770656 | 0 | 5.0
1.2364878272801512 | 0 | 5.0
1.241575879375805 | 0 | 5.0
1.2632971684267016 | 0 | 5.0
1.258456258925579 | 0 | 5.0
1.2680154783667217 | 0 | 5.0
1.2334177081392717 | 0 | 5.0
1.2524905388809966 | 0 | 5.0
1.2184459649041481 | 0 | 5.0
1.2062885835986314 | 0 | 5.0
1.2258278836262524 | 0 | 5.0
1.203622376293521 | 0 | 5.0
1.1795692459934757 | 0 | 5.0
1.1870221126088325 | 0 | 5.0
1.123430407689706 | 0 | 5.0
1.1080270258595546 | 0 | 5.0
1.1397983819962052 | 0 | 5.0
1.1272627560464519 | 0 | 5.0
1.0954375819896054 | 0 | 5.0
1.0998782055816292 | 1 | -0.5
1.0893782784503887 | 0 | 5.0
1.1173112519225903 | 0 | 5.0
1.1237226681213361 | 0 | 5.0
1.1331942542580358 | 0 | 5.0
1.1605370223791256 | 0 | 5.0
1.1855786778913628 | 0 | 5.0
1.2089307209862823 | 0 | 5.0
1.1869764592244607 | 1 | -0.5
1.253584296301422 | 0 | 5.0
1.2449683754039171 | 0 | 5.0
1.3156090257067372 | 0 | 5.0
1.4115430909818305 | 0 | 5.0
1.4331555054965746 | 0 | 5.0
1.497679016351978 | 0 | 5.0
1.5553224477564243 | 0 | 5.0
1.634308361609483 | 2 | -0.5
1.5717590436885238 | 0 | 5.0
1.5760605774049525 | 0 | 5.0
1.5990736391303306 | 1 | -0.5
1.670264052506217 | 2 | -0.5
1.612029488518167 | 1 | -0.5
1.6919805824871634 | 2 | -0.5
1.623315134022028 | 1 | -0.5
1.739220759775864 | 2 | -0.5
1.656528814783408 | 1 | -0.5
1.7340038624295744 | 2 | -0.5
1.6624497593521808 | 1 | -0.5
1.7734528523920634 | 2 | -0.5
1.6901829105234907 | 1 | -0.5
1.8050184899279451 | 2 | -0.5
1.7053862992187068 | 1 | -0.5
1.8164430616811853 | 1 | -0.5
2.0364852701210303 | 2 | -0.5
1.8445533540519083 | 1 | -0.5
2.102599086932463 | 2 | -0.5
1.8911879311309427 | 1 | -0.5
2.1180765380119158 | 2 | -0.5
1.9682457150921926 | 1 | -0.5
2.225514140083889 | 1 | -0.5
2.542544402175113 | 2 | -0.5
2.179429400975402 | 1 | -0.5
2.602100265950654 | 2 | -0.5
2.2438803214164946 | 1 | -0.5
2.6051365813383067 | 1 | -0.5
3.23714798973812 | 2 | -0.5
2.7093787830673275 | 1 | -0.5
3.30615200274456 | 2 | -0.5
2.7585085192980605 | 1 | -0.5
3.413364295416379 | 2 | -0.5
2.8198466080956837 | 1 | -0.5
3.4488485485755414 | 2 | -0.5
2.938206391103025 | 1 | -0.5
3.5313868779411712 | 2 | -0.5
3.0605404689238975 | 1 | -0.5
3.359795439438715 | 2 | -0.5
3.2183485038140414 | 1 | -0.5
3.32210075938982 | 1 | -0.5
2.9015980410359314 | 0 | 5.0
2.7519177226352816 | 0 | 5.0
2.6995848090260215 | 0 | 5.0
2.5414941085121865 | 0 | 5.0
2.4831748125654864 | 0 | 5.0
2.4068614321542263 | 0 | 5.0
2.3390679824175873 | 0 | 5.0
2.2998227736703214 | 1 | -0.5
2.1271643004766334 | 0 | 5.0
2.0800322682980656 | 0 | 5.0
2.0499395625773875 | 0 | 5.0
2.0195049303290316 | 0 | 5.0
1.9701388549292493 | 0 | 5.0
1.9677599634298437 | 0 | 5.0
1.9312122202674877 | 0 | 5.0
1.8689569460214892 | 0 | 5.0
1.8170397477724853 | 0 | 5.0
1.7670566719377923 | 0 | 5.0
1.706099270506479 | 0 | 5.0
1.7345751227476338 | 0 | 5.0
1.7050984052459106 | 0 | 5.0
1.6686844853081413 | 0 | 5.0
1.6677574564171649 | 0 | 5.0
1.6602510120776637 | 0 | 5.0
1.6592806287987314 | 0 | 5.0
1.6061802011615405 | 0 | 5.0
1.6188826866897668 | 0 | 5.0
1.5618885352216239 | 0 | 5.0
1.5594694766512858 | 0 | 5.0
1.5007025775495737 | 0 | 5.0
1.4725563386496991 | 1 | -0.5
1.4428554075708642 | 0 | 5.0
1.4200295836697543 | 0 | 5.0
1.4462226332359236 | 0 | 5.0
1.4041131246691807 | 0 | 5.0
1.440271658786723 | 0 | 5.0
1.3861451702125613 | 0 | 5.0
1.3884831824357238 | 0 | 5.0
1.3704521908880574 | 0 | 5.0
1.3698103473374523 | 0 | 5.0
1.3702362535221315 | 0 | 5.0
1.374054074465635 | 0 | 5.0
1.3242874959754218 | 0 | 5.0
1.3279376262913107 | 0 | 5.0
1.293785295865876 | 0 | 5.0
1.3016654438984023 | 0 | 5.0
1.2845365058541738 | 0 | 5.0
1.292593338811474 | 0 | 5.0
1.2814615571987833 | 0 | 5.0
1.2591421014679292 | 0 | 5.0
1.267299479045564 | 0 | 5.0
1.24869524935819 | 0 | 5.0
1.2580120729533835 | 0 | 5.0
1.2807364875732714 | 0 | 5.0
1.2330599584793098 | 0 | 5.0
1.2099903676913788 | 0 | 5.0
1.234131918455319 | 0 | 5.0
1.2076009681607167 | 0 | 5.0
1.2877549104570911 | 0 | 5.0
1.2323766395607112 | 0 | 5.0
1.2882876410779673 | 0 | 5.0
1.2663846792010411 | 1 | -0.5
1.2824279193281645 | 0 | 5.0
1.292911196026859 | 0 | 5.0
1.3400102433053445 | 0 | 5.0
1.4018033484572745 | 0 | 5.0
1.4538615856303927 | 0 | 5.0
1.4822752999990993 | 0 | 5.0
1.5446513686299521 | 0 | 5.0
1.595168607188348 | 2 | -0.5
1.5487197182607229 | 0 | 5.0
1.5885912849737414 | 1 | -0.5
1.6006485904809555 | 2 | -0.5
1.6132471870270588 | 1 | -0.5
1.5919526062833151 | 2 | -0.5
1.5842820116185043 | 1 | -0.5
1.6314028099447082 | 2 | -0.5
1.6041371628181365 | 1 | -0.5
1.6337406437313131 | 2 | -0.5
1.5883013218573898 | 1 | -0.5
1.607043878815573 | 1 | -0.5
1.762300965160152 | 2 | -0.5
1.6491082092466751 | 1 | -0.5
1.7745849713780537 | 2 | -0.5
1.6318808821879516 | 1 | -0.5
1.7336379651125071 | 1 | -0.5
1.86365222728331 | 2 | -0.5
1.7740299752843416 | 1 | -0.5
1.9260909693747863 | 2 | -0.5
1.7957466494968404 | 1 | -0.5
1.9300289132510076 | 2 | -0.5
1.8102942908814934 | 1 | -0.5
1.9981469289475653 | 2 | -0.5
1.901221894071452 | 1 | -0.5
2.118515980788239 | 1 | -0.5
2.4904238958479117 | 2 | -0.5
2.2090701968308237 | 1 | -0.5
2.7409907698091547 | 2 | -0.5
2.3029036139021444 | 1 | -0.5
2.7880492890100994 | 2 | -0.5
2.2904350871174604 | 1 | -0.5
2.7289497638809963 | 2 | -0.5
2.3353239254101905 | 1 | -0.5
2.8187502932786876 | 1 | -0.5
3.6256466871522064 | 2 | -0.5
2.9008367616453596 | 1 | -0.5
3.497810128566488 | 2 | -0.5
3.1442156894541253 | 1 | -0.5
3.441941374870004 | 2 | -0.5
3.0591085908580786 | 1 | -0.5
3.397854096446734 | 2 | -0.5
3.2142926752704013 | 1 | -0.5
3.259215360247435 | 0 | 5.0
3.1697174208938 | 0 | 5.0
3.219398593646193 | 1 | -0.5
2.8219880544488127 | 0 | 5.0
2.7021249780857666 | 0 | 5.0
2.6571135815583693 | 0 | 5.0
2.5186893918571287 | 0 | 5.0
2.418189771514558 | 1 | -0.5
2.225339646842843 | 0 | 5.0
2.194879641445684 | 0 | 5.0
2.156449239787894 | 0 | 5.0
2.082061892885452 | 0 | 5.0
2.0629482412738764 | 0 | 5.0
2.0225889222235605 | 0 | 5.0
1.96389082168494 | 0 | 5.0
1.9288838145219915 | 0 | 5.0
1.8541026539906014 | 0 | 5.0
1.8413119332345573 | 0 | 5.0
1.7827206776824482 | 0 | 5.0
1.7438289840931303 | 1 | -0.5
1.690857060661737 | 0 | 5.0
1.7016251154213031 | 0 | 5.0
1.6371951065114472 | 0 | 5.0
1.6043940753194226 | 0 | 5.0
1.6567655763545004 | 0 | 5.0
1.5484941238551042 | 0 | 5.0
1.5571792947057332 | 0 | 5.0
1.5614025531032893 | 0 | 5.0
1.5671035426340716 | 1 | -0.5
1.5998180315451491 | 2 | -0.5
1.6208172650867643 | 1 | -0.5
1.5918743529129287 | 2 | -0.5
1.5741962235199238 | 1 | -0.5
1.6126094945604574 | 2 | -0.5
1.6106455221494944 | 1 | -0.5
1.6180552646709525 | 2 | -0.5
1.6284722064815935 | 1 | -0.5
1.6482645262345315 | 2 | -0.5
1.6090177080361217 | 1 | -0.5
1.6582548805250918 | 2 | -0.5
1.62284428486302 | 1 | -0.5
1.6602546131720135 | 1 | -0.5
1.732806407526241 | 2 | -0.5
1.660921857318467 | 1 | -0.5
1.7273458122726695 | 2 | -0.5
1.650842469430274 | 1 | -0.5
1.7034397923170357 | 1 | -0.5
1.8570899772949647 | 2 | -0.5
1.724252721416698 | 1 | -0.5
1.9047897062777115 | 2 | -0.5
1.7451428472957458 | 1 | -0.5
1.9189882701299843 | 2 | -0.5
1.8406445071802924 | 1 | -0.5
2.068655491127074 | 2 | -0.5
1.8755913617273157 | 1 | -0.5
2.1246471914847453 | 2 | -0.5
1.9944557320118903 | 1 | -0.5
2.2396207119206655 | 2 | -0.5
1.9979377743361426 | 1 | -0.5
2.268811999621756 | 1 | -0.5
2.689278476952755 | 2 | -0.5
2.295999092736243 | 1 | -0.5
2.5614898041772545 | 2 | -0.5
2.2788291886242837 | 1 | -0.5
2.603716583192972 | 1 | -0.5
3.1596963237617275 | 2 | -0.5
2.5492433273268302 | 1 | -0.5
3.125535307274215 | 2 | -0.5
2.5868060369812573 | 1 | -0.5
2.9578660354368664 | 1 | -0.5
3.482020563993127 | 2 | -0.5
2.9321722998295545 | 1 | -0.5
3.4921709846095617 | 2 | -0.5
2.9745239225869717 | 1 | -0.5
3.4506955197964237 | 2 | -0.5
2.9010270206404605 | 1 | -0.5
3.471749971816832 | 1 | -0.5
3.0832242723540886 | 0 | 5.0
3.008443346374755 | 0 | 5.0
2.8990506336036166 | 0 | 5.0
2.795387518754518 | 1 | -0.5
2.500315692959203 | 0 | 5.0
2.4758448045727444 | 0 | 5.0
2.405611195652885 | 0 | 5.0
2.33317506190163 | 1 | -0.5
2.16903836184488 | 0 | 5.0
2.142805172605699 | 0 | 5.0
2.109172273084026 | 0 | 5.0
2.079083904251783 | 0 | 5.0
2.0180039294018237 | 0 | 5.0
1.942061753153959 | 0 | 5.0
1.936515086412742 | 0 | 5.0
1.889898377767744 | 0 | 5.0
1.8278174852215967 | 0 | 5.0
1.7951331428544273 | 0 | 5.0
1.7713507476920058 | 0 | 5.0
1.6980206655925842 | 1 | -0.5
1.6342238461466556 | 0 | 5.0
1.6431192491237911 | 0 | 5.0
1.613014790541516 | 0 | 5.0
1.618034339274074 | 0 | 5.0
1.622921465679876 | 0 | 5.0
1.6059729539341985 | 0 | 5.0
1.613685509333654 | 1 | -0.5
1.6507803730932809 | 2 | -0.5
1.6438113722265897 | 2 | -0.5
1.6779894735491148 | 1 | -0.5
1.610064328733513 | 2 | -0.5
1.6513467953740335 | 1 | -0.5
1.6207206552048528 | 2 | -0.5
1.6269243539855753 | 1 | -0.5
1.5948201545326441 | 2 | -0.5
1.6446675166013547 | 2 | -0.5
1.7064757884786874 | 1 | -0.5
1.6632401710145641 | 2 | -0.5
1.717536523887233 | 1 | -0.5
1.5812410772369645 | 2 | -0.5
1.6720196431086178 | 1 | -0.5
1.5582945415964669 | 2 | -0.5
1.5957921033219038 | 2 | -0.5
1.7064710285038334 | 1 | -0.5
1.583935616182212 | 2 | -0.5
1.6632329057715673 | 1 | -0.5
1.4802752003014032 | 2 | -0.5
1.5783141616295948 | 1 | -0.5
1.4928871722067343 | 2 | -0.5
1.5925446477253768 | 2 | -0.5
1.7285653434104826 | 1 | -0.5
1.5544079502838295 | 2 | -0.5
1.7420482746024122 | 1 | -0.5
1.4834246088239436 | 2 | -0.5
1.679653543848224 | 1 | -0.5
1.4710797471098753 | 2 | -0.5
1.629269343502398 | 1 | -0.5
1.4053216930299668 | 2 | -0.5
1.5851033392231835 | 1 | -0.5
1.3953185842010354 | 2 | -0.5
1.541848793213273 | 1 | -0.5
1.3396384205391274 | 2 | -0.5
1.5401973571989596 | 1 | -0.5
1.258956828442278 | 2 | -0.5
1.4353291077060173 | 2 | -0.5
1.69573424567051 | 1 | -0.5
1.3514142407527365 | 2 | -0.5
1.6960168910369655 | 1 | -0.5
1.2901716209303868 | 2 | -0.5
1.5250628679417046 | 1 | -0.5
1.2049984027401064 | 2 | -0.5
1.3738011385230902 | 2 | -0.5
1.9277103884921463 | 1 | -0.5
1.3158089888808475 | 2 | -0.5
1.733140066448297 | 1 | -0.5
1.2631618971371483 | 2 | -0.5
1.6361043588490405 | 1 | -0.5
1.1738026797716548 | 2 | -0.5
1.478244091907671 | 1 | -0.5
1.0235050615706907 | 2 | -0.5
1.2144682826612079 | 1 | -0.5
0.8436264525169701 | 2 | -0.5
1.0650437349553052 | 1 | -0.5
0.8145306588843388 | 2 | -0.5
1.0152774765953743 | 1 | -0.5
0.7371203026514843 | 2 | -0.5
0.9693905879637751 | 1 | -0.5
0.6822289974678293 | 2 | -0.5
0.7476064865463375 | 1 | -0.5
0.8142267056419461 | 2 | -0.5
0.7526832365284636 | 1 | -0.5
0.8504001998467599 | 2 | -0.5
0.8058924173266341 | 2 | -0.5
0.7872171148113426 | 0 | 5.0
0.7959495956093989 | 0 | 5.0
0.9279947850976633 | 0 | 5.0
0.9595228313644562 | 0 | 5.0
1.0026086938601013 | 0 | 5.0
1.0569342108419666 | 0 | 5.0
1.1213808020055114 | 0 | 5.0
1.2143061483630375 | 0 | 5.0
1.33070663044075 | 0 | 5.0
1.3694452059241733 | 0 | 5.0
1.4479265497770568 | 0 | 5.0
1.5322319185905218 | 0 | 5.0
1.593384788730847 | 0 | 5.0
1.6809718555040847 | 0 | 5.0
1.8016858040983144 | 0 | 5.0
1.8405974251256334 | 0 | 5.0
1.933579555923203 | 2 | -0.5
1.8431422915550553 | 0 | 5.0
1.9147209986516474 | 0 | 5.0
1.91526682874966 | 0 | 5.0
2.0012675242671443 | 2 | -0.5
1.9341541932922979 | 0 | 5.0
1.9357778299175123 | 0 | 5.0
1.9426462716126431 | 0 | 5.0
1.9405725767433497 | 0 | 5.0
1.984567331873586 | 0 | 5.0
1.9422826211072202 | 2 | -0.5
1.9967956532737006 | 1 | -0.5
1.969537326773518 | 1 | -0.5
1.9962605586051743 | 2 | -0.5
1.9639941210334284 | 1 | -0.5
2.0053706826690965 | 2 | -0.5
1.94322864947471 | 1 | -0.5
2.0128026371528343 | 2 | -0.5
1.9594399642247828 | 1 | -0.5
2.022352687846063 | 1 | -0.5
2.2040567676508678 | 2 | -0.5
2.0576399427726373 | 1 | -0.5
2.2182981021097374 | 2 | -0.5
2.0850554795296468 | 1 | -0.5
2.1922179143894063 | 2 | -0.5
2.130212241789068 | 1 | -0.5
2.275801907134085 | 1 | -0.5
2.5798919749866642 | 2 | -0.5
2.337344721968508 | 1 | -0.5
2.671660423000533 | 2 | -0.5
2.435281611717544 | 1 | -0.5
2.815109623767438 | 1 | -0.5
3.441377502719832 | 2 | -0.5
2.907853742060274 | 1 | -0.5
3.6659501595267527 | 2 | -0.5
3.111441983272536 | 1 | -0.5
3.750199963772236 | 2 | -0.5
3.1974514679713533 | 1 | -0.5
3.6522568920478267 | 2 | -0.5
3.247611894841582 | 1 | -0.5
3.485130341738304 | 0 | 5.0
3.3122170319096402 | 1 | -0.5
2.8899217696312784 | 0 | 5.0
2.72868995315131 | 0 | 5.0
2.625752643721584 | 0 | 5.0
2.545843523643604 | 0 | 5.0
2.5089159888939396 | 0 | 5.0
2.4601392786782634 | 1 | -0.5
2.2258823166512776 | 0 | 5.0
2.165047977353031 | 0 | 5.0
2.1130681774200153 | 0 | 5.0
2.111507335375016 | 0 | 5.0
2.048068008531279 | 0 | 5.0
2.0064020548292554 | 0 | 5.0
1.9429723793861875 | 0 | 5.0
1.8734252321492912 | 0 | 5.0
1.8478662077961439 | 0 | 5.0
1.7590684874538745 | 0 | 5.0
1.7634492928189922 | 0 | 5.0
1.6645356532589812 | 0 | 5.0
1.64724204066631 | 1 | -0.5
1.5860506767812734 | 0 | 5.0
1.5946620244796001 | 0 | 5.0
1.6047625636653065 | 0 | 5.0
1.5815589624039117 | 0 | 5.0
1.5726132696606596 | 0 | 5.0
1.633953773090388 | 0 | 5.0
1.619432967410562 | 0 | 5.0
1.5957338825109602 | 1 | -0.5
1.647078017887198 | 2 | -0.5
1.6127203347761743 | 1 | -0.5
1.6590958330960661 | 2 | -0.5
1.6414773306345787 | 1 | -0.5
1.706347877213871 | 2 | -0.5
1.6410486758069287 | 1 | -0.5
1.6988750801350356 | 2 | -0.5
1.6874998596709763 | 1 | -0.5
1.7946062046640476 | 2 | -0.5
1.733265764012085 | 1 | -0.5
1.8446006613076404 | 2 | -0.5
1.7071186078686562 | 1 | -0.5
1.811414060918677 | 2 | -0.5
1.767984951134274 | 1 | -0.5
1.865613267827952 | 1 | -0.5
2.1122967121679666 | 2 | -0.5
1.868913205641634 | 1 | -0.5
2.0988997303404138 | 2 | -0.5
1.95327079463514 | 1 | -0.5
2.194550222332902 | 2 | -0.5
1.9445157760737193 | 1 | -0.5
2.2219861208372342 | 2 | -0.5
1.996577814364421 | 1 | -0.5
2.169595937522128 | 1 | -0.5
2.5972092422055635 | 2 | -0.5
2.270624527346863 | 1 | -0.5
2.692317033822949 | 2 | -0.5
2.3321364514221057 | 1 | -0.5
2.7018711051627307 | 1 | -0.5
3.3896343918704352 | 2 | -0.5
2.6782192089296126 | 1 | -0.5
3.370877728807099 | 2 | -0.5
2.7569366494659495 | 1 | -0.5
3.449787938363106 | 2 | -0.5
2.891366103178384 | 1 | -0.5
3.4314678772647915 | 2 | -0.5
3.071456816199363 | 1 | -0.5
3.342876891793877 | 0 | 5.0
3.2032848905758167 | 0 | 5.0
3.0800735667136614 | 0 | 5.0
3.0017828512088145 | 1 | -0.5
2.606828717891182 | 0 | 5.0
2.5691954683823433 | 0 | 5.0
2.4774724699408424 | 0 | 5.0
2.4469991215202294 | 0 | 5.0
2.3833177810815442 | 0 | 5.0
2.2711650129592913 | 0 | 5.0
2.2849306708845294 | 1 | -0.5
2.1230848645771836 | 0 | 5.0
2.0232023754272177 | 0 | 5.0
1.9700904217584236 | 0 | 5.0
1.9266798384590087 | 0 | 5.0
1.8848780926678468 | 0 | 5.0
1.8235433195948245 | 0 | 5.0
1.7624246281546447 | 0 | 5.0
1.7346345651759063 | 0 | 5.0
1.7048206328276374 | 0 | 5.0
1.6908984803177536 | 0 | 5.0
1.657832450695998 | 0 | 5.0
1.5895247412967446 | 0 | 5.0
1.609113326137137 | 0 | 5.0
1.589203342296467 | 0 | 5.0
1.5407872647595022 | 0 | 5.0
1.5369865213049498 | 0 | 5.0
1.5143727765263568 | 0 | 5.0
1.491870586746574 | 0 | 5.0
1.4574530954477094 | 0 | 5.0
1.4583286232732915 | 0 | 5.0
1.3840961051541563 | 0 | 5.0
1.3803548210110042 | 0 | 5.0
1.3326538133281347 | 0 | 5.0
1.2942879708241275 | 0 | 5.0
1.2963668758812694 | 0 | 5.0
1.229644651274574 | 0 | 5.0
1.2483412296173486 | 0 | 5.0
1.2210160387900744 | 0 | 5.0
1.1985612968575559 | 1 | -0.5
1.1897431358256296 | 0 | 5.0
1.1913919683842487 | 0 | 5.0
1.1671068882514626 | 0 | 5.0
1.224647935596705 | 0 | 5.0
1.1970333808207319 | 0 | 5.0
1.2098505476314607 | 0 | 5.0
1.2639447226903984 | 0 | 5.0
1.2665992508147128 | 0 | 5.0
1.2783444292169404 | 0 | 5.0
1.309897106471461 | 0 | 5.0
1.2791935709120397 | 0 | 5.0
1.3125244386478416 | 0 | 5.0
1.2930814636378718 | 0 | 5.0
1.3023307627921374 | 0 | 5.0
1.3669851217086517 | 0 | 5.0
1.3326922020810186 | 0 | 5.0
1.3767861016119178 | 0 | 5.0
1.3899845526342913 | 0 | 5.0
1.4035409209841914 | 0 | 5.0
1.4183291868967807 | 0 | 5.0
1.472165478097433 | 0 | 5.0
1.4760408348617806 | 0 | 5.0
1.4040555317777133 | 0 | 5.0
1.4384556402509134 | 0 | 5.0
1.3844636206513863 | 1 | -0.5
1.3681866667286944 | 0 | 5.0
1.3954235687045107 | 0 | 5.0
1.4152538588387564 | 0 | 5.0
1.441009716223604 | 0 | 5.0
1.4461516963454393 | 0 | 5.0
1.4532621777645343 | 0 | 5.0
1.460371744084535 | 1 | -0.5
1.509117545342975 | 2 | -0.5
1.466505680442985 | 1 | -0.5
1.551297878932141 | 2 | -0.5
1.4875444471510215 | 1 | -0.5
1.548942501357215 | 2 | -0.5
1.4726021706803722 | 0 | 5.0
1.522394268870469 | 1 | -0.5
1.5969753811305938 | 2 | -0.5
1.5660340409847149 | 1 | -0.5
1.6107964058086985 | 2 | -0.5
1.573135386034485 | 1 | -0.5
1.6199236084794004 | 2 | -0.5
1.5382088005221768 | 1 | -0.5
1.61354614266841 | 1 | -0.5
1.7274641463752203 | 2 | -0.5
1.6168515146666134 | 1 | -0.5
1.7895974344668124 | 2 | -0.5
1.6504360260707187 | 1 | -0.5
1.8123855853099795 | 2 | -0.5
1.6540490494595423 | 1 | -0.5
1.8206717058996345 | 2 | -0.5
1.6846178855610519 | 1 | -0.5
1.7940355907520782 | 2 | -0.5
1.7200291014471554 | 1 | -0.5
1.8515668188487497 | 1 | -0.5
2.1370934296304425 | 2 | -0.5
1.8869457492448816 | 1 | -0.5
2.181317832720135 | 2 | -0.5
1.9233477299527681 | 1 | -0.5
2.1488526788235367 | 1 | -0.5
2.575821525815496 | 2 | -0.5
2.3013586804026227 | 1 | -0.5
2.8668233276014896 | 2 | -0.5
2.3993890971265697 | 1 | -0.5
2.8477798352447783 | 2 | -0.5
2.45370514765215 | 1 | -0.5
3.0588328908797386 | 2 | -0.5
2.593488130801976 | 1 | -0.5
3.2018664186285544 | 2 | -0.5
2.698555826204778 | 1 | -0.5
3.4797897566421128 | 2 | -0.5
2.864527640601922 | 1 | -0.5
3.4922720472339184 | 2 | -0.5
2.9464096785919 | 1 | -0.5
3.521722920884248 | 2 | -0.5
2.916097319384489 | 1 | -0.5
3.412870909407021 | 2 | -0.5
3.127149020168155 | 1 | -0.5
3.314759236014824 | 1 | -0.5
2.899306986794931 | 0 | 5.0
2.7487913014445615 | 0 | 5.0
2.7496428335218974 | 0 | 5.0
2.663785524156406 | 0 | 5.0
2.546233323746014 | 0 | 5.0
2.4857162895800258 | 1 | -0.5
2.308587955015025 | 0 | 5.0
2.245953893124069 | 0 | 5.0
2.173967570249944 | 0 | 5.0
2.074822021200156 | 0 | 5.0
1.9766931669596475 | 0 | 5.0
1.9972909503965601 | 1 | -0.5
1.8847636706541464 | 0 | 5.0
1.824882845772011 | 0 | 5.0
1.8450357330657683 | 0 | 5.0
1.809327495530622 | 0 | 5.0
1.7873667848529837 | 0 | 5.0
1.740683437802113 | 0 | 5.0
1.7194169334316307 | 0 | 5.0
1.7374539989309756 | 0 | 5.0
1.6821345258646663 | 0 | 5.0
1.711144846820504 | 0 | 5.0
1.6404904835207537 | 0 | 5.0
1.6780584870414317 | 0 | 5.0
1.622144957111727 | 0 | 5.0
1.6266476941069372 | 0 | 5.0
1.5769132034525786 | 0 | 5.0
1.582714011994658 | 0 | 5.0
1.5302825007459535 | 0 | 5.0
1.4991671251796603 | 0 | 5.0
1.4934518025042578 | 0 | 5.0
1.453697359715462 | 0 | 5.0
1.4274091490657275 | 0 | 5.0
1.3944789003116849 | 0 | 5.0
1.3932482113129703 | 0 | 5.0
1.3879876616761546 | 0 | 5.0
1.402998736002282 | 0 | 5.0
1.3157755570374585 | 0 | 5.0
1.3060375506919213 | 0 | 5.0
1.3249087816493055 | 0 | 5.0
1.314754739440459 | 0 | 5.0
1.3078810506864522 | 0 | 5.0
1.3189301317870978 | 0 | 5.0
1.2648730895113685 | 0 | 5.0
1.223912126295849 | 0 | 5.0
1.2264855115394064 | 0 | 5.0
1.1828340301071973 | 0 | 5.0
1.2156501180376085 | 0 | 5.0
1.1801221157788462 | 0 | 5.0
1.181891624726959 | 0 | 5.0
1.1511660398411603 | 0 | 5.0
1.154878891856294 | 0 | 5.0
1.121019738479693 | 0 | 5.0
1.143417305571908 | 1 | -0.5
1.104072217426355 | 0 | 5.0
1.1958847883127846 | 0 | 5.0
1.1811288923143564 | 0 | 5.0
1.140810511935444 | 0 | 5.0
1.2226453540216167 | 0 | 5.0
1.207622671848751 | 0 | 5.0
1.2306977677281516 | 0 | 5.0
1.2840593106206701 | 0 | 5.0
1.2577152400796812 | 0 | 5.0
1.2468818568473108 | 0 | 5.0
1.303389735434799 | 0 | 5.0
1.2712243618279255 | 1 | -0.5
1.2952465066064094 | 0 | 5.0
1.3650362357577945 | 0 | 5.0
1.4124851456089424 | 0 | 5.0
1.4129650030830825 | 0 | 5.0
1.4190426280480353 | 0 | 5.0
1.466605027782788 | 0 | 5.0
1.4933911477720616 | 0 | 5.0
1.548823439443077 | 1 | -0.5
1.6124979935901853 | 2 | -0.5
1.553639678739915 | 1 | -0.5
1.6313205538897855 | 2 | -0.5
1.5444106540921156 | 1 | -0.5
1.6168818520454167 | 2 | -0.5
1.569139423835186 | 1 | -0.5
1.646506155257695 | 1 | -0.5
1.8102849438274722 | 2 | -0.5
1.7205324579613366 | 2 | -0.5
1.6439357122915572 | 1 | -0.5
1.7352707340202997 | 1 | -0.5
1.9209115728911346 | 2 | -0.5
1.7451994006095195 | 1 | -0.5
1.993311052954535 | 2 | -0.5
1.7844019699238338 | 1 | -0.5
2.015627593857304 | 2 | -0.5
1.808531175931018 | 1 | -0.5
2.024360570050785 | 2 | -0.5
1.843277119487994 | 1 | -0.5
2.06066724066925 | 1 | -0.5
2.3890924469198547 | 2 | -0.5
2.1375338805836286 | 1 | -0.5
2.4840005534695746 | 2 | -0.5
2.190213495924079 | 1 | -0.5
2.563639027531036 | 2 | -0.5
2.292573947981382 | 1 | -0.5
2.7620054452951694 | 2 | -0.5
2.407865498544543 | 1 | -0.5
2.8266671850090144 | 2 | -0.5
2.379681895405441 | 1 | -0.5
2.805329347460977 | 1 | -0.5
3.4516568647901416 | 2 | -0.5
3.1021592047960747 | 1 | -0.5
3.3794188869744577 | 2 | -0.5
3.230223215014862 | 1 | -0.5
3.289401190651468 | 2 | -0.5
3.4015461439126398 | 1 | -0.5
3.1920219677028783 | 0 | 5.0
3.0726289977844976 | 0 | 5.0
2.8413577034480175 | 0 | 5.0
2.7346503032984946 | 1 | -0.5
2.467760929497451 | 0 | 5.0
2.388409663006939 | 0 | 5.0
2.3325125902758788 | 0 | 5.0
2.2825848234788375 | 0 | 5.0
2.2124200647775174 | 0 | 5.0
2.206518301766336 | 0 | 5.0
2.117093628771958 | 1 | -0.5
1.9645994337075194 | 0 | 5.0
1.9726720075815989 | 0 | 5.0
1.9215962300466458 | 0 | 5.0
1.8920252583700448 | 0 | 5.0
1.8703055517246387 | 0 | 5.0
1.7975693385097022 | 0 | 5.0
1.7617304418761925 | 0 | 5.0
1.7767240902505477 | 0 | 5.0
1.7109783978046844 | 0 | 5.0
1.6885714191194892 | 0 | 5.0
1.639392183420659 | 1 | -0.5
1.597217630495942 | 0 | 5.0
1.6056943886060817 | 0 | 5.0
1.5857909966171706 | 0 | 5.0
1.5930825998983933 | 0 | 5.0
1.6094146167669812 | 0 | 5.0
1.6239178013632307 | 0 | 5.0
1.6264786196855814 | 1 | -0.5
1.684191873076593 | 2 | -0.5
1.6328863574505483 | 1 | -0.5
1.669508742385629 | 2 | -0.5
1.6496561031151173 | 1 | -0.5
1.6902786962908618 | 2 | -0.5
1.6903276530819167 | 1 | -0.5
1.7330869663301514 | 2 | -0.5
1.6808962264669642 | 1 | -0.5
1.794957753423003 | 2 | -0.5
1.7285869734635366 | 1 | -0.5
1.7672247211519099 | 2 | -0.5
1.7228571372784323 | 1 | -0.5
1.801593251893283 | 1 | -0.5
1.9804924431933142 | 2 | -0.5
1.8382289513732608 | 1 | -0.5
2.0439435056453226 | 2 | -0.5
1.8592223434628974 | 1 | -0.5
2.0738171280079984 | 2 | -0.5
1.9270098667828583 | 1 | -0.5
2.144642233150245 | 2 | -0.5
1.9718838212262728 | 1 | -0.5
2.152932575911432 | 2 | -0.5
2.0023146404490264 | 1 | -0.5
2.316307772461303 | 2 | -0.5
2.0944707982902084 | 1 | -0.5
2.4096217594791813 | 2 | -0.5
2.1379587431004294 | 1 | -0.5
2.34169384669942 | 1 | -0.5
2.8707052146149974 | 2 | -0.5
2.422651937671984 | 1 | -0.5
2.833902651523093 | 2 | -0.5
2.450836517293799 | 1 | -0.5
3.0097069068766165 | 2 | -0.5
2.498102707580947 | 1 | -0.5
3.008253692209105 | 2 | -0.5
2.6659591536402103 | 1 | -0.5
3.2528068372825634 | 2 | -0.5
2.691928721270523 | 1 | -0.5
Total reward: 1925.5
