-1.9, 2.1, -5.9, 4.2, -2.9, -2.7, -0.1, 4.6, 5.9, 5.3, 5.9, -1.4, 2.6, -2.2, 1.2, 0.8, -1.0, 4.7
parameter ends

state | action | reward
[-0.06] | [-0.17  4.68] | -0.11641839742800429
-0.04474455235312857 | [-2.42  5.06] | -0.20641182232558877
0.010673609425700246 | [-6.46  2.57] | -0.3319497997635571
0.10189056328070624 | [-7.69  0.48] | -0.3910952020627284
0.20139425231379363 | [-7.05 -1.31] | -0.27361894115544216
0.2980486205723 | [-5.92 -3.55] | -0.014681653560389515
0.39465303764490833 | [-5.29 -4.85] | 0.27335194502904536
0.49404102607797523 | [-4.65 -5.58] | 0.5703701939049073
0.5961024170231678 | [-3.67 -5.75] | 0.8500146320174138
0.6996655768984155 | [-2.28 -5.46] | 1.0976816170292252
0.8035321437063168 | [-0.55 -4.82] | 1.2703904415240255
0.9024131723344502 | [ 1.58 -4.19] | 1.2262243363546808
0.9786156184608303 | [ 3.93 -4.66] | 0.9723549802045697
1.022443948296412 | [ 5.78 -5.17] | 0.5885979773419946
1.0345141730287881 | [ 7.19 -5.56] | 0.0699122318341852
1.0124568073937348 | [ 8.36 -5.71] | -0.5052333551982684
0.9558424350513446 | [ 9.65 -5.27] | -1.0277637719516015
0.8680806080393038 | [11.28 -3.88] | -1.4149281201841537
0.7555199079850278 | [13.22 -1.47] | -1.6280706613379594
0.626277831854176 | [15.07  1.65] | -1.440778301795115
0.5017906246056909 | [14.47  6.65] | -1.0687842588857073
0.39046861349085127 | [13.92 10.12] | -0.7790746866975876
0.2853833177474433 | [13.52 13.09] | -0.5237537387326452
0.18260958554852005 | [13.07 15.78] | -0.28593404550416535
0.080100236380265 | [12.33 18.21] | -0.05541776408059843
-0.022974239711722532 | [11.27 20.38] | 0.1721258581811213
-0.12683708394213355 | [ 9.93 22.31] | 0.3973354818845724
-0.23145812765131726 | [ 8.38 24.02] | 0.6191734964956526
-0.33671302771005923 | [ 6.68 25.51] | 0.8357217184131939
-0.44243619951162094 | [ 4.85 26.77] | 1.0444653753272777
-0.5484395997712476 | [ 2.92 27.81] | 1.242375566007027
-0.654517332494665 | [ 0.87 28.6 ] | 1.4156244886295022
-0.7590501921266577 | [-1.35 28.96] | 1.391916049050692
-0.8412681408627857 | [-4.37 26.63] | 1.1846392402344756
-0.8887373899969289 | [-6.49 24.38] | 0.880126779133297
-0.9048832401972771 | [-8.13 21.1 ] | 0.43314307964723986
-0.8876955424561647 | [-9.56 16.32] | -0.12456700410653126
-0.8344759679097593 | [-11.06  10.4 ] | -0.6859337878854761
-0.7464663039914644 | [-12.78   4.13] | -1.1215848033828608
-0.6306002659568665 | [-14.6   -1.49] | -1.1372409801805026
-0.5115808774062904 | [-14.19  -4.72] | -0.8619181280409933
-0.4025158374651697 | [-13.73  -6.18] | -0.5995258064314063
-0.2987876271562866 | [-13.27  -7.05] | -0.34674398314176236
-0.19734838805882987 | [-12.7   -7.58] | -0.10571184520858647
-0.09634265609811253 | [-11.92  -7.81] | 0.12492649145570006
0.0048843596802586944 | [-10.88  -7.74] | 0.3446913694791694
0.10626652433792877 | [-9.61 -7.4 ] | 0.5509676422522677
0.20744022871902953 | [-8.15 -6.82] | 0.7403863236620635
0.30796751074061995 | [-6.55 -6.07] | 0.9096659481697142
0.4074195857126965 | [-4.84 -5.17] | 1.0558705220094744
0.5054098509281946 | [-3.07 -4.17] | 1.1765919480904996
0.6016465868789718 | [-1.28 -3.1 ] | 1.270982730893715
0.6959353842792257 | [ 0.49 -1.97] | 1.1545957540024043
0.7682156052958519 | [ 3.67 -1.79] | 0.705600601149129
0.7973824583754767 | [ 6.48 -2.09] | 0.06489949357648224
0.7795521811742898 | [ 8.68 -2.06] | -0.608087842701997
0.7170795404316745 | [10.71 -1.16] | -1.1379423201717376
0.6189550150475328 | [12.64  0.89] | -1.1857341723383659
0.5115001289547112 | [12.39  5.86] | -0.9298552657907867
0.4092451695186523 | [12.13  9.57] | -0.6907357467665322
0.309034622490266 | [11.98 12.77] | -0.4599532015437927
0.2086129551998187 | [11.76 15.69] | -0.23240908253373146
0.106985506850061 | [11.23 18.31] | -0.006068034220754692
0.004046960802364906 | [10.32 20.61] | 0.2187131770464751
-0.0999190706089329 | [ 9.08 22.58] | 0.4400734298858665
-0.2045714265236088 | [ 7.59 24.26] | 0.6557866440611935
-0.3096093940634278 | [ 5.91 25.67] | 0.863400325938238
-0.41476213757988706 | [ 4.09 26.8 ] | 1.060036690524287
-0.5197582795802457 | [ 2.15 27.67] | 1.2421829873394734
-0.6243008060608006 | [ 0.11 28.25] | 1.339108344960445
-0.7180840103570474 | [-2.63 27.36] | 1.2455543534140456
-0.7829085545587023 | [-5.49 24.83] | 0.9642843018894325
-0.8111283652620848 | [-7.65 21.37] | 0.533910453390188
-0.8022905951820467 | [-9.47 16.37] | -0.009219275394148754
-0.7541588138009001 | [-11.27  10.27] | -0.5423222688071969
-0.6690997584923442 | [-13.24   3.99] | -0.9388163543168182
-0.5553353729959942 | [-15.2  -1.5] | -0.929168154827858
-0.43856705447015515 | [-14.64  -4.31] | -0.6597397453904984
-0.33132211478544377 | [-14.15  -5.66] | -0.4084042425989924
-0.2285244578522933 | [-13.71  -6.51] | -0.1631432506786061
-0.12716811097569808 | [-13.15  -7.05] | 0.07508535077030812
-0.02561804427007177 | [-12.35  -7.28] | 0.3061385374595463
0.07658076757746013 | [-11.25  -7.21] | 0.5280686285019557
0.17924851910255934 | [-9.9  -6.87] | 0.7375204319483619
0.2819805049539648 | [-8.34 -6.31] | 0.9308211636152331
0.3843345177561092 | [-6.63 -5.56] | 1.104398547694954
0.48588378246930963 | [-4.79 -4.67] | 1.2547835400403886
0.5862207608610933 | [-2.87 -3.68] | 1.3784305310852116
0.6849866408923844 | [-0.92 -2.61] | 1.4641398871644098
0.7809096550291457 | [ 1.09 -1.53] | 1.2687368658663096
0.8491608089673238 | [ 4.41 -1.96] | 0.7364336615932207
0.8716722967335252 | [ 6.75 -2.5 ] | 0.0711370883421293
0.8498745434185307 | [ 8.54 -2.78] | -0.6298107076373392
0.7851567420285255 | [10.3  -2.22] | -1.1949261188374074
0.6858112652862633 | [12.11 -0.44] | -1.448444751035434
0.5680648304346635 | [13.06  2.93] | -1.264612817398106
0.4541204221895198 | [12.34  7.65] | -0.9345441236236167
0.34904298656057053 | [11.92 11.19] | -0.6660303363043129
0.2468647693224331 | [11.66 14.34] | -0.4203399330295776
0.14474749218995575 | [11.26 17.18] | -0.1839544948829107
0.04172410675389314 | [10.5  19.69] | 0.04859308695063076
-0.062286404003532414 | [ 9.37 21.87] | 0.27794069125299203
-0.16708408840234357 | [ 7.97 23.75] | 0.5030283238225772
-0.2724390489597547 | [ 6.35 25.35] | 0.722181748755558
-0.3781337726714433 | [ 4.59 26.69] | 0.9331785920462337
-0.48394819214169915 | [ 2.7  27.77] | 1.1331501531180224
-0.5896411970945685 | [ 0.7  28.59] | 1.299035716175561
-0.691704596421685 | [-1.59 28.76] | 1.2958081308096931
-0.7702900772737147 | [-4.58 26.67] | 1.1095706481854573
-0.813661669240337 | [-6.78 24.15] | 0.7958759592694513
-0.8238023091766328 | [-8.61 20.27] | 0.34202020750895945
-0.7982611400485775 | [-10.31  14.92] | -0.17969273466029317
-0.7358360911668496 | [-12.13   8.79] | -0.6497696082864178
-0.6400918481192269 | [-14.13   2.77] | -0.966152050248695
-0.5195706936373785 | [-16.09  -2.34] | -0.9007772616688289
-0.39920680279214255 | [-15.37  -4.7 ] | -0.6107204757200635
-0.2901844403548982 | [-14.73  -5.79] | -0.3502597671990416
-0.18655181352808703 | [-14.18  -6.48] | -0.10047815717957582
-0.08479654165145305 | [-13.55  -6.91] | 0.1407513102862617
0.017003933063953786 | [-12.67  -7.07] | 0.3744994565996237
0.11947153623123126 | [-11.52  -6.95] | 0.5991765464695833
0.22251785492318277 | [-10.11  -6.58] | 0.8115773501931792
0.32578797747524657 | [-8.5 -6. ] | 1.008092015895202
0.4288650279758465 | [-6.72 -5.25] | 1.1851206083734527
0.5313329646555861 | [-4.83 -4.36] | 1.339074078564561
0.6327825146837271 | [-2.85 -3.37] | 1.4661355632642084
0.7328276529514662 | [-0.83 -2.31] | 1.5436449683625577
0.8290617272416886 | [ 1.32 -1.3 ] | 1.335925600301671
0.8978967010699531 | [ 4.45 -1.89] | 0.8039724325163913
0.9227794505647999 | [ 6.6  -2.67] | 0.13347854861594405
0.9045585396202314 | [ 8.18 -3.29] | -0.5947448227469707
0.8435746660006542 | [ 9.72 -3.14] | -1.2104269567431292
0.7470150105880906 | [11.42 -1.74] | -1.5956947377818775
0.6267721726635525 | [12.9   0.72] | -1.5006997484587628
0.5069011275536344 | [12.34  5.75] | -1.1460972310392523
0.39807766828806174 | [11.76  9.67] | -0.8452972629936124
0.29461512269828316 | [11.46 13.  ] | -0.585752391517378
0.19223963899541685 | [11.15 16.01] | -0.34237170650707727
0.08926901288166449 | [10.53 18.68] | -0.10472763709518423
-0.014667749919509206 | [ 9.54 21.02] | 0.12981321262629786
-0.11945462026439363 | [ 8.24 23.05] | 0.3607942733660591
-0.22487437041463038 | [ 6.72 24.79] | 0.5868312355172136
-0.33071116977412895 | [ 5.02 26.28] | 0.8060023216298021
-0.43675144223146006 | [ 3.2 27.5] | 1.0157718728204737
-0.5427688890479864 | [ 1.26 28.47] | 1.2127992517024915
-0.6485087283070696 | [-0.78 29.17] | 1.2703558802262052
-0.73512870176065 | [-3.78 27.5 ] | 1.152669093152649
-0.7883170410560847 | [-6.13 25.4 ] | 0.9070497156263948
-0.809157506644277 | [-8.04 22.13] | 0.5204764611539111
-0.7960811744941223 | [-9.78 17.3 ] | 0.03438029526524491
-0.7467486254175678 | [-11.58  11.42] | -0.44319182491314374
-0.6627424511385732 | [-13.57   5.32] | -0.8031902307932193
-0.5505069151272447 | [-15.64  -0.17] | -0.8828112455492655
-0.4280239946758073 | [-16.15  -3.75] | -0.6789450955941915
-0.31284741385521364 | [-15.37  -5.15] | -0.4059352777361215
-0.2062874190349417 | [-14.71  -5.9 ] | -0.1509053902724565
-0.10353891386076904 | [-14.08  -6.39] | 0.09433958418703038
-0.001710592042388416 | [-13.28  -6.63] | 0.3314911374050084
0.10051651883506244 | [-12.21  -6.6 ] | 0.5601544613575394
0.20340141827026043 | [-10.88  -6.33] | 0.7776436811559215
0.306718582670166 | [-9.33 -5.83] | 0.9804557950701179
0.41008619241279304 | [-7.59 -5.15] | 1.165010679233485
0.5130946042729506 | [-5.72 -4.32] | 1.3277694865791911
0.6153367435865009 | [-3.74 -3.38] | 1.4651291276367684
0.716410781630973 | [-1.71 -2.36] | 1.5732410413295759
0.815949568251767 | [ 0.35 -1.29] | 1.480529555916635
0.8973771924413562 | [ 3.25 -1.27] | 1.0716540044885363
0.9414978206313549 | [ 5.71 -2.19] | 0.44648111350435393
0.943033218295838 | [ 7.38 -3.14] | -0.29462724531945716
0.9009353940274301 | [ 8.78 -3.64] | -1.0038100647116797
0.8190308397962079 | [10.34 -3.02] | -1.5217294012878353
0.7077073421087031 | [11.93 -1.1 ] | -1.7805994517642114
0.5797800038168053 | [12.94  1.55] | -1.548942869528764
0.45936043473222815 | [11.85  6.82] | -1.1410507752709786
0.3518183298393981 | [11.28 10.57] | -0.8430192350018344
0.24849090838318605 | [11.   13.85] | -0.5826628202222217
0.14561210737562974 | [10.62 16.82] | -0.33564947696626946
0.04195167815079935 | [ 9.89 19.44] | -0.09321881306436758
-0.06265162059840942 | [ 8.79 21.74] | 0.14629029922090944
-0.1680392031805969 | [ 7.41 23.74] | 0.3823990532853472
-0.27402322156742404 | [ 5.83 25.48] | 0.6139632040889625
-0.3804353292401901 | [ 4.1  26.96] | 0.8392906753483764
-0.48711600197722066 | [ 2.25 28.21] | 1.0560443860823838
-0.5938981300104738 | [ 0.29 29.22] | 1.2184084774353252
-0.6932899364607905 | [-2.15 29.16] | 1.231764850815386
-0.7684401872359463 | [-4.76 27.62] | 1.102836186366827
-0.8122375389338948 | [-6.74 25.66] | 0.8612661118592525
-0.8265367431459967 | [-8.46 22.4 ] | 0.4850208251225706
-0.8090605497789658 | [-10.09  17.6 ] | 0.020209198523128732
-0.757453691596737 | [-11.83  11.82] | -0.43360881212500924
-0.6728983297818071 | [-13.79   5.82] | -0.77634256489513
-0.5609377243586501 | [-15.86   0.37] | -0.8999451218623953
-0.43482338771460416 | [-17.04  -3.62] | -0.7263390398975742
-0.3147365987982265 | [-16.12  -5.1 ] | -0.4386522531766676
-0.2057873411458791 | [-15.33  -5.81] | -0.17899120360820292
-0.10211197937045965 | [-14.63  -6.25] | 0.06920224401989683
-0.00015852497194131232 | [-13.83  -6.49] | 0.3088946349469897
0.10191359595530923 | [-12.79  -6.49] | 0.5408359703935003
0.2046875905822752 | [-11.48  -6.25] | 0.7629255343403849
0.3080869713629336 | [-9.94 -5.78] | 0.9718153618155578
0.4117870476756537 | [-8.21 -5.14] | 1.1639181899006454
0.5153974802346081 | [-6.33 -4.34] | 1.3356495613508015
0.6185189635583208 | [-4.35 -3.43] | 1.483375450480294
0.7207496687149004 | [-2.28 -2.43] | 1.6031514540099008
0.8216971697748293 | [-0.18 -1.38] | 1.5894797051759282
0.9112441977648069 | [ 2.43 -0.92] | 1.2721214184397538
0.9691576546920682 | [ 5.02 -1.78] | 0.7019335375750094
0.98576760334564 | [ 6.75 -2.98] | -0.006953543661184079
0.9600637087641831 | [ 8.01 -3.97] | -0.7625702069127004
0.8926669326103371 | [ 9.34 -4.08] | -1.3914154719595582
0.7912592641247931 | [10.9  -2.84] | -1.7779447052701673
0.6679967003788541 | [12.24 -0.47] | -1.8321203137361317
0.5388350531627832 | [12.41  3.01] | -1.508741131178311
0.42109897122740025 | [11.34  7.77] | -1.118431875664392
0.31440242503762006 | [10.84 11.39] | -0.8246187556757638
0.21088799678115094 | [10.56 14.63] | -0.56314575695422
0.10741126083146195 | [10.08 17.55] | -0.31234444821692775
0.0030903463650331017 | [ 9.23 20.12] | -0.06560041596459996
-0.10209622745209827 | [ 8.05 22.37] | 0.17797218624975852
-0.20797298907497694 | [ 6.61 24.33] | 0.4178240185895745
-0.31437249450044774 | [ 4.99 26.04] | 0.6528892769571323
-0.4211562764252881 | [ 3.23 27.51] | 0.8815554976767042
-0.5281989903402372 | [ 1.36 28.75] | 1.10152230622691
-0.6353684869435786 | [-0.63 29.74] | 1.2064946852260041
-0.7263496954157745 | [-3.36 28.7 ] | 1.166718939120939
-0.7879437977899522 | [-5.54 27.38] | 1.0254363092077794
-0.8211095193793443 | [-7.33 25.27] | 0.7651484967063356
-0.8259647446638549 | [-8.96 21.69] | 0.37795057571426394
-0.7995553168133391 | [-10.58  16.68] | -0.07379754351260763
-0.7400689246518052 | [-12.36  10.86] | -0.4923562902075543
-0.6492817090319422 | [-14.37   4.98] | -0.7879157165302205
-0.533103104564701 | [-16.46  -0.23] | -0.8217879837405702
-0.40867642911649155 | [-16.91  -3.62] | -0.6074557024869655
-0.2923343665611807 | [-16.11  -4.91] | -0.33945173175531024
-0.18495741197269347 | [-15.37  -5.56] | -0.08718953666832455
-0.08192524292207977 | [-14.64  -5.93] | 0.15585358134649938
0.019771428330671026 | [-13.77  -6.08] | 0.39080560062088243
0.121678189201837 | [-12.66  -6.  ] | 0.6173363263907605
0.22423416007923788 | [-11.3   -5.69] | 0.8327986467327382
0.32730864578893837 | [-9.72 -5.19] | 1.0336161007042852
0.43055640361640457 | [-7.97 -4.51] | 1.2161163508329023
0.5335764562808456 | [-6.08 -3.69] | 1.3767291310126544
0.6359618252744315 | [-4.1  -2.77] | 1.51194151718914
0.7373068276297599 | [-2.04 -1.78] | 1.6181651193381936
0.8372314259843885 | [ 0.04 -0.74] | 1.5413217571521387
0.9228292953297543 | [ 2.59 -0.26] | 1.1519155735319129
0.9753990303677111 | [ 4.64 -0.54] | 0.6220593938793547
0.9902610353908272 | [ 5.98 -1.64] | 0.013665117308173335
0.966553868024004 | [ 7.25 -3.44] | -0.7048355794558838
0.9018779695959879 | [ 8.63 -4.08] | -1.3497358820669465
0.8021731412446252 | [10.22 -3.17] | -1.7634614210727781
0.6795694919585972 | [11.62 -0.96] | -1.9071176893053756
0.547335658948095 | [12.16  1.77] | -1.607118334402964
0.4264706852583966 | [10.94  7.  ] | -1.1830751981136773
0.31875849088792696 | [10.39 10.79] | -0.8779169483333096
0.2149059422956225 | [10.12 14.14] | -0.6099816590932469
0.11119116655718148 | [ 9.71 17.17] | -0.3538062736620126
0.00656742747598154 | [ 8.94 19.84] | -0.1021430893936829
-0.09896264125078699 | [ 7.82 22.17] | 0.1457643823505692
-0.20516776316919855 | [ 6.42 24.2 ] | 0.38925507815526356
-0.3118453710198655 | [ 4.83 25.96] | 0.6273340657632169
-0.41884639367539667 | [ 3.1  27.46] | 0.8585637287738038
-0.5260496647587637 | [ 1.24 28.73] | 1.0808314239632386
-0.633333135628214 | [-0.74 29.75] | 1.182742213401115
-0.7233784665114273 | [-3.48 28.64] | 1.14164190066561
-0.78340702562577 | [-5.61 27.37] | 1.003766318515019
-0.8153549736572804 | [-7.39 25.25] | 0.7459991873290605
-0.8191055929728092 | [-9.03 21.63] | 0.3640235732438767
-0.7916818183814917 | [-10.68  16.61] | -0.07735143362207628
-0.7314189794767407 | [-12.48  10.8 ] | -0.48170216596203386
-0.6401996048029668 | [-14.5    4.98] | -0.7631070138320645
-0.5238836585885959 | [-16.61  -0.17] | -0.7936912486379291
-0.3990296667272439 | [-17.14  -3.55] | -0.5820684418239676
-0.28213810426165564 | [-16.31  -4.82] | -0.31477065518233455
-0.17447184692827278 | [-15.55  -5.44] | -0.06373834676702202
-0.0712947365538028 | [-14.81  -5.79] | 0.17858540854860414
0.030471234972841852 | [-13.93  -5.94] | 0.41322222493397065
0.13243047667212401 | [-12.81  -5.85] | 0.6397779745998656
0.23506526592418064 | [-11.44  -5.55] | 0.8555946093536849
0.33827050952063165 | [-9.85 -5.04] | 1.057110539723008
0.44171679210835085 | [-8.09 -4.37] | 1.2406704181667807
0.5450140557017817 | [-6.18 -3.56] | 1.402702749847128
0.6477636063970532 | [-4.18 -2.64] | 1.5396612482009204
0.7495647516111998 | [-2.1  -1.66] | 1.6478622006633312
0.8500320158637789 | [-0.   -0.63] | 1.569824539232831
0.9367475872595813 | [ 2.46 -0.03] | 1.1775597767552777
0.9913264566941544 | [ 4.33 -0.1 ] | 0.6703992888823139
1.0101517934501196 | [ 5.36 -0.7 ] | 0.16524721687638702
0.9952296445274958 | [ 6.4  -2.46] | -0.44897527981123087
0.943033098231203 | [ 7.69 -4.01] | -1.1128683462485482
0.8540745698474245 | [ 9.23 -3.95] | -1.6249679648491964
0.7374096756592954 | [10.84 -2.27] | -1.8794494580049241
0.6061346797125795 | [11.85  0.32] | -1.7219926204690652
0.48000339538376247 | [11.18  4.9 ] | -1.3302956760403783
0.36741551257681576 | [10.37  9.18] | -0.9845674160880382
0.262139825952846 | [10.02 12.72] | -0.7027508270594925
0.1583015368705451 | [ 9.71 15.93] | -0.44133337257094485
0.05383531895745439 | [ 9.11 18.77] | -0.18671737471078043
-0.05159884864030998 | [ 8.14 21.25] | 0.06351838545412805
-0.157790256664 | [ 6.86 23.39] | 0.30866996952296344
-0.2644647578649584 | [ 5.35 25.23] | 0.5474451193102021
-0.3713932489698242 | [ 3.67 26.79] | 0.7782396383833023
-0.47838374871832595 | [ 1.85 28.08] | 0.998925503107956
-0.5852530314330958 | [-0.08 29.11] | 1.145910590302795
-0.6808697385312089 | [-2.66 28.72] | 1.1491173833789907
-0.7499206412918998 | [-5.11 27.29] | 1.0175602824472438
-0.7881168960521339 | [-7.08 25.1 ] | 0.7619272256362731
-0.7960692384521955 | [-8.85 21.45] | 0.37799082531602657
-0.771138107235584 | [-10.58  16.35] | -0.06672815219245624
-0.7119197373589885 | [-12.45  10.5 ] | -0.47017708615008297
-0.6208524697615477 | [-14.53   4.68] | -0.7460845695843896
-0.5044074695474171 | [-16.66  -0.44] | -0.7475427350751392
-0.3815083324551746 | [-16.83  -3.52] | -0.5216723654484612
-0.26723048236929947 | [-16.06  -4.73] | -0.26326901923738766
-0.16085174987399967 | [-15.36  -5.35] | -0.016130218358687727
-0.058137046830009954 | [-14.64  -5.71] | 0.22371412522277218
0.04363894460471936 | [-13.75  -5.85] | 0.4564885261688293
0.14579487329563787 | [-12.61  -5.75] | 0.6810175683324449
0.24864232828304184 | [-11.22  -5.43] | 0.8943147662946435
0.3520047119097018 | [-9.6 -4.9] | 1.0927910656320416
0.4555335070563157 | [-7.82 -4.21] | 1.272857329393919
0.55884080067517 | [-5.9  -3.39] | 1.4309958797444795
0.6615353799880886 | [-3.88 -2.47] | 1.563667514516314
0.7632237866089405 | [-1.8  -1.48] | 1.6671441199247705
0.8635304523972583 | [ 0.3  -0.45] | 1.532354018701767
0.9464036901887788 | [2.8  0.05] | 1.09808750481274
0.9951068195220438 | [ 4.44 -0.01] | 0.602884144464766
1.0094221308040128 | [ 5.34 -0.55] | 0.11714600809257436
0.9912031108839192 | [ 6.29 -2.11] | -0.45990062017524275
0.9372795675901991 | [ 7.61 -3.81] | -1.1007535154029064
0.8473459383208116 | [ 9.2  -3.81] | -1.6037171064484357
0.7299537175083728 | [10.83 -2.15] | -1.853415158472996
0.5981841522183214 | [11.85  0.44] | -1.6781224457762867
0.4725764199024292 | [11.09  5.21] | -1.2816829193773123
0.3606555288383466 | [10.31  9.43] | -0.9435157523212926
0.25556351930719867 | [ 9.98 12.96] | -0.6642147000141678
0.1517260951079249 | [ 9.65 16.14] | -0.4037296648494104
0.047204709364454964 | [ 9.03 18.96] | -0.14976876886859986
-0.0582876244256192 | [ 8.03 21.41] | 0.09954303449383604
-0.1645145869471352 | [ 6.73 23.51] | 0.3432119200185746
-0.27117845675109786 | [ 5.21 25.31] | 0.5797043722007296
-0.37802326000663794 | [ 3.51 26.81] | 0.8071852477441905
-0.4848268132078578 | [ 1.68 28.04] | 1.0232948100696155
-0.5913724286726696 | [-0.27 29.  ] | 1.1526275431497182
-0.6845337347513909 | [-2.95 28.32] | 1.1320559969029802
-0.7493147195735151 | [-5.4  26.74] | 0.9734347125599021
-0.7826058216471034 | [-7.4 24.2] | 0.6823825600754596
-0.7842421947771113 | [-9.19 20.12] | 0.2703945529462221
-0.7515170721958832 | [-10.98  14.72] | -0.17780800080850345
-0.6840444325180061 | [-12.94   8.78] | -0.5577518247980576
-0.5855973187807807 | [-15.07   3.07] | -0.7920944780672685
-0.4639476256430284 | [-17.15  -1.76] | -0.7043310506765464
-0.34265556901157757 | [-16.42  -3.97] | -0.43127939079255184
-0.23271476221326437 | [-15.71  -4.96] | -0.18204068873602824
-0.12849736563832054 | [-15.06  -5.52] | 0.061033399899151616
-0.026543855831204558 | [-14.33  -5.84] | 0.2978302505321092
0.07523310644254116 | [-13.38  -5.91] | 0.5279534796579592
0.17765762818908168 | [-12.16  -5.75] | 0.7492704353484765
0.28077944884591977 | [-10.69  -5.36] | 0.9584255976961192
0.38432121213358955 | [-9.02 -4.78] | 1.1518097848219657
0.4879089548346457 | [-7.19 -4.05] | 1.3258793193183545
0.5911545061635807 | [-5.23 -3.19] | 1.477111713297465
0.6936695573717148 | [-3.19 -2.24] | 1.601869783326552
0.7950648385376523 | [-1.09 -1.23] | 1.696284066197601
0.8949763407042461 | [ 1.02 -0.18] | 1.4409463757706527
0.969170131734273 | [ 3.6  -0.13] | 0.9172080423268855
1.0035777478966166 | [ 4.99 -0.58] | 0.42064443006848
1.0037980330892253 | [ 6.07 -2.  ] | -0.16610564422560592
0.9672404410926642 | [ 7.29 -3.78] | -0.849718401754573
0.8921810413538259 | [ 8.73 -4.22] | -1.4440088319863769
0.7850519786425046 | [10.36 -3.04] | -1.8018000504451932
0.6581297677110448 | [11.69 -0.65] | -1.8570526749820673
0.5262327258105203 | [11.9   2.56] | -1.5275753653521076
0.4069576036667464 | [10.74  7.55] | -1.121443038880168
0.2996684652706708 | [10.22 11.29] | -0.8209502740506618
0.19570480926668743 | [ 9.95 14.62] | -0.5535572380189774
0.09168223090561377 | [ 9.49 17.62] | -0.2966816581790229
-0.013283128527111668 | [ 8.67 20.25] | -0.04448042213215736
-0.11912363392586875 | [ 7.5  22.54] | 0.20327328398716782
-0.22558120135766788 | [ 6.07 24.51] | 0.4456472696561552
-0.3324304116233435 | [ 4.45 26.2 ] | 0.6814044045423373
-0.4394962021333485 | [ 2.69 27.64] | 0.9088593963052279
-0.5466272243569366 | [ 0.8  28.82] | 1.1152874672463986
-0.6516331877340954 | [-1.31 29.52] | 1.1819254659356355
-0.7355912212820503 | [-4.07 28.12] | 1.1015697047017576
-0.7876009011459458 | [-6.13 26.58] | 0.9218985706575696
-0.8109486834422202 | [-7.91 23.91] | 0.6123779208697311
-0.804286787856993 | [-9.58 19.67] | 0.19462728756577954
-0.7647453410908046 | [-11.31  14.23] | -0.24533208556691843
-0.6921147804249727 | [-13.23   8.32] | -0.6091964530050636
-0.5900957962542959 | [-15.33   2.7 ] | -0.8260841874548375
-0.46621877481939644 | [-17.39  -2.04] | -0.726460985130688
-0.3435954595581491 | [-16.63  -4.18] | -0.447203483559286
-0.23291192917734166 | [-15.87  -5.11] | -0.19449692421470374
-0.12837066675307213 | [-15.18  -5.62] | 0.05032619597374695
-0.026360758079052825 | [-14.42  -5.9 ] | 0.2879669948315631
0.07533011450104239 | [-13.45  -5.95] | 0.518632222223146
0.1776209317316561 | [-12.22  -5.77] | 0.7404935459415853
0.2806133261537963 | [-10.75  -5.38] | 0.9502604678904042
0.38404959121726057 | [-9.08 -4.8 ] | 1.1442838137272284
0.48755782949697984 | [-7.24 -4.06] | 1.3189624694075457
0.5907446067520591 | [-5.29 -3.2 ] | 1.4707423176981373
0.6932149221405335 | [-3.25 -2.25] | 1.5959996811540504
0.7945737337694058 | [-1.15 -1.24] | 1.690924372212527
0.8944531521777923 | [ 0.95 -0.19] | 1.4420742791628098
0.969140472055292 | [ 3.53 -0.11] | 0.9231094828386989
1.0044496801540816 | [ 4.92 -0.52] | 0.4280829035980169
1.0056739552945113 | [ 5.98 -1.87] | -0.1496328269224565
0.9704406602211763 | [ 7.2  -3.74] | -0.8309565837092663
0.8966739359936314 | [ 8.62 -4.27] | -1.4326994329539595
0.7904532970365599 | [10.25 -3.16] | -1.8010120992426586
0.6639626948654835 | [11.6  -0.82] | -1.888105076397239
0.5310465067681743 | [11.94  2.14] | -1.5668321145515678
0.41068372870089087 | [10.71  7.28] | -1.1491058750525374
0.30306573053660724 | [10.17 11.05] | -0.8448776243802801
0.19905038953907242 | [ 9.89 14.41] | -0.5757475091033285
0.09504519951977942 | [ 9.46 17.44] | -0.31764086254649854
-0.009909893694561068 | [ 8.66 20.1 ] | -0.06427455961719673
-0.11575896895433221 | [ 7.51 22.42] | 0.18465485721478447
-0.22223792396947437 | [ 6.1  24.41] | 0.4282375564064312
-0.32911730249725973 | [ 4.49 26.13] | 0.665291839061173
-0.43622371789306763 | [ 2.73 27.59] | 0.8942165035439851
-0.5434121203269571 | [ 0.85 28.79] | 1.1053026236896901
-0.6490635950005313 | [-1.22 29.58] | 1.177178327062797
-0.7340336405157454 | [-3.98 28.2 ] | 1.1029160151055408
-0.7871003585305141 | [-6.05 26.74] | 0.9327610747537329
-0.8117872792842716 | [-7.82 24.18] | 0.6343830965200244
-0.8069166505187623 | [-9.48 20.06] | 0.22451418253773373
-0.7695451885365497 | [-11.19  14.69] | -0.2143982286994075
-0.699171381406689 | [-13.1   8.8] | -0.5844199510275735
-0.5991268197961742 | [-15.19   3.14] | -0.8118753457569199
-0.4765943944505413 | [-17.27  -1.67] | -0.7235913663417363
-0.3545001773057763 | [-16.59  -3.96] | -0.4505280190675754
-0.24388874171674504 | [-15.88  -4.95] | -0.20016985395516834
-0.13932588031154186 | [-15.2   -5.49] | 0.04362017767915913
-0.03735967215199752 | [-14.45  -5.78] | 0.28044583161980186
0.06421118819502256 | [-13.49  -5.84] | 0.5101889736106956
0.16633265160851254 | [-12.28  -5.66] | 0.7309964375471258
0.26912532444316895 | [-10.83  -5.28] | 0.9395493819827679
0.3723356382402977 | [-9.17 -4.7 ] | 1.1321472671263224
0.47558750014658074 | [-7.36 -3.97] | 1.3051656794654327
0.5784816021653937 | [-5.43 -3.12] | 1.4550846833709532
0.6806187940560348 | [-3.41 -2.18] | 1.5783968699473734
0.7816034655478993 | [-1.33 -1.17] | 1.6715796862827201
0.8810744114868128 | [ 0.75 -0.14] | 1.447272292855521
0.9576113950278815 | [3.24 0.24] | 0.9462230422942816
0.9967755350351456 | [4.53 0.3 ] | 0.4701514500550906
1.003791046359196 | [5.16 0.15] | 0.0365473113274938
0.981773568570271 | [ 5.73 -0.3 ] | -0.3813209381782326
0.9315223111672776 | [ 6.72 -1.33] | -0.8615439794713927
0.8503499889877355 | [ 8.41 -2.8 ] | -1.3691816856526813
0.7390084203331682 | [10.2  -2.11] | -1.6914734789925356
0.6088202469292119 | [11.54  0.08] | -1.6249992263619517
0.48014268189402753 | [11.16  4.36] | -1.2648378562681015
0.3651468583587614 | [10.19  8.9 ] | -0.9092658106134777
0.25908358282482663 | [ 9.74 12.54] | -0.6234345817580814
0.1551463812819548 | [ 9.39 15.79] | -0.35979853905146797
0.05078888740608338 | [ 8.77 18.66] | -0.10450365658786642
-0.054490085060747574 | [ 7.8  21.13] | 0.1443773000894003
-0.16044640220857265 | [ 6.52 23.2 ] | 0.3851588408394362
-0.2666822059390609 | [ 5.   24.92] | 0.6154808703441563
-0.3728181593298892 | [ 3.3  26.31] | 0.8327963450277489
-0.4785090089603225 | [ 1.45 27.37] | 1.0340815823445146
-0.5834195840531683 | [-0.51 28.12] | 1.1285497076289865
-0.6712384375166346 | [-3.46 26.89] | 1.0490054494774401
-0.7263507917118898 | [-6.06 24.65] | 0.8093736873683387
-0.7464857400218309 | [-8.21 21.02] | 0.42617821050773236
-0.7300054261990172 | [-10.17  15.86] | -0.034431611024990164
-0.6755499666526484 | [-12.2    9.88] | -0.454737386929142
-0.5864508773879437 | [-14.39   3.96] | -0.7371705800023348
-0.4707634981029759 | [-16.53  -1.13] | -0.6825786427803898
-0.352931155588975 | [-15.92  -3.57] | -0.4247179652765077
-0.24484675532278544 | [-15.33  -4.72] | -0.18333167632485178
-0.1414738058635926 | [-14.78  -5.4 ] | 0.05608404289866918
-0.03978742187114537 | [-14.13  -5.79] | 0.29127981035961176
0.0620062544528777 | [-13.23  -5.92] | 0.520476206648774
0.16454035218459578 | [-12.05  -5.78] | 0.7409558045918314
0.26776310872380316 | [-10.62  -5.42] | 0.9492024768436172
0.3713524818311199 | [-8.96 -4.86] | 1.1416257554348466
0.47492128877434436 | [-7.15 -4.13] | 1.3147518838834322
0.5780828553419796 | [-5.21 -3.28] | 1.4651161667485508
0.6804552049278212 | [-3.18 -2.33] | 1.5890971932765066
0.7816573978834347 | [-1.09 -1.33] | 1.68285264546578
0.8813361159103518 | [ 1.   -0.28] | 1.4370607513941327
0.9552883812352108 | [ 3.68 -0.27] | 0.9185300800853081
0.9890081686292213 | [ 5.19 -0.81] | 0.39826728031830716
0.9869479243858128 | [ 6.44 -2.45] | -0.2422075616128578
0.9457924424318098 | [ 7.72 -3.85] | -0.9404761778389662
0.8657417723179405 | [ 9.21 -3.88] | -1.502027589323445
0.7551413917236386 | [10.85 -2.38] | -1.811648503040981
0.6268265096484033 | [12.04  0.14] | -1.719043909031603
0.5002308012428964 | [11.62  4.49] | -1.3489661439351956
0.38651535108156665 | [10.76  8.87] | -0.9960273486096151
0.28100171964259407 | [10.38 12.42] | -0.7135827173850707
0.1773745842420264 | [10.09 15.63] | -0.4544584423940306
0.07329800510628504 | [ 9.52 18.48] | -0.20302358417115213
-0.03172287081963597 | [ 8.58 20.97] | 0.04425128057845097
-0.1375439643156145 | [ 7.32 23.13] | 0.28707980122834825
-0.243919640315424 | [ 5.83 24.98] | 0.5243326744106175
-0.35063474321334553 | [ 4.16 26.56] | 0.7544816049493818
-0.4575042337752107 | [ 2.36 27.89] | 0.9754511099178129
-0.5643491695046338 | [ 0.43 28.96] | 1.1537716975755907
-0.6652045518139682 | [-1.9  29.14] | 1.1892970253445125
-0.7426160718298512 | [-4.57 27.67] | 1.0771062309322348
-0.7881216659528099 | [-6.62 25.75] | 0.8494544884734696
-0.8036729111381837 | [-8.41 22.49] | 0.48814708070130863
-0.7871164891997968 | [-10.11  17.7 ] | 0.04157541790507727
-0.7362593199692192 | [-11.92  11.94] | -0.3904666655150225
-0.6524717637735687 | [-13.93   6.01] | -0.712457836014165
-0.5412837003431005 | [-16.06   0.63] | -0.843509123731757
-0.4140567383049091 | [-17.54  -3.44] | -0.6812347038597354
-0.2922223549132866 | [-16.52  -4.9 ] | -0.3920072504638995
-0.18249997442918747 | [-15.66  -5.59] | -0.1348644176386571
-0.07846471284248793 | [-14.93  -6.01] | 0.11161305175978602
0.023669796684524624 | [-14.13  -6.24] | 0.3505400842883711
0.1258782661236046 | [-13.08  -6.24] | 0.5824445216010814
0.2288344258142801 | [-11.76  -6.01] | 0.8052463229470298
0.3325186815142424 | [-10.19  -5.56] | 1.015728859221694
0.43664638492537083 | [-8.43 -4.93] | 1.2104562746258083
0.5408596226883158 | [-6.52 -4.14] | 1.3859450299418965
0.6447870387433116 | [-4.5  -3.24] | 1.53857787981712
0.7480504340412089 | [-2.39 -2.26] | 1.66437194886441
0.8502638889105222 | [-0.24 -1.22] | 1.6639804028033984
0.9421898196136052 | [ 2.35 -0.74] | 1.354862538438333
1.0038780877820142 | [ 4.76 -1.45] | 0.8235077595527501
1.0264021367697695 | [ 6.39 -2.87] | 0.1604373145787712
1.0089027708801133 | [ 7.53 -4.18] | -0.5982001611018849
0.950142699094177 | [ 8.66 -4.77] | -1.2843408725904222
0.8554205322118328 | [10.09 -4.06] | -1.756237017451671
0.7357108328032744 | [11.56 -2.02] | -1.9658705925296103
0.6034957665633087 | [12.37  0.67] | -1.7321126328642824
0.4794862477663668 | [11.41  5.67] | -1.314123191098559
0.36920053931645536 | [10.72  9.68] | -0.9865260933437983
0.2647514517499179 | [10.42 13.1 ] | -0.7127104284626518
0.16128873769875732 | [10.08 16.19] | -0.4566796743916724
0.05717652487919764 | [ 9.41 18.94] | -0.20629672704997665
-0.0478495045609956 | [ 8.37 21.36] | 0.04088932227752053
-0.15363552497183963 | [ 7.05 23.46] | 0.28457398666815614
-0.2599851019375877 | [ 5.52 25.3 ] | 0.5237869650596232
-0.36673337149954105 | [ 3.84 26.89] | 0.7571124604964643
-0.4737397564388298 | [ 2.04 28.24] | 0.982547153160002
-0.5808675678434067 | [ 0.12 29.35] | 1.1480037979365953
-0.6791316617207775 | [-2.33 29.26] | 1.1745583353759619
-0.7527941925661135 | [-4.79 27.97] | 1.073001573146915
-0.7964563339799833 | [-6.71 26.21] | 0.8624757668508578
-0.8118191141716334 | [-8.42 23.15] | 0.5215203217795769
-0.7966813608818943 | [-10.07  18.54] | 0.09063431360802034
-0.7485074260696774 | [-11.82  12.9 ] | -0.3375350177988582
-0.6679309602699776 | [-13.79   6.99] | -0.6682022747087364
-0.5595745833025363 | [-15.9    1.53] | -0.8431119461840806
-0.43166353436723043 | [-17.87  -2.92] | -0.7113602707170839
-0.3073519755039826 | [-16.86  -4.66] | -0.4188376980234904
-0.19625752745891056 | [-15.96  -5.41] | -0.161571774535435
-0.09164734058639318 | [-15.2   -5.84] | 0.0850181043001035
0.010497499499315426 | [-14.39  -6.08] | 0.3240836673883104
0.11243806600877479 | [-13.38  -6.1 ] | 0.5563470193353061
0.21506286493040125 | [-12.09  -5.89] | 0.7799811688479718
0.3184587944857997 | [-10.55  -5.47] | 0.9917553874040892
0.42237401985901796 | [-8.82 -4.86] | 1.188135036235402
0.5264519139474062 | [-6.93 -4.1 ] | 1.3655771940740495
0.6303138531462729 | [-4.92 -3.22] | 1.5204809047363317
0.7335755091536121 | [-2.83 -2.25] | 1.6490263884567797
0.8358455881024206 | [-0.68 -1.22] | 1.70666925264109
0.9329756249399652 | [ 1.68 -0.4 ] | 1.4291046391884707
1.0028147240517533 | [ 4.11 -0.71] | 0.9199257254381144
1.0338435878507382 | [ 5.67 -1.93] | 0.3526902497443374
1.0279695545788416 | [ 6.87 -3.65] | -0.3571650901538652
0.9819503612204793 | [ 7.96 -4.76] | -1.0787054671242338
0.8978606907923425 | [ 9.29 -4.65] | -1.6361368799297866
0.7847237128854709 | [10.83 -3.07] | -1.9374543477996826
0.6550174628283782 | [11.95 -0.52] | -1.927632418340104
0.5234126145310378 | [11.89  2.87] | -1.5724442074095646
0.4050798005004432 | [10.76  7.68] | -1.1691242437210427
0.29809950568148336 | [10.27 11.35] | -0.8688182795421033
0.19420163039797692 | [ 9.99 14.65] | -0.6011036575794892
0.09021734098246141 | [ 9.5  17.62] | -0.3436137291805224
-0.014647400965147082 | [ 8.64 20.23] | -0.09042461459936904
-0.1203345972135099 | [ 7.45 22.52] | 0.15904536515295875
-0.22663841675670476 | [ 6.02 24.52] | 0.404291918317865
-0.33339513389522557 | [ 4.41 26.27] | 0.6444665789681049
-0.4404924989118698 | [ 2.66 27.78] | 0.8782144844906394
-0.5478434465781973 | [ 0.79 29.05] | 1.0926676156514932
-0.6532812446386405 | [-1.3  29.86] | 1.1209496537329964
-0.7308880418575984 | [-4.36 27.21] | 0.9610423407077261
-0.7639681569200606 | [-6.16 26.  ] | 0.8122462497141425
-0.772829710242758 | [-7.85 23.5 ] | 0.5406204538680449
-0.7546304500708179 | [-9.59 19.43] | 0.17480132713101235
-0.7059905333073564 | [-11.49  14.16] | -0.2105713095098855
-0.6259655852859222 | [-13.6    8.35] | -0.520155909294203
-0.51786233485908 | [-15.8    2.86] | -0.6823613104781499
-0.3896113147681885 | [-17.81  -1.64] | -0.5645944180973478
-0.26470660009773667 | [-16.71  -3.74] | -0.29235972083575884
-0.15321785761605913 | [-15.7   -4.58] | -0.04391353593033904
-0.04852733469700361 | [-14.82  -5.01] | 0.1981145079750198
0.05341743410221861 | [-13.89  -5.2 ] | 0.4337366235533672
0.15496487718270957 | [-12.78  -5.15] | 0.6613032569393784
0.25704330044762635 | [-11.42  -4.88] | 0.8773421038611197
0.35972088817388626 | [-9.84 -4.39] | 1.07763924676285
0.4626945142657305 | [-8.07 -3.73] | 1.2581814262590294
0.5655444133002361 | [-6.16 -2.93] | 1.4153560407305423
0.667831445241906 | [-4.15 -2.03] | 1.5458607039323913
0.7691222063465235 | [-2.08 -1.07] | 1.6466096932643788
0.8690120221789241 | [ 0.01 -0.06] | 1.527222056537258
0.954977291359443 | [2.09 1.09] | 1.0871871168018024
1.010101165155042 | [3.2  2.04] | 0.5766147863518959
1.0326634226952127 | [3.5  2.46] | 0.12457012820140674
1.0274491149341733 | [3.53 2.6 ] | -0.3018609049320899
0.9967700926111929 | [3.54 2.42] | -0.6689041022362702
0.9442983620395031 | [3.71 2.15] | -0.9446071011414351
0.8745807571614179 | [4.09 2.02] | -1.118911068431763
0.7919055859688671 | [4.63 2.17] | -1.199177187763754
0.6997197564216819 | [5.23 2.61] | -1.20043559050383
0.6005553039664969 | [5.82 3.28] | -1.1390204051045518
0.4961956663054641 | [6.32 4.13] | -1.0301211511355655
0.387959414594244 | [6.65 5.09] | -0.8874330384896916
0.27698458090885036 | [6.74 6.07] | -0.7236775960834376
0.1643962323100561 | [6.56 7.  ] | -0.5510723622857504
0.05135576063874707 | [6.09 7.82] | -0.3808421626589425
-0.0609927906899662 | [5.34 8.47] | -0.22207297730629955
-0.17161751410912268 | [4.37 8.93] | -0.08086035367104231
-0.2796626403062365 | [3.24 9.21] | 0.039611595842507404
-0.3844509308134112 | [2.02 9.32] | 0.13829250673995808
-0.48544671853753113 | [0.76 9.28] | 0.17333052102019522
-0.5778852173717015 | [-0.93  8.41] | -0.15459274851706398
-0.6297244531216402 | [-5.25  2.43] | -0.5383557114681243
-0.6351320964033005 | [-6.23  1.38] | -0.2824252987540539
-0.638599307909084 | [-7.56 -0.43] | -0.4828990560295048
-0.6139760011440556 | [-9.15 -2.93] | -0.6154352659773843
-0.565275384375097 | [-10.39  -4.59] | -0.6250040119699453
-0.49974553416444917 | [-11.56  -5.82] | -0.5603725606376653
-0.4216195602464074 | [-12.59  -6.69] | -0.43541231449732054
-0.3342836128835719 | [-13.37  -7.23] | -0.26483846812811346
-0.24035345250452078 | [-13.81  -7.5 ] | -0.06287712118795362
-0.141857056195823 | [-13.87  -7.53] | 0.15768033175050444
-0.0403573966269716 | [-13.53  -7.35] | 0.3860933064154054
0.0629835492864722 | [-12.83  -6.99] | 0.6139578032362221
0.16733946718496645 | [-11.82  -6.48] | 0.8350081595478123
0.2721343978613647 | [-10.54  -5.84] | 1.0445042156830615
0.37695595060668824 | [-9.03 -5.08] | 1.2385600927874687
0.4814839461703034 | [-7.34 -4.22] | 1.4136257393557277
0.5854379778122708 | [-5.5  -3.28] | 1.5661440779038898
0.6885409483183442 | [-3.55 -2.28] | 1.6922860011194791
0.7905174375448493 | [-1.52 -1.24] | 1.787887808562852
0.8910970879212581 | [ 0.53 -0.17] | 1.5722156863441208
0.9707703580576444 | [2.95 0.23] | 1.0513031078977935
1.013699861555696 | [4.29 0.07] | 0.5348695823182784
1.0227483368395582 | [ 5.02 -0.59] | 0.06637659751345049
1.0003542358607431 | [ 5.91 -2.3 ] | -0.4725080973735561
0.9440640829865418 | [ 7.14 -4.18] | -1.1107839690512638
0.8525116912828802 | [ 8.56 -4.58] | -1.6444122321585222
0.7335401310822341 | [ 9.93 -3.24] | -1.911572769723533
0.6012835143955348 | [10.61 -0.85] | -1.9148283254056337
0.4688537235250428 | [10.24  1.81] | -1.568945200448412
0.35097434988122406 | [8.89 7.14] | -1.1543946904674425
0.24457586105402154 | [ 8.37 11.14] | -0.8467427390999764
0.14049782957327317 | [ 8.1  14.72] | -0.5665017127674216
0.03557033039591016 | [ 7.65 17.93] | -0.29405641025196033
-0.07065715639619613 | [ 6.83 20.72] | -0.02711434614670164
-0.17777843269119403 | [ 5.66 23.09] | 0.23260816448635604
-0.2853197876846261 | [ 4.22 25.09] | 0.48337594231691694
-0.39293321757609534 | [ 2.59 26.76] | 0.7237497409700997
-0.5003802907211706 | [ 0.8  28.14] | 0.9439686788488151
-0.6055291436012396 | [-1.22 29.03] | 1.0415873310939658
-0.6897681894753905 | [-3.91 27.96] | 0.9980298581903374
-0.7422554870896843 | [-6.01 26.57] | 0.8485620358422492
-0.7658531601575589 | [-7.88 23.92] | 0.5716574823787784
-0.7591323700868076 | [-9.67 19.68] | 0.19715331155041088
-0.7195784657237551 | [-11.53  14.33] | -0.18804212018552574
-0.6474611622670388 | [-13.57   8.62] | -0.4952220131196837
-0.5465525560829981 | [-15.76   3.22] | -0.6647764078124803
-0.4239125949473864 | [-17.9   -1.33] | -0.5570787553346573
-0.30192044229370424 | [-17.18  -3.41] | -0.29623970840053454
-0.191267107323223 | [-16.44  -4.32] | -0.05682935515205281
-0.08654819275795486 | [-15.72  -4.8 ] | 0.1792946850949878
0.015620752556764324 | [-14.93  -5.03] | 0.41115743707031516
0.11741945099161538 | [-13.92  -5.05] | 0.6373779979518888
0.2198183415913246 | [-12.65  -4.85] | 0.8554219835380799
0.3229801411528539 | [-11.14  -4.45] | 1.0618135577452734
0.4266980590146848 | [-9.43 -3.88] | 1.2529461913267694
0.530642000417268 | [-7.55 -3.15] | 1.4253253491302929
0.6344548771194399 | [-5.55 -2.32] | 1.5754859011107192
0.7377745709819361 | [-3.46 -1.4 ] | 1.699857780932034
0.8402292332440963 | [-1.3  -0.42] | 1.7551437772588732
0.9411864131902848 | [0.51 1.08] | 1.4598395636321677
1.0222722579169117 | [1.92 2.28] | 0.8937788113062761
1.0687500108772763 | [2.49 2.21] | 0.33686306262108867
1.0825495028712544 | [2.51 1.74] | -0.1963066323665942
1.0663996029201441 | [2.35 0.9 ] | -0.663979096088146
1.0237358221828303 | [2.38e+00 5.99e-04] | -0.9038067556591883
0.9628476350350054 | [ 3.08 -0.91] | -0.845737098312022
0.8929592609958766 | [ 4.39 -1.49] | -0.67286716097368
0.8167634341216182 | [ 5.86 -1.51] | -0.5513430370799166
0.7315017159276903 | [ 7.34 -1.2 ] | -0.5390538768381944
0.6321709114066384 | [ 8.95 -0.55] | -0.6522683573108757
0.5157987861968075 | [10.31  1.06] | -0.7496197556877716
0.39413183004202196 | [9.67 4.99] | -0.6726372351506231
0.2798904482422067 | [8.62 8.22] | -0.5185868907806673
0.17286165332384307 | [ 7.47 10.94] | -0.35109819433646244
0.07079730977239931 | [ 6.26 13.05] | -0.19025913241595704
-0.02817508517579554 | [ 4.96 14.55] | -0.041417895888914646
-0.1249623894405498 | [ 3.61 15.53] | 0.09409973228520957
-0.21982122541872232 | [ 2.26 16.13] | 0.2159322185196378
-0.3127114402617344 | [ 0.92 16.45] | 0.31755386764035226
-0.40214020377677945 | [-0.53 16.39] | 0.23603681328688167
-0.461638492768695 | [-4.69 12.77] | -0.1129010748808404
-0.46670820387126927 | [-8.74  7.15] | -0.5496663641120837
-0.4169820940860107 | [-12.12   1.05] | -0.8664225017074598
-0.32516032148983903 | [-14.77  -4.06] | -0.8215235193670596
-0.22162895258255647 | [-14.32  -5.75] | -0.572644828940339
-0.12141232733760499 | [-14.04  -6.73] | -0.33675178227644087
-0.021374337184397258 | [-13.8   -7.33] | -0.09158622874204697
0.07995481717077721 | [-13.43  -7.67] | 0.16006127424868966
0.1830356061137666 | [-12.71  -7.72] | 0.4110368755823752
0.28759240024378263 | [-11.59  -7.5 ] | 0.6561353272591717
0.39316283262169105 | [-10.14  -7.05] | 0.8922496251918223
0.49937205943281365 | [-8.44 -6.43] | 1.1173653004632647
0.6059699410844371 | [-6.56 -5.66] | 1.3295974240503732
0.7127908401652553 | [-4.54 -4.76] | 1.5266650119988765
0.8197088441722973 | [-2.4  -3.76] | 1.7056596588953454
0.9266026009424896 | [-0.16 -2.67] | 1.768143755726468
1.0247694526288402 | [ 2.36 -2.1 ] | 1.5983726533892628
1.0979983982236254 | [ 4.55 -2.77] | 1.2752613642186434
1.1404569759940162 | [ 6.01 -3.77] | 0.8587837135655206
1.1538279377904082 | [ 6.99 -4.95] | 0.2941713816280512
1.1356882406586344 | [ 7.65 -6.14] | -0.386645326006303
1.0834509310231497 | [ 8.33 -6.93] | -1.076967851123762
0.9980294903695839 | [ 9.33 -6.78] | -1.647021933827123
0.8850397447867115 | [10.75 -5.34] | -2.004860132436799
0.7540052147604562 | [12.24 -2.79] | -2.135221196695285
0.615020258671032 | [12.99  0.16] | -1.9208935013963635
0.4839493448422233 | [12.12  4.47] | -1.4948944996411808
0.3685524104617225 | [11.03  8.69] | -1.1196283524675381
0.2623946777603812 | [10.55 12.16] | -0.8252136579419213
0.15863512911596495 | [10.17 15.3 ] | -0.5579239423730455
0.05466526669133484 | [ 9.53 18.12] | -0.29923667494659906
-0.05020030060251621 | [ 8.54 20.62] | -0.04462515900798244
-0.1559139208260328 | [ 7.26 22.82] | 0.20599694605995136
-0.26226565081725967 | [ 5.77 24.74] | 0.4516667746511014
-0.3690563653718166 | [ 4.12 26.42] | 0.6910637221679878
-0.47612741667592606 | [ 2.34 27.86] | 0.9224589259573948
-0.5833487853001951 | [ 0.44 29.06] | 1.1115261585863372
-0.6850035539580511 | [-1.84 29.39] | 1.1462396543441866
-0.7623954591335727 | [-4.54 27.55] | 1.0073232212978016
-0.8022877775545546 | [-6.38 26.1 ] | 0.8295394033124195
-0.8160698083623261 | [-8.04 23.42] | 0.5247200577835379
-0.8013870872755247 | [-9.69 19.18] | 0.12091836278479551
-0.755176707753254 | [-11.45  13.78] | -0.30058516065673074
-0.6770234303880212 | [-13.42   7.9 ] | -0.6425875275803922
-0.5705679432495929 | [-15.54   2.34] | -0.8343309251295137
-0.44359893552875684 | [-17.56  -2.26] | -0.719405330764475
-0.3193032760247342 | [-16.64  -4.33] | -0.43388444847588303
-0.2079334018701876 | [-15.76  -5.18] | -0.1772412691891655
-0.10319751373221656 | [-14.98  -5.64] | 0.07015142020678947
-0.0011975787291177258 | [-14.14  -5.87] | 0.3098029847842536
0.10039872917089848 | [-13.12  -5.87] | 0.5417790029029019
0.2025522852374758 | [-11.84  -5.64] | 0.7638000654218507
0.3053652329978869 | [-10.33  -5.2 ] | 0.9721899434740877
0.4085595531708733 | [-8.63 -4.58] | 1.1630618279843172
0.5117342504537047 | [-6.78 -3.81] | 1.3327205769059625
0.614465389127275 | [-4.81 -2.92] | 1.4776589611689717
0.7163311641424017 | [-2.77 -1.95] | 1.5944330192981429
0.8169245275575379 | [-0.68 -0.93] | 1.634324336124845
0.9120011255192577 | [ 1.57 -0.07] | 1.3277717382285712
0.9792029291691847 | [ 3.88e+00 -2.24e-03] | 0.7996115208884255
1.0080223868288485 | [ 5.07 -0.37] | 0.3045363168339948
1.0034951384494186 | [ 5.98 -1.58] | -0.2651524600951991
0.9630094525295776 | [ 7.21 -3.64] | -0.9334092105172627
0.8845351955026237 | [ 8.69 -4.14] | -1.5082405332333413
0.774874180358997 | [10.34 -2.92] | -1.8412207646140497
0.6466373722000729 | [11.61 -0.51] | -1.85439056547977
0.5154698053660821 | [11.64  2.89] | -1.5112176027374904
0.39726196880379255 | [10.53  7.76] | -1.1134468976533802
0.2902735592212465 | [10.05 11.47] | -0.8147342811343412
0.18625184325260571 | [ 9.78 14.8 ] | -0.5467396968540957
0.08202938466917412 | [ 9.3  17.79] | -0.2884452255563855
-0.023158382284096 | [ 8.46 20.41] | -0.03481756932581942
-0.12919577719002945 | [ 7.28 22.69] | 0.2141082350896255
-0.2358116724159688 | [ 5.84 24.65] | 0.45734137454790924
-0.34277948475383024 | [ 4.22 26.33] | 0.6936400257212392
-0.4499270975439125 | [ 2.45 27.75] | 0.9213200947817111
-0.5571071279815317 | [ 0.56 28.92] | 1.1147692960157727
-0.6597144923159853 | [-1.68 29.36] | 1.1695889261112262
-0.7400689230227528 | [-4.33 28.02] | 1.0833421653126705
-0.789180372572674 | [-6.34 26.41] | 0.893115661319594
-0.8096711798299773 | [-8.1  23.59] | 0.572229710053808
-0.7998512644533143 | [-9.77 19.2 ] | 0.15029901234634435
-0.7569909443050683 | [-11.51  13.68] | -0.2831201627626201
-0.6812749976927155 | [-13.46   7.77] | -0.6314477755216364
-0.5768018049464393 | [-15.58   2.23] | -0.829378735250523
-0.45137132811645503 | [-17.61  -2.39] | -0.7158667419736869
-0.3280934661029867 | [-16.76  -4.36] | -0.43160316731515075
-0.21723463050944208 | [-15.95  -5.21] | -0.17745555956501435
-0.11264904591870174 | [-15.23  -5.69] | 0.06780309430568432
-0.0105716474325562 | [-14.46  -5.95] | 0.3058586045402814
0.09123234771453537 | [-13.47  -5.99] | 0.5371199721828889
0.19367525195433963 | [-12.22  -5.8 ] | 0.7597603318671952
0.29685693964849047 | [-10.72  -5.39] | 0.970519525729997
0.4005257455083173 | [-9.02 -4.8 ] | 1.165804025878187
0.5043193814870186 | [-7.16 -4.06] | 1.3420420810779687
0.6078535141794799 | [-5.19 -3.19] | 1.495656954877451
0.7107400404242028 | [-3.12 -2.23] | 1.6229328531889275
0.8125864432520983 | [-1.   -1.22] | 1.7192667461437872
0.9129686990462605 | [ 1.14 -0.17] | 1.461232029222325
0.9878092441352773 | [ 3.64 -0.17] | 0.9386486894024448
1.0232547675399386 | [ 4.99 -0.74] | 0.4493845676021238
1.0248501794139888 | [ 6.11 -2.42] | -0.14502172811452377
0.9897367187270406 | [ 7.25 -4.13] | -0.8401055114806051
0.9162583662457535 | [ 8.6  -4.62] | -1.4511692783876848
0.8104271104856823 | [10.18 -3.54] | -1.8310829992223383
0.6840875157099281 | [11.56 -1.21] | -1.9551450601548657
0.5496970373093663 | [12.07  1.49] | -1.6399644494598806
0.4278039308354295 | [10.8   6.82] | -1.2050669918780301
0.31967739361989495 | [10.23 10.65] | -0.8954384947296221
0.21561422358759547 | [ 9.96 14.03] | -0.6249334806221081
0.11174391382639666 | [ 9.55 17.08] | -0.3666298776383832
0.006964913323997936 | [ 8.79 19.78] | -0.11302514885260716
-0.09872371047700813 | [ 7.67 22.13] | 0.13657247512215626
-0.2050757351078165 | [ 6.29 24.16] | 0.38137370965129624
-0.3118692268575603 | [ 4.71 25.93] | 0.6202808633853782
-0.41893782066370283 | [ 2.98 27.43] | 0.8517973847127849
-0.5261461187025493 | [ 1.12 28.69] | 1.073777710648444
-0.6333596137420632 | [-0.85 29.7 ] | 1.1687358878975804
-0.7221801005804224 | [-3.62 28.48] | 1.1190196366788046
-0.7800481453504639 | [-5.73 27.17] | 0.9736353158099103
-0.8097118910720437 | [-7.52 24.91] | 0.7050674077542914
-0.8106735150944578 | [-9.18 21.12] | 0.31627040490862157
-0.7799349058468439 | [-10.86  15.97] | -0.12105742195026475
-0.7162453480881585 | [-12.71  10.14] | -0.509751846413033
-0.6220089232722907 | [-14.77   4.39] | -0.768573770405217
-0.5035402070668752 | [-16.88  -0.64] | -0.7419083263072884
-0.38080424637033305 | [-16.8   -3.55] | -0.5022642490843211
-0.2675356787112525 | [-16.08  -4.71] | -0.2478955426707815
-0.16157884776555262 | [-15.38  -5.31] | -0.0021449036101506835
-0.05909914614876236 | [-14.64  -5.63] | 0.2362871819141605
0.042476135823386205 | [-13.72  -5.73] | 0.4673503672390328
0.14440632182241495 | [-12.56  -5.6 ] | 0.6897338367368663
0.2469851693431746 | [-11.16  -5.26] | 0.900351353476805
0.35002809974054044 | [-9.55 -4.72] | 1.0955119502146593
0.45317679427071084 | [-7.78 -4.02] | 1.2715577785412495
0.5560319184606051 | [-5.87 -3.19] | 1.4249763568144433
0.658191880724189 | [-3.87 -2.27] | 1.5523373501575315
0.7592577011592975 | [-1.81 -1.28] | 1.6502413597717085
0.8588612489770933 | [ 0.27 -0.26] | 1.5051430514332786
0.9413372730749769 | [2.63 0.49] | 1.0604534292546834
0.9904412063050597 | [4.01 0.96] | 0.5682156328051557
1.0072224115453898 | [4.37 1.78] | 0.1465364879997058
0.9973080356118794 | [4.49 2.49] | -0.22161533934736746
0.964048736151306 | [4.65 3.08] | -0.531813560170919
0.9111822366991471 | [4.89 3.46] | -0.7731232536232646
0.8424615918342141 | [5.23 3.74] | -0.9365677152947962
0.761317401945465 | [5.64 4.08] | -1.0219741781618195
0.6706603454055976 | [6.07 4.58] | -1.0370768738757152
0.5728308611947474 | [6.46 5.25] | -0.993607555884419
0.4697062467397414 | [6.72 6.04] | -0.9046978166806094
0.3628843778342852 | [6.79 6.9 ] | -0.7838972481575164
0.2538135497059157 | [6.62 7.76] | -0.6443019145007735
0.14382250560227294 | [6.2  8.53] | -0.49750033001113464
0.034084885155132125 | [5.54 9.19] | -0.3528948930520109
-0.07441742931707938 | [4.68 9.7 ] | -0.21725073301468217
-0.18090173460463832 | [ 3.69 10.06] | -0.09486060978019527
-0.28475470313882734 | [ 2.6  10.27] | 0.011855308108290523
-0.38548574588808376 | [ 1.47 10.35] | 0.1017390528927921
-0.4826894745606535 | [ 0.32 10.3 ] | 0.05560770604915218
-0.5635499202721439 | [-2.06  8.12] | -0.33733402471818164
-0.5981492800661042 | [-6.2   2.16] | -0.9096646600765226
-0.5738289784885994 | [-9.68 -3.46] | -1.1419777933694446
-0.5145499571708023 | [-11.17  -5.84] | -0.7542992179770456
-0.46224247244858424 | [-9.89 -3.95] | -0.4905270215638293
-0.407417002800355 | [-11.27  -5.74] | -0.4675750348047211
-0.33383309304159414 | [-12.41  -7.03] | -0.36063673899317894
-0.2471473669328448 | [-13.15  -7.79] | -0.18943373125410612
-0.1520320619287609 | [-13.44  -8.11] | 0.02151322448677662
-0.051849864914323404 | [-13.27  -8.09] | 0.25188154251436545
0.05119274302346308 | [-12.69  -7.82] | 0.48757242334023065
0.15574214730537478 | [-11.75  -7.36] | 0.7196448197973633
0.2609930280428275 | [-10.53  -6.75] | 0.9423704090156563
0.3664538782026385 | [-9.06 -6.01] | 1.151610099356579
0.47179303931363725 | [-7.41 -5.17] | 1.3437953142340362
0.5767457293970317 | [-5.59 -4.23] | 1.5153662678999034
0.6810585516217043 | [-3.64 -3.21] | 1.6623473685497503
0.7844663478378441 | [-1.59 -2.14] | 1.7798289587036105
0.8866925122290406 | [ 0.51 -1.04] | 1.662016391582218
0.9698159975829128 | [ 3.37 -1.15] | 1.2408060162022079
1.0164254579289704 | [ 5.51 -2.26] | 0.639910377412608
1.0234632842190543 | [ 6.83 -3.7 ] | -0.11216858689035529
0.9885503459452131 | [ 7.81 -5.  ] | -0.9064172556927342
0.9125985604867034 | [ 8.91 -5.35] | -1.5569707227587557
0.8041509712403586 | [10.21 -4.23] | -1.9375620632034958
0.6765855377753762 | [11.19 -1.92] | -2.043004210308862
0.5428604451833975 | [11.25  0.69] | -1.751076046386533
0.42088276531295277 | [9.98 5.71] | -1.3271637796999436
0.3121975721750471 | [9.29 9.81] | -0.9995279565174894
0.20811594163961608 | [ 9.  13.4] | -0.7181826092622287
0.10411831900689708 | [ 8.63 16.63] | -0.44972399685511677
-0.0010182664728722833 | [ 7.92 19.49] | -0.18608790223422353
-0.10720501002593807 | [ 6.85 21.97] | 0.07287065417619455
-0.21407684906310073 | [ 5.51 24.11] | 0.3259189477899513
-0.32132489600597025 | [ 3.96 25.95] | 0.571851633219124
-0.42873666032888896 | [ 2.25 27.51] | 0.8092996333298029
-0.536160155739286 | [ 0.41 28.81] | 1.008572876713345
-0.6376865421699017 | [-1.83 29.27] | 1.049643649625164
-0.7116805769772078 | [-4.58 27.39] | 0.9282066826210725
-0.7466797180795566 | [-6.45 25.89] | 0.7593252561043108
-0.7552405690742263 | [-8.23 22.96] | 0.46811598936102083
-0.7345404490308202 | [-10.05  18.49] | 0.1006552633736992
-0.6820714728535159 | [-12.02  13.03] | -0.257315265526226
-0.5983629208020267 | [-14.18   7.33] | -0.5185840485316431
-0.48788343343730584 | [-16.41   2.11] | -0.6335361816900402
-0.35868898379428105 | [-18.4   -2.09] | -0.49157717010086976
-0.23367271452299335 | [-17.23  -3.8 ] | -0.21972962663741424
-0.12220538760754299 | [-16.2  -4.5] | 0.02429276701711059
-0.01740795273330162 | [-15.32  -4.87] | 0.2629338369460304
0.08482327283949435 | [-14.41  -5.03] | 0.4969089918777064
0.18680381234058252 | [-13.28  -4.98] | 0.7244703370053308
0.28945597298164094 | [-11.9  -4.7] | 0.9422890381851365
0.39288161461968846 | [-10.27  -4.22] | 1.1464583003228677
0.4968315490140837 | [-8.46 -3.58] | 1.3332316000622466
0.6009460728165383 | [-6.49 -2.8 ] | 1.499076427127349
0.7048421419092024 | [-4.42 -1.91] | 1.6405103725485564
0.808131947990777 | [-2.27 -0.95] | 1.7505804616461982
0.9103986054579941 | [-0.1   0.08] | 1.6284815012310714
0.9998800228578858 | [1.85 1.21] | 1.1503635475769867
1.0583122660780993 | [2.84 1.62] | 0.5732637158259761
1.0822032144186555 | [3.   1.58] | 0.053770329817510606
1.0763615187036688 | [2.88 1.26] | -0.4328088372301511
1.0432546025794782 | [2.8  0.74] | -0.8092468087135886
0.987922562267122 | [3.09 0.14] | -0.9841991755108747
0.9175603147803738 | [ 3.91 -0.33] | -0.9697044784575305
0.837731390887979 | [ 5.17 -0.4 ] | -0.8805310860627376
0.7496764723500906 | [6.58 0.11] | -0.8308955856777167
0.6519400722054577 | [7.81 1.47] | -0.8506400441254974
0.5449322453309173 | [8.49 3.75] | -0.8457823904807492
0.4324393942506804 | [8.68 5.74] | -0.7696216686768517
0.3181764149529594 | [8.35 7.33] | -0.6563258785773787
0.20478530825016342 | [7.57 8.54] | -0.5316830359309649
0.09377046540327957 | [6.49 9.42] | -0.409228924839173
-0.014257902887895375 | [ 5.25 10.05] | -0.29396864291847785
-0.11913981937102405 | [ 3.95 10.5 ] | -0.1877263872823571
-0.22081229407787867 | [ 2.66 10.78] | -0.09161374507190502
-0.3191590812802403 | [ 1.4  10.94] | -0.006644683312692147
-0.41400102361224667 | [ 0.2  10.98] | -0.0491961046859286
-0.4903630269887277 | [-2.52  8.67] | -0.3852418981826762
-0.5190772364661074 | [-6.82  3.09] | -0.86459262605784
-0.4891351288928208 | [-10.44  -2.38] | -1.0293251197795639
-0.42575422324417117 | [-11.67  -4.83] | -0.9318718971531006
-0.3488425538040267 | [-12.81  -6.61] | -0.79989082871066
-0.26114490747468216 | [-13.71  -7.81] | -0.5202024245544052
-0.1743581019612627 | [-12.96  -7.14] | -0.23325525655543466
-0.08564329387007652 | [-13.49  -7.76] | -0.026148233591001234
0.011507701866408739 | [-13.45  -7.87] | 0.21029837073725527
0.11330061973923578 | [-12.91  -7.63] | 0.45585884476929717
0.21751028508692133 | [-11.97  -7.18] | 0.6989237729573007
0.322926574392256 | [-10.72  -6.56] | 0.933226603903622
0.42890801564662806 | [-9.22 -5.83] | 1.1549693239625058
0.5350993572039318 | [-7.52 -4.98] | 1.361159447529626
0.641272335496253 | [-5.65 -4.05] | 1.548813961962148
0.7472397281651217 | [-3.64 -3.04] | 1.714596122186946
0.8528077189408366 | [-1.52 -1.97] | 1.8543107816991131
0.9577525917499184 | [ 0.69 -0.86] | 1.7216551253197994
1.0427539106441501 | [ 3.39 -1.14] | 1.3336745732404576
1.093162376261266 | [ 5.27 -2.29] | 0.8497658113162334
1.1096430651613212 | [ 6.42 -3.78] | 0.21373282655143283
1.0900446760566747 | [ 7.15 -5.41] | -0.5475780851877905
1.0318705748082322 | [ 7.87 -6.58] | -1.2980248518980229
0.9377582014317002 | [ 8.89 -6.56] | -1.8641607592765892
0.8172002912071429 | [10.13 -5.  ] | -2.152047457949309
0.6831424630875977 | [10.93 -2.45] | -2.1863713554943778
0.5469857858506205 | [10.78  0.19] | -1.9215009719123906
0.42186699606180483 | [9.62 4.38] | -1.5057392102187055
0.3105972929543304 | [8.78 8.76] | -1.1444025350180067
0.20572339328070915 | [ 8.45 12.48] | -0.8462378061962078
0.10141682991917891 | [ 8.13 15.86] | -0.565746551226631
-0.0039474952197668285 | [ 7.5  18.87] | -0.2919372494275161
-0.11032038305433287 | [ 6.52 21.5 ] | -0.023819164491290977
-0.21732125808134992 | [ 5.25 23.78] | 0.2379885672138668
-0.3246653871888215 | [ 3.75 25.76] | 0.49305903537963974
-0.4322106733810535 | [ 2.1  27.47] | 0.7408539703413067
-0.5399033644141834 | [ 0.31 28.92] | 0.8306302340855363
-0.6183869269265302 | [-3.38 25.76] | 0.7194495499612189
-0.6400468082162674 | [-5.09 25.37] | 0.6860578524206656
-0.6417638051064953 | [-6.82 23.82] | 0.5527848565635791
-0.6204747983740222 | [-8.73 20.74] | 0.3343697151867919
-0.5721516642958703 | [-10.91  16.32] | 0.078758318109333
-0.49402852497037447 | [-13.33  11.02] | -0.13574454583486353
-0.3873063166884836 | [-15.78   5.72] | -0.2321306380807667
-0.2591704595245477 | [-17.87   1.34] | -0.2049428320243545
-0.12003780217800128 | [-19.01  -1.75] | -0.04464292833230998
0.007270731475378517 | [-16.61  -2.89] | 0.18118476579326712
0.11805297954969957 | [-15.01  -3.38] | 0.400848679415624
0.22231544063621683 | [-13.81  -3.63] | 0.6302058864139787
0.32492152684669656 | [-12.59  -3.63] | 0.8608062506005804
0.4279391841472397 | [-11.14  -3.38] | 1.0830962032324036
0.5318891236403335 | [-9.42 -2.9 ] | 1.2895220794512072
0.6365805217553882 | [-7.49 -2.23] | 1.4748004959965473
0.7415953994564595 | [-5.4  -1.43] | 1.6351288259488825
0.8464800659898993 | [-3.2  -0.54] | 1.7315072205532507
0.9503956798866825 | [-1.21  0.68] | 1.67329618545687
1.051280358279385 | [-0.09  2.55] | 1.3608210720081693
1.1373467718914259 | [0.68 2.98] | 0.8100386078774527
1.1939647093497285 | [0.97 1.81] | 0.16160821154687008
Total reward: 139.56183934372586
