-1.6, -4.5, 4.0, -2.8, -2.2, -2.6, -4.5, 2.3, 2.3, -1.2, 0.2, 0.0, 1.1, -0.8, -2.3, 5.8, 0.4, 2.2
parameter ends

state | action | reward
[1.69] | 2 | -0.5
1.9048122681741697 | 2 | -0.5
2.276043695246601 | 2 | -0.5
3.2592118098586003 | 2 | -0.5
4.069734691651701 | 2 | -0.5
3.971095488352481 | 2 | -0.5
3.9486769113753737 | 2 | -0.5
4.053502918691788 | 2 | -0.5
4.344266330810347 | 2 | -0.5
4.954798344618378 | 2 | -0.5
5.784716554057348 | 2 | -0.5
7.874329997934575 | 2 | -0.5
1.9863358594183327 | 2 | -0.5
1.8744668076662496 | 2 | -0.5
1.877983026110244 | 2 | -0.5
1.8985073236542391 | 2 | -0.5
2.042774196538145 | 2 | -0.5
2.181941557892005 | 2 | -0.5
2.599083185831968 | 2 | -0.5
3.187811592687542 | 2 | -0.5
4.559362905715503 | 2 | -0.5
8.089388326026228 | 2 | -0.5
7.933991785368633 | 2 | -0.5
5.872980072669529 | 2 | -0.5
3.055229894885849 | 2 | -0.5
2.3867684969588256 | 2 | -0.5
1.938786818781619 | 2 | -0.5
1.697904858741965 | 2 | -0.5
1.592935873976684 | 1 | -0.5
1.773935490130188 | 2 | -0.5
1.5955540796335874 | 2 | -0.5
1.4851080583482479 | 2 | -0.5
1.5128579205770305 | 2 | -0.5
1.5131033707491945 | 2 | -0.5
1.6205142897743514 | 2 | -0.5
1.7410219943047673 | 2 | -0.5
2.00597728406911 | 2 | -0.5
2.3374043199678387 | 2 | -0.5
2.9389523400228863 | 2 | -0.5
4.249360160828688 | 2 | -0.5
4.073824694531607 | 2 | -0.5
4.0659067036787535 | 2 | -0.5
4.2543623342628525 | 2 | -0.5
4.613266862946914 | 2 | -0.5
5.353399401657999 | 2 | -0.5
6.759457689841395 | 2 | -0.5
8.884618343632525 | 2 | -0.5
2.0038891655671334 | 2 | -0.5
1.9906105570281607 | 2 | -0.5
1.983582640949108 | 2 | -0.5
2.0475145840920312 | 2 | -0.5
2.2373801219191574 | 2 | -0.5
2.609249994421961 | 2 | -0.5
3.164860822418098 | 2 | -0.5
4.199478242454006 | 2 | -0.5
8.102083655757557 | 2 | -0.5
7.876975588101177 | 2 | -0.5
7.863179685941486 | 2 | -0.5
4.202418373156528 | 2 | -0.5
3.026810658823194 | 2 | -0.5
2.216167900424609 | 2 | -0.5
1.8345634302161677 | 2 | -0.5
1.603370872315395 | 2 | -0.5
1.548300355226928 | 2 | -0.5
1.5114487381041948 | 2 | -0.5
1.5085576848096283 | 2 | -0.5
1.568480031371874 | 2 | -0.5
1.675488739962001 | 2 | -0.5
1.914623454472642 | 2 | -0.5
2.2624415458718827 | 2 | -0.5
3.302952933277823 | 2 | -0.5
4.306641063206301 | 2 | -0.5
4.270458485923442 | 2 | -0.5
4.274117866985145 | 2 | -0.5
4.494945118814706 | 2 | -0.5
4.8916633578089925 | 2 | -0.5
5.525243171612777 | 2 | -0.5
6.86899857407771 | 2 | -0.5
2.043975107855045 | 2 | -0.5
1.9084299054282734 | 2 | -0.5
1.921850384554909 | 2 | -0.5
1.9307275413533598 | 2 | -0.5
2.0751114102247246 | 2 | -0.5
2.278380032460635 | 2 | -0.5
2.6493694621268324 | 2 | -0.5
3.269926100329959 | 2 | -0.5
4.610806170410037 | 2 | -0.5
7.95403014568939 | 2 | -0.5
7.722232745781142 | 2 | -0.5
6.434262142446918 | 2 | -0.5
3.490207276316917 | 2 | -0.5
2.371656933777175 | 2 | -0.5
1.9499977370602688 | 2 | -0.5
1.7878223426047855 | 2 | -0.5
1.611549314820824 | 2 | -0.5
1.4829402088540782 | 2 | -0.5
1.4837560914707768 | 2 | -0.5
1.5266137029457434 | 2 | -0.5
1.6151207002241534 | 2 | -0.5
1.774540823422438 | 2 | -0.5
2.0907142542058006 | 2 | -0.5
2.6414657670145787 | 2 | -0.5
3.767662884522024 | 2 | -0.5
4.239830841857566 | 2 | -0.5
4.164053848508847 | 2 | -0.5
4.206329458340562 | 2 | -0.5
4.422972705947713 | 2 | -0.5
4.9387225145537945 | 2 | -0.5
5.761549894104089 | 2 | -0.5
7.499628870871369 | 2 | -0.5
2.1061653396583577 | 2 | -0.5
1.9484777942394207 | 2 | -0.5
1.9341013295705696 | 2 | -0.5
2.0054009048144583 | 2 | -0.5
2.1381531679712866 | 2 | -0.5
2.4079780510549247 | 2 | -0.5
2.7711518697979307 | 2 | -0.5
3.6171350270310803 | 2 | -0.5
8.259108114632753 | 2 | -0.5
7.900560757937348 | 2 | -0.5
7.775542456827699 | 2 | -0.5
5.3190478682941 | 2 | -0.5
2.8125281088197065 | 2 | -0.5
2.0419387581127477 | 2 | -0.5
1.697444580442621 | 2 | -0.5
1.5380589243095133 | 2 | -0.5
1.3903594145220994 | 2 | -0.5
1.3456734477053083 | 2 | -0.5
1.3286952765073505 | 2 | -0.5
1.395305010062934 | 2 | -0.5
1.512303162884373 | 2 | -0.5
1.6021422674487995 | 2 | -0.5
1.9516972518924571 | 2 | -0.5
2.4044164380913395 | 2 | -0.5
3.4196447950321653 | 2 | -0.5
4.090239095891679 | 2 | -0.5
4.057346989798812 | 2 | -0.5
4.240576205756688 | 2 | -0.5
4.576002281304386 | 2 | -0.5
5.27663720227275 | 2 | -0.5
6.439834580889344 | 2 | -0.5
8.958307327481707 | 2 | -0.5
2.078533567900282 | 2 | -0.5
1.9861514561063194 | 2 | -0.5
2.059996507155305 | 2 | -0.5
2.138629982304012 | 2 | -0.5
2.295561952560236 | 2 | -0.5
2.5533776907358487 | 2 | -0.5
3.118610129891699 | 2 | -0.5
4.195168065757784 | 2 | -0.5
8.054102789229326 | 2 | -0.5
7.803618004238729 | 2 | -0.5
7.51547204620411 | 2 | -0.5
3.514906168041871 | 2 | -0.5
2.428951447216787 | 2 | -0.5
1.8431305176224284 | 2 | -0.5
1.573389561362261 | 2 | -0.5
1.441016305659529 | 1 | -0.5
1.6945817363494105 | 2 | -0.5
1.5344170723070767 | 2 | -0.5
1.43664242870961 | 2 | -0.5
1.3375214851296255 | 2 | -0.5
1.4478762991299092 | 2 | -0.5
1.4665468752605935 | 2 | -0.5
1.494235445682587 | 2 | -0.5
1.658453679972685 | 2 | -0.5
1.9613279755125244 | 2 | -0.5
2.4571712193023623 | 2 | -0.5
3.5094009626627463 | 2 | -0.5
4.241682333352666 | 2 | -0.5
4.200998173728538 | 2 | -0.5
4.320081590981526 | 2 | -0.5
4.574729571803968 | 2 | -0.5
5.16328698404759 | 2 | -0.5
5.903780662665103 | 2 | -0.5
7.911493084023154 | 2 | -0.5
2.122650393584256 | 2 | -0.5
2.0625205554037453 | 2 | -0.5
2.0266375744069784 | 2 | -0.5
2.051791325002086 | 2 | -0.5
2.24744569838173 | 2 | -0.5
2.45750737427063 | 2 | -0.5
2.877091247239255 | 2 | -0.5
3.9193421616181077 | 2 | -0.5
8.113589184348942 | 2 | -0.5
7.832202932484471 | 2 | -0.5
7.807464281092764 | 2 | -0.5
3.6829799569357675 | 2 | -0.5
2.5669207899017925 | 2 | -0.5
2.007472571583678 | 2 | -0.5
1.6725521313044482 | 2 | -0.5
1.5192335935326062 | 1 | -0.5
1.793157079207332 | 2 | -0.5
1.6280147446132505 | 2 | -0.5
1.4700028628544384 | 2 | -0.5
1.4239356812321438 | 2 | -0.5
1.4371806703041925 | 2 | -0.5
1.5522270332585257 | 2 | -0.5
1.6063875450147012 | 2 | -0.5
1.923206492087356 | 2 | -0.5
2.3448747033391943 | 2 | -0.5
3.3626071413023184 | 2 | -0.5
4.2136623640589 | 2 | -0.5
4.151989859022919 | 2 | -0.5
4.166897271605227 | 2 | -0.5
4.427929506781153 | 2 | -0.5
4.8427428989528085 | 2 | -0.5
5.627355676817016 | 2 | -0.5
6.927721912905854 | 2 | -0.5
2.0198952299434425 | 2 | -0.5
1.9594608236391786 | 2 | -0.5
1.9026705572747247 | 2 | -0.5
1.956676981118377 | 2 | -0.5
2.0487340404555923 | 2 | -0.5
2.2727900443583073 | 2 | -0.5
2.716782073852637 | 2 | -0.5
3.3295838664218578 | 2 | -0.5
4.449257733883809 | 2 | -0.5
7.942411227306069 | 2 | -0.5
7.802513684583403 | 2 | -0.5
6.231200613904925 | 2 | -0.5
3.5771933878396527 | 2 | -0.5
2.5046104753599856 | 2 | -0.5
2.065788077943656 | 2 | -0.5
1.8310572952499948 | 2 | -0.5
1.6619751982328321 | 2 | -0.5
1.5595714711498734 | 2 | -0.5
1.5919487835241646 | 2 | -0.5
1.623203185869035 | 2 | -0.5
1.7612365735669429 | 2 | -0.5
1.9883379354746749 | 2 | -0.5
2.3560831706092187 | 2 | -0.5
2.9617750255819377 | 2 | -0.5
4.299617440436727 | 2 | -0.5
4.171817848942487 | 2 | -0.5
4.1205872707361495 | 2 | -0.5
4.326611397794506 | 2 | -0.5
4.723586071296894 | 2 | -0.5
5.43925232511607 | 2 | -0.5
7.155744420082912 | 2 | -0.5
1.917206755645587 | 2 | -0.5
1.8481671254542709 | 2 | -0.5
1.8085836182687753 | 2 | -0.5
1.8499773803982649 | 2 | -0.5
1.990151101894352 | 2 | -0.5
2.2083990661798945 | 2 | -0.5
2.6731145081901078 | 2 | -0.5
3.468959688082579 | 2 | -0.5
4.839197383412354 | 2 | -0.5
7.846924793216972 | 2 | -0.5
7.8006619118329095 | 2 | -0.5
4.776480913863071 | 2 | -0.5
3.0760162739857524 | 2 | -0.5
2.4267863485048475 | 2 | -0.5
1.950380753142971 | 2 | -0.5
1.688599167206843 | 2 | -0.5
1.590287053665407 | 2 | -0.5
1.5542839279570526 | 2 | -0.5
1.5033982673431663 | 2 | -0.5
1.619706852613247 | 2 | -0.5
1.7193534449936219 | 2 | -0.5
1.9141065608614067 | 2 | -0.5
2.323746897730323 | 2 | -0.5
3.32309604443954 | 2 | -0.5
4.1594164301578 | 2 | -0.5
4.004927905253553 | 2 | -0.5
3.9977424135042385 | 2 | -0.5
4.159287024444546 | 2 | -0.5
4.500953780520502 | 2 | -0.5
5.288566180424709 | 2 | -0.5
6.548477610322458 | 2 | -0.5
1.987008562163988 | 2 | -0.5
1.8535013765456885 | 2 | -0.5
1.8033557197529229 | 2 | -0.5
1.8521009463636988 | 2 | -0.5
1.915583044470765 | 2 | -0.5
2.093266699818894 | 2 | -0.5
2.4851055360905434 | 2 | -0.5
3.3250039753067475 | 2 | -0.5
5.16274516804763 | 2 | -0.5
8.041976406418579 | 2 | -0.5
7.920260179672818 | 2 | -0.5
7.79434721275061 | 2 | -0.5
3.6928973965787977 | 2 | -0.5
2.5914468867007434 | 2 | -0.5
2.090281722326845 | 2 | -0.5
1.8150471167728595 | 2 | -0.5
1.6708225228825526 | 2 | -0.5
1.5663191395072475 | 2 | -0.5
1.5975990328622365 | 2 | -0.5
1.6020382716894548 | 2 | -0.5
1.6660134146842644 | 2 | -0.5
1.8138105540509823 | 2 | -0.5
2.072371702602887 | 2 | -0.5
2.5905926999697932 | 2 | -0.5
3.7627228637121384 | 2 | -0.5
4.0749851363338045 | 2 | -0.5
3.984224546032262 | 2 | -0.5
4.074033091039403 | 2 | -0.5
4.3365809818400844 | 2 | -0.5
4.844284005311996 | 2 | -0.5
5.967059828799528 | 2 | -0.5
7.5636650719618554 | 2 | -0.5
1.982763627355629 | 2 | -0.5
1.8727416818206903 | 2 | -0.5
1.8585609748383407 | 2 | -0.5
1.9092891253614221 | 2 | -0.5
2.0657891068204153 | 2 | -0.5
2.3550183772238684 | 2 | -0.5
2.911421813905797 | 2 | -0.5
4.1267979415422325 | 2 | -0.5
8.1774011056768 | 2 | -0.5
7.940380283131228 | 2 | -0.5
8.030934617926825 | 2 | -0.5
4.605285490475744 | 2 | -0.5
3.045248402056737 | 2 | -0.5
2.3194476476960717 | 2 | -0.5
1.8877363369881883 | 2 | -0.5
1.6944801999601684 | 2 | -0.5
1.578744725462957 | 2 | -0.5
1.5410351883642 | 2 | -0.5
1.5839608168406147 | 2 | -0.5
1.6319000394086445 | 2 | -0.5
1.7654658311335953 | 2 | -0.5
1.997353305309436 | 2 | -0.5
2.385139732654332 | 2 | -0.5
3.11403000382627 | 2 | -0.5
4.14371766025657 | 2 | -0.5
4.000280080510851 | 2 | -0.5
4.018392079890215 | 2 | -0.5
4.112895241827565 | 2 | -0.5
4.442099877629199 | 2 | -0.5
4.990648766382903 | 2 | -0.5
5.8780589896319615 | 2 | -0.5
7.745967954376375 | 2 | -0.5
2.009141440935058 | 2 | -0.5
1.9566080829718853 | 2 | -0.5
1.9084405426152213 | 2 | -0.5
1.942466175606922 | 2 | -0.5
2.020409000070485 | 2 | -0.5
2.240158434644127 | 2 | -0.5
2.6245330276274434 | 2 | -0.5
3.4125226122866033 | 2 | -0.5
5.136927745425148 | 2 | -0.5
8.14786394688153 | 2 | -0.5
7.9982794064487726 | 2 | -0.5
5.52006153699444 | 2 | -0.5
3.2632879599081344 | 2 | -0.5
2.4812806022352003 | 2 | -0.5
2.066508354540816 | 2 | -0.5
1.761857719509192 | 2 | -0.5
1.5569544791599286 | 1 | -0.5
1.826263100586188 | 2 | -0.5
1.608556661235244 | 2 | -0.5
1.5437406941323972 | 2 | -0.5
1.5463608837857765 | 2 | -0.5
1.575953852515089 | 2 | -0.5
1.6171403962796 | 2 | -0.5
1.7557384091947927 | 2 | -0.5
1.9253597297086984 | 2 | -0.5
2.335867240522158 | 2 | -0.5
3.133187616168411 | 2 | -0.5
4.234428967394834 | 2 | -0.5
4.034621991811528 | 2 | -0.5
4.006310428320794 | 2 | -0.5
4.15347023385035 | 2 | -0.5
4.47124075677594 | 2 | -0.5
5.076572620187401 | 2 | -0.5
6.114691683819725 | 2 | -0.5
7.857721474350826 | 2 | -0.5
1.9196406846713778 | 2 | -0.5
1.852210657257137 | 2 | -0.5
1.8156306984339632 | 2 | -0.5
1.892441263640069 | 2 | -0.5
2.012080401827277 | 2 | -0.5
2.2240776963920394 | 2 | -0.5
2.730531897909806 | 2 | -0.5
3.4814647508153613 | 2 | -0.5
8.1767921079421 | 2 | -0.5
7.86982864054465 | 2 | -0.5
7.8625690267452635 | 2 | -0.5
4.254809137768328 | 2 | -0.5
2.669851818081481 | 2 | -0.5
1.9682655762935308 | 2 | -0.5
1.661604649911461 | 2 | -0.5
1.5382885755966031 | 2 | -0.5
1.439608995954737 | 2 | -0.5
1.4319773810232557 | 2 | -0.5
1.4921115912583724 | 2 | -0.5
1.5628724450556433 | 2 | -0.5
1.7571059267952798 | 2 | -0.5
2.0240546165794533 | 2 | -0.5
2.704205840633122 | 2 | -0.5
4.064869988525377 | 2 | -0.5
4.067823651016323 | 2 | -0.5
4.059411726548352 | 2 | -0.5
4.198579157266621 | 2 | -0.5
4.574857541331821 | 2 | -0.5
5.417716956479854 | 2 | -0.5
7.077124687464502 | 2 | -0.5
2.0847083721942843 | 2 | -0.5
1.9750512578266468 | 2 | -0.5
1.9298872910402083 | 2 | -0.5
1.9756871209604152 | 2 | -0.5
2.061098331153159 | 2 | -0.5
2.2788029246180956 | 2 | -0.5
2.6715305827747398 | 2 | -0.5
3.4115615602681366 | 2 | -0.5
4.824097375215848 | 2 | -0.5
8.113135072582299 | 2 | -0.5
7.939567257169152 | 2 | -0.5
7.286554492201204 | 2 | -0.5
3.831662588112186 | 2 | -0.5
2.7040042500018067 | 2 | -0.5
2.0742686762335056 | 2 | -0.5
1.799628185417295 | 2 | -0.5
1.58487940346812 | 2 | -0.5
1.546792672842903 | 2 | -0.5
1.5015700323816692 | 2 | -0.5
1.4424314495035333 | 2 | -0.5
1.503072517506286 | 2 | -0.5
1.6581481164152747 | 2 | -0.5
1.926576094432521 | 2 | -0.5
2.15947268856714 | 2 | -0.5
2.892378950630921 | 2 | -0.5
4.229637437013345 | 2 | -0.5
4.028614719671695 | 2 | -0.5
4.0282391560488175 | 2 | -0.5
4.219691526020679 | 2 | -0.5
4.523401744235576 | 2 | -0.5
5.188056057722234 | 2 | -0.5
6.321798106124955 | 2 | -0.5
8.598310410958238 | 2 | -0.5
1.9677777620671772 | 2 | -0.5
1.8910265579271164 | 2 | -0.5
1.8723992099001485 | 2 | -0.5
1.9535731517560604 | 2 | -0.5
2.1114807716229964 | 2 | -0.5
2.4056895047256455 | 2 | -0.5
3.0528280785800503 | 2 | -0.5
4.357062390952121 | 2 | -0.5
8.040401860107993 | 2 | -0.5
7.869195099506063 | 2 | -0.5
6.799411892092477 | 2 | -0.5
3.5381238938557145 | 2 | -0.5
2.5014021305201553 | 2 | -0.5
2.0574192461428993 | 2 | -0.5
1.804673826029147 | 2 | -0.5
1.6455891936855414 | 2 | -0.5
1.5309736710477926 | 2 | -0.5
1.5028193913003418 | 2 | -0.5
1.5380437536761202 | 2 | -0.5
1.5925383306929999 | 2 | -0.5
1.7494695421047006 | 2 | -0.5
2.0756275198192027 | 2 | -0.5
2.5383259055552627 | 2 | -0.5
3.666029252573926 | 2 | -0.5
4.1005357520886 | 2 | -0.5
4.046142537961059 | 2 | -0.5
4.11725350286679 | 2 | -0.5
4.3320793260491355 | 2 | -0.5
4.756537123409222 | 2 | -0.5
5.583209247695187 | 2 | -0.5
7.3400288387293475 | 2 | -0.5
2.060408749244933 | 2 | -0.5
1.9891251128307887 | 2 | -0.5
1.9614979030000967 | 2 | -0.5
2.0125950129883887 | 2 | -0.5
2.205599812492607 | 2 | -0.5
2.351559060062463 | 2 | -0.5
2.865575202439798 | 2 | -0.5
3.7058933345461313 | 2 | -0.5
8.345479270876226 | 2 | -0.5
8.024460846046853 | 2 | -0.5
7.848337111014848 | 2 | -0.5
5.295133751772702 | 2 | -0.5
3.06049237592218 | 2 | -0.5
2.1546511064838176 | 2 | -0.5
1.8246429117605354 | 2 | -0.5
1.6483700256008893 | 2 | -0.5
1.5002347380259948 | 2 | -0.5
1.4669249437099139 | 2 | -0.5
1.4053741800244446 | 2 | -0.5
1.4599041947282674 | 2 | -0.5
1.5789285568403557 | 2 | -0.5
1.6895137919629961 | 2 | -0.5
1.9767313351838305 | 2 | -0.5
2.5080559064738077 | 2 | -0.5
3.5351806919061124 | 2 | -0.5
4.101797499733292 | 2 | -0.5
4.052156630702586 | 2 | -0.5
4.1168055710520814 | 2 | -0.5
4.498052484318785 | 2 | -0.5
5.042922714282898 | 2 | -0.5
6.13366498847829 | 2 | -0.5
8.689511776694028 | 2 | -0.5
2.0810203417764144 | 2 | -0.5
2.017144175317853 | 2 | -0.5
2.012117557869036 | 2 | -0.5
2.0442585513229297 | 2 | -0.5
2.2628484439575467 | 2 | -0.5
2.540660544518883 | 2 | -0.5
2.9566691293989655 | 2 | -0.5
4.052433254263082 | 2 | -0.5
8.197304535153192 | 2 | -0.5
7.871836236640399 | 2 | -0.5
7.858733135676219 | 2 | -0.5
3.5326433985363783 | 2 | -0.5
2.453521677470472 | 2 | -0.5
1.9015533641544742 | 2 | -0.5
1.5971815900829436 | 2 | -0.5
1.438107100140432 | 1 | -0.5
1.6241785343807624 | 2 | -0.5
1.4510089145302132 | 2 | -0.5
1.429507907090733 | 2 | -0.5
1.390987786805004 | 2 | -0.5
1.378085893700764 | 2 | -0.5
1.5095068394055646 | 2 | -0.5
1.6564179902879865 | 2 | -0.5
1.9851238984395616 | 2 | -0.5
2.4129684006854704 | 2 | -0.5
3.5126499345860176 | 2 | -0.5
4.038060933273376 | 2 | -0.5
4.01051548144377 | 2 | -0.5
4.129137621071979 | 2 | -0.5
4.408807850385457 | 2 | -0.5
4.96218367830461 | 2 | -0.5
5.966258570959329 | 2 | -0.5
7.907615563321879 | 2 | -0.5
2.111183964194767 | 2 | -0.5
2.051038580225722 | 2 | -0.5
2.0374809451081606 | 2 | -0.5
2.0429098554523444 | 2 | -0.5
2.2034841836790124 | 2 | -0.5
2.4866914058340375 | 2 | -0.5
3.038482722076982 | 2 | -0.5
3.760785127079081 | 2 | -0.5
8.392364005289883 | 2 | -0.5
8.006730139216007 | 2 | -0.5
7.921999712151341 | 2 | -0.5
4.885948686712669 | 2 | -0.5
2.845705359512338 | 2 | -0.5
2.0706723824864164 | 2 | -0.5
1.6968895772604822 | 2 | -0.5
1.5294518331158948 | 2 | -0.5
1.3733727556807864 | 2 | -0.5
1.3479767935174718 | 2 | -0.5
1.3773389684733497 | 2 | -0.5
1.4427689909143764 | 2 | -0.5
1.5108434438735958 | 2 | -0.5
1.7108724889686235 | 2 | -0.5
2.2280183871712502 | 2 | -0.5
2.9910415543228694 | 2 | -0.5
4.092274545100729 | 2 | -0.5
3.961838790590722 | 2 | -0.5
3.9560017577767526 | 2 | -0.5
4.064442824681947 | 2 | -0.5
4.330830514216656 | 2 | -0.5
4.8329782238702546 | 2 | -0.5
5.5146957849128855 | 2 | -0.5
7.194057860374774 | 2 | -0.5
2.1985995194565975 | 2 | -0.5
2.1220505701115306 | 2 | -0.5
2.1019926604892127 | 2 | -0.5
2.149596438106022 | 2 | -0.5
2.194713688280481 | 2 | -0.5
2.4739577784890696 | 2 | -0.5
2.890133248429077 | 2 | -0.5
3.6483886034070547 | 2 | -0.5
8.38564271449958 | 2 | -0.5
7.9591675375404884 | 2 | -0.5
7.903639327845387 | 2 | -0.5
4.897507527929362 | 2 | -0.5
2.8084920457770353 | 2 | -0.5
2.0201133004307223 | 2 | -0.5
1.639341302014252 | 2 | -0.5
1.3935694501009015 | 2 | -0.5
1.2879108049855732 | 1 | -0.5
1.4686065621951916 | 2 | -0.5
1.3368149138234082 | 2 | -0.5
1.325452714979028 | 2 | -0.5
1.2807541278264145 | 2 | -0.5
1.3079138132336006 | 2 | -0.5
1.4164654634368414 | 2 | -0.5
1.590479802738936 | 2 | -0.5
1.955607285394409 | 2 | -0.5
2.7726061702882268 | 2 | -0.5
4.191275111378343 | 2 | -0.5
4.1104731566296495 | 2 | -0.5
4.1481921565898014 | 2 | -0.5
4.366640958532278 | 2 | -0.5
4.795290673421376 | 2 | -0.5
5.638979413076819 | 2 | -0.5
7.051180199391042 | 2 | -0.5
2.254207078771617 | 2 | -0.5
2.1804989532288666 | 2 | -0.5
2.1445548736675097 | 2 | -0.5
2.235820916167827 | 2 | -0.5
2.373199273589838 | 2 | -0.5
2.656837716010847 | 2 | -0.5
3.2205557173218082 | 2 | -0.5
4.49798908055182 | 2 | -0.5
8.033194232639339 | 2 | -0.5
7.779423815106337 | 2 | -0.5
6.517652091331295 | 2 | -0.5
3.0446819062396036 | 2 | -0.5
2.0438717889282567 | 2 | -0.5
1.6488673181709852 | 2 | -0.5
1.4241671042567468 | 2 | -0.5
1.330289273028504 | 2 | -0.5
1.2692165847310264 | 2 | -0.5
1.2088955917252342 | 2 | -0.5
1.2300843807043793 | 2 | -0.5
1.3548676592113125 | 2 | -0.5
1.4107031715085925 | 2 | -0.5
1.6635750103883862 | 2 | -0.5
2.0225452664032697 | 2 | -0.5
2.646678122749565 | 2 | -0.5
4.258160147852719 | 2 | -0.5
4.14600854755967 | 2 | -0.5
4.210207994041195 | 2 | -0.5
4.451481494757383 | 2 | -0.5
4.96012017969072 | 2 | -0.5
6.026823949034699 | 2 | -0.5
8.0518584393007 | 2 | -0.5
2.229896829433827 | 2 | -0.5
2.139970579453407 | 2 | -0.5
2.137742612454541 | 2 | -0.5
2.1471143957638166 | 2 | -0.5
2.3165434291780698 | 2 | -0.5
2.702936023533871 | 2 | -0.5
3.2718405675363185 | 2 | -0.5
4.388175019898015 | 2 | -0.5
7.9259227288504475 | 2 | -0.5
7.7442659922505594 | 2 | -0.5
6.2586850659882245 | 2 | -0.5
3.106575671305218 | 2 | -0.5
2.289832653136561 | 2 | -0.5
1.7360365000402573 | 2 | -0.5
1.5035632089193054 | 2 | -0.5
1.359104205750728 | 2 | -0.5
1.2843624003079595 | 2 | -0.5
1.2721006846157432 | 2 | -0.5
1.3337958873939932 | 2 | -0.5
1.3647247956566495 | 2 | -0.5
1.4710045039521342 | 2 | -0.5
1.6412782147006177 | 2 | -0.5
2.103594979730785 | 2 | -0.5
2.87002823653416 | 2 | -0.5
4.371303070039557 | 2 | -0.5
4.2248942534570615 | 2 | -0.5
4.335584193501565 | 2 | -0.5
4.593457370248653 | 2 | -0.5
5.052848184857549 | 2 | -0.5
5.866936056407678 | 2 | -0.5
7.37937944532182 | 2 | -0.5
2.247282342185601 | 2 | -0.5
2.156763136056768 | 2 | -0.5
2.1186897768406436 | 2 | -0.5
2.180056294355996 | 2 | -0.5
2.36852636502355 | 2 | -0.5
2.653969724648913 | 2 | -0.5
3.036695513415769 | 2 | -0.5
4.056648302475928 | 2 | -0.5
8.032933239549989 | 2 | -0.5
7.688477917763986 | 2 | -0.5
7.637843001035051 | 2 | -0.5
3.8791927113435762 | 2 | -0.5
2.655881149038008 | 2 | -0.5
1.9390302418888656 | 2 | -0.5
1.5505925253784023 | 2 | -0.5
1.393326697540602 | 2 | -0.5
1.311122623718681 | 2 | -0.5
1.281653281045205 | 2 | -0.5
1.3370630757233468 | 2 | -0.5
1.3469759648470383 | 2 | -0.5
1.5051230727563443 | 2 | -0.5
1.803575983281559 | 2 | -0.5
2.2502607600686484 | 2 | -0.5
3.081513289388152 | 0 | 5.0
2.696096028646921 | 0 | 5.0
2.1526141733087276 | 0 | 5.0
1.8106020501511375 | 0 | 5.0
1.1907582560565748 | 0 | -200.0
Total reward: -519.5
