-1.4, 3.1, -2.5, -3.1, 2.4, 0.7, 4.1, 1.9, 2.1, 1.0
parameter ends

state | action | reward
[0.06] | [0.04] | 9.349138652954002
0.06240413811870668 | [-0.52] | 9.31829105126464
0.03825032574550245 | [2.49] | 9.30187004546252
0.040246491679071725 | [-3.74] | 9.311687465217673
0.04317607427587183 | [1.65] | 9.292642004592748
0.047368223548604566 | [-4.59] | 9.308097102385906
0.05319961498377246 | [0.61] | 9.321944642689912
0.040496516278924366 | [-3.22] | 9.228010895238691
0.00915991113324053 | [2.24] | 9.306640384125783
-0.020539785188659752 | [-3.82] | 9.158735618751988
-0.0493471212074867 | [1.51] | 9.246835282018505
-0.07763496250448351 | [-4.99] | 8.965895177866544
-0.10597639229244983 | [0.51] | 8.917025689844113
-0.16056948628234832 | [-3.45] | -1.5397257272484168
Total reward: 118.48708828516462
-1.4, 3.1, -2.5, -3.1, 2.4, 0.7, 4.1, 1.9, 2.1, 1.0
parameter ends

state | action | reward
[-0.1] | [0.78] | 9.254789496834139
-0.05655933661164921 | [-4.25] | 9.346272969787597
-0.026047346154708252 | [1.51] | 9.176668910142702
0.005788880817768016 | [-5.17] | 9.249193083264508
0.03994857930631555 | [0.78] | 9.035862820774438
0.06520022522770558 | [-5.8] | 8.941918978082239
0.08238553049026166 | [1.1] | -1.3508243317374953
Total reward: 53.65388192714813
-1.4, 3.1, -2.5, -3.1, 2.4, 0.7, 4.1, 1.9, 2.1, 1.0
parameter ends

state | action | reward
[-0.08] | [0.35] | 9.335752388059765
-0.059760132582417684 | [-2.14] | 9.287312625970012
-0.07612318249067594 | [3.73] | 9.33697854956595
-0.09188670227477057 | [-2.18] | 9.264028333210923
-0.10762738905590798 | [3.69] | 9.339648384447038
-0.1237888668952781 | [-2.36] | 9.180220513709658
-0.14091979987495745 | [3.79] | 9.262660695965527
-0.1596839339331699 | [-2.74] | 8.989067623469353
-0.18005813820638922 | [4.35] | 8.942567835787083
-0.2025162735900846 | [-3.5] | -1.4174733208916677
Total reward: 81.52076362929364
-1.4, 3.1, -2.5, -3.1, 2.4, 0.7, 4.1, 1.9, 2.1, 1.0
parameter ends

state | action | reward
[0.01] | [0.47] | 9.311266745500495
0.027491941659038132 | [-2.54] | 9.335006001254683
0.016363535036715133 | [3.62] | 9.251955815496052
0.006540069515740309 | [-2.36] | 9.324795561239442
-0.00181905398928656 | [3.86] | 9.115542499383894
-0.00854722896474902 | [-2.78] | 9.15551234723493
-0.01327837471881091 | [3.88] | 8.829421307502026
-0.01641917408118574 | [-4.23] | -1.319113616446503
Total reward: 63.00438666116503
-1.4, 3.1, -2.5, -3.1, 2.4, 0.7, 4.1, 1.9, 2.1, 1.0
parameter ends

state | action | reward
[0.06] | [0.85] | 9.199900934943821
0.10236319623406909 | [-4.44] | 9.317510989725596
0.1352396524081215 | [1.44] | 9.091401133640826
0.16900567645374076 | [-5.45] | 9.142564192873547
0.2046155621709624 | [0.86] | 8.865319600051482
0.23479311565990635 | [-6.8] | -1.2978836245212177
Total reward: 44.318813226714056
-1.4, 3.1, -2.5, -3.1, 2.4, 0.7, 4.1, 1.9, 2.1, 1.0
parameter ends

state | action | reward
[-0.08] | [-0.03] | 9.35144405602752
-0.07521981034409266 | [-0.12] | 9.338470497126728
-0.07618431048601376 | [0.4] | 9.341056400106327
-0.06235107065404935 | [-2.35] | 9.16227137425931
-0.08042128616721549 | [3.66] | 9.273461085720363
-0.09924120355867598 | [-2.69] | 8.99108084831068
-0.11920539199202071 | [4.11] | 8.982021718519006
-0.14095824138443996 | [-3.55] | -1.3856292019015877
Total reward: 63.05417677816835
-1.4, 3.1, -2.5, -3.1, 2.4, 0.7, 4.1, 1.9, 2.1, 1.0
parameter ends

state | action | reward
[0.08] | [0.21] | 9.344743049196396
0.09112251754607999 | [-0.92] | 9.283838892906372
0.06838544013047938 | [5.11] | 9.327627988484938
0.04922952479795941 | [-0.13] | 9.337812079134565
0.07442896719392085 | [0.6] | 9.215454057803207
0.1235242287621176 | [-3.38] | 9.311389982718707
0.15194103607791568 | [2.7] | 9.078918952511772
0.18154172784110334 | [-4.14] | 9.114916422939363
0.2130060511530196 | [2.43] | 8.789815615264347
0.2458657324902791 | [-6.21] | -1.3878562533157233
Total reward: 81.41666078764395
-1.4, 3.1, -2.5, -3.1, 2.4, 0.7, 4.1, 1.9, 2.1, 1.0
parameter ends

state | action | reward
[-0.04] | [0.57] | 9.291621465272492
-0.0010885741836795162 | [-3.4] | 9.335481852546463
0.016878230288841098 | [2.08] | 9.237999169184052
0.037214296970800004 | [-4.35] | 9.315883745983275
0.06062623066608673 | [1.12] | 9.12400403779279
0.08673765172138882 | [-6.33] | 9.102516815110311
0.11604187069646095 | [-0.63] | 8.982164086518015
0.07064059995084578 | [3.62] | -1.273121136439358
Total reward: 63.11655003596805
-1.4, 3.1, -2.5, -3.1, 2.4, 0.7, 4.1, 1.9, 2.1, 1.0
parameter ends

state | action | reward
[0.07] | [0.47] | 9.310840978160424
0.09331598985518935 | [-2.67] | 9.336198451270645
0.08807344907352796 | [3.3] | 9.269607447494305
0.08401285361884757 | [-2.71] | 9.341315139019292
0.08134810890915545 | [3.3] | 9.169018138336519
0.08034158798999601 | [-3.2] | 9.234971281529603
0.08149236204690213 | [3.13] | 8.952743891243912
0.08445767650527038 | [-4.79] | 8.862230565638725
0.08956863356762193 | [2.51] | -1.5167420980293582
Total reward: 71.96018379466408
-1.4, 3.1, -2.5, -3.1, 2.4, 0.7, 4.1, 1.9, 2.1, 1.0
parameter ends

state | action | reward
[0.04] | [0.11] | 9.35510808143777
0.032227637013505665 | [-0.67] | 9.319801320431177
-0.0018283338228873725 | [3.53] | 9.318567804043495
-0.018039340171121507 | [-2.37] | 9.320071723486748
-0.03419242320236247 | [3.53] | 9.318898192383477
-0.050274251004026015 | [-2.33] | 9.319398601455497
-0.06644232870576137 | [3.61] | 9.319799199874454
-0.08269001180238436 | [-2.22] | 9.317190516064969
-0.09918953565859019 | [3.77] | 9.32230887524352
-0.11597053621047844 | [-2.01] | 9.311263614577479
-0.1332503283488427 | [4.03] | 9.328849180137386
-0.15115225673562627 | [-1.67] | 9.295267279490986
-0.169984028149868 | [4.46] | 9.341458290841947
-0.19008990779166654 | [-1.16] | 9.251072758802914
-0.21187466811360037 | [5.18] | 9.33296729582086
-0.23608247759248774 | [-0.47] | 9.248920978809217
-0.23608347210994188 | [2.75] | 9.278667683733739
-0.21268250034345138 | [-4.01] | 9.063654335068408
-0.19219317648564052 | [3.04] | 9.000605835318977
-0.17440059546110667 | [-4.94] | -1.3342460767829583
Total reward: 175.02962549024005
-1.4, 3.1, -2.5, -3.1, 2.4, 0.7, 4.1, 1.9, 2.1, 1.0
parameter ends

state | action | reward
[0.07] | [-0.1] | 9.341411487631815
0.05679835966172661 | [0.15] | 9.340611852048774
0.05146460815716676 | [-1.12] | 9.141409105950283
0.0019929007633667263 | [5.1] | 9.275191155473156
-0.04807762629766451 | [-0.93] | 9.020044743872063
-0.09570971674537679 | [5.88] | 8.998657896496312
-0.14190112588328047 | [-1.38] | -1.3077301960619006
Total reward: 53.809596045410494
-1.4, 3.1, -2.5, -3.1, 2.4, 0.7, 4.1, 1.9, 2.1, 1.0
parameter ends

state | action | reward
[0.09] | [0.38] | 9.327239172509058
0.11706282019567517 | [-2.07] | 9.31695926457393
0.10736498498900143 | [4.13] | 9.30308024544361
0.09809788262558315 | [-1.53] | 9.327134928435525
0.08896206581422449 | [4.64] | 9.259084363521485
0.07994630237265266 | [-0.99] | 9.31779817222874
0.07164152110347959 | [5.19] | 9.14537454309103
0.0642519406998009 | [-0.53] | 9.157976079777374
0.0819569006457892 | [2.64] | 8.778389796044786
0.1246529554978725 | [-5.34] | -1.2828011930571424
Total reward: 81.6502353725684
-1.4, 3.1, -2.5, -3.1, 2.4, 0.7, 4.1, 1.9, 2.1, 1.0
parameter ends

state | action | reward
[-0.05] | [0.49] | 9.323981474149225
-0.015680435230533574 | [-2.82] | 9.316731831194476
-0.006391995372855248 | [3.05] | 9.319459419686366
0.003271585734352038 | [-2.89] | 9.320563062390796
0.013251866321144515 | [2.92] | 9.314293114754014
0.023694955494687815 | [-3.08] | 9.326270391949098
0.034636576507809776 | [2.68] | 9.303009830808376
0.046313561172472345 | [-3.38] | 9.337568134556768
0.05892932257237532 | [2.31] | 9.272323634473988
0.07284530537223148 | [-3.89] | 9.345664215670975
0.08860273643361968 | [1.77] | 9.19153504579164
0.1064973195095509 | [-4.94] | 9.254807143115155
0.1273317605726319 | [0.87] | 9.04372351400856
0.14395276646840405 | [-6.4] | 8.939954279537815
0.15690960524044023 | [0.13] | -1.309934932249078
Total reward: 128.2999501598382
-1.4, 3.1, -2.5, -3.1, 2.4, 0.7, 4.1, 1.9, 2.1, 1.0
parameter ends

state | action | reward
[-0.07] | [0.02] | 9.353499624956411
-0.07677430650746404 | [-0.35] | 9.32229559989343
-0.09765035901033486 | [1.7] | 9.303078850460572
-0.08423671858013787 | [-4.68] | 9.291505361731538
-0.07048816343947678 | [0.63] | 9.32445847087228
-0.07570185309463949 | [-3.36] | 9.120694338835644
-0.10018374892761525 | [2.37] | 9.230667858419865
-0.12482351517807343 | [-4.17] | 8.907690965607115
-0.1501334274456749 | [2.12] | -1.1054321639805993
Total reward: 72.74845890679626
-1.4, 3.1, -2.5, -3.1, 2.4, 0.7, 4.1, 1.9, 2.1, 1.0
parameter ends

state | action | reward
[0.09] | [-0.81] | 9.244409164388898
0.04225180397887278 | [4.77] | 9.34100658303548
0.003249656403272088 | [-0.41] | 9.29924816639361
-0.0076593324050562295 | [2.39] | 9.33246317505869
0.008689057748452406 | [-3.7] | 9.20996899513023
0.02194779128031309 | [2.72] | 9.259254691002283
0.03214878424972051 | [-3.83] | 9.013618089405972
0.03986451578390786 | [3.5] | 8.926101452159779
0.04507160743863768 | [-4.5] | -1.4155837376142262
Total reward: 72.21048657896073
-1.4, 3.1, -2.5, -3.1, 2.4, 0.7, 4.1, 1.9, 2.1, 1.0
parameter ends

state | action | reward
[-0.06] | [0.22] | 9.346329137554724
-0.04934270120071277 | [-0.93] | 9.253422571557552
-0.07745621498651399 | [5.18] | 9.339690232257515
-0.10388494451361854 | [-0.01] | 9.343403350095736
-0.08187398651023076 | [0.12] | 9.344160088758487
-0.05713209739332589 | [-0.51] | 9.252687088410465
-0.055474043287682503 | [3.04] | 9.308573268748388
-0.03189476380604901 | [-3.26] | 9.102316049433899
-0.011112175967131002 | [3.7] | 9.079028011423068
0.0068313001671968165 | [-3.62] | 8.784855100177717
0.02287874511866226 | [4.51] | -1.4687150384861352
Total reward: 90.6857498599314
-1.4, 3.1, -2.5, -3.1, 2.4, 0.7, 4.1, 1.9, 2.1, 1.0
parameter ends

state | action | reward
[-0.05] | [0.17] | 9.357187242627573
-0.03749958724194478 | [-0.97] | 9.228715875618702
-0.06964729793864533 | [5.28] | 9.33820669812435
-0.10160059935415074 | [-0.3] | 9.276462358110749
-0.09941372196242527 | [1.65] | 9.304220063327726
-0.06393598427099952 | [-5.23] | 9.11088989233857
-0.03107625960321126 | [1.22] | 9.102418070976821
-0.0004898110624025516 | [-6.63] | -1.2488526804067464
Total reward: 63.46924752071774
-1.4, 3.1, -2.5, -3.1, 2.4, 0.7, 4.1, 1.9, 2.1, 1.0
parameter ends

state | action | reward
[0.01] | [-0.22] | 9.355216895571559
0.004030554260887701 | [1.19] | 9.21763641401702
0.03910454097790165 | [-5.33] | 9.321881008895911
0.07618450351691636 | [0.15] | 9.261852414430592
0.07226523239560584 | [-1.07] | 9.278090422268496
0.02838352298031835 | [5.77] | 9.072929137316184
-0.0125836396291151 | [-1.39] | 9.021115985079398
-0.05113460686798456 | [6.17] | -1.3494091291458643
Total reward: 63.1793131484333
-1.4, 3.1, -2.5, -3.1, 2.4, 0.7, 4.1, 1.9, 2.1, 1.0
parameter ends

state | action | reward
[-0.02] | [0.69] | 9.284968281311555
0.021192938271300553 | [-3.78] | 9.344656055940295
0.04210450207532084 | [1.98] | 9.254330053037604
0.06359265377508456 | [-4.18] | 9.341501593767752
0.08640764146156155 | [1.64] | 9.156957638123556
0.11096563160436923 | [-5.23] | 9.207348784067975
0.1381096389135909 | [0.83] | 8.976803893666366
0.15855816739025544 | [-6.41] | 8.836320127646532
0.17298193591722272 | [0.67] | -1.4768453301455067
Total reward: 71.92604109741613
-1.4, 3.1, -2.5, -3.1, 2.4, 0.7, 4.1, 1.9, 2.1, 1.0
parameter ends

state | action | reward
[0.04] | [0.55] | 9.285913188814822
0.06311895860908934 | [-3.23] | 9.341454500488492
0.06975897428838784 | [2.53] | 9.201244636277089
0.07892652561133073 | [-4.11] | 9.260911083904293
0.09116004358481418 | [1.81] | 9.03024836140064
0.10572251779804004 | [-6.34] | 8.931298642012564
0.12285032506321637 | [0.16] | -1.3256727261781833
Total reward: 53.72539768671972
