-0.2, 0.1, 2.1, -1.3, -2.8, 4.8, 2.2, 0.2, -3.6, -1.4, 2.5, -1.8, -1.4, -2.2, 5.4, 0.8, 1.8, -8.2
parameter ends

state | action | reward
[2.11] | 2 | -0.5
1.7713986337381156 | 2 | -0.5
1.6177435720866766 | 2 | -0.5
1.5770409324061727 | 0 | 5.0
1.6260648574787078 | 2 | -0.5
1.6111187936615143 | 0 | 5.0
1.6318488759686787 | 0 | 5.0
1.6227519801455095 | 0 | 5.0
1.6145192943492954 | 2 | -0.5
1.6048759280916396 | 0 | 5.0
1.622026423185533 | 0 | 5.0
1.5954133715116443 | 2 | -0.5
1.6248824827775372 | 1 | -0.5
1.5628040976976423 | 2 | -0.5
1.5926362487077759 | 1 | -0.5
1.5803644740116798 | 2 | -0.5
1.6265954404524203 | 1 | -0.5
1.5343057188116989 | 2 | -0.5
1.6435241706369654 | 1 | -0.5
1.5350311251169335 | 2 | -0.5
1.6374532878081383 | 1 | -0.5
1.5266640808540288 | 2 | -0.5
1.571758241974563 | 1 | -0.5
1.4627821742152536 | 2 | -0.5
1.5732547864864415 | 2 | -0.5
1.705152615428685 | 1 | -0.5
1.5189480210551731 | 1 | -0.5
1.4651498552175484 | 2 | -0.5
1.5494704695629007 | 1 | -0.5
1.470916201966846 | 2 | -0.5
1.4985401921216286 | 2 | -0.5
1.7036087760923966 | 1 | -0.5
1.453320252184449 | 2 | -0.5
1.595634093480054 | 1 | -0.5
1.3931882971201148 | 2 | -0.5
1.5601689831663086 | 2 | -0.5
1.6897985864815115 | 1 | -0.5
1.5316368632978394 | 2 | -0.5
1.6363276193621474 | 1 | -0.5
1.4122094500935665 | 2 | -0.5
1.5861611148743078 | 1 | -0.5
1.324021790284911 | 2 | -0.5
1.5020393897409186 | 1 | -0.5
1.2491305322108226 | 2 | -0.5
1.422355928848268 | 2 | -0.5
1.6429397163836106 | 0 | 5.0
1.3187866451592007 | 2 | -0.5
1.7075219636130587 | 0 | 5.0
1.4652073043293061 | 0 | 5.0
1.1245066783452098 | 0 | 5.0
0.7303077124625381 | 0 | 5.0
0.6280777633182989 | 0 | 5.0
0.7046834283459144 | 0 | 5.0
0.8022775614558808 | 0 | 5.0
0.8999191444449208 | 0 | 5.0
1.0296124303579985 | 0 | 5.0
1.0848747805355228 | 0 | 5.0
1.1779739810030885 | 2 | -0.5
1.123451019997332 | 0 | 5.0
1.1851325862950894 | 0 | 5.0
1.2153228848020223 | 0 | 5.0
1.2639089756559208 | 0 | 5.0
1.2904002060816695 | 0 | 5.0
1.3636379682683077 | 0 | 5.0
1.467670656345571 | 0 | 5.0
1.4772517154967257 | 0 | 5.0
1.4984521516130436 | 0 | 5.0
1.5695297470331013 | 0 | 5.0
1.575434274035724 | 0 | 5.0
1.6370481516727067 | 0 | 5.0
1.7214682898265852 | 0 | 5.0
1.689323864624976 | 0 | 5.0
1.7582722965713864 | 0 | 5.0
1.7380413077557821 | 0 | 5.0
1.8404039119032418 | 0 | 5.0
1.8135489962122742 | 0 | 5.0
1.8453068950672151 | 0 | 5.0
1.8925860964406664 | 0 | 5.0
1.9360074675465802 | 1 | -0.5
2.065906199964134 | 2 | -0.5
1.9512287063464262 | 1 | -0.5
2.083512194382859 | 2 | -0.5
2.0268109419771543 | 1 | -0.5
2.103922005071846 | 2 | -0.5
1.9819276627734488 | 1 | -0.5
2.1220871039014053 | 2 | -0.5
2.0115743641393617 | 1 | -0.5
2.202509346569111 | 2 | -0.5
2.028276219690148 | 1 | -0.5
2.262316547461704 | 2 | -0.5
2.0926021169543523 | 1 | -0.5
2.235962151874146 | 1 | -0.5
2.584581527889783 | 2 | -0.5
2.299431383946408 | 1 | -0.5
2.652555226851712 | 2 | -0.5
2.35309885702769 | 1 | -0.5
2.597022168166769 | 1 | -0.5
3.098718581974611 | 0 | 5.0
3.283242486997031 | 1 | -0.5
3.4455664410458446 | 0 | 5.0
3.378512056659445 | 0 | 5.0
3.233864864971694 | 0 | 5.0
3.107925611564807 | 0 | 5.0
3.0127996865743545 | 1 | -0.5
2.6576200053418484 | 0 | 5.0
2.538196443436062 | 0 | 5.0
2.5150164089692058 | 0 | 5.0
2.3934987851679033 | 0 | 5.0
2.2818248643020804 | 0 | 5.0
2.2566109382276647 | 0 | 5.0
2.1276138661575548 | 1 | -0.5
2.0220664886250996 | 0 | 5.0
1.9755955702378682 | 0 | 5.0
1.917067203733281 | 0 | 5.0
1.844669585267901 | 0 | 5.0
1.7782346097938753 | 0 | 5.0
1.6973006295631992 | 0 | 5.0
1.6196081825709112 | 1 | -0.5
1.5426071401153012 | 0 | 5.0
1.5651589116901103 | 0 | 5.0
1.5074235458142131 | 0 | 5.0
1.5002600452455706 | 0 | 5.0
1.4344006220971097 | 0 | 5.0
1.4104099711124167 | 1 | -0.5
1.3692520766750755 | 0 | 5.0
1.3893259872078978 | 0 | 5.0
1.3513311111590538 | 0 | 5.0
1.386443048349001 | 0 | 5.0
1.4325419585311996 | 0 | 5.0
1.422668879421016 | 1 | -0.5
1.4954331424977554 | 0 | 5.0
1.5407231452057035 | 0 | 5.0
1.5849301900826471 | 1 | -0.5
1.7607155706245574 | 2 | -0.5
1.628125577029647 | 1 | -0.5
1.7981894778321412 | 2 | -0.5
1.6379687711992348 | 1 | -0.5
1.850950762194202 | 2 | -0.5
1.6980961709532976 | 1 | -0.5
1.9214427479580662 | 2 | -0.5
1.7709994709437413 | 1 | -0.5
1.8880775949859612 | 1 | -0.5
2.188067453871043 | 2 | -0.5
1.9479191567687248 | 1 | -0.5
2.182475522059212 | 2 | -0.5
1.9648627492348354 | 1 | -0.5
2.2257446114535573 | 2 | -0.5
2.0236793887981164 | 1 | -0.5
2.3922057857927146 | 2 | -0.5
2.091024318045017 | 1 | -0.5
2.418890609051641 | 1 | -0.5
2.9516143784520428 | 0 | 5.0
3.4229754916327644 | 0 | 5.0
3.434086385025706 | 0 | 5.0
3.333520188126007 | 0 | 5.0
3.1389015924932133 | 1 | -0.5
2.855714082387459 | 0 | 5.0
2.7565535306933926 | 0 | 5.0
2.5987381215431578 | 0 | 5.0
2.5371541283220305 | 0 | 5.0
2.479998204542591 | 0 | 5.0
2.364499654785888 | 1 | -0.5
2.0981929224001497 | 0 | 5.0
2.057441676483157 | 0 | 5.0
1.9806462866078824 | 0 | 5.0
1.9882824521778244 | 0 | 5.0
1.9549840136986736 | 0 | 5.0
1.8856479498466086 | 0 | 5.0
1.8458187583667 | 0 | 5.0
1.7737138827865297 | 0 | 5.0
1.717259422807957 | 0 | 5.0
1.6442424778618958 | 1 | -0.5
1.5473924957225957 | 0 | 5.0
1.5317002662805148 | 0 | 5.0
1.5237503011293076 | 0 | 5.0
1.463843122037652 | 0 | 5.0
1.4784961465677469 | 0 | 5.0
1.3962165576294154 | 0 | 5.0
1.3870917695558416 | 0 | 5.0
1.3357549215714895 | 0 | 5.0
1.33025243463119 | 0 | 5.0
1.3071533204721846 | 0 | 5.0
1.2938478561880764 | 0 | 5.0
1.2502848767129549 | 0 | 5.0
1.2080817991666906 | 0 | 5.0
1.2136412987253997 | 0 | 5.0
1.1614046192328722 | 0 | 5.0
1.178732343464989 | 0 | 5.0
1.1422372303987716 | 0 | 5.0
1.1198349326224224 | 0 | 5.0
1.103372969012186 | 0 | 5.0
1.079196553835879 | 0 | 5.0
1.066539908515719 | 0 | 5.0
1.0616679857003009 | 0 | 5.0
1.0448231459159405 | 0 | 5.0
1.0509055632077644 | 0 | 5.0
1.0077240597942783 | 0 | 5.0
0.9289473201845457 | 0 | 5.0
1.0008044531495044 | 0 | 5.0
0.9387537884992878 | 0 | 5.0
0.8928062721348593 | 0 | 5.0
0.922094494763782 | 0 | 5.0
0.8907716831800572 | 0 | 5.0
0.8509260419479181 | 0 | 5.0
0.8544874253429241 | 0 | 5.0
0.8495055289538762 | 0 | 5.0
0.8174899360960507 | 0 | 5.0
0.7909798900768322 | 0 | 5.0
0.7852638873150775 | 0 | 5.0
0.8111700375024213 | 0 | 5.0
0.7544387759570845 | 0 | 5.0
0.806657690812906 | 0 | 5.0
0.7845497338257565 | 0 | 5.0
0.8067300383760547 | 0 | 5.0
0.8147681481749675 | 0 | 5.0
0.807560561230045 | 0 | 5.0
0.8030121637817775 | 0 | 5.0
0.8193508836916283 | 0 | 5.0
0.82417847807611 | 0 | 5.0
0.8131479549491869 | 0 | 5.0
0.892820453175931 | 0 | 5.0
0.9010826171329883 | 0 | 5.0
0.9248137348647395 | 0 | 5.0
0.9546968647013293 | 0 | 5.0
0.9442037572764415 | 1 | -0.5
1.019766291047968 | 0 | 5.0
1.0621208734594003 | 0 | 5.0
1.1256675117608974 | 0 | 5.0
1.2055368792787766 | 0 | 5.0
1.291011191967105 | 1 | -0.5
1.3834545542152468 | 2 | -0.5
1.3168953046077398 | 1 | -0.5
1.422256536379926 | 2 | -0.5
1.2897805220421943 | 1 | -0.5
1.4519890524839605 | 2 | -0.5
1.381631051365448 | 1 | -0.5
1.4748503324908837 | 2 | -0.5
1.3920562669709873 | 1 | -0.5
1.516090856672085 | 1 | -0.5
1.7095166879053467 | 2 | -0.5
1.5498224458757253 | 1 | -0.5
1.8190194586537358 | 2 | -0.5
1.6156556750274258 | 1 | -0.5
1.8300929101544179 | 2 | -0.5
1.6367327098765478 | 1 | -0.5
1.8203231786176368 | 1 | -0.5
2.2693395679050257 | 2 | -0.5
1.906641046407011 | 1 | -0.5
2.267556064724622 | 2 | -0.5
1.91134667190366 | 1 | -0.5
2.317673017189772 | 2 | -0.5
1.9847834469439019 | 1 | -0.5
2.3912742326686476 | 2 | -0.5
2.0937292910647285 | 1 | -0.5
2.557660245497915 | 2 | -0.5
2.1761413550551985 | 1 | -0.5
2.591262021939977 | 2 | -0.5
2.2442666438567875 | 1 | -0.5
2.6357250184158927 | 1 | -0.5
3.331983234355342 | 2 | -0.5
2.7130256253283154 | 1 | -0.5
3.319804844498413 | 0 | 5.0
3.2254965085077716 | 0 | 5.0
3.054001525182252 | 1 | -0.5
2.7168349928881463 | 0 | 5.0
2.703009744536703 | 0 | 5.0
2.6217897640076027 | 0 | 5.0
2.561527839062658 | 1 | -0.5
2.232579055760205 | 0 | 5.0
2.2052626694045636 | 0 | 5.0
2.129971844534426 | 0 | 5.0
2.0951715911946818 | 0 | 5.0
2.0145415942958578 | 0 | 5.0
1.9525145150766532 | 0 | 5.0
1.8942683756970164 | 0 | 5.0
1.8683556833738877 | 0 | 5.0
1.7815853566450512 | 0 | 5.0
1.7229804631597823 | 1 | -0.5
1.6041642536763732 | 0 | 5.0
1.5799370594245201 | 0 | 5.0
1.5683106974055296 | 0 | 5.0
1.5208525371857193 | 0 | 5.0
1.469619975302654 | 0 | 5.0
1.4237330700668274 | 0 | 5.0
1.3881694358447891 | 0 | 5.0
1.3473318801240919 | 0 | 5.0
1.2976189586358675 | 0 | 5.0
1.2236447867532718 | 1 | -0.5
1.1940373284879156 | 0 | 5.0
1.1822083987586047 | 0 | 5.0
1.1576733649280877 | 0 | 5.0
1.1731455567314417 | 0 | 5.0
1.1310320623975674 | 0 | 5.0
1.146674314737957 | 0 | 5.0
1.1075859062073192 | 0 | 5.0
1.0911203095420683 | 0 | 5.0
1.1048551809084186 | 0 | 5.0
1.0510706682410405 | 0 | 5.0
1.1058295441952677 | 0 | 5.0
1.054949383233959 | 0 | 5.0
0.9747940708561946 | 0 | 5.0
0.9612387721049924 | 0 | 5.0
0.9691528628932782 | 1 | -0.5
0.9133263374461762 | 0 | 5.0
0.9011307899194435 | 0 | 5.0
0.9720113430916213 | 0 | 5.0
0.9227027528981886 | 0 | 5.0
0.91184803841764 | 0 | 5.0
0.9294504428923989 | 0 | 5.0
0.9100982680428696 | 0 | 5.0
0.8803312111862656 | 0 | 5.0
0.9021404173192012 | 0 | 5.0
0.8709332325551081 | 0 | 5.0
0.88636699087552 | 0 | 5.0
0.8710810561815719 | 0 | 5.0
0.8746782528393569 | 0 | 5.0
0.8841787596808807 | 0 | 5.0
0.8866619136791475 | 0 | 5.0
0.9182548068737234 | 0 | 5.0
0.852034128098543 | 0 | 5.0
0.8361571973264006 | 0 | 5.0
0.8577028865806302 | 0 | 5.0
0.8475012621542076 | 0 | 5.0
0.8349491561953138 | 0 | 5.0
0.8594650435360219 | 0 | 5.0
0.8527846129581845 | 0 | 5.0
0.8433393364950955 | 0 | 5.0
0.8173794937281604 | 0 | 5.0
0.8174437322533936 | 0 | 5.0
0.849052500503882 | 0 | 5.0
0.8590753814733404 | 0 | 5.0
0.8236522410122878 | 1 | -0.5
0.8461761641725516 | 0 | 5.0
0.8759430917561964 | 0 | 5.0
0.9543919780140713 | 0 | 5.0
0.9714573426137907 | 0 | 5.0
1.0194231254180095 | 1 | -0.5
1.0906678107045895 | 0 | 5.0
1.1527844472403044 | 0 | 5.0
1.2360889690907084 | 2 | -0.5
1.174239792375477 | 1 | -0.5
1.259217538856632 | 2 | -0.5
1.2168741308282798 | 1 | -0.5
1.2866163849948609 | 1 | -0.5
1.4271491030173 | 2 | -0.5
1.4016392406446012 | 1 | -0.5
1.5727522718238987 | 2 | -0.5
1.4214365381115983 | 1 | -0.5
1.626743454680399 | 2 | -0.5
1.4563760478707408 | 1 | -0.5
1.7175852362432218 | 2 | -0.5
1.5383815191510717 | 1 | -0.5
1.7479384995299612 | 2 | -0.5
1.5483287698418495 | 1 | -0.5
1.7534361894092816 | 1 | -0.5
2.0943079743913144 | 2 | -0.5
1.7970130668417394 | 1 | -0.5
2.2275819660956326 | 2 | -0.5
1.9249925897814373 | 1 | -0.5
2.2935286672144573 | 2 | -0.5
1.9259349454509758 | 1 | -0.5
2.3883604129322844 | 2 | -0.5
2.0090394948144024 | 1 | -0.5
2.327383904903039 | 1 | -0.5
2.8237159659826077 | 2 | -0.5
2.3261416814825204 | 1 | -0.5
3.001062276012182 | 2 | -0.5
2.466236559640991 | 1 | -0.5
3.098254793344759 | 2 | -0.5
2.6009457023535085 | 1 | -0.5
3.3176431070323615 | 0 | 5.0
3.204465223596399 | 0 | 5.0
3.029064679345358 | 0 | 5.0
2.960474629003733 | 1 | -0.5
2.679213539158116 | 0 | 5.0
2.5774379524162954 | 0 | 5.0
2.4728693795566716 | 0 | 5.0
2.304906993136644 | 0 | 5.0
2.2437537820746565 | 0 | 5.0
2.154889937169748 | 0 | 5.0
2.068518680868801 | 0 | 5.0
2.006295537897792 | 0 | 5.0
1.892811996466094 | 0 | 5.0
1.7920784349334524 | 0 | 5.0
1.7367315551108478 | 1 | -0.5
1.6634119350092291 | 0 | 5.0
1.6429781574119415 | 0 | 5.0
1.6135379919760617 | 0 | 5.0
1.5692836229818916 | 0 | 5.0
1.5148699852538736 | 0 | 5.0
1.460434803668966 | 0 | 5.0
1.4368702721839688 | 0 | 5.0
1.4198829552237506 | 0 | 5.0
1.3348977867527099 | 0 | 5.0
1.3300460612484868 | 1 | -0.5
1.270846623172837 | 0 | 5.0
1.3065779942836744 | 0 | 5.0
1.275911112320048 | 0 | 5.0
1.2524457365063755 | 0 | 5.0
1.2802856408008574 | 1 | -0.5
1.318831116100323 | 0 | 5.0
1.3240309807328206 | 0 | 5.0
1.345174513613906 | 0 | 5.0
1.4017233053830278 | 1 | -0.5
1.4688936426863095 | 2 | -0.5
1.4109228442998825 | 1 | -0.5
1.4776144546163725 | 0 | 5.0
1.534063904982436 | 2 | -0.5
1.4612829043082103 | 1 | -0.5
1.5256262339226716 | 2 | -0.5
1.5086264185982923 | 1 | -0.5
1.5654947761053897 | 1 | -0.5
1.6947092291165333 | 2 | -0.5
1.5721553633015242 | 1 | -0.5
1.708531833145811 | 2 | -0.5
1.6353946205783236 | 1 | -0.5
1.8007871952845411 | 2 | -0.5
1.6401347539721969 | 1 | -0.5
1.8484000778160794 | 1 | -0.5
2.124565984925298 | 2 | -0.5
1.809480326131535 | 1 | -0.5
2.188135770795077 | 2 | -0.5
1.8874072298841083 | 1 | -0.5
2.1632817615777817 | 2 | -0.5
1.8858203575010377 | 1 | -0.5
2.1757748596615736 | 2 | -0.5
1.9835396893026511 | 1 | -0.5
2.281821146667317 | 1 | -0.5
2.876881514045536 | 2 | -0.5
2.520607162977736 | 1 | -0.5
3.198535921625816 | 0 | 5.0
3.445476275705151 | 0 | 5.0
3.350814618876691 | 0 | 5.0
3.2443617443117363 | 0 | 5.0
3.126643395543582 | 1 | -0.5
2.767197046771403 | 0 | 5.0
2.650761289434526 | 0 | 5.0
2.589190238782377 | 0 | 5.0
2.5451116345105906 | 0 | 5.0
2.445516274756341 | 0 | 5.0
2.341047537691674 | 0 | 5.0
2.2479019914914526 | 1 | -0.5
2.0459979623191975 | 0 | 5.0
1.9645454011157795 | 0 | 5.0
1.9302529498922423 | 0 | 5.0
1.8859402342316676 | 0 | 5.0
1.8626809812054845 | 0 | 5.0
1.8085224276161798 | 0 | 5.0
1.7611900161533764 | 0 | 5.0
1.6766277498347477 | 0 | 5.0
1.6571382168719313 | 0 | 5.0
1.564942173099773 | 0 | 5.0
1.5421169570423954 | 0 | 5.0
1.469455696302292 | 0 | 5.0
1.4318241216067042 | 0 | 5.0
1.4003469495600944 | 0 | 5.0
1.3103066979356355 | 0 | 5.0
1.287132103119924 | 0 | 5.0
1.2820473388411961 | 0 | 5.0
1.2566842848554953 | 1 | -0.5
1.232197458285447 | 0 | 5.0
1.2234568478286636 | 2 | -0.5
1.2435477271198656 | 1 | -0.5
1.2284021799741982 | 2 | -0.5
1.1957887260491076 | 0 | 5.0
1.2065901754615875 | 1 | -0.5
1.2090964590064615 | 2 | -0.5
1.2079977439423617 | 1 | -0.5
1.2005690979562786 | 2 | -0.5
1.2014654441714503 | 1 | -0.5
1.1270964598288566 | 2 | -0.5
1.1709986632719729 | 2 | -0.5
1.2811631668904262 | 1 | -0.5
1.185623924973147 | 2 | -0.5
1.1930975430934916 | 1 | -0.5
1.1502372304880408 | 2 | -0.5
1.2418344774643797 | 1 | -0.5
1.1206795996568266 | 2 | -0.5
1.1856388129570292 | 2 | -0.5
1.3324318229092051 | 1 | -0.5
1.1465614279504268 | 2 | -0.5
1.223205440519561 | 1 | -0.5
1.0790755134196255 | 2 | -0.5
1.1732739374113559 | 1 | -0.5
1.0213296403273573 | 2 | -0.5
1.1615686680507795 | 1 | -0.5
1.0086258581972611 | 2 | -0.5
1.1422190601886417 | 2 | -0.5
1.3046313194716654 | 1 | -0.5
1.053317884108869 | 2 | -0.5
1.2561207527800178 | 1 | -0.5
1.0004634797503031 | 2 | -0.5
1.1567336027058979 | 1 | -0.5
0.9245588459851823 | 2 | -0.5
1.1187232771144011 | 2 | -0.5
1.2970709954617374 | 0 | 5.0
0.9602802441190402 | 0 | 5.0
0.6802488880959102 | 0 | 5.0
0.5204268416045703 | 0 | 5.0
0.7226876106857734 | 2 | -0.5
0.6184361807048284 | 0 | 5.0
0.7116050659850827 | 0 | 5.0
0.7911268405720777 | 0 | 5.0
0.9013730788840154 | 0 | 5.0
0.9927705217982425 | 0 | 5.0
1.1029087139584677 | 2 | -0.5
1.0405274724498352 | 0 | 5.0
1.0691204426362382 | 0 | 5.0
1.16237820736585 | 0 | 5.0
1.2151478327083982 | 0 | 5.0
1.2049923250460177 | 0 | 5.0
1.289209688278847 | 0 | 5.0
1.3107857876798872 | 0 | 5.0
1.398398523873274 | 0 | 5.0
1.4580502379061364 | 0 | 5.0
1.5242869251958044 | 0 | 5.0
1.6001957546877623 | 0 | 5.0
1.6746778838635408 | 0 | 5.0
1.6740642579457705 | 0 | 5.0
1.780016855294735 | 0 | 5.0
1.7964640845398574 | 0 | 5.0
1.8794073906108195 | 0 | 5.0
1.8926712527441891 | 0 | 5.0
1.9396475614907358 | 2 | -0.5
1.890196147668099 | 0 | 5.0
1.945569564917301 | 0 | 5.0
1.9483320431294513 | 1 | -0.5
2.01477010332814 | 2 | -0.5
1.947141400145596 | 1 | -0.5
2.0080110597076435 | 2 | -0.5
1.959959935028068 | 1 | -0.5
2.0202598962155762 | 2 | -0.5
1.9777959114058445 | 1 | -0.5
2.0469097692323355 | 2 | -0.5
1.9765799220986096 | 1 | -0.5
2.0459492816991576 | 1 | -0.5
2.187859471014775 | 2 | -0.5
1.9984279446096358 | 1 | -0.5
2.1644464610316696 | 2 | -0.5
2.065250739340035 | 1 | -0.5
2.217451122571086 | 2 | -0.5
2.076257645618982 | 1 | -0.5
2.2558971390638964 | 1 | -0.5
2.566351804936918 | 2 | -0.5
2.328855802970906 | 1 | -0.5
2.5443880900933555 | 2 | -0.5
2.2709093244357996 | 1 | -0.5
2.594711813892517 | 2 | -0.5
2.375590070352524 | 1 | -0.5
2.633614249619373 | 1 | -0.5
3.329179413844664 | 0 | 5.0
3.6037961604238604 | 0 | 5.0
3.763744995593034 | 0 | 5.0
3.6443983562925415 | 1 | -0.5
3.084789005640391 | 0 | 5.0
2.9638727035142023 | 0 | 5.0
2.909088195389386 | 0 | 5.0
2.7294827298263864 | 0 | 5.0
2.6125997050530825 | 1 | -0.5
2.3528395234334316 | 0 | 5.0
2.2269392895870714 | 0 | 5.0
2.242159458492807 | 0 | 5.0
2.1766758186262587 | 0 | 5.0
2.115298474016608 | 0 | 5.0
2.010971441167412 | 0 | 5.0
1.9814045337146877 | 0 | 5.0
1.890589229554226 | 1 | -0.5
1.7629718483148265 | 0 | 5.0
1.7459046191344103 | 0 | 5.0
1.7245949141431987 | 0 | 5.0
1.666646027319719 | 0 | 5.0
1.6360753595256563 | 0 | 5.0
1.5669005243064515 | 0 | 5.0
1.519069630130092 | 0 | 5.0
1.4243231898477406 | 0 | 5.0
1.4183190356787871 | 1 | -0.5
1.375450922543874 | 0 | 5.0
1.4295256657968474 | 0 | 5.0
1.3944360473740136 | 0 | 5.0
1.3763932254852451 | 0 | 5.0
1.396956840094548 | 1 | -0.5
1.4607916282412157 | 0 | 5.0
1.4668035675697373 | 0 | 5.0
1.4592203151751395 | 0 | 5.0
1.5320888689852674 | 1 | -0.5
1.6021407682390276 | 2 | -0.5
1.4808556398498858 | 1 | -0.5
1.6250103828240758 | 2 | -0.5
1.5260937875887786 | 1 | -0.5
1.6226937788871916 | 2 | -0.5
1.5694912881839473 | 1 | -0.5
1.6607139436527156 | 2 | -0.5
1.6271839959489454 | 1 | -0.5
1.688554651031258 | 1 | -0.5
1.9549032520817935 | 2 | -0.5
1.7671607238509002 | 1 | -0.5
1.9707660486241723 | 2 | -0.5
1.7406912540137478 | 1 | -0.5
1.9778988330520997 | 2 | -0.5
1.783032634153761 | 1 | -0.5
1.9905217753090259 | 1 | -0.5
2.381615873782555 | 2 | -0.5
2.0450192224344264 | 2 | -0.5
1.8587780178699398 | 1 | -0.5
2.040419280246773 | 1 | -0.5
2.4503906149959094 | 2 | -0.5
2.113855368646013 | 1 | -0.5
2.486847529661238 | 2 | -0.5
2.2658736705963416 | 1 | -0.5
2.715387382969722 | 2 | -0.5
2.319263597186096 | 1 | -0.5
2.843098616299004 | 2 | -0.5
2.4538481744144565 | 1 | -0.5
2.9770310429689046 | 0 | 5.0
3.2638139402404516 | 0 | 5.0
3.476122320973528 | 1 | -0.5
3.1354928897225247 | 0 | 5.0
3.03607937868897 | 0 | 5.0
2.896818479090437 | 0 | 5.0
2.6423765568248334 | 0 | 5.0
2.5206959354137193 | 0 | 5.0
2.4588110929380416 | 0 | 5.0
2.344969341566911 | 0 | 5.0
2.2695643688489544 | 1 | -0.5
2.0349740539374293 | 0 | 5.0
1.9897062386859734 | 0 | 5.0
1.9366028772508486 | 0 | 5.0
1.9082644693007569 | 0 | 5.0
1.8291274617304403 | 0 | 5.0
1.8110240984019197 | 0 | 5.0
1.7361463931187424 | 0 | 5.0
1.717526648322819 | 0 | 5.0
1.605952712457187 | 0 | 5.0
1.6068033372369936 | 0 | 5.0
1.5398197092240682 | 0 | 5.0
1.4945016158036948 | 0 | 5.0
1.4798981211170612 | 0 | 5.0
1.4106379590180986 | 0 | 5.0
1.405200837529689 | 1 | -0.5
1.3629192149206504 | 0 | 5.0
1.3126242347718104 | 0 | 5.0
1.2444593896398262 | 0 | 5.0
1.2407260232905981 | 0 | 5.0
1.239850544714087 | 0 | 5.0
1.208450085150434 | 0 | 5.0
1.201091168027831 | 0 | 5.0
1.1706378895742675 | 0 | 5.0
1.1813540728866876 | 0 | 5.0
1.1782679871109774 | 0 | 5.0
1.1279671284908455 | 0 | 5.0
1.119709517999111 | 0 | 5.0
1.1222256444577465 | 0 | 5.0
1.1518843546488686 | 0 | 5.0
1.1314478092137294 | 0 | 5.0
1.1322679590175913 | 0 | 5.0
1.123333485565079 | 0 | 5.0
1.1771626693285746 | 0 | 5.0
1.1965658229874514 | 0 | 5.0
1.1683612492341364 | 0 | 5.0
1.1993280063813652 | 0 | 5.0
1.2637515230726344 | 0 | 5.0
1.2973814048677812 | 0 | 5.0
1.2867435668528762 | 0 | 5.0
1.2918712053740598 | 0 | 5.0
1.365752300499779 | 0 | 5.0
1.3619400492119216 | 0 | 5.0
1.3728171810427834 | 0 | 5.0
1.408212587649747 | 0 | 5.0
1.4232264581915584 | 0 | 5.0
1.4899941203018632 | 0 | 5.0
1.5325257382485156 | 0 | 5.0
1.5152812495370256 | 0 | 5.0
1.5601837708438222 | 0 | 5.0
1.5699887874056087 | 0 | 5.0
1.5636176088470546 | 0 | 5.0
1.619926500280352 | 0 | 5.0
1.6530346172845771 | 0 | 5.0
1.591545120086921 | 0 | 5.0
1.5947480048306233 | 0 | 5.0
1.5931589569621474 | 0 | 5.0
1.6432516150680112 | 0 | 5.0
1.6600208202242517 | 0 | 5.0
1.654311797162964 | 0 | 5.0
1.6150963250441486 | 0 | 5.0
1.682982757237554 | 0 | 5.0
1.6685375208372442 | 0 | 5.0
1.6279416234082205 | 1 | -0.5
1.68993245998566 | 0 | 5.0
1.7415960334957852 | 0 | 5.0
1.749790737670033 | 0 | 5.0
1.8193125507101267 | 1 | -0.5
1.9167264509806017 | 2 | -0.5
1.885323949822028 | 1 | -0.5
1.9857598493094084 | 2 | -0.5
1.8734732570107124 | 1 | -0.5
2.0386008498842467 | 2 | -0.5
1.9014245711197906 | 1 | -0.5
2.118247748327426 | 2 | -0.5
2.0102614069093345 | 1 | -0.5
2.1722273418940627 | 2 | -0.5
2.0118196656245004 | 1 | -0.5
2.1766620203862423 | 1 | -0.5
2.5029275970507374 | 2 | -0.5
2.215594643165128 | 1 | -0.5
2.516263245871574 | 2 | -0.5
2.3040933452200236 | 1 | -0.5
2.625480194554259 | 2 | -0.5
2.419239205612365 | 1 | -0.5
2.7580950051564526 | 2 | -0.5
2.3912029798006094 | 1 | -0.5
2.8533411048847563 | 1 | -0.5
3.632171398014906 | 0 | 5.0
3.469076618454466 | 0 | 5.0
3.3204700380232026 | 0 | 5.0
3.1814821557772235 | 0 | 5.0
3.07276148350899 | 0 | 5.0
2.8982237357436893 | 0 | 5.0
2.7072252709604494 | 0 | 5.0
2.5542151954788226 | 1 | -0.5
2.2734990102220975 | 0 | 5.0
2.214111649161898 | 0 | 5.0
2.1777892841308026 | 0 | 5.0
2.089196519180235 | 0 | 5.0
2.0544494513701728 | 0 | 5.0
1.983376520796374 | 0 | 5.0
1.9189454572489808 | 0 | 5.0
1.885288020240163 | 0 | 5.0
1.78773197110219 | 0 | 5.0
1.7474418596869934 | 1 | -0.5
1.6446753154997145 | 0 | 5.0
1.6227741826590834 | 0 | 5.0
1.5960944175462175 | 0 | 5.0
1.5336746046484395 | 0 | 5.0
1.521560845965591 | 0 | 5.0
1.5097326838955456 | 0 | 5.0
1.4606846132399725 | 0 | 5.0
1.4896150763916156 | 0 | 5.0
1.4622929307760242 | 0 | 5.0
1.4808715919196278 | 0 | 5.0
1.4657161593168389 | 0 | 5.0
1.3823952323330506 | 0 | 5.0
1.3918594164132518 | 0 | 5.0
1.36373449297247 | 0 | 5.0
1.373148184596925 | 0 | 5.0
1.3883729854829232 | 0 | 5.0
1.3268050275292134 | 0 | 5.0
1.2706103543075828 | 0 | 5.0
1.3042123767127685 | 0 | 5.0
1.3178577438096628 | 0 | 5.0
1.2782186551245776 | 0 | 5.0
1.1911100857953183 | 0 | 5.0
1.2217996214598905 | 0 | 5.0
1.2018664170137057 | 0 | 5.0
1.1756333113780268 | 0 | 5.0
1.1657298109218721 | 0 | 5.0
1.1594892106656471 | 0 | 5.0
1.1683998007840168 | 0 | 5.0
1.164782622388953 | 0 | 5.0
1.1322147526253292 | 0 | 5.0
1.1669108600479177 | 0 | 5.0
1.13412715378305 | 0 | 5.0
1.1535706429286685 | 0 | 5.0
1.0778712685418297 | 0 | 5.0
1.1032137128265909 | 0 | 5.0
1.1281917568594004 | 0 | 5.0
1.0807922423425786 | 0 | 5.0
1.0690484606976391 | 0 | 5.0
1.0615626764793116 | 0 | 5.0
1.0564242097769276 | 0 | 5.0
1.0789716133162173 | 0 | 5.0
1.086590779404158 | 0 | 5.0
1.091513699557024 | 0 | 5.0
1.088803942124539 | 0 | 5.0
1.097930212263144 | 0 | 5.0
1.1272021678024031 | 0 | 5.0
1.1535677394782637 | 0 | 5.0
1.133850677534994 | 0 | 5.0
1.1457770826966378 | 0 | 5.0
1.1110298792535995 | 0 | 5.0
1.1848144706612276 | 0 | 5.0
1.1666335706312545 | 0 | 5.0
1.1796502017499573 | 0 | 5.0
1.2038521156197992 | 0 | 5.0
1.241271574828936 | 1 | -0.5
1.319196349404027 | 0 | 5.0
1.3597025141189192 | 0 | 5.0
1.4486075111255392 | 0 | 5.0
1.4945744929029032 | 1 | -0.5
1.6083239677674024 | 2 | -0.5
1.511719580753902 | 1 | -0.5
1.6220388184971268 | 2 | -0.5
1.5945437067556711 | 1 | -0.5
1.6900990131166505 | 2 | -0.5
1.6535061451825204 | 1 | -0.5
1.831086787564458 | 2 | -0.5
1.6798398105173664 | 1 | -0.5
1.8755841132072613 | 1 | -0.5
2.20427534775659 | 2 | -0.5
1.9406337924384975 | 1 | -0.5
2.364978795848908 | 2 | -0.5
1.9925147919097665 | 1 | -0.5
2.295224617459657 | 2 | -0.5
2.081825972256668 | 1 | -0.5
2.418400457797876 | 2 | -0.5
2.10640415177222 | 1 | -0.5
2.5073126017373135 | 1 | -0.5
3.152265904683517 | 2 | -0.5
2.4783600582517304 | 1 | -0.5
3.0099754864299246 | 2 | -0.5
2.4336184470946733 | 1 | -0.5
3.0534424851961983 | 2 | -0.5
2.5545260161714394 | 1 | -0.5
3.1743416952247294 | 0 | 5.0
3.423820429712713 | 1 | -0.5
2.97675678815722 | 0 | 5.0
2.9268027351997827 | 0 | 5.0
2.7789137276485105 | 0 | 5.0
2.672963410738729 | 0 | 5.0
2.4904025474652314 | 1 | -0.5
2.2967428055328436 | 0 | 5.0
2.240407770544533 | 0 | 5.0
2.2020069039679586 | 0 | 5.0
2.1440981227791607 | 0 | 5.0
2.003961787675081 | 0 | 5.0
1.9659500759035309 | 0 | 5.0
1.8521525135503616 | 0 | 5.0
1.807645100782658 | 0 | 5.0
1.7564506737909986 | 0 | 5.0
1.69363366262952 | 0 | 5.0
1.6573592031343005 | 0 | 5.0
1.5882645669592248 | 0 | 5.0
1.4946816593546082 | 0 | 5.0
1.4736790899020706 | 0 | 5.0
1.3966944282007037 | 0 | 5.0
1.3596943424715284 | 1 | -0.5
1.276384591914274 | 0 | 5.0
1.3615359348125233 | 0 | 5.0
1.2971840117771425 | 0 | 5.0
1.25166267768135 | 1 | -0.5
1.2777741349049139 | 0 | 5.0
1.2634600917879588 | 0 | 5.0
1.2942896536244461 | 0 | 5.0
1.2866675635677645 | 1 | -0.5
1.3737035426523854 | 0 | 5.0
1.3854640660212236 | 0 | 5.0
1.4135726270724938 | 1 | -0.5
1.507126000068282 | 2 | -0.5
1.4436992905667003 | 1 | -0.5
1.6227738688002498 | 2 | -0.5
1.5192805292665634 | 1 | -0.5
1.5770884528915825 | 2 | -0.5
1.5214969872815254 | 1 | -0.5
1.5379756548782502 | 1 | -0.5
1.802191011352969 | 2 | -0.5
1.6221483807040395 | 1 | -0.5
1.7799101261463595 | 2 | -0.5
1.6486656434490188 | 1 | -0.5
1.7729209459580728 | 2 | -0.5
1.7042542958057012 | 1 | -0.5
1.8795553840512023 | 1 | -0.5
2.1406934113814517 | 2 | -0.5
1.8648978519506407 | 1 | -0.5
2.163431455914757 | 2 | -0.5
1.8779263911859938 | 1 | -0.5
2.159684224875887 | 2 | -0.5
1.929916847719763 | 1 | -0.5
2.185597098201991 | 1 | -0.5
2.728009824191503 | 2 | -0.5
2.34104792186477 | 1 | -0.5
2.7199799392962114 | 2 | -0.5
2.37778191494487 | 1 | -0.5
2.936606919167443 | 2 | -0.5
2.4312964583331826 | 1 | -0.5
2.946082182072536 | 2 | -0.5
2.4966113832314725 | 1 | -0.5
3.1573022014393013 | 0 | 5.0
3.3191780852599773 | 1 | -0.5
3.1223310922968306 | 0 | 5.0
3.015763555923591 | 0 | 5.0
2.906768906977273 | 0 | 5.0
2.748481500258546 | 0 | 5.0
2.664865467769123 | 0 | 5.0
2.5762230330510447 | 0 | 5.0
2.479434860352014 | 0 | 5.0
2.3696026731074182 | 1 | -0.5
2.170853241107781 | 0 | 5.0
2.0954242844104063 | 0 | 5.0
2.0127256671013507 | 0 | 5.0
1.912428317852435 | 0 | 5.0
1.8989928044878541 | 0 | 5.0
1.8583055845118328 | 0 | 5.0
1.7835170149548878 | 0 | 5.0
1.7012961606825563 | 0 | 5.0
1.656391454792197 | 0 | 5.0
1.5235917376451185 | 0 | 5.0
1.5242540376631546 | 0 | 5.0
1.4576483402371954 | 0 | 5.0
1.4369632663656617 | 0 | 5.0
1.3784904759800332 | 0 | 5.0
1.2719558876202022 | 0 | 5.0
1.2623067130104362 | 1 | -0.5
1.1618456588196053 | 0 | 5.0
1.2218909705516254 | 0 | 5.0
1.1901624348950175 | 0 | 5.0
1.198452690683069 | 0 | 5.0
1.1558971281563177 | 0 | 5.0
1.2001170975057487 | 1 | -0.5
1.1579943425816104 | 2 | -0.5
1.1866426721962688 | 1 | -0.5
1.2109628425093488 | 2 | -0.5
1.1560366159187987 | 1 | -0.5
1.1655792378049996 | 2 | -0.5
1.1618197669388388 | 2 | -0.5
1.2365282734479204 | 1 | -0.5
1.1364838814658311 | 2 | -0.5
1.1911512042818377 | 1 | -0.5
1.109409655477218 | 2 | -0.5
1.1363091511868355 | 1 | -0.5
1.1238529454357549 | 2 | -0.5
1.197713048353089 | 1 | -0.5
1.0933273801324905 | 2 | -0.5
1.128668412556412 | 2 | -0.5
1.2432217637021303 | 1 | -0.5
1.1025059328525102 | 2 | -0.5
1.1569025493825862 | 1 | -0.5
1.0737922280501162 | 2 | -0.5
1.1249198238700928 | 2 | -0.5
1.4131930523235037 | 1 | -0.5
1.1182801055308962 | 2 | -0.5
1.3036203362361969 | 1 | -0.5
1.0704826403208625 | 2 | -0.5
1.2692690858883449 | 1 | -0.5
1.003066954498218 | 2 | -0.5
1.176145858917157 | 1 | -0.5
1.0043405942893209 | 2 | -0.5
1.1682403792232074 | 1 | -0.5
0.9491961142102628 | 2 | -0.5
1.0995722541704007 | 0 | 5.0
0.8735668664705839 | 2 | -0.5
1.078230426712425 | 0 | 5.0
0.7955419956406302 | 0 | 5.0
0.48277653181983293 | 0 | 5.0
0.5931663448672727 | 2 | -0.5
0.5343705826047683 | 0 | 5.0
0.6880292711183178 | 0 | 5.0
0.7414812478794368 | 0 | 5.0
0.831150518751459 | 0 | 5.0
0.9521824939142978 | 0 | 5.0
1.0446586380623595 | 0 | 5.0
1.1509261647889313 | 0 | 5.0
1.237477563182691 | 2 | -0.5
1.2013048316449446 | 0 | 5.0
1.234238243123557 | 0 | 5.0
1.3045277604511016 | 0 | 5.0
1.3289908304989495 | 0 | 5.0
1.374357787573844 | 0 | 5.0
1.4551529958937026 | 0 | 5.0
1.4665936072667192 | 0 | 5.0
1.5416924476890521 | 0 | 5.0
1.590563049263031 | 0 | 5.0
1.6136139624661503 | 0 | 5.0
1.65605586190163 | 0 | 5.0
1.7154143373221797 | 0 | 5.0
1.787813146664372 | 0 | 5.0
1.8470667647717018 | 0 | 5.0
1.8941312451992283 | 0 | 5.0
1.8884480468709803 | 2 | -0.5
1.8564929048854606 | 0 | 5.0
1.845543694285036 | 0 | 5.0
1.8597666387796805 | 1 | -0.5
1.9775529074650064 | 2 | -0.5
1.911694100498081 | 1 | -0.5
1.9494647592563934 | 2 | -0.5
1.9072512081628181 | 1 | -0.5
1.9753014020409512 | 2 | -0.5
1.952990902757557 | 1 | -0.5
2.00332727348853 | 2 | -0.5
1.95396646108287 | 1 | -0.5
2.0448758808470213 | 2 | -0.5
2.0038988617850344 | 1 | -0.5
2.066900076498119 | 1 | -0.5
2.3028978049284783 | 2 | -0.5
2.101415502807248 | 1 | -0.5
2.283220149847334 | 2 | -0.5
2.125176017952911 | 1 | -0.5
2.2601503169756567 | 2 | -0.5
2.140549880745231 | 1 | -0.5
2.3013441530984364 | 1 | -0.5
2.693653493377327 | 2 | -0.5
2.3578722861012356 | 1 | -0.5
2.6263542180473043 | 2 | -0.5
2.3446868099190126 | 1 | -0.5
2.6841244897893306 | 2 | -0.5
2.4007947876203617 | 1 | -0.5
2.767915701895543 | 2 | -0.5
2.41634025356443 | 1 | -0.5
2.788876720205243 | 1 | -0.5
3.318779396516538 | 0 | 5.0
3.6739426469818994 | 0 | 5.0
3.5754862508934777 | 1 | -0.5
Total reward: 2574.5
