-2.4, 3.8, -1.7, 0.9, -2.1, -4.9, -2.0, -5.4, 1.4, 5.3, -3.5, -2.6, 0.5, 6.0, 0.1, 0.7, -0.5, 0.7
parameter ends

state | action | reward
[0.05] | [-1.07  0.91] | 0.004518077019429052
0.08727560722100335 | [-10.58 -30.42] | -0.005096026240046528
0.16140970255846482 | [-12.54 -34.03] | 0.1096625058643119
0.24664168229309433 | [-13.93 -36.31] | 0.27011899225094516
0.3383272010656452 | [-14.7  -36.94] | 0.4423302709672585
0.4328121758263115 | [-14.96 -36.29] | 0.6006137160217153
0.5276293839921048 | [-14.86 -34.76] | 0.7345225913313002
0.6213113126053156 | [-14.54 -32.75] | 0.8431445487739213
0.713118911177114 | [-14.1  -30.53] | 0.9296698402049175
0.8027876162548668 | [-13.61 -28.29] | 0.9979103439336681
0.8902955185566612 | [-13.1  -26.08] | 1.0508919282490161
0.9757118208220777 | [-12.58 -23.91] | 1.090499699980709
1.059123131014912 | [-12.06 -21.77] | 1.117714689446692
1.1406032746539283 | [-11.54 -19.65] | 1.1330041107708915
1.2202055209039226 | [-11.01 -17.53] | 1.1366614606440544
1.2979653733655476 | [-10.47 -15.42] | 1.1290392219562193
1.373907618848376 | [ -9.93 -13.31] | 1.1106791122100732
1.4480545013582502 | [ -9.39 -11.22] | 1.0823635173175619
1.5204336344501412 | [-8.85 -9.16] | 1.0451123477802065
1.5910851772741426 | [-8.32 -7.15] | 1.0001446426083596
1.6600682475759347 | [-7.79 -5.2 ] | 0.9488216425893097
1.7274667831533537 | [-7.29 -3.34] | 0.8925958272987929
1.7933951651481403 | [-6.8  -1.57] | 0.8329505448386522
1.85800357376633 | [-6.35  0.09] | 0.8998319514778874
1.9251103449806202 | [-7.29 -2.61] | 0.9411827071951712
1.9943665209266197 | [-6.79 -0.81] | 0.6333747117461256
2.0490692808896265 | [-1.21 13.71] | 0.17373559168324468
2.061671775915808 | [ 0.44 15.49] | 0.20512772025139445
2.0649465317847038 | [ 0.75 15.55] | 0.1571757011779138
2.059252668311435 | [ 1.91 17.55] | 0.0008148673610413014
2.0397415740069023 | [ 3.52 20.68] | -0.1811812983084004
2.007150133082452 | [ 4.69 22.82] | -0.3248372068385938
1.9654895332309141 | [ 5.49 24.15] | -0.4353253808326736
1.917948043616705 | [ 6.02 24.92] | -0.5222166412139486
1.8666571283469875 | [ 6.38 25.35] | -0.5951052013770296
1.812855240251521 | [ 6.68 25.64] | -0.66209244562176
1.7571307603184572 | [ 6.95 25.9 ] | -0.7295940108923609
1.69961753617236 | [ 7.25 26.25] | -0.8023840587568533
1.6401320335230976 | [ 7.61 26.74] | -0.8838190303667712
1.5782755936235495 | [ 8.05 27.43] | -0.9756865566454636
1.5135216174326476 | [ 8.57 28.35] | -1.0780188328317784
1.4452954491590149 | [ 9.18 29.53] | -1.1888872417698526
1.3730518848201658 | [ 9.87 30.94] | -1.3040909370528528
1.2963527903571648 | [10.62 32.55] | -1.4171159331444494
1.2149372522016777 | [11.38 34.29] | -1.5196507164585769
1.1287709236973424 | [12.13 36.07] | -1.602730139885868
1.0380618729570175 | [12.81 37.78] | -1.6582554885852836
0.9432386098365949 | [13.39 39.29] | -1.6804112313484698
0.8448979391724797 | [13.83 40.52] | -1.6665431361772756
0.7437385716918481 | [14.13 41.38] | -1.6173077072309705
0.64049342075366 | [14.26 41.85] | -1.5361126907094733
0.5358684451265363 | [14.25 41.92] | -1.428052372081611
0.43052202627048936 | [14.1 41.6] | -1.298908204663297
0.32508029311286396 | [13.82 40.9 ] | -1.1549149935317593
0.2201349697058792 | [13.43 39.86] | -1.0024256612897546
0.11623541378453149 | [12.94 38.52] | -0.8474425527845568
0.013883129439893189 | [12.37 36.93] | -0.6952535265146589
-0.08647044773038925 | [11.73 35.15] | -0.5502056847814182
-0.18442380596101576 | [11.06 33.23] | -0.41561030944355204
-0.27962530046237677 | [10.35 31.22] | -0.29373647235537054
-0.37177533983605515 | [ 9.62 29.15] | -0.18585027832517453
-0.4606313618809098 | [ 8.88 27.05] | -0.09228111272348223
-0.5460146192400357 | [ 8.15 24.96] | -0.01251800110493373
-0.6278171062592309 | [ 7.43 22.89] | 0.05466776446605234
-0.7060072154169783 | [ 6.73 20.85] | 0.11107252232723869
-0.7806331426112629 | [ 6.05 18.87] | 0.15888718243066519
-0.8518235062698372 | [ 5.4  16.95] | 0.20052295229615422
-0.9197851706726831 | [ 4.78 15.09] | 0.23845323630330992
-0.9847986629557953 | [ 4.2  13.29] | 0.2750850647635254
-1.0472118904747856 | [ 3.66 11.56] | 0.3126682395855513
-1.1074330959224326 | [3.16 9.88] | 0.3532467749659057
-1.165924170096821 | [2.69 8.26] | 0.39865182820334294
-1.2231955225194826 | [2.26 6.69] | 0.17037978985460628
-1.260948676313124 | [-2.89 -7.56] | -0.48124137111340304
-1.2508090144903226 | [ -4.83 -11.91] | -0.6771071419064804
-1.2234772657369266 | [ -6.32 -15.21] | -0.8379514604286631
-1.1812484752918562 | [ -7.64 -18.28] | -0.9411761594017337
-1.1277310635650164 | [ -8.66 -20.85] | -0.9734833219656938
-1.0672136338379812 | [ -9.38 -22.84] | -0.9507730914932205
-1.0030281767834086 | [ -9.89 -24.37] | -0.8941272438833132
-0.9371820159585748 | [-10.28 -25.65] | -0.8196229686557222
-0.8705879077315481 | [-10.64 -26.85] | -0.7371902499474787
-0.803398931364274 | [-11.03 -28.15] | -0.6519319271738202
-0.735275936758005 | [-11.49 -29.65] | -0.5657105351301388
-0.6655729984779725 | [-12.05 -31.41] | -0.4781905375196819
-0.5935116621330175 | [-12.71 -33.44] | -0.38738679641225826
-0.5183336951593709 | [-13.47 -35.69] | -0.2903457716103632
-0.4394243832413157 | [-14.31 -38.07] | -0.18365289590911116
-0.3564217897761356 | [-15.17 -40.43] | -0.06425956568427438
-0.26928797559596707 | [-16.  -42.6] | 0.06951200733862054
-0.17831768755138735 | [-16.75 -44.4 ] | 0.21720634818451792
-0.08407822431158354 | [-17.38 -45.71] | 0.3760627919434005
0.012699539635475512 | [-17.86 -46.43] | 0.5415065504954586
0.11123980193655951 | [-18.18 -46.56] | 0.7080312164314567
0.21081386523043824 | [-18.34 -46.1 ] | 0.8700683704822845
0.3107899243514792 | [-18.35 -45.12] | 1.0225749066020098
0.41064532791395886 | [-18.22 -43.67] | 1.161291371519556
0.509954775455908 | [-17.97 -41.83] | 1.2827711281319076
0.6083677361361545 | [-17.61 -39.64] | 1.384485226633316
0.705603683236008 | [-17.16 -37.21] | 1.4649683299004588
0.8014722817570192 | [-16.64 -34.61] | 1.52383019472504
0.8958470415682198 | [-16.07 -31.94] | 1.5619444027070888
0.9886450889604733 | [-15.47 -29.24] | 1.5811477988482658
1.0798184239310686 | [-14.85 -26.56] | 1.5836299081023812
1.1693422666779536 | [-14.21 -23.92] | 1.571299438587295
1.2571982068728416 | [-13.57 -21.32] | 1.5454668233638933
1.343358520242564 | [-12.92 -18.75] | 1.506935608583455
1.4277782896234619 | [-12.27 -16.21] | 1.4563260413802075
1.5103968282286115 | [-11.61 -13.7 ] | 1.394395072305349
1.5911454788679387 | [-10.95 -11.22] | 1.3222238451643848
1.6699578631144505 | [-10.29  -8.8 ] | 1.2412612662749354
1.7467798873964817 | [-9.64 -6.46] | 1.1532663543512054
1.8215783435215704 | [-9.01 -4.21] | 1.0601961882472166
1.8943478939956009 | [-8.4  -2.09] | 0.9640732198177593
1.9651166318678324 | [-7.81 -0.09] | 1.0006531059464703
2.037889054662089 | [-8.62 -2.39] | 1.0044734684921408
2.1119982606678644 | [-7.94 -0.11] | 0.9902675354885272
2.1868519467820926 | [-8.45 -1.49] | 0.9565449325642715
2.2621908016241696 | [-7.77  0.79] | 1.0148414435321185
2.3403901461087866 | [-9.05 -3.  ] | 0.4106367075749178
2.380071974635262 | [-1.39 16.39] | 0.08508603190973059
2.399621712991281 | [-1.2  16.22] | 0.17231076480458007
2.415903124308385 | [-1.08 15.95] | 0.23816827919836323
2.4275659042658555 | [-0.82 15.96] | 0.2820353338245744
2.433383153715354 | [-0.51 15.94] | 0.30876106044337953
2.432659675998112 | [-0.17 15.79] | 0.31840573772642017
2.4249916489932786 | [ 0.19 15.52] | 0.3090207657174648
2.410234712152322 | [ 0.57 15.19] | 0.27820085018756385
2.38844818945018 | [ 0.98 14.87] | 0.18113870703213378
2.357194465024419 | [ 2.03 16.18] | 0.02609789779304801
2.315594594346981 | [ 2.9  17.16] | -0.12879971029997603
2.266040314041109 | [ 3.61 17.84] | -0.2861393842894148
2.210259626247569 | [ 4.25 18.42] | -0.45443748032045317
2.149089869307531 | [ 4.91 19.11] | -0.6411468189568514
2.0827188957653173 | [ 5.64 20.04] | -0.8505002602436388
2.0109670257665275 | [ 6.47 21.34] | -1.0818080210208736
1.9335534233658718 | [ 7.42 23.04] | -1.3285555741888053
1.8503162406443754 | [ 8.44 25.14] | -1.5786224958111736
1.7613619442118018 | [ 9.49 27.53] | -1.8166019220142267
1.6671059200688876 | [10.51 30.08] | -2.0273810485094255
1.5682067503246937 | [11.46 32.65] | -2.1992369085268204
1.4654423842203093 | [12.29 35.12] | -2.3253018763499256
1.3595861061896934 | [12.99 37.41] | -2.403448867320379
1.2513165077906905 | [13.56 39.47] | -2.435266292080362
1.1411685603359458 | [14.01 41.3 ] | -2.424741223408879
1.0295195751863662 | [14.35 42.92] | -2.3769930265524257
0.9166041055975485 | [14.61 44.33] | -2.296801500522155
0.8025912641340556 | [14.77 45.48] | -2.1871099501025557
0.68773060488931 | [14.81 46.26] | -2.049994275442305
0.5724556726314344 | [14.7  46.54] | -1.8883855512383776
0.45742004314859963 | [14.41 46.22] | -1.7074561952783982
0.3434491227690872 | [13.93 45.26] | -1.5149687428576042
0.23142623048084615 | [13.29 43.72] | -1.3201669370854472
0.12217301128419332 | [12.52 41.73] | -1.1318652561328597
0.016380654536700942 | [11.65 39.44] | -0.9569140278380017
-0.08539952743841477 | [10.74 36.97] | -0.7996407097676902
-0.18273833095476072 | [ 9.8  34.43] | -0.6620172187832584
-0.27531626196035336 | [ 8.85 31.87] | -0.5440576049547241
-0.362926702308601 | [ 7.92 29.33] | -0.4441930272127178
-0.44548844912110563 | [ 7.   26.86] | -0.35960540301769217
-0.5230584765719473 | [ 6.12 24.46] | -0.2865572557637214
-0.595839385147246 | [ 5.29 22.16] | -0.22072212141586256
-0.6641799126573203 | [ 4.51 19.97] | -0.1574877246846623
-0.7285692507068996 | [ 3.78 17.88] | -0.09219677425058592
-0.7896270939616904 | [ 3.12 15.9 ] | -0.020299399536594022
-0.8480919252281957 | [ 2.61 14.35] | 0.038009464581875485
-0.9033773573667255 | [-2.16  2.1 ] | -0.7516080440821967
-0.8752343861972302 | [ -7.73 -12.37] | -0.9450737943602004
-0.8258760512297796 | [ -9.02 -15.48] | -0.9846651925744958
-0.7674231137540666 | [ -9.92 -17.76] | -0.9610780003490246
-0.704134107390248 | [-10.47 -19.23] | -0.8962087395557996
-0.6389830328076371 | [-10.8  -20.09] | -0.8094020981779935
-0.5736560162062182 | [-10.99 -20.57] | -0.7127797071737237
-0.5089043394327575 | [-11.12 -20.86] | -0.6122789479588342
-0.44488716417332924 | [-11.26 -21.1 ] | -0.509748338354706
-0.3814055794375032 | [-11.43 -21.41] | -0.40487178168623744
-0.31804008430850733 | [-11.66 -21.85] | -0.29700255163743416
-0.2542385459810258 | [-11.97 -22.47] | -0.18562346815075514
-0.18937760521532165 | [-12.36 -23.29] | -0.07071008212889612
-0.12281550013422693 | [-12.82 -24.29] | 0.04754734455877599
-0.05393928512894999 | [-13.36 -25.45] | 0.16891192439860594
0.017791634899354515 | [-13.96 -26.74] | 0.2931468190764114
0.09280567705144954 | [-14.59 -28.1 ] | 0.4199681176874447
0.17138494259915268 | [-15.24 -29.47] | 0.5488817874226618
0.25363931607782275 | [-15.87 -30.78] | 0.678946236608573
0.33949223602644885 | [-16.45 -31.98] | 0.8085612087299439
0.42868243458547134 | [-16.97 -32.97] | 0.9354077653965767
0.5207854217833416 | [-17.39 -33.7 ] | 1.0566254013532501
0.6152551984150838 | [-17.7  -34.12] | 1.1692105709395837
0.711480784768835 | [-17.88 -34.2 ] | 1.2705038839013654
0.8088462575926444 | [-17.94 -33.94] | 1.3585815602737574
0.9067809471939134 | [-17.89 -33.38] | 1.4325306524172148
1.0047918444315813 | [-17.74 -32.55] | 1.4922927133305834
1.1024694561387 | [-17.5  -31.49] | 1.5379404667319998
1.1994666095039372 | [-17.2  -30.25] | 1.569554799430076
1.2954779783855108 | [-16.83 -28.85] | 1.587223357983444
1.3902257953442356 | [-16.4  -27.32] | 1.591132645323567
1.483451814538763 | [-15.93 -25.66] | 1.5817040059907739
1.5749156882654816 | [-15.41 -23.92] | 1.5596397663738146
1.6643975576664618 | [-14.86 -22.1 ] | 1.5259174168340028
1.7517027111385353 | [-14.28 -20.22] | 1.481746882957571
1.8366669668782611 | [-13.68 -18.31] | 1.4285019326880941
1.919161955455295 | [-13.06 -16.38] | 1.3676371275419898
1.999099784051399 | [-12.44 -14.45] | 1.300601004375646
2.076436752293074 | [-11.82 -12.54] | 1.2287545156190416
2.1511759271728437 | [-11.21 -10.67] | 1.1533013641657723
2.2233685090251236 | [-10.61  -8.83] | 1.0752340549131332
2.293114047309005 | [-10.03  -7.03] | 0.9952966066322864
2.3605596947714695 | [-9.47 -5.3 ] | 0.9139622531956406
2.4258988148950733 | [-8.94 -3.62] | 0.8314223341546436
2.489369373502604 | [-8.43 -1.99] | 0.7475809893141736
2.5512526494775964 | [-7.96 -0.43] | 0.7264089719592375
2.613880859651453 | [-8.09 -0.67] | 0.7191275711768005
2.678124809149178 | [-7.91  0.06] | 0.3125974955406491
2.7083048665004887 | [-0.89 16.42] | -0.019923599305269636
2.704403188222952 | [-0.52 16.71] | 0.08946827188525126
2.6983680861724073 | [-0.49 16.2 ] | 0.1822378801328109
2.689074469053382 | [-0.29 16.03] | 0.24846504161451863
2.675039498561293 | [-0.02 15.93] | 0.29396638131920316
2.6556906073496225 | [ 0.25 15.71] | 0.3177857563332631
2.6308267364484497 | [ 0.54 15.4 ] | 0.31604484124172677
2.6003453512463115 | [ 0.86 15.06] | 0.2672961186161623
2.562905939510036 | [ 1.49 15.47] | 0.156882988376001
2.516919066736969 | [ 2.32 16.4 ] | 0.014889227038582146
2.4632724744414833 | [ 2.98 17.  ] | -0.1358723869332023
2.403785602710522 | [ 3.57 17.49] | -0.3019726710670486
2.3393061782492546 | [ 4.17 18.06] | -0.4895668219771325
2.2699931785875043 | [ 4.85 18.87] | -0.702503337123392
2.1956310463525597 | [ 5.63 20.04] | -0.9406330735239697
2.1159068882752092 | [ 6.53 21.61] | -1.198293079297794
2.030641140928967 | [ 7.51 23.59] | -1.4641690433753511
1.939937046151196 | [ 8.54 25.9 ] | -1.7233597314930083
1.8442124649787794 | [ 9.55 28.41] | -1.9608254057076409
1.7441231820782577 | [10.49 30.99] | -2.164464891855245
1.640432781264245 | [11.35 33.52] | -2.3266578838628313
1.5338887035275544 | [12.09 35.92] | -2.4442984432996524
1.4251358538993968 | [12.72 38.15] | -2.5179408463572037
1.3146714071072227 | [13.24 40.2 ] | -2.5506186448372636
1.202832781449208 | [13.67 42.08] | -2.5466347268947636
1.0898121731448016 | [14.02 43.79] | -2.509876656470821
0.9757291510699626 | [14.29 45.28] | -2.4417715928095274
0.8607797621954811 | [14.44 46.43] | -2.3422402262733995
0.7453500622879173 | [14.44 47.08] | -2.211741111366047
0.6300629994786159 | [14.26 47.11] | -2.053266348113535
0.5157377276569429 | [13.87 46.46] | -1.8734391082666357
0.4032737541118504 | [13.3  45.17] | -1.6817861502861764
0.29352035929277953 | [12.57 43.36] | -1.4885495185194833
0.18719564311492878 | [11.73 41.18] | -1.3024747923838733
0.08487114049299627 | [10.83 38.79] | -1.129681298127483
-0.01300978869502523 | [ 9.88 36.27] | -0.9736009711690198
-0.10611659649422346 | [ 8.92 33.71] | -0.8353901182340002
-0.19423277578741618 | [ 7.97 31.15] | -0.7143823927683021
-0.2772681774120295 | [ 7.03 28.63] | -0.608474638519761
-0.3552725493015425 | [ 6.12 26.18] | -0.5144755737787671
-0.4284439963220664 | [ 5.25 23.82] | -0.42844038980486154
-0.49713034265950606 | [ 4.44 21.56] | -0.34597762874856114
-0.5618240378279794 | [ 3.69 19.42] | -0.26249725229778265
-0.623152572077576 | [ 3.11 17.76] | -0.1605619515052902
-0.6860726656111044 | [ 3.23 18.29] | -0.15677716735887492
-0.7376853208518962 | [-4.13 -1.4 ] | -0.7923744887396327
-0.7022615155795673 | [ -8.74 -13.22] | -0.9122647816571346
-0.6499268285760385 | [ -9.95 -16.22] | -0.9178874807347519
-0.5898614259547517 | [-10.75 -18.25] | -0.8714339045168404
-0.5259955444608239 | [-11.22 -19.45] | -0.7940423886754718
-0.46088276491609537 | [-11.48 -20.07] | -0.7014603363891431
-0.3958837768564578 | [-11.62 -20.35] | -0.6025240996364454
-0.3315416177081495 | [-11.73 -20.47] | -0.5008740331273728
-0.2678951401379055 | [-11.84 -20.57] | -0.39691792695028905
-0.20467955092566129 | [-11.99 -20.76] | -0.2898169160936955
-0.14144256735971983 | [-12.22 -21.08] | -0.17886509922495336
-0.07761781687329977 | [-12.51 -21.57] | -0.06340315187557927
-0.01257416891561098 | [-12.9  -22.27] | 0.056766889199193815
0.054339990804962685 | [-13.36 -23.17] | 0.18149071169600645
0.12375289991768505 | [-13.9  -24.25] | 0.31063114517545315
0.19622719309906383 | [-14.51 -25.48] | 0.4441020507143967
0.27221752397953564 | [-15.16 -26.82] | 0.5817197724396622
0.3520300613829743 | [-15.83 -28.22] | 0.7228876886246902
0.4357884612100116 | [-16.49 -29.61] | 0.8662168726764434
0.5234132240587153 | [-17.12 -30.91] | 1.0092623861790215
0.6146218254455476 | [-17.67 -32.02] | 1.1485486085079206
0.7089539197100557 | [-18.11 -32.87] | 1.2799484875214722
0.8058194399967298 | [-18.44 -33.39] | 1.3993210796842337
0.9045603324353775 | [-18.62 -33.54] | 1.5032357046341813
1.0045136403305073 | [-18.68 -33.34] | 1.5897771604691733
1.1050690912958019 | [-18.61 -32.8 ] | 1.6582081031359592
1.2056927678126301 | [-18.43 -31.97] | 1.7081878492893856
1.3059142177988752 | [-18.16 -30.89] | 1.7398455791235767
1.4053147955880778 | [-17.8  -29.58] | 1.7537183332624038
1.5035177025140154 | [-17.37 -28.1 ] | 1.7506675381297807
1.600180078543085 | [-16.88 -26.46] | 1.7318298656817654
1.6949889303912566 | [-16.33 -24.7 ] | 1.698578683279738
1.7876606578754544 | [-15.74 -22.85] | 1.652496561502315
1.8779437642211128 | [-15.12 -20.94] | 1.595335230669085
1.9656239219019425 | [-14.47 -18.99] | 1.5289428800122289
2.050530030656698 | [-13.81 -17.02] | 1.455174042108643
2.132540182724304 | [-13.14 -15.05] | 1.375793637656248
2.211586733280138 | [-12.48 -13.1 ] | 1.2923871020197126
2.2876599372673736 | [-11.82 -11.18] | 1.2062863754564939
2.360809856323555 | [-11.18  -9.31] | 1.1185175226657162
2.4311464682195685 | [-10.56  -7.48] | 1.0297712425105865
2.498838129280166 | [-9.97 -5.71] | 0.9403935277471428
2.564108741292136 | [-9.41 -4.  ] | 0.8503907827511908
2.627234146859123 | [-8.87 -2.34] | 0.7594419341574697
2.6885384127106575 | [-8.37 -0.73] | 0.694827361574115
2.7493532048310567 | [-8.16  0.05] | 0.7216121613273441
2.813170323572452 | [-8.61 -1.13] | 0.37506272269784835
2.8461131267201547 | [-1.29 16.32] | -0.01937661150444881
2.8393470957109463 | [-0.83 16.8 ] | 0.09812677952204298
2.8312749361854785 | [-0.84 16.19] | 0.19675298686174514
2.8203533955114213 | [-0.62 16.08] | 0.268179844325966
2.804796431008388 | [-0.34 16.07] | 0.3213466461762892
2.7840821060612515 | [-0.05 15.93] | 0.3550133212029704
2.7580342110446905 | [ 0.23 15.65] | 0.3655838272765039
2.726598274538634 | [ 0.52 15.28] | 0.3498170416599905
2.689779966590514 | [ 0.82 14.88] | 0.2982486117534887
2.6470768380943683 | [ 1.27 14.81] | 0.18836443386284968
2.5967537138318604 | [ 2.08 15.62] | 0.032968160470311536
2.5387549878113527 | [ 2.76 16.23] | -0.1398673210156389
2.4745126182632657 | [ 3.42 16.86] | -0.3356190835154658
2.404598556083793 | [ 4.14 17.68] | -0.5578822806841802
2.329089092977607 | [ 4.94 18.83] | -0.8064389047333905
2.24789750615554 | [ 5.83 20.37] | -1.0756624609661551
2.161036164064481 | [ 6.81 22.31] | -1.3544103264841032
2.068771069008292 | [ 7.82 24.57] | -1.6281481438070755
1.9716428656073723 | [ 8.81 27.04] | -1.8823277567515777
1.8703806991025642 | [ 9.75 29.61] | -2.105264787395182
1.7657741693684414 | [10.61 32.15] | -2.289511628366502
1.6585608872367696 | [11.36 34.61] | -2.431859477524151
1.5493535967910486 | [12.01 36.93] | -2.5325649804140618
1.4386053087751638 | [12.58 39.11] | -2.5942814230841877
1.3266029958550989 | [13.06 41.16] | -2.6209177177406566
1.2134842674010555 | [13.48 43.09] | -2.6157670096407966
1.0993121159807064 | [13.83 44.84] | -2.579140128480138
0.9842271852727964 | [14.07 46.27] | -2.509317869880056
0.8685692769202711 | [14.16 47.21] | -2.4047048135192166
0.7529350975097963 | [14.06 47.53] | -2.2662847960160324
0.63814428294734 | [13.75 47.12] | -2.099392984990647
0.5251198289676295 | [13.23 46.02] | -1.9134368490811098
0.41474439427066867 | [12.54 44.36] | -1.719582058301769
0.30776607172427034 | [11.72 42.28] | -1.527988569806318
0.2047776354567649 | [10.83 39.94] | -1.3461593752153178
0.10623700097962138 | [ 9.89 37.45] | -1.1786517245512018
0.012486541644761734 | [ 8.92 34.89] | -1.0274911626404528
-0.07624615702013893 | [ 7.95 32.31] | -0.892693137305543
-0.15986094056888575 | [ 6.99 29.77] | -0.7726956074728462
-0.23840004923732183 | [ 6.07 27.29] | -0.6647231637369776
-0.3120580815362002 | [ 5.18 24.89] | -0.5651226054251406
-0.38118451905548634 | [ 4.35 22.6 ] | -0.4684483868506659
-0.44897118220876847 | [ 4.45 23.22] | -0.38098384318475376
-0.5165604662546568 | [ 3.79 21.3 ] | -0.2768375191270621
-0.5811520216555619 | [ 3.14 19.26] | -0.3734447107220356
-0.6134996128522084 | [-7.02 -7.81] | -0.7981466266124001
-0.5720766426932525 | [ -9.49 -14.01] | -0.8540365175158218
-0.5182529798451261 | [-10.67 -16.93] | -0.8395679332287268
-0.45742000144978345 | [-11.41 -18.84] | -0.7807045429597428
-0.39329214352523467 | [-11.84 -19.91] | -0.6966936544754657
-0.3282006144873024 | [-12.06 -20.41] | -0.6008092549057198
-0.26334276801465123 | [-12.18 -20.59] | -0.4999302073619632
-0.1991581549702408 | [-12.27 -20.65] | -0.39638941191019117
-0.13562375679928929 | [-12.38 -20.7 ] | -0.2898181771928635
-0.07243746251405615 | [-12.53 -20.84] | -0.1791862191627404
-0.009125156619265582 | [-12.75 -21.13] | -0.06369265643770838
0.05489172334056805 | [-13.05 -21.6 ] | 0.057345310333817234
0.12024992445923921 | [-13.44 -22.27] | 0.18405371832384848
0.18760116655177234 | [-13.91 -23.15] | 0.3161772021801118
0.257568956691696 | [-14.46 -24.2 ] | 0.4534145998459966
0.33070616159491534 | [-15.06 -25.41] | 0.5953983187341986
0.40745182585181483 | [-15.71 -26.72] | 0.7414874315883825
0.4880898717961937 | [-16.38 -28.08] | 0.8904240890007576
0.5727152539588237 | [-17.03 -29.42] | 1.0399948586363517
0.6612153969444505 | [-17.63 -30.64] | 1.1868907038543628
0.7532744167566016 | [-18.15 -31.66] | 1.3269086371324008
0.8484033000417073 | [-18.56 -32.39] | 1.455493197318926
0.9459919502818988 | [-18.84 -32.77] | 1.5684584276839368
1.0453723297639257 | [-18.98 -32.79] | 1.6627788590861226
1.1458821740395584 | [-18.98 -32.44] | 1.7371958043557711
1.246919447238563 | [-18.87 -31.77] | 1.7913832572926789
1.3479537375036197 | [-18.64 -30.81] | 1.8254252079413538
1.4485122363442724 | [-18.32 -29.61] | 1.839948794067821
1.5481709466861513 | [-17.92 -28.19] | 1.8360129404577836
1.6465464184752812 | [-17.44 -26.61] | 1.8149996550459015
1.7432893468006674 | [-16.91 -24.89] | 1.7785385170139068
1.8380816442111023 | [-16.33 -23.06] | 1.728448013744382
1.9306368256185518 | [-15.71 -21.16] | 1.6666792321707091
2.0207032157705074 | [-15.06 -19.21] | 1.5952554988008285
2.1080693009753193 | [-14.4  -17.24] | 1.5161916203459156
2.1925699179994536 | [-13.72 -15.27] | 1.4314024217815289
2.2740922067015372 | [-13.05 -13.32] | 1.3426124863477582
2.3525805223677203 | [-12.38 -11.39] | 1.2512783438200155
2.428039772283695 | [-11.73  -9.5 ] | 1.1585313674213367
2.500536899558031 | [-11.09  -7.67] | 1.0651449678695717
2.57020048352019 | [-10.48  -5.89] | 0.9715249147881251
2.6372186582691683 | [-9.9  -4.16] | 0.8777177864699236
2.7018357600298955 | [-9.35 -2.49] | 0.783430086109319
2.7643482875947325 | [-8.83 -0.88] | 0.6996374911003463
2.8255541283504 | [-8.45  0.35] | 0.7349703613937715
2.890405900013443 | [-9.15 -1.59] | 0.6832973127473195
2.9535427777357155 | [-4.98  8.44] | 0.16475738820113525
2.9513194871083948 | [-0.98 16.84] | 0.1740168812785878
2.937284877416035 | [-0.99 16.19] | 0.2742396614862755
2.9214281967227134 | [-0.83 15.9 ] | 0.34344037194542865
2.9013184098050986 | [-0.54 15.84] | 0.3882827795602498
2.8759720641703312 | [-0.23 15.69] | 0.4109870876586395
2.8451656792739826 | [ 0.07 15.4 ] | 0.40929544752392594
2.8088878620861384 | [ 0.38 15.01] | 0.3809743682953945
2.7672358156563175 | [ 0.68 14.57] | 0.3238037502854586
2.720299350809674 | [ 1.02 14.15] | 0.20962650549259812
2.666116852263403 | [ 1.84 14.94] | 0.038179317441773795
2.603807924363827 | [ 2.58 15.64] | -0.1583681196184694
2.534582292287702 | [ 3.34 16.46] | -0.38319517116619156
2.458966845620147 | [ 4.15 17.56] | -0.6360662346940582
2.377196126872396 | [ 5.04 19.03] | -0.9116533418708503
2.289520643492355 | [ 6.   20.88] | -1.199293604610776
2.196383639519648 | [ 6.99 23.07] | -1.4849870779085463
2.0984476692424097 | [ 7.97 25.48] | -1.7546180321402132
1.9965119487154703 | [ 8.9  28.01] | -1.9966822928562646
1.8913935739852654 | [ 9.76 30.56] | -2.2036045232710713
1.7838282647069816 | [10.53 33.06] | -2.3718015955564593
1.6744095885928045 | [11.21 35.46] | -2.501033673566487
1.563562239120281 | [11.82 37.77] | -2.5934565952379174
1.451539670782176 | [12.35 39.98] | -2.6525473950894365
1.3384416056072372 | [12.84 42.11] | -2.681065096477656
1.2242885514497357 | [13.26 44.09] | -2.6783528393188907
1.1091757230591666 | [13.59 45.78] | -2.641203447132075
0.9934016117532193 | [13.77 47.02] | -2.5660310678979403
0.8775362054223235 | [13.76 47.61] | -2.451696834286572
0.7623952261219279 | [13.53 47.47] | -2.301959471040662
0.6489197407067115 | [13.07 46.59] | -2.125765081865543
0.5380217340573682 | [12.43 45.08] | -1.934950676467262
0.43047709223001396 | [11.65 43.12] | -1.7409814977951927
0.3268986281894298 | [10.77 40.87] | -1.552737436617126
0.22775782693515184 | [ 9.84 38.43] | -1.375937592048976
0.13340801070954242 | [ 8.87 35.9 ] | -1.2135286506985121
0.044087386096811426 | [ 7.9  33.33] | -1.0662735212202943
-0.04009360010779976 | [ 6.93 30.78] | -0.9332347424177926
-0.11916846923434263 | [ 5.99 28.29] | -0.8121533433109774
-0.19332613256170786 | [ 5.25 26.38] | -0.719222578093496
-0.26846063354549177 | [ 5.34 27.  ] | -0.622394029193273
-0.3404621986241728 | [ 4.45 24.44] | -0.5039008799337412
-0.4081910931133174 | [ 3.66 22.1 ] | -0.3864536772309895
-0.4727013449502715 | [ 3.   20.07] | -0.5067675288334228
-0.4894747584653361 | [ -8.42 -10.37] | -0.752415211530883
-0.4452118264200843 | [-10.28 -14.98] | -0.7769220728160996
-0.38989498632841973 | [-11.41 -17.81] | -0.7452640521864988
-0.32823373992181215 | [-12.11 -19.59] | -0.6764973024483593
-0.2637331849070382 | [-12.49 -20.52] | -0.5876385200689827
-0.1985272212472036 | [-12.68 -20.91] | -0.48959795677875567
-0.13367301353955138 | [-12.77 -21.01] | -0.3875079959980631
-0.06952234748620773 | [-12.85 -20.99] | -0.2825774852474571
-0.00599945698116992 | [-12.94 -20.99] | -0.1738376273043974
0.05722995279167361 | [-13.09 -21.09] | -0.06012063829311212
0.12065880188146635 | [-13.3  -21.35] | 0.059467682401887684
0.1848756391619696 | [-13.6  -21.79] | 0.18554881826310193
0.25051988769418804 | [-13.99 -22.43] | 0.31803753298565074
0.31823853557765797 | [-14.46 -23.27] | 0.4564589074271668
0.3886438560989578 | [-15.   -24.28] | 0.600192699045295
0.46227146175859507 | [-15.59 -25.44] | 0.748412885315868
0.5395378634121599 | [-16.23 -26.68] | 0.8998663110484683
0.6207004959971042 | [-16.87 -27.95] | 1.0525590895926897
0.7058259492088194 | [-17.49 -29.18] | 1.2035081685057778
0.7947741845888996 | [-18.05 -30.26] | 1.3487406540175444
0.8872058466489194 | [-18.53 -31.12] | 1.4836428525226923
0.9826151550855116 | [-18.88 -31.67] | 1.6036031985798103
1.080383575862601 | [-19.1  -31.88] | 1.704752258626134
1.1798431172265393 | [-19.18 -31.71] | 1.7847011860801079
1.2803393574019255 | [-19.12 -31.19] | 1.8429198091489507
1.381282475236345 | [-18.95 -30.36] | 1.879717283224352
1.4821535821277394 | [-18.68 -29.26] | 1.8957931001587887
1.5824905529252118 | [-18.31 -27.94] | 1.8923260141231304
1.681879060932462 | [-17.87 -26.42] | 1.870842495351086
1.7799440618120388 | [-17.37 -24.76] | 1.8331120349757875
1.8763436261253337 | [-16.81 -22.98] | 1.7810779252245665
1.9707664114061516 | [-16.21 -21.11] | 1.7168032181036235
2.0629323843280574 | [-15.58 -19.19] | 1.6424099802334162
2.1525963896908746 | [-14.92 -17.24] | 1.560012267440493
2.239553682154926 | [-14.26 -15.28] | 1.4716340012560751
2.3236461189182385 | [-13.58 -13.34] | 1.379121379130864
2.4047679906913997 | [-12.92 -11.41] | 1.2840617576596018
2.4828707370320013 | [-12.26  -9.53] | 1.1877194712999692
2.55796605626424 | [-11.62  -7.7 ] | 1.0909950780797226
2.630127171315111 | [-11.    -5.92] | 0.9944095180152939
2.699488252023663 | [-10.41  -4.2 ] | 0.8981100658351809
2.766242219874981 | [-9.84 -2.53] | 0.801891582359917
2.8306373630152257 | [-9.31 -0.93] | 0.7118594965168158
2.8932739694117253 | [-8.87  0.42] | 0.7419757306823682
2.959887243629186 | [-9.63 -1.69] | 0.7183301214439078
3.028935624679424 | [-9.01  0.27] | 0.5076714039060394
3.072836146550027 | [-2.33 14.91] | 0.20527969684636993
3.0574824951828865 | [-1.13 16.92] | 0.2877990110261545
3.0395157501836603 | [-1.18 16.16] | 0.3725745213411002
3.0192154911022953 | [-0.96 15.96] | 0.42731418301603447
2.994189817902606 | [-0.65 15.83] | 0.45801444218420073
2.96360428649771 | [-0.33 15.6 ] | 0.4657019132778235
2.927377282245248 | [-0.03 15.2 ] | 0.4483926417268228
2.8856177632436166 | [ 0.27 14.72] | 0.40363638818998554
2.8384683564412696 | [ 0.58 14.2 ] | 0.33008740322409247
2.7860870480670026 | [ 0.91 13.7 ] | 0.21209374945882292
2.7273398872115986 | [ 1.55 13.98] | 0.03010949874931197
2.6603589995330448 | [ 2.43 14.96] | -0.19893783972855683
2.585220899130306 | [ 3.31 16.14] | -0.4576684323230252
2.502878781436431 | [ 4.24 17.63] | -0.7401474612724965
2.4141104308834045 | [ 5.2  19.46] | -1.0357147608570116
2.3197271154900414 | [ 6.17 21.59] | -1.3309104270657706
2.220622487814914 | [ 7.12 23.95] | -1.612402680631984
2.1177155358920663 | [ 8.03 26.44] | -1.8693606344864124
2.0118637030266724 | [ 8.88 28.97] | -2.0945666551988893
1.9037944332631673 | [ 9.65 31.48] | -2.284472025291975
1.7940674031559416 | [10.35 33.94] | -2.4386532418917266
1.6830616335972228 | [10.99 36.35] | -2.558988364691343
1.5709797483635553 | [11.57 38.7 ] | -2.648633557898052
1.4578685846854411 | [12.12 41.01] | -2.7096257622976148
1.3437020130599562 | [12.61 43.2 ] | -2.74008727205625
1.2285381718189903 | [13.01 45.13] | -2.735213359081464
1.112651300769056 | [13.28 46.61] | -2.6894200878845256
0.9966050020527207 | [13.34 47.44] | -2.5995487929730903
0.8812270576748148 | [13.17 47.5 ] | -2.467935691860541
0.767482232742627 | [12.77 46.8 ] | -2.3031581127573166
0.656306714351979 | [12.17 45.44] | -2.1176724226036314
0.5484930280204121 | [11.41 43.58] | -1.9240642266595616
0.44466208146268055 | [10.56 41.41] | -1.732350558974471
0.3452883792841718 | [ 9.64 39.03] | -1.5491889776244738
0.2507264241666952 | [ 8.68 36.54] | -1.3782719211548726
0.16121469630579685 | [ 7.7 34. ] | -1.220986697034639
0.07686221692999125 | [ 6.73 31.47] | -1.1102303717047874
-0.006820667469769552 | [ 7.09 33.02] | -1.0164389245680268
-0.08870064718062176 | [ 6.04 30.13] | -0.8676551816428242
-0.16472149232774128 | [ 5.01 27.26] | -0.7313011945586234
-0.23570922166128522 | [ 4.13 24.74] | -0.6032672677159032
-0.3026850653641343 | [ 3.38 22.51] | -0.4764788359334399
-0.36668504385652806 | [ 2.74 20.54] | -0.6034561654998674
-0.3572390810608662 | [ -9.67 -12.52] | -0.6739824063486023
-0.31009735352935774 | [-11.2  -16.26] | -0.671037898303497
-0.2530243616064746 | [-12.26 -18.92] | -0.6230888188904083
-0.19042816369300125 | [-12.88 -20.49] | -0.5461002745344833
-0.12553217696153773 | [-13.2  -21.25] | -0.4541978024215776
-0.0602247499004501 | [-13.34 -21.51] | -0.355607928623728
0.0046053797176141345 | [-13.41 -21.51] | -0.25360568320073473
0.06871019089405352 | [-13.46 -21.42] | -0.14826399413395286
0.13222792553639479 | [-13.54 -21.37] | -0.03814783055925704
0.19553111151602567 | [-13.68 -21.43] | 0.07795743186588852
0.25913474143216775 | [-13.9  -21.66] | 0.20096916107206209
0.32363821001373755 | [-14.19 -22.07] | 0.3312472005626522
0.3896806943783665 | [-14.58 -22.68] | 0.4683510807722693
0.4578975979384059 | [-15.04 -23.48] | 0.6114694487854515
0.5288795109596677 | [-15.56 -24.43] | 0.759527581573102
0.6031312930902806 | [-16.14 -25.5 ] | 0.9111061725318115
0.6810316552026466 | [-16.74 -26.64] | 1.0642344537210526
0.7627963058830188 | [-17.35 -27.77] | 1.216144379066892
0.8484501609194293 | [-17.92 -28.82] | 1.3631453489453782
0.9378158542384213 | [-18.42 -29.7 ] | 1.500775913726449
1.0305249379521215 | [-18.82 -30.34] | 1.624285920801104
1.12605359149192 | [-19.1  -30.65] | 1.7293430059474706
1.2237776044189272 | [-19.24 -30.62] | 1.8127381448338091
1.3230353007529698 | [-19.24 -30.22] | 1.87297618340739
1.4231882514787257 | [-19.12 -29.49] | 1.9104265614248674
1.523668077624116 | [-18.89 -28.48] | 1.9261914641210536
1.6239788334147651 | [-18.56 -27.22] | 1.9216707126691173
1.7236820056679287 | [-18.15 -25.77] | 1.898579682972828
1.8223857089134665 | [-17.67 -24.16] | 1.85882868296637
1.9197350717201809 | [-17.14 -22.43] | 1.8044521309761152
2.0154059954753256 | [-16.57 -20.6 ] | 1.7375731766916316
2.109102848579746 | [-15.96 -18.72] | 1.6603613827222277
2.2005595606262913 | [-15.32 -16.8 ] | 1.574976324022941
2.2895436745984563 | [-14.67 -14.87] | 1.483500885119775
2.3758620371436936 | [-14.01 -12.95] | 1.387860993723891
2.459366896517765 | [-13.36 -11.05] | 1.2897445032008321
2.5399614847303287 | [-12.71  -9.19] | 1.190531470661187
2.6176044320372522 | [-12.07  -7.37] | 1.0912449286591264
2.6923126073445216 | [-11.45  -5.61] | 0.9925264418666702
2.7641622049734837 | [-10.86  -3.9 ] | 0.8946357613058039
2.8332881149151063 | [-10.29  -2.26] | 0.7974697792368641
2.8998818192337943 | [-9.75 -0.67] | 0.7286780923837772
2.9657015964109794 | [-9.55 -0.05] | 0.7223504334958785
3.034551337643999 | [-9.84 -0.82] | 0.6686621410520077
3.1045929233134895 | [-9.35  0.67] | 0.647486544694855
3.1773366086244215 | [-9.92 -1.03] | 0.34394808429583806
3.187977235472896 | [-1.8  17.44] | 0.20621649317687898
3.1733563958106417 | [-1.83 16.75] | 0.3084922229318883
3.158886638410954 | [-1.72 16.33] | 0.38749707489767826
3.1407305355429584 | [-1.4  16.34] | 0.44622102447308454
3.1172603260825893 | [-1.06 16.3 ] | 0.48756712467862223
3.088086005712213 | [-0.74 16.06] | 0.5085445655133197
3.053003849274449 | [-0.43 15.65] | 0.5065357279027839
3.0121100791922606 | [-0.15 15.11] | 0.4790896217540235
2.965616334213613 | [ 0.13 14.49] | 0.42399295525835284
2.913711598206512 | [ 0.42 13.85] | 0.34110785449981545
2.8565846435082074 | [ 0.72 13.21] | 0.23030481218362372
2.794358352437037 | [ 1.07 12.68] | 0.04978901966525949
2.723879199643655 | [ 2.14 14.11] | -0.2066753574094305
2.6436277229571146 | [ 3.15 15.68] | -0.49031187369391
2.5555222390266215 | [ 4.14 17.5 ] | -0.7904202910837306
2.461109307242069 | [ 5.11 19.58] | -1.0940474475872641
2.361713978257125 | [ 6.05 21.86] | -1.3883966824249596
2.258483950373494 | [ 6.95 24.27] | -1.662851256583229
2.1523830756369287 | [ 7.79 26.77] | -1.9100144575375944
2.0441780776519916 | [ 8.57 29.28] | -2.125874543895356
1.9344340726214382 | [ 9.29 31.78] | -2.309433881234903
1.8235190952944145 | [ 9.96 34.27] | -2.4620491521752004
1.7116153700573549 | [10.59 36.74] | -2.586539653185382
1.5987397226925086 | [11.19 39.22] | -2.6848329009740612
1.4848175697037012 | [11.76 41.63] | -2.7546887971049623
1.3698389321208833 | [12.25 43.84] | -2.7902533660221165
1.2540012092221842 | [12.62 45.65] | -2.783931585232152
1.1378021813817407 | [12.81 46.85] | -2.7296975311798333
1.0220373875414075 | [12.75 47.28] | -2.62697731023125
0.9076830210934329 | [12.45 46.9 ] | -2.482542301142087
0.7957183195229002 | [11.93 45.8 ] | -2.3087464988771607
0.6869858441168525 | [11.23 44.15] | -2.1193950361015177
0.5821459830217769 | [10.42 42.12] | -1.9261895653678198
0.4817001712007978 | [ 9.52 39.85] | -1.737330049677673
0.38602397859659543 | [ 8.58 37.43] | -1.5885831783094835
0.2929535595312596 | [ 9.07 39.45] | -1.5288918696440104
0.1983435775823278 | [ 8.11 36.98] | -1.3331703555465135
0.11059292724347257 | [ 6.86 33.53] | -1.1505903545282847
0.02938864660345413 | [ 5.75 30.49] | -0.9919334649594493
-0.046153009963258114 | [ 4.77 27.77] | -0.8478224373329517
-0.11685853872479868 | [ 3.91 25.31] | -0.7112718458563231
-0.18362970496177794 | [ 3.16 23.11] | -0.5770984542082978
-0.24749979429252292 | [ 0.81 16.55] | -0.5623395952110813
-0.22902809977380048 | [-10.34 -13.13] | -0.5709804782628528
-0.1814453833702268 | [-11.88 -16.93] | -0.5535154192907447
-0.12410604389268194 | [-12.94 -19.56] | -0.49825114577645885
-0.06138345599569804 | [-13.54 -21.07] | -0.41935190851814325
0.0035557738364043225 | [-13.83 -21.75] | -0.32860232902418207
0.06887012035400389 | [-13.95 -21.92] | -0.2324522863343607
0.13370189955598538 | [-14.   -21.84] | -0.13305044029154117
0.19782192481286454 | [-14.03 -21.67] | -0.02982695202537819
0.2613799966468528 | [-14.09 -21.55] | 0.07885887100252546
0.3247553874640803 | [-14.21 -21.54] | 0.19426557344419387
0.3884659660856089 | [-14.41 -21.7 ] | 0.31730855196386365
0.45311093625517807 | [-14.68 -22.04] | 0.44818198474159826
0.5193255780486109 | [-15.04 -22.57] | 0.5862587290750249
0.5877380318548229 | [-15.48 -23.28] | 0.7304880544301611
0.6589288913834278 | [-15.98 -24.13] | 0.8794549040022467
0.7333909599361234 | [-16.53 -25.1 ] | 1.0312926885969438
0.8114898264722851 | [-17.1  -26.11] | 1.1834963333247155
0.8934282382416503 | [-17.67 -27.11] | 1.3327327270094198
0.9792195885333869 | [-18.19 -28.01] | 1.4748056232592281
1.0686775257000998 | [-18.65 -28.73] | 1.6049119790705562
1.1614278805930225 | [-19.  -29.2] | 1.7182110072622814
1.2569446692083577 | [-19.22 -29.35] | 1.8105679373301404
1.354604989198039 | [-19.31 -29.15] | 1.8792306108858554
1.4537515404995616 | [-19.27 -28.6 ] | 1.9233111051092675
1.553752350331208 | [-19.1  -27.74] | 1.943797568305775
1.654046543608234 | [-18.82 -26.61] | 1.942374361517668
1.7541462784205282 | [-18.46 -25.26] | 1.920954990319409
1.8536213155316619 | [-18.02 -23.74] | 1.8816764499782472
1.9520875299620721 | [-17.52 -22.07] | 1.8267844264356048
2.0491969699392696 | [-16.98 -20.3 ] | 1.7585745282866472
2.144631587729346 | [-16.39 -18.46] | 1.6793700156120577
2.2381009528907336 | [-15.78 -16.58] | 1.591475566368237
2.3293434837068117 | [-15.14 -14.68] | 1.497117311477608
2.4181306236769924 | [-14.5  -12.78] | 1.3983761231041405
2.504272555881573 | [-13.85 -10.9 ] | 1.2971107713617849
2.587624254835207 | [-13.21  -9.05] | 1.1948843408124374
2.668090987732134 | [-12.57  -7.25] | 1.0929058378591443
2.745632646402799 | [-11.95  -5.5 ] | 0.9919948052775445
2.8202665283295403 | [-11.36  -3.81] | 0.8925715858879368
2.892068402862121 | [-10.78  -2.17] | 0.7946709697702592
2.9611719073398985 | [-10.24  -0.6 ] | 0.7281395451478666
3.029752576424372 | [-10.09  -0.18] | 0.7040457927365574
3.1011407481230697 | [-10.24  -0.57] | 0.6496388661723161
3.1740411309642713 | [-9.93  0.36] | 0.6070351972682252
3.249325431339484 | [-10.22  -0.56] | 0.4957048363545006
3.3049409817347106 | [-3.69 13.96] | 0.3376807966748604
3.288825426470596 | [-1.9  17.12] | 0.4000988615447282
3.267925337345831 | [-1.88 16.45] | 0.4713027748576758
3.2445778694535683 | [-1.61 16.26] | 0.5227668755047712
3.2160766913403593 | [-1.26 16.1 ] | 0.5557593707977572
3.181639847483231 | [-0.94 15.74] | 0.5683623899578494
3.1411507289325113 | [-0.64 15.2 ] | 0.5565927302118678
3.0946404256154647 | [-0.36 14.54] | 0.5181756505835089
3.042381316528803 | [-0.09 13.79] | 0.45265413274890565
2.984655001145919 | [ 0.17 13.  ] | 0.36041226692164924
2.9217509569901132 | [ 0.43 12.2 ] | 0.24306139933327453
2.854102373619442 | [ 0.68 11.39] | 0.0853616194136565
2.780808752840156 | [ 1.28 11.63] | -0.16435257741148218
2.697829843604472 | [ 2.59 14.1 ] | -0.47914210197197366
2.6052004315841826 | [ 3.72 16.5 ] | -0.7981260189906869
2.506066643483331 | [ 4.72 18.93] | -1.1085787646760354
2.4025593740991242 | [ 5.64 21.4 ] | -1.4006457391047378
2.296121833196144 | [ 6.48 23.9 ] | -1.6677213807144977
2.187726937528355 | [ 7.25 26.42] | -1.906319419295969
2.078008404956846 | [ 7.98 28.95] | -2.115712138167552
1.9673364258197712 | [ 8.66 31.5 ] | -2.297428254904764
1.8558613767805017 | [ 9.32 34.08] | -2.4545551709161155
1.7435442391101306 | [ 9.97 36.72] | -2.589446368995928
1.6302266469328017 | [10.61 39.36] | -2.7000316103428204
1.5157866187751408 | [11.21 41.88] | -2.7798612931633224
1.4002951995544444 | [11.7  44.08] | -2.8193825494317046
1.284138927748662 | [12.03 45.73] | -2.809050306643077
1.1680543793734004 | [12.11 46.61] | -2.7440734878136155
1.0530311895967193 | [11.94 46.64] | -2.6280153713936754
0.9401175936431749 | [11.52 45.88] | -2.472292504747357
0.8302386827157796 | [10.9  44.48] | -2.440567414759457
0.7164194316748805 | [12.45 49.86] | -2.3569369443473693
0.6042238199895654 | [10.89 45.63] | -2.055213757613536
0.5003146157039434 | [ 9.56 41.98] | -1.8086089167707948
0.40312413189770413 | [ 8.4  38.85] | -1.5966001499600757
0.3120462327854319 | [ 7.31 35.9 ] | -1.406245441801323
0.22686463255495787 | [ 6.25 33.04] | -1.2326413905043072
0.1473322904643464 | [ 5.24 30.3 ] | -1.0733195379981855
0.07299222269091524 | [ 4.32 27.73] | -0.9251193045323596
0.0031627031935160255 | [ 3.5  25.41] | -0.7841524510337424
-0.06303607656570163 | [ 2.8  23.36] | -0.6366818828006807
-0.11645605365853491 | [-5.76  0.23] | -0.44468719887334296
-0.08321685347354463 | [-11.68 -15.43] | -0.42355309907477673
-0.03140887926037851 | [-13.09 -18.93] | -0.3824401502029081
0.028643286992537667 | [-14.  -21.2] | -0.31433705345092483
0.09289137559489219 | [-14.48 -22.4 ] | -0.2310917637221937
0.15860383533176192 | [-14.68 -22.84] | -0.14072879860336376
0.2242870181637623 | [-14.74 -22.85] | -0.04670690590559544
0.2893162429648402 | [-14.75 -22.67] | 0.05073342640249005
0.3536089856632412 | [-14.76 -22.45] | 0.15315275066495737
0.4174090740338256 | [-14.81 -22.3 ] | 0.26223973219298446
0.4811558885015982 | [-14.93 -22.29] | 0.3791741004065294
0.5454035279811168 | [-15.12 -22.45] | 0.5043221649721318
0.6107647571045174 | [-15.4  -22.79] | 0.6370225485293153
0.6778628614798137 | [-15.75 -23.3 ] | 0.7759588696239814
0.7472894630262423 | [-16.16 -23.94] | 0.9192809357298224
0.8195650049926577 | [-16.63 -24.69] | 1.0646556514959504
0.8951019952437601 | [-17.12 -25.48] | 1.2092551639068592
0.9741724989933582 | [-17.61 -26.26] | 1.3497039721662685
1.0568823327508343 | [-18.08 -26.95] | 1.4820675563242975
1.1431557379229218 | [-18.48 -27.49] | 1.6019960000260693
1.2327354256595688 | [-18.8  -27.79] | 1.7051018887106784
1.3252023287858097 | [-19.01 -27.82] | 1.7875450595458364
1.4200158645688394 | [-19.1  -27.53] | 1.8466629931979612
1.5165693771167545 | [-19.06 -26.92] | 1.8814132249605602
1.6142494661420226 | [-18.9  -26.01] | 1.8924571389017866
1.7124861013422934 | [-18.63 -24.83] | 1.8819050000501623
1.8107862575137958 | [-18.28 -23.45] | 1.8524285888016152
1.90873727267191 | [-17.86 -21.91] | 1.8065100370227867
2.005985631106625 | [-17.39 -20.25] | 1.7464232820611743
2.1022185358829284 | [-16.87 -18.5 ] | 1.6743062546950434
2.1971510515626567 | [-16.32 -16.69] | 1.592226593992532
2.2905188266520407 | [-15.75 -14.84] | 1.5022037012311777
2.382076661948248 | [-15.15 -12.98] | 1.4062164438985667
2.471601198935352 | [-14.55 -11.13] | 1.306165302848025
2.5588956791383146 | [-13.94  -9.29] | 1.2038079288419248
2.6437954352256066 | [-13.33  -7.48] | 1.1006875437365455
2.726173267286101 | [-12.73  -5.72] | 0.9980687391826468
2.8059441596284627 | [-12.15  -4.02] | 0.8968902461723958
2.883068988088727 | [-11.58  -2.37] | 0.7977394286028519
2.9575570153519855 | [-11.03  -0.79] | 0.716184549974606
3.0306789005632515 | [-10.72   0.1 ] | 0.6976179372497225
3.107974010341023 | [-11.19  -1.28] | 0.625329788804619
3.186160313824452 | [-10.47   0.81] | 0.5771810748094643
3.2673803392795735 | [-11.16  -1.37] | 0.49303180114034134
3.3498222919317207 | [-10.38   1.  ] | 0.41583396921226573
3.420905758626762 | [-5.28 11.12] | 0.4722497613089765
3.401309039124704 | [-1.83 17.66] | 0.5129222277470616
3.3710151996919038 | [-1.88 16.65] | 0.565976740255713
3.3387983003740693 | [-1.68 16.02] | 0.6050053750378862
3.301075203034271 | [-1.38 15.45] | 0.6235671100281609
3.256832961099292 | [-1.09 14.72] | 0.6175405053043079
3.2061203531829587 | [-0.83 13.83] | 0.5844825028611258
3.1491944062331214 | [-0.6  12.85] | 0.5242765343415944
3.0865235352663967 | [-0.39 11.8 ] | 0.43827009956200136
3.018795198107943 | [-0.23 10.71] | 0.32909973575669665
2.9469325970088533 | [-0.12  9.62] | 0.20209897315810352
2.872159431756664 | [-0.07  8.54] | 0.0655101921196119
2.7958947040912454 | [-0.1   7.52] | -0.07197972226550153
2.719453463784941 | [-0.19  6.58] | -0.2027119988085741
2.64386238309666 | [-0.32  5.69] | -0.32307593129988654
2.569721877034885 | [-0.47  4.88] | -0.43242852385940606
2.4972965826292506 | [-0.63  4.11] | -0.5312085524638849
2.426669207865661 | [-0.79  3.37] | -0.6211920928866296
2.357806956663352 | [-0.95  2.64] | -0.7047957859927638
2.290629191247145 | [-1.1   1.95] | -0.7844743979832135
2.2250171098531824 | [-1.23  1.3 ] | -0.28401648339280106
2.194168303674499 | [-5.64 -2.24] | 0.04177239491283114
2.1838386948980517 | [-6.48 -2.76] | 0.2109527427881016
2.1840715174795555 | [-7.34 -3.13] | 0.38263965543731304
2.1954536858340115 | [-8.23 -3.35] | 0.5446103629110346
2.218322015511621 | [-9.07 -3.35] | 0.6825574352745422
2.2525380377649014 | [-9.83 -3.1 ] | 0.7824879937768995
2.297468159341207 | [-10.44  -2.52] | 0.8318415853932236
2.351974211206422 | [-10.85  -1.58] | 0.8218150572112132
2.4144463525097977 | [-11.01  -0.26] | 0.6939603357167797
2.477069287030256 | [-10.03   1.79] | 0.42702930478387624
2.5228454340179933 | [-7.54  4.34] | 0.1724094660391821
2.5444306314799787 | [-5.61  5.95] | -0.019119504933406382
2.54448537662916 | [-3.93  6.95] | -0.19022387859530016
2.525067653013617 | [-2.6   7.33] | -0.3383842774389611
2.490533912730456 | [-1.73  7.14] | -0.46247412928990905
2.4458477009546375 | [-1.25  6.59] | -0.5671796224881335
2.394930809207475 | [-1.02  5.86] | -0.6584964990529715
2.3403787857155733 | [-0.94  5.06] | -0.7412330874883605
2.2837533181363905 | [-0.93  4.26] | -0.8167348831413308
2.226059649454378 | [-0.98  3.46] | -0.8866337486256947
2.167935703853922 | [-1.05  2.68] | -0.5337649379805961
2.132000085088439 | [-5.55 -1.71] | 0.00616770033928755
2.125979093536275 | [-6.47 -2.41] | 0.1908359843961144
2.1302761782877635 | [-7.37 -2.89] | 0.3759467938261584
2.1454949176581004 | [-8.27 -3.2 ] | 0.5488010342709165
2.171915535977512 | [-9.13 -3.28] | 0.6949986779185809
2.2093547663076043 | [-9.89 -3.08] | 0.8006933532193803
2.2571493514006953 | [-10.5   -2.54] | 0.8536409291059147
2.3141438671910617 | [-10.9   -1.63] | 0.845425852740126
2.37871952691594 | [-11.05  -0.34] | 0.7202554214046326
2.443671893047966 | [-10.13   1.72] | 0.440574890925251
2.491806093689263 | [-7.52  4.48] | 0.16621497490840859
2.5152882451888683 | [-5.53  6.24] | -0.03860861892670882
2.5170642348085326 | [-3.8   7.37] | -0.21968729602800924
2.49920424954468 | [-2.43  7.84] | -0.37455765997103463
2.4659716043555306 | [-1.53  7.71] | -0.502649737108665
2.4223052960504825 | [-1.03  7.18] | -0.6095204230278687
2.3721586709150064 | [-0.79  6.45] | -0.7034416845671919
2.3180797664971724 | [-0.68  5.68] | -0.7864122509095334
2.2618118870152224 | [-0.68  4.86] | -0.8613093689569612
2.2044254310676434 | [-0.73  4.05] | -0.930927099762076
2.146536400138377 | [-0.8   3.26] | -0.7080960821663234
2.103301884331555 | [-5.08 -1.29] | -0.03456589787368538
2.0958921949807925 | [-6.25 -2.33] | 0.15984429340517112
2.098864047790844 | [-7.16 -2.89] | 0.35252785152361543
2.112635718394176 | [-8.09 -3.29] | 0.5354376585627816
2.137581819839413 | [-8.98 -3.47] | 0.6935163420538913
2.1735954489059925 | [-9.78 -3.37] | 0.8125268657706556
2.2200853148600683 | [-10.43  -2.95] | 0.879654220614968
2.2759654620918233 | [-10.87  -2.13] | 0.885512385551283
2.3396779190781793 | [-11.07  -0.92] | 0.8202814038580788
2.4086520015277975 | [-10.91   0.71] | 0.5683475982430862
2.4665734264654042 | [-8.4   3.74] | 0.26123417536415466
2.500003851154108 | [-6.16  5.93] | 0.03483265670704284
2.510602253518168 | [-4.3   7.37] | -0.157442554717413
2.500299674032972 | [-2.73  8.17] | -0.3258519168860904
2.472499809450041 | [-1.63  8.29] | -0.46709326691783126
2.432180208657881 | [-0.97  7.9 ] | -0.5847244894433345
2.3838282084227154 | [-0.62  7.24] | -0.6870221629568839
2.3305115232240734 | [-0.46  6.51] | -0.7753084161970585
2.2744402984374563 | [-0.43  5.68] | -0.8537074078495267
2.2169698605572576 | [-0.47  4.85] | -0.927091675188895
2.1587886522862907 | [-0.52  4.06] | -0.9961300282010667
2.100350859793346 | [-0.6  3.3] | -0.39779492611081596
2.074428539139265 | [-5.31 -1.61] | -0.012061282439185937
2.068262516919669 | [-6.25 -2.45] | 0.1850849788078
2.072283345371189 | [-7.19 -3.06] | 0.3847601752237193
2.0872034054981126 | [-8.14 -3.52] | 0.5730117746471383
2.113364790672664 | [-9.06 -3.75] | 0.7342082202391547
2.1506040041366377 | [-9.87 -3.68] | 0.8537945213935603
2.1982602495392722 | [-10.51  -3.25] | 0.91885867237893
2.2551691317866114 | [-10.94  -2.42] | 0.9203479142939318
2.319694661027533 | [-11.11  -1.17] | 0.8564835339663597
2.389813693696623 | [-11.01   0.45] | 0.6181448493386212
2.4510974554827754 | [-8.75  3.45] | 0.3056625992422186
2.4888843670597187 | [-6.34  5.92] | 0.06605605747096871
2.5030449758512052 | [-4.41  7.52] | -0.1307150605940501
2.495792291010269 | [-2.76  8.49] | -0.3051076070703539
2.470157768472888 | [-1.55  8.75] | -0.4538462836890318
2.4310295671519175 | [-0.81  8.45] | -0.5798192743707963
2.3830369388984716 | [-0.4   7.86] | -0.688156879925527
2.3296006519185473 | [-0.21  7.14] | -0.780207566482758
2.27318918928467 | [-0.17  6.3 ] | -0.8620292904269442
2.215246453529702 | [-0.19  5.48] | -0.9384988189072812
2.1565246371240794 | [-0.25  4.7 ] | -1.010014169184809
2.0975199214628764 | [-0.32  3.93] | -0.8505464723941352
2.0494040963852944 | [-4.4  -0.81] | -0.09636651087694292
2.0388676046781993 | [-5.76 -2.26] | 0.09738971391964699
2.0379232092613275 | [-6.69 -2.99] | 0.30464250288053907
2.0476030483902625 | [-7.67 -3.61] | 0.5074991169846081
2.0684672881829864 | [-8.64 -4.02] | 0.6899353767038415
2.1005663725735677 | [-9.52 -4.16] | 0.8368830592505232
2.1434637817373057 | [-10.27  -3.96] | 0.93427288917803
2.196221965059899 | [-10.81  -3.36] | 0.9706866566348638
2.257412471202745 | [-11.11  -2.33] | 0.9401446096647196
2.3251762792822297 | [-11.14  -0.87] | 0.8349840744612969
2.3962913402743315 | [-10.74   1.03] | 0.5323194472888718
2.451790888626113 | [-7.65  4.56] | 0.2091529274585192
2.480018886624298 | [-5.44  6.75] | -0.012244004354147724
2.485597093687098 | [-3.58  8.18] | -0.20531511864663587
2.4705970825877723 | [-2.07  8.93] | -0.3751794351098428
2.43894026773864 | [-1.03  8.99] | -0.5195142930844698
2.3956487571032272 | [-0.42  8.58] | -0.6450303237610298
2.344760798848672 | [-0.07  8.  ] | -0.7498716549314207
2.289526126919664 | [0.05 7.21] | -0.8398540095915986
2.231983996936231 | [0.07 6.4 ] | -0.9219015426013663
2.17323578015836 | [0.04 5.61] | -0.9972023841786561
2.1139907206764437 | [-0.03  4.82] | -1.066973066968185
2.05469297553089 | [-0.12  4.06] | -0.6840503707995028
2.0161299493583957 | [-4.8 -1.4] | -0.048779299730285205
2.0081009330088535 | [-5.85 -2.48] | 0.14123909347766386
2.009017483682865 | [-6.82 -3.26] | 0.358227613124097
2.0208662549932663 | [-7.84 -3.96] | 0.5663258615898377
2.0440503851324747 | [-8.82 -4.4 ] | 0.749449296879694
2.0784593698122404 | [-9.71 -4.54] | 0.8931533139333732
2.123532117700822 | [-10.43  -4.31] | 0.9836296527862733
2.1782126167712366 | [-10.94  -3.66] | 1.0101355757066375
2.240962880536776 | [-11.19  -2.55] | 0.9682116602979539
2.3098354330939515 | [-11.16  -1.01] | 0.8645867684506476
2.3826073372917285 | [-10.87   0.87] | 0.5659919190121566
2.4410316211801044 | [-7.83  4.51] | 0.2372170957858562
2.4723485670255276 | [-5.53  6.88] | 0.012176993198593573
2.4806363449894384 | [-3.63  8.43] | -0.18099106538687262
2.467990390135129 | [-2.05  9.29] | -0.35388165284193085
2.4379815988301377 | [-0.93  9.47] | -0.504472976175835
2.3955165348254224 | [-0.24  9.14] | -0.6370719284106282
2.3447997462755312 | [0.15 8.6 ] | -0.7531822406960343
2.2889897011184455 | [0.42 8.14] | -0.910382189835131
2.2267842248816625 | [1.29 9.54] | -1.1973941538913473
2.151688844778991 | [ 3.5  14.76] | -1.542951446454795
2.062743543654185 | [ 5.18 19.15] | -1.8218679759715175
1.965216890724 | [ 6.42 22.82] | -2.0362911246032653
1.8627908156263662 | [ 7.33 25.96] | -1.931334856092393
1.7684725005175863 | [ 6.16 28.81] | -1.8886975559299517
1.6790240930433584 | [ 8.2  35.31] | -2.2524780660720207
1.579128766419517 | [10.21 41.38] | -2.566176217519635
1.4705233161714995 | [11.87 46.62] | -2.801076430029705
1.3554388763170468 | [13.09 50.61] | -2.935770271906229
1.236489218669786 | [13.76 52.97] | -2.957771730442243
1.1164741172912818 | [13.87 53.65] | -2.8786047436920335
0.9977325518120853 | [13.54 52.95] | -2.7280867652225957
0.8816978479549827 | [12.95 51.37] | -2.537124978227384
0.7689952809408926 | [12.21 49.29] | -2.3274048508456744
0.659854986392312 | [11.39 46.94] | -2.1118567162066033
0.5544816890987867 | [10.52 44.43] | -1.8982406078136222
0.4532263229753062 | [ 9.59 41.77] | -1.6919323229931054
0.35655650466661865 | [ 8.6 39. ] | -1.496964347308722
0.26491918937600784 | [ 7.58 36.17] | -1.3158761987414658
0.17859891819397644 | [ 6.56 33.34] | -1.1493337858264498
0.0976264849219512 | [ 5.57 30.59] | -0.9960849309279435
0.021744944826841667 | [ 4.64 28.  ] | -0.853300510566749
-0.0495814397985616 | [ 3.81 25.61] | -0.7171213095947638
-0.11712981145299177 | [ 3.08 23.48] | -0.5832258740178304
-0.18186391397455973 | [ 0.99 17.61] | -0.4885479002469316
-0.16692342547125344 | [-10.46 -12.9 ] | -0.47338228004661137
-0.12119144780350026 | [-12.06 -16.82] | -0.4570961943095972
-0.06524202227969382 | [-13.16 -19.55] | -0.40580744819056064
-0.0034937323474704927 | [-13.79 -21.12] | -0.3320544800476619
0.06080355920011726 | [-14.1  -21.82] | -0.24651705685666753
0.12573106613915316 | [-14.23 -21.99] | -0.1550481150816742
0.19037203174710965 | [-14.28 -21.9 ] | -0.059501936259478486
0.2544557588666983 | [-14.31 -21.72] | 0.0406358628163688
0.31810324673599427 | [-14.37 -21.57] | 0.14644250352987515
0.38166993197828897 | [-14.49 -21.53] | 0.2589910694024976
0.44565186390895906 | [-14.68 -21.64] | 0.3791332750711128
0.5106271713390151 | [-14.94 -21.93] | 0.5070025196593395
0.5772103142209171 | [-15.29 -22.41] | 0.6421007904063605
0.6460111291847241 | [-15.71 -23.05] | 0.7835583590401333
0.7175962624595138 | [-16.19 -23.84] | 0.9301104656268051
0.7924499690353537 | [-16.72 -24.73] | 1.0799539245488692
0.8709347474975141 | [-17.27 -25.69] | 1.2305237390974855
0.9532548032989633 | [-17.82 -26.63] | 1.3783021213793225
1.0394280517516503 | [-18.33 -27.48] | 1.5188207683815076
1.1292741715179655 | [-18.77 -28.16] | 1.6469815982138285
1.2224252164392073 | [-19.11 -28.59] | 1.7576932246506813
1.3183605329679822 | [-19.32 -28.7 ] | 1.8466615192206932
1.4164606487157982 | [-19.4  -28.47] | 1.9110862876934736
1.5160689845362894 | [-19.34 -27.9 ] | 1.9501825954076157
1.6165528242290914 | [-19.16 -27.01] | 1.9650310655533088
1.7173476645910448 | [-18.87 -25.87] | 1.9573506945337926
1.8179563571006818 | [-18.5 -24.5] | 1.9291784781297006
1.91793583520548 | [-18.05 -22.96] | 1.8828576640722856
2.0168880777479132 | [-17.54 -21.28] | 1.8208866667027104
2.1144517205741082 | [-16.98 -19.5 ] | 1.745822221852732
2.210296631103143 | [-16.38 -17.65] | 1.6602227633460762
2.304122176311434 | [-15.76 -15.77] | 1.5665941574310456
2.3956586286292354 | [-15.12 -13.88] | 1.4673086713901864
2.484671349601325 | [-14.47 -11.99] | 1.3645313729056077
2.570966581771573 | [-13.82 -10.12] | 1.2601447016515475
2.6543976190356173 | [-13.18  -8.3 ] | 1.1556801107939547
2.7348704193322857 | [-12.55  -6.52] | 1.0522678707538
2.8123479894182997 | [-11.93  -4.8 ] | 0.9506120876202918
2.886853124345306 | [-11.34  -3.14] | 0.8509926286041015
2.9584693227994947 | [-10.77  -1.54] | 0.7532905735157396
3.027339927609204 | [-1.02e+01 -7.44e-03] | 0.7228144264423617
3.0986104043059908 | [-10.6   -1.08] | 0.6590158910142065
3.170797686839644 | [-9.95  0.81] | 0.6267401204353052
3.2462932804200686 | [-10.65  -1.31] | 0.5551319886148603
3.3235179557218584 | [-9.93  0.92] | 0.4465179713167766
3.3551160331081324 | [-2.44 16.32] | 0.43917058636482936
3.329907103853586 | [-1.81 16.95] | 0.49908414600460926
3.303270699058407 | [-1.74 16.31] | 0.5526554612988832
3.273327126768939 | [-1.45 16.03] | 0.5876062129868166
3.23784421739503 | [-1.13 15.66] | 0.602738829552658
3.1963309355902956 | [-0.83 15.11] | 0.5945345444009833
3.1487665704069157 | [-0.56 14.41] | 0.5599185843923696
3.0953471364259992 | [-0.29 13.62] | 0.4985790250053892
3.036396511102191 | [-0.05 12.76] | 0.41108122897642907
2.9722780915546307 | [ 0.19 11.87] | 0.29887642469151987
2.9035021030672254 | [ 0.4  10.97] | 0.16525491381245358
2.830836922085658 | [ 0.57 10.09] | -0.008297457408920952
2.7533126526427436 | [ 1.17 10.55] | -0.2800774920646495
2.666214744016544 | [ 2.63 13.69] | -0.6146656940094283
2.569561395703879 | [ 3.81 16.53] | -0.9391087027889689
2.467059782785347 | [ 4.81 19.22] | -1.243367055140382
2.361018269271871 | [ 5.69 21.84] | -1.5212640652533869
2.252849687313009 | [ 6.48 24.42] | -1.769981568836019
2.1433971946352037 | [ 7.21 26.99] | -1.9894124339088988
2.03312266170053 | [ 7.89 29.55] | -2.1816301495575066
1.9222076941898607 | [ 8.55 32.16] | -2.3503473205373058
1.8106069282155013 | [ 9.21 34.84] | -2.499043062429536
1.698113377905437 | [ 9.88 37.59] | -2.626976073585184
1.5845086548605622 | [10.52 40.28] | -2.7286146321165985
1.4697283735512523 | [11.08 42.74] | -2.794310286435871
1.3540107621393886 | [11.51 44.72] | -2.8126443276281234
1.2379780128660343 | [11.71 45.98] | -2.875292286986275
1.1183236532522174 | [13.96 53.89] | -3.0161276994313058
0.9940184737122597 | [13.14 52.05] | -2.7531356023513096
0.8769688133886197 | [12.   49.01] | -2.4984418109276145
Total reward: -85.05983121117839
