-2.0, 2.1, -5.8, 3.7, -3.5, -3.8, -0.3, 3.9, 6.0, 5.7, 5.8, -1.8, 2.3, -1.4, 2.0, 1.3, -1.0, 5.4
parameter ends

state | action | reward
[0.06] | [-1.4   5.49] | 0.09941798798019551
0.0944227495553137 | [-2.99  1.9 ] | 0.1043164086153571
0.17526844297184918 | [-3.53 -0.89] | 0.12990530740888712
0.2674729593386419 | [-4.6  -4.15] | 0.2871720356014188
0.36039108479036475 | [-5.34 -6.41] | 0.5079840972671937
0.45694935585962804 | [-5.71 -7.86] | 0.7480492048546774
0.556763601163324 | [-5.51 -8.45] | 0.9722912754218914
0.6581194566116922 | [-4.7  -8.28] | 1.1625667183571406
0.759337151319044 | [-3.43 -7.59] | 1.3132158664145217
0.8592072105437027 | [-1.87 -6.54] | 1.4244673009295599
0.9569879440828919 | [-0.14 -5.28] | 1.3887348288905637
1.0429078600463495 | [ 1.37 -4.14] | 1.0436251274566481
1.0982000175986628 | [ 2.21 -3.53] | 0.46022387163573947
1.114382570898476 | [ 2.88 -2.66] | -0.21630160620935632
1.0917164126299854 | [ 3.4  -1.47] | -0.9105625885601476
1.031245403260943 | [4.24 0.37] | -1.3101074751740303
0.9469880315262607 | [6.31 4.76] | -1.3294036130469784
0.8553317461050457 | [8.2  9.06] | -1.2262859714360836
0.7608609875256956 | [ 9.66 12.6 ] | -1.0932930690048384
0.6640444146483708 | [10.89 15.84] | -0.9287084815801748
0.5655099509848367 | [11.79 18.79] | -0.7486815976351927
0.4654153756672422 | [12.28 21.43] | -0.5596696288524274
0.36388434829615923 | [12.36 23.76] | -0.3631098416078365
0.26119875590863184 | [12.07 25.79] | -0.16061609896941642
0.15774743905377045 | [11.48 27.52] | 0.04501498924663244
0.05393395966690642 | [10.61 28.95] | 0.25030975661568455
-0.04987271544613571 | [ 9.53 30.09] | 0.45159479762006893
-0.1533431255968767 | [ 8.26 30.93] | 0.6451291940410653
-0.25616905367707143 | [ 6.83 31.48] | 0.8270186241655085
-0.3580398818860524 | [ 5.27 31.71] | 0.9927129176702206
-0.4586463954217983 | [ 3.6  31.63] | 1.136970379812518
-0.5577016122909032 | [ 1.86 31.21] | 1.2555981005233003
-0.6549356083689609 | [ 0.06 30.46] | 1.2631608615753829
-0.7389515292866711 | [-1.83 27.45] | 1.0222961418621435
-0.7892077462271644 | [-3.4  21.71] | 0.5474665009895655
-0.7962371785222304 | [-4.69 14.69] | -0.043810434297352055
-0.759835082169595 | [-5.98  6.71] | -0.6206928060404923
-0.6833563893151537 | [-7.63 -1.07] | -0.8169497923617808
-0.5898998509929786 | [-10.07  -5.82] | -0.6975780941376591
-0.4954766899317801 | [-11.57  -8.68] | -0.5443422813206258
-0.39938075571425485 | [-12.71 -10.68] | -0.35860035023646847
-0.30166433729770575 | [-13.51 -12.11] | -0.15661944636826688
-0.20226242040116826 | [-13.86 -13.06] | 0.051911032139145726
-0.10131218518424506 | [-13.75 -13.54] | 0.2623969124420692
0.0007703375808610496 | [-13.22 -13.62] | 0.4705942696530001
0.10345947152726202 | [-12.35 -13.34] | 0.6720826734280928
0.2062530201302447 | [-11.22 -12.76] | 0.8626072550779353
0.30871406860866335 | [ -9.89 -11.94] | 1.0381549687643299
0.41045751852855644 | [ -8.39 -10.92] | 1.1948215121696448
0.5111217032777952 | [-6.76 -9.74] | 1.3285456714856556
0.6103753363577216 | [-5.05 -8.43] | 1.4355843690203163
0.707940744491834 | [-3.28 -7.02] | 1.514017339162685
0.8035900619038433 | [-1.48 -5.53] | 1.5644594115767354
0.8971646407416651 | [ 0.32 -4.01] | 1.395960784036408
0.972392965063868 | [ 1.82 -2.7 ] | 0.8758795251920678
1.009267989083901 | [ 2.82 -1.69] | 0.15907234477551377
1.0025553425274691 | [ 3.6  -0.38] | -0.5281531676438795
0.9568687198914452 | [4.85 2.35] | -0.8526932769346848
0.8894835230877364 | [6.81 6.99] | -0.8965959388438863
0.8123141676047962 | [ 8.26 10.57] | -0.8820109169706494
0.7272434226745261 | [ 9.57 13.82] | -0.8056150527876818
0.6365455117461666 | [10.68 16.88] | -0.6868689298190694
0.5418029503041174 | [11.42 19.63] | -0.5423172873683133
0.444050627927677 | [11.75 22.05] | -0.3795970084587405
0.34416223566804227 | [11.68 24.12] | -0.20388814772116692
0.24294830056955913 | [11.26 25.85] | -0.020463465594365404
0.1411254217249838 | [10.54 27.25] | 0.16527566676949773
0.039285226368821397 | [ 9.57 28.32] | 0.3482692595523405
-0.062099539137411175 | [ 8.4  29.07] | 0.5239820331757288
-0.16264324002837635 | [ 7.06 29.51] | 0.6883077985555666
-0.2620114615151973 | [ 5.59 29.64] | 0.8371852780863849
-0.35992570042979993 | [ 4.02 29.47] | 0.9669751392546615
-0.45618244809473685 | [ 2.38 29.01] | 1.0756391470277933
-0.5506331575357245 | [ 0.71 28.28] | 1.136718152272436
-0.6392799908825038 | [-1.06 26.63] | 0.948247737807574
-0.6963019812745135 | [-3.03 20.35] | 0.4756894543153793
-0.7043886177068711 | [-4.74 12.91] | -0.10160549427978172
-0.6658439429910658 | [-6.44  4.62] | -0.6403690184746608
-0.586019545932741 | [-8.4  -3.18] | -0.7758983867722294
-0.49054763376778837 | [-10.61  -7.17] | -0.615695928484423
-0.39543662036242744 | [-11.97  -9.67] | -0.4400158587483439
-0.299058830760222 | [-13.03 -11.5 ] | -0.24259850038835062
-0.20088061460732945 | [-13.8  -12.87] | -0.03288193165676555
-0.10070557540067548 | [-14.09 -13.76] | 0.1826827490934838
0.001205010238554894 | [-13.86 -14.17] | 0.3998805969906606
0.10434341889476563 | [-13.17 -14.17] | 0.6146678549629376
0.20820661835871695 | [-12.14 -13.81] | 0.8232726263229795
0.31238212755048406 | [-10.85 -13.18] | 1.0221467645304982
0.41653063678047725 | [ -9.37 -12.31] | 1.2076507385569595
0.520341058507671 | [ -7.74 -11.26] | 1.3757566905187801
0.6234912592551087 | [ -5.98 -10.04] | 1.5215056929179762
0.725636359948578 | [-4.14 -8.7 ] | 1.6388033926272922
0.8264160046990962 | [-2.24 -7.25] | 1.7225840891422737
0.925459195751268 | [-0.29 -5.71] | 1.6866350071211718
1.0148336989877058 | [ 1.46 -4.22] | 1.348693056644321
1.0750422752458713 | [ 2.43 -3.33] | 0.7415540165064348
1.0952787403967796 | [ 3.06 -2.41] | 0.02699630328281689
1.0754966418596001 | [ 3.49 -1.23] | -0.7151900685824812
1.0164794798697165 | [4.23 0.55] | -1.1410591655198468
0.9333845226333194 | [6.37 5.29] | -1.1723302117097105
0.8430136360294682 | [8.16 9.55] | -1.0864693793748652
0.749455196528636 | [ 9.56 13.08] | -0.9591584177917901
0.6535602338505248 | [10.72 16.31] | -0.8023537562846844
0.5558784507154401 | [11.52 19.2 ] | -0.6325136134098142
0.4565339846495697 | [11.9  21.74] | -0.4540128146708803
0.3557312979189291 | [11.88 23.93] | -0.26792735414290497
0.25386629991027304 | [11.5  25.78] | -0.07642475416467089
0.15143030058382032 | [10.82 27.3 ] | 0.11693692910561912
0.048905163591294806 | [ 9.88 28.5 ] | 0.30802611543482084
-0.05328408029396462 | [ 8.74 29.39] | 0.492696828400654
-0.1547683870137846 | [ 7.42 29.96] | 0.6669343799046088
-0.2552121588839333 | [ 5.96 30.22] | 0.8266331804255125
-0.35430694019787423 | [ 4.39 30.17] | 0.9674770106874147
-0.4518042739592596 | [ 2.74 29.81] | 1.0863381131093197
-0.547507568692134 | [ 1.04 29.15] | 1.1820452502438863
-0.6412736617581986 | [-0.69 28.23] | 1.0800866434623915
-0.7110418680139906 | [-2.62 23.1 ] | 0.6916628348230421
-0.7365459653815305 | [-4.26 16.32] | 0.14170192668524423
-0.7162805213554637 | [-5.78  8.35] | -0.4388877801361035
-0.6525890977372867 | [-7.52  0.27] | -0.81401744138347
-0.5591666010738068 | [-9.65 -6.  ] | -0.8048910261612209
-0.45865789379946986 | [-11.43  -8.97] | -0.6096598285831641
-0.3601174916329351 | [-12.6  -10.94] | -0.4079359037608489
-0.26152627428509395 | [-13.53 -12.45] | -0.19572105518386979
-0.16181981888725408 | [-14.12 -13.57] | 0.021258886710859293
-0.06057566367571438 | [-14.2  -14.25] | 0.24052461714464518
0.04204269392923081 | [-13.78 -14.49] | 0.45942688659914604
0.14563774591111386 | [-12.94 -14.35] | 0.6748025675229535
0.24981691026757633 | [-11.79 -13.89] | 0.8834323394432771
0.35425028369144024 | [-10.42 -13.18] | 1.0820125524821729
0.4586476364455598 | [ -8.87 -12.25] | 1.2669127776265015
0.562721088756621 | [ -7.19 -11.15] | 1.4339445334233696
0.6661559862126764 | [-5.4  -9.89] | 1.577632990763956
0.7686071624673121 | [-3.52 -8.51] | 1.6913779669714089
0.8696981362033248 | [-1.59 -7.03] | 1.769942570358357
0.9690341052946153 | [ 0.38 -5.47] | 1.6452415421923838
1.0517051668927124 | [ 1.85 -4.17] | 1.2114492438588
1.1002520800676914 | [ 2.66 -3.34] | 0.5849791666324347
1.11007948172473 | [ 3.15 -2.41] | -0.14001947107463697
1.0803802294758027 | [ 3.56 -1.16] | -0.8634052706821175
1.0129841521219713 | [4.39 0.76] | -1.219460511298424
0.9250392299714136 | [6.72 5.91] | -1.195033934417914
0.8324220120048926 | [ 8.45 10.05] | -1.0933091828720385
0.7373492274796875 | [ 9.82 13.55] | -0.9526359815762726
0.6405303934758867 | [10.92 16.72] | -0.7880202736538156
0.542266802741678 | [11.64 19.56] | -0.6135572381352613
0.44254594680760206 | [11.95 22.04] | -0.4320043684203416
0.34151236090131104 | [11.87 24.17] | -0.2439087328636707
0.23952835785177695 | [11.44 25.98] | -0.05128513216498626
0.1370594220952055 | [10.72 27.46] | 0.14240019096610318
0.03456697884092187 | [ 9.76 28.62] | 0.33310232490610175
-0.06753797205346065 | [ 8.59 29.46] | 0.5167425383239819
-0.1688940664917337 | [ 7.25 29.99] | 0.6893452302647005
-0.269168716955125 | [ 5.77 30.21] | 0.8467805751295449
-0.36805938013636963 | [ 4.19 30.12] | 0.9848246568036454
-0.46532510757276446 | [ 2.53 29.72] | 1.1006040847258787
-0.5607758208681333 | [ 0.83 29.03] | 1.178339594633395
-0.6520095073881788 | [-0.94 27.68] | 1.024106957260789
-0.7143681001153405 | [-2.86 21.83] | 0.584921923797786
-0.7297752094775395 | [-4.49 14.75] | 0.018574720384447654
-0.6994539742318553 | [-6.06  6.62] | -0.5444987005637711
-0.6269862897213515 | [-7.9  -1.33] | -0.7303582803403107
-0.5364056201347459 | [-10.24  -5.88] | -0.6099752886766111
-0.44411004222581674 | [-11.7   -8.72] | -0.45968593144827724
-0.3493338967631749 | [-12.83 -10.75] | -0.27725962266448034
-0.25219300532121236 | [-13.66 -12.23] | -0.07634732727628907
-0.152819487721491 | [-14.02 -13.2 ] | 0.13315373301064737
-0.051572300691969 | [-13.88 -13.69] | 0.3456827654642667
0.05098714254895596 | [-13.3  -13.75] | 0.5564010090083971
0.1542798053444943 | [-12.37 -13.45] | 0.760818868077931
0.2578091642576465 | [-11.17 -12.86] | 0.9548480151488659
0.36116604680039127 | [ -9.76 -12.03] | 1.1345898846448732
0.46399206137592464 | [ -8.2 -11. ] | 1.2960488287191758
0.565939384112389 | [-6.51 -9.81] | 1.4347255095670817
0.6666628690466812 | [-4.73 -8.5 ] | 1.5457339544835083
0.7658389775908464 | [-2.88 -7.07] | 1.6256419085749503
0.8631677599581505 | [-1.01 -5.57] | 1.6739056252638138
0.9584083588967304 | [ 0.87 -4.02] | 1.4290757265405274
1.0298016183773262 | [ 2.08 -2.99] | 0.8325109362551385
1.0593082694741407 | [ 2.91 -2.04] | 0.11515799082485013
1.047288860567421 | [ 3.49 -0.86] | -0.6290569304406097
0.9949902613161166 | [4.35 1.11] | -0.9967486359301833
0.9202876418400823 | [6.6  6.27] | -1.0104993971921439
0.8380886832619575 | [ 8.16 10.06] | -0.9717312307494602
0.7497905483789635 | [ 9.49 13.4 ] | -0.877641233419686
0.6571825182327605 | [10.62 16.51] | -0.7464585921048199
0.5614353175149404 | [11.39 19.3 ] | -0.5946397634175101
0.46321550004700873 | [11.74 21.75] | -0.4282576236355605
0.3631292756785196 | [11.7  23.86] | -0.2507145510485905
0.2618247847205741 | [11.31 25.64] | -0.06600592515767666
0.1599344685366734 | [10.62 27.08] | 0.12116774282352076
0.058012620756124726 | [ 9.68 28.2 ] | 0.3060533826231123
-0.043481864691599426 | [ 8.54 28.99] | 0.48421777091224005
-0.14416728520404049 | [ 7.22 29.48] | 0.6515724972546645
-0.24370894071463917 | [ 5.77 29.66] | 0.8040507730436993
-0.3418209494906814 | [ 4.22 29.54] | 0.9378340372957906
-0.43829150806188316 | [ 2.59 29.12] | 1.0506212142607096
-0.5329647016889263 | [ 0.92 28.43] | 1.1354405622007977
-0.6247168669856346 | [-0.78 27.32] | 1.0060379606288417
-0.689793227452231 | [-2.76 21.75] | 0.5881123725057278
-0.7083559576906224 | [-4.48 14.63] | 0.028177147103804194
-0.6801320071283898 | [-6.14  6.45] | -0.530554690655944
-0.6089461164155359 | [-8.04 -1.54] | -0.7119995742033235
-0.5192154671321161 | [-10.34  -6.01] | -0.5903978781359523
-0.4274990111234491 | [-11.78  -8.82] | -0.44007880756151635
-0.3330526540545263 | [-12.91 -10.85] | -0.2579783694649836
-0.23602325360517615 | [-13.74 -12.34] | -0.057010033123374736
-0.1366020759980413 | [-14.11 -13.32] | 0.15305189095027916
-0.035216559326844525 | [-13.96 -13.81] | 0.366489152585578
0.06753276560568877 | [-13.36 -13.87] | 0.5784257316049687
0.1710628487045534 | [-12.41 -13.57] | 0.7844880635140417
0.274893650804126 | [-11.18 -12.98] | 0.9807432315558221
0.3786381591565153 | [ -9.76 -12.15] | 1.1633940784117036
0.4819577667571133 | [ -8.17 -11.13] | 1.3284528368353203
0.5845187064929876 | [-6.46 -9.94] | 1.4713085216959656
0.6859770791715589 | [-4.66 -8.63] | 1.5865668371090067
0.7859940670436057 | [-2.79 -7.2 ] | 1.669908858343113
0.8842376179055913 | [-0.88 -5.7 ] | 1.7058288463990599
0.9791296243087841 | [ 1.   -4.14] | 1.435455114427209
1.0484043648637316 | [ 2.12 -3.19] | 0.8276625376918383
1.0755775463814163 | [ 2.89 -2.26] | 0.1132738750093029
1.0618985947444504 | [ 3.4  -1.11] | -0.6444934759426639
1.0077173804488635 | [4.13 0.61] | -1.082866515518213
0.9284796528686524 | [6.27 5.4 ] | -1.1253196246622907
0.8410972063571953 | [8.01 9.58] | -1.0565490291230601
0.7494582464366781 | [ 9.41 13.09] | -0.9418524051681052
0.6547043971919747 | [10.58 16.31] | -0.7938462121674845
0.5576366477482915 | [11.4  19.21] | -0.6295816457343532
0.458590495731471 | [11.79 21.75] | -0.45436068189524054
0.35792505622659876 | [11.78 23.94] | -0.27017249630700163
0.2561345804854223 | [11.4  25.79] | -0.07986463202227459
0.15376487446149015 | [10.72 27.3 ] | 0.1125922217525568
0.05132407700799571 | [ 9.78 28.48] | 0.30285366159872484
-0.05075184838964722 | [ 8.64 29.35] | 0.4866762068801397
-0.15208997256682358 | [ 7.32 29.9 ] | 0.6600025877985655
-0.2523537216154497 | [ 5.85 30.15] | 0.8186724994208187
-0.351238965574595 | [ 4.28 30.08] | 0.9584057815530468
-0.4485048360036914 | [ 2.64 29.7 ] | 1.0762438876297802
-0.5439626101503873 | [ 0.94 29.03] | 1.1663540169392803
-0.6367067780762236 | [-0.79 27.96] | 1.0478788631240485
-0.7034940448148727 | [-2.73 22.55] | 0.6449433911871705
-0.7248107580027012 | [-4.4  15.63] | 0.09474045665858834
-0.700300858927484 | [-5.98  7.58] | -0.47129439933796663
-0.6328515612913883 | [-7.79 -0.44] | -0.7421030654954417
-0.5417462307051915 | [-10.04  -5.79] | -0.675950374179122
-0.446176725925199 | [-11.63  -8.69] | -0.5095357017798344
-0.34991545840449506 | [-12.77 -10.71] | -0.3204274803885096
-0.25223085539725754 | [-13.67 -12.22] | -0.11511959192518365
-0.15274961759296915 | [-14.14 -13.27] | 0.09758343912580475
-0.0514926626255683 | [-14.11 -13.86] | 0.31325382457805856
0.05114593138856485 | [-13.6  -14.01] | 0.5279274280946736
0.15466398485367241 | [-12.71 -13.79] | 0.7376731147910845
0.2586094777138722 | [-11.53 -13.26] | 0.9387802560350281
0.36260819688576046 | [-10.13 -12.49] | 1.1276074962219484
0.46633297180632294 | [ -8.57 -11.51] | 1.300300845990402
0.5694634212423934 | [ -6.88 -10.37] | 1.4524784352655369
0.6716605931776947 | [-5.09 -9.08] | 1.5786711745372113
0.7725785500269694 | [-3.22 -7.69] | 1.6735948759888821
0.8718656621696309 | [-1.3 -6.2] | 1.7343438610922042
0.9691928044506257 | [ 0.63 -4.64] | 1.5485192268591916
1.0463708816826331 | [ 1.96 -3.49] | 1.0306846489270116
1.0856489383685062 | [ 2.76 -2.66] | 0.3511413517552116
1.0847268237066086 | [ 3.26 -1.66] | -0.4049974751016507
1.0431053149140195 | [ 3.8  -0.22] | -1.011172503290807
0.9689643761040004 | [5.3  3.12] | -1.1943023217588067
0.8810961520779902 | [7.39 7.94] | -1.1278005618247082
0.7895005230288176 | [ 8.91 11.69] | -1.0218612458873226
0.6948765508445841 | [10.18 15.04] | -0.877483668947372
0.5980898060117117 | [11.16 18.08] | -0.7139079125859068
0.4994459016357403 | [11.72 20.78] | -0.5396964938978493
0.39915514599522384 | [11.86 23.12] | -0.3566846013521336
0.29759399621439664 | [11.62 25.11] | -0.16671429567942403
0.19525921592726786 | [11.06 26.77] | 0.02692711627665871
0.0926574828941428 | [10.22 28.11] | 0.22014550412847975
-0.009758772956694216 | [ 9.15 29.12] | 0.4087249991690907
-0.11160075384647115 | [ 7.9  29.82] | 0.5885771403457913
-0.21252300293211693 | [ 6.49 30.21] | 0.7556517970907817
-0.3122029220583255 | [ 4.96 30.29] | 0.9055177360706832
-0.41036724230361277 | [ 3.34 30.05] | 1.034353572800086
-0.5067989497490197 | [ 1.65 29.51] | 1.1401590737062641
-0.6013306950488776 | [-0.06 28.68] | 1.1238243729637052
-0.680099689885696 | [-1.99 25.18] | 0.8465479584000941
-0.7213067784889916 | [-3.73 18.83] | 0.34664369357169117
-0.7163852332602537 | [-5.31 11.19] | -0.23101087093876635
-0.666634426083151 | [-6.98  3.01] | -0.7334807683006749
-0.5786054248560895 | [-8.97 -4.47] | -0.8248730978032889
-0.47796312197079766 | [-11.09  -8.04] | -0.6352046297663291
-0.3798148937543748 | [-12.36 -10.26] | -0.44136274471258596
-0.2817620680574262 | [-13.35 -11.9 ] | -0.23388234408706696
-0.1826892172149646 | [-14.06 -13.15] | -0.01924242611757051
-0.08204641011137823 | [-14.28 -13.96] | 0.19873203663771033
0.02010850480015232 | [-13.99 -14.32] | 0.41727982356089394
0.1233954338327096 | [-13.26 -14.28] | 0.6331994900247195
0.2273995752334554 | [-12.18 -13.91] | 0.8432338708649113
0.33176916792974626 | [-10.86 -13.26] | 1.0441213435460934
0.43620476777538175 | [ -9.35 -12.39] | 1.2323562415445166
0.5404213968017926 | [ -7.7  -11.34] | 1.4039582193517328
0.6441151270999617 | [ -5.93 -10.13] | 1.5539906083218666
0.7469494845080844 | [-4.06 -8.79] | 1.676013600311439
0.8485585828441049 | [-2.14 -7.34] | 1.7640926800108243
0.9485471643065633 | [-0.17 -5.81] | 1.7172326424743116
1.0377792817358378 | [ 1.55 -4.36] | 1.372371080937458
1.097552515179427 | [ 2.45 -3.53] | 0.7748236016063778
1.1183447426387352 | [ 3.  -2.7] | 0.06654676148940558
1.0998363380480622 | [ 3.36 -1.62] | -0.6764902583586142
1.0425445944331517 | [4.   0.02] | -1.1909355173766316
0.9577240191820015 | [5.8  3.95] | -1.2843913000834755
0.8635501867835674 | [7.85 8.67] | -1.177415832425672
0.7676924358181948 | [ 9.34 12.4 ] | -1.0383981962874884
0.6703991543279705 | [10.55 15.73] | -0.8716496443443147
0.5719647451568154 | [11.42 18.72] | -0.6942491882080876
0.47226597053663744 | [11.87 21.35] | -0.5108348819091746
0.3712867093344708 | [11.91 23.62] | -0.3213716674246059
0.2692794287258959 | [11.59 25.56] | -0.12691166025134482
0.16666065485636367 | [10.95 27.17] | 0.06969054275047182
0.0638800759120594 | [10.05 28.45] | 0.2646545429402458
-0.03864837322619387 | [ 8.94 29.42] | 0.45398178072241036
-0.14055801355544476 | [ 7.65 30.08] | 0.6336984036716268
-0.2415120891391339 | [ 6.2  30.42] | 0.7997295149074667
-0.3411909532456858 | [ 4.64 30.46] | 0.9475468403640168
-0.43932419576930754 | [ 3.   30.17] | 1.0734267018911514
-0.5356914805054142 | [ 1.29 29.57] | 1.1755665262363775
-0.6301229197700661 | [-0.44 28.69] | 1.1138840092610858
-0.7040678028115774 | [-2.37 24.29] | 0.779415555060265
-0.7370063658483118 | [-4.03 17.79] | 0.2558050895888429
-0.7245680947433197 | [-5.53 10.02] | -0.32540953336335965
-0.6681855014124842 | [-7.21  1.9 ] | -0.8093549981469801
-0.5752603202605108 | [-9.2  -5.39] | -0.8733194586115057
-0.4716155864608493 | [-11.27  -8.67] | -0.6631376788379306
-0.37178627577561496 | [-12.49 -10.71] | -0.4572815949485205
-0.2728181847245422 | [-13.44 -12.25] | -0.24326958572562649
-0.17322224400179825 | [-14.11 -13.44] | -0.025224197031954866
-0.07226587986083552 | [-14.31 -14.22] | 0.19477966015841472
0.030081809475298083 | [-13.98 -14.55] | 0.41483543676236434
0.13350156076552813 | [-13.22 -14.49] | 0.6322183133512709
0.23762699695762862 | [-12.12 -14.1 ] | 0.8439696646806095
0.3421425824010686 | [-10.77 -13.44] | 1.0469937427952265
0.44677306306972936 | [ -9.25 -12.57] | 1.2378555075401478
0.5512488190377058 | [ -7.58 -11.51] | 1.4125867535318488
0.655276196316558 | [ -5.8  -10.29] | 1.5661900344278898
0.7585243035355137 | [-3.93 -8.95] | 1.6919363020255582
0.8606236360122197 | [-1.99 -7.49] | 1.7833725498089854
0.9611638292245749 | [-0.01 -5.95] | 1.7222669906944825
1.04949454580181 | [ 1.65 -4.53] | 1.3665163738342518
1.1076264590875795 | [ 2.51 -3.71] | 0.7771974421822726
1.1275344439294162 | [ 3.02 -2.88] | 0.0766801586285042
1.108697403504395 | [ 3.35 -1.81] | -0.6590004525636473
1.0516020350944248 | [ 3.97 -0.18] | -1.2006197751760508
0.965969022370003 | [5.65 3.44] | -1.3168898576457224
0.8702841952941346 | [7.8  8.35] | -1.2024359886782254
0.7735103465197264 | [ 9.32 12.14] | -1.0591781656036205
0.6756772802263235 | [10.55 15.49] | -0.8888169643362412
0.576985899321343 | [11.44 18.51] | -0.7085484351166549
0.47721769608275916 | [11.91 21.16] | -0.5234347781018941
0.3762547100864241 | [11.97 23.46] | -0.3330839332945072
0.2742765307337257 | [11.67 25.43] | -0.1380570488400727
0.17166090560669794 | [11.05 27.06] | 0.0591270064031017
0.06884256267977376 | [10.17 28.38] | 0.2548523473019824
-0.03376764339708559 | [ 9.07 29.38] | 0.44518615206400525
-0.13580223458776242 | [ 7.79 30.07] | 0.6261814476071266
-0.23692361927957084 | [ 6.36 30.44] | 0.7938165682854716
-0.3368089663960563 | [ 4.81 30.51] | 0.9435949391885625
-0.4351797246138098 | [ 3.16 30.25] | 1.0716132699833572
-0.5318082709147506 | [ 1.46 29.68] | 1.1758212176911982
-0.6265156111951315 | [-0.28 28.83] | 1.1332534913729673
-0.7028539312837395 | [-2.2  24.83] | 0.822395907474013
-0.7399273793739485 | [-3.87 18.44] | 0.3063424839627985
-0.731562711083002 | [-5.36 10.77] | -0.27985446166975414
-0.6789183071205424 | [-6.99  2.62] | -0.7820556409741936
-0.5888071266419637 | [-8.95 -4.78] | -0.8660330081769815
-0.4868701560620747 | [-11.08  -8.28] | -0.6682288965650575
-0.38797585089254033 | [-12.35 -10.45] | -0.46965282258393953
-0.289520911020347 | [-13.34 -12.06] | -0.2596123278790704
-0.19024448372852698 | [-14.04 -13.29] | -0.04363037869995062
-0.08950549272898392 | [-14.26 -14.1 ] | 0.17522765073882135
0.012691365272358271 | [-13.97 -14.46] | 0.39459158841482317
0.11599499218434665 | [-13.24 -14.42] | 0.6114079179817102
0.22000405705698933 | [-12.17 -14.05] | 0.8224508026226875
0.324371074951403 | [-10.86 -13.4 ] | 1.0244471232659502
0.4287961510462754 | [ -9.36 -12.53] | 1.2138713408474304
0.5329918464766213 | [ -7.71 -11.48] | 1.386726131491948
0.6366512232589913 | [ -5.95 -10.27] | 1.5380391215578622
0.7394355192866628 | [-4.09 -8.93] | 1.661344114409047
0.8409775430621605 | [-2.17 -7.47] | 1.750744499781778
0.9408826108853884 | [-0.21 -5.93] | 1.7108445775758583
1.030431854428412 | [ 1.53 -4.45] | 1.374785503993329
1.0908122196991386 | [ 2.45 -3.59] | 0.7824733974272663
1.112163555345063 | [ 3.03 -2.71] | 0.07941833621650712
1.0942383351147256 | [ 3.41 -1.59] | -0.6594061646445726
1.0375146413882683 | [4.07 0.09] | -1.1639598629745804
0.9535381761716378 | [5.91 4.11] | -1.2539804391690037
0.8602469760806055 | [7.92 8.76] | -1.1531301361060418
0.764939052303863 | [ 9.39 12.45] | -1.017971961561984
0.6679937573549097 | [10.6  15.75] | -0.8538310653883379
0.5697875453602653 | [11.46 18.73] | -0.6781933926607363
0.47025013046571806 | [11.91 21.34] | -0.4960606787049534
0.3693940135282273 | [11.95 23.61] | -0.3076715356334911
0.2674856898909827 | [11.62 25.53] | -0.11422358853173917
0.16495029655886378 | [10.99 27.13] | 0.08134943587993973
0.0622443805659642 | [10.09 28.41] | 0.2752156830070853
-0.040212775382223814 | [ 8.98 29.37] | 0.4633457736817944
-0.14205121997110737 | [ 7.68 30.02] | 0.6417589127303871
-0.24293327523402228 | [ 6.24 30.35] | 0.8064124348855131
-0.3425400478678132 | [ 4.68 30.38] | 0.9528653960241783
-0.4406033164359776 | [ 3.03 30.08] | 1.0774838434982537
-0.5369068290809127 | [ 1.33 29.48] | 1.1785340033185434
-0.6312848180006775 | [-0.4 28.6] | 1.1176064240135446
-0.7056065720775792 | [-2.33 24.26] | 0.781945455445338
-0.7391398391189238 | [-3.98 17.75] | 0.2527936458224933
-0.7270400277659315 | [-5.49  9.96] | -0.3345844054654604
-0.6707996168405109 | [-7.15  1.82] | -0.8240325539751209
-0.5778875550397113 | [-9.13 -5.47] | -0.8887341382618362
-0.4742580088480946 | [-11.2   -8.74] | -0.6768278004432923
-0.37446434169375453 | [-12.42 -10.79] | -0.47008161488161576
-0.2755188185415479 | [-13.38 -12.34] | -0.2555913369785069
-0.17591980027796447 | [-14.06 -13.53] | -0.037196940432103476
-0.07494313153165898 | [-14.26 -14.31] | 0.18319687766673726
0.027430187275512136 | [-13.94 -14.65] | 0.4037229573367958
0.13087453038141977 | [-13.17 -14.59] | 0.621659362344323
0.23502178496822906 | [-12.08 -14.2 ] | 0.8340483050100067
0.33955653941595554 | [-10.74 -13.54] | 1.0377939945403676
0.4442037278696005 | [ -9.21 -12.66] | 1.2294568455980388
0.5486933602730675 | [ -7.55 -11.6 ] | 1.4050564323704784
0.6527308274818647 | [ -5.77 -10.38] | 1.5595390272534226
0.7559840841962217 | [-3.9  -9.03] | 1.6860962535854964
0.8580814808720424 | [-1.97 -7.57] | 1.7782537299807821
0.9586104434915083 | [ 0.01 -6.03] | 1.7158092489508348
1.0466855789277003 | [ 1.66 -4.6 ] | 1.3596854045088538
1.1044071012855536 | [ 2.52 -3.76] | 0.7730193194971476
1.1239807336819219 | [ 3.05 -2.89] | 0.07571291726385317
1.1048733617490267 | [ 3.4  -1.78] | -0.6554408600033397
1.0476115475238563 | [ 4.04 -0.12] | -1.1847640921803542
0.9622640448996084 | [5.76 3.6 ] | -1.2945051618747325
0.8670743030831697 | [7.88 8.44] | -1.1837259003066265
0.7705964253437304 | [ 9.39 12.2 ] | -1.0425243788039398
0.6729516845999471 | [10.6  15.54] | -0.8735751220891221
0.5743874756246247 | [11.48 18.54] | -0.6943319152007061
0.4747132664035664 | [11.95 21.18] | -0.5100031184811883
0.37382640091828084 | [12.   23.47] | -0.3203541599401847
0.2719131268918969 | [11.7  25.42] | -0.12603672664887627
0.16935494150325206 | [11.08 27.05] | 0.0703821242182258
0.06658991317470761 | [10.2  28.36] | 0.26525557272843203
-0.03596814874566761 | [ 9.1  29.35] | 0.4546319316244589
-0.13794982871113926 | [ 7.82 30.03] | 0.6345604041040381
-0.23901702159929764 | [ 6.38 30.39] | 0.8010402970334466
-0.33884757931915815 | [ 4.83 30.45] | 0.949640096850718
-0.43716456953245847 | [ 3.18 30.19] | 1.0765304239894056
-0.533743402259926 | [ 1.48 29.61] | 1.1797218948268504
-0.6284082901926742 | [-0.26 28.76] | 1.136637102791264
-0.704937568637117 | [-2.18 24.79] | 0.8232363119559654
-0.7422857930859181 | [-3.84 18.38] | 0.30191650868968256
-0.7340038729843914 | [-5.33 10.69] | -0.2895320511771794
-0.6813066067606897 | [-6.95  2.53] | -0.7959871592673388
-0.5910788379692183 | [-8.9  -4.88] | -0.8800341474488741
-0.48907272924749334 | [-11.03  -8.36] | -0.6803463904328324
-0.39016111469040393 | [-12.3  -10.52] | -0.4807607832010651
-0.2917003489788149 | [-13.29 -12.14] | -0.2701903746680914
-0.19240887019779157 | [-13.99 -13.38] | -0.05386914780383487
-0.09164648615639065 | [-14.22 -14.19] | 0.16532884793831973
0.010575117073611973 | [-13.93 -14.55] | 0.38509083275572387
0.11390089401975176 | [-13.2  -14.51] | 0.6023770974866286
0.21792901624030991 | [-12.14 -14.14] | 0.813968439534369
0.3223128494854326 | [-10.82 -13.49] | 1.0165943315122277
0.42675316258939605 | [ -9.32 -12.62] | 1.206725559380872
0.5309624738861427 | [ -7.68 -11.56] | 1.3803528041036697
0.6346331430522895 | [ -5.92 -10.35] | 1.5324538508129004
0.7374255201257358 | [-4.07 -9.  ] | 1.6564950538978742
0.838970642579936 | [-2.15 -7.54] | 1.7465572715913653
0.9388719361539272 | [-0.18 -6.  ] | 1.705160753694485
1.0281798376977407 | [ 1.54 -4.51] | 1.368640313266528
1.088178551352032 | [ 2.47 -3.63] | 0.7788729520632981
1.109231191701058 | [ 3.05 -2.72] | 0.07871748295601477
1.0910685533822901 | [ 3.45 -1.57] | -0.6561261395081328
1.034200804455852 | [4.12 0.14] | -1.15050335817891
0.9504605687860503 | [6.   4.24] | -1.2352182585139253
0.8575846112314783 | [7.98 8.83] | -1.1373089694867535
0.7625320578991163 | [ 9.44 12.5 ] | -1.0038229434106973
0.6657554321604913 | [10.64 15.79] | -0.8408908935959616
0.5676669918389031 | [11.5  18.75] | -0.6661572598060447
0.4682186366611185 | [11.94 21.35] | -0.48473690484310306
0.36743509421729104 | [11.97 23.61] | -0.29699207799642585
0.26558847863271445 | [11.65 25.52] | -0.10419268299852669
0.16310742801010114 | [11.01 27.12] | 0.09068715430882827
0.06045167830619525 | [10.11 28.38] | 0.28378875208166354
-0.041956733954626756 | [ 9.   29.34] | 0.47106685954817185
-0.14374610565427096 | [ 7.7  29.98] | 0.6485389055801403
-0.24457834041611706 | [ 6.26 30.3 ] | 0.8121847250938468
-0.344135169138921 | [ 4.7  30.32] | 0.9576235360356872
-0.4421499114883715 | [ 3.05 30.02] | 1.0812860421090948
-0.5384090518514165 | [ 1.35 29.42] | 1.1814894012994903
-0.6327495868089115 | [-0.38 28.54] | 1.1202157966632773
-0.7072526901330295 | [-2.3  24.23] | 0.7825218236049658
-0.7410547414195425 | [-3.96 17.7 ] | 0.2488745605900981
-0.729053322856259 | [-5.46  9.9 ] | -0.34301673222516066
-0.6727896645812311 | [-7.11  1.75] | -0.8360758281419215
-0.5797968771444562 | [-9.09 -5.55] | -0.9007912573439295
-0.47612444961618117 | [-11.15  -8.81] | -0.687270042228467
-0.3763263236239231 | [-12.38 -10.85] | -0.4796778346898123
-0.2773802287174319 | [-13.34 -12.4 ] | -0.26473621527337055
-0.17776910635717164 | [-14.02 -13.6 ] | -0.046034123319942645
-0.07677180380221865 | [-14.22 -14.38] | 0.17467601316407105
0.025623704273500796 | [-13.9  -14.72] | 0.3955687767009845
0.12908834340939587 | [-13.14 -14.66] | 0.6139313295719944
0.23325357878855646 | [-12.04 -14.27] | 0.8268106569260997
0.33780464416298894 | [-10.71 -13.61] | 1.0311132309790105
0.44246695252604545 | [ -9.19 -12.74] | 1.2233973130052398
0.5469704611188663 | [ -7.53 -11.67] | 1.3996739749560378
0.6510200283399447 | [ -5.75 -10.45] | 1.5548470154581038
0.7542828668920032 | [-3.88 -9.1 ] | 1.6820475161629664
0.8563857265422287 | [-1.95 -7.64] | 1.7747795653510918
0.9569142646716214 | [ 0.03 -6.08] | 1.7112291188622955
1.0447951313789876 | [ 1.67 -4.65] | 1.3547230171510414
1.1022010796196493 | [ 2.54 -3.79] | 0.7700946704479019
1.121523648628389 | [ 3.07 -2.9 ] | 0.07524153683398489
1.1022197075649185 | [ 3.43 -1.77] | -0.6525215629687066
1.0448439707899855 | [ 4.09 -0.08] | -1.173403659112791
0.9596941115041313 | [5.84 3.71] | -1.2787829700326248
0.8648446713800086 | [7.93 8.51] | -1.1705184531432211
0.768573104551757 | [ 9.43 12.25] | -1.0307391214864838
0.6710623591495111 | [10.64 15.57] | -0.8627765070816118
0.572591195939505 | [11.52 18.56] | -0.6842540912214541
0.47298778853832607 | [11.97 21.19] | -0.5004862972285493
0.3721592153144912 | [12.03 23.47] | -0.31134631702147747
0.2702956622905243 | [11.72 25.42] | -0.11754497872461381
0.16778091176385032 | [11.1  27.04] | 0.07831987011359261
0.06505533181952468 | [10.22 28.34] | 0.272580977444993
-0.03746509356402346 | [ 9.12 29.32] | 0.4612738434570338
-0.13940946948012456 | [ 7.83 29.99] | 0.6404454471130118
-0.24043926110925765 | [ 6.4  30.36] | 0.8061110892250352
-0.3402327521107669 | [ 4.84 30.41] | 0.9538870750807807
-0.43851403301367176 | [ 3.2  30.14] | 1.0799953705038319
-0.5350605798305383 | [ 1.5  29.57] | 1.1824870595244388
-0.6296987845012996 | [-0.24 28.71] | 1.139373784372415
-0.7064062136653169 | [-2.16 24.77] | 0.824513257022064
-0.7440202377498517 | [-3.82 18.35] | 0.29947417755899375
-0.7358615965649369 | [-5.3  10.65] | -0.29585024948257926
-0.6831836757611122 | [-6.91  2.48] | -0.8056453093151397
-0.5929152317852521 | [-8.86 -4.93] | -0.8900281589399475
-0.4908862657473093 | [-10.98  -8.41] | -0.6891642751844699
-0.3919770523808933 | [-12.26 -10.57] | -0.48896519288950807
-0.29351991810089983 | [-13.25 -12.19] | -0.27807698914800777
-0.19422205570451173 | [-13.96 -13.43] | -0.06154357044799656
-0.0934456128095559 | [-14.19 -14.25] | 0.1578830526538334
0.008791979498646237 | [-13.9  -14.61] | 0.3779232066515372
0.11213233358886515 | [-13.18 -14.57] | 0.5955415783642732
0.2161727505182339 | [-12.11 -14.2 ] | 0.8075195250339688
0.32056673696648197 | [-10.8  -13.55] | 1.010585702339643
0.4250151724340039 | [ -9.3  -12.68] | 1.2012069836925878
0.5292302816500556 | [ -7.66 -11.62] | 1.3753650049492536
0.6329037335897453 | [ -5.9  -10.41] | 1.5280011995347935
0.7356951399555203 | [-4.05 -9.06] | 1.6525378140279845
0.837234303544847 | [-2.13 -7.6 ] | 1.743048527888546
0.9371235531025088 | [-0.17 -6.05] | 1.7008788216162896
1.0262738893693772 | [ 1.55 -4.55] | 1.3642931411508015
1.0860269551384476 | [ 2.48 -3.65] | 0.776310907470731
1.1068816182805172 | [ 3.07 -2.72] | 0.07822022732081264
1.0885578229973953 | [ 3.48 -1.56] | -0.6537787455856702
1.0315891080670252 | [4.17 0.18] | -1.1402695473869315
0.9480431864698398 | [6.07 4.34] | -1.220757082262913
0.8555044959184103 | [8.03 8.9 ] | -1.1251307473848036
0.7606617870303398 | [ 9.48 12.54] | -0.9929592637260083
0.6640243547460875 | [10.68 15.82] | -0.8310030329853941
0.5660319129313478 | [11.53 18.77] | -0.65700638252545
0.46665434940400596 | [11.96 21.36] | -0.4761591898535956
0.36592722881300166 | [11.99 23.61] | -0.2889208812489915
0.2641281600128351 | [11.66 25.52] | -0.09662340588085508
0.16168913514923333 | [11.02 27.1 ] | 0.09772315503936589
0.05907260254198103 | [10.13 28.37] | 0.2902372161083828
-0.04329722740137222 | [ 9.01 29.31] | 0.47686063089804487
-0.1450473085378773 | [ 7.72 29.94] | 0.6536093081586443
-0.24583921801718 | [ 6.27 30.27] | 0.8164792962559603
-0.34535519609374654 | [ 4.71 30.28] | 0.961134625179292
-0.4433298235872989 | [ 3.07 29.98] | 1.0840572145512013
-0.5395517265009347 | [ 1.36 29.37] | 1.1836057090663146
-0.6338600913739129 | [-0.36 28.49] | 1.1218381800588235
-0.7084661459413532 | [-2.29 24.2 ] | 0.782310846349187
-0.7424116711532209 | [-3.94 17.65] | 0.2451988719095513
-0.7304256919989841 | [-5.43  9.85] | -0.3499679058046878
-0.6740912678953705 | [-7.08  1.68] | -0.8454207915694526
-0.5809987337678522 | [-9.06 -5.62] | -0.9098328080902602
-0.47727113145408484 | [-11.12  -8.86] | -0.6949296482260554
-0.3774570298176365 | [-12.34 -10.9 ] | -0.4866082748560454
-0.2785032169613252 | [-13.31 -12.45] | -0.27127692094175293
-0.1788781732036293 | [-13.99 -13.66] | -0.05231606523861472
-0.07786198557530592 | [-14.2  -14.44] | 0.16864757711795123
0.02455256322256246 | [-13.88 -14.78] | 0.3898249657766835
0.12803430264386156 | [-13.12 -14.72] | 0.6085143472197128
0.23221491801471303 | [-12.02 -14.33] | 0.8217700780482355
0.33678060064674487 | [-10.68 -13.67] | 1.0265029800079781
0.4414574866569806 | [ -9.16 -12.79] | 1.2192712365043088
0.5459757696943831 | [ -7.51 -11.72] | 1.396080241917271
0.6500401356849146 | [ -5.73 -10.5 ] | 1.5518014893335161
0.753317387992879 | [-3.86 -9.15] | 1.6795175006011547
0.8554330630712076 | [-1.93 -7.68] | 1.7727083131674826
0.9559712872003361 | [ 0.05 -6.13] | 1.708018653108142
1.0436894479118732 | [ 1.68 -4.69] | 1.3509114639725124
1.1008253926780438 | [ 2.55 -3.82] | 0.7678270313641335
1.1199374702738878 | [ 3.08 -2.91] | 0.07483807491567494
1.1004721837148808 | [ 3.45 -1.76] | -0.6503516300766107
1.0430054539559204 | [ 4.12 -0.05] | -1.1655674906955127
0.9579760730951932 | [5.89 3.79] | -1.268124777548515
0.8633425582202701 | [7.97 8.55] | -1.1614899903039664
0.7672030515287881 | [ 9.46 12.28] | -1.0226324710212917
0.6697800373300237 | [10.67 15.59] | -0.855309611932443
0.571372281797636 | [11.54 18.57] | -0.677256647465989
0.4718194083629436 | [11.99 21.19] | -0.49386469989210213
0.37103371562485704 | [12.05 23.46] | -0.3050765359838467
0.2692070095433814 | [11.74 25.41] | -0.11163720937208435
0.16672406463563427 | [11.12 27.03] | 0.0838388117108095
0.06402664173774822 | [10.24 28.32] | 0.27767239683837686
-0.03846776601882278 | [ 9.14 29.3 ] | 0.4658910614970085
-0.1403871774145522 | [ 7.85 29.97] | 0.644540753041041
-0.24139271723464445 | [ 6.42 30.33] | 0.8096488814188106
-0.3411629218353569 | [ 4.86 30.38] | 0.9568664483754806
-0.43942246048751626 | [ 3.22 30.11] | 1.0824495576989837
-0.5359501465814218 | [ 1.51 29.53] | 1.1844743298957567
-0.6305737740178882 | [-0.22 28.68] | 1.1416557885024867
-0.7074467414480226 | [-2.14 24.76] | 0.8261105823844125
-0.7453152069698175 | [-3.8  18.34] | 0.2985084089874683
-0.7373071805131409 | [-5.28 10.63] | -0.2996678199098937
-0.684700649873056 | [-6.89  2.45] | -0.8121329775388231
-0.5944468215857166 | [-8.82 -4.97] | -0.8970641642815514
-0.4924283258004228 | [-10.95  -8.44] | -0.6955540750140825
-0.3935355037091565 | [-12.23 -10.61] | -0.4950348860464645
-0.2950888767060091 | [-13.22 -12.23] | -0.2839855723379641
-0.19579125582967188 | [-13.94 -13.47] | -0.06733515058027532
-0.09500799494241992 | [-14.17 -14.29] | 0.15223559297587536
0.007238767078002473 | [-13.88 -14.65] | 0.3724629152427017
0.11058776360811076 | [-13.16 -14.61] | 0.5903092653436152
0.21463513568105036 | [-12.1  -14.24] | 0.8025520699972547
0.3190339905756058 | [-10.79 -13.59] | 1.0059165227077709
0.4234848967321093 | [ -9.29 -12.72] | 1.196865248390382
0.5276995872754953 | [ -7.65 -11.66] | 1.3713729246731698
0.6313690341476839 | [ -5.89 -10.45] | 1.524355044390244
0.7341522148877455 | [-4.04 -9.09] | 1.6492071896805716
0.8356781084242016 | [-2.12 -7.63] | 1.7400074266406518
0.935548548400707 | [-0.16 -6.08] | 1.6976142321349759
1.0246046162742752 | [ 1.55 -4.58] | 1.3612834793371544
1.0842156255227486 | [ 2.49 -3.67] | 0.774532904733098
1.10494936561848 | [ 3.09 -2.72] | 0.07788848304636567
1.0865228337946689 | [ 3.5  -1.54] | -0.6521130608020045
1.0294862798653457 | [4.2  0.21] | -1.1323647535401877
0.9461059208239525 | [6.12 4.43] | -1.2094005723792545
0.8538488238934814 | [8.06 8.95] | -1.1156011270839767
0.7591825787125925 | [ 9.51 12.58] | -0.9844932597275379
0.6626619945997463 | [10.7  15.85] | -0.8233443513807633
0.5647486173686874 | [11.55 18.79] | -0.6499609026924971
0.46542749543451756 | [11.98 21.37] | -0.4695823397792949
0.3647441218089819 | [12.   23.61] | -0.2827470445323343
0.26298155206361934 | [11.67 25.52] | -0.090841955690375
0.16057503663739756 | [11.03 27.1 ] | 0.1030899705514261
0.05798938058677193 | [10.14 28.35] | 0.2951470363328116
-0.044349473342497774 | [ 9.02 29.29] | 0.48126031777899403
-0.1460674541946319 | [ 7.72 29.92] | 0.6574443104343559
-0.2468258948554261 | [ 6.28 30.24] | 0.8197066549978067
-0.34630747306145493 | [ 4.72 30.25] | 0.9637449572394635
-0.4442478511051074 | [ 3.07 29.94] | 1.0860826772884273
-0.5404373822725207 | [ 1.37 29.33] | 1.1851133444293072
-0.6347170397417645 | [-0.36 28.45] | 1.1227017450326664
-0.709364560361659 | [-2.28 24.17] | 0.7814530759386974
-0.743355424606495 | [-3.93 17.61] | 0.2416352004182595
-0.7313185980648457 | [-5.42  9.79] | -0.35588554197430217
-0.6748739287495881 | [-7.07  1.62] | -0.8528157020440725
-0.5816643117542561 | [-9.04 -5.67] | -0.9166716490888592
-0.4778704223924102 | [-11.09  -8.91] | -0.7005437121029445
-0.37803082065443394 | [-12.32 -10.95] | -0.4915690264052952
-0.27906356478909977 | [-13.29 -12.49] | -0.2758870557873636
-0.1794230460844745 | [-13.97 -13.7 ] | -0.05670026051942341
-0.07838915555542554 | [-14.18 -14.48] | 0.16447216271711812
0.024042157493898687 | [-13.86 -14.82] | 0.38587452673819633
0.12753866100696745 | [-13.1  -14.76] | 0.6048182590172568
0.23173277577952214 | [-12.   -14.37] | 0.8183674152970734
0.33631191965309126 | [-10.66 -13.71] | 1.0234389200695682
0.44100316139154055 | [ -9.15 -12.83] | 1.2165924832423531
0.5455371649566567 | [ -7.49 -11.76] | 1.3938299501401257
0.6496187236996992 | [ -5.71 -10.54] | 1.549998256890533
0.7529144868723631 | [-3.85 -9.19] | 1.6781396347278572
0.8550490644969359 | [-1.91 -7.72] | 1.771707238698534
0.9556052009898696 | [ 0.07 -6.16] | 1.7058292592106188
1.043182719155948 | [ 1.69 -4.72] | 1.3479396628474996
1.1000799664924787 | [ 2.56 -3.84] | 0.7660407269172842
1.11901008337199 | [ 3.1  -2.92] | 0.07448583741085943
1.0994087446808913 | [ 3.47 -1.76] | -0.6487284028809144
1.0418679429296294 | [ 4.14 -0.03] | -1.1603489362792438
0.9569007277668361 | [5.93 3.83] | -1.2612468024808516
0.8623884342532743 | [8.   8.57] | -1.1555914722359761
0.7663235401617439 | [ 9.49 12.29] | -1.017283946718359
0.6689518326021834 | [10.69 15.6 ] | -0.8503361428739677
0.5705838779731631 | [11.56 18.57] | -0.6725574846085691
0.47106536451349657 | [12.01 21.19] | -0.4893968948116717
0.3703103258910938 | [12.06 23.46] | -0.30083873788903626
0.26851032568031946 | [11.75 25.4 ] | -0.10764316395358305
0.1660500743722566 | [11.13 27.02] | 0.08756988945064002
0.0633719984173717 | [10.25 28.31] | 0.2811161133361855
-0.03910542221593624 | [ 9.15 29.29] | 0.46901873738246913
-0.14100942716525494 | [ 7.86 29.95] | 0.6473235329591442
-0.24200087565707018 | [ 6.43 30.31] | 0.8120670919867019
-0.3417584251932137 | [ 4.87 30.36] | 0.9589253547849929
-0.4400069884099 | [ 3.23 30.09] | 1.0841755008602159
-0.5365261696292193 | [ 1.53 29.51] | 1.1859069555682618
-0.6311445794409489 | [-0.21 28.65] | 1.143631894668754
-0.7081756969538564 | [-2.12 24.77] | 0.8279977996525281
-0.7462938622068829 | [-3.78 18.34] | 0.2987056651167967
-0.7384609604450458 | [-5.26 10.63] | -0.30156546875263995
-0.6859686916059932 | [-6.86  2.45] | -0.8162302914154861
-0.5957737133690084 | [-8.8  -4.98] | -0.9018999386059227
-0.49379219966435395 | [-10.92  -8.45] | -0.700154698832853
-0.39492713194424617 | [-12.2  -10.62] | -0.4995419145669582
-0.29649676699168537 | [-13.2  -12.25] | -0.2884523760233964
-0.1972048278003969 | [-13.92 -13.5 ] | -0.07175865511517439
-0.09642054979921216 | [-14.15 -14.31] | 0.14789105219127574
0.005829978866061722 | [-13.87 -14.68] | 0.3682360424818236
0.10918291615335768 | [-13.15 -14.64] | 0.5862314132957119
0.21323298059842172 | [-12.08 -14.27] | 0.7986470548191575
0.3176324381059223 | [-10.78 -13.62] | 1.0022024880524742
0.42208120199457017 | [ -9.28 -12.75] | 1.1933556585794785
0.5262903428600636 | [ -7.64 -11.69] | 1.3680757501072678
0.629950110453072 | [ -5.89 -10.47] | 1.5212602811677716
0.7327189163123901 | [-4.04 -9.12] | 1.6462914386097134
0.8342252317997898 | [-2.12 -7.66] | 1.7372609198223252
0.9340708667627117 | [-0.16 -6.1 ] | 1.6950764985652866
1.0230811522957475 | [ 1.56 -4.6 ] | 1.3592679757585955
1.0826300622544698 | [ 2.49 -3.68] | 0.7733405868584873
1.1033021526953135 | [ 3.1  -2.72] | 0.07768222955176167
1.0848175887577904 | [ 3.52 -1.52] | -0.650953525096387
1.0277383325771667 | [4.22 0.24] | -1.1261143524805852
0.9445051042057169 | [6.16 4.5 ] | -1.200229044611048
0.8524920881091257 | [8.09 8.99] | -1.1079498542038078
0.7579793760845224 | [ 9.54 12.61] | -0.9777357958435979
0.6615598052218502 | [10.72 15.87] | -0.8172786088534968
0.5637130665660951 | [11.56 18.8 ] | -0.6444218651486693
0.46443759226572273 | [11.99 21.38] | -0.46443713060312825
0.3637883394618555 | [12.01 23.61] | -0.2779297258476082
0.26205389268667545 | [11.68 25.52] | -0.08633735106015901
0.15967274756874553 | [11.04 27.09] | 0.10726587497159096
0.057111824379598594 | [10.14 28.34] | 0.29895991489128343
-0.045201526209970797 | [ 9.02 29.28] | 0.4846664909671198
-0.14689244982252103 | [ 7.73 29.9 ] | 0.6603986945594683
-0.24762210389701483 | [ 6.28 30.22] | 0.8221723480869146
-0.34707356355352575 | [ 4.72 30.22] | 0.9657105085671427
-0.44498346742057604 | [ 3.07 29.91] | 1.087571506511674
-0.5411436174854786 | [ 1.37 29.3 ] | 1.186179440532117
-0.6353965025211339 | [-0.35 28.42] | 1.1229685182555673
-0.7100358040944448 | [-2.28 24.14] | 0.7800325409972633
-0.7439923793601135 | [-3.93 17.56] | 0.23805322412787497
-0.7318486680366781 | [-5.41  9.74] | -0.3611366676360635
-0.6752581048174703 | [-7.06  1.57] | -0.8588416871659493
-0.581913693248804 | [-9.03 -5.73] | -0.9219227332792732
-0.47804237735612826 | [-11.08  -8.95] | -0.7046622998530383
-0.37816873844329535 | [-12.31 -10.98] | -0.49507580040058685
-0.27918304464468324 | [-13.27 -12.53] | -0.279063807764813
-0.1795254312733437 | [-13.96 -13.73] | -0.059670837564072
-0.078474385464239 | [-14.16 -14.52] | 0.16167996395365594
0.02397223008508304 | [-13.84 -14.86] | 0.3832650766923215
0.12748193561185353 | [-13.08 -14.79] | 0.6024113820006165
0.23168832985971552 | [-11.99 -14.4 ] | 0.8161948801055474
0.33628031334223246 | [-10.65 -13.74] | 1.0215402033333045
0.44098608583287635 | [ -9.13 -12.86] | 1.2150099090876338
0.5455369855183423 | [ -7.47 -11.79] | 1.392603921666408
0.649638143134832 | [ -5.7  -10.57] | 1.5491504065768409
0.7529562581288475 | [-3.83 -9.21] | 1.6776567289838895
0.8551152245821952 | [-1.9  -7.74] | 1.7715458983248706
0.9556964835478209 | [ 0.08 -6.18] | 1.7044044063271326
1.0431473283191677 | [ 1.7  -4.74] | 1.345564007859135
1.0998246108333818 | [ 2.56 -3.86] | 0.7645952196270316
1.118590883705442 | [ 3.1  -2.93] | 0.0741668669313723
1.0988703541804505 | [ 3.48 -1.76] | -0.6475008077891387
1.0412673411015752 | [ 4.16 -0.03] | -1.1570938979813714
0.9563170033340588 | [5.95 3.85] | -1.2572272945355705
0.8618523421135134 | [8.01 8.58] | -1.1520621394199553
0.7658169200996692 | [ 9.5 12.3] | -1.014022204870386
0.6684676131032783 | [10.71 15.6 ] | -0.8472442055842085
0.5701206869374434 | [11.57 18.57] | -0.6695865287686039
0.47062378045493874 | [12.02 21.18] | -0.4865438415668284
0.3698898804921426 | [12.07 23.45] | -0.2981211374812653
0.2681087592929259 | [11.76 25.39] | -0.10507855571245867
0.16566417617790213 | [11.14 27.01] | 0.08996752320228084
0.06299863233223137 | [10.26 28.3 ] | 0.28333298596472134
-0.03946881478724479 | [ 9.16 29.28] | 0.4710396739235395
-0.14136486225059727 | [ 7.88 29.94] | 0.6491338374851277
-0.2423501630645109 | [ 6.44 30.3 ] | 0.8136590965066856
-0.3421033963609955 | [ 4.89 30.34] | 0.9603091287828043
-0.44034945698995875 | [ 3.24 30.07] | 1.0853721640717935
-0.5368683230101909 | [ 1.54 29.5 ] | 1.1869418053255596
-0.6314889726292114 | [-0.19 28.64] | 1.1454189458653388
-0.7086763014221954 | [-2.11 24.78] | 0.8301730023045402
-0.7470468636912669 | [-3.77 18.35] | 0.2998555676633515
-0.7394137410983661 | [-5.24 10.65] | -0.30195397787320793
-0.6870737947736273 | [-6.84  2.46] | -0.8185022673681485
-0.5969752713934412 | [-8.77 -4.97] | -0.9050909363979082
-0.495053256383266 | [-10.9   -8.45] | -0.7034392851884957
-0.3962259469888454 | [-12.18 -10.63] | -0.502914194286489
-0.2978170399929642 | [-13.18 -12.26] | -0.29188128459635204
-0.19853545890205218 | [-13.9  -13.51] | -0.07520311011591845
-0.09775494725403656 | [-14.14 -14.33] | 0.14447439874952067
0.004494971215627787 | [-13.86 -14.7 ] | 0.36488342694014225
0.10784805002305789 | [-13.14 -14.66] | 0.582967482188145
0.2118973285435357 | [-12.08 -14.29] | 0.7954858066673244
0.3162938469477452 | [-10.77 -13.64] | 0.9991502732342211
0.4207365643196413 | [ -9.28 -12.77] | 1.1904136244638095
0.5249357295623099 | [ -7.64 -11.71] | 1.3652405631655238
0.6285808270301021 | [ -5.89 -10.49] | 1.5185167302990639
0.7313297422838405 | [-4.04 -9.14] | 1.6436212841215856
0.832810686740074 | [-2.12 -7.67] | 1.7346674190579945
0.9326258310878737 | [-0.16 -6.12] | 1.6930484828116417
1.02162846205058 | [ 1.55 -4.61] | 1.3579974993455093
1.0811786465746176 | [ 2.49 -3.68] | 0.772588073656185
1.1018356257112751 | [ 3.1  -2.72] | 0.07757157033969117
1.083327804198383 | [ 3.53 -1.51] | -0.650171312385123
1.0262251164302787 | [4.24 0.26] | -1.1210096806746281
0.9431288080456975 | [6.2  4.56] | -1.192542687349654
0.8513368874361031 | [8.11 9.03] | -1.101588411615919
0.7569634372382631 | [ 9.55 12.64] | -0.972160331656606
0.6606346138523258 | [10.74 15.89] | -0.8123217194488556
0.5628459730663689 | [11.57 18.82] | -0.6399359484256664
0.46360836450754234 | [11.99 21.39] | -0.4602946419748494
0.36298613230629145 | [12.02 23.62] | -0.27406273511018275
0.2612736162322968 | [11.68 25.52] | -0.08272684999680721
0.15891263389169807 | [11.04 27.09] | 0.11060821145534841
0.05637207909607121 | [10.14 28.34] | 0.30200498194007713
-0.04591951866991431 | [ 9.02 29.27] | 0.4873767033891724
-0.147586700773367 | [ 7.73 29.89] | 0.6627350064194774
-0.2482905048118648 | [ 6.28 30.2 ] | 0.8241013674461891
-0.34771438720614045 | [ 4.72 30.2 ] | 0.9672185091058927
-0.4455959138884059 | [ 3.07 29.89] | 1.0886753138739957
-0.5417281591140405 | [ 1.37 29.28] | 1.1869239334185677
-0.6359549575201345 | [-0.35 28.39] | 1.1227519622647817
-0.7105445433159241 | [-2.28 24.1 ] | 0.7780970346683949
-0.7443997581743902 | [-3.93 17.52] | 0.23433558325512563
-0.7320993226705083 | [-5.41  9.68] | -0.3660135719930203
-0.6753286968697712 | [-7.06  1.51] | -0.8639425354026389
-0.5818304950920984 | [-9.02 -5.78] | -0.926045860870832
-0.47787004188333043 | [-11.07  -8.99] | -0.7076920851184618
-0.3779542621456521 | [-12.3  -11.01] | -0.49750752239568147
-0.27894548076133513 | [-13.26 -12.56] | -0.2811712722655493
-0.17926894800780707 | [-13.95 -13.76] | -0.06158153967876058
-0.07820069952368912 | [-14.15 -14.55] | 0.15992837043771432
0.024260455947856308 | [-13.83 -14.88] | 0.3816673416498104
0.12778245203230462 | [-13.07 -14.82] | 0.6009801827273209
0.23200046809103353 | [-11.97 -14.43] | 0.8149571048302677
0.33660514643704686 | [-10.63 -13.77] | 1.020532008900328
0.44132601745915173 | [ -9.12 -12.89] | 1.2142714549318399
0.5458952826556429 | [ -7.46 -11.82] | 1.3921747196490157
0.6500186097839887 | [ -5.68 -10.59] | 1.5490554510962802
0.7533629199524546 | [-3.82 -9.23] | 1.6778894141220848
0.8555515450963401 | [-1.88 -7.76] | 1.7720657398897282
0.9561646458096006 | [ 0.1 -6.2] | 1.7035571111646128
1.0434961785100787 | [ 1.71 -4.76] | 1.3435973663393994
1.099961708288665 | [ 2.57 -3.87] | 0.7633808386620324
1.1185736443828795 | [ 3.11 -2.94] | 0.07386453194852025
1.0987439059917712 | [ 3.49 -1.76] | -0.6465570366017913
1.0410864565360738 | [ 4.17 -0.03] | -1.1553327401342257
0.9561166716880701 | [5.96 3.85] | -1.2554079760439247
0.8616409515828343 | [8.03 8.58] | -1.150354414971067
0.7655987309431348 | [ 9.51 12.29] | -1.0123618252793025
0.6682485035784134 | [10.72 15.6 ] | -0.8455909245653095
0.5699075468387417 | [11.58 18.57] | -0.6679313957485912
0.47042220135951024 | [12.03 21.18] | -0.4849162111494179
0.3697021012973174 | [12.08 23.45] | -0.2965548593146519
0.2679338884942403 | [11.77 25.39] | -0.1035951312273474
0.16549960041360523 | [11.15 27.  ] | 0.09135770901465674
0.06284132166950594 | [10.27 28.29] | 0.284624189992053
-0.03962163627656022 | [ 9.17 29.27] | 0.4722271015429371
-0.14151560910778033 | [ 7.89 29.94] | 0.6502137107350972
-0.24250108899514908 | [ 6.45 30.29] | 0.814633113741605
-0.342256699025175 | [ 4.9  30.34] | 0.961191441078978
-0.4405071055684006 | [ 3.25 30.07] | 1.0861801486622489
-0.53703233434613 | [ 1.55 29.49] | 1.1876897087224763
-0.6316613780845107 | [-0.18 28.64] | 1.1471079441322554
-0.7090080083167277 | [-2.1  24.81] | 0.8326491608580971
-0.7476407829216912 | [-3.76 18.38] | 0.30181931042495913
-0.7402336888705268 | [-5.23 10.68] | -0.3011206381671825
-0.6880819442544525 | [-6.82  2.48] | -0.8193541244355543
-0.5981136817490538 | [-8.75 -4.96] | -0.9070408209851957
-0.49627146045444065 | [-10.88  -8.45] | -0.7057553503048075
-0.3974913120780079 | [-12.16 -10.63] | -0.5054690940192702
-0.2991088397847917 | [-13.17 -12.26] | -0.2945737702216532
-0.1998418226404887 | [-13.89 -13.52] | -0.07795987598500814
-0.09906916150143878 | [-14.13 -14.34] | 0.14170421281646656
0.003176494243568872 | [-13.85 -14.71] | 0.3621351566496669
0.10652655721165563 | [-13.13 -14.67] | 0.5802611217203681
0.21057212499656763 | [-12.07 -14.3 ] | 0.7928278477867081
0.31496265931171324 | [-10.77 -13.66] | 0.9965376939752596
0.4193958901965685 | [ -9.28 -12.79] | 1.1878375875669613
0.5235810885659382 | [ -7.64 -11.73] | 1.3626884358638844
0.6272069139464489 | [ -5.89 -10.51] | 1.5159687031447076
0.7299307445152978 | [-4.04 -9.15] | 1.6410628922914678
0.8313807308788899 | [-2.13 -7.68] | 1.7321127811737427
0.9311597332218149 | [-0.17 -6.13] | 1.6913683112637312
1.0201856609201345 | [ 1.55 -4.62] | 1.357292045521073
1.0797889817003568 | [ 2.49 -3.68] | 0.7721687913163284
1.1004683611861936 | [ 3.11 -2.71] | 0.07753439403437738
1.0819649441066517 | [ 3.54 -1.49] | -0.6496725703763542
1.0248538368034346 | [4.26 0.29] | -1.1166689617523418
0.9418907405659589 | [6.23 4.62] | -1.1858118637319592
0.8503084072302163 | [8.13 9.06] | -1.096070417677033
0.7560669464443865 | [ 9.57 12.67] | -0.9673679378279957
0.6598231823530738 | [10.75 15.91] | -0.8081083206472486
0.5620872934862596 | [11.58 18.83] | -0.6361624980213726
0.462882209573884 | [12.  21.4] | -0.4568336921624078
0.3622819119226376 | [12.02 23.63] | -0.27084269534408895
0.2605868607914462 | [11.68 25.52] | -0.0797251815625352
0.15824235809626044 | [11.04 27.09] | 0.11338278564931327
0.05571921293569245 | [10.14 28.33] | 0.30452650916937085
-0.04655302026991769 | [ 9.02 29.26] | 0.48961119514424184
-0.148198409142329 | [ 7.72 29.88] | 0.6646469125940734
-0.2488779157367357 | [ 6.28 30.18] | 0.825658907512666
-0.3482753804609551 | [ 4.71 30.18] | 0.9684055364375276
-0.44612929052459005 | [ 3.07 29.87] | 1.0895037414417887
-0.5422338931827813 | [ 1.37 29.25] | 1.1874326154635542
-0.6364342766621188 | [-0.35 28.37] | 1.1221297392815361
-0.7109381716590464 | [-2.28 24.06] | 0.7756692195391639
-0.744633206071906 | [-3.93 17.47] | 0.2303792036185655
-0.7321296377041233 | [-5.41  9.63] | -0.37074710882206174
-0.6751448060264901 | [-7.06  1.45] | -0.868454860038368
-0.581472100304209 | [-9.02 -5.83] | -0.9293827051129775
-0.4774099573620088 | [-11.07  -9.03] | -0.7099318872515051
-0.3774440298440173 | [-12.29 -11.04] | -0.49914081823458095
-0.2784076249790287 | [-13.26 -12.58] | -0.2824742636562012
-0.17871008836205482 | [-13.94 -13.79] | -0.06268901599541735
-0.07762406639368036 | [-14.15 -14.57] | 0.15896932347241233
0.02485144452047151 | [-13.82 -14.91] | 0.3808433876094993
0.1283853486187006 | [-13.06 -14.84] | 0.6002986044990319
0.232614790435939 | [-11.96 -14.45] | 0.814441747182809
0.33723242506774925 | [-10.62 -13.79] | 1.0202175631706867
0.4419693213228171 | [ -9.1  -12.91] | 1.2141976798423888
0.5465587279144662 | [ -7.44 -11.84] | 1.3923817533765201
0.6507070322078187 | [ -5.67 -10.61] | 1.5495719999040907
0.7540815284100433 | [-3.8  -9.25] | 1.6787142139190854
0.8563050990635303 | [-1.86 -7.78] | 1.7731594379917384
0.9569566038614431 | [ 0.12 -6.21] | 1.7031521811682666
1.0441708791683517 | [ 1.72 -4.78] | 1.3418970965077126
1.1004242283083592 | [ 2.58 -3.89] | 0.762312864428249
1.1188843350476687 | [ 3.11 -2.95] | 0.07356442518821361
1.0989498600659882 | [ 3.49 -1.77] | -0.645814571883519
1.0412425267249652 | [ 4.18 -0.03] | -1.1547303135147002
0.9562230740594223 | [5.96 3.83] | -1.2553224463804222
0.8616879733348202 | [8.03 8.57] | -1.1500778158323905
0.7656089551139331 | [ 9.52 12.29] | -1.011955284538986
0.6682385275614287 | [10.72 15.59] | -0.8450588219496967
0.5698912406457649 | [11.58 18.56] | -0.6672963741100156
0.4704094751023708 | [12.04 21.17] | -0.48423500918887546
0.3696975219631469 | [12.09 23.44] | -0.2958759189671127
0.26793768752007213 | [11.78 25.38] | -0.10294408401914237
0.16550959244597252 | [11.16 26.99] | 0.0919729266832767
0.06285448345835899 | [10.28 28.29] | 0.2852040993490329
-0.039608334102104265 | [ 9.18 29.27] | 0.4727751252282548
-0.14150497354913835 | [ 7.9  29.93] | 0.6507347602747238
-0.24249580000449045 | [ 6.46 30.29] | 0.8151364852272409
-0.3422593178577265 | [ 4.91 30.33] | 0.9616950250007498
-0.44051978823222787 | [ 3.27 30.07] | 1.086698816760471
-0.5370570220928842 | [ 1.56 29.49] | 1.1882291459829786
-0.6316997405269585 | [-0.17 28.64] | 1.1487696986435787
-0.7092131951996635 | [-2.08 24.84] | 0.8354471023318782
-0.7481244308209912 | [-3.75 18.41] | 0.304508670014297
-0.7409719261142197 | [-5.21 10.72] | -0.2992625344379925
-0.6890437458454453 | [-6.8   2.52] | -0.8190727589429218
-0.5992376386975136 | [-8.73 -4.93] | -0.9080402873598536
-0.49749445105704776 | [-10.87  -8.43] | -0.7073563951474049
-0.39877074435096566 | [-12.15 -10.62] | -0.5074406668955751
-0.3004196833721688 | [-13.16 -12.26] | -0.29675372623765844
-0.2011711764340228 | [-13.88 -13.51] | -0.08024617200443002
-0.10040999075290619 | [-14.12 -14.34] | 0.1393701660145312
0.0018282421171035915 | [-13.85 -14.71] | 0.3597890823621853
0.10517257099607608 | [-13.13 -14.68] | 0.5779198940118838
0.20921187634944383 | [-12.07 -14.31] | 0.7904920908513352
0.31359370316462626 | [-10.77 -13.66] | 0.9941966812680063
0.4180142883466527 | [ -9.28 -12.79] | 1.1854740797533656
0.5221817659379616 | [ -7.65 -11.73] | 1.3602818459032717
0.6257838968982674 | [ -5.89 -10.51] | 1.5134949498221928
0.728477554696979 | [-4.05 -9.16] | 1.6385102737405173
0.8298909954131264 | [-2.14 -7.69] | 1.7295048823096573
0.929628063319349 | [-0.18 -6.13] | 1.6899151769845333
1.0187033609976284 | [ 1.54 -4.62] | 1.3570221903411466
1.0784038442523798 | [ 2.49 -3.68] | 0.7720052442638843
1.0991368311009875 | [ 3.11 -2.7 ] | 0.07755434037158368
1.0806604514302067 | [ 3.55 -1.48] | -0.6493895357883162
1.0235528785839438 | [4.27 0.31] | -1.1128055394852916
0.9407244563513939 | [6.25 4.67] | -1.1796354270509615
0.8493492663346582 | [8.14 9.1 ] | -1.0910576072766516
0.7552381345549887 | [ 9.58 12.69] | -0.9630564260043026
0.6590774571693095 | [10.75 15.94] | -0.8043627880826203
0.5613915541991832 | [11.59 18.85] | -0.632845653123816
0.4622155929168133 | [12.   21.41] | -0.4538138555671763
0.36163372027603513 | [12.02 23.64] | -0.2680430462967067
0.2599530118762879 | [11.68 25.52] | -0.07711971138179027
0.15762249463528713 | [11.04 27.09] | 0.11578734459321352
0.05511490338928159 | [10.14 28.33] | 0.3067058139942523
-0.04713927781109285 | [ 9.02 29.25] | 0.4915329766796758
-0.14876373608470217 | [ 7.72 29.87] | 0.6662772081811889
-0.24941939327626628 | [ 6.27 30.17] | 0.8269661071316454
-0.3487904918509736 | [ 4.71 30.16] | 0.9693709540760228
-0.4466164683185771 | [ 3.06 29.85] | 1.09013568618943
-0.5426927028359526 | [ 1.36 29.23] | 1.1877663324077643
-0.636865504844545 | [-0.36 28.35] | 1.1211524925757252
-0.7112512403371728 | [-2.28 24.02] | 0.7727527853950857
-0.7447323094758072 | [-3.93 17.41] | 0.2260924409891135
-0.7319806079780762 | [-5.42  9.56] | -0.3755210330817446
-0.6747464345540592 | [-7.07  1.39] | -0.8726342909950325
-0.5808765274131213 | [-9.03 -5.89] | -0.9321865234633374
Total reward: 263.79441788925607
