-0.2, 0.1, 2.1, -1.3, -2.8, 4.8, 2.2, 0.2, -3.6, -1.4, 2.5, -1.8, -1.4, -2.2, 5.4, 0.8, 1.8, -8.2
parameter ends

state | action | reward
[12.86] | 2 | -0.5
8.414255392645861 | 2 | -0.5
4.1708774945972475 | 2 | -0.5
2.8927994789808302 | 2 | -0.5
2.300240967702042 | 2 | -0.5
1.9797134676474177 | 2 | -0.5
1.842600483565421 | 2 | -0.5
1.754521876746993 | 0 | 5.0
1.770755650304295 | 0 | 5.0
1.7860306981744516 | 0 | 5.0
1.824140067212323 | 0 | 5.0
1.835574440969964 | 0 | 5.0
1.890951051444085 | 0 | 5.0
1.902959634718174 | 0 | 5.0
1.9534218288129968 | 0 | 5.0
1.9389558718651687 | 0 | 5.0
1.9462603183542915 | 0 | 5.0
2.022653330392458 | 0 | 5.0
2.0454651091559573 | 0 | 5.0
2.0683858457483666 | 0 | 5.0
2.0843056567516 | 0 | 5.0
2.1220237020517327 | 0 | 5.0
2.1251085316442877 | 0 | 5.0
2.1780475658284733 | 0 | 5.0
2.1792776835065633 | 0 | 5.0
2.2360493567825115 | 0 | 5.0
2.257411345596616 | 0 | 5.0
2.3059230636005883 | 0 | 5.0
2.29304750607818 | 0 | 5.0
2.3151330413502786 | 0 | 5.0
2.311465074869792 | 0 | 5.0
2.33433191709 | 0 | 5.0
2.324427109729096 | 0 | 5.0
2.304580567759988 | 0 | 5.0
2.3181580313225485 | 0 | 5.0
2.3328378100112874 | 0 | 5.0
2.3518835260104898 | 0 | 5.0
2.3588316274224854 | 0 | 5.0
2.3348142096715088 | 0 | 5.0
2.340333260703636 | 0 | 5.0
2.3606804767414884 | 0 | 5.0
2.3120116484529167 | 0 | 5.0
2.346298521642546 | 0 | 5.0
2.3258208532964013 | 0 | 5.0
2.3473244859297613 | 0 | 5.0
2.327830657912958 | 0 | 5.0
2.3158450389728977 | 0 | 5.0
2.304741914272973 | 0 | 5.0
2.3257529458479564 | 0 | 5.0
2.3643149432257373 | 0 | 5.0
2.323908792330199 | 0 | 5.0
2.357592872284429 | 0 | 5.0
2.3268499056951826 | 0 | 5.0
2.2911457002928852 | 1 | -0.5
2.3459596722899567 | 2 | -0.5
2.303917631278803 | 1 | -0.5
2.3900782785336037 | 2 | -0.5
2.3532508153446168 | 1 | -0.5
2.3008118868142144 | 1 | -0.5
2.429702091039507 | 2 | -0.5
2.3662574116541775 | 1 | -0.5
2.4775278567924333 | 2 | -0.5
2.365053904156133 | 1 | -0.5
2.4788077368940975 | 1 | -0.5
2.6720570588185084 | 2 | -0.5
2.490203335802331 | 1 | -0.5
2.7095538989581613 | 1 | -0.5
3.1404540474827223 | 0 | 5.0
3.327962280112408 | 1 | -0.5
3.663786096377447 | 0 | 5.0
3.5287792612581255 | 0 | 5.0
3.3072724219616654 | 0 | 5.0
3.1875706303157902 | 1 | -0.5
2.8284133126096065 | 0 | 5.0
2.7341766422749143 | 0 | 5.0
2.621476252941045 | 0 | 5.0
2.5092473933891126 | 0 | 5.0
2.438280348306541 | 0 | 5.0
2.278559002774554 | 0 | 5.0
2.2557477842385785 | 0 | 5.0
2.1213030236107437 | 1 | -0.5
1.964774803720162 | 0 | 5.0
1.9054376849101748 | 0 | 5.0
1.8827544772119473 | 0 | 5.0
1.8082177334422955 | 0 | 5.0
1.7658373637573463 | 0 | 5.0
1.7232095129254699 | 0 | 5.0
1.7011969055714085 | 0 | 5.0
1.6357445433163555 | 0 | 5.0
1.5737585707151232 | 0 | 5.0
1.5860521127145628 | 0 | 5.0
1.5379363490072226 | 1 | -0.5
1.4870233246947893 | 0 | 5.0
1.5014492033848534 | 0 | 5.0
1.489750980177156 | 0 | 5.0
1.4905696443515712 | 1 | -0.5
1.4845899755480325 | 0 | 5.0
1.520660960825921 | 0 | 5.0
1.5438680616101979 | 0 | 5.0
1.5974796676286895 | 1 | -0.5
1.7168125126594795 | 2 | -0.5
1.610752543389965 | 1 | -0.5
1.7481892115365725 | 2 | -0.5
1.6360980455731433 | 2 | -0.5
1.6165735724300394 | 1 | -0.5
1.6541701639843285 | 1 | -0.5
1.8475057448022973 | 2 | -0.5
1.733038960214678 | 1 | -0.5
1.9127541868620754 | 2 | -0.5
1.7809420712294537 | 1 | -0.5
1.9260227327906745 | 2 | -0.5
1.792875630779082 | 1 | -0.5
1.9102240660209417 | 2 | -0.5
1.8143721910037933 | 1 | -0.5
1.9547157301524958 | 1 | -0.5
2.2379496070916054 | 2 | -0.5
2.046380243548945 | 1 | -0.5
2.3571690971840797 | 2 | -0.5
2.0482996632818105 | 1 | -0.5
2.3534686927503183 | 2 | -0.5
2.116923840781098 | 1 | -0.5
2.45384823339137 | 1 | -0.5
3.0410672204316653 | 0 | 5.0
3.2025557539866663 | 0 | 5.0
3.580721947742326 | 0 | 5.0
3.307777043814969 | 0 | 5.0
3.109758515924884 | 1 | -0.5
2.7331918368823223 | 0 | 5.0
2.6639883601977608 | 0 | 5.0
2.616371635732464 | 0 | 5.0
2.5063251907429644 | 0 | 5.0
2.2909185710706383 | 0 | 5.0
2.2698336664972314 | 0 | 5.0
2.121073391118263 | 1 | -0.5
1.9232413721505086 | 0 | 5.0
1.9269193701422016 | 0 | 5.0
1.8814778911736532 | 0 | 5.0
1.8523844312887698 | 0 | 5.0
1.7845373800660338 | 0 | 5.0
1.7464249039163848 | 0 | 5.0
1.734478990997579 | 0 | 5.0
1.6865015068295393 | 0 | 5.0
1.6483554550144552 | 0 | 5.0
1.59276332830897 | 0 | 5.0
1.5507532623855473 | 0 | 5.0
1.4430919161323343 | 0 | 5.0
1.4118400280147774 | 0 | 5.0
1.349047317337406 | 0 | 5.0
1.291498222245395 | 1 | -0.5
1.2774277503301752 | 0 | 5.0
1.2663298138381702 | 0 | 5.0
1.2778874401630405 | 0 | 5.0
1.2738752656587922 | 0 | 5.0
1.254719957018242 | 2 | -0.5
1.2869817533355274 | 1 | -0.5
1.2415549074274908 | 2 | -0.5
1.252732572602029 | 1 | -0.5
1.2426057749648696 | 2 | -0.5
1.2708818771746666 | 2 | -0.5
1.3431471554926793 | 1 | -0.5
1.2981634165337363 | 2 | -0.5
1.2881643928933075 | 1 | -0.5
1.2270349806472602 | 2 | -0.5
1.2604267508571436 | 1 | -0.5
1.1639683116516095 | 2 | -0.5
1.2658336023808139 | 1 | -0.5
1.1420867909881367 | 2 | -0.5
1.202273642974088 | 1 | -0.5
1.122274865303986 | 2 | -0.5
1.1977804770154068 | 2 | -0.5
1.3168485619152888 | 1 | -0.5
1.1853276159762762 | 2 | -0.5
1.2954458905996191 | 1 | -0.5
1.1764112180176134 | 2 | -0.5
1.2371036044793982 | 1 | -0.5
1.100422382895622 | 2 | -0.5
1.1783433422573395 | 2 | -0.5
1.3294262851514007 | 1 | -0.5
1.0725803656341082 | 2 | -0.5
1.2502185631180878 | 1 | -0.5
1.046907920413303 | 2 | -0.5
1.2376400752228083 | 1 | -0.5
0.9899972264852317 | 2 | -0.5
1.1113749744257473 | 2 | -0.5
1.281522158985064 | 0 | 5.0
1.0424385125569589 | 2 | -0.5
1.4093089356128619 | 0 | 5.0
1.0639712699012542 | 0 | 5.0
0.6214899811018939 | 0 | 5.0
0.5307306897605206 | 0 | 5.0
0.5955512877918876 | 0 | 5.0
0.6632037143727597 | 0 | 5.0
0.7656146595784995 | 0 | 5.0
0.8686709906097462 | 0 | 5.0
0.9420297788886698 | 0 | 5.0
1.0619290580316552 | 0 | 5.0
1.1723313304380436 | 0 | 5.0
1.2168493994525376 | 2 | -0.5
1.1891279938413506 | 0 | 5.0
1.231894245344883 | 0 | 5.0
1.3402552201963434 | 0 | 5.0
1.4062543688337104 | 0 | 5.0
1.4686399132953407 | 0 | 5.0
1.5315788962045218 | 0 | 5.0
1.557463625846649 | 0 | 5.0
1.640486988141772 | 0 | 5.0
1.674633885874053 | 0 | 5.0
1.7926075840044002 | 0 | 5.0
1.840210401049543 | 0 | 5.0
1.917916658948452 | 0 | 5.0
2.017173111834619 | 2 | -0.5
1.9191282784447248 | 0 | 5.0
2.042434242448124 | 0 | 5.0
2.0260419280651316 | 0 | 5.0
2.0550577355293926 | 0 | 5.0
2.098243227709453 | 2 | -0.5
2.0923466973219935 | 1 | -0.5
2.1096890516674223 | 2 | -0.5
2.109163636305978 | 1 | -0.5
2.1166616163609913 | 2 | -0.5
2.129867818398613 | 1 | -0.5
2.15116881409642 | 2 | -0.5
2.106043769637545 | 1 | -0.5
2.1285111714754823 | 2 | -0.5
2.138786859998727 | 1 | -0.5
2.1746573707268233 | 1 | -0.5
2.258767478929604 | 2 | -0.5
2.174086357448818 | 1 | -0.5
2.2914433808099566 | 2 | -0.5
2.153664747335205 | 1 | -0.5
2.3476275001374183 | 2 | -0.5
2.226425956069772 | 1 | -0.5
2.312104960641454 | 1 | -0.5
2.605746351595099 | 2 | -0.5
2.324728719436063 | 1 | -0.5
2.636240290027401 | 2 | -0.5
2.3075489568672545 | 1 | -0.5
2.5769624422663924 | 1 | -0.5
3.0621429951089034 | 0 | 5.0
3.1380992168267694 | 1 | -0.5
3.7181216520190077 | 0 | 5.0
3.6587722814908687 | 0 | 5.0
3.5308560463770386 | 0 | 5.0
3.4567376196146813 | 1 | -0.5
2.923683310051357 | 0 | 5.0
2.7915322834558065 | 0 | 5.0
2.6936906601383535 | 0 | 5.0
2.601161254145092 | 0 | 5.0
2.5720988190219196 | 0 | 5.0
2.4380100974311953 | 0 | 5.0
2.3641972584241424 | 0 | 5.0
2.2600216596277805 | 1 | -0.5
2.0334313484118725 | 0 | 5.0
2.0348835134071255 | 0 | 5.0
1.9570862446706079 | 0 | 5.0
1.909351579564922 | 0 | 5.0
1.838972730353547 | 0 | 5.0
1.7629237926979728 | 0 | 5.0
1.7021870338761764 | 0 | 5.0
1.673385866804788 | 0 | 5.0
1.5985372676203402 | 0 | 5.0
1.5531523613500362 | 0 | 5.0
1.5146550887285213 | 1 | -0.5
1.45408269874767 | 0 | 5.0
1.4293683691414312 | 0 | 5.0
1.3961629054174478 | 0 | 5.0
1.4331410803817053 | 1 | -0.5
1.4197599295495142 | 0 | 5.0
1.4573220840216223 | 0 | 5.0
1.526367574156778 | 0 | 5.0
1.4653126852202758 | 1 | -0.5
1.5638123021043704 | 0 | 5.0
1.6638288789678284 | 2 | -0.5
1.5797270965550756 | 1 | -0.5
1.6982456340084426 | 2 | -0.5
1.6177812732098031 | 1 | -0.5
1.726582328866771 | 1 | -0.5
1.9068498629917747 | 2 | -0.5
1.7575271144374203 | 1 | -0.5
1.9652752799994853 | 2 | -0.5
1.7867207738621476 | 1 | -0.5
1.9635467343257385 | 2 | -0.5
1.824538598883159 | 1 | -0.5
2.047227825320109 | 1 | -0.5
2.308426016617372 | 2 | -0.5
2.0453005745923893 | 1 | -0.5
2.2775929340545487 | 2 | -0.5
2.0716752204566076 | 1 | -0.5
2.396031589613621 | 2 | -0.5
2.1239860721623804 | 1 | -0.5
2.4029302210307395 | 1 | -0.5
2.928288180627263 | 2 | -0.5
2.4074647910231066 | 1 | -0.5
2.9703110731772084 | 2 | -0.5
2.4726785792601222 | 1 | -0.5
3.0208501254399356 | 0 | 5.0
3.238168223853496 | 0 | 5.0
3.404004646867132 | 1 | -0.5
3.1848075391159227 | 0 | 5.0
3.077456150794909 | 0 | 5.0
2.9494042396632296 | 1 | -0.5
2.582492397019423 | 0 | 5.0
2.5512040761805896 | 0 | 5.0
2.4701204447416045 | 0 | 5.0
2.3932791610392523 | 0 | 5.0
2.261867890542918 | 0 | 5.0
2.1988773988520665 | 1 | -0.5
1.9999506459750946 | 0 | 5.0
1.9739052142555125 | 0 | 5.0
1.9287748105556204 | 0 | 5.0
1.8923024882979766 | 0 | 5.0
1.8363702825138126 | 0 | 5.0
1.7745318590805876 | 0 | 5.0
1.753189511777148 | 0 | 5.0
1.7311726306952457 | 0 | 5.0
1.650100829863868 | 0 | 5.0
1.6076983840923647 | 0 | 5.0
1.5553896286515572 | 0 | 5.0
1.464143601432866 | 0 | 5.0
1.4375787456558597 | 0 | 5.0
1.3840358381374265 | 0 | 5.0
1.3336967383374962 | 1 | -0.5
1.290068234905704 | 0 | 5.0
1.305795869867293 | 0 | 5.0
1.2694387009889183 | 0 | 5.0
1.2816922574107814 | 0 | 5.0
1.2472840344208769 | 0 | 5.0
1.2139607641442838 | 0 | 5.0
1.2106814082052066 | 0 | 5.0
1.2055302901907237 | 0 | 5.0
1.1535491759698666 | 0 | 5.0
1.1382802330805406 | 0 | 5.0
1.105039908013221 | 0 | 5.0
1.081650019130988 | 0 | 5.0
1.0571888525425952 | 0 | 5.0
1.0221509033405691 | 0 | 5.0
1.0275098012155781 | 0 | 5.0
0.970168184445862 | 0 | 5.0
0.9434656454481821 | 0 | 5.0
0.9229991693613915 | 0 | 5.0
0.9011756621962553 | 0 | 5.0
0.8622495371263146 | 0 | 5.0
0.8429366317980223 | 0 | 5.0
0.8280580691337579 | 0 | 5.0
0.8616512663091014 | 0 | 5.0
0.8246517399322718 | 0 | 5.0
0.7848717374553408 | 0 | 5.0
0.7460699793141193 | 0 | 5.0
0.7613026357051308 | 0 | 5.0
0.7359092674094753 | 0 | 5.0
0.7343997989200531 | 1 | -0.5
0.6904006149631701 | 0 | 5.0
0.6910140167371868 | 0 | 5.0
0.7047517016356808 | 0 | 5.0
0.7481455969035605 | 0 | 5.0
0.7567931952807754 | 0 | 5.0
0.8088039519195117 | 0 | 5.0
0.8148558575713951 | 0 | 5.0
0.8335283838104292 | 0 | 5.0
0.8864195678685016 | 0 | 5.0
0.8847701292989435 | 0 | 5.0
0.8962378674201342 | 0 | 5.0
0.9683602964533907 | 0 | 5.0
1.0170913531641785 | 0 | 5.0
0.9951112135045926 | 0 | 5.0
1.0962578713081241 | 0 | 5.0
1.1075707702372561 | 0 | 5.0
1.1710876518194426 | 0 | 5.0
1.1758207993706538 | 0 | 5.0
1.221815391461437 | 0 | 5.0
1.2091678010594915 | 1 | -0.5
1.2460000675561764 | 0 | 5.0
1.3435892903651505 | 0 | 5.0
1.403047850559855 | 1 | -0.5
1.5327137978849388 | 2 | -0.5
1.3992453018636142 | 1 | -0.5
1.5109469607433756 | 2 | -0.5
1.4735440731975027 | 1 | -0.5
1.533024387605681 | 2 | -0.5
1.4655101970806492 | 1 | -0.5
1.5631102777367603 | 2 | -0.5
1.5022364760000786 | 1 | -0.5
1.612005298301675 | 1 | -0.5
1.8734276122773348 | 2 | -0.5
1.6969544259256306 | 1 | -0.5
1.8413710470905966 | 2 | -0.5
1.6572525519967618 | 1 | -0.5
1.8846977206526891 | 2 | -0.5
1.7438521355583223 | 1 | -0.5
1.9852404874785714 | 2 | -0.5
1.7405039110930414 | 1 | -0.5
2.009771267536478 | 2 | -0.5
1.8242445921884838 | 1 | -0.5
2.1477636379978735 | 2 | -0.5
1.8723114073399307 | 1 | -0.5
2.1771932285404825 | 2 | -0.5
1.9521937942444796 | 1 | -0.5
2.231608141034863 | 1 | -0.5
2.7534380713197124 | 2 | -0.5
2.359374934357714 | 1 | -0.5
2.8413341413797073 | 2 | -0.5
2.3966425348947538 | 1 | -0.5
2.997969198067621 | 2 | -0.5
2.410870366879939 | 1 | -0.5
3.134638058216707 | 0 | 5.0
3.366083425301529 | 0 | 5.0
3.274770728993246 | 0 | 5.0
3.014431325741875 | 1 | -0.5
2.66031222328856 | 0 | 5.0
2.589135516664474 | 0 | 5.0
2.537455093141206 | 0 | 5.0
2.453712595040443 | 0 | 5.0
2.3782440125811983 | 0 | 5.0
2.246849526098019 | 0 | 5.0
2.1543634283354036 | 1 | -0.5
2.0107025208922296 | 0 | 5.0
1.929826422157052 | 0 | 5.0
1.9062191391648524 | 0 | 5.0
1.8420543755500143 | 0 | 5.0
1.8058460804379002 | 0 | 5.0
1.7301862189490236 | 0 | 5.0
1.6975074349382053 | 0 | 5.0
1.6380311705714297 | 0 | 5.0
1.609459818829926 | 0 | 5.0
1.565695549244447 | 0 | 5.0
1.5228996839506763 | 0 | 5.0
1.4940979605939928 | 0 | 5.0
1.4330954880842433 | 0 | 5.0
1.4281770346447826 | 0 | 5.0
1.389161102857495 | 0 | 5.0
1.3011393358891936 | 0 | 5.0
1.2654972331772958 | 0 | 5.0
1.225280852499609 | 0 | 5.0
1.1412016854976552 | 0 | 5.0
1.1207395148562127 | 0 | 5.0
1.111364263421198 | 0 | 5.0
1.0660562719975184 | 1 | -0.5
1.0848427187714613 | 0 | 5.0
1.051491640491356 | 0 | 5.0
1.0699750245212918 | 0 | 5.0
1.0505237411516133 | 0 | 5.0
1.0765695288687864 | 0 | 5.0
1.0056971108562605 | 0 | 5.0
1.0791531727825234 | 0 | 5.0
1.0363623324329143 | 0 | 5.0
1.014795411548601 | 0 | 5.0
1.0268268824748106 | 0 | 5.0
0.9788178837991459 | 0 | 5.0
1.0034522626092366 | 0 | 5.0
0.9913661707933579 | 0 | 5.0
0.996961034921182 | 0 | 5.0
0.9517357709735607 | 0 | 5.0
1.0122534349388794 | 0 | 5.0
0.9633783036465009 | 0 | 5.0
0.9671912247865506 | 0 | 5.0
1.0288444279098186 | 0 | 5.0
1.005397598928807 | 0 | 5.0
1.0265925949874728 | 0 | 5.0
1.014207210807853 | 0 | 5.0
1.085064056290022 | 0 | 5.0
1.0594477257498331 | 0 | 5.0
1.0855826475888137 | 0 | 5.0
1.0955140042338523 | 0 | 5.0
1.095832042769261 | 0 | 5.0
1.1204628976891289 | 0 | 5.0
1.1575315956028243 | 0 | 5.0
1.1579803761808354 | 0 | 5.0
1.1887759885307958 | 0 | 5.0
1.2401508809213861 | 0 | 5.0
1.2236698518657891 | 0 | 5.0
1.2230282585086383 | 0 | 5.0
1.2816383236979356 | 0 | 5.0
1.283866730828442 | 0 | 5.0
1.2430283414223908 | 0 | 5.0
1.290802752675654 | 0 | 5.0
1.3213026826640788 | 0 | 5.0
1.362427810623779 | 0 | 5.0
1.3560676829621032 | 0 | 5.0
1.3847847554148058 | 0 | 5.0
1.4040714387331241 | 1 | -0.5
1.4804575328669842 | 0 | 5.0
1.5343276365221223 | 0 | 5.0
1.6268786132752995 | 1 | -0.5
1.7632446685508967 | 2 | -0.5
1.6023682439280196 | 1 | -0.5
1.8146335541182204 | 2 | -0.5
1.6684974941154789 | 1 | -0.5
1.875577502341798 | 2 | -0.5
1.706631880396127 | 1 | -0.5
1.8096260495579928 | 1 | -0.5
2.104373165509709 | 2 | -0.5
1.9235858398220378 | 1 | -0.5
2.1730527142225875 | 2 | -0.5
1.9710891339079943 | 1 | -0.5
2.247501924476882 | 2 | -0.5
1.9931686247978715 | 1 | -0.5
2.243489613980484 | 2 | -0.5
2.0823109078267152 | 1 | -0.5
2.335363692932083 | 1 | -0.5
2.8365591429871277 | 2 | -0.5
2.36322451487579 | 1 | -0.5
2.8143335558762064 | 2 | -0.5
2.3831180289071923 | 1 | -0.5
2.953182993867201 | 0 | 5.0
3.0963328603046754 | 1 | -0.5
3.2839532605794797 | 0 | 5.0
3.1897049756525204 | 0 | 5.0
3.0255547146110473 | 0 | 5.0
3.0002566225276968 | 0 | 5.0
2.8201391568952237 | 0 | 5.0
2.7142375260975196 | 1 | -0.5
2.4555593580857176 | 0 | 5.0
2.339951729589732 | 0 | 5.0
2.3121160818141155 | 0 | 5.0
2.1959804571217867 | 0 | 5.0
2.1554168129332294 | 0 | 5.0
2.0778426098494522 | 0 | 5.0
2.057861168820231 | 0 | 5.0
2.0158499495508213 | 0 | 5.0
1.89556069490206 | 0 | 5.0
1.888109291554676 | 0 | 5.0
1.7646856142075564 | 0 | 5.0
1.7034171796753046 | 1 | -0.5
1.6414601882118012 | 0 | 5.0
1.6462564304691694 | 0 | 5.0
1.5610513653718503 | 0 | 5.0
1.5703162744468016 | 0 | 5.0
1.5032387574948005 | 0 | 5.0
1.4767081798453574 | 0 | 5.0
1.4277728704421249 | 1 | -0.5
1.3591136902468026 | 0 | 5.0
1.366664570540812 | 0 | 5.0
1.3858317660817234 | 0 | 5.0
1.3841651458736453 | 1 | -0.5
1.3744989412631021 | 0 | 5.0
1.385383992032353 | 0 | 5.0
1.4152924981308694 | 0 | 5.0
1.443656977137858 | 0 | 5.0
1.4710591044766155 | 1 | -0.5
1.5340280166153186 | 2 | -0.5
1.4603896242511694 | 1 | -0.5
1.592809140269449 | 2 | -0.5
1.458958042013583 | 1 | -0.5
1.6005187338866789 | 1 | -0.5
1.7012848449347535 | 2 | -0.5
1.5542416149959317 | 1 | -0.5
1.6800608775673571 | 2 | -0.5
1.570841135908813 | 1 | -0.5
1.7042446935232074 | 2 | -0.5
1.613531199362735 | 1 | -0.5
1.747235710311475 | 2 | -0.5
1.6754457635986417 | 1 | -0.5
1.7934825069260327 | 2 | -0.5
1.7218401115159234 | 1 | -0.5
1.832247386346984 | 1 | -0.5
2.1932675956385315 | 2 | -0.5
1.8627873069655165 | 1 | -0.5
2.272962098596096 | 2 | -0.5
1.9785864712692145 | 1 | -0.5
2.2975766886655755 | 2 | -0.5
2.027681245599015 | 1 | -0.5
2.219306138652972 | 2 | -0.5
2.031889315701118 | 1 | -0.5
2.303811528221434 | 2 | -0.5
2.1218766527226265 | 1 | -0.5
2.467147708839877 | 2 | -0.5
2.1588816304129694 | 1 | -0.5
2.444807159352054 | 1 | -0.5
3.0127344954623214 | 2 | -0.5
2.5043486342495442 | 1 | -0.5
3.1733183604915194 | 0 | 5.0
3.2824989766521706 | 0 | 5.0
3.507277215994969 | 0 | 5.0
3.4283638662685068 | 1 | -0.5
2.970616604315696 | 0 | 5.0
2.820622423405819 | 0 | 5.0
2.699811021783967 | 0 | 5.0
2.571957362446962 | 0 | 5.0
2.5167878914447135 | 1 | -0.5
2.2398773948885022 | 0 | 5.0
2.130053599795899 | 0 | 5.0
2.0700555499146853 | 0 | 5.0
2.0335919474448207 | 0 | 5.0
1.9925349225947337 | 0 | 5.0
1.9333946453294248 | 0 | 5.0
1.8508364835154905 | 0 | 5.0
1.8625277260782656 | 0 | 5.0
1.8190011787864158 | 0 | 5.0
1.803484993368229 | 0 | 5.0
1.7595715919038943 | 0 | 5.0
1.7344745260766714 | 0 | 5.0
1.6373872970189096 | 0 | 5.0
1.5706061538356628 | 0 | 5.0
1.478723434135982 | 0 | 5.0
1.492232173163988 | 0 | 5.0
1.393349081669257 | 0 | 5.0
1.3435253197257313 | 0 | 5.0
1.3711225681094565 | 0 | 5.0
1.3304319903559754 | 0 | 5.0
1.2679540056551803 | 0 | 5.0
1.2786103129877626 | 1 | -0.5
1.29101792605172 | 2 | -0.5
1.238927312495469 | 1 | -0.5
1.2427160285503842 | 2 | -0.5
1.2415673886576946 | 1 | -0.5
1.2611153203147794 | 2 | -0.5
1.2883778033912696 | 2 | -0.5
1.286492217134787 | 1 | -0.5
1.2316189845852141 | 2 | -0.5
1.2775402227849564 | 1 | -0.5
1.2299456122290229 | 2 | -0.5
1.2495192284748606 | 2 | -0.5
1.4153545205525757 | 1 | -0.5
1.2436206516066497 | 2 | -0.5
1.3219235981092539 | 1 | -0.5
1.2068090466170736 | 2 | -0.5
1.2972947889995434 | 1 | -0.5
1.2013422626861159 | 2 | -0.5
1.2844049187194306 | 1 | -0.5
1.1476538030512555 | 2 | -0.5
1.2707419569803928 | 1 | -0.5
1.1605791757263932 | 2 | -0.5
1.2788824166032762 | 1 | -0.5
1.1191075510567199 | 2 | -0.5
1.2062280732690769 | 2 | -0.5
1.431638077547523 | 1 | -0.5
1.196463471824954 | 2 | -0.5
1.3650583496937923 | 1 | -0.5
1.1531488733276358 | 2 | -0.5
1.3247120963073036 | 1 | -0.5
1.1553228291064932 | 2 | -0.5
1.258106758554391 | 1 | -0.5
1.0662223854598936 | 2 | -0.5
1.2557102220389575 | 1 | -0.5
1.0351471529333933 | 2 | -0.5
1.201981967145816 | 2 | -0.5
1.4418830247507324 | 0 | 5.0
1.183635663790622 | 0 | 5.0
0.8392725324320573 | 0 | 5.0
0.5448494085233202 | 0 | 5.0
0.602150534052613 | 0 | 5.0
0.7423749922840222 | 2 | -0.5
0.7333242996028785 | 0 | 5.0
0.7868404192004383 | 0 | 5.0
0.8691088762190149 | 0 | 5.0
0.9364424549892368 | 0 | 5.0
1.0305232633972188 | 0 | 5.0
1.1028219455264288 | 0 | 5.0
1.1907539168207855 | 0 | 5.0
1.2907461913545857 | 0 | 5.0
1.3797343056177782 | 0 | 5.0
1.4864443525232722 | 0 | 5.0
1.5841184467402871 | 2 | -0.5
1.5005646300440685 | 0 | 5.0
1.5051733790689168 | 0 | 5.0
1.5981312461881976 | 0 | 5.0
1.6164742240062193 | 0 | 5.0
1.67206572544386 | 0 | 5.0
1.717090190639034 | 0 | 5.0
1.7467574996373554 | 0 | 5.0
1.7661169093148468 | 0 | 5.0
1.81881819272595 | 0 | 5.0
1.9046722852669415 | 0 | 5.0
1.9269388948969057 | 0 | 5.0
1.9722867837674516 | 0 | 5.0
2.0055963340470817 | 0 | 5.0
2.067063789111002 | 2 | -0.5
2.0366731324538887 | 0 | 5.0
2.006030754458973 | 1 | -0.5
2.122168506128368 | 2 | -0.5
2.0204086403314205 | 1 | -0.5
2.171477365541211 | 2 | -0.5
2.082116223179109 | 1 | -0.5
2.117744658597582 | 1 | -0.5
2.32540593155892 | 2 | -0.5
2.1209346746980198 | 1 | -0.5
2.295863670779246 | 1 | -0.5
2.532523872694977 | 2 | -0.5
2.3185273066836634 | 1 | -0.5
2.6467071299991005 | 2 | -0.5
2.420194469917352 | 1 | -0.5
2.6760262116880824 | 1 | -0.5
3.112119270634782 | 0 | 5.0
3.328233951313295 | 1 | -0.5
3.463617909291231 | 0 | 5.0
3.399421178920362 | 0 | 5.0
3.2399706736822647 | 0 | 5.0
3.0986124048870805 | 1 | -0.5
2.6798792341874105 | 0 | 5.0
2.6699285381454616 | 0 | 5.0
2.533663506386733 | 0 | 5.0
2.514641539853593 | 0 | 5.0
2.3581518545142903 | 0 | 5.0
2.197255975709279 | 0 | 5.0
2.1920637094334947 | 1 | -0.5
2.000703128938615 | 0 | 5.0
1.9405115821962375 | 0 | 5.0
1.904026034170922 | 0 | 5.0
1.8409417994142325 | 0 | 5.0
1.822048061610284 | 0 | 5.0
1.724933426258461 | 0 | 5.0
1.677047856067595 | 0 | 5.0
1.6494726627671419 | 0 | 5.0
1.555189112211257 | 0 | 5.0
1.537379840287812 | 1 | -0.5
1.4518411511211688 | 0 | 5.0
1.3950133147236408 | 0 | 5.0
1.4430812005458256 | 0 | 5.0
1.4010107471328177 | 0 | 5.0
1.4375787861714164 | 0 | 5.0
1.4502144200498657 | 1 | -0.5
1.4191902644786831 | 0 | 5.0
1.4872165754396443 | 0 | 5.0
1.5011424619705986 | 0 | 5.0
1.5176716403717974 | 1 | -0.5
1.63226965369114 | 2 | -0.5
1.5650055455881082 | 1 | -0.5
1.6083143959282062 | 2 | -0.5
1.5752065392030912 | 1 | -0.5
1.6542209179802978 | 2 | -0.5
1.5370750812491243 | 1 | -0.5
1.6600205529802468 | 1 | -0.5
1.7418384628661343 | 2 | -0.5
1.6744827160294529 | 1 | -0.5
1.8618518531530999 | 2 | -0.5
1.7855306525787022 | 1 | -0.5
1.9860046908219873 | 2 | -0.5
1.8491812160906824 | 1 | -0.5
2.105707387220765 | 2 | -0.5
1.849092859638593 | 1 | -0.5
2.1166370723910144 | 2 | -0.5
1.8507426071559847 | 1 | -0.5
2.1232084978466275 | 2 | -0.5
1.9419758184066258 | 1 | -0.5
2.1606850550019847 | 1 | -0.5
2.5392781196609397 | 2 | -0.5
2.1519548041202703 | 1 | -0.5
2.5256183600538664 | 1 | -0.5
3.2688551808621416 | 0 | 5.0
3.5055179171395405 | 0 | 5.0
3.3209118535642546 | 0 | 5.0
3.1880423721786078 | 0 | 5.0
3.105232789232642 | 0 | 5.0
2.926552171605805 | 1 | -0.5
2.6485664397136706 | 0 | 5.0
2.548927349468377 | 0 | 5.0
2.474356445617321 | 0 | 5.0
2.334266846055267 | 0 | 5.0
2.288521140659075 | 0 | 5.0
2.2016687166541113 | 0 | 5.0
2.1727397815241676 | 0 | 5.0
2.0727347555334035 | 0 | 5.0
2.0554101012073094 | 1 | -0.5
1.9223789198712384 | 0 | 5.0
1.8551380422148422 | 0 | 5.0
1.7881696200340238 | 0 | 5.0
1.802403889772219 | 0 | 5.0
1.6878568074136315 | 0 | 5.0
1.66309136380777 | 0 | 5.0
1.6677852165879836 | 0 | 5.0
1.6050311684450957 | 0 | 5.0
1.5606310659886393 | 0 | 5.0
1.5349650668259742 | 0 | 5.0
1.4918647815381791 | 0 | 5.0
1.4490553582121997 | 0 | 5.0
1.4034670539144798 | 0 | 5.0
1.3708259343259566 | 0 | 5.0
1.3379709546405703 | 0 | 5.0
1.3118685827619454 | 0 | 5.0
1.241536149778777 | 0 | 5.0
1.258496645452905 | 0 | 5.0
1.2340914643207075 | 0 | 5.0
1.1503169285598327 | 0 | 5.0
1.1256132389125384 | 0 | 5.0
1.1014425703706574 | 1 | -0.5
1.080393890671371 | 0 | 5.0
1.0696820179147417 | 0 | 5.0
1.068703016567372 | 0 | 5.0
1.124455814821991 | 0 | 5.0
1.0978020031704308 | 0 | 5.0
1.11609662588235 | 0 | 5.0
1.123436224056738 | 0 | 5.0
1.1254341061622255 | 0 | 5.0
1.1205566686735946 | 0 | 5.0
1.1363046451723637 | 0 | 5.0
1.1107865057357573 | 0 | 5.0
1.0898900238771527 | 0 | 5.0
1.0997402663495843 | 0 | 5.0
1.1371589412116405 | 0 | 5.0
1.134819851296306 | 0 | 5.0
1.1836577398416233 | 0 | 5.0
1.200594241858196 | 0 | 5.0
1.2247633261994137 | 0 | 5.0
1.2179961069887255 | 0 | 5.0
1.2541795272405787 | 0 | 5.0
1.2954460213246162 | 0 | 5.0
1.287212325126924 | 0 | 5.0
1.299400782700987 | 0 | 5.0
1.336467175577774 | 0 | 5.0
1.3929770686774812 | 0 | 5.0
1.4170384364331252 | 0 | 5.0
1.4017748758906994 | 0 | 5.0
1.4319176108453304 | 0 | 5.0
1.4623807881529696 | 0 | 5.0
1.5158829105403666 | 0 | 5.0
1.5644869338823402 | 0 | 5.0
1.5787643503894115 | 0 | 5.0
1.6007678359124915 | 0 | 5.0
1.6029342626319485 | 0 | 5.0
1.6713205166522636 | 0 | 5.0
1.6929937276312481 | 0 | 5.0
1.7531876318779012 | 0 | 5.0
1.7532863264985021 | 0 | 5.0
1.8123068086269776 | 1 | -0.5
1.8742172167701643 | 2 | -0.5
1.8248855128246082 | 1 | -0.5
1.9165335622628625 | 2 | -0.5
1.8299577592678076 | 1 | -0.5
1.911020377707572 | 2 | -0.5
1.8594998455096408 | 1 | -0.5
1.889028486230786 | 1 | -0.5
2.0657453719499226 | 2 | -0.5
1.9532382591633999 | 1 | -0.5
2.069021324768911 | 2 | -0.5
1.9743011498714058 | 1 | -0.5
2.176520388301793 | 2 | -0.5
2.0206321338120246 | 1 | -0.5
2.1802800134013895 | 1 | -0.5
2.5557755161826967 | 2 | -0.5
2.251340540839505 | 1 | -0.5
2.6396506311383123 | 2 | -0.5
2.2704244238967144 | 1 | -0.5
2.6784974215870885 | 2 | -0.5
2.351084914617677 | 1 | -0.5
2.604111117519786 | 1 | -0.5
3.105147717268999 | 0 | 5.0
3.345175185952282 | 0 | 5.0
3.608449014503212 | 1 | -0.5
3.2421709059034307 | 0 | 5.0
3.0970577605890055 | 0 | 5.0
2.9772346131867704 | 0 | 5.0
2.84899184893276 | 0 | 5.0
2.7446533802953548 | 1 | -0.5
2.459047919973183 | 0 | 5.0
2.3395571661673356 | 0 | 5.0
2.275939840302602 | 0 | 5.0
2.2494319085937917 | 0 | 5.0
2.1782174916447596 | 0 | 5.0
2.0506594076194893 | 0 | 5.0
1.9685906695084157 | 0 | 5.0
1.8831632836864889 | 0 | 5.0
1.8416749177073435 | 1 | -0.5
1.696297307712305 | 0 | 5.0
1.6952489926370171 | 0 | 5.0
1.647074319068669 | 0 | 5.0
1.647895623452073 | 0 | 5.0
1.5974651164190905 | 0 | 5.0
1.4982695742500085 | 0 | 5.0
1.5238713727929414 | 0 | 5.0
1.436161767060893 | 0 | 5.0
1.4269255195098247 | 0 | 5.0
1.3644881928694004 | 0 | 5.0
1.3309605879356718 | 0 | 5.0
1.2653103885565866 | 0 | 5.0
1.2129753429325407 | 0 | 5.0
1.2160814958058728 | 0 | 5.0
1.1799759772774003 | 0 | 5.0
1.1550386011877705 | 0 | 5.0
1.1467431228590341 | 0 | 5.0
1.0699462110561686 | 0 | 5.0
1.074337162570321 | 1 | -0.5
1.0460106998229102 | 0 | 5.0
1.0350882850633512 | 0 | 5.0
1.0567354206585158 | 0 | 5.0
1.111512286840343 | 0 | 5.0
1.133251131973412 | 0 | 5.0
1.1428508878608006 | 0 | 5.0
1.1828129228324713 | 0 | 5.0
1.1965759056617982 | 0 | 5.0
1.2418879971618275 | 0 | 5.0
1.2644131463022068 | 0 | 5.0
1.3278069979213225 | 0 | 5.0
1.3316903710397547 | 0 | 5.0
1.4057641692775715 | 0 | 5.0
1.4367381761290439 | 0 | 5.0
1.4775694875586574 | 0 | 5.0
1.4853652132150204 | 0 | 5.0
1.5159014139247469 | 0 | 5.0
1.5744767423811779 | 0 | 5.0
1.5774177061922645 | 0 | 5.0
1.6792388887757432 | 0 | 5.0
1.6840924676108502 | 0 | 5.0
1.729463380076744 | 0 | 5.0
1.7918154054901683 | 0 | 5.0
1.8185721447537282 | 0 | 5.0
1.8951831973588633 | 0 | 5.0
1.920646957343725 | 0 | 5.0
1.9935434443843418 | 0 | 5.0
1.9664044161828709 | 0 | 5.0
2.019227332288259 | 0 | 5.0
2.0285535302203814 | 0 | 5.0
2.134158157506725 | 0 | 5.0
2.13213182994977 | 0 | 5.0
2.2010640751555814 | 0 | 5.0
2.277981203345292 | 0 | 5.0
2.301553829519977 | 0 | 5.0
2.3483043421137437 | 0 | 5.0
2.4379454695182465 | 0 | 5.0
2.487655304308513 | 2 | -0.5
2.436911681630651 | 0 | 5.0
2.4408557544475897 | 0 | 5.0
2.4628859318606606 | 0 | 5.0
2.489887526530949 | 2 | -0.5
2.4806039356968625 | 0 | 5.0
2.4722008461346925 | 0 | 5.0
2.4682914601576322 | 0 | 5.0
2.4439635381493057 | 1 | -0.5
2.4084602311970107 | 1 | -0.5
2.4773111573012128 | 2 | -0.5
2.4143837618110426 | 1 | -0.5
2.508084613621689 | 2 | -0.5
2.451310824293331 | 1 | -0.5
2.6062021272906386 | 1 | -0.5
2.89030607073769 | 2 | -0.5
2.6644071949760035 | 1 | -0.5
2.901032342839319 | 0 | 5.0
3.1104484809192794 | 1 | -0.5
3.638388057177049 | 1 | -0.5
3.639606919167579 | 0 | -200.0
Total reward: 2443.5
