-1.5, 3.1, -2.5, -3.2, 2.4, 0.8, 4.0, 1.9, 2.1, 1.0
parameter ends

state | action | reward
[-0.06] | [-0.22] | 9.337616687218642
-0.07639316913987575 | [1.12] | 9.307835688659175
-0.05120331347240252 | [-4.52] | 9.315367330691368
-0.027289952625812453 | [0.48] | 9.347386766731864
-0.031350580780972054 | [-2.05] | 9.115914608122374
-0.06351788545293284 | [3.93] | 9.21347196582191
-0.09743106932067701 | [-1.78] | 8.92957857926474
-0.13267139008619255 | [5.59] | -1.1859759841462076
Total reward: 63.38119564236386
-1.5, 3.1, -2.5, -3.2, 2.4, 0.8, 4.0, 1.9, 2.1, 1.0
parameter ends

state | action | reward
[0.1] | [-0.27] | 9.337893041968641
0.09379475433489136 | [1.39] | 9.305341417620216
0.12441255358405041 | [-4.19] | 9.322218336771696
0.15397656421571607 | [0.83] | 9.34127493550153
0.17413044748221848 | [-3.69] | 9.260554391753692
0.18494870068891733 | [1.52] | 9.336858334333327
0.19532038196812507 | [-4.02] | 9.165749424806986
0.20488931852343864 | [1.25] | 9.247957819201403
0.21328482419204253 | [-4.92] | 8.943130585187113
0.2204291689533682 | [0.93] | 8.898869976317139
0.22221303755392355 | [-6.29] | -1.5480626085705413
Total reward: 90.61178565489121
-1.5, 3.1, -2.5, -3.2, 2.4, 0.8, 4.0, 1.9, 2.1, 1.0
parameter ends

state | action | reward
[0.08] | [-0.02] | 9.354072957708489
0.08654260226371076 | [0.29] | 9.35028231307539
0.10370919085882692 | [-1.22] | 9.23852515146598
0.08251848649353677 | [4.6] | 9.340739898515485
0.05950587214653031 | [-0.17] | 9.314086916388291
0.07669994773339062 | [0.84] | 9.3319754664335
0.12515775831744233 | [-4.21] | 9.185996620739639
0.16246918073239341 | [1.46] | 9.227484379963242
0.197229046435551 | [-5.04] | 8.942576348393015
0.2298909826329232 | [1.38] | -1.157630382830267
Total reward: 82.12810966985278
-1.5, 3.1, -2.5, -3.2, 2.4, 0.8, 4.0, 1.9, 2.1, 1.0
parameter ends

state | action | reward
[-0.03] | [-0.25] | 9.354583236419835
-0.03493778631062031 | [1.28] | 9.222349413684292
0.002026025563008488 | [-4.52] | 9.326746260481144
0.040756981070516535 | [0.49] | 9.214873003430373
0.055681464461526546 | [-2.8] | 9.231866336564492
0.04803801488054209 | [3.32] | 8.99220351762357
0.04304173800773267 | [-4.14] | 8.872776119732748
0.040624514797930986 | [2.84] | -1.4773739911592512
Total reward: 62.73802389677721
-1.5, 3.1, -2.5, -3.2, 2.4, 0.8, 4.0, 1.9, 2.1, 1.0
parameter ends

state | action | reward
[-0.03] | [-0.29] | 9.337649419552914
-0.040451611756807504 | [1.25] | 9.299611641497908
-0.01722452691942863 | [-4.52] | 9.31642434304457
0.00583967938561052 | [0.25] | 9.330992709317295
-0.01027487594907599 | [-1.06] | 9.057219461831032
-0.06602666805130734 | [5.09] | 9.172406472482825
-0.12299158235539483 | [-0.46] | 8.960067643112744
-0.15378200253077556 | [2.95] | -1.1726184736730672
Total reward: 63.30175321716622
-1.5, 3.1, -2.5, -3.2, 2.4, 0.8, 4.0, 1.9, 2.1, 1.0
parameter ends

state | action | reward
[-0.06] | [0.28] | 9.342762332994262
-0.05406542496753602 | [-1.47] | 9.286558519372145
-0.08129911423321087 | [3.99] | 9.342281329965816
-0.10803145715708105 | [-1.09] | 9.27132065722191
-0.1350333362358258 | [4.38] | 9.348342141538932
-0.16300988271085146 | [-0.77] | 9.254060536588595
-0.1807429279268393 | [3.63] | 9.316575599831113
-0.18908952841067259 | [-2.13] | 9.109687502544313
-0.19978186400803885 | [4.18] | 9.105019705429301
-0.21318098744789432 | [-2.42] | 8.82052993602384
-0.228328332138408 | [5.35] | -1.405760202127859
Total reward: 90.79137805938237
-1.5, 3.1, -2.5, -3.2, 2.4, 0.8, 4.0, 1.9, 2.1, 1.0
parameter ends

state | action | reward
[0.07] | [-0.19] | 9.349884451152448
0.06655708135310201 | [0.73] | 9.292825173042448
0.08749847580194452 | [-3.57] | 9.335617429732633
0.09594375055092699 | [1.32] | 9.245200833004223
0.10655621400551477 | [-4.41] | 9.324054825769313
0.12008563690887096 | [0.5] | 9.23384534094683
0.11120514246591609 | [-2.79] | 9.257763174415935
0.08087914360587324 | [3.06] | 9.050922142272297
0.053670190146066526 | [-4.24] | 8.950248482075693
0.029353391752271668 | [2.35] | -1.344745434287145
Total reward: 81.69561641812467
-1.5, 3.1, -2.5, -3.2, 2.4, 0.8, 4.0, 1.9, 2.1, 1.0
parameter ends

state | action | reward
[0.01] | [-0.14] | 9.341156608455528
0.0020711162261825285 | [0.34] | 9.341403918300143
0.006046852309999535 | [-1.85] | 9.184298553100867
-0.024277401479665943 | [3.48] | 9.302433552235549
-0.05496563297952362 | [-2.06] | 9.049103549456985
-0.08667425825567747 | [4.] | 9.076749151572198
-0.12021133086908035 | [-2.64] | 8.750894337571742
-0.15498884862160084 | [4.98] | -1.4579735058366772
Total reward: 62.58806616485633
-1.5, 3.1, -2.5, -3.2, 2.4, 0.8, 4.0, 1.9, 2.1, 1.0
parameter ends

state | action | reward
[0.06] | [0.62] | 9.282263014696117
0.09132618765330937 | [-3.27] | 9.339303643182195
0.10188502851917135 | [1.57] | 9.231362170915494
0.1146413690510171 | [-4.24] | 9.314126936448735
0.1303834215505111 | [0.71] | 9.169732833606414
0.13420398546508228 | [-4.16] | 9.162319031929599
0.1270155333198429 | [1.6] | 8.939252085236014
0.12221969287678651 | [-6.72] | -1.2644068973880545
Total reward: 63.1739528186265
-1.5, 3.1, -2.5, -3.2, 2.4, 0.8, 4.0, 1.9, 2.1, 1.0
parameter ends

state | action | reward
[-0.05] | [-0.36] | 9.337846420071646
-0.06191974937724473 | [1.63] | 9.28406619689264
-0.04411217227776518 | [-3.99] | 9.340517805728823
-0.025210657114631878 | [0.82] | 9.285623531874206
-0.014137870803294726 | [-3.85] | 9.337353380802321
-0.01006838618302048 | [1.15] | 9.209697000821157
-0.003332685623625953 | [-4.84] | 9.269713218242943
0.006810723555764685 | [0.26] | 9.163048590075952
-0.016475730444809857 | [-1.93] | 9.117892854354759
-0.07234459627420549 | [4.63] | 8.872344585896592
-0.12539818107660425 | [-3.38] | -1.357183639163514
Total reward: 90.86091994559754
-1.5, 3.1, -2.5, -3.2, 2.4, 0.8, 4.0, 1.9, 2.1, 1.0
parameter ends

state | action | reward
[-0.09] | [0.55] | 9.30362674259076
-0.0548135706710325 | [-2.92] | 9.334110580466918
-0.03924007058732337 | [2.09] | 9.276829119994163
-0.022296170721279533 | [-3.47] | 9.344712337988948
-0.003459736419809194 | [1.51] | 9.205652484713067
0.017578479298344617 | [-4.49] | 9.275817548136034
0.041663739044372476 | [0.67] | 9.107506116069555
0.051702031971038835 | [-4.4] | 9.038536205707096
0.048541324164026636 | [1.77] | -1.2098906492439259
Total reward: 72.67690048642262
-1.5, 3.1, -2.5, -3.2, 2.4, 0.8, 4.0, 1.9, 2.1, 1.0
parameter ends

state | action | reward
[0.07] | [-1.24] | 9.191505002352512
0.011243272820486774 | [4.63] | 9.343072736638009
-0.04391033894241951 | [-0.21] | 9.294494405365912
-0.05912705281245768 | [0.9] | 9.31393532374192
-0.04045751501288053 | [-4.79] | 9.130428264196556
-0.028841153480383123 | [0.67] | 9.114130402388657
-0.0359119622446591 | [-3.98] | 8.754437977392675
-0.06098192229426568 | [2.92] | -1.4056184788358002
Total reward: 62.736385633240424
-1.5, 3.1, -2.5, -3.2, 2.4, 0.8, 4.0, 1.9, 2.1, 1.0
parameter ends

state | action | reward
[-0.09] | [0.32] | 9.334727513341498
-0.07095528249224725 | [-1.36] | 9.278142869779487
-0.09257506329888636 | [4.4] | 9.33364727484617
-0.1154310281848609 | [-0.21] | 9.347829132962843
-0.09886128033691927 | [0.92] | 9.204093118622378
-0.0462350844348717 | [-4.38] | 9.33653316449767
0.0022373508498211643 | [0.61] | 9.217708454318979
0.03134519510011491 | [-3.06] | 9.266262384580855
0.04232493063062656 | [2.96] | 9.017923995680492
0.05536604941050034 | [-3.95] | 8.964589616569265
0.07071780734966013 | [2.73] | -1.3886895170854265
Total reward: 90.91276800811421
-1.5, 3.1, -2.5, -3.2, 2.4, 0.8, 4.0, 1.9, 2.1, 1.0
parameter ends

state | action | reward
[-0.07] | [0.26] | 9.347096608894901
-0.05152034823116633 | [-1.38] | 9.27273668543651
-0.07506245518753396 | [4.13] | 9.349697369200655
-0.09870455580631117 | [-0.93] | 9.248194314621964
-0.11973429343568538 | [4.3] | 9.333213507895575
-0.13904726839342227 | [-1.08] | 9.134778451797215
-0.16036028275335865 | [5.2] | 9.159134489293981
-0.18439640340270694 | [-0.85] | 8.91985154256829
-0.20285825509517577 | [5.84] | -1.2686282858619689
Total reward: 72.49607468384713
-1.5, 3.1, -2.5, -3.2, 2.4, 0.8, 4.0, 1.9, 2.1, 1.0
parameter ends

state | action | reward
[0.07] | [0.18] | 9.342010480921322
0.08262928534832126 | [-0.63] | 9.326768996018307
0.07377047402202591 | [3.13] | 9.266872092619305
0.08408873711502489 | [-1.87] | 9.325507926239986
0.09393469088661156 | [3.6] | 9.197642926763368
0.10375241897377646 | [-1.47] | 9.281362032916475
0.11387113363225021 | [4.23] | 9.021328028681044
0.12468735027509137 | [-1.45] | 9.054272785879581
0.13654649972370614 | [4.89] | -1.3531890582140997
Total reward: 72.46257621182528
-1.5, 3.1, -2.5, -3.2, 2.4, 0.8, 4.0, 1.9, 2.1, 1.0
parameter ends

state | action | reward
[-0.08] | [-0.1] | 9.354662121383145
-0.08670240459887359 | [0.54] | 9.339900968119036
-0.07076860262441995 | [-2.49] | 9.282314427251913
-0.07978058226205961 | [2.94] | 9.347832941457474
-0.08957279913515687 | [-2.25] | 9.229157244830857
-0.1005851270433893 | [3.3] | 9.319942450502698
-0.11343487533916496 | [-2.23] | 9.093504079516448
-0.1282160030847183 | [4.07] | 9.1015267965047
-0.14547718368791873 | [-2.44] | 8.808941513554577
-0.1642963663173022 | [5.36] | -1.4155796103171525
Total reward: 81.46220293280369
-1.5, 3.1, -2.5, -3.2, 2.4, 0.8, 4.0, 1.9, 2.1, 1.0
parameter ends

state | action | reward
[0.06] | [0.4] | 9.340530386154056
0.07056228836174007 | [-2.02] | 9.278444598026706
0.0529604289081768 | [3.44] | 9.348682109630342
0.034368036673282636 | [-1.71] | 9.21603065560043
0.01428496376217702 | [4.01] | 9.301578350340064
-0.008093345446024641 | [-1.49] | 9.072159485150012
-0.03255841740313463 | [5.29] | 9.035779748720191
-0.05963732339250399 | [-1.15] | -1.2282022098802963
Total reward: 63.3650031237415
-1.5, 3.1, -2.5, -3.2, 2.4, 0.8, 4.0, 1.9, 2.1, 1.0
parameter ends

state | action | reward
[-0.02] | [0.87] | 9.214955143863804
0.03295236795614916 | [-4.29] | 9.328803164444627
0.0794281836718962 | [0.77] | 9.160216386492175
0.11582471434704623 | [-4.35] | 9.181291237111477
0.14333817804541377 | [1.52] | 8.925362771823382
0.1728243659313618 | [-6.7] | -1.242504035263491
Total reward: 44.568124668471974
-1.5, 3.1, -2.5, -3.2, 2.4, 0.8, 4.0, 1.9, 2.1, 1.0
parameter ends

state | action | reward
[-0.09] | [-0.37] | 9.339376505280125
-0.10468723060935602 | [1.84] | 9.285777257389286
-0.08640100991544003 | [-3.69] | 9.34587509881587
-0.06723544064126578 | [1.3] | 9.241387513363408
-0.0466079724737328 | [-4.45] | 9.327246143741565
-0.02359032395419613 | [0.6] | 9.209274135658232
-0.01850676191636917 | [-3.37] | 9.224824942900922
-0.03025557357991765 | [2.55] | 8.99807792938248
-0.03930032637469601 | [-5.16] | 8.860286934302533
-0.04569992944681742 | [1.53] | -1.4474012499846716
Total reward: 81.38472521084977
-1.5, 3.1, -2.5, -3.2, 2.4, 0.8, 4.0, 1.9, 2.1, 1.0
parameter ends

state | action | reward
[-0.09] | [0.23] | 9.336531630147244
-0.0765388018685974 | [-0.8] | 9.309728568814199
-0.09101976313953698 | [3.95] | 9.286856252336177
-0.09533582749004782 | [-0.8] | 9.326656252965625
-0.09010744923209756 | [3.66] | 9.179298551511442
-0.07499259740740019 | [-1.43] | 9.2760816097455
-0.059859403483202296 | [4.18] | 9.004584415286116
-0.044156553130875145 | [-1.58] | 9.038337968668342
-0.02743072144258768 | [4.74] | -1.3720042034728157
Total reward: 72.38607104600185
