-1.9, 4.4, -1.8, 0.2, -1.3, -4.9, -2.3, -5.4, 0.7, 5.3, -3.0, -2.4, 0.7, 6.0, -0.5, 0.3, -0.5, 0.7
parameter ends

state | action | reward
[-0.01] | [-0.63  1.23] | -0.08266281543006539
0.023805931006442224 | [ -8.63 -24.26] | -0.11902220192675239
0.085849805645193 | [ -9.93 -29.29] | -0.04072980592894308
0.1637876921520341 | [-10.77 -32.39] | 0.0960849383379908
0.25112028735116204 | [-11.06 -33.31] | 0.2566091615781766
0.3427962874741663 | [-11.   -32.74] | 0.4109315290535076
0.4355830228437446 | [-10.75 -31.28] | 0.5457662484648952
0.527665976189953 | [-10.43 -29.4 ] | 0.6589471454980506
0.618162889695744 | [-10.09 -27.36] | 0.7529287429461171
0.7067374139992436 | [ -9.76 -25.33] | 0.8308491319171214
0.7933152465627584 | [ -9.45 -23.32] | 0.8950746721951527
0.8779192480842007 | [ -9.14 -21.35] | 0.9469694028158346
0.9605952311363798 | [ -8.83 -19.38] | 0.9871844114810175
1.0413841183339807 | [ -8.52 -17.42] | 1.016019266788078
1.1203156863509676 | [ -8.2  -15.44] | 1.0336997025213353
1.197411405676569 | [ -7.88 -13.45] | 1.040550062292998
1.2726904473234368 | [ -7.54 -11.46] | 1.0370803437942078
1.3461762344787862 | [-7.19 -9.47] | 1.0240135893601834
1.41790252845795 | [-6.84 -7.51] | 1.0022748390338023
1.4879187978376016 | [-6.49 -5.58] | 0.9729568632315958
1.5562949628029703 | [-6.14 -3.71] | 0.9372731168314024
1.6231257616820527 | [-5.8 -1.9] | 0.8965051699471613
1.6885350760031952 | [-5.47 -0.17] | 0.9527127639649251
1.7557277075805124 | [-6.7  -2.37] | 0.9847972199335445
1.824323722705509 | [-6.16 -0.35] | 0.9828831329389293
1.8933205327009623 | [-6.73 -1.01] | 0.5085587423189631
1.9367696148058333 | [ 0.7  17.34] | 0.07462725987657251
1.9513434175222626 | [ 0.27 16.91] | 0.19345072777746183
1.9578642915140843 | [-0.13 15.97] | 0.23141616243149257
1.9603619716175988 | [-0.2  15.51] | 0.2240327146983289
1.9567986299416824 | [-1.43e-04  1.54e+01] | 0.18926503536546083
1.9464395083483506 | [ 0.3  15.22] | 0.13501373500882619
1.9292418888752014 | [ 0.68 15.1 ] | 0.05867825427577153
1.9052361575731298 | [ 1.14 15.09] | -0.09090041777091984
1.8718075159526457 | [ 2.48 17.2 ] | -0.29099407679474637
1.828242867098125 | [ 3.48 18.63] | -0.466175799515886
1.7772460791596907 | [ 4.26 19.63] | -0.6279559120289647
1.7204884497820938 | [ 4.91 20.47] | -0.7877734538202297
1.658753425468462 | [ 5.55 21.34] | -0.9545773067385136
1.592180105530765 | [ 6.24 22.44] | -1.132466918341164
1.520536644640403 | [ 7.02 23.86] | -1.319460437385271
1.4434760883954219 | [ 7.89 25.64] | -1.5072963361158214
1.360754955965249 | [ 8.82 27.75] | -1.6825181069645943
1.2723917949826211 | [ 9.76 30.04] | -1.8295993339769634
1.1787238614746411 | [10.63 32.37] | -1.934943691295312
1.080354844662244 | [11.39 34.57] | -1.989841562473497
0.9780352278096871 | [12.   36.51] | -1.9913499144196782
0.8725341175501754 | [12.44 38.13] | -1.941447033320627
0.7645416410539201 | [12.73 39.4 ] | -1.8454146723424678
0.6546127872601873 | [12.89 40.36] | -1.7102109737391977
0.5431477321986106 | [12.93 41.03] | -1.543220653962169
0.43040145715578726 | [12.88 41.45] | -1.351741801403669
0.3165463877710244 | [12.75 41.61] | -1.142945736977618
0.201815179982068 | [12.53 41.45] | -0.9240693341786999
0.08661280426667103 | [12.2  40.86] | -0.7031506316061811
-0.028437626151776942 | [11.76 39.79] | -0.48897443704750887
-0.14253138174700575 | [11.2  38.21] | -0.2900514118261396
-0.2547891199257854 | [10.54 36.2 ] | -0.11316655073203954
-0.3643785898531517 | [ 9.82 33.88] | 0.037553137142192355
-0.47059148323068956 | [ 9.07 31.37] | 0.1605902932896506
-0.5728597476411956 | [ 8.31 28.79] | 0.25638858727170954
-0.6707397929598932 | [ 7.56 26.22] | 0.3267336015554588
-0.7638986273157334 | [ 6.83 23.71] | 0.37441820456564273
-0.8521150822408899 | [ 6.13 21.29] | 0.40307768699559154
-0.9352914454909417 | [ 5.46 18.96] | 0.417020741113725
-1.0134663645255133 | [ 4.82 16.74] | 0.420991030749692
-1.086822986605322 | [ 4.21 14.61] | 0.41988701153973595
-1.1556902805577096 | [ 3.64 12.59] | 0.418495978108605
-1.2205380301033293 | [ 3.11 10.65] | 0.42128695786492315
-1.2819672884547544 | [2.61 8.79] | 0.4322844983220777
-1.340698719679721 | [2.14 6.99] | 0.5200378937005953
-1.4001302216861677 | [1.52 4.63] | -0.5214978964454429
-1.3844116455675586 | [ -4.29 -12.32] | -0.9186093546454357
-1.3400341137646468 | [ -5.05 -14.81] | -1.0274272177337922
-1.2849440865275066 | [ -5.58 -16.72] | -1.0647527187903139
-1.2236803104336498 | [ -5.9  -17.99] | -1.0497361984915092
-1.1596531027020685 | [ -6.08 -18.75] | -1.0042015268283113
-1.0949204952317495 | [ -6.19 -19.16] | -0.9440634968425661
-1.0304911176250404 | [ -6.26 -19.38] | -0.8787331492957222
-0.9666882662668514 | [ -6.33 -19.53] | -0.8128824433345885
-0.9034181774168044 | [ -6.42 -19.69] | -0.7483374347117993
-0.8403323821237871 | [ -6.55 -19.94] | -0.6857260168243791
-0.776926067743457 | [ -6.72 -20.31] | -0.6250305265401431
-0.7126020538924618 | [ -6.94 -20.84] | -0.5658526652149549
-0.6467192344215071 | [ -7.22 -21.54] | -0.507585387012689
-0.5786392860727363 | [ -7.56 -22.39] | -0.44917282183860485
-0.5077700439482481 | [ -7.95 -23.39] | -0.38900159565961895
-0.4336078860237279 | [ -8.4  -24.52] | -0.32492021374913915
-0.35577870189546684 | [ -8.89 -25.76] | -0.25444388513471866
-0.2740744170335419 | [ -9.41 -27.05] | -0.1751754986506677
-0.188479771775485 | [ -9.97 -28.36] | -0.08537998698827746
-0.09918242223122864 | [-10.52 -29.61] | 0.015453072494244185
-0.006560290878901032 | [-11.06 -30.73] | 0.1262725779325815
0.08885540737487015 | [-11.56 -31.66] | 0.24451070361214805
0.1864360616935095 | [-11.99 -32.33] | 0.366513580791618
0.28551900391927615 | [-12.35 -32.7 ] | 0.4883128235426376
0.38546743170387154 | [-12.62 -32.77] | 0.6065527783941822
0.48571666360205357 | [-12.81 -32.56] | 0.7183669468149151
0.5857768141518643 | [-12.92 -32.08] | 0.8212934072363757
0.6852171106036855 | [-12.95 -31.36] | 0.913340134159409
0.7836538673918176 | [-12.91 -30.42] | 0.9929661381292088
0.8807400660874944 | [-12.79 -29.28] | 1.0590661587030807
0.976158733046798 | [-12.61 -27.97] | 1.1109418444419863
1.0696204032294794 | [-12.36 -26.49] | 1.1483327830020702
1.1608642184731242 | [-12.05 -24.88] | 1.1714552238024414
1.2496620359720516 | [-11.69 -23.15] | 1.1809760045914843
1.3358241084190974 | [-11.28 -21.34] | 1.177955400003635
1.419205122579245 | [-10.84 -19.46] | 1.163764372068564
1.499709703048112 | [-10.37 -17.54] | 1.1399837077769195
1.5772967615413784 | [ -9.88 -15.6 ] | 1.1082954258233035
1.6519823097006223 | [ -9.38 -13.66] | 1.0703770506203094
1.7238405700627522 | [ -8.88 -11.73] | 1.0278076116777288
1.7930034267243133 | [-8.39 -9.84] | 0.9819913325179769
1.8596584543577153 | [-7.91 -7.99] | 0.9341016521646593
1.9240459425448273 | [-7.45 -6.18] | 0.885045057716675
1.9864554813495736 | [-7.01 -4.44] | 0.8354415866236986
2.0472227899265465 | [-6.61 -2.75] | 0.7856169329747613
2.1067275618516104 | [-6.23 -1.11] | 0.7355997626626639
2.1653931940933826 | [-5.89  0.47] | 0.22146278733824679
2.1906264895846017 | [ 2.1  19.18] | -0.3215054395127679
2.1780821793021383 | [ 3.76 23.29] | -0.4985260713281133
2.1485430204969918 | [ 5.3 27.1] | -0.664910995393117
2.1047966818339914 | [ 6.5  30.26] | -0.7972991699305831
2.051168806470851 | [ 7.27 32.56] | -0.8910200028711347
1.991691527160171 | [ 7.72 34.13] | -0.955376705404725
1.9291760324897484 | [ 7.99 35.21] | -1.0031310105068743
1.865198991548574 | [ 8.18 36.09] | -1.045755727962929
1.800401175602582 | [ 8.37 36.97] | -1.091820448121755
1.7347937107172382 | [ 8.62 37.98] | -1.1472905975800374
1.6679774377842338 | [ 8.95 39.24] | -1.2153365970624623
1.59930565976462 | [ 9.38 40.77] | -1.295088714915886
1.5280450658744797 | [ 9.89 42.55] | -1.3822684184160172
1.4535047948228697 | [10.45 44.49] | -1.469527532906345
1.3751512121400324 | [11.01 46.46] | -1.5469220650918176
1.2927047790010835 | [11.53 48.28] | -1.6032388389057055
1.206196261445771 | [11.93 49.77] | -1.628016685249726
1.115964599183585 | [12.17 50.76] | -1.6137261443123228
1.0225944922420305 | [12.21 51.12] | -1.557266809993103
0.9268140814587436 | [12.05 50.82] | -1.4602063797886202
0.8293864509368235 | [11.71 49.87] | -1.3278229767246055
0.7310246750144426 | [11.21 48.34] | -1.167545191228359
0.6323443728643945 | [10.58 46.3 ] | -0.9874697148063666
0.5338509702702567 | [ 9.87 43.86] | -0.7953670696269144
0.43594971966319734 | [ 9.09 41.12] | -0.5982284425882688
0.3389643452713616 | [ 8.28 38.14] | -0.40270146227231257
0.24312924325196508 | [ 7.46 35.06] | -0.2147817192722853
0.14859065144372585 | [ 6.67 31.95] | -0.038485105218766275
0.055441443262180076 | [ 5.91 28.89] | 0.12394677792131738
-0.03625730362181098 | [ 5.2 25.9] | 0.27157255128151925
-0.12646163119579776 | [ 4.54 23.01] | 0.4042222217979168
-0.215131060810747 | [ 3.92 20.21] | 0.5219919328566582
-0.30221726692762746 | [ 3.35 17.49] | 0.6249214563109994
-0.3876584174315881 | [ 2.82 14.87] | 0.7129206720336296
-0.47138030196146186 | [ 2.32 12.32] | 0.7858780729008827
-0.5533025180666904 | [1.86 9.87] | 0.8438322831344447
-0.6333469467747828 | [1.43 7.53] | 0.8871175599607907
-0.7114463588209319 | [1.04 5.3 ] | 0.9164467413285169
-0.7875520611073847 | [0.7 3.2] | 0.8889998664529879
-0.8577288435493415 | [-0.34 -1.03] | 0.821801031316288
-0.9166864593057263 | [-0.54 -2.75] | 0.7554185853395757
-0.9635379144538998 | [-0.96 -4.74] | 0.6154480377889601
-0.9944136273516356 | [-2.15 -8.89] | 0.40988628673453537
-1.0059389759031823 | [ -3.23 -12.5 ] | 0.20416970670914947
-0.9996147837694237 | [ -4.15 -15.43] | 0.02123523360938254
-0.9781832058305646 | [ -4.89 -17.68] | -0.1207806639933893
-0.9450000795934524 | [ -5.47 -19.37] | -0.22032329968307304
-0.9029409731371912 | [ -5.94 -20.71] | -0.28607536763668334
-0.8539273463201855 | [ -6.36 -21.89] | -0.3282697353909608
-0.7990059460806638 | [ -6.76 -23.04] | -0.35427958904903895
-0.7386280709249969 | [ -7.17 -24.22] | -0.3679021086066894
-0.6729299973140299 | [ -7.61 -25.47] | -0.37001004278019844
-0.6019487134207565 | [ -8.08 -26.77] | -0.3594843416300242
-0.5257706664727644 | [ -8.58 -28.1 ] | -0.3342512566822051
-0.44462178158300253 | [ -9.08 -29.41] | -0.2922874229633947
-0.3589086532635544 | [ -9.58 -30.62] | -0.2325151586191333
-0.2692168247017259 | [-10.05 -31.67] | -0.15544927014853654
-0.17627123059333777 | [-10.48 -32.48] | -0.06334813414955598
-0.08087184630825858 | [-10.84 -33.01] | 0.0401106173914708
0.01618009063489469 | [-11.13 -33.22] | 0.15048267627831385
0.11414804081627568 | [-11.34 -33.13] | 0.26328874719157813
0.2124037867455128 | [-11.47 -32.74] | 0.3745898375768667
0.3104425122396764 | [-11.54 -32.11] | 0.48140383707897816
0.4078728812798639 | [-11.54 -31.27] | 0.5815513427258006
0.5043857735044628 | [-11.49 -30.26] | 0.6732849697950147
0.5997187539166806 | [-11.4  -29.11] | 0.7552215047926747
0.6936347702298942 | [-11.25 -27.82] | 0.8263013685374274
0.7859135244793556 | [-11.06 -26.41] | 0.8857936826577881
0.8763504556870028 | [-10.83 -24.9 ] | 0.9333154362267363
0.9647596573580068 | [-10.56 -23.29] | 0.9688425530567596
1.0509784734522374 | [-10.24 -21.61] | 0.992702131419074
1.1348725033225808 | [ -9.9  -19.87] | 1.005543003787089
1.216340327182982 | [ -9.53 -18.08] | 1.0082867328523348
1.2953175769870433 | [ -9.14 -16.27] | 1.0020640682167548
1.3717801478787153 | [ -8.73 -14.46] | 0.9881432913526602
1.4457464558334059 | [ -8.32 -12.65] | 0.9678571098236567
1.5172787430688408 | [ -7.91 -10.86] | 0.9425340742615786
1.5864835326385742 | [-7.5 -9.1] | 0.9134391329758774
1.653511439762199 | [-7.1 -7.4] | 0.8817261861708533
1.7185566557351268 | [-6.72 -5.74] | 0.848403635474795
1.7818565272348013 | [-6.36 -4.15] | 0.8143121807903755
1.8436917621290119 | [-6.02 -2.61] | 0.7801126352987299
1.9043879153421988 | [-5.72 -1.14] | 0.7462803157469488
1.9643189722077299 | [-5.44  0.26] | 0.3532730685834794
1.9994047420059495 | [ 1.76 17.9 ] | -0.15387243633664904
1.9944997193273644 | [ 2.38 19.75] | -0.27149519615947904
1.9723470411932411 | [ 4.04 23.72] | -0.456135094126874
1.9356367911666055 | [ 5.3  26.72] | -0.596456486212208
1.8887334038418913 | [ 6.13 28.68] | -0.6924065389075291
1.8356018725685408 | [ 6.62 29.83] | -0.7542860945423863
1.7790565179866473 | [ 6.9  30.47] | -0.7945208871155166
1.7207721559153522 | [ 7.05 30.84] | -0.8234911975947515
1.6615725392623384 | [ 7.16 31.11] | -0.8487738334156175
1.601711268909072 | [ 7.28 31.43] | -0.8757621568591117
1.5410637216066556 | [ 7.43 31.88] | -0.9079082790933705
1.4792555975688273 | [ 7.64 32.51] | -0.9463926113984686
1.4157724365400404 | [ 7.9  33.32] | -0.9906230631645704
1.3500450106696078 | [ 8.23 34.31] | -1.0384624955584258
1.2815234722068414 | [ 8.6  35.43] | -1.0864102035717789
1.2097433978032013 | [ 8.99 36.6 ] | -1.1299153353027243
1.134380449593542 | [ 9.38 37.76] | -1.1638379511400956
1.0552892243250058 | [ 9.73 38.81] | -1.1830365784644379
0.9725225507554084 | [10.02 39.65] | -1.18303040960571
0.8863288443803822 | [10.23 40.22] | -1.1606477568817395
0.79712683871124 | [10.33 40.44] | -1.114531143615727
0.705459692439335 | [10.32 40.29] | -1.0453506628054274
0.6119346734303975 | [10.2  39.76] | -0.9556243971628064
0.517159414158135 | [ 9.98 38.89] | -0.8491730515145857
0.4216883139101044 | [ 9.67 37.72] | -0.7303896602870934
0.32599014418801775 | [ 9.3  36.31] | -0.6035805585888495
0.23044025426660966 | [ 8.89 34.71] | -0.4726410122105824
0.13533314776192873 | [ 8.43 32.98] | -0.34102956355830055
0.04090871716345308 | [ 7.96 31.13] | -0.2114862100535522
-0.05261939942853993 | [ 7.47 29.2 ] | -0.08626881373273167
-0.14504763693361283 | [ 6.97 27.21] | 0.0326441278126319
-0.23617821939972822 | [ 6.47 25.16] | 0.1435480429979701
-0.3258208700860135 | [ 5.96 23.08] | 0.24505498245069812
-0.4137969856621185 | [ 5.46 20.98] | 0.3361405513155902
-0.49994449479222447 | [ 4.97 18.89] | 0.4161748258712922
-0.5841225970678585 | [ 4.49 16.82] | 0.4849299961216987
-0.6662160399790134 | [ 4.02 14.78] | 0.5425644032895311
-0.7461387849420656 | [ 3.58 12.79] | 0.5895862162934565
-0.8238369926438801 | [ 3.16 10.86] | 0.626801835635964
-0.8992913025243461 | [2.76 9.01] | 0.655254972861342
-0.9725184259790962 | [2.38 7.22] | 0.6761625223129009
-1.0435721294047295 | [2.03 5.52] | 0.6908529517878121
-1.1125437520609596 | [1.7 3.9] | 0.7007121121440346
-1.1795624814188834 | [1.4  2.36] | 0.7071402693679038
-1.244795692261664 | [1.12 0.9 ] | 0.7221982072687914
-1.308876489061361 | [ 0.96 -0.18] | 0.8410016869932306
-1.375912092977121 | [1.74 1.46] | 0.926222689310826
-1.4448960829617723 | [ 1.32 -0.15] | 0.9233175121278482
-1.510966639224778 | [-1.04 -7.16] | -0.08358250776370382
-1.511966008726127 | [ -3.87 -15.29] | -0.4015272129882493
-1.490577102235209 | [ -4.72 -17.8 ] | -0.5956624696969077
-1.4540511341197964 | [ -5.36 -19.87] | -0.7287988038394995
-1.406673339639481 | [ -5.79 -21.38] | -0.8017677614943614
-1.3525328766170364 | [ -6.06 -22.42] | -0.8287719003322522
-1.2946136123237335 | [ -6.25 -23.15] | -0.8260169038880876
-1.2347112099891597 | [ -6.4  -23.74] | -0.8063022853015699
-1.173695526154276 | [ -6.55 -24.32] | -0.7781623080176505
-1.111800456806673 | [ -6.74 -25.01] | -0.7467772998365829
-1.0488365061030591 | [ -6.97 -25.86] | -0.7148923450260563
-0.9843397790635193 | [ -7.27 -26.92] | -0.6831824313128041
-0.9177083383963721 | [ -7.63 -28.18] | -0.650587394848122
-0.8483130173538834 | [ -8.06 -29.62] | -0.6145711150097088
-0.7755970628144899 | [ -8.52 -31.19] | -0.571519632502721
-0.6991648777121424 | [ -9.02 -32.8 ] | -0.5174139496651866
-0.6188482089845755 | [ -9.52 -34.36] | -0.44870050150148105
-0.5347381320993955 | [-10.01 -35.75] | -0.36318804010195077
-0.4471752601703778 | [-10.44 -36.87] | -0.26069527251991087
-0.3566996631457319 | [-10.8  -37.63] | -0.14321176867804297
-0.2639725453751742 | [-11.08 -37.98] | -0.014502498918147477
-0.1696890199964624 | [-11.27 -37.92] | 0.12069717954631853
-0.07450164383622049 | [-11.38 -37.48] | 0.2576083161709445
0.021032090137557313 | [-11.41 -36.7 ] | 0.3921294729143934
0.11647314945553311 | [-11.39 -35.65] | 0.5210282076295223
0.21149256463184163 | [-11.33 -34.4 ] | 0.6419519389517238
0.3058532772490745 | [-11.22 -32.98] | 0.7532983299108083
0.39939329358735126 | [-11.09 -31.45] | 0.854036311878863
0.49199132828970604 | [-10.94 -29.83] | 0.9434607696476381
0.5835407414752065 | [-10.76 -28.12] | 1.0209876815691894
0.6739354504607278 | [-10.56 -26.34] | 1.0860789015738517
0.7630641338374966 | [-10.33 -24.49] | 1.1382647326644986
0.8508098837881592 | [-10.07 -22.58] | 1.1772200736896161
0.9370531486294269 | [ -9.78 -20.6 ] | 1.2028498655279747
1.0216757968707695 | [ -9.47 -18.58] | 1.2153546287028907
1.1045658946913397 | [ -9.13 -16.53] | 1.2152561550277254
1.1856239472935262 | [ -8.78 -14.46] | 1.2033922712399152
1.2647684378363138 | [ -8.4 -12.4] | 1.180884810068278
1.3419403611575464 | [ -8.02 -10.37] | 1.1490847451575568
1.417106922377126 | [-7.63 -8.38] | 1.1095031693735056
1.4902645343053238 | [-7.25 -6.45] | 1.0637358522008207
1.561441236140661 | [-6.87 -4.61] | 1.0133882054566021
1.6306986818186682 | [-6.5  -2.86] | 0.9600064557281106
1.698133908728408 | [-6.14 -1.21] | 0.9050194033052309
1.7638811893192687 | [-5.81  0.33] | 1.0287993577569878
1.833483310540649 | [-8.07 -4.42] | 1.1099993398613026
1.9060559617537471 | [-7.35 -2.27] | 1.010076127361092
1.9761996975762601 | [-6.72 -0.23] | 0.9986924676842751
2.046543306452011 | [-7.36 -1.14] | 0.5304659862123062
2.0797155248565944 | [ 0.71 18.14] | 0.038097184555500166
2.0733856349149598 | [ 1.66 20.37] | -0.10320048406409463
2.0533066317016697 | [ 3.21 23.82] | -0.2830765328293434
2.019548343130829 | [ 4.37 26.29] | -0.4251820440975945
1.9762748016346432 | [ 5.16 27.87] | -0.5314178424985467
1.92698523635553 | [ 5.66 28.81] | -0.610568126775162
1.8740877052659766 | [ 5.99 29.37] | -0.6724098254556309
1.8190149366387975 | [ 6.22 29.75] | -0.7252242830596386
1.762485867956402 | [ 6.41 30.08] | -0.7755063386293647
1.7047293176728928 | [ 6.6  30.47] | -0.8281950771629092
1.6456357451701202 | [ 6.83 30.98] | -0.8861565914362886
1.5848749361836547 | [ 7.1  31.66] | -0.950391997212799
1.5219898618647019 | [ 7.43 32.5 ] | -1.0203735041837436
1.4564736573486214 | [ 7.82 33.5 ] | -1.0941492775277495
1.3878380097137508 | [ 8.24 34.63] | -1.1684906109503317
1.315673380749652 | [ 8.69 35.82] | -1.239121762652541
1.2396986583655254 | [ 9.14 37.01] | -1.301038380936732
1.159797592563805 | [ 9.58 38.15] | -1.3489258555156431
1.076039615834022 | [ 9.96 39.13] | -1.377705186362733
0.9886823329768075 | [10.26 39.9 ] | -1.3831911125002723
0.8981532579821244 | [10.47 40.39] | -1.362765097538151
0.805010489511053 | [10.57 40.53] | -1.3158792504151204
0.709886683529928 | [10.55 40.32] | -1.24419072038818
0.6134265325479368 | [10.42 39.76] | -1.151232837618919
0.5162315201227388 | [10.19 38.87] | -1.0417184649711297
0.41882409220270694 | [ 9.87 37.71] | -0.9206877051340108
0.32163510423847824 | [ 9.49 36.33] | -0.7926346010337656
0.22501221190644094 | [ 9.07 34.78] | -0.6613016604959082
0.12924584735489952 | [ 8.61 33.09] | -0.5299178170027504
0.03459358053616537 | [ 8.12 31.29] | -0.4012148119299088
-0.058705881122437784 | [ 7.61 29.41] | -0.27750094689503163
-0.15042816228284164 | [ 7.1  27.46] | -0.16069788644801947
-0.24036425765321573 | [ 6.57 25.47] | -0.05232835354100383
-0.3283243015831604 | [ 6.05 23.44] | 0.0465100833866926
-0.41414240878190034 | [ 5.53 21.41] | 0.13516321787170577
-0.4976816576494804 | [ 5.02 19.39] | 0.21341929443683189
-0.5788386905888022 | [ 4.52 17.38] | 0.28148544208532084
-0.6575476205315114 | [ 4.04 15.41] | 0.33994305083225923
-0.7337830597750759 | [ 3.57 13.49] | 0.38968700340039436
-0.8075621840049938 | [ 3.13 11.61] | 0.43185551207108863
-0.8789458388999704 | [2.7 9.8] | 0.46775790146051693
-0.948038797763437 | [2.3  8.05] | 0.4988072590647048
-1.0149893845343954 | [1.92 6.36] | 0.5264637475250785
-1.0799887821297196 | [1.56 4.74] | 0.5521928953055287
-1.143270448219837 | [1.23 3.18] | 0.5774417366540271
-1.205110162461582 | [0.92 1.68] | 0.5899019267359371
-1.2649339438181266 | [ 0.49 -0.17] | 0.6079835014590572
-1.3216925752624435 | [ 0.51 -0.73] | 0.2844963431454097
-1.3521314680943808 | [ -3.27 -11.98] | -0.27329541412938785
-1.3436298734973755 | [ -4.25 -15.02] | -0.4948081133905579
-1.3177018095303126 | [ -5.1  -17.67] | -0.6662981376274264
-1.277604675185357 | [ -5.75 -19.79] | -0.7706497394339558
-1.2277501063375709 | [ -6.19 -21.3 ] | -0.8147468358328945
-1.1720478416646904 | [ -6.48 -22.33] | -0.815560512907104
-1.1132097066139408 | [ -6.69 -23.06] | -0.789443122982466
-1.0527902330732968 | [ -6.88 -23.68] | -0.7480925230520418
-0.9914839736383556 | [ -7.07 -24.31] | -0.6986595025796125
-0.9294072430673863 | [ -7.3  -25.05] | -0.6451112024736785
-0.8662936699922128 | [ -7.59 -25.99] | -0.5893408612601512
-0.8016366414202122 | [ -7.94 -27.14] | -0.5317165134305212
-0.7348182449755127 | [ -8.36 -28.49] | -0.4713216914203208
-0.6652126900598876 | [ -8.84 -30.03] | -0.40619856465465415
-0.5922809358091728 | [ -9.37 -31.67] | -0.3337572047274131
-0.5156529003221303 | [ -9.92 -33.34] | -0.2513617513990005
-0.43518672327860153 | [-10.47 -34.92] | -0.15704447716839148
-0.3509945003665249 | [-10.98 -36.29] | -0.0501723652611934
-0.2634284051532307 | [-11.43 -37.35] | 0.06816104911642959
-0.17302954423798836 | [-11.8  -38.03] | 0.1951853687224751
-0.08045122021458351 | [-12.07 -38.26] | 0.32695325134439396
0.013625393376580558 | [-12.25 -38.07] | 0.45912213928477874
0.10856485766847605 | [-12.33 -37.48] | 0.5877507890971866
0.2038277401869625 | [-12.34 -36.55] | 0.7098299249892004
0.29899253160889533 | [-12.28 -35.37] | 0.8232220869943577
0.39374658708213817 | [-12.18 -33.98] | 0.9265384181484188
0.4878671681956244 | [-12.04 -32.44] | 1.0189464770532772
0.5811977048480278 | [-11.87 -30.8 ] | 1.0998954625013742
0.6736139211679472 | [-11.67 -29.06] | 1.1689278128083567
0.7650014006867709 | [-11.45 -27.25] | 1.2255959731580133
0.8552443377139305 | [-11.2  -25.36] | 1.2694843388696677
0.9442218918304488 | [-10.92 -23.4 ] | 1.3002883810069847
1.0318092285182259 | [-10.61 -21.39] | 1.317900158941426
1.1178803588846946 | [-10.28 -19.32] | 1.3224793748600405
1.202312080028956 | [ -9.92 -17.22] | 1.3144991625568085
1.284990374506238 | [ -9.54 -15.1 ] | 1.294745955213488
1.3658163247941908 | [ -9.14 -12.98] | 1.2642894245381897
1.4447109737713473 | [ -8.73 -10.88] | 1.224428699632905
1.5216193132524658 | [-8.32 -8.82] | 1.1766237946492712
1.5965135430341155 | [-7.9  -6.82] | 1.1224198982327598
1.6693957122452108 | [-7.49 -4.89] | 1.0633710035890438
1.7402998539860028 | [-7.09 -3.05] | 1.0009683153042013
1.8092937596400107 | [-6.7 -1.3] | 0.9365776370266818
1.8764806073173799 | [-6.33  0.34] | 1.0654342920613622
1.9477721141622222 | [-8.69 -4.5 ] | 1.1426853606103458
2.0220681826186087 | [-7.88 -2.13] | 1.023346027325189
2.0935202607220025 | [-7.17  0.09] | 1.0383810549429207
2.166001708996222 | [-8.32 -1.94] | 0.815949605163009
2.2262458431795045 | [-0.88 15.34] | 0.03765736768308384
2.238827905222227 | [ 0.51 18.94] | 0.08849358899994028
2.241010999727222 | [ 0.31 18.72] | 0.15204526521992043
2.2385264171911845 | [-0.22 17.45] | 0.28682913452492886
2.2368468994428516 | [-0.52 16.37] | 0.23625331003143749
2.2253598132271555 | [-0.14 16.53] | 0.2136225662321516
2.207294938400147 | [ 0.08 16.13] | 0.17789208299325657
2.1831656012377225 | [ 0.37 15.76] | 0.11572376704238149
2.152956943481373 | [ 0.75 15.51] | 0.026746047721804174
2.116731508667819 | [ 1.19 15.4 ] | -0.1250629784428101
2.0725939218845317 | [ 2.31 16.88] | -0.325507094501384
2.019958047132435 | [ 3.22 18.02] | -0.5229161750962666
1.960518028179104 | [ 4.04 19.06] | -0.7271411066660277
1.8950745510173843 | [ 4.87 20.23] | -0.9446652090719332
1.8238321830589999 | [ 5.76 21.67] | -1.1759183073934707
1.7467298849771882 | [ 6.73 23.46] | -1.4146735040919223
1.6637150618642809 | [ 7.78 25.6 ] | -1.6486173269831066
1.5749382631996358 | [ 8.84 27.99] | -1.8620448143314465
1.4808317555014785 | [ 9.85 30.49] | -2.039917628542207
1.382067251034482 | [10.77 32.95] | -2.1712612667121474
1.2794400662692547 | [11.54 35.24] | -2.2505821453751707
1.1737439790219306 | [12.15 37.27] | -2.2774621860701023
1.06567746008573 | [12.62 39.03] | -2.255224225859205
0.9557906334715873 | [12.94 40.5 ] | -2.1894233989831964
0.8444660563633788 | [13.15 41.73] | -2.0865447999938747
0.7319246443175139 | [13.27 42.74] | -1.9530450314153396
0.6182654557631294 | [13.31 43.55] | -1.7945148065810803
0.5035935114932115 | [13.26 44.07] | -1.6154442811426892
0.3881624738600591 | [13.1  44.19] | -1.4205407869611772
0.2724620948717675 | [12.81 43.79] | -1.2158781740827411
0.15722646808540586 | [12.36 42.8 ] | -1.0092207149880308
0.04334847750682498 | [11.77 41.21] | -0.8091427549072103
-0.0682606777607412 | [11.06 39.14] | -0.6234088807892516
-0.17679171649276035 | [10.28 36.73] | -0.45766090500797585
-0.281587593129502 | [ 9.46 34.14] | -0.31503491268440953
-0.38213530821036057 | [ 8.63 31.46] | -0.19646860716100772
-0.47804265417314157 | [ 7.81 28.79] | -0.10115177914688518
-0.5690293463554339 | [ 7.01 26.17] | -0.02685939910494335
-0.6549352458871709 | [ 6.24 23.62] | 0.029792621040580412
-0.7357354865057796 | [ 5.5  21.17] | 0.07307374652847407
-0.8115531298352078 | [ 4.8  18.82] | 0.10782368384942964
-0.8826649839389131 | [ 4.13 16.57] | 0.1391320428232819
-0.9495000910832122 | [ 3.51 14.43] | 0.22889533441279547
-1.0158799717593656 | [ 3.76 14.82] | 0.30901845167375835
-1.0819190799402763 | [ 3.2  12.84] | 0.3544825209620826
-1.1453308365950277 | [1.64 7.8 ] | -0.6055160613622985
-1.1293501580895606 | [ -4.91 -12.12] | -0.9535637329922575
-1.08403319302986 | [ -5.74 -14.88] | -1.0385232430247684
-1.0282597140759944 | [ -6.31 -16.96] | -1.0526793685946414
-0.9665231740808177 | [ -6.66 -18.33] | -1.01612918673955
-0.9021807431856779 | [ -6.87 -19.13] | -0.9508899405841498
-0.8372387718580968 | [ -7.   -19.56] | -0.8722465138141288
-0.7726681785819531 | [ -7.1  -19.77] | -0.7886861069557479
-0.7087684261892412 | [ -7.19 -19.91] | -0.7039123314473549
-0.6454322889395591 | [ -7.31 -20.07] | -0.6188650578950579
-0.5823050369235986 | [ -7.47 -20.32] | -0.5336006173552907
-0.5188802315883111 | [ -7.68 -20.71] | -0.4477972622227583
-0.45456127322607937 | [ -7.95 -21.27] | -0.3609836150754267
-0.3887075521475926 | [ -8.28 -22.  ] | -0.272792056638359
-0.3206795841945463 | [ -8.67 -22.91] | -0.1826283573406819
-0.2498815334912282 | [ -9.12 -23.97] | -0.0895213099362599
-0.17580316638513907 | [ -9.63 -25.16] | 0.007848780564017915
-0.09806106649302462 | [-10.18 -26.45] | 0.11092831181446142
-0.016436027782211114 | [-10.77 -27.8 ] | 0.22087321110335315
0.06909887109465285 | [-11.38 -29.13] | 0.33803512670753516
0.15836673460621484 | [-11.98 -30.39] | 0.4615356292343741
0.2509982194133859 | [-12.55 -31.47] | 0.5891235183655886
0.3464675716087641 | [-13.06 -32.32] | 0.7174141612141712
0.444148017355444 | [-13.49 -32.88] | 0.8424486524302695
0.5433750817452119 | [-13.83 -33.1 ] | 0.960515229474301
0.6435074559266467 | [-14.07 -32.99] | 1.0689527378656805
0.7439742245782337 | [-14.22 -32.57] | 1.1656962171328213
0.8442777672005184 | [-14.27 -31.88] | 1.2490911173403354
0.9439786407297505 | [-14.24 -30.94] | 1.3179698952724495
1.0426845577631934 | [-14.12 -29.78] | 1.3716052246858204
1.1400405610815045 | [-13.93 -28.42] | 1.4096787035344591
1.2357226041925409 | [-13.67 -26.89] | 1.4322506984296242
1.329435112782174 | [-13.35 -25.22] | 1.4397543989399209
1.4209119929535234 | [-12.96 -23.43] | 1.4330140488736232
1.5099206341399651 | [-12.53 -21.55] | 1.4132071296968813
1.5962675768076071 | [-12.06 -19.61] | 1.381793317593064
1.679804606049548 | [-11.56 -17.62] | 1.340421596764769
1.7604343419597825 | [-11.03 -15.61] | 1.2908251499958023
1.838114671608719 | [-10.49 -13.6 ] | 1.2347154480977252
1.912861613755531 | [ -9.95 -11.6 ] | 1.1736858827532721
1.9847504343478846 | [-9.4  -9.63] | 1.109132388334537
2.0539150472185277 | [-8.87 -7.7 ] | 1.0421948050522438
2.1205459396380117 | [-8.35 -5.82] | 0.9737190619520972
2.1848870471633406 | [-7.85 -4.  ] | 0.9042371485102864
2.2472321555783847 | [-7.38 -2.22] | 0.8339595517936323
2.307921525552825 | [-6.94 -0.5 ] | 0.8228402074563146
2.3690361071975694 | [-7.36 -0.68] | 0.8287101906616633
2.431506446033891 | [-6.05  2.8 ] | 0.08261889283971537
2.438683382596191 | [ 1.49 19.44] | -0.1947136096476086
2.4195546006977686 | [ 3.01 22.95] | -0.3364819244161044
2.3842719000257864 | [ 4.34 26.07] | -0.4678944785873187
2.3366378423594165 | [ 5.27 28.44] | -0.5751412272003368
2.281145379138538 | [ 5.84 30.05] | -0.6583467821998368
2.2213964707701006 | [ 6.17 31.06] | -0.7243364391856699
2.1596971755477212 | [ 6.36 31.71] | -0.7818112919825473
2.0972496637861444 | [ 6.51 32.22] | -0.8387015755676456
2.0344838575742243 | [ 6.66 32.73] | -0.9015308754471334
1.9713252226374693 | [ 6.86 33.38] | -0.975034482968657
1.9073742647419905 | [ 7.14 34.23] | -1.0608998803607421
1.8420508197740704 | [ 7.5  35.29] | -1.15817469478329
1.774708387551363 | [ 7.94 36.56] | -1.2637586626621136
1.7047268070455162 | [ 8.43 37.97] | -1.3726120758627984
1.6315916572758853 | [ 8.95 39.46] | -1.4781214214970542
1.554958902896895 | [ 9.46 40.92] | -1.572714493462249
1.4746981413259599 | [ 9.92 42.25] | -1.648727765897068
1.390908115354417 | [10.3  43.33] | -1.6994213877737765
1.3039018768929609 | [10.57 44.07] | -1.7199755873341402
1.2141635803439568 | [10.7  44.41] | -1.7082348077030411
1.1222841517936861 | [10.69 44.31] | -1.664962336216683
1.028887956217492 | [10.56 43.8 ] | -1.593479925635641
0.934565211162836 | [10.31 42.93] | -1.4987798832795094
0.839823378084911 | [ 9.98 41.75] | -1.3864086825209385
0.7450647838417549 | [ 9.59 40.35] | -1.261578760063442
0.6505893963611186 | [ 9.15 38.78] | -1.1287365441296862
0.5566199788335224 | [ 8.69 37.08] | -0.9913115712522351
0.463336421248148 | [ 8.2  35.28] | -0.8519906659139671
0.3709002406944565 | [ 7.7  33.39] | -0.7130329449928592
0.2794680396102881 | [ 7.18 31.42] | -0.5763331705026419
0.1891994132824498 | [ 6.66 29.38] | -0.44359347048883574
0.10025653445574684 | [ 6.13 27.29] | -0.3164469057328805
0.012798295380805333 | [ 5.6  25.15] | -0.1963763066484785
-0.07302573080165072 | [ 5.07 22.99] | -0.08462332442620493
-0.15708068769943595 | [ 4.55 20.83] | 0.017881047580251642
-0.23925105099387053 | [ 4.05 18.69] | 0.11055875017813872
-0.31944449553770365 | [ 3.56 16.58] | 0.1932003717802381
-0.3975950862309818 | [ 3.09 14.52] | 0.2659578461281253
-0.4736658578059366 | [ 2.64 12.52] | 0.32931895399531214
-0.5476508433133144 | [ 2.22 10.6 ] | 0.38406905132457275
-0.6195766260481013 | [1.82 8.77] | 0.43124575472510224
-0.6895035286202618 | [1.45 7.02] | 0.47209240196898844
-0.7575266127934869 | [1.1  5.37] | 0.5080159631623401
-0.8237767401790286 | [0.78 3.82] | 0.5127984389908068
-0.8858620970383574 | [0.02 0.91] | 0.4007065463179367
-0.934286591514557 | [-1.99 -5.91] | 0.18696204599318988
-0.9606959506953149 | [ -3.48 -11.37] | 0.004230319660888486
-0.9679841369631703 | [ -3.61 -12.56] | -0.09731944859554383
-0.9620550120541467 | [ -4.69 -16.2 ] | -0.27351352015314906
-0.9390784658669759 | [ -5.71 -19.51] | -0.4054477948327942
-0.9024411731582288 | [ -6.53 -22.11] | -0.479979641940454
-0.8560977479614751 | [ -7.18 -24.14] | -0.5043201695910903
-0.8032093066386157 | [ -7.72 -25.83] | -0.4922158620606004
-0.7457494598353928 | [ -8.22 -27.41] | -0.45572912943868804
-0.684655769756676 | [ -8.73 -29.07] | -0.4028475758479749
-0.6201228574924023 | [ -9.29 -30.9 ] | -0.33783937649478596
-0.5519131772123239 | [ -9.92 -32.93] | -0.26198174005631336
-0.4796272487171547 | [-10.61 -35.13] | -0.17449710008345376
-0.40290454971059503 | [-11.33 -37.4 ] | -0.07357641169432116
-0.3215751499152369 | [-12.05 -39.59] | 0.042488060546240186
-0.23575193979334766 | [-12.72 -41.54] | 0.17418337501975775
-0.14584914405791366 | [-13.31 -43.08] | 0.3200023515122931
-0.05252673830440267 | [-13.78 -44.1 ] | 0.47632161748970736
0.04341541175144595 | [-14.12 -44.51] | 0.6379509919584131
0.141153004730864 | [-14.31 -44.32] | 0.799044910802813
0.2399260956094202 | [-14.38 -43.56] | 0.9539627319542484
0.3390858879212567 | [-14.32 -42.3 ] | 1.0978193164073526
0.4381042921911587 | [-14.16 -40.6 ] | 1.2266946247823638
0.5365597777780791 | [-13.9  -38.54] | 1.337620722119209
0.6341135913359861 | [-13.57 -36.18] | 1.4287201028859982
0.730508701987113 | [-13.18 -33.62] | 1.4992480815004605
0.8255799651639932 | [-12.76 -30.95] | 1.549461815343538
0.9192216472410819 | [-12.31 -28.24] | 1.5805602681379682
1.0113649633108963 | [-11.86 -25.53] | 1.5942828260679949
1.1019645327901668 | [-11.4  -22.85] | 1.592389035931654
1.1909847678769134 | [-10.94 -20.21] | 1.5762718545102414
1.278386474418613 | [-10.48 -17.61] | 1.546880546374848
1.3641180800608093 | [-10.02 -15.04] | 1.5049101492126467
1.4481141813057006 | [ -9.54 -12.5 ] | 1.451078958796613
1.5303004424189872 | [-9.06 -9.99] | 1.3863413524829464
1.6106019208036875 | [-8.58 -7.54] | 1.3119798151468067
1.6889521429687926 | [-8.09 -5.15] | 1.2295911046289945
1.7653014114969727 | [-7.61 -2.85] | 1.141004854947392
1.839623805859331 | [-7.14 -0.65] | 1.105183209976538
1.913641681200906 | [-7.5  -0.55] | 1.1209281475793011
1.9890612132732362 | [-7.88 -0.59] | 1.1202689693477885
2.0655019768641645 | [-8.   -0.08] | 1.1639062052602822
2.1443149800689083 | [-9.   -1.64] | 1.1199146147048697
2.223216922337405 | [-7.99  1.26] | 1.1977857882021046
2.3053872089043574 | [-10.58  -3.87] | 0.734495964290627
2.3581863080670975 | [-0.31 18.93] | 0.07950591596618972
2.3705835377742672 | [-0.4  18.97] | 0.18750816361741834
2.3810746923637587 | [-1.05 17.71] | 0.2722430948421579
2.3879708759044407 | [-1.27 17.18] | 0.306948750509942
2.388649869364771 | [-1.21 16.92] | 0.3149982985710103
2.3822369092051745 | [-1.04 16.59] | 0.30113789278801495
2.36846630787159 | [-0.77 16.2 ] | 0.261439945576942
2.3471923403597117 | [-0.4  15.84] | 0.19583153195067715
2.318567350897209 | [ 0.02 15.53] | 0.10457354568795715
2.28292440093727 | [ 0.49 15.29] | -0.01286042313856375
2.240623743530153 | [ 1.   15.14] | -0.19155999009840657
2.1900129192721645 | [ 2.16 16.54] | -0.42927944029716514
2.1301335496476903 | [ 3.25 17.93] | -0.6809392512459357
2.062148434807096 | [ 4.33 19.48] | -0.9479294008457595
1.9867295292699871 | [ 5.46 21.33] | -1.2251446550152656
1.9043743798495503 | [ 6.63 23.51] | -1.5011299159525173
1.815651980923929 | [ 7.81 25.94] | -1.7607748287646465
1.7213035782009836 | [ 8.93 28.52] | -1.989284846504086
1.622210172108643 | [ 9.95 31.1 ] | -2.1754454558345215
1.519290375628287 | [10.84 33.58] | -2.3130131961792135
1.413395963792057 | [11.58 35.87] | -2.40046600237474
1.3052397026020717 | [12.17 37.94] | -2.439921152897388
1.1953591600131968 | [12.63 39.78] | -2.4358477030174694
1.0841078754063092 | [12.99 41.44] | -2.393872836221288
0.9716662070633239 | [13.26 42.92] | -2.3196514692368946
0.8580850120502664 | [13.46 44.24] | -2.217206095570973
0.7434179075645723 | [13.56 45.3 ] | -2.088515684120985
0.6278692190948146 | [13.55 45.95] | -1.9351209475656934
0.5118936643630192 | [13.38 46.05] | -1.7599321402707775
0.39621636815259353 | [13.02 45.48] | -1.56863248224575
0.2817500833509029 | [12.49 44.23] | -1.3696738583202923
0.16944420772092048 | [11.81 42.38] | -1.1726557438197225
0.06014757144126477 | [11.02 40.1 ] | -0.9861431775439717
-0.04545301779045534 | [10.17 37.55] | -0.8162531568603547
-0.1468249163389605 | [ 9.3  34.86] | -0.666383292828681
-0.243561020214162 | [ 8.42 32.14] | -0.5375727723479851
-0.3353666564610942 | [ 7.55 29.42] | -0.4289553096785989
-0.42206709605905407 | [ 6.71 26.77] | -0.3381327410105376
-0.503624333939588 | [ 5.9  24.18] | -0.2615113164922923
-0.580152015222554 | [ 5.13 21.7 ] | -0.1450153072630845
-0.6567623318607816 | [ 5.42 22.35] | -0.071785332383125
-0.7307756014813681 | [ 4.62 19.79] | -0.009112338334944313
-0.800214453823725 | [ 3.88 17.34] | 0.058205428879062486
-0.8660051851404547 | [ 3.23 15.12] | 0.0243204023538731
-0.9187935687981099 | [-2.5  -2.78] | -0.8127326478369687
-0.8851626262893156 | [ -5.94 -13.55] | -0.9725419062021637
-0.8339750096493695 | [ -6.71 -16.21] | -1.0007648796822441
-0.7746118586422334 | [ -7.21 -18.04] | -0.970212158073566
-0.7111173839418112 | [ -7.51 -19.13] | -0.9036669504772646
-0.6461664839539987 | [ -7.69 -19.68] | -0.8190588851625967
-0.5812091282359813 | [ -7.8  -19.92] | -0.7269689787821558
-0.5168450853943282 | [ -7.9  -20.01] | -0.6322428997224134
-0.4531474315475662 | [ -8.01 -20.07] | -0.5361252680182917
-0.3898727050538451 | [ -8.16 -20.19] | -0.438399232236463
-0.3265835425042691 | [ -8.35 -20.43] | -0.33864502612171266
-0.26272400606031776 | [ -8.6  -20.83] | -0.2362289205185079
-0.19766871417207232 | [ -8.91 -21.41] | -0.1306339418379432
-0.13076464947114072 | [ -9.3  -22.18] | -0.021549360368188518
-0.06137432490644224 | [ -9.75 -23.14] | 0.09152600717804817
0.011081684770262622 | [-10.27 -24.26] | 0.20935011791363534
0.08708074592348988 | [-10.84 -25.51] | 0.3327681150278418
0.16695447967791907 | [-11.46 -26.86] | 0.46232895432222776
0.25085081187156 | [-12.12 -28.24] | 0.597781522249987
0.3387099139178391 | [-12.78 -29.57] | 0.7376450752186536
0.4302624065063538 | [-13.41 -30.77] | 0.8790673990120454
0.5250542240896565 | [-13.99 -31.74] | 1.0180839777936062
0.6224951893925781 | [-14.49 -32.41] | 1.150219428009491
0.7219211664440688 | [-14.89 -32.74] | 1.2713499602764549
0.8226590287068947 | [-15.17 -32.71] | 1.3786553419776393
0.9240858240919654 | [-15.34 -32.35] | 1.4702222467092887
1.025647833983617 | [-15.41 -31.67] | 1.5445590311507436
1.1268476611589822 | [-15.38 -30.7 ] | 1.6008258893022038
1.2272365365352358 | [-15.25 -29.49] | 1.638806648132478
1.326407938730045 | [-15.03 -28.05] | 1.658809624662079
1.4239917734197092 | [-14.73 -26.44] | 1.6615818155861817
1.5196511975755722 | [-14.36 -24.68] | 1.6482379560710838
1.6130826447853366 | [-13.94 -22.8 ] | 1.6201947994521084
1.7040185119724773 | [-13.46 -20.83] | 1.579122295567454
1.7922321046740675 | [-12.93 -18.81] | 1.5268747453986233
1.8775438022403674 | [-12.38 -16.75] | 1.4653959360172648
1.9598272423412253 | [-11.81 -14.68] | 1.396614457359378
2.039014609167482 | [-11.22 -12.62] | 1.3223404310421794
2.115100379759883 | [-10.63 -10.59] | 1.244174667389902
2.188143162519299 | [-10.04  -8.59] | 1.1634381569773384
2.258265532914899 | [-9.46 -6.63] | 1.0811253098187952
2.325652026846038 | [-8.9  -4.73] | 0.9978799057216119
2.3905456824257603 | [-8.36 -2.88] | 0.9139891605892441
2.4532437130276743 | [-7.85 -1.09] | 0.8293889656575758
2.5140930392811534 | [-7.36  0.65] | 0.9331322918797188
2.579343903903902 | [-9.64 -3.35] | 0.97214668751661
2.6477606157708435 | [-7.23  2.13] | 0.15255378236411293
2.6479082590943857 | [ 1.37 20.04] | -0.09767119237796609
2.620050976102676 | [ 2.7  22.98] | -0.2048398221963104
2.5776436892805266 | [ 3.77 25.44] | -0.309022819824316
2.5250463799237517 | [ 4.46 27.19] | -0.400251419120809
2.466522825516273 | [ 4.86 28.28] | -0.47799829475777456
2.4051312421040354 | [ 5.07 28.88] | -0.5466423541781851
2.342657920070768 | [ 5.19 29.2 ] | -0.6123575092029778
2.279921652704387 | [ 5.28 29.4 ] | -0.6813051847858252
2.217098496446846 | [ 5.4  29.63] | -0.7588635595577182
2.1539557266384466 | [ 5.57 29.97] | -0.8483169057301614
2.0900121778829317 | [ 5.82 30.48] | -0.9506999350271631
2.0246548961198085 | [ 6.15 31.18] | -1.0652630057793862
1.957227797212091 | [ 6.56 32.06] | -1.1899255254613723
1.8871026197130847 | [ 7.03 33.1 ] | -1.3214699719312155
1.8137388559387628 | [ 7.56 34.28] | -1.4556449618753904
1.7367340401153633 | [ 8.13 35.55] | -1.5872324921213368
1.6558632279916978 | [ 8.71 36.86] | -1.7101748412868616
1.5711045706030529 | [ 9.26 38.13] | -1.8179028724425377
1.4826463828228194 | [ 9.77 39.3 ] | -1.9039633913152056
1.3908713687430132 | [10.2  40.29] | -1.9628976016771436
1.2963170444071168 | [10.52 41.04] | -1.991144923509751
1.1996175163702274 | [10.73 41.48] | -1.9876569876590389
1.1014378988132754 | [10.8  41.59] | -1.95398808869058
1.0024150335714221 | [10.76 41.38] | -1.8938200151818618
0.9031126549993074 | [10.61 40.88] | -1.8118037252327714
0.8040076707879013 | [10.37 40.11] | -1.7124889723881895
0.7055062431115023 | [10.06 39.12] | -1.6000648933348989
0.6079621588160404 | [ 9.68 37.93] | -1.478299094769897
0.5116919928119729 | [ 9.25 36.57] | -1.350612056864069
0.4169848591533469 | [ 8.78 35.06] | -1.2201050874109372
0.3241068218822874 | [ 8.27 33.42] | -1.0895124741162983
0.2333002973955844 | [ 7.73 31.67] | -0.961184394219865
0.1447801684548547 | [ 7.17 29.83] | -0.8370496819949548
0.05872835012149698 | [ 6.61 27.93] | -0.7185729377533927
-0.02471198841919739 | [ 6.03 25.98] | -0.6067245782214209
-0.10544174053016327 | [ 5.46 24.01] | -0.5019747610544969
-0.1834101902418907 | [ 4.89 22.04] | -0.4043147986447339
-0.2586180319148967 | [ 4.33 20.07] | -0.31330362503418296
-0.3311189368478359 | [ 3.79 18.13] | -0.22813259452289808
-0.4010196883987182 | [ 3.27 16.23] | -0.14769951817620974
-0.4684790700023136 | [ 2.76 14.37] | -0.07068222925529863
-0.5337058444010588 | [ 2.28 12.56] | 0.004397293178705564
-0.5969562986994671 | [ 1.82 10.8 ] | 0.07912570127356622
-0.6585319442594247 | [1.38 9.1 ] | 0.1551737961999023
-0.7187780589917471 | [0.97 7.46] | 0.23135291808404854
-0.77773493374622 | [0.51 5.66] | 0.17932242323944456
-0.821309009808988 | [-4.06 -8.63] | -0.1683214466484366
-0.8234448142935502 | [ -5.47 -13.7 ] | -0.3430044178264961
-0.8106694566084399 | [ -5.2  -13.59] | -0.487398757471012
-0.7833759161536554 | [ -6.22 -16.89] | -0.6014392969997922
-0.7424559242548582 | [ -7.01 -19.39] | -0.651682919743134
-0.6923246443184913 | [ -7.57 -21.07] | -0.6475902204337565
-0.6367660879478323 | [ -7.95 -22.15] | -0.6055365837213383
-0.5783457721379658 | [ -8.24 -22.85] | -0.5394800571351782
-0.5185084478528034 | [ -8.48 -23.41] | -0.45826785867169
-0.4578863915671795 | [ -8.73 -23.96] | -0.36628613917448083
-0.39657191013619075 | [ -9.02 -24.62] | -0.2651607605473429
-0.33430022884775434 | [ -9.38 -25.47] | -0.1558133082909425
-0.2705866143076422 | [ -9.8  -26.54] | -0.039060113437745514
-0.20484286204482519 | [-10.3  -27.81] | 0.08448612242460327
-0.13647043177692014 | [-10.86 -29.25] | 0.2141946782543775
-0.06494359383792114 | [-11.46 -30.78] | 0.3492298015439584
0.010118773447226215 | [-12.09 -32.32] | 0.48834396161626203
0.08889992324143783 | [-12.7  -33.75] | 0.6296742530776118
0.17135789243698663 | [-13.26 -34.97] | 0.7706255346461306
0.25722879324110154 | [-13.75 -35.86] | 0.9079453609520644
0.3460608247409264 | [-14.14 -36.34] | 1.038048958467537
0.4372733686277097 | [-14.41 -36.39] | 1.1575466445536389
0.5302299436461332 | [-14.57 -35.99] | 1.2638119484884092
0.624310188154786 | [-14.61 -35.2 ] | 1.3553768204312695
0.7189664006916286 | [-14.56 -34.07] | 1.4319952125460766
0.8137551244835435 | [-14.43 -32.68] | 1.4943056901453615
0.9083415752857638 | [-14.25 -31.1 ] | 1.5431285807226907
1.0024809157377097 | [-14.02 -29.38] | 1.5790485437281867
1.09598559879189 | [-13.75 -27.55] | 1.6023487576388031
1.1886953276795178 | [-13.45 -25.63] | 1.6131176972979153
1.280459076030232 | [-13.12 -23.64] | 1.6113994125064233
1.3711265106730333 | [-12.76 -21.58] | 1.5972830324087803
1.4605434295307016 | [-12.37 -19.46] | 1.571064579073091
1.5485544121927575 | [-11.95 -17.31] | 1.5333335365812135
1.635009235215963 | [-11.51 -15.13] | 1.484968613848193
1.7197688366913444 | [-11.05 -12.94] | 1.4270960243847965
1.8027104509087328 | [-10.57 -10.76] | 1.3610257721920973
1.8837319284550398 | [-10.09  -8.62] | 1.2881773460748565
1.9627553291170454 | [-9.6  -6.52] | 1.2100028049593243
2.0397298725747652 | [-9.12 -4.48] | 1.1279128556780023
2.114634315408091 | [-8.64 -2.53] | 1.0432098786028101
2.187478821853478 | [-8.18 -0.65] | 1.0133463383721357
2.2601481111913935 | [-8.52 -0.62] | 1.0209435312192003
2.3340959676995348 | [-8.73 -0.35] | 1.042498835263592
2.4099531267692464 | [-9.31 -0.91] | 0.990838511843892
2.485575347926277 | [-8.56  1.23] | 1.0901130243279784
2.5657094793419115 | [-11.26  -3.71] | 1.113806423768598
2.6485904243559277 | [-9.93 -0.61] | 0.44542548806374926
2.6861983772004825 | [ 0.16 20.31] | -0.008429060769676769
2.6861327664634365 | [-0.22 19.83] | 0.1227946262167268
2.6852941775163646 | [-0.89 18.6 ] | 0.2223171071869017
2.6811409362344616 | [-1.14 18.07] | 0.28020810111188665
2.6711188486789212 | [-1.16 17.74] | 0.3132483062078828
2.6545113957145166 | [-1.07 17.3 ] | 0.32322650341735126
2.6312060864856552 | [-0.89 16.78] | 0.3061815226326777
2.601203372765908 | [-0.63 16.25] | 0.2597232895543831
2.564632460392539 | [-0.3  15.75] | 0.18356325162651907
2.5217666894386364 | [ 0.09 15.31] | 0.07758784186377733
2.472893000814333 | [ 0.51 14.95] | -0.05725148125638886
2.4182830738702683 | [ 0.98 14.67] | -0.2586699992520998
2.355833128916713 | [ 2.23 16.19] | -0.5334922125330392
2.2838894966992402 | [ 3.51 17.99] | -0.8283001890849088
2.2036257683111473 | [ 4.78 20.02] | -1.1309906225029824
2.1162019104952576 | [ 6.04 22.3 ] | -1.4293545527676603
2.0226994841447756 | [ 7.25 24.78] | -1.709423963499225
1.9241916027888235 | [ 8.38 27.36] | -1.9587911112622118
1.8217101408912277 | [ 9.4  29.94] | -2.1687217554281064
1.716180537885041 | [10.3  32.44] | -2.3347242270031203
1.6083696991993868 | [11.06 34.8 ] | -2.4560925479320637
1.4988590383787042 | [11.7  37.02] | -2.5350063213860246
1.3880380273183963 | [12.24 39.09] | -2.5755184048531605
1.276111909769695 | [12.69 41.05] | -2.5825122625798373
1.1631242568585085 | [13.08 42.9 ] | -2.559820540612053
1.0490425580541998 | [13.4 44.6] | -2.5080956473314613
0.9339161811637621 | [13.61 46.  ] | -2.42574778342931
0.8180106850604282 | [13.68 46.94] | -2.3109433134934445
0.7018850942613079 | [13.56 47.22] | -2.164179101496173
0.5863697922330869 | [13.22 46.75] | -1.9903476886337959
0.47243899701210507 | [12.68 45.54] | -1.7987238931678782
0.3610411715999206 | [11.97 43.71] | -1.6006471557599242
0.2529793541032746 | [11.16 41.44] | -1.406524538003489
0.14888148685716945 | [10.27 38.91] | -1.2239700767291526
0.04922692833633102 | [ 9.36 36.24] | -1.0574632575001983
-0.04562516947927468 | [ 8.44 33.51] | -0.9088049068020242
-0.13543099521125862 | [ 7.53 30.79] | -0.7755958869863179
-0.2220114185816906 | [ 7.82 31.59] | -0.6647668577421258
-0.30956061245473365 | [ 7.06 29.28] | -0.5486067520116501
-0.3910967783904659 | [ 6.01 26.05] | -0.4414184755906113
-0.46679696847564256 | [ 5.08 23.17] | -0.343212687200016
-0.5375907792305563 | [ 4.27 20.59] | -0.24675973895773118
-0.6044290200998855 | [ 3.55 18.24] | -0.14577750836300607
-0.6683367358394058 | [ 1.66 12.24] | -0.6472771898674615
-0.6516806156488415 | [ -6.4  -12.82] | -0.8363334519461093
-0.6055000893637319 | [ -7.36 -16.06] | -0.8683934401486623
-0.5491153011261011 | [ -8.04 -18.4 ] | -0.8414649921078541
-0.4869762297595264 | [ -8.44 -19.82] | -0.7747111277890523
-0.4223717515941794 | [ -8.68 -20.56] | -0.6866633152228848
-0.35724678810728955 | [ -8.82 -20.85] | -0.5889757630181041
-0.29252929348379536 | [ -8.92 -20.91] | -0.487170630152124
-0.22849187267076215 | [ -9.03 -20.9 ] | -0.38270038395301637
-0.16501108102105397 | [ -9.16 -20.92] | -0.2749911620015196
-0.10172350225801499 | [ -9.34 -21.05] | -0.1632800110130879
-0.03812004432882392 | [ -9.58 -21.33] | -0.04678883375828888
0.02639487436927259 | [ -9.89 -21.79] | 0.0749673866677309
0.09245837815062775 | [-10.27 -22.43] | 0.201917479966883
0.16070549873785606 | [-10.71 -23.26] | 0.33384786413224904
0.2317279772569676 | [-11.22 -24.24] | 0.4705281811929398
0.3060330422652959 | [-11.79 -25.35] | 0.6116309325515991
0.38400238710949597 | [-12.4  -26.54] | 0.7564855572066675
0.46585451667048833 | [-13.03 -27.75] | 0.9037292809348977
0.5516162243552394 | [-13.67 -28.91] | 1.0510075089157764
0.6411107155494494 | [-14.28 -29.93] | 1.194906922526505
0.7339688664150553 | [-14.84 -30.74] | 1.3312342582699492
0.8296652720806541 | [-15.31 -31.24] | 1.4556033437030638
0.9275735409805621 | [-15.67 -31.41] | 1.5641502467897408
1.0270293505849504 | [-15.92 -31.21] | 1.6543093868764218
1.1273918915599872 | [-16.05 -30.66] | 1.7251832106950868
1.228089951604552 | [-16.06 -29.81] | 1.7765600802000265
1.3286227274215099 | [-15.98 -28.69] | 1.8086239014787862
1.4285455576064108 | [-15.8  -27.33] | 1.822007943755478
1.527460110356621 | [-15.54 -25.79] | 1.817689482025855
1.625005401791526 | [-15.21 -24.09] | 1.796920531143089
1.7208518934242112 | [-14.81 -22.26] | 1.7611835121497181
1.8146994044231066 | [-14.36 -20.33] | 1.7121516314071814
1.906278280445121 | [-13.86 -18.35] | 1.6516522416905304
1.9953534401243533 | [-13.33 -16.32] | 1.5816054877896906
2.0817300922709356 | [-12.77 -14.27] | 1.5039396852523803
2.165259880150351 | [-12.18 -12.22] | 1.4204974086604738
2.245846507637765 | [-11.59 -10.19] | 1.3329443106292576
2.323450171972385 | [-11.   -8.2] | 1.2426915910090701
2.3980903805583003 | [-10.41  -6.25] | 1.1508394218936613
2.4698469657085353 | [-9.83 -4.34] | 1.0581440153904962
2.5388593368748773 | [-9.26 -2.5 ] | 0.9650066235819579
2.6053242227400504 | [-8.72 -0.7 ] | 0.9067021345860926
2.6708588145267425 | [-8.75 -0.06] | 0.9363497945759577
2.7392437223174513 | [-9.75 -1.36] | 0.8895236862826842
2.80816102878796 | [-8.81  1.02] | 0.9281292853693623
2.880450521017666 | [-11.03  -2.64] | 0.3494804371327937
2.890600808781355 | [ 0.71 20.32] | 0.03317467949843042
2.8701124242361806 | [ 1.08 21.35] | 0.0148777433764717
2.8368865392593356 | [ 2.23 23.82] | -0.061615096652890826
2.7905595917468284 | [ 3.09 25.78] | -0.14693274127655898
2.735644463337249 | [ 3.63 27.11] | -0.23242821190181123
2.6760075682891906 | [ 3.93 27.89] | -0.3151113706814597
2.614203111341231 | [ 4.11 28.31] | -0.3964867094598858
2.5515992536938588 | [ 4.24 28.54] | -0.4805491607435687
2.4887147465406163 | [ 4.36 28.72] | -0.5721476582692412
2.425515523216122 | [ 4.53 28.95] | -0.6749361633433837
2.361624676718461 | [ 4.77 29.31] | -0.7906451686337777
2.296470856089585 | [ 5.08 29.84] | -0.9193275131278784
2.2293969459453344 | [ 5.48 30.55] | -1.0597416648992037
2.1597437441687437 | [ 5.95 31.43] | -1.2096247341454383
2.0869185436231152 | [ 6.5  32.48] | -1.3657272778929885
2.010453480185825 | [ 7.09 33.65] | -1.5237430238253278
1.9300535457394856 | [ 7.72 34.93] | -1.6782399357723208
1.8456307719412404 | [ 8.36 36.24] | -1.82278086929749
1.75731876550079 | [ 8.96 37.54] | -1.9504001106247677
1.6654621183948206 | [ 9.51 38.73] | -2.0544501247593243
1.5705793846373213 | [ 9.96 39.75] | -2.1296241755790923
1.4733051773625423 | [10.31 40.53] | -2.172828750945445
1.3743231049816877 | [10.52 41.02] | -2.1836364254869958
1.2743024116423693 | [10.61 41.2 ] | -2.1642387920291273
1.1738452656946738 | [10.58 41.09] | -2.118239659531053
1.0734730927033374 | [10.45 40.7 ] | -2.0495420137016036
0.9736394026339955 | [10.23 40.06] | -1.9621336768859647
0.8747428394044416 | [ 9.93 39.2 ] | -1.8598697487176896
0.7771399416420045 | [ 9.56 38.13] | -1.7463712014398818
0.6811542325141525 | [ 9.14 36.87] | -1.6250168636154778
0.5870806720602963 | [ 8.66 35.46] | -1.4989229848573937
0.4951859847244475 | [ 8.14 33.9 ] | -1.3708735232512286
0.4057054161298667 | [ 7.59 32.22] | -1.243272585570256
0.3188373656794445 | [ 7.02 30.44] | -1.1180916478105098
0.2347372933360526 | [ 6.43 28.59] | -0.9968210583346103
0.15351193657631212 | [ 5.84 26.7 ] | -0.8804404331166431
0.0752145565393397 | [ 5.25 24.77] | -0.7694163336849186
-0.000158334138703288 | [ 4.66 22.84] | -0.6637286796784126
-0.07266854094364532 | [ 4.08 20.92] | -0.5629214133412107
-0.14243604776296245 | [ 3.52 19.03] | -0.4661689051608161
-0.2096373636765408 | [ 2.98 17.17] | -0.37234768551192454
-0.2745027376195899 | [ 2.46 15.36] | -0.28010302541300963
-0.3373127802926937 | [ 1.97 13.61] | -0.18790105772608867
-0.3983951573165883 | [ 1.5  11.92] | -0.09405873501355708
-0.45812211458523416 | [ 1.05 10.28] | 0.0032548916890159443
-0.5169096875757833 | [0.63 8.7 ] | 0.013433484306628662
-0.5561273874967205 | [-5.25 -9.38] | -0.17399868012747347
-0.5526111762344841 | [ -6.63 -14.41] | -0.3329433770256725
-0.5337954658393211 | [ -6.4  -14.59] | -0.4555835692095275
-0.501875527335268 | [ -7.49 -18.17] | -0.5178243445888724
-0.45726966128642554 | [ -8.31 -20.82] | -0.5235413353750298
-0.4043811565338001 | [ -8.89 -22.57] | -0.4839688897280848
-0.346780109196542 | [ -9.29 -23.66] | -0.41373729134502535
-0.2867810905456064 | [ -9.6  -24.39] | -0.3238732550714729
-0.2256139653329166 | [ -9.87 -24.97] | -0.22044656445621255
-0.16374114713703586 | [-10.16 -25.58] | -0.10576440261147532
-0.10111821275988017 | [-10.51 -26.34] | 0.019841953846134283
-0.03736836258104166 | [-10.94 -27.31] | 0.15605892080569683
0.02807683870806808 | [-11.45 -28.52] | 0.30203928595869156
0.09585726529924064 | [-12.03 -29.93] | 0.4565183381887476
0.1665859760891273 | [-12.68 -31.48] | 0.6175883975869106
0.2407589909797284 | [-13.35 -33.07] | 0.7825493325612243
0.3186803309356329 | [-14.02 -34.58] | 0.9478547036567625
0.40041330942438985 | [-14.64 -35.87] | 1.1091900466732703
0.4857677171133374 | [-15.17 -36.79] | 1.261746691809494
0.5743265286185091 | [-15.58 -37.25] | 1.4007059276771172
0.6655067172121415 | [-15.84 -37.19] | 1.521853499395812
0.7586400603924839 | [-15.95 -36.6 ] | 1.6221619984138513
0.8530553126404417 | [-15.91 -35.51] | 1.700165971931599
0.9481449672707285 | [-15.76 -34.01] | 1.7560185176718506
1.0434067730413994 | [-15.5 -32.2] | 1.791126797904562
1.1384563436851294 | [-15.17 -30.16] | 1.8074051070989992
1.2330119347805353 | [-14.8  -27.96] | 1.8070927767334568
1.3268770832196863 | [-14.38 -25.67] | 1.7921665671069618
1.4199104418260589 | [-13.95 -23.33] | 1.7640809921742255
1.511994323348152 | [-13.49 -20.95] | 1.7238895159796952
1.6030161124814928 | [-13.02 -18.57] | 1.672424329278901
1.6928596704206285 | [-12.54 -16.17] | 1.6104762371958388
1.7814033885794038 | [-12.04 -13.78] | 1.5389315336679676
1.8685221794481812 | [-11.53 -11.41] | 1.4588088415422789
1.9540905756299396 | [-11.01  -9.06] | 1.371296864477017
2.037987492371622 | [-10.49  -6.76] | 1.2777860009888942
2.1201027581238394 | [-9.97 -4.52] | 1.1797954652909255
2.2003427561154427 | [-9.46 -2.35] | 1.0788815013666455
2.278635048446369 | [-8.95 -0.27] | 1.0992239285739462
2.3592406318385444 | [-10.3   -2.28] | 1.0679219991278437
2.440706760646079 | [-9.34  0.55] | 1.1387414955685697
2.52672337354725 | [-12.   -4.2] | 1.1340254793812938
2.6151854408874886 | [-10.52  -0.57] | 0.9700810569488528
2.699993644852121 | [-10.13   0.9 ] | 1.0210086349864906
2.789039787029925 | [-12.39  -3.05] | 0.9452471346635248
2.876752890577394 | [-7.1   7.74] | 0.22668485543260192
2.889332656236177 | [-0.8  20.06] | 0.16610417004861958
2.8835215739512075 | [-1.42 18.8 ] | 0.2668084221731467
2.874258470746969 | [-1.75 17.9 ] | 0.32416142041592055
2.858371885187461 | [-1.73 17.32] | 0.34758291725474255
2.834642819428736 | [-1.57 16.69] | 0.34104214810378264
2.8029551455063593 | [-1.32 15.99] | 0.302319125726327
2.7635442422589804 | [-1.   15.26] | 0.22997446927609
2.716788219614656 | [-0.63 14.54] | 0.12279348228967757
2.6630053061604153 | [-0.2  13.91] | -0.01458659824675023
2.6028434493626498 | [ 0.24 13.3 ] | -0.17655900644550926
2.5371601509552075 | [ 0.68 12.72] | -0.38671856452003955
2.464953450917785 | [ 1.79 13.77] | -0.6972576375444677
2.3823020344412464 | [ 3.74 17.15] | -1.0495270724334929
2.289744374275397 | [ 5.33 20.22] | -1.3734880786516501
2.1906291184618047 | [ 6.66 23.1 ] | -1.6631181671940045
2.087189336806924 | [ 7.79 25.84] | -1.9144565186172438
1.9809018764517379 | [ 8.77 28.47] | -2.1260321248386496
1.8727295194583282 | [ 9.61 30.99] | -2.2987335418557953
1.76326820545266 | [10.34 33.43] | -2.4354388272270406
1.6528318766152499 | [11.   35.82] | -2.5404965627788356
1.5415016077460695 | [11.61 38.19] | -2.618675050793599
1.4291727985547615 | [12.17 40.56] | -2.6719980489688897
1.3156804855771407 | [12.69 42.84] | -2.69811492302895
1.2009668775795834 | [13.11 44.88] | -2.691264847423106
1.0852321306735317 | [13.38 46.45] | -2.6442562954822524
0.9690308873104436 | [13.44 47.32] | -2.552202873637293
0.8532512216906131 | [13.24 47.34] | -2.41645164101713
0.7389584218167926 | [12.78 46.51] | -2.3307685435914784
0.6208784048782576 | [14.61 52.33] | -2.247697662153667
0.5022385935213508 | [13.12 48.3 ] | -1.9521620071033243
0.39139743614409184 | [11.72 44.43] | -1.7014865227080411
0.2868107950030466 | [10.53 41.12] | -1.4857836204766819
0.18787241016584758 | [ 9.43 37.97] | -1.293520951284763
0.09457344347544885 | [ 8.35 34.86] | -1.1207889131614603
0.007002795940136419 | [ 7.3  31.79] | -0.9657893170995392
-0.07491763795531749 | [ 6.29 28.84] | -0.8255393122700828
-0.15149884385110216 | [ 5.36 26.04] | -0.6957957024896655
-0.22329474939012836 | [ 4.5  23.45] | -0.5715927409708447
-0.29108290617290977 | [ 3.73 21.1 ] | -0.44782427224681165
-0.35582103636755363 | [ 3.05 19.  ] | -0.5155641049940027
-0.36300717075238 | [ -7.51 -13.52] | -0.6427952138294275
-0.31627010954476203 | [ -8.65 -17.26] | -0.6440401191798465
-0.2594366584428782 | [ -9.36 -19.68] | -0.5984855962233216
-0.1969438407927802 | [ -9.78 -21.06] | -0.5231769937380788
-0.13204423424941172 | [-10.   -21.67] | -0.4325571273731885
-0.066653287327363 | [-10.12 -21.81] | -0.33497038417917774
-0.0016808888618052228 | [-10.19 -21.71] | -0.23368720946829194
0.06260971132246688 | [-10.28 -21.53] | -0.12878445371403913
0.12634604384881465 | [-10.39 -21.39] | -0.019180643141497138
0.18989048594313218 | [-10.55 -21.36] | 0.09617716393350945
0.2537467399346691 | [-10.77 -21.47] | 0.21823022325651273
0.31850200304216747 | [-11.07 -21.76] | 0.3473351268049131
0.38478232168910387 | [-11.43 -22.23] | 0.4831725480918967
0.4532109844987253 | [-11.87 -22.88] | 0.6251133471498685
Total reward: -98.17175530629606
