-3.0, 1.0, -1.8, -0.1, -2.1, 4.7, 4.2, -1.5, -0.7, -3.6, -3.9, 2.0, -4.4, -1.9, 5.6, -3.0, 1.4, -1.1
parameter ends

state | action | reward
[5.05] | 2 | -0.5
4.896310965950507 | 2 | -0.5
4.815867019851345 | 2 | -0.5
5.041289635654024 | 2 | -0.5
3.6594694150257587 | 2 | -0.5
2.6018185585925813 | 2 | -0.5
2.0972609033189826 | 2 | -0.5
1.8935342039912388 | 2 | -0.5
1.7712022635926374 | 2 | -0.5
1.735105945242 | 2 | -0.5
1.7627707677144469 | 2 | -0.5
1.8496850165182608 | 2 | -0.5
2.066737935020362 | 2 | -0.5
2.4467523508829436 | 2 | -0.5
2.939788055026692 | 2 | -0.5
4.353026196991763 | 2 | -0.5
7.216806627302688 | 2 | -0.5
7.102531939621749 | 2 | -0.5
7.198894286405943 | 2 | -0.5
4.121670585229227 | 2 | -0.5
3.071199514881289 | 2 | -0.5
2.4319236946253033 | 2 | -0.5
2.0889700812979632 | 2 | -0.5
1.9040651815037903 | 2 | -0.5
1.7953308151470821 | 2 | -0.5
1.7535712214965364 | 2 | -0.5
1.8109602865775065 | 2 | -0.5
1.8333787910930115 | 2 | -0.5
2.0607146319803613 | 2 | -0.5
2.3147435792375277 | 2 | -0.5
5.7029075222536285 | 2 | -0.5
5.104292821827952 | 2 | -0.5
4.8654722576359095 | 2 | -0.5
4.8480879658805245 | 2 | -0.5
4.918398072332088 | 2 | -0.5
3.249712358555985 | 2 | -0.5
2.4898215076395998 | 2 | -0.5
2.120387733716914 | 2 | -0.5
1.854063739308359 | 2 | -0.5
1.79793843238959 | 2 | -0.5
1.6980710481910748 | 2 | -0.5
1.7361847641473531 | 2 | -0.5
1.856569634237288 | 2 | -0.5
1.9633719303278692 | 2 | -0.5
2.220435656902647 | 2 | -0.5
2.594239086546451 | 2 | -0.5
3.60517635254562 | 2 | -0.5
7.336541188131457 | 2 | -0.5
7.183396263728431 | 2 | -0.5
7.033956827084448 | 2 | -0.5
3.648634635555327 | 2 | -0.5
2.6485355471172976 | 2 | -0.5
2.240788126888618 | 2 | -0.5
1.9819565460285558 | 2 | -0.5
1.8090142746929119 | 2 | -0.5
1.72677189319283 | 2 | -0.5
1.699330260686336 | 2 | -0.5
1.7701958157211972 | 2 | -0.5
1.8376475452444772 | 2 | -0.5
2.0847918568582164 | 2 | -0.5
6.4394564265092855 | 2 | -0.5
5.534224152336956 | 2 | -0.5
5.04578644126572 | 2 | -0.5
4.7429269332515664 | 2 | -0.5
4.724067886357761 | 2 | -0.5
4.822240170861906 | 2 | -0.5
4.136780862990005 | 2 | -0.5
2.8437785483109526 | 2 | -0.5
2.2360790883060213 | 2 | -0.5
1.986653803420824 | 2 | -0.5
1.8255771084898058 | 2 | -0.5
1.7535410990022822 | 2 | -0.5
1.7513186378552223 | 2 | -0.5
1.784544310163245 | 2 | -0.5
1.9081866236630425 | 2 | -0.5
2.1052107206874315 | 2 | -0.5
2.4448117950991093 | 2 | -0.5
3.1008897104524666 | 2 | -0.5
7.6669974262263265 | 2 | -0.5
7.293621211136144 | 2 | -0.5
7.244349923723133 | 2 | -0.5
4.919002274620928 | 2 | -0.5
3.12184421837851 | 2 | -0.5
2.3793407661244634 | 2 | -0.5
1.9875943648415515 | 2 | -0.5
1.762426753322904 | 2 | -0.5
1.7049516836908354 | 2 | -0.5
1.6720623625815174 | 2 | -0.5
1.6756260515810406 | 2 | -0.5
1.764144563738725 | 2 | -0.5
1.8659094541375838 | 2 | -0.5
2.1303910103541552 | 2 | -0.5
5.7429776217041795 | 2 | -0.5
5.128518658886334 | 2 | -0.5
4.808704580390015 | 2 | -0.5
4.706413262087945 | 2 | -0.5
4.787574189163434 | 2 | -0.5
3.9825859458696713 | 2 | -0.5
2.69641337038904 | 2 | -0.5
2.323504614302798 | 2 | -0.5
2.062796913639479 | 2 | -0.5
1.8865501074064535 | 2 | -0.5
1.7806684974712679 | 2 | -0.5
1.8163574498925616 | 2 | -0.5
1.8733536528796184 | 2 | -0.5
1.9974907548055902 | 2 | -0.5
2.250015463219762 | 2 | -0.5
2.742926215777587 | 2 | -0.5
3.6572127205817817 | 2 | -0.5
7.3515297029082145 | 2 | -0.5
7.1823933036841 | 2 | -0.5
7.349230664014989 | 2 | -0.5
3.8252962410902 | 2 | -0.5
2.704534662062591 | 2 | -0.5
2.2379080195802956 | 2 | -0.5
1.92201747760836 | 2 | -0.5
1.7848122998265188 | 2 | -0.5
1.6951040197113514 | 2 | -0.5
1.6908611530158306 | 2 | -0.5
1.7108177085560405 | 2 | -0.5
1.8294524596688826 | 2 | -0.5
1.9878264012168714 | 2 | -0.5
6.456061600536353 | 2 | -0.5
5.609185835063926 | 2 | -0.5
5.081472833648549 | 2 | -0.5
4.801648291708125 | 2 | -0.5
4.772152000997311 | 2 | -0.5
5.00995785700388 | 2 | -0.5
3.4771422602958797 | 2 | -0.5
2.5620087747738642 | 2 | -0.5
2.106383992823952 | 2 | -0.5
1.8795619385263949 | 2 | -0.5
1.789991310505061 | 2 | -0.5
1.7283789647644934 | 2 | -0.5
1.7539421023875201 | 2 | -0.5
1.8354403547931009 | 2 | -0.5
1.9827134667648407 | 2 | -0.5
2.3005813730982796 | 2 | -0.5
2.820303560823873 | 2 | -0.5
3.8363296767000814 | 2 | -0.5
7.315050919675816 | 2 | -0.5
7.1309472545017565 | 2 | -0.5
7.218745139943466 | 2 | -0.5
4.544089193339222 | 2 | -0.5
3.1330909779041582 | 2 | -0.5
2.4568395394060416 | 2 | -0.5
2.0489848937461415 | 2 | -0.5
1.8237612203980575 | 2 | -0.5
1.6852947160637974 | 2 | -0.5
1.7112579652368805 | 2 | -0.5
1.7395226820730325 | 2 | -0.5
1.799524255163139 | 2 | -0.5
1.993346357774934 | 2 | -0.5
2.3035888052417968 | 2 | -0.5
5.650960808032503 | 2 | -0.5
5.15531235489482 | 2 | -0.5
4.852059173020468 | 2 | -0.5
4.836890134612096 | 2 | -0.5
5.035461705373063 | 2 | -0.5
3.3250987921755466 | 2 | -0.5
2.517863543010235 | 2 | -0.5
2.1235550641360272 | 2 | -0.5
1.9066423099163772 | 2 | -0.5
1.7831159951020468 | 2 | -0.5
1.722388749030206 | 2 | -0.5
1.7563540961517838 | 2 | -0.5
1.7976609254300544 | 2 | -0.5
2.0343932061457637 | 2 | -0.5
2.450973345817148 | 2 | -0.5
3.157790986344146 | 2 | -0.5
7.557287921993452 | 2 | -0.5
7.103832177433366 | 2 | -0.5
7.072196424385091 | 2 | -0.5
6.384681592441683 | 2 | -0.5
3.4011257701987807 | 2 | -0.5
2.4449065561402996 | 2 | -0.5
2.0196401928380654 | 2 | -0.5
1.7424321032231402 | 2 | -0.5
1.6150235113136882 | 2 | -0.5
1.6070554632466223 | 2 | -0.5
1.5782365213979088 | 2 | -0.5
1.5982808502364227 | 2 | -0.5
1.70698423867335 | 2 | -0.5
1.9300494997967486 | 2 | -0.5
2.2848589783171755 | 2 | -0.5
5.417721565202287 | 2 | -0.5
4.989747990781076 | 2 | -0.5
4.834490350776195 | 2 | -0.5
4.840699303928587 | 2 | -0.5
5.023060834698277 | 2 | -0.5
3.236374639150556 | 2 | -0.5
2.466096930145594 | 2 | -0.5
2.1355305292686744 | 2 | -0.5
1.985584623894362 | 2 | -0.5
1.8429749471958112 | 2 | -0.5
1.8773618270309211 | 2 | -0.5
1.8527485190225355 | 2 | -0.5
2.022359318077788 | 2 | -0.5
2.205456154431768 | 2 | -0.5
2.5260182944671046 | 2 | -0.5
3.24947921643962 | 2 | -0.5
7.510405808574777 | 2 | -0.5
7.1407796500984215 | 2 | -0.5
7.105536801686963 | 2 | -0.5
5.335263990152139 | 2 | -0.5
3.0385232049647417 | 2 | -0.5
2.470719880130845 | 2 | -0.5
1.9713887242611399 | 2 | -0.5
1.7369191726597153 | 2 | -0.5
1.5555838310547205 | 2 | -0.5
1.4885582992217705 | 2 | -0.5
1.5175960811487776 | 2 | -0.5
1.506077311532101 | 2 | -0.5
1.6237535037741033 | 2 | -0.5
1.7574204958701796 | 2 | -0.5
2.0871690789031137 | 2 | -0.5
5.595100871165316 | 2 | -0.5
5.066384457334529 | 2 | -0.5
4.795270462595935 | 2 | -0.5
4.746704814358431 | 2 | -0.5
4.820728789464791 | 2 | -0.5
4.610757502369149 | 2 | -0.5
3.345775238603732 | 2 | -0.5
2.75936394977491 | 2 | -0.5
2.3586177656031677 | 2 | -0.5
2.1325819590711137 | 2 | -0.5
1.9893112504321862 | 2 | -0.5
1.9714764471511852 | 2 | -0.5
2.022949673687692 | 2 | -0.5
2.1879250763083413 | 2 | -0.5
2.3455710818669164 | 2 | -0.5
2.723371723988693 | 2 | -0.5
3.471455716982798 | 2 | -0.5
7.660171997257861 | 2 | -0.5
7.255568593582237 | 2 | -0.5
7.134830322498134 | 2 | -0.5
4.525758381087855 | 2 | -0.5
2.8429410391657175 | 2 | -0.5
2.0501857192903743 | 2 | -0.5
1.7694387971462775 | 2 | -0.5
1.5314492832388975 | 2 | -0.5
1.4745989984598986 | 2 | -0.5
1.4264767142965098 | 2 | -0.5
1.4148151180329747 | 2 | -0.5
1.5123035560382005 | 2 | -0.5
1.6379799150245926 | 2 | -0.5
1.796522599652866 | 2 | -0.5
2.1206455070854173 | 2 | -0.5
5.50923993362867 | 2 | -0.5
5.0278530594755155 | 2 | -0.5
4.811090727718042 | 2 | -0.5
4.734916195796877 | 2 | -0.5
4.877210001522613 | 2 | -0.5
5.047926961683763 | 2 | -0.5
3.759756114404184 | 2 | -0.5
2.8070035570939162 | 2 | -0.5
2.4578826709842416 | 2 | -0.5
2.175882234579702 | 2 | -0.5
2.1262548671489694 | 2 | -0.5
2.0614539528564593 | 2 | -0.5
2.097386039475676 | 2 | -0.5
2.232843457251421 | 2 | -0.5
2.523499114982621 | 2 | -0.5
2.940517424940324 | 2 | -0.5
3.717880249729634 | 2 | -0.5
7.584500134153759 | 2 | -0.5
7.2065217115812725 | 2 | -0.5
7.1309043569685535 | 2 | -0.5
5.1987558571808234 | 2 | -0.5
3.1363917603356275 | 2 | -0.5
2.2142896209606047 | 2 | -0.5
1.7722420896505726 | 2 | -0.5
1.6250396247684995 | 2 | -0.5
1.4378788554888817 | 2 | -0.5
1.377815918634668 | 2 | -0.5
1.3701477927195485 | 2 | -0.5
1.4081986485483062 | 2 | -0.5
1.5006266321648105 | 2 | -0.5
1.6753431258260207 | 2 | -0.5
1.8823441964975671 | 2 | -0.5
5.528591252742451 | 2 | -0.5
5.161930397603445 | 2 | -0.5
4.847476174921961 | 2 | -0.5
4.69835708684523 | 2 | -0.5
4.7428310116325205 | 2 | -0.5
4.952346874093315 | 2 | -0.5
4.196415855003226 | 2 | -0.5
3.0886757162873977 | 2 | -0.5
2.628038346829579 | 2 | -0.5
2.3418936455061927 | 2 | -0.5
2.155161395309186 | 2 | -0.5
2.0466902221164527 | 2 | -0.5
2.096892828109596 | 2 | -0.5
2.1802801331751436 | 2 | -0.5
2.3568576593049544 | 2 | -0.5
2.715835603744358 | 2 | -0.5
3.465425083370478 | 2 | -0.5
7.922984348751882 | 2 | -0.5
7.420380050316054 | 2 | -0.5
7.225841899668538 | 2 | -0.5
6.399630161377392 | 2 | -0.5
2.9949198845680147 | 2 | -0.5
2.193204287478245 | 2 | -0.5
1.701594393904962 | 2 | -0.5
1.4847315833605366 | 2 | -0.5
1.3745625459452575 | 2 | -0.5
1.2910310433717453 | 2 | -0.5
1.3088907861531494 | 2 | -0.5
1.3102091967603826 | 2 | -0.5
1.411714985328902 | 2 | -0.5
1.6056202417304704 | 2 | -0.5
1.922531871618646 | 2 | -0.5
5.249304505334511 | 2 | -0.5
4.879402567998494 | 2 | -0.5
4.678805689201711 | 2 | -0.5
4.600479136683294 | 2 | -0.5
4.8169789216061645 | 2 | -0.5
3.8691505216914406 | 2 | -0.5
2.984152008673806 | 2 | -0.5
2.561072712320372 | 2 | -0.5
2.327862757008533 | 2 | -0.5
2.1250447858850237 | 2 | -0.5
2.090360448452602 | 2 | -0.5
2.116835739563804 | 2 | -0.5
2.222253130760304 | 2 | -0.5
2.4072964290267604 | 2 | -0.5
2.8164693515126293 | 2 | -0.5
3.51497691971635 | 2 | -0.5
8.054295970562915 | 2 | -0.5
7.452803028767183 | 2 | -0.5
7.389385487512996 | 2 | -0.5
5.774169332612121 | 2 | -0.5
3.3655911076778655 | 2 | -0.5
2.346902636309874 | 2 | -0.5
1.8400409928099462 | 2 | -0.5
1.5798676927126314 | 2 | -0.5
1.3878034213519401 | 2 | -0.5
1.3344802252060965 | 2 | -0.5
1.2960650756585728 | 2 | -0.5
1.3190099392549262 | 2 | -0.5
1.4370572740896461 | 2 | -0.5
1.4871551461535988 | 2 | -0.5
1.7609485720988227 | 2 | -0.5
5.366210865684941 | 2 | -0.5
4.879171296757605 | 2 | -0.5
4.614681847612485 | 2 | -0.5
4.535053371008422 | 2 | -0.5
4.589875337940856 | 2 | -0.5
4.861050868409347 | 2 | -0.5
3.928451710928138 | 2 | -0.5
3.0043256899604263 | 2 | -0.5
2.5587707814361815 | 2 | -0.5
2.363097632547644 | 2 | -0.5
2.2143312619621858 | 2 | -0.5
2.191404428230569 | 2 | -0.5
2.229311476539633 | 2 | -0.5
2.4193317871492748 | 2 | -0.5
2.682990762808645 | 2 | -0.5
3.0271928408168844 | 2 | -0.5
3.5842476181194285 | 2 | -0.5
8.142328135334921 | 2 | -0.5
7.576156716344628 | 2 | -0.5
7.401172628610946 | 2 | -0.5
7.462120030448268 | 2 | -0.5
3.232114051254994 | 2 | -0.5
2.197353120641694 | 2 | -0.5
1.6753318337149217 | 2 | -0.5
1.4202933396507769 | 2 | -0.5
1.2735090243089877 | 2 | -0.5
1.2063333591134282 | 2 | -0.5
1.1956383457819286 | 2 | -0.5
1.2010246835014833 | 2 | -0.5
1.261165791101642 | 2 | -0.5
1.4883974339894328 | 2 | -0.5
1.6990531810355642 | 2 | -0.5
5.13895627569929 | 2 | -0.5
4.755592029871868 | 2 | -0.5
4.523252187673207 | 2 | -0.5
4.48489937491882 | 2 | -0.5
4.647098833099067 | 2 | -0.5
4.487854800210705 | 2 | -0.5
3.2513989828194205 | 2 | -0.5
2.7558000452671205 | 2 | -0.5
2.4090287359002653 | 2 | -0.5
2.276997134300552 | 2 | -0.5
2.1741732765937583 | 2 | -0.5
2.181658222049636 | 2 | -0.5
2.2888661659875913 | 2 | -0.5
2.441864087049301 | 2 | -0.5
2.706962543873918 | 2 | -0.5
3.101965293153881 | 2 | -0.5
4.303875930862841 | 2 | -0.5
7.751971838954652 | 2 | -0.5
7.479405626910312 | 2 | -0.5
7.413229494938784 | 2 | -0.5
3.798353555429206 | 2 | -0.5
2.241893306907832 | 2 | -0.5
1.7721068919608465 | 2 | -0.5
1.5405966146540644 | 2 | -0.5
1.3635726445444045 | 2 | -0.5
1.2855438449914662 | 2 | -0.5
1.2314936724712273 | 2 | -0.5
1.2153348742199246 | 2 | -0.5
1.2472165714265337 | 2 | -0.5
1.3629775609915569 | 2 | -0.5
1.4881952794811777 | 2 | -0.5
1.7487076395199133 | 2 | -0.5
5.306430638503355 | 2 | -0.5
4.832106862595854 | 2 | -0.5
4.6311104854135134 | 2 | -0.5
4.596355598772545 | 2 | -0.5
4.726207752261979 | 2 | -0.5
5.043437096607853 | 2 | -0.5
3.7750005235508737 | 2 | -0.5
3.062671865912105 | 2 | -0.5
2.652833772452826 | 2 | -0.5
2.4010218560160386 | 2 | -0.5
2.3276708721818373 | 2 | -0.5
2.312471055562083 | 2 | -0.5
2.3493942782319044 | 2 | -0.5
2.536435740178829 | 2 | -0.5
2.8405256138972916 | 2 | -0.5
3.3940066356642147 | 2 | -0.5
4.270711923995743 | 2 | -0.5
7.842504314827491 | 2 | -0.5
7.410559451171513 | 2 | -0.5
7.3045757224553025 | 2 | -0.5
5.438718112734697 | 2 | -0.5
2.5535304540149517 | 2 | -0.5
1.8568178003024574 | 2 | -0.5
1.4322360552982236 | 2 | -0.5
1.3265037148859915 | 2 | -0.5
1.1605424550735537 | 2 | -0.5
1.1808578543549348 | 2 | -0.5
1.1480445735839728 | 2 | -0.5
1.1902975120755386 | 2 | -0.5
1.2319162841214213 | 2 | -0.5
1.4046099568303574 | 2 | -0.5
1.6008197739530499 | 2 | -0.5
5.469390166344571 | 2 | -0.5
5.008573096372665 | 2 | -0.5
4.688840235037438 | 2 | -0.5
4.656303354497648 | 2 | -0.5
4.747466161065514 | 2 | -0.5
4.926982484418607 | 2 | -0.5
3.521828564550352 | 2 | -0.5
2.8718144872257545 | 2 | -0.5
2.482675197298834 | 2 | -0.5
2.343877359664007 | 2 | -0.5
2.278067766042143 | 2 | -0.5
2.3364435470010725 | 2 | -0.5
2.4664029231448885 | 2 | -0.5
2.775042724199815 | 2 | -0.5
3.1954510099220164 | 2 | -0.5
4.008053015858281 | 2 | -0.5
7.923380412592963 | 2 | -0.5
7.387845416854171 | 2 | -0.5
7.220069614365764 | 2 | -0.5
5.991902553754868 | 2 | -0.5
2.9920989136755485 | 2 | -0.5
1.920794768071183 | 2 | -0.5
1.4679879659228228 | 2 | -0.5
1.2004567168855476 | 2 | -0.5
1.1219669098856855 | 2 | -0.5
1.0632654396906633 | 2 | -0.5
1.045491982221553 | 2 | -0.5
1.041360767073022 | 2 | -0.5
1.084514427942596 | 2 | -0.5
1.236817080664017 | 2 | -0.5
1.4107934730564173 | 2 | -0.5
1.8430765504270816 | 2 | -0.5
4.97953754369325 | 2 | -0.5
4.692218420646134 | 2 | -0.5
4.718615058485026 | 2 | -0.5
4.8123109340239925 | 2 | -0.5
5.09421457124788 | 2 | -0.5
4.046892188149773 | 2 | -0.5
3.169552516899837 | 2 | -0.5
2.8383609869927584 | 2 | -0.5
2.5758682722351556 | 2 | -0.5
2.461465720710258 | 2 | -0.5
2.366591412147292 | 2 | -0.5
2.484092843070237 | 2 | -0.5
2.637387568643687 | 2 | -0.5
3.03401814902517 | 2 | -0.5
3.5944584859422566 | 2 | -0.5
8.174942091755687 | 2 | -0.5
7.531279018519975 | 2 | -0.5
7.297180184220455 | 2 | -0.5
7.3137525763442195 | 2 | -0.5
2.9663501210352554 | 2 | -0.5
1.7711910126939898 | 2 | -0.5
1.440302960170353 | 2 | -0.5
1.1669863442678154 | 2 | -0.5
1.0364468949000107 | 2 | -0.5
1.0386773065683792 | 2 | -0.5
0.983013002781688 | 2 | -0.5
0.9984484029033878 | 2 | -0.5
1.0321702123286494 | 2 | -0.5
1.1735451611941858 | 2 | -0.5
1.3158694955566492 | 2 | -0.5
1.5701188453981059 | 2 | -0.5
5.049787439520735 | 2 | -0.5
4.7294422731977575 | 2 | -0.5
4.652924773078315 | 2 | -0.5
4.7507109559501 | 2 | -0.5
5.120688442733177 | 2 | -0.5
4.029519683956499 | 2 | -0.5
3.1535309344836455 | 2 | -0.5
2.708279852624485 | 2 | -0.5
2.4764937984157283 | 2 | -0.5
2.3881653717151496 | 2 | -0.5
2.4102404747703208 | 2 | -0.5
2.405250675933546 | 2 | -0.5
2.600342790837573 | 2 | -0.5
2.9107268820262666 | 2 | -0.5
3.447314915744733 | 2 | -0.5
4.759399251682895 | 2 | -0.5
7.610084707879826 | 2 | -0.5
7.305133536802833 | 2 | -0.5
6.847771385887172 | 2 | -0.5
2.7171784237027024 | 2 | -0.5
1.7115106995084928 | 2 | -0.5
1.3801977292077092 | 2 | -0.5
1.2624220738197796 | 2 | -0.5
1.1437486676222541 | 2 | -0.5
1.0441650121504114 | 2 | -0.5
1.0399254045640236 | 2 | -0.5
1.0475310648721197 | 2 | -0.5
1.0808045720096595 | 2 | -0.5
1.1649116982439656 | 2 | -0.5
1.3256504150881447 | 2 | -0.5
1.4849011318602432 | 2 | -0.5
5.297915343011491 | 2 | -0.5
4.887526470253705 | 2 | -0.5
4.748022462817384 | 2 | -0.5
4.74772740073528 | 2 | -0.5
4.956114373984566 | 2 | -0.5
4.507963581633788 | 2 | -0.5
3.5439928750085374 | 2 | -0.5
2.95697817839131 | 2 | -0.5
2.5475721155251763 | 2 | -0.5
2.3899961841951463 | 2 | -0.5
2.3450536832709465 | 2 | -0.5
2.3158272512111546 | 2 | -0.5
2.435616405111768 | 2 | -0.5
2.6594990462361157 | 2 | -0.5
3.008223994759472 | 2 | -0.5
3.632930104940024 | 2 | -0.5
4.693113010373359 | 2 | -0.5
7.547914063642536 | 2 | -0.5
7.25106568343611 | 2 | -0.5
7.21833991048029 | 2 | -0.5
2.922976442127424 | 2 | -0.5
1.9877648029446653 | 2 | -0.5
1.5175315478057045 | 2 | -0.5
1.2850644951925996 | 2 | -0.5
1.1410500083529298 | 2 | -0.5
1.102212692085819 | 2 | -0.5
1.0914260248329126 | 2 | -0.5
1.0657032731435114 | 2 | -0.5
1.1388525767004234 | 2 | -0.5
1.2176086743287693 | 2 | -0.5
1.3377239598197779 | 2 | -0.5
1.6033991057306614 | 2 | -0.5
5.252498659303112 | 2 | -0.5
4.977135657871768 | 2 | -0.5
4.735412066643405 | 2 | -0.5
4.771394454639764 | 2 | -0.5
4.993558166195251 | 2 | -0.5
4.106319444837992 | 2 | -0.5
3.2661425642848902 | 2 | -0.5
2.729407353494877 | 2 | -0.5
2.457813065971384 | 2 | -0.5
2.3347546525339475 | 2 | -0.5
2.311940248476993 | 2 | -0.5
2.362982940883852 | 2 | -0.5
2.5541466275139326 | 2 | -0.5
2.856206380862578 | 2 | -0.5
3.342881442008862 | 2 | -0.5
4.342298244053377 | 2 | -0.5
7.452697577274195 | 2 | -0.5
7.150510045241118 | 2 | -0.5
7.165042666842956 | 2 | -0.5
3.1948061795308202 | 2 | -0.5
1.9695711321609202 | 2 | -0.5
1.500091656242116 | 2 | -0.5
1.3364657222582668 | 2 | -0.5
1.2349614995185136 | 2 | -0.5
1.1203021608878643 | 2 | -0.5
1.0773259301284972 | 2 | -0.5
1.0971024930026798 | 2 | -0.5
1.1125736895432325 | 2 | -0.5
1.2649069422420773 | 2 | -0.5
1.4126714517206735 | 2 | -0.5
1.7685674532328495 | 2 | -0.5
5.148777743311518 | 2 | -0.5
4.880186840270963 | 2 | -0.5
4.7585082707061686 | 2 | -0.5
4.88332351130436 | 2 | -0.5
5.176920209196583 | 2 | -0.5
3.714597519952795 | 2 | -0.5
2.940025224226583 | 2 | -0.5
2.5663034462486096 | 2 | -0.5
2.35120160798104 | 2 | -0.5
2.2981191407399373 | 2 | -0.5
2.251111082138926 | 2 | -0.5
2.3650180284069426 | 2 | -0.5
2.5138450893900917 | 2 | -0.5
2.8616135686447812 | 2 | -0.5
3.524158740357777 | 2 | -0.5
7.800479151561593 | 2 | -0.5
7.282363476216168 | 2 | -0.5
7.054734959947912 | 2 | -0.5
4.541231700042769 | 2 | -0.5
2.275922693008839 | 2 | -0.5
1.6096437064886824 | 2 | -0.5
1.371189401718116 | 2 | -0.5
1.2408110273944568 | 2 | -0.5
1.14489562999057 | 2 | -0.5
1.0950282388819885 | 2 | -0.5
1.0763292014609351 | 2 | -0.5
1.0842695804529046 | 2 | -0.5
1.165820073709249 | 2 | -0.5
1.2484671621686163 | 2 | -0.5
1.4970032148989854 | 2 | -0.5
1.8494524030662016 | 2 | -0.5
5.141781101906574 | 2 | -0.5
4.974696338681178 | 2 | -0.5
4.911410722683378 | 2 | -0.5
5.0090790574838335 | 2 | -0.5
5.285998439721675 | 2 | -0.5
4.173440035273099 | 2 | -0.5
3.1784514661641996 | 2 | -0.5
2.8074505643386813 | 2 | -0.5
2.5805133817001504 | 2 | -0.5
2.4999621031551276 | 2 | -0.5
2.4647533877970456 | 2 | -0.5
2.5686323979689987 | 2 | -0.5
2.741267841121804 | 2 | -0.5
3.035972031318607 | 2 | -0.5
3.779857631021417 | 2 | -0.5
7.978798831003458 | 2 | -0.5
7.3554828981100915 | 2 | -0.5
7.032336998024839 | 2 | -0.5
6.78881518953365 | 2 | -0.5
2.7505664031235675 | 2 | -0.5
1.6840227230499183 | 2 | -0.5
1.2099228559255613 | 2 | -0.5
1.068005723127381 | 2 | -0.5
1.0270915386252495 | 2 | -0.5
0.9387843181842911 | 2 | -0.5
0.9783663870875197 | 2 | -0.5
0.9465511791279012 | 2 | -0.5
0.99180195040291 | 2 | -0.5
1.0427575831426679 | 2 | -0.5
1.3098554441966814 | 2 | -0.5
1.6134386444230469 | 2 | -0.5
5.286912554400928 | 2 | -0.5
4.915482588213149 | 2 | -0.5
4.9013452795824675 | 2 | -0.5
5.01046128992111 | 2 | -0.5
5.340236554171537 | 2 | -0.5
4.025749794250691 | 2 | -0.5
3.2980467950101398 | 2 | -0.5
2.833913436689239 | 2 | -0.5
2.636466436868066 | 2 | -0.5
2.5547930570812154 | 2 | -0.5
2.4679013496255284 | 2 | -0.5
2.521035448632019 | 2 | -0.5
2.671044878343514 | 2 | -0.5
2.9543247614346724 | 2 | -0.5
3.4741537499680466 | 2 | -0.5
4.435276329275193 | 2 | -0.5
7.663288277885198 | 2 | -0.5
7.234749766904323 | 2 | -0.5
7.134720486406804 | 2 | -0.5
3.8479606449617725 | 2 | -0.5
2.1641237949609575 | 2 | -0.5
1.6269342926047474 | 2 | -0.5
1.3355814329170776 | 2 | -0.5
1.1504971409830378 | 2 | -0.5
1.0561006235065755 | 2 | -0.5
1.0695397942025828 | 2 | -0.5
1.0795993858450832 | 2 | -0.5
1.0613024050248823 | 2 | -0.5
1.180719046152816 | 2 | -0.5
1.3243865149903176 | 2 | -0.5
1.600978888905906 | 2 | -0.5
5.332528715973991 | 2 | -0.5
4.9190586584564935 | 2 | -0.5
4.764248987009222 | 2 | -0.5
4.720214164852086 | 2 | -0.5
4.883115635271495 | 2 | -0.5
4.645905680100327 | 2 | -0.5
3.455119456690249 | 2 | -0.5
2.8843148999307697 | 2 | -0.5
2.5826680754021756 | 2 | -0.5
2.4261143248235384 | 2 | -0.5
2.3378868002845703 | 2 | -0.5
2.3430720091392585 | 2 | -0.5
2.3957078966469147 | 2 | -0.5
2.6792649342569645 | 2 | -0.5
3.016844851217225 | 2 | -0.5
3.8342932850319795 | 2 | -0.5
8.054819690775295 | 2 | -0.5
7.383167566926173 | 2 | -0.5
7.236485301011405 | 2 | -0.5
7.287694539951717 | 2 | -0.5
3.444268586005481 | 2 | -0.5
2.1155199127472875 | 2 | -0.5
1.5840537323264317 | 2 | -0.5
1.402488025629203 | 2 | -0.5
1.2640804398343801 | 2 | -0.5
1.1823027645564963 | 2 | -0.5
1.1595755212659187 | 2 | -0.5
1.189596208289198 | 2 | -0.5
1.1879687979702254 | 2 | -0.5
1.2913222005170015 | 2 | -0.5
1.37864013905419 | 2 | -0.5
1.568771849462441 | 2 | -0.5
5.4540792671194565 | 2 | -0.5
4.970139354664575 | 2 | -0.5
4.735276691115804 | 2 | -0.5
4.684777572305277 | 2 | -0.5
4.747424964572075 | 2 | -0.5
5.0916374079468705 | 2 | -0.5
4.280924821308529 | 2 | -0.5
3.171806532320167 | 2 | -0.5
2.724668774835049 | 2 | -0.5
2.481983672989893 | 2 | -0.5
2.3830895793920233 | 2 | -0.5
2.311668774585741 | 2 | -0.5
2.4080637909242966 | 2 | -0.5
2.5766882030384157 | 2 | -0.5
2.899751316894052 | 2 | -0.5
3.4939078123083296 | 2 | -0.5
8.050156974687223 | 2 | -0.5
7.3806871137784205 | 2 | -0.5
7.115103921282611 | 2 | -0.5
7.021196038978579 | 2 | -0.5
3.3421909411100614 | 2 | -0.5
2.0642223092941703 | 2 | -0.5
1.5778597437916162 | 2 | -0.5
1.2829992575171558 | 2 | -0.5
1.1103579972739752 | 2 | -0.5
1.0629677971805664 | 2 | -0.5
1.0070799326393016 | 2 | -0.5
0.9728429937664297 | 2 | -0.5
1.077855974779829 | 2 | -0.5
1.0782338997294583 | 2 | -0.5
1.1728243911086498 | 2 | -0.5
1.3773055154259743 | 2 | -0.5
1.6903939017076193 | 2 | -0.5
5.280644902016451 | 2 | -0.5
4.975606361856054 | 2 | -0.5
4.885478907120067 | 2 | -0.5
5.035990287290947 | 2 | -0.5
5.290919943442236 | 2 | -0.5
3.736061065403765 | 2 | -0.5
2.9993419445265346 | 2 | -0.5
2.6232317398658083 | 2 | -0.5
2.3920318663733195 | 2 | -0.5
2.3029832289554473 | 2 | -0.5
2.311957908433508 | 2 | -0.5
2.3579606075695203 | 2 | -0.5
2.5619613512121933 | 2 | -0.5
2.8192362498311203 | 2 | -0.5
3.299610874935283 | 2 | -0.5
4.355689810470121 | 2 | -0.5
7.440359044884465 | 2 | -0.5
7.1575915643064345 | 2 | -0.5
7.077008649974082 | 2 | -0.5
3.7368683833951515 | 2 | -0.5
2.515410313652907 | 2 | -0.5
1.8325525164122938 | 2 | -0.5
1.5333723882510446 | 2 | -0.5
1.3362810236622478 | 2 | -0.5
1.3028201297688804 | 2 | -0.5
1.2244136039639875 | 2 | -0.5
1.1968366219889597 | 2 | -0.5
1.2383323235613515 | 2 | -0.5
1.372034894758719 | 2 | -0.5
1.4920508704821345 | 2 | -0.5
1.7458753098070579 | 2 | -0.5
5.646572186774203 | 2 | -0.5
5.172904649918056 | 2 | -0.5
4.948072731310919 | 2 | -0.5
4.8877147041395075 | 2 | -0.5
5.06067723044966 | 2 | -0.5
4.405748311735464 | 2 | -0.5
3.1105135504663433 | 2 | -0.5
2.6906322103467097 | 2 | -0.5
2.3629520787965155 | 2 | -0.5
2.269402499220367 | 2 | -0.5
2.116239524123328 | 2 | -0.5
2.17011385310709 | 2 | -0.5
2.2431477664069983 | 2 | -0.5
2.4447053557237246 | 2 | -0.5
2.8543203380389404 | 2 | -0.5
3.582036568587686 | 2 | -0.5
7.560964617359234 | 2 | -0.5
7.022672521212614 | 2 | -0.5
6.942436488850686 | 2 | -0.5
4.766934656140117 | 2 | -0.5
2.720668295026271 | 2 | -0.5
1.9626902265605104 | 2 | -0.5
1.6431149216265561 | 2 | -0.5
1.4507540478665737 | 2 | -0.5
1.3584855979283372 | 2 | -0.5
1.2865055721546867 | 2 | -0.5
1.2725070104003806 | 2 | -0.5
1.3045555076432285 | 2 | -0.5
1.5080139242781767 | 2 | -0.5
1.671040749262445 | 2 | -0.5
2.0354529286531267 | 2 | -0.5
5.257222947387209 | 2 | -0.5
4.987522441603348 | 2 | -0.5
4.90103498985834 | 2 | -0.5
4.957851661307784 | 2 | -0.5
5.194103851227184 | 2 | -0.5
3.6785122385235525 | 2 | -0.5
2.915727126042142 | 2 | -0.5
2.516746907822801 | 2 | -0.5
2.2629733368803744 | 2 | -0.5
2.102286970228441 | 2 | -0.5
2.0385797191351207 | 2 | -0.5
2.0710825611956527 | 2 | -0.5
2.2258674261478273 | 2 | -0.5
2.5089744290625933 | 2 | -0.5
2.8644693658621745 | 2 | -0.5
3.8362485697568918 | 2 | -0.5
7.448551883852701 | 2 | -0.5
7.133292229162355 | 2 | -0.5
7.023167622608841 | 2 | -0.5
4.598300871508438 | 2 | -0.5
2.5308857949473995 | 2 | -0.5
1.912537633489183 | 2 | -0.5
1.6278568543196608 | 2 | -0.5
1.4816998858670156 | 2 | -0.5
1.338610904570157 | 2 | -0.5
1.3230643169535659 | 2 | -0.5
1.3094814380374227 | 2 | -0.5
1.3943266313683262 | 2 | -0.5
1.5110205118251854 | 2 | -0.5
1.714876042288121 | 2 | -0.5
2.092588635110092 | 2 | -0.5
5.2593614922367 | 2 | -0.5
4.886701081739717 | 2 | -0.5
4.801643449737237 | 2 | -0.5
4.900068872768404 | 2 | -0.5
4.534852786773079 | 2 | -0.5
3.2401515209820992 | 2 | -0.5
2.6248271638005507 | 2 | -0.5
2.2937427763871834 | 2 | -0.5
2.1302450949097977 | 2 | -0.5
1.966994112135282 | 2 | -0.5
1.9616050934817484 | 2 | -0.5
2.0925171964534646 | 2 | -0.5
2.2277133103190847 | 2 | -0.5
2.6424814382484048 | 2 | -0.5
3.3366711511925544 | 2 | -0.5
7.722474013577522 | 2 | -0.5
7.271388226945208 | 2 | -0.5
7.1374313060111545 | 2 | -0.5
7.196551311911772 | 2 | -0.5
3.7852402363600244 | 2 | -0.5
2.7138376224190073 | 2 | -0.5
1.9477979701535881 | 2 | -0.5
1.7376516167813332 | 2 | -0.5
1.5218879394994693 | 2 | -0.5
1.457847406294924 | 2 | -0.5
1.4163440818944295 | 2 | -0.5
1.4849660004791376 | 2 | -0.5
1.508058491933809 | 2 | -0.5
1.644238729578489 | 2 | -0.5
1.857450262550287 | 2 | -0.5
2.138378995938206 | 2 | -0.5
5.303181512748967 | 2 | -0.5
4.984645915976002 | 2 | -0.5
4.851135417426522 | 2 | -0.5
4.907353835452324 | 2 | -0.5
5.097136268786064 | 2 | -0.5
3.5266096757594503 | 2 | -0.5
2.8529712044345743 | 2 | -0.5
2.506555064950863 | 2 | -0.5
2.239067945733367 | 2 | -0.5
2.1272978316105737 | 2 | -0.5
2.117923633459163 | 2 | -0.5
2.128187604175342 | 2 | -0.5
2.295232472075009 | 2 | -0.5
2.571992027847561 | 2 | -0.5
2.901690011202828 | 2 | -0.5
3.5330164483690063 | 2 | -0.5
7.664449968016487 | 2 | -0.5
7.111343300115193 | 2 | -0.5
7.0318576824854935 | 2 | -0.5
4.965069366990485 | 2 | -0.5
2.7602423892326744 | 2 | -0.5
2.0316630513344873 | 2 | -0.5
1.6764538137529974 | 2 | -0.5
1.3613298657337107 | 2 | -0.5
1.3278944329408362 | 2 | -0.5
1.2670210082173161 | 2 | -0.5
1.252418974053145 | 2 | -0.5
1.3274791223126234 | 2 | -0.5
1.396259376399107 | 2 | -0.5
1.5688700509038866 | 2 | -0.5
1.8466242027593245 | 2 | -0.5
5.437407881012496 | 2 | -0.5
4.909416312853972 | 2 | -0.5
4.817452380911688 | 2 | -0.5
4.816960939975169 | 2 | -0.5
5.0541941231905 | 2 | -0.5
3.929156566099749 | 2 | -0.5
2.9985131142252883 | 2 | -0.5
2.5646661736282477 | 2 | -0.5
2.2487921436587848 | 2 | -0.5
2.0939042836714137 | 2 | -0.5
2.0243073824929274 | 2 | -0.5
2.119424766108952 | 2 | -0.5
2.179512563635361 | 2 | -0.5
2.464099951742138 | 2 | -0.5
2.8643835346698334 | 2 | -0.5
3.655069013993586 | 2 | -0.5
7.756571401023796 | 2 | -0.5
7.3457077093624825 | 2 | -0.5
7.19400488283441 | 2 | -0.5
7.235198314283206 | 2 | -0.5
3.6748579542983584 | 2 | -0.5
2.5078639239260796 | 2 | -0.5
1.9612908956427693 | 2 | -0.5
1.7014169597875997 | 2 | -0.5
1.5093134713217724 | 2 | -0.5
1.4102434860310633 | 2 | -0.5
1.3427865479813514 | 2 | -0.5
1.4155969560844954 | 2 | -0.5
1.5024656593562724 | 2 | -0.5
1.7317690576846243 | 2 | -0.5
2.0959371004682907 | 2 | -0.5
5.35085941440204 | 2 | -0.5
4.876413784146217 | 2 | -0.5
4.744183051168301 | 2 | -0.5
4.807390637418676 | 2 | -0.5
5.064070683519448 | 2 | -0.5
3.8328358457230465 | 2 | -0.5
2.858291562184781 | 2 | -0.5
2.4330692451628715 | 2 | -0.5
2.169830474360897 | 2 | -0.5
2.108444674978181 | 2 | -0.5
2.057366104883597 | 2 | -0.5
2.131005210821688 | 2 | -0.5
2.3281031126922698 | 2 | -0.5
2.6177747101218674 | 2 | -0.5
3.1437576656605373 | 2 | -0.5
3.80995835591343 | 2 | -0.5
7.582125237345638 | 2 | -0.5
7.271332926956312 | 2 | -0.5
7.15111868053769 | 2 | -0.5
3.5937135966558182 | 2 | -0.5
2.5713715703848448 | 2 | -0.5
2.0492353515099557 | 2 | -0.5
1.7465353709221019 | 2 | -0.5
1.5468971542729784 | 2 | -0.5
1.4669837371613004 | 2 | -0.5
1.4111385170265005 | 2 | -0.5
1.3959874928189355 | 2 | -0.5
1.4682868613711453 | 2 | -0.5
1.5417981820305104 | 2 | -0.5
1.7176205259200545 | 2 | -0.5
1.956778752386836 | 2 | -0.5
5.575908044343374 | 2 | -0.5
5.08139977012227 | 2 | -0.5
4.879683888218812 | 2 | -0.5
4.700273506727297 | 2 | -0.5
4.854696143547272 | 2 | -0.5
4.615661336165034 | 2 | -0.5
3.2339850899891056 | 2 | -0.5
2.574017287614995 | 2 | -0.5
2.2563816905548784 | 2 | -0.5
2.05042854458014 | 2 | -0.5
1.9536865230399503 | 2 | -0.5
2.00608133908238 | 2 | -0.5
2.1020845349414095 | 2 | -0.5
2.286821098725932 | 2 | -0.5
2.654331076184354 | 2 | -0.5
3.198904094452837 | 2 | -0.5
4.246725633237958 | 2 | -0.5
7.356983405992526 | 2 | -0.5
7.203938102819742 | 2 | -0.5
6.479085596598008 | 2 | -0.5
3.5183508728561774 | 2 | -0.5
2.5659397795563117 | 2 | -0.5
2.019677096570542 | 2 | -0.5
1.6764493858079557 | 2 | -0.5
1.5567404075605347 | 2 | -0.5
1.4595865670104429 | 2 | -0.5
1.4432642708458132 | 2 | -0.5
1.4665543661857399 | 2 | -0.5
1.5826032640225227 | 2 | -0.5
Total reward: -500.0
