-1.6, -4.5, 4.0, -2.8, -2.2, -2.6, -4.5, 2.3, 2.3, -1.2, 0.2, 0.0, 1.1, -0.8, -2.3, 5.8, 0.4, 2.2
parameter ends

state | action | reward
[1.78] | 2 | -0.5
2.0876658462536475 | 2 | -0.5
2.591008858711966 | 2 | -0.5
3.644806281090846 | 2 | -0.5
9.353626221166135 | 2 | -0.5
15.463667396289399 | 2 | -0.5
6.142806602346156 | 2 | -0.5
3.76730610643537 | 2 | -0.5
2.8264270870436863 | 2 | -0.5
2.363949934240316 | 2 | -0.5
2.0606250668828787 | 2 | -0.5
1.9418548984008395 | 2 | -0.5
1.8835401437425463 | 2 | -0.5
1.846765921772482 | 2 | -0.5
1.9633850817141987 | 2 | -0.5
2.1400346067012688 | 2 | -0.5
2.4014101521043134 | 2 | -0.5
3.0559817005609378 | 2 | -0.5
4.491196266440167 | 2 | -0.5
5.174248473787169 | 2 | -0.5
5.008313137122532 | 0 | 5.0
5.02471595364137 | 0 | 5.0
5.025440208301678 | 0 | 5.0
5.0190703233191005 | 0 | 5.0
5.00928059182935 | 0 | 5.0
4.981426449432933 | 0 | 5.0
5.009187735489994 | 0 | -200.0
Total reward: -180.0
