-0.2, 0.1, 2.1, -1.3, -2.8, 4.8, 2.2, 0.2, -3.6, -1.4, 2.5, -1.8, -1.4, -2.2, 5.4, 0.8, 1.8, -8.2
parameter ends

state | action | reward
[1.53] | 2 | -0.5
1.5561120135976214 | 2 | -0.5
1.5991567706556444 | 2 | -0.5
1.7056585603384202 | 1 | -0.5
1.5330375921533308 | 2 | -0.5
1.6830498188000456 | 1 | -0.5
1.5201713215928159 | 2 | -0.5
1.6708485568113889 | 2 | -0.5
1.9098297788381124 | 1 | -0.5
1.59786917419848 | 2 | -0.5
1.7839519509397852 | 1 | -0.5
1.5655747080799083 | 2 | -0.5
1.725297130502141 | 1 | -0.5
1.511836688922875 | 2 | -0.5
1.6612350632156245 | 1 | -0.5
1.4225132052385723 | 2 | -0.5
1.5818430963684231 | 2 | -0.5
1.9401206031648057 | 0 | 5.0
1.7853930523121888 | 0 | 5.0
1.5315245711453975 | 0 | 5.0
1.2951649024854408 | 2 | -0.5
1.797411391207613 | 0 | 5.0
1.3015303755162575 | 0 | 5.0
0.7474154841801854 | 0 | 5.0
0.6697513317059512 | 0 | 5.0
0.7695938699134205 | 0 | 5.0
0.9211051079122425 | 0 | 5.0
1.035975767455261 | 2 | -0.5
0.933480708110314 | 0 | 5.0
1.0188729137123713 | 0 | 5.0
1.022215921904054 | 0 | 5.0
1.0701386961579868 | 0 | 5.0
1.1464933238253066 | 0 | 5.0
1.1921137569983487 | 0 | 5.0
1.2481267773738138 | 0 | 5.0
1.2899565749320392 | 0 | 5.0
1.3815796175296455 | 0 | 5.0
1.4048890234284561 | 0 | 5.0
1.4772970971589525 | 0 | 5.0
1.539927067207258 | 0 | 5.0
1.5825182605352082 | 0 | 5.0
1.6066235982979389 | 0 | 5.0
1.690588578699039 | 0 | 5.0
1.7187730877013767 | 0 | 5.0
1.7963867726244294 | 0 | 5.0
1.7963224683615293 | 0 | 5.0
1.9002704781982886 | 0 | 5.0
1.9574537193448995 | 2 | -0.5
1.885707375229304 | 0 | 5.0
1.9104854697559028 | 0 | 5.0
1.9164911219846532 | 0 | 5.0
1.9759880978594608 | 0 | 5.0
2.008107731829163 | 0 | 5.0
2.0323563585006146 | 0 | 5.0
2.0596294159067168 | 0 | 5.0
2.0481316040351993 | 0 | 5.0
2.130062325189571 | 0 | 5.0
2.180522963926617 | 2 | -0.5
2.109960755843357 | 0 | 5.0
2.143417177047868 | 0 | 5.0
2.1371815385326336 | 0 | 5.0
2.1737138469401254 | 0 | 5.0
2.2041321917225187 | 0 | 5.0
2.2509729815264437 | 0 | 5.0
2.2531791587863164 | 0 | 5.0
2.3112820475037683 | 0 | 5.0
2.3287924128968998 | 0 | 5.0
2.3247572610809653 | 0 | 5.0
2.347182363033773 | 0 | 5.0
2.401451684229859 | 2 | -0.5
2.3775832764621154 | 0 | 5.0
2.39392273889147 | 0 | 5.0
2.3383149123366422 | 0 | 5.0
2.3552834779256364 | 0 | 5.0
2.365684083518423 | 0 | 5.0
2.382148084202842 | 0 | 5.0
2.337617347999386 | 0 | 5.0
2.446530583895606 | 0 | 5.0
2.4110647061319472 | 0 | 5.0
2.4562312381854725 | 0 | 5.0
2.4838556819100277 | 0 | 5.0
2.468575002156954 | 0 | 5.0
2.4886892244340357 | 0 | 5.0
2.51177880778024 | 0 | 5.0
2.5334838240711455 | 0 | 5.0
2.6248297262763614 | 2 | -0.5
2.548347411811817 | 0 | 5.0
2.5253137041462947 | 0 | 5.0
2.517292809724871 | 0 | 5.0
2.5376072571603534 | 0 | 5.0
2.4922297796533415 | 0 | 5.0
2.505970507576351 | 2 | -0.5
2.57991447064299 | 0 | 5.0
2.5172134624043703 | 0 | 5.0
2.487734996985982 | 0 | 5.0
2.4153006897141003 | 0 | 5.0
2.3858715327698996 | 0 | 5.0
2.3522490898801887 | 2 | -0.5
2.56736384899296 | 1 | -0.5
2.3062389406637003 | 2 | -0.5
2.5211509642823273 | 1 | -0.5
2.3225612976923693 | 2 | -0.5
2.5926612887183142 | 1 | -0.5
2.288246390589963 | 2 | -0.5
2.506585786623249 | 1 | -0.5
2.200891080079574 | 2 | -0.5
2.484377634067151 | 1 | -0.5
2.2289277333143596 | 2 | -0.5
2.4823618718545415 | 1 | -0.5
2.2026790665061395 | 2 | -0.5
2.4721133717576436 | 1 | -0.5
2.1719424588357357 | 2 | -0.5
2.344755740678058 | 1 | -0.5
2.11822919200819 | 2 | -0.5
2.331132859522151 | 1 | -0.5
2.0742947851305717 | 2 | -0.5
2.307070193198098 | 1 | -0.5
1.9922539889071988 | 2 | -0.5
2.2500974106061626 | 1 | -0.5
2.0399218922575706 | 2 | -0.5
2.2726141394508015 | 1 | -0.5
1.9304104407164067 | 2 | -0.5
2.1375073424404025 | 2 | -0.5
2.3595949728675434 | 1 | -0.5
2.005014671583846 | 2 | -0.5
2.361466864608842 | 1 | -0.5
2.080959358233534 | 2 | -0.5
2.4102698401373135 | 1 | -0.5
2.012100229621779 | 2 | -0.5
2.4271703751721447 | 1 | -0.5
2.0053519910280464 | 2 | -0.5
2.3765526530382037 | 1 | -0.5
1.9274722351158924 | 2 | -0.5
2.2805103551666184 | 1 | -0.5
1.8220622288113864 | 2 | -0.5
2.176279216992264 | 2 | -0.5
2.6726183189124444 | 0 | 5.0
2.318286852753548 | 0 | 5.0
1.8803980341480084 | 2 | -0.5
2.5433611996580527 | 0 | 5.0
2.2169791508163152 | 0 | 5.0
1.9736529080688625 | 0 | 5.0
1.4078748142994642 | 0 | 5.0
0.9882414442682953 | 0 | 5.0
0.7995166648957309 | 0 | 5.0
0.8921193468802667 | 0 | 5.0
0.9758899201918292 | 0 | 5.0
0.9768993681496551 | 0 | 5.0
1.0661202418373192 | 0 | 5.0
1.160192024420856 | 0 | 5.0
1.230753791181402 | 0 | 5.0
1.2992715415364429 | 0 | 5.0
1.3603224714738547 | 0 | 5.0
1.4475010723631596 | 2 | -0.5
1.3982853154170878 | 0 | 5.0
1.4388184127958095 | 0 | 5.0
1.4830723883306658 | 0 | 5.0
1.4946123436214593 | 0 | 5.0
1.545514599987105 | 0 | 5.0
1.5850439715810969 | 0 | 5.0
1.6088858365298782 | 0 | 5.0
1.626729670100652 | 0 | 5.0
1.6947805872831019 | 2 | -0.5
1.630472439302728 | 0 | 5.0
1.6383387696991538 | 0 | 5.0
1.641724429290415 | 0 | 5.0
1.679612837544842 | 2 | -0.5
1.6970261307439973 | 0 | 5.0
1.6538134688502244 | 0 | 5.0
1.603654498820351 | 0 | 5.0
1.5881744150958899 | 2 | -0.5
1.594307361591004 | 1 | -0.5
1.5561073836489716 | 2 | -0.5
1.6245223477179787 | 1 | -0.5
1.530954131171822 | 2 | -0.5
1.5815875090891784 | 1 | -0.5
1.4881846966013932 | 2 | -0.5
1.5879998271270033 | 1 | -0.5
1.4662566313335132 | 2 | -0.5
1.5679299392416748 | 1 | -0.5
1.4397222862558647 | 2 | -0.5
1.5253197757470223 | 2 | -0.5
1.6153397891347205 | 1 | -0.5
1.4763136784318962 | 2 | -0.5
1.5753947900463199 | 1 | -0.5
1.427972049089316 | 2 | -0.5
1.504791014022284 | 1 | -0.5
1.3994687163304897 | 2 | -0.5
1.4970325633413475 | 1 | -0.5
1.3659015789639075 | 2 | -0.5
1.516625776272617 | 1 | -0.5
1.3340554001418112 | 2 | -0.5
1.4829660619061955 | 2 | -0.5
1.7282614358740465 | 1 | -0.5
1.457210441230202 | 2 | -0.5
1.626734073233417 | 1 | -0.5
1.3557955970445634 | 2 | -0.5
1.5361725553259116 | 1 | -0.5
1.265078435345053 | 2 | -0.5
1.4007573827223447 | 2 | -0.5
1.7004354376810298 | 0 | 5.0
1.370771230774007 | 2 | -0.5
1.8086254513747628 | 0 | 5.0
1.4711533063465105 | 0 | 5.0
1.1479677446519698 | 0 | 5.0
0.7271052040882793 | 0 | 5.0
0.6222562510622555 | 0 | 5.0
0.6586576926441878 | 0 | 5.0
0.7651505015818207 | 0 | 5.0
0.8503559287023297 | 0 | 5.0
0.9750178445055177 | 0 | 5.0
1.0236296547706152 | 0 | 5.0
1.1236713227615385 | 0 | 5.0
1.2139120661955751 | 0 | 5.0
1.2778006848542038 | 0 | 5.0
1.3470659008911523 | 2 | -0.5
1.299171317715755 | 0 | 5.0
1.3528627337021877 | 0 | 5.0
1.3801295866229246 | 0 | 5.0
1.399630987332168 | 0 | 5.0
1.4632985399737177 | 0 | 5.0
1.477111086303687 | 0 | 5.0
1.5345269096279073 | 0 | 5.0
1.558340755199958 | 0 | 5.0
1.590220239275661 | 0 | 5.0
1.6606639944656103 | 0 | 5.0
1.6939757683664851 | 0 | 5.0
1.7656431332875853 | 0 | 5.0
1.7259433448384844 | 0 | 5.0
1.8165216308351388 | 0 | 5.0
1.840825382799074 | 0 | 5.0
1.8464057796554005 | 0 | 5.0
1.884197183516795 | 1 | -0.5
1.956300490461724 | 2 | -0.5
1.903676591627436 | 1 | -0.5
1.9628138985440218 | 2 | -0.5
1.9052878412447078 | 1 | -0.5
2.003863870288011 | 1 | -0.5
2.141334694235357 | 2 | -0.5
1.998513048847467 | 1 | -0.5
2.1549031697110417 | 2 | -0.5
2.083848240055341 | 1 | -0.5
2.2183932755589213 | 2 | -0.5
2.051738105387892 | 1 | -0.5
2.237851349538348 | 2 | -0.5
2.1002473989492865 | 1 | -0.5
2.21077379255746 | 1 | -0.5
2.487028806304284 | 2 | -0.5
2.1989750903883434 | 1 | -0.5
2.506447222058631 | 2 | -0.5
2.2193993612077634 | 1 | -0.5
2.514083691803297 | 2 | -0.5
2.286543236952484 | 1 | -0.5
2.6577853068456267 | 1 | -0.5
3.3600228155265905 | 0 | 5.0
3.5397097411901837 | 0 | 5.0
3.6753407727272607 | 1 | -0.5
3.181203234299549 | 0 | 5.0
3.103270038226887 | 0 | 5.0
2.9808860269554454 | 0 | 5.0
2.901057508792613 | 0 | 5.0
2.759404958415593 | 1 | -0.5
2.501883395000922 | 0 | 5.0
2.4590165661772265 | 0 | 5.0
2.3491661868269063 | 0 | 5.0
2.274895054841656 | 0 | 5.0
2.172002894566855 | 0 | 5.0
2.12184097238815 | 0 | 5.0
2.063676459493774 | 0 | 5.0
1.965798264893911 | 0 | 5.0
1.9460935032025128 | 0 | 5.0
1.8512373624405587 | 0 | 5.0
1.8380120637054316 | 0 | 5.0
1.7318848235759214 | 0 | 5.0
1.6793321549593097 | 0 | 5.0
1.588361348154298 | 0 | 5.0
1.4807401067490196 | 0 | 5.0
1.4306503506536803 | 0 | 5.0
1.4440668654528015 | 0 | 5.0
1.3465200117848728 | 1 | -0.5
1.2914278922318274 | 0 | 5.0
1.2925639700072573 | 0 | 5.0
1.2854586840838698 | 0 | 5.0
1.3059297387991557 | 0 | 5.0
1.2588719382273597 | 0 | 5.0
1.2496041197889096 | 2 | -0.5
1.301321893193545 | 1 | -0.5
1.265697445546976 | 2 | -0.5
1.2514376295169751 | 1 | -0.5
1.2121146166530554 | 2 | -0.5
1.2557534466994087 | 2 | -0.5
1.3612792038201544 | 1 | -0.5
1.2017275690555382 | 1 | -0.5
1.2026094073808424 | 2 | -0.5
1.2022193082829333 | 2 | -0.5
1.2974661432991947 | 1 | -0.5
1.2040698651473098 | 2 | -0.5
1.2656892596281049 | 1 | -0.5
1.194143242106192 | 2 | -0.5
1.2304060838541386 | 2 | -0.5
1.3024508685373988 | 1 | -0.5
1.1608032249278901 | 2 | -0.5
1.254865181040223 | 1 | -0.5
1.1222431660683787 | 2 | -0.5
1.2193200970797655 | 2 | -0.5
1.4472527964928548 | 1 | -0.5
1.168070246631012 | 2 | -0.5
1.3372639602887737 | 1 | -0.5
1.1095247301266769 | 2 | -0.5
1.241733562531715 | 1 | -0.5
1.0308315076009982 | 2 | -0.5
1.219483558011718 | 1 | -0.5
1.014529958428528 | 2 | -0.5
1.0691900597679385 | 2 | -0.5
1.336951997174967 | 0 | 5.0
1.0499245899917724 | 2 | -0.5
1.1748736308614536 | 0 | 5.0
0.9279177389646283 | 0 | 5.0
0.563737084492368 | 0 | 5.0
0.5750868954250677 | 0 | 5.0
0.7269564314918846 | 2 | -0.5
0.6457259610576291 | 0 | 5.0
0.7454491323933553 | 0 | 5.0
0.8015491734319469 | 0 | 5.0
0.8692500772607953 | 0 | 5.0
0.950930264788577 | 0 | 5.0
1.0365634260984062 | 0 | 5.0
1.1327380583683333 | 0 | 5.0
1.218415992835634 | 0 | 5.0
1.2817456932282225 | 0 | 5.0
1.369481436962456 | 0 | 5.0
1.4302602540264189 | 0 | 5.0
1.5323615328704996 | 2 | -0.5
1.4388787865993573 | 0 | 5.0
1.5014555306986 | 0 | 5.0
1.525814601500288 | 0 | 5.0
1.5304932024232925 | 0 | 5.0
1.5950187036165744 | 0 | 5.0
1.6338753645683906 | 0 | 5.0
1.6929641265545476 | 2 | -0.5
1.6651793704978914 | 0 | 5.0
1.611087895406502 | 0 | 5.0
1.5827662763602943 | 0 | 5.0
1.5622741440777739 | 0 | 5.0
1.5404893983566987 | 0 | 5.0
1.5362795058149255 | 0 | 5.0
1.484964546298574 | 2 | -0.5
1.5507708920412455 | 1 | -0.5
1.505940736891935 | 2 | -0.5
1.5674701529526558 | 1 | -0.5
1.4472003972989904 | 2 | -0.5
1.5068751019244777 | 1 | -0.5
1.4157727400343951 | 2 | -0.5
1.4481882853054624 | 1 | -0.5
1.3644654816711772 | 2 | -0.5
1.478111538097401 | 2 | -0.5
1.6193000557486699 | 1 | -0.5
1.4412295407230418 | 2 | -0.5
1.576220915413157 | 1 | -0.5
1.376434546143232 | 2 | -0.5
1.4788344704242549 | 1 | -0.5
1.3202225055015138 | 2 | -0.5
1.4218873266759051 | 2 | -0.5
1.5822358719569718 | 1 | -0.5
1.3456851571219781 | 2 | -0.5
1.5601994168893276 | 1 | -0.5
1.2562146053896655 | 2 | -0.5
1.4837432066304825 | 1 | -0.5
1.2416645080291147 | 2 | -0.5
1.3859085751599716 | 2 | -0.5
1.5821229075919963 | 0 | 5.0
1.2108570968507217 | 2 | -0.5
1.526852569397733 | 0 | 5.0
1.039720342841616 | 0 | 5.0
0.7144481189024178 | 0 | 5.0
0.6108695063620802 | 0 | 5.0
0.7175471121805154 | 2 | -0.5
0.6943138359142628 | 0 | 5.0
0.7882341106225411 | 0 | 5.0
0.8462358961198544 | 0 | 5.0
0.9372536893344008 | 0 | 5.0
1.0390042379712296 | 0 | 5.0
1.0995930255244803 | 0 | 5.0
1.231576042852148 | 0 | 5.0
1.2635022803868252 | 2 | -0.5
1.2017651126612248 | 0 | 5.0
1.2547737234722927 | 0 | 5.0
1.2981192137600042 | 0 | 5.0
1.3778863358747813 | 0 | 5.0
1.411637941448361 | 0 | 5.0
1.4626731477048742 | 0 | 5.0
1.5228523653669184 | 0 | 5.0
1.5265497829049777 | 0 | 5.0
1.5990876435524868 | 0 | 5.0
1.7148461416887615 | 0 | 5.0
1.725811197732368 | 0 | 5.0
1.8291185285481841 | 0 | 5.0
1.8729151708341811 | 2 | -0.5
1.8116043123616332 | 0 | 5.0
1.798700564384711 | 0 | 5.0
1.8158333977476961 | 0 | 5.0
1.8456054006081355 | 0 | 5.0
1.8610094774241297 | 0 | 5.0
1.9138050274987046 | 0 | 5.0
1.9131398499030685 | 0 | 5.0
1.9260733104581618 | 0 | 5.0
1.9295773494094388 | 0 | 5.0
1.9017676813560924 | 0 | 5.0
1.9244209587928816 | 0 | 5.0
1.9403395105216248 | 0 | 5.0
1.941611322521746 | 0 | 5.0
1.96872942430812 | 0 | 5.0
1.985987795214545 | 0 | 5.0
1.9594204594758886 | 0 | 5.0
2.020792910961771 | 0 | 5.0
2.0150715207684735 | 0 | 5.0
2.0334111296949975 | 0 | 5.0
2.0759863345479435 | 0 | 5.0
2.049843132317294 | 0 | 5.0
2.1634163062712015 | 0 | 5.0
2.0966231240076745 | 0 | 5.0
2.133488725091421 | 0 | 5.0
2.122501577415435 | 0 | 5.0
2.1935837669780187 | 0 | 5.0
2.1522555874511924 | 0 | 5.0
2.1928818826465175 | 0 | 5.0
2.1920356023458543 | 0 | 5.0
2.2531604974198642 | 0 | 5.0
2.2168854213882896 | 0 | 5.0
2.2321995234536387 | 0 | 5.0
2.2652441026731998 | 0 | 5.0
2.2365744006577444 | 0 | 5.0
2.2883823178967067 | 0 | 5.0
2.306546240033823 | 0 | 5.0
2.2900822079742125 | 0 | 5.0
2.3741640708109433 | 0 | 5.0
2.347967642330741 | 2 | -0.5
2.337526598714307 | 0 | 5.0
2.297996637995697 | 0 | 5.0
2.292776127439946 | 0 | 5.0
2.307840854897175 | 0 | 5.0
2.2868288460606023 | 0 | 5.0
2.214637170355847 | 2 | -0.5
2.359004439699434 | 0 | 5.0
2.298461933869651 | 0 | 5.0
2.1811155695479854 | 0 | 5.0
2.1307449051849936 | 0 | 5.0
2.0491358007808533 | 2 | -0.5
2.220378158236329 | 1 | -0.5
2.0079611008058293 | 2 | -0.5
2.239864547199969 | 1 | -0.5
2.0453051319306312 | 2 | -0.5
2.2048527778272655 | 1 | -0.5
1.984132598430695 | 2 | -0.5
2.272697411026979 | 1 | -0.5
1.969335783977355 | 2 | -0.5
2.158124791279119 | 1 | -0.5
1.8938398416116315 | 2 | -0.5
2.1424024078950503 | 1 | -0.5
1.838779707275691 | 2 | -0.5
2.132501448896537 | 1 | -0.5
1.8404653175725565 | 2 | -0.5
2.10801756179131 | 1 | -0.5
1.8291716459157408 | 2 | -0.5
2.018607654714946 | 1 | -0.5
1.7742400774952773 | 2 | -0.5
1.9776346133109604 | 1 | -0.5
1.72439165988816 | 2 | -0.5
1.9423735179080133 | 2 | -0.5
2.3608188039102007 | 1 | -0.5
1.9005811836194173 | 2 | -0.5
2.2702299576925715 | 1 | -0.5
1.842968059957064 | 2 | -0.5
2.1494283523928357 | 1 | -0.5
1.7581649818444691 | 2 | -0.5
2.108032233799654 | 1 | -0.5
1.7741960287318366 | 2 | -0.5
2.0145478963094314 | 1 | -0.5
1.6402095442056437 | 2 | -0.5
1.9886006713139677 | 0 | 5.0
1.8028480698111042 | 2 | -0.5
2.4947246763239095 | 0 | 5.0
2.0540783002387872 | 0 | 5.0
1.575782935834432 | 0 | 5.0
1.2673952861508104 | 0 | 5.0
0.8821268397798536 | 0 | 5.0
0.7712627701688191 | 0 | 5.0
0.8730246682234681 | 0 | 5.0
0.9388100470725925 | 0 | 5.0
1.0204839752196773 | 0 | 5.0
1.149377757829572 | 2 | -0.5
1.0513002552513449 | 0 | 5.0
1.126019470990221 | 0 | 5.0
1.1678595467996886 | 0 | 5.0
1.2225081919309293 | 0 | 5.0
1.3122050973436503 | 0 | 5.0
1.3708707526585389 | 0 | 5.0
1.406365251272561 | 0 | 5.0
1.5064530433225478 | 0 | 5.0
1.5789907728290429 | 0 | 5.0
1.6541520008316093 | 0 | 5.0
1.699420827678502 | 2 | -0.5
1.6693326102713373 | 0 | 5.0
1.674892096453651 | 0 | 5.0
1.7055899098161067 | 0 | 5.0
1.7371169901674428 | 0 | 5.0
1.7825083613565342 | 0 | 5.0
1.7851088255790308 | 0 | 5.0
1.8203459978565375 | 0 | 5.0
1.8660458481927678 | 0 | 5.0
1.9101745920156987 | 0 | 5.0
1.981284329752602 | 0 | 5.0
2.0198292823927706 | 0 | 5.0
2.029195168400523 | 0 | 5.0
2.090583118226012 | 2 | -0.5
2.0755600333279913 | 0 | 5.0
2.079967032369129 | 0 | 5.0
2.0679930619431786 | 0 | 5.0
2.1240992740775635 | 0 | 5.0
2.0642340643600505 | 0 | 5.0
2.0718049469874247 | 0 | 5.0
2.104612862301088 | 0 | 5.0
2.0814211268266396 | 0 | 5.0
2.105385583846931 | 0 | 5.0
2.0941991328943828 | 0 | 5.0
2.125092167104556 | 0 | 5.0
2.1212455202428866 | 0 | 5.0
2.121853790592997 | 0 | 5.0
2.1308215133053583 | 0 | 5.0
2.0806493724353246 | 0 | 5.0
2.133077931663319 | 0 | 5.0
2.152021003829593 | 0 | 5.0
2.183229316585253 | 0 | 5.0
2.156966657457505 | 0 | 5.0
2.167010076796377 | 0 | 5.0
2.1967058907033055 | 0 | 5.0
2.1779382805854732 | 0 | 5.0
2.21181362549833 | 0 | 5.0
2.1733670492095727 | 0 | 5.0
2.166958151870251 | 0 | 5.0
2.1615738090736376 | 0 | 5.0
2.1774678595107044 | 0 | 5.0
2.17651525602257 | 0 | 5.0
2.2035779294170807 | 0 | 5.0
2.1659593648958 | 0 | 5.0
2.1740914575556523 | 0 | 5.0
2.2381019227153662 | 0 | 5.0
2.1824576070105715 | 0 | 5.0
2.1968080251903617 | 0 | 5.0
2.219608904803803 | 2 | -0.5
2.215484782448009 | 0 | 5.0
2.20397617186069 | 0 | 5.0
2.146967114845019 | 0 | 5.0
2.107471404672255 | 0 | 5.0
2.1346822022868137 | 0 | 5.0
2.092400994062028 | 2 | -0.5
2.14068597164413 | 0 | 5.0
2.093989230853129 | 0 | 5.0
2.0684862914671633 | 0 | 5.0
2.0195584370936954 | 2 | -0.5
2.233529291469899 | 1 | -0.5
1.9988681997952802 | 2 | -0.5
2.1796133306249157 | 1 | -0.5
1.9519000831728268 | 2 | -0.5
2.135039892039786 | 1 | -0.5
1.8862116973594134 | 2 | -0.5
2.108946528144554 | 1 | -0.5
1.8352116639384672 | 2 | -0.5
2.053920792496827 | 1 | -0.5
1.785051669129486 | 2 | -0.5
2.021320060435488 | 1 | -0.5
1.8252460792442247 | 2 | -0.5
1.980249405653394 | 2 | -0.5
2.4196157516896 | 1 | -0.5
1.9402915891223553 | 2 | -0.5
2.316698919401544 | 1 | -0.5
1.9570688954363578 | 2 | -0.5
2.3055893524795046 | 0 | 5.0
2.146581552200534 | 0 | 5.0
1.8940078417529895 | 0 | 5.0
1.6258912043450844 | 2 | -0.5
2.159689475044556 | 0 | 5.0
1.8305108775823682 | 0 | 5.0
1.5341447110325916 | 0 | 5.0
1.1388875150348075 | 0 | 5.0
0.7907485342855254 | 0 | 5.0
0.7422376227041907 | 0 | 5.0
0.873331375846643 | 0 | 5.0
0.9351617185535976 | 0 | 5.0
1.0069646379957653 | 0 | 5.0
1.0767726642126236 | 0 | 5.0
1.196299966727529 | 0 | 5.0
1.2693187134559116 | 0 | 5.0
1.3277593915125168 | 0 | 5.0
1.3779335837630557 | 0 | 5.0
1.4474856036538823 | 0 | 5.0
1.5164784638197975 | 0 | 5.0
1.595273022591857 | 0 | 5.0
1.6773553931253384 | 0 | 5.0
1.7024585945762154 | 2 | -0.5
1.6293591706709507 | 0 | 5.0
1.6658196132423109 | 0 | 5.0
1.6893134545338757 | 0 | 5.0
1.7554147873136572 | 0 | 5.0
1.821532157135651 | 0 | 5.0
1.8194525411249116 | 2 | -0.5
1.7954624198689915 | 0 | 5.0
1.7807903942562693 | 0 | 5.0
1.7405484203904267 | 0 | 5.0
1.743427447830996 | 0 | 5.0
1.7428924085517907 | 2 | -0.5
1.804977135570948 | 0 | 5.0
1.754251882947033 | 0 | 5.0
1.7249133193863282 | 0 | 5.0
1.6590438104858225 | 2 | -0.5
1.7686212625965807 | 1 | -0.5
1.5846132216858906 | 2 | -0.5
1.721643614801287 | 1 | -0.5
1.6122283049378503 | 2 | -0.5
1.7119925417330746 | 1 | -0.5
1.5615373598959759 | 2 | -0.5
1.6271847895382099 | 1 | -0.5
1.5524489613573007 | 2 | -0.5
1.6078909453358494 | 2 | -0.5
1.8244223217246158 | 1 | -0.5
1.7187142381514937 | 1 | -0.5
1.5043472576968744 | 2 | -0.5
1.6462193835994101 | 2 | -0.5
1.86988224184621 | 1 | -0.5
1.598821276574736 | 2 | -0.5
1.8005759535726245 | 1 | -0.5
1.5929420557284142 | 2 | -0.5
1.8993781861620584 | 1 | -0.5
1.5470863202056484 | 2 | -0.5
1.7963401975342517 | 1 | -0.5
1.5313025885569171 | 2 | -0.5
1.7621216283007808 | 1 | -0.5
1.4718449289465312 | 2 | -0.5
1.649923845073446 | 1 | -0.5
1.4070513534434645 | 2 | -0.5
1.6507206867089643 | 1 | -0.5
1.3720247503754424 | 2 | -0.5
1.6137755214076317 | 2 | -0.5
2.01508189779259 | 0 | 5.0
1.5889133524215406 | 0 | 5.0
1.3739260243066638 | 0 | 5.0
1.069687258237245 | 0 | 5.0
0.7041192101333755 | 2 | -0.5
0.9003494908053548 | 0 | 5.0
0.6856356495442701 | 0 | 5.0
0.728303668312209 | 0 | 5.0
0.8769465704924734 | 0 | 5.0
1.0004401995689274 | 0 | 5.0
1.0857202119156286 | 0 | 5.0
1.165835524532069 | 0 | 5.0
1.267724406404611 | 2 | -0.5
1.2118571168291383 | 0 | 5.0
1.2695396372596754 | 0 | 5.0
1.2886141877090687 | 0 | 5.0
1.3469021650391342 | 0 | 5.0
1.4002890400495318 | 0 | 5.0
1.462054210963524 | 0 | 5.0
1.5301068638927637 | 0 | 5.0
1.6038796861444422 | 0 | 5.0
1.610007743608552 | 0 | 5.0
1.683841946809062 | 0 | 5.0
1.6843849959564923 | 0 | 5.0
1.7821536681003252 | 0 | 5.0
1.7791416780659302 | 0 | 5.0
1.8184064821325157 | 0 | 5.0
1.9294682751515582 | 0 | 5.0
1.9626207106215525 | 0 | 5.0
1.992424681207507 | 0 | 5.0
2.0090536303777338 | 0 | 5.0
2.0759935448518885 | 2 | -0.5
2.023967027724835 | 0 | 5.0
2.0407171411320024 | 1 | -0.5
2.157075140409321 | 2 | -0.5
2.0717554315364413 | 1 | -0.5
2.1485512084177563 | 2 | -0.5
2.0890715209776594 | 1 | -0.5
2.1346217696884326 | 2 | -0.5
2.048204086782021 | 1 | -0.5
2.1530418000245852 | 1 | -0.5
2.316031956172532 | 2 | -0.5
2.212700212410435 | 1 | -0.5
2.360330988648898 | 2 | -0.5
2.2269554951579935 | 1 | -0.5
2.457762799751081 | 2 | -0.5
2.2514927720676923 | 1 | -0.5
2.456877389802138 | 1 | -0.5
2.820368003082505 | 2 | -0.5
2.513944753391368 | 1 | -0.5
2.912311266645084 | 1 | -0.5
3.536617018992325 | 0 | 5.0
3.7865826456662757 | 0 | 5.0
3.5624633229206113 | 1 | -0.5
3.1470086179403856 | 0 | -200.0
Total reward: 1646.0
