-0.2, -5.3, 0.2, 0.2, -1.1, 5.2, 0.0, -6.0, 0.3
parameter ends

state | action | reward
[-0.54] | 2 | -1.0
-0.54035484790802 | 2 | -1.0
-0.5380951166152954 | 2 | -1.0
-0.5347266793251038 | 2 | -1.0
-0.5302748084068298 | 2 | -1.0
-0.5247728824615479 | 2 | -1.0
-0.5182621479034424 | 2 | -1.0
-0.5107914805412292 | 2 | -1.0
-0.5024167895317078 | 2 | -1.0
-0.4932008683681488 | 2 | -1.0
-0.48321259021759033 | 2 | -1.0
-0.472526490688324 | 2 | -1.0
-0.46122196316719055 | 2 | -1.0
-0.449382483959198 | 2 | -1.0
-0.4370950758457184 | 2 | -1.0
-0.4244491755962372 | 2 | -1.0
-0.41153597831726074 | 2 | -1.0
-0.39844751358032227 | 2 | -1.0
-0.38527578115463257 | 2 | -1.0
-0.372111976146698 | 2 | -1.0
-0.3590455949306488 | 2 | -1.0
-0.3461638391017914 | 2 | -1.0
-0.33355090022087097 | 2 | -1.0
-0.3212873339653015 | 2 | -1.0
-0.3094496428966522 | 2 | -1.0
-0.29810982942581177 | 2 | -1.0
-0.2873351573944092 | 2 | -1.0
-0.2771877348423004 | 2 | -1.0
-0.2677246630191803 | 2 | -1.0
-0.2589976191520691 | 2 | -1.0
-0.2510531544685364 | 2 | -1.0
-0.24393251538276672 | 2 | -1.0
-0.23767180740833282 | 2 | -1.0
-0.23230208456516266 | 2 | -1.0
-0.22784945368766785 | 2 | -1.0
-0.22433514893054962 | 2 | -1.0
-0.22177572548389435 | 2 | -1.0
-0.2201830893754959 | 2 | -1.0
-0.21956460177898407 | 2 | -1.0
-0.21992307901382446 | 2 | -1.0
-0.22125691175460815 | 2 | -1.0
-0.2235599160194397 | 2 | -1.0
-0.2268214225769043 | 2 | -1.0
-0.23102612793445587 | 2 | -1.0
-0.23615403473377228 | 2 | -1.0
-0.24218036234378815 | 2 | -1.0
-0.24907538294792175 | 2 | -1.0
-0.25680434703826904 | 2 | -1.0
-0.2653273344039917 | 2 | -1.0
-0.2745993137359619 | 2 | -1.0
-0.2845698893070221 | 2 | -1.0
-0.2951834499835968 | 2 | -1.0
-0.30637913942337036 | 2 | -1.0
-0.31809112429618835 | 2 | -1.0
-0.3302485942840576 | 2 | -1.0
-0.34277623891830444 | 2 | -1.0
-0.3555945158004761 | 2 | -1.0
-0.3686201572418213 | 2 | -1.0
-0.3817667067050934 | 2 | -1.0
-0.3949451744556427 | 2 | -1.0
-0.40806475281715393 | 2 | -1.0
-0.4210336208343506 | 2 | -1.0
-0.4337596297264099 | 2 | -1.0
-0.4461513161659241 | 2 | -1.0
-0.45811864733695984 | 2 | -1.0
-0.4695739150047302 | 2 | -1.0
-0.4804325997829437 | 2 | -1.0
-0.4906141459941864 | 2 | -1.0
-0.5000426769256592 | 2 | -1.0
-0.5086476802825928 | 2 | -1.0
-0.5163648128509521 | 2 | -1.0
-0.5231361985206604 | 2 | -1.0
-0.5289110541343689 | 2 | -1.0
-0.5336460471153259 | 2 | -1.0
-0.5373057126998901 | 2 | -1.0
-0.5398626327514648 | 2 | -1.0
-0.5412976145744324 | 2 | -1.0
-0.5415998697280884 | 2 | -1.0
-0.540767252445221 | 2 | -1.0
-0.5388058423995972 | 2 | -1.0
-0.5357304811477661 | 2 | -1.0
-0.5315641164779663 | 2 | -1.0
-0.5263380408287048 | 2 | -1.0
-0.5200914144515991 | 2 | -1.0
-0.5128711462020874 | 2 | -1.0
-0.5047312378883362 | 2 | -1.0
-0.49573278427124023 | 2 | -1.0
-0.48594310879707336 | 2 | -1.0
-0.4754352271556854 | 2 | -1.0
-0.46428731083869934 | 2 | -1.0
-0.45258191227912903 | 2 | -1.0
-0.44040510058403015 | 2 | -1.0
-0.4278457760810852 | 2 | -1.0
-0.4149947762489319 | 2 | -1.0
-0.40194398164749146 | 2 | -1.0
-0.3887854814529419 | 2 | -1.0
-0.37561070919036865 | 2 | -1.0
-0.36250975728034973 | 2 | -1.0
-0.34957051277160645 | 2 | -1.0
-0.3368779718875885 | 2 | -1.0
-0.3245137333869934 | 2 | -1.0
-0.3125554323196411 | 2 | -1.0
-0.30107632279396057 | 2 | -1.0
-0.2901448905467987 | 2 | -1.0
-0.27982470393180847 | 2 | -1.0
-0.27017414569854736 | 2 | -1.0
-0.2612464129924774 | 2 | -1.0
-0.2530893385410309 | 2 | -1.0
-0.24574564397335052 | 2 | -1.0
-0.23925276100635529 | 2 | -1.0
-0.2336430847644806 | 2 | -1.0
-0.22894401848316193 | 2 | -1.0
-0.2251780927181244 | 2 | -1.0
-0.22236309945583344 | 2 | -1.0
-0.22051216661930084 | 2 | -1.0
-0.21963387727737427 | 2 | -1.0
-0.21973222494125366 | 2 | -1.0
-0.2208068072795868 | 2 | -1.0
-0.22285263240337372 | 2 | -1.0
-0.22586026787757874 | 2 | -1.0
-0.22981561720371246 | 2 | -1.0
-0.23469997942447662 | 2 | -1.0
-0.24048981070518494 | 2 | -1.0
-0.24715673923492432 | 2 | -1.0
-0.25466734170913696 | 2 | -1.0
-0.26298314332962036 | 2 | -1.0
-0.27206042408943176 | 2 | -1.0
-0.28185024857521057 | 2 | -1.0
-0.2922983467578888 | 2 | -1.0
-0.30334529280662537 | 2 | -1.0
-0.31492653489112854 | 2 | -1.0
-0.3269725739955902 | 2 | -1.0
-0.3394092619419098 | 2 | -1.0
-0.35215815901756287 | 2 | -1.0
-0.36513692140579224 | 2 | -1.0
-0.3782598674297333 | 2 | -1.0
-0.39143863320350647 | 2 | -1.0
-0.4045828580856323 | 2 | -1.0
-0.4176008403301239 | 2 | -1.0
-0.4304004907608032 | 2 | -1.0
-0.4428900480270386 | 2 | -1.0
-0.4549790322780609 | 2 | -1.0
-0.46657904982566833 | 2 | -1.0
-0.47760459780693054 | 2 | -1.0
-0.48797401785850525 | 2 | -1.0
-0.4976101517677307 | 2 | -1.0
-0.5064409375190735 | 2 | -1.0
-0.5144004225730896 | 2 | -1.0
-0.5214288234710693 | 2 | -1.0
-0.5274735689163208 | 2 | -1.0
-0.5324891805648804 | 2 | -1.0
-0.5364381670951843 | 2 | -1.0
-0.5392908453941345 | 2 | -1.0
-0.5410259366035461 | 2 | -1.0
-0.5416303277015686 | 2 | -1.0
-0.5410995483398438 | 2 | -1.0
-0.5394375920295715 | 2 | -1.0
-0.53665691614151 | 2 | -1.0
-0.532778263092041 | 2 | -1.0
-0.5278308391571045 | 2 | -1.0
-0.521851658821106 | 2 | -1.0
-0.5148855447769165 | 2 | -1.0
-0.5069848299026489 | 2 | -1.0
-0.498208612203598 | 2 | -1.0
-0.48862266540527344 | 2 | -1.0
-0.478298544883728 | 2 | -1.0
-0.46731314063072205 | 2 | -1.0
-0.45574790239334106 | 2 | -1.0
-0.4436880052089691 | 2 | -1.0
-0.43122172355651855 | 2 | -1.0
-0.41843941807746887 | 2 | -1.0
-0.4054328203201294 | 2 | -1.0
-0.3922939896583557 | 2 | -1.0
-0.37911468744277954 | 2 | -1.0
-0.3659854233264923 | 2 | -1.0
-0.3529946804046631 | 2 | -1.0
-0.3402283191680908 | 2 | -1.0
-0.3277689218521118 | 2 | -1.0
-0.31569522619247437 | 2 | -1.0
-0.30408164858818054 | 2 | -1.0
-0.29299798607826233 | 2 | -1.0
-0.2825091481208801 | 2 | -1.0
-0.27267491817474365 | 2 | -1.0
-0.2635498344898224 | 2 | -1.0
-0.25518321990966797 | 2 | -1.0
-0.24761910736560822 | 2 | -1.0
-0.2408963441848755 | 2 | -1.0
-0.23504865169525146 | 2 | -1.0
-0.2301047444343567 | 2 | -1.0
-0.22608846426010132 | 2 | -1.0
-0.2230188250541687 | 2 | -1.0
-0.2209102213382721 | 2 | -1.0
-0.21977239847183228 | 2 | -1.0
-0.21961058676242828 | 2 | -1.0
-0.2204255610704422 | 2 | -1.0
-0.22221356630325317 | 2 | -1.0
-0.22496631741523743 | 2 | -1.0
-0.22867098450660706 | 2 | -1.0
-0.23331011831760406 | 2 | -1.0
-0.23886145651340485 | 2 | -1.0
[-0.41] | 2 | -1.0
-0.40845537185668945 | 2 | -1.0
-0.40814727544784546 | 2 | -1.0
-0.40768787264823914 | 2 | -1.0
-0.40708038210868835 | 2 | -1.0
-0.40632909536361694 | 2 | -1.0
-0.4054392874240875 | 2 | -1.0
-0.4044172465801239 | 2 | -1.0
-0.4032701551914215 | 2 | -1.0
-0.40200603008270264 | 2 | -1.0
-0.4006337821483612 | 2 | -1.0
-0.39916297793388367 | 2 | -1.0
-0.39760392904281616 | 2 | -1.0
-0.3959674835205078 | 2 | -1.0
-0.3942650854587555 | 2 | -1.0
-0.39250850677490234 | 2 | -1.0
-0.3907099664211273 | 2 | -1.0
-0.3888818919658661 | 2 | -1.0
-0.38703691959381104 | 2 | -1.0
-0.3851877450942993 | 2 | -1.0
-0.3833470940589905 | 2 | -1.0
-0.38152754306793213 | 2 | -1.0
-0.3797415792942047 | 2 | -1.0
-0.3780013620853424 | 2 | -1.0
-0.37631872296333313 | 2 | -1.0
-0.37470510601997375 | 2 | -1.0
-0.3731713891029358 | 2 | -1.0
-0.37172800302505493 | 2 | -1.0
-0.3703846335411072 | 2 | -1.0
-0.3691503405570984 | 2 | -1.0
-0.36803340911865234 | 2 | -1.0
-0.36704131960868835 | 2 | -1.0
-0.3661807179450989 | 2 | -1.0
-0.36545735597610474 | 2 | -1.0
-0.36487606167793274 | 2 | -1.0
-0.3644407093524933 | 2 | -1.0
-0.364154189825058 | 2 | -1.0
-0.36401841044425964 | 2 | -1.0
-0.3640342950820923 | 2 | -1.0
-0.36420175433158875 | 2 | -1.0
-0.3645196259021759 | 2 | -1.0
-0.3649858236312866 | 2 | -1.0
-0.3655972182750702 | 2 | -1.0
-0.3663497567176819 | 2 | -1.0
-0.3672384023666382 | 2 | -1.0
-0.36825722455978394 | 2 | -1.0
-0.36939936876296997 | 2 | -1.0
-0.37065720558166504 | 2 | -1.0
-0.3720223009586334 | 2 | -1.0
-0.37348541617393494 | 2 | -1.0
-0.37503674626350403 | 2 | -1.0
-0.37666574120521545 | 2 | -1.0
-0.37836140394210815 | 2 | -1.0
-0.3801122009754181 | 2 | -1.0
-0.3819062113761902 | 2 | -1.0
-0.3837312161922455 | 2 | -1.0
-0.38557469844818115 | 2 | -1.0
-0.3874240517616272 | 2 | -1.0
-0.3892665207386017 | 2 | -1.0
-0.39108946919441223 | 2 | -1.0
-0.39288023114204407 | 2 | -1.0
-0.3946264684200287 | 2 | -1.0
-0.3963160216808319 | 2 | -1.0
-0.39793717861175537 | 2 | -1.0
-0.39947864413261414 | 2 | -1.0
-0.40092962980270386 | 2 | -1.0
-0.4022800028324127 | 2 | -1.0
-0.4035203158855438 | 2 | -1.0
-0.40464189648628235 | 2 | -1.0
-0.4056367874145508 | 2 | -1.0
-0.4064980745315552 | 2 | -1.0
-0.40721964836120605 | 2 | -1.0
-0.4077964425086975 | 2 | -1.0
-0.4082244038581848 | 2 | -1.0
-0.4085004925727844 | 2 | -1.0
-0.40862277150154114 | 2 | -1.0
-0.4085903465747833 | 2 | -1.0
-0.4084034860134125 | 2 | -1.0
-0.40806350111961365 | 2 | -1.0
-0.40757277607917786 | 2 | -1.0
-0.40693479776382446 | 2 | -1.0
-0.4061540365219116 | 2 | -1.0
-0.40523600578308105 | 2 | -1.0
-0.4041871428489685 | 2 | -1.0
-0.4030148386955261 | 2 | -1.0
-0.4017273187637329 | 2 | -1.0
-0.40033361315727234 | 2 | -1.0
-0.3988434672355652 | 2 | -1.0
-0.39726728200912476 | 2 | -1.0
-0.3956160545349121 | 2 | -1.0
-0.3939013183116913 | 2 | -1.0
-0.3921349346637726 | 2 | -1.0
-0.39032918214797974 | 2 | -1.0
-0.3884965181350708 | 2 | -1.0
-0.38664960861206055 | 2 | -1.0
-0.3848011791706085 | 2 | -1.0
-0.3829638957977295 | 2 | -1.0
-0.38115036487579346 | 2 | -1.0
-0.3793729841709137 | 2 | -1.0
-0.3776438534259796 | 2 | -1.0
-0.37597474455833435 | 2 | -1.0
-0.37437695264816284 | 2 | -1.0
-0.3728613257408142 | 2 | -1.0
-0.3714381158351898 | 2 | -1.0
-0.37011685967445374 | 2 | -1.0
-0.3689064681529999 | 2 | -1.0
-0.3678151071071625 | 2 | -1.0
-0.36685001850128174 | 2 | -1.0
-0.3660176992416382 | 2 | -1.0
-0.3653237223625183 | 2 | -1.0
-0.3647727072238922 | 2 | -1.0
-0.3643682897090912 | 2 | -1.0
-0.3641132414340973 | 2 | -1.0
-0.36400917172431946 | 2 | -1.0
-0.36405685544013977 | 2 | -1.0
-0.3642559051513672 | 2 | -1.0
-0.3646050691604614 | 2 | -1.0
-0.36510196328163147 | 2 | -1.0
-0.3657432794570923 | 2 | -1.0
-0.36652475595474243 | 2 | -1.0
-0.36744117736816406 | 2 | -1.0
-0.3684864342212677 | 2 | -1.0
-0.36965346336364746 | 2 | -1.0
-0.37093448638916016 | 2 | -1.0
-0.37232089042663574 | 2 | -1.0
-0.3738033175468445 | 2 | -1.0
-0.3753717839717865 | 2 | -1.0
-0.3770156800746918 | 2 | -1.0
-0.3787238597869873 | 2 | -1.0
-0.3804847002029419 | 2 | -1.0
-0.3822862207889557 | 2 | -1.0
-0.38411614298820496 | 2 | -1.0
-0.3859619200229645 | 2 | -1.0
-0.3878108859062195 | 2 | -1.0
-0.3896503150463104 | 2 | -1.0
-0.39146754145622253 | 2 | -1.0
-0.3932499885559082 | 2 | -1.0
-0.3949853479862213 | 2 | -1.0
-0.39666154980659485 | 2 | -1.0
-0.3982669413089752 | 2 | -1.0
-0.39979031682014465 | 2 | -1.0
-0.40122106671333313 | 2 | -1.0
-0.402549147605896 | 2 | -1.0
-0.4037652909755707 | 2 | -1.0
-0.4048609435558319 | 2 | -1.0
-0.40582844614982605 | 2 | -1.0
-0.40666091442108154 | 2 | -1.0
-0.4073525667190552 | 2 | -1.0
-0.40789851546287537 | 2 | -1.0
-0.4082948863506317 | 2 | -1.0
-0.4085388779640198 | 2 | -1.0
-0.40862879157066345 | 2 | -1.0
-0.4085639715194702 | 2 | -1.0
-0.40834489464759827 | 2 | -1.0
-0.40797311067581177 | 2 | -1.0
-0.40745124220848083 | 2 | -1.0
-0.40678295493125916 | 2 | -1.0
-0.405972957611084 | 2 | -1.0
-0.40502694249153137 | 2 | -1.0
-0.40395161509513855 | 2 | -1.0
-0.40275445580482483 | 2 | -1.0
-0.4014439284801483 | 2 | -1.0
-0.4000292122364044 | 2 | -1.0
-0.3985201418399811 | 2 | -1.0
-0.3969273269176483 | 2 | -1.0
-0.39526185393333435 | 2 | -1.0
-0.3935352861881256 | 2 | -1.0
-0.39175963401794434 | 2 | -1.0
-0.38994720578193665 | 2 | -1.0
-0.38811051845550537 | 2 | -1.0
-0.3862622380256653 | 2 | -1.0
-0.3844150900840759 | 2 | -1.0
-0.3825817406177521 | 2 | -1.0
-0.38077476620674133 | 2 | -1.0
-0.3790065050125122 | 2 | -1.0
-0.37728896737098694 | 2 | -1.0
-0.3756338655948639 | 2 | -1.0
-0.3740524351596832 | 2 | -1.0
-0.37255531549453735 | 2 | -1.0
-0.3711526691913605 | 2 | -1.0
-0.3698539435863495 | 2 | -1.0
-0.3686678409576416 | 2 | -1.0
-0.36760231852531433 | 2 | -1.0
-0.3666645288467407 | 2 | -1.0
-0.3658607602119446 | 2 | -1.0
-0.3651963770389557 | 2 | -1.0
-0.36467576026916504 | 2 | -1.0
-0.36430245637893677 | 2 | -1.0
-0.36407890915870667 | 2 | -1.0
-0.3640066087245941 | 2 | -1.0
-0.3640860319137573 | 2 | -1.0
-0.3643166720867157 | 2 | -1.0
-0.3646969795227051 | 2 | -1.0
-0.3652244210243225 | 2 | -1.0
-0.36589547991752625 | 2 | -1.0
-0.36670568585395813 | 2 | -1.0
-0.3676496148109436 | 2 | -1.0
-0.36872097849845886 | 2 | -1.0
-0.3699125647544861 | 2 | -1.0
-0.37121638655662537 | 2 | -1.0
[-0.46] | 2 | -1.0
-0.46328434348106384 | 2 | -1.0
-0.4621800184249878 | 2 | -1.0
-0.4605337679386139 | 2 | -1.0
-0.45835766196250916 | 2 | -1.0
-0.45566776394844055 | 2 | -1.0
-0.4524838328361511 | 2 | -1.0
-0.4488292336463928 | 2 | -1.0
-0.4447306990623474 | 2 | -1.0
-0.44021815061569214 | 2 | -1.0
-0.435324490070343 | 2 | -1.0
-0.430085152387619 | 2 | -1.0
-0.4245380163192749 | 2 | -1.0
-0.4187229573726654 | 2 | -1.0
-0.41268154978752136 | 2 | -1.0
-0.40645673871040344 | 2 | -1.0
-0.40009254217147827 | 2 | -1.0
-0.39363357424736023 | 2 | -1.0
-0.38712483644485474 | 2 | -1.0
-0.3806113004684448 | 2 | -1.0
-0.3741375803947449 | 2 | -1.0
-0.3677476644515991 | 2 | -1.0
-0.36148446798324585 | 2 | -1.0
-0.3553897738456726 | 2 | -1.0
-0.3495037853717804 | 2 | -1.0
-0.34386494755744934 | 2 | -1.0
-0.338509738445282 | 2 | -1.0
-0.33347246050834656 | 2 | -1.0
-0.3287850618362427 | 2 | -1.0
-0.3244769871234894 | 2 | -1.0
-0.3205750584602356 | 2 | -1.0
-0.31710341572761536 | 2 | -1.0
-0.3140833377838135 | 2 | -1.0
-0.3115331530570984 | 2 | -1.0
-0.3094683289527893 | 2 | -1.0
-0.3079012930393219 | 2 | -1.0
-0.3068414032459259 | 2 | -1.0
-0.3062950372695923 | 2 | -1.0
-0.3062654435634613 | 2 | -1.0
-0.3067528009414673 | 2 | -1.0
-0.30775418877601624 | 2 | -1.0
-0.3092636168003082 | 2 | -1.0
-0.3112720549106598 | 2 | -1.0
-0.3137674331665039 | 2 | -1.0
-0.31673464179039 | 2 | -1.0
-0.32015565037727356 | 2 | -1.0
-0.3240094780921936 | 2 | -1.0
-0.32827240228652954 | 2 | -1.0
-0.33291783928871155 | 2 | -1.0
-0.33791667222976685 | 2 | -1.0
-0.3432371914386749 | 2 | -1.0
-0.34884539246559143 | 2 | -1.0
-0.35470500588417053 | 2 | -1.0
-0.3607778251171112 | 2 | -1.0
-0.3670238256454468 | 2 | -1.0
-0.3734014332294464 | 2 | -1.0
-0.3798677623271942 | 2 | -1.0
-0.3863790035247803 | 2 | -1.0
-0.3928905427455902 | 2 | -1.0
-0.39935749769210815 | 2 | -1.0
-0.4057348072528839 | 2 | -1.0
-0.4119777977466583 | 2 | -1.0
-0.41804239153862 | 2 | -1.0
-0.4238854944705963 | 2 | -1.0
-0.4294653534889221 | 2 | -1.0
-0.4347418546676636 | 2 | -1.0
-0.4396769106388092 | 2 | -1.0
-0.4442347586154938 | 2 | -1.0
-0.4483822286128998 | 2 | -1.0
-0.4520890712738037 | 2 | -1.0
-0.455328106880188 | 2 | -1.0
-0.458075612783432 | 2 | -1.0
-0.4603113532066345 | 2 | -1.0
-0.4620189368724823 | 2 | -1.0
-0.46318572759628296 | 2 | -1.0
-0.46380314230918884 | 2 | -1.0
-0.463866651058197 | 2 | -1.0
-0.4633757174015045 | 2 | -1.0
-0.4623340368270874 | 2 | -1.0
-0.46074923872947693 | 2 | -1.0
-0.4586330056190491 | 2 | -1.0
-0.4560009837150574 | 2 | -1.0
-0.4528724253177643 | 2 | -1.0
-0.4492703974246979 | 2 | -1.0
-0.4452211856842041 | 2 | -1.0
-0.44075441360473633 | 2 | -1.0
-0.43590259552001953 | 2 | -1.0
-0.43070095777511597 | 2 | -1.0
-0.42518705129623413 | 2 | -1.0
-0.41940054297447205 | 2 | -1.0
-0.413382887840271 | 2 | -1.0
-0.4071768522262573 | 2 | -1.0
-0.4008263349533081 | 2 | -1.0
-0.3943759500980377 | 2 | -1.0
-0.3878706395626068 | 2 | -1.0
-0.3813553750514984 | 2 | -1.0
-0.37487486004829407 | 2 | -1.0
-0.3684731423854828 | 2 | -1.0
-0.3621933162212372 | 2 | -1.0
-0.35607725381851196 | 2 | -1.0
-0.3501654267311096 | 2 | -1.0
-0.34449639916419983 | 2 | -1.0
-0.3391069769859314 | 2 | -1.0
-0.3340316414833069 | 2 | -1.0
-0.32930266857147217 | 2 | -1.0
-0.32494980096817017 | 2 | -1.0
-0.3210001289844513 | 2 | -1.0
-0.31747815012931824 | 2 | -1.0
-0.3144053816795349 | 2 | -1.0
-0.31180059909820557 | 2 | -1.0
-0.3096795678138733 | 2 | -1.0
-0.30805504322052 | 2 | -1.0
-0.30693674087524414 | 2 | -1.0
-0.30633142590522766 | 2 | -1.0
-0.30624261498451233 | 2 | -1.0
-0.3066709041595459 | 2 | -1.0
-0.307613730430603 | 2 | -1.0
-0.30906543135643005 | 2 | -1.0
-0.31101733446121216 | 2 | -1.0
-0.3134576976299286 | 2 | -1.0
-0.3163717985153198 | 2 | -1.0
-0.3197418749332428 | 2 | -1.0
-0.32354736328125 | 2 | -1.0
-0.32776474952697754 | 2 | -1.0
-0.332367867231369 | 2 | -1.0
-0.3373278081417084 | 2 | -1.0
-0.34261322021484375 | 2 | -1.0
-0.3481902778148651 | 2 | -1.0
-0.3540230393409729 | 2 | -1.0
-0.3600734770298004 | 2 | -1.0
-0.3663017153739929 | 2 | -1.0
-0.3726664185523987 | 2 | -1.0
-0.37912482023239136 | 2 | -1.0
-0.3856331408023834 | 2 | -1.0
-0.3921469449996948 | 2 | -1.0
-0.39862126111984253 | 2 | -1.0
-0.4050111174583435 | 2 | -1.0
-0.41127172112464905 | 2 | -1.0
-0.417358934879303 | 2 | -1.0
-0.42322951555252075 | 2 | -1.0
-0.42884156107902527 | 2 | -1.0
-0.434154748916626 | 2 | -1.0
-0.4391307234764099 | 2 | -1.0
-0.44373348355293274 | 2 | -1.0
-0.4479295015335083 | 2 | -1.0
-0.45168817043304443 | 2 | -1.0
-0.4549819827079773 | 2 | -1.0
-0.45778682827949524 | 2 | -1.0
-0.4600820541381836 | 2 | -1.0
-0.46185076236724854 | 2 | -1.0
-0.46307992935180664 | 2 | -1.0
-0.46376052498817444 | 2 | -1.0
-0.463887482881546 | 2 | -1.0
-0.46345990896224976 | 2 | -1.0
-0.46248090267181396 | 2 | -1.0
-0.46095773577690125 | 2 | -1.0
-0.45890161395072937 | 2 | -1.0
-0.4563276767730713 | 2 | -1.0
-0.4532548487186432 | 2 | -1.0
-0.44970569014549255 | 2 | -1.0
-0.44570621848106384 | 2 | -1.0
-0.441285640001297 | 2 | -1.0
-0.4364761412143707 | 2 | -1.0
-0.4313126504421234 | 2 | -1.0
-0.42583248019218445 | 2 | -1.0
-0.42007511854171753 | 2 | -1.0
-0.41408175230026245 | 2 | -1.0
-0.4078950583934784 | 2 | -1.0
-0.40155884623527527 | 2 | -1.0
-0.3951176106929779 | 2 | -1.0
-0.38861629366874695 | 2 | -1.0
-0.3820998966693878 | 2 | -1.0
-0.37561315298080444 | 2 | -1.0
-0.369200199842453 | 2 | -1.0
-0.36290428042411804 | 2 | -1.0
-0.3567674458026886 | 2 | -1.0
-0.35083022713661194 | 2 | -1.0
-0.3451315462589264 | 2 | -1.0
-0.3397083282470703 | 2 | -1.0
-0.33459538221359253 | 2 | -1.0
-0.329825222492218 | 2 | -1.0
-0.3254278898239136 | 2 | -1.0
-0.3214308023452759 | 2 | -1.0
-0.3178587257862091 | 2 | -1.0
-0.3147335648536682 | 2 | -1.0
-0.3120743930339813 | 2 | -1.0
-0.3098973035812378 | 2 | -1.0
-0.3082154095172882 | 2 | -1.0
-0.307038813829422 | 2 | -1.0
-0.30637454986572266 | 2 | -1.0
-0.30622658133506775 | 2 | -1.0
-0.3065957725048065 | 2 | -1.0
-0.30747994780540466 | 2 | -1.0
-0.3088738024234772 | 2 | -1.0
-0.3107690215110779 | 2 | -1.0
-0.3131541907787323 | 2 | -1.0
-0.3160149157047272 | 2 | -1.0
-0.3193338215351105 | 2 | -1.0
-0.3230906128883362 | 2 | -1.0
-0.32726216316223145 | 2 | -1.0
[-0.58] | 2 | -1.0
-0.5827091932296753 | 2 | -1.0
-0.579816460609436 | 2 | -1.0
-0.5755041241645813 | 2 | -1.0
-0.5698040127754211 | 2 | -1.0
-0.5627585053443909 | 2 | -1.0
-0.5544199347496033 | 2 | -1.0
-0.5448505878448486 | 2 | -1.0
-0.5341219305992126 | 2 | -1.0
-0.5223143696784973 | 2 | -1.0
-0.5095164775848389 | 2 | -1.0
-0.4958241283893585 | 2 | -1.0
-0.48133984208106995 | 2 | -1.0
-0.4661716818809509 | 2 | -1.0
-0.45043206214904785 | 2 | -1.0
-0.4342368245124817 | 2 | -1.0
-0.417703777551651 | 2 | -1.0
-0.40095168352127075 | 2 | -1.0
-0.3840987980365753 | 2 | -1.0
-0.3672619163990021 | 2 | -1.0
-0.3505550026893616 | 2 | -1.0
-0.33408844470977783 | 2 | -1.0
-0.31796786189079285 | 2 | -1.0
-0.3022935390472412 | 2 | -1.0
-0.2871597111225128 | 2 | -1.0
-0.2726542055606842 | 2 | -1.0
-0.25885793566703796 | 2 | -1.0
-0.2458449900150299 | 2 | -1.0
-0.23368236422538757 | 2 | -1.0
-0.22243013978004456 | 2 | -1.0
-0.21214167773723602 | 2 | -1.0
-0.20286378264427185 | 2 | -1.0
-0.19463703036308289 | 2 | -1.0
-0.18749605119228363 | 2 | -1.0
-0.1814699023962021 | 2 | -1.0
-0.17658232152462006 | 2 | -1.0
-0.17285209894180298 | 2 | -1.0
-0.1702931970357895 | 2 | -1.0
-0.16891509294509888 | 2 | -1.0
-0.16872280836105347 | 2 | -1.0
-0.16971705853939056 | 2 | -1.0
-0.17189419269561768 | 2 | -1.0
-0.1752462089061737 | 2 | -1.0
-0.1797606199979782 | 2 | -1.0
-0.1854202300310135 | 2 | -1.0
-0.19220291078090668 | 2 | -1.0
-0.20008139312267303 | 2 | -1.0
-0.2090228796005249 | 2 | -1.0
-0.21898873150348663 | 2 | -1.0
-0.2299342006444931 | 2 | -1.0
-0.24180811643600464 | 2 | -1.0
-0.25455257296562195 | 2 | -1.0
-0.2681027948856354 | 2 | -1.0
-0.28238704800605774 | 2 | -1.0
-0.29732656478881836 | 2 | -1.0
-0.31283578276634216 | 2 | -1.0
-0.3288224935531616 | 2 | -1.0
-0.34518828988075256 | 2 | -1.0
-0.3618291914463043 | 2 | -1.0
-0.37863630056381226 | 2 | -1.0
-0.395496666431427 | 2 | -1.0
-0.41229432821273804 | 2 | -1.0
-0.42891135811805725 | 2 | -1.0
-0.4452289938926697 | 2 | -1.0
-0.4611290395259857 | 2 | -1.0
-0.4764948785305023 | 2 | -1.0
-0.49121278524398804 | 2 | -1.0
-0.5051732063293457 | 2 | -1.0
-0.518271803855896 | 2 | -1.0
-0.5304102897644043 | 2 | -1.0
-0.5414977073669434 | 2 | -1.0
-0.5514509677886963 | 2 | -1.0
-0.5601955652236938 | 2 | -1.0
-0.5676662921905518 | 2 | -1.0
-0.573807418346405 | 2 | -1.0
-0.5785734057426453 | 2 | -1.0
-0.5819289088249207 | 2 | -1.0
-0.5838492512702942 | 2 | -1.0
-0.5843201279640198 | 2 | -1.0
-0.5833380818367004 | 2 | -1.0
-0.5809104442596436 | 2 | -1.0
-0.577055037021637 | 2 | -1.0
-0.5718004703521729 | 2 | -1.0
-0.5651856064796448 | 2 | -1.0
-0.5572596788406372 | 2 | -1.0
-0.5480816960334778 | 2 | -1.0
-0.537720263004303 | 2 | -1.0
-0.5262529253959656 | 2 | -1.0
-0.5137657523155212 | 2 | -1.0
-0.5003522634506226 | 2 | -1.0
-0.4861130118370056 | 2 | -1.0
-0.47115427255630493 | 2 | -1.0
-0.4555872678756714 | 2 | -1.0
-0.43952682614326477 | 2 | -1.0
-0.42309024930000305 | 2 | -1.0
-0.40639612078666687 | 2 | -1.0
-0.38956302404403687 | 2 | -1.0
-0.3727082908153534 | 2 | -1.0
-0.35594701766967773 | 2 | -1.0
-0.33939075469970703 | 2 | -1.0
-0.3231468200683594 | 2 | -1.0
-0.3073172867298126 | 2 | -1.0
-0.29199841618537903 | 2 | -1.0
-0.27728012204170227 | 2 | -1.0
-0.2632456123828888 | 2 | -1.0
-0.2499711960554123 | 2 | -1.0
-0.23752613365650177 | 2 | -1.0
-0.22597278654575348 | 2 | -1.0
-0.21536663174629211 | 2 | -1.0
-0.20575657486915588 | 2 | -1.0
-0.19718515872955322 | 2 | -1.0
-0.18968895077705383 | 2 | -1.0
-0.1832987368106842 | 2 | -1.0
-0.17803996801376343 | 2 | -1.0
-0.1739329993724823 | 2 | -1.0
-0.17099334299564362 | 2 | -1.0
-0.16923190653324127 | 2 | -1.0
-0.168655127286911 | 2 | -1.0
-0.16926510632038116 | 2 | -1.0
-0.17105965316295624 | 2 | -1.0
-0.17403215169906616 | 2 | -1.0
-0.17817160487174988 | 2 | -1.0
-0.18346233665943146 | 2 | -1.0
-0.18988387286663055 | 2 | -1.0
-0.19741064310073853 | 2 | -1.0
-0.20601165294647217 | 2 | -1.0
-0.21565020084381104 | 2 | -1.0
-0.22628356516361237 | 2 | -1.0
-0.23786267638206482 | 2 | -1.0
-0.2503318190574646 | 2 | -1.0
-0.2636284828186035 | 2 | -1.0
-0.27768319845199585 | 2 | -1.0
-0.2924194633960724 | 2 | -1.0
-0.30775389075279236 | 2 | -1.0
-0.32359638810157776 | 2 | -1.0
-0.3398504853248596 | 2 | -1.0
-0.35641396045684814 | 2 | -1.0
-0.3731794059276581 | 2 | -1.0
-0.39003509283065796 | 2 | -1.0
-0.4068658947944641 | 2 | -1.0
-0.4235544502735138 | 2 | -1.0
-0.4399820864200592 | 2 | -1.0
-0.45603030920028687 | 2 | -1.0
-0.4715818464756012 | 2 | -1.0
-0.4865218997001648 | 2 | -1.0
-0.5007394552230835 | 2 | -1.0
-0.5141283869743347 | 2 | -1.0
-0.5265882611274719 | 2 | -1.0
-0.5380257368087769 | 2 | -1.0
-0.5483550429344177 | 2 | -1.0
-0.5574988722801208 | 2 | -1.0
-0.5653888583183289 | 2 | -1.0
-0.5719662308692932 | 2 | -1.0
-0.5771821737289429 | 2 | -1.0
-0.5809979438781738 | 2 | -1.0
-0.5833852887153625 | 2 | -1.0
-0.5843266844749451 | 2 | -1.0
-0.5838151574134827 | 2 | -1.0
-0.5818544626235962 | 2 | -1.0
-0.5784590244293213 | 2 | -1.0
-0.5736539959907532 | 2 | -1.0
-0.5674749612808228 | 2 | -1.0
-0.5599678158760071 | 2 | -1.0
-0.5511884689331055 | 2 | -1.0
-0.5412024259567261 | 2 | -1.0
-0.5300843715667725 | 2 | -1.0
-0.5179177522659302 | 2 | -1.0
-0.5047937035560608 | 2 | -1.0
-0.4908105731010437 | 2 | -1.0
-0.4760729968547821 | 2 | -1.0
-0.4606906771659851 | 2 | -1.0
-0.44477733969688416 | 2 | -1.0
-0.42844969034194946 | 2 | -1.0
-0.4118259847164154 | 2 | -1.0
-0.39502498507499695 | 2 | -1.0
-0.37816452980041504 | 2 | -1.0
-0.3613605499267578 | 2 | -1.0
-0.34472590684890747 | 2 | -1.0
-0.3283693194389343 | 2 | -1.0
-0.3123946785926819 | 2 | -1.0
-0.2969001829624176 | 2 | -1.0
-0.2819778621196747 | 2 | -1.0
-0.26771312952041626 | 2 | -1.0
-0.2541845142841339 | 2 | -1.0
-0.2414635866880417 | 2 | -1.0
-0.22961491346359253 | 2 | -1.0
-0.21869619190692902 | 2 | -1.0
-0.2087584286928177 | 2 | -1.0
-0.19984622299671173 | 2 | -1.0
-0.19199799001216888 | 2 | -1.0
-0.18524639308452606 | 2 | -1.0
-0.17961856722831726 | 2 | -1.0
-0.1751364916563034 | 2 | -1.0
-0.17181721329689026 | 2 | -1.0
-0.1696731001138687 | 2 | -1.0
-0.1687120497226715 | 2 | -1.0
-0.1689375638961792 | 2 | -1.0
-0.17034880816936493 | 2 | -1.0
-0.17294064164161682 | 2 | -1.0
-0.17670348286628723 | 2 | -1.0
[-0.43] | 2 | -1.0
-0.43231427669525146 | 2 | -1.0
-0.4316641390323639 | 2 | -1.0
-0.4306948184967041 | 2 | -1.0
-0.4294132590293884 | 2 | -1.0
-0.42782875895500183 | 2 | -1.0
-0.425952672958374 | 2 | -1.0
-0.42379850149154663 | 2 | -1.0
-0.42138171195983887 | 2 | -1.0
-0.4187195897102356 | 2 | -1.0
-0.41583114862442017 | 2 | -1.0
-0.4127369523048401 | 2 | -1.0
-0.4094589650630951 | 2 | -1.0
-0.4060204029083252 | 2 | -1.0
-0.402445524930954 | 2 | -1.0
-0.3987593948841095 | 2 | -1.0
-0.3949878215789795 | 2 | -1.0
-0.3911570906639099 | 2 | -1.0
-0.3872937560081482 | 2 | -1.0
-0.38342443108558655 | 2 | -1.0
-0.3795757293701172 | 2 | -1.0
-0.3757738769054413 | 2 | -1.0
-0.37204474210739136 | 2 | -1.0
-0.368413507938385 | 2 | -1.0
-0.3649045526981354 | 2 | -1.0
-0.36154136061668396 | 2 | -1.0
-0.35834628343582153 | 2 | -1.0
-0.35534045100212097 | 2 | -1.0
-0.3525436520576477 | 2 | -1.0
-0.3499741852283478 | 2 | -1.0
-0.3476487994194031 | 2 | -1.0
-0.34558263421058655 | 2 | -1.0
-0.3437890112400055 | 2 | -1.0
-0.34227949380874634 | 2 | -1.0
-0.34106382727622986 | 2 | -1.0
-0.34014973044395447 | 2 | -1.0
-0.33954310417175293 | 2 | -1.0
-0.33924782276153564 | 2 | -1.0
-0.33926576375961304 | 2 | -1.0
-0.33959680795669556 | 2 | -1.0
-0.3402388095855713 | 2 | -1.0
-0.3411877453327179 | 2 | -1.0
-0.3424374759197235 | 2 | -1.0
-0.34398001432418823 | 2 | -1.0
-0.34580540657043457 | 2 | -1.0
-0.34790197014808655 | 2 | -1.0
-0.3502560555934906 | 2 | -1.0
-0.35285240411758423 | 2 | -1.0
-0.35567405819892883 | 2 | -1.0
-0.35870257019996643 | 2 | -1.0
-0.36191800236701965 | 2 | -1.0
-0.3652990162372589 | 2 | -1.0
-0.3688231408596039 | 2 | -1.0
-0.3724668323993683 | 2 | -1.0
-0.37620559334754944 | 2 | -1.0
-0.3800141215324402 | 2 | -1.0
-0.3838665187358856 | 2 | -1.0
-0.3877364993095398 | 2 | -1.0
-0.3915974795818329 | 2 | -1.0
-0.3954227864742279 | 2 | -1.0
-0.3991858959197998 | 2 | -1.0
-0.4028605818748474 | 2 | -1.0
-0.40642112493515015 | 2 | -1.0
-0.40984252095222473 | 2 | -1.0
-0.41310063004493713 | 2 | -1.0
-0.4161723852157593 | 2 | -1.0
-0.41903597116470337 | 2 | -1.0
-0.42167094349861145 | 2 | -1.0
-0.42405855655670166 | 2 | -1.0
-0.4261816442012787 | 2 | -1.0
-0.4280250072479248 | 2 | -1.0
-0.4295754134654999 | 2 | -1.0
-0.43082165718078613 | 2 | -1.0
-0.43175479769706726 | 2 | -1.0
-0.43236806988716125 | 2 | -1.0
-0.4326570928096771 | 2 | -1.0
-0.43261972069740295 | 2 | -1.0
-0.4322562515735626 | 2 | -1.0
-0.43156930804252625 | 2 | -1.0
-0.43056386709213257 | 2 | -1.0
-0.4292471706867218 | 2 | -1.0
-0.42762866616249084 | 2 | -1.0
-0.42572006583213806 | 2 | -1.0
-0.423535019159317 | 2 | -1.0
-0.4210892617702484 | 2 | -1.0
-0.41840025782585144 | 2 | -1.0
-0.4154872000217438 | 2 | -1.0
-0.41237083077430725 | 2 | -1.0
-0.4090732932090759 | 2 | -1.0
-0.405617892742157 | 2 | -1.0
-0.40202897787094116 | 2 | -1.0
-0.39833179116249084 | 2 | -1.0
-0.3945521116256714 | 2 | -1.0
-0.3907163143157959 | 2 | -1.0
-0.38685092329978943 | 2 | -1.0
-0.38298261165618896 | 2 | -1.0
-0.37913793325424194 | 2 | -1.0
-0.37534311413764954 | 2 | -1.0
-0.3716239035129547 | 2 | -1.0
-0.3680054545402527 | 2 | -1.0
-0.36451199650764465 | 2 | -1.0
-0.36116692423820496 | 2 | -1.0
-0.3579924404621124 | 2 | -1.0
-0.3550095558166504 | 2 | -1.0
-0.35223785042762756 | 2 | -1.0
-0.34969550371170044 | 2 | -1.0
-0.3473990559577942 | 2 | -1.0
-0.34536340832710266 | 2 | -1.0
-0.3436017334461212 | 2 | -1.0
-0.34212538599967957 | 2 | -1.0
-0.340943843126297 | 2 | -1.0
-0.34006467461586 | 2 | -1.0
-0.3394935131072998 | 2 | -1.0
-0.33923399448394775 | 2 | -1.0
-0.33928778767585754 | 2 | -1.0
-0.3396545350551605 | 2 | -1.0
-0.34033191204071045 | 2 | -1.0
-0.3413155972957611 | 2 | -1.0
-0.3425992727279663 | 2 | -1.0
-0.34417468309402466 | 2 | -1.0
-0.3460317552089691 | 2 | -1.0
-0.34815847873687744 | 2 | -1.0
-0.3505410850048065 | 2 | -1.0
-0.35316410660743713 | 2 | -1.0
-0.35601040720939636 | 2 | -1.0
-0.3590613305568695 | 2 | -1.0
-0.36229678988456726 | 2 | -1.0
-0.3656953275203705 | 2 | -1.0
-0.3692343831062317 | 2 | -1.0
-0.3728902041912079 | 2 | -1.0
-0.3766382336616516 | 2 | -1.0
-0.38045307993888855 | 2 | -1.0
-0.3843088448047638 | 2 | -1.0
-0.38817915320396423 | 2 | -1.0
-0.39203739166259766 | 2 | -1.0
-0.39585691690444946 | 2 | -1.0
-0.399611234664917 | 2 | -1.0
-0.40327414870262146 | 2 | -1.0
-0.40682002902030945 | 2 | -1.0
-0.41022396087646484 | 2 | -1.0
-0.4134618937969208 | 2 | -1.0
-0.4165109097957611 | 2 | -1.0
-0.41934934258461 | 2 | -1.0
-0.42195695638656616 | 2 | -1.0
-0.42431512475013733 | 2 | -1.0
-0.42640694975852966 | 2 | -1.0
-0.42821744084358215 | 2 | -1.0
-0.4297335743904114 | 2 | -1.0
-0.43094441294670105 | 2 | -1.0
-0.43184125423431396 | 2 | -1.0
-0.432417631149292 | 2 | -1.0
-0.43266937136650085 | 2 | -1.0
-0.4325946271419525 | 2 | -1.0
-0.4321939945220947 | 2 | -1.0
-0.4314703047275543 | 2 | -1.0
-0.4304288625717163 | 2 | -1.0
-0.4290770888328552 | 2 | -1.0
-0.4274247884750366 | 2 | -1.0
-0.4254838228225708 | 2 | -1.0
-0.4232681393623352 | 2 | -1.0
-0.4207936227321625 | 2 | -1.0
-0.4180779755115509 | 2 | -1.0
-0.4151405990123749 | 2 | -1.0
-0.4120023548603058 | 2 | -1.0
-0.408685564994812 | 2 | -1.0
-0.4052136242389679 | 2 | -1.0
-0.4016110599040985 | 2 | -1.0
-0.39790308475494385 | 2 | -1.0
-0.3941156566143036 | 2 | -1.0
-0.39027512073516846 | 2 | -1.0
-0.3864080607891083 | 2 | -1.0
-0.38254112005233765 | 2 | -1.0
-0.3787008225917816 | 2 | -1.0
-0.3749133348464966 | 2 | -1.0
-0.3712044060230255 | 2 | -1.0
-0.3675990402698517 | 2 | -1.0
-0.3641214072704315 | 2 | -1.0
-0.36079472303390503 | 2 | -1.0
-0.3576411306858063 | 2 | -1.0
-0.35468143224716187 | 2 | -1.0
-0.35193508863449097 | 2 | -1.0
-0.34942004084587097 | 2 | -1.0
-0.3471527099609375 | 2 | -1.0
-0.3451477587223053 | 2 | -1.0
-0.3434182107448578 | 2 | -1.0
-0.3419751226902008 | 2 | -1.0
-0.3408278226852417 | 2 | -1.0
-0.33998364210128784 | 2 | -1.0
-0.3394479751586914 | 2 | -1.0
-0.33922427892684937 | 2 | -1.0
-0.33931392431259155 | 2 | -1.0
-0.339716374874115 | 2 | -1.0
-0.34042903780937195 | 2 | -1.0
-0.3414473831653595 | 2 | -1.0
-0.34276488423347473 | 2 | -1.0
-0.34437307715415955 | 2 | -1.0
-0.3462616205215454 | 2 | -1.0
-0.34841835498809814 | 2 | -1.0
-0.35082927346229553 | 2 | -1.0
-0.35347872972488403 | 2 | -1.0
Total reward: -200.0
