-1.6, -4.5, 4.0, -2.8, -2.2, -2.6, -4.5, 2.3, 2.3, -1.2, 0.2, 0.0, 1.1, -0.8, -2.3, 5.8, 0.4, 2.2
parameter ends

state | action | reward
[7.01] | 2 | -0.5
3.010822576529578 | 2 | -0.5
2.441578638032921 | 2 | -0.5
2.077120084857314 | 2 | -0.5
1.8967925561073895 | 2 | -0.5
1.729995447282984 | 2 | -0.5
1.688854322987413 | 2 | -0.5
1.6808813213132778 | 2 | -0.5
1.7533588283823576 | 2 | -0.5
1.9257958799277004 | 2 | -0.5
2.206731028437252 | 2 | -0.5
2.696886970261868 | 2 | -0.5
5.935805276013585 | 2 | -0.5
5.527478699254889 | 2 | -0.5
5.385552734924952 | 2 | -0.5
5.447560284011938 | 2 | -0.5
4.8757944254178405 | 2 | -0.5
3.3300854517502168 | 2 | -0.5
2.597608471524005 | 2 | -0.5
2.1453062984417666 | 2 | -0.5
1.9294281507982007 | 2 | -0.5
1.8280230704740228 | 2 | -0.5
1.7543899639458915 | 2 | -0.5
1.7368747622974599 | 2 | -0.5
1.8217968459842746 | 2 | -0.5
1.9872065535532324 | 2 | -0.5
2.1986827843432195 | 2 | -0.5
2.624131288172151 | 2 | -0.5
3.1595178755598305 | 2 | -0.5
4.4121858841197374 | 2 | -0.5
6.714548555016611 | 2 | -0.5
6.621420084925518 | 2 | -0.5
6.6959619336965694 | 2 | -0.5
7.032375509950628 | 2 | -0.5
2.824380555087012 | 2 | -0.5
2.3042716774718057 | 2 | -0.5
2.0264545781978045 | 2 | -0.5
1.7803526714864393 | 2 | -0.5
1.6874725873151646 | 2 | -0.5
1.65539647843442 | 2 | -0.5
1.6983607884465495 | 2 | -0.5
1.8516422561068309 | 2 | -0.5
2.0414522663267256 | 2 | -0.5
2.432748125983612 | 2 | -0.5
6.0641429148228525 | 2 | -0.5
5.574190793857712 | 2 | -0.5
5.284531407921445 | 2 | -0.5
5.188477882128402 | 2 | -0.5
5.3648338200483305 | 2 | -0.5
3.6757679079822045 | 2 | -0.5
2.631328432568356 | 2 | -0.5
2.2101985254634053 | 2 | -0.5
1.9241292939429209 | 2 | -0.5
1.8014411162656272 | 2 | -0.5
1.7298133872217358 | 2 | -0.5
1.7260938329203888 | 2 | -0.5
1.8042815261325842 | 2 | -0.5
2.0518043607125773 | 2 | -0.5
2.3910439050880163 | 2 | -0.5
2.8657141487711226 | 2 | -0.5
3.9764291008309387 | 2 | -0.5
6.767475063954247 | 2 | -0.5
6.605597275460481 | 2 | -0.5
6.660861671543253 | 2 | -0.5
3.7222943775983657 | 2 | -0.5
2.579657621165962 | 2 | -0.5
2.2085864900809122 | 2 | -0.5
1.9287862851587396 | 2 | -0.5
1.75578441096314 | 2 | -0.5
1.685714239035229 | 2 | -0.5
1.659643023051575 | 2 | -0.5
1.6862823805902958 | 2 | -0.5
1.7894448613462801 | 2 | -0.5
1.9848933622512621 | 2 | -0.5
2.2807312781278526 | 2 | -0.5
6.108142902568564 | 2 | -0.5
5.6878339820936565 | 2 | -0.5
5.405225389628865 | 2 | -0.5
5.385937363706122 | 2 | -0.5
5.099593232150445 | 2 | -0.5
3.308822191800217 | 2 | -0.5
2.412094746445831 | 2 | -0.5
2.050550597441731 | 2 | -0.5
1.7809791942730033 | 2 | -0.5
1.7178761670325813 | 2 | -0.5
1.6744559390499683 | 2 | -0.5
1.6904413246319585 | 2 | -0.5
1.7841687116806724 | 2 | -0.5
1.9368652318846247 | 2 | -0.5
2.2045688171451907 | 2 | -0.5
2.688545743137918 | 2 | -0.5
3.4767090633924873 | 2 | -0.5
6.514383144531685 | 2 | -0.5
6.575222453514732 | 2 | -0.5
6.689629307447876 | 2 | -0.5
6.955013246235571 | 2 | -0.5
2.954097455155899 | 2 | -0.5
2.3456861260542343 | 2 | -0.5
2.039219100290675 | 2 | -0.5
1.8989721187350352 | 2 | -0.5
1.727728294913348 | 2 | -0.5
1.7676157684228297 | 2 | -0.5
1.7416657477253694 | 2 | -0.5
1.8745500635478276 | 2 | -0.5
2.050318479415193 | 2 | -0.5
2.3913957733088544 | 2 | -0.5
6.38884595782438 | 2 | -0.5
5.723023003961792 | 2 | -0.5
5.407855591340926 | 2 | -0.5
5.284764835481765 | 2 | -0.5
5.502218930778208 | 2 | -0.5
3.393137844874113 | 2 | -0.5
2.3963846484830893 | 2 | -0.5
2.0029487109634387 | 2 | -0.5
1.8104427090340975 | 2 | -0.5
1.6576526544220247 | 2 | -0.5
1.6418190471882474 | 2 | -0.5
1.6397585396569907 | 2 | -0.5
1.7321023507665485 | 2 | -0.5
1.935374526823537 | 2 | -0.5
2.224826746353928 | 2 | -0.5
2.7197330692345174 | 2 | -0.5
3.7075891508498837 | 2 | -0.5
6.6994118768534126 | 2 | -0.5
6.539473922183395 | 2 | -0.5
6.673508462552054 | 2 | -0.5
7.089841578871702 | 2 | -0.5
3.07237450935156 | 2 | -0.5
2.4592599460728106 | 2 | -0.5
2.034725921683052 | 2 | -0.5
1.7811568944331941 | 2 | -0.5
1.7360248601395079 | 2 | -0.5
1.6884187757206817 | 2 | -0.5
1.7495465980735814 | 2 | -0.5
1.8245603822262915 | 2 | -0.5
2.018115979517497 | 2 | -0.5
2.4173721515313282 | 2 | -0.5
6.279179565133376 | 2 | -0.5
5.778682419489984 | 2 | -0.5
5.49143781965468 | 2 | -0.5
5.366468091933533 | 2 | -0.5
5.548256774328212 | 2 | -0.5
3.834277372610873 | 2 | -0.5
2.636430710706321 | 2 | -0.5
2.234793108039645 | 2 | -0.5
1.9524682345699018 | 2 | -0.5
1.7672370279183711 | 2 | -0.5
1.6413845358943182 | 2 | -0.5
1.6258446746911517 | 2 | -0.5
1.664413661642809 | 2 | -0.5
1.75301570409145 | 2 | -0.5
1.9615575394282834 | 2 | -0.5
2.3180450750456467 | 2 | -0.5
3.0691588564645587 | 2 | -0.5
4.461030659875623 | 2 | -0.5
6.560067465899209 | 2 | -0.5
6.510621813660456 | 2 | -0.5
6.64242731343459 | 2 | -0.5
7.15150926325205 | 2 | -0.5
2.8120749262797347 | 2 | -0.5
2.3409270914127576 | 2 | -0.5
2.0116481872785834 | 2 | -0.5
1.8547498047237716 | 2 | -0.5
1.7796668449922048 | 2 | -0.5
1.7876161570990634 | 2 | -0.5
1.8228251717027726 | 2 | -0.5
2.001158308137848 | 2 | -0.5
2.2464957676271258 | 2 | -0.5
2.7405655324499794 | 2 | -0.5
6.192457655753011 | 2 | -0.5
5.650720682548242 | 2 | -0.5
5.455740774053403 | 2 | -0.5
5.425428491975808 | 2 | -0.5
4.713409065691077 | 2 | -0.5
3.107930721441219 | 2 | -0.5
2.3973851872497534 | 2 | -0.5
1.944019248532777 | 2 | -0.5
1.771872677701483 | 2 | -0.5
1.6683349586262668 | 2 | -0.5
1.6189087439874488 | 2 | -0.5
1.6030328945990828 | 2 | -0.5
1.64418723977139 | 2 | -0.5
1.787778365563638 | 2 | -0.5
2.011590573968558 | 2 | -0.5
2.6165641806248354 | 2 | -0.5
3.7041452685609286 | 2 | -0.5
6.468221411851458 | 2 | -0.5
6.531504869707617 | 2 | -0.5
6.617280644904056 | 2 | -0.5
6.923418968284003 | 2 | -0.5
3.082191039107187 | 2 | -0.5
2.401476065795472 | 2 | -0.5
1.970398069000247 | 2 | -0.5
1.776463348466069 | 2 | -0.5
1.7071390510320836 | 2 | -0.5
1.7442024123375999 | 2 | -0.5
1.7971511202702843 | 2 | -0.5
1.976145222205402 | 2 | -0.5
2.2603987556756366 | 2 | -0.5
2.85011612154702 | 2 | -0.5
5.94013048835234 | 2 | -0.5
5.48817300129744 | 2 | -0.5
5.333266084911745 | 2 | -0.5
5.410091079909251 | 2 | -0.5
4.283940278028635 | 2 | -0.5
3.112952934693511 | 2 | -0.5
2.294803324337075 | 2 | -0.5
1.9836888020674182 | 2 | -0.5
1.8190488383186805 | 2 | -0.5
1.765945539996814 | 2 | -0.5
1.6939380881584518 | 2 | -0.5
1.6617436260987262 | 2 | -0.5
1.7887604355197675 | 2 | -0.5
1.950624891751447 | 2 | -0.5
2.3371187170871206 | 2 | -0.5
2.893309882841208 | 2 | -0.5
3.727906543038555 | 2 | -0.5
6.070543388142808 | 2 | -0.5
6.580370729558677 | 2 | -0.5
6.57455560600087 | 2 | -0.5
6.850610192804947 | 2 | -0.5
3.408555670160269 | 2 | -0.5
2.6407026320524802 | 2 | -0.5
2.1497506613858373 | 2 | -0.5
1.8990852724246163 | 2 | -0.5
1.7630071645642054 | 2 | -0.5
1.6794986932391964 | 2 | -0.5
1.6753224129584479 | 2 | -0.5
1.7359461992788723 | 2 | -0.5
1.8340900975193462 | 2 | -0.5
2.064225284494345 | 2 | -0.5
2.369490996824721 | 2 | -0.5
6.141453715646878 | 2 | -0.5
5.669489070563687 | 2 | -0.5
5.331682858835176 | 2 | -0.5
5.3405470116553335 | 2 | -0.5
5.459578495879029 | 2 | -0.5
3.6620747698931493 | 2 | -0.5
2.7752428733097405 | 2 | -0.5
2.2047293925900155 | 2 | -0.5
1.972545587597484 | 2 | -0.5
1.8159233965629689 | 2 | -0.5
1.723560471789182 | 2 | -0.5
1.697362580855051 | 2 | -0.5
1.816890001470929 | 2 | -0.5
1.903663989706208 | 2 | -0.5
2.1443719965372536 | 2 | -0.5
2.5216191750798416 | 2 | -0.5
3.409487685589378 | 2 | -0.5
5.160808579323788 | 2 | -0.5
6.590188167589851 | 2 | -0.5
6.54797814499918 | 2 | -0.5
6.823594575964248 | 2 | -0.5
3.4388767117591463 | 2 | -0.5
2.539103542885235 | 2 | -0.5
2.1201539159734715 | 2 | -0.5
1.9467970689653344 | 2 | -0.5
1.832309172008354 | 2 | -0.5
1.8207409390223808 | 2 | -0.5
1.737431423558701 | 2 | -0.5
1.8476610732322785 | 2 | -0.5
1.9948663611985404 | 2 | -0.5
2.3021107111281633 | 2 | -0.5
2.740573652911681 | 2 | -0.5
6.033515243832877 | 2 | -0.5
5.7016925727435535 | 2 | -0.5
5.497657822714172 | 2 | -0.5
5.481005873044402 | 2 | -0.5
4.908941969831334 | 2 | -0.5
2.9943165448357107 | 2 | -0.5
2.326871629384029 | 2 | -0.5
2.063827823538078 | 2 | -0.5
1.856622606688256 | 2 | -0.5
1.7062537501457429 | 2 | -0.5
1.6724254642619725 | 2 | -0.5
1.7028003581039688 | 2 | -0.5
1.8080195948732944 | 2 | -0.5
2.0068850757214625 | 2 | -0.5
2.367128246227261 | 2 | -0.5
2.997313772820146 | 2 | -0.5
4.368143011848829 | 2 | -0.5
6.47007686586161 | 2 | -0.5
6.3624862318557325 | 2 | -0.5
6.4700314830500085 | 2 | -0.5
6.759569397424502 | 2 | -0.5
2.9510331279280226 | 2 | -0.5
2.399934741951045 | 2 | -0.5
1.9839720211239098 | 2 | -0.5
1.7823435154665561 | 2 | -0.5
1.7391650718574083 | 2 | -0.5
1.6554108346879368 | 2 | -0.5
1.6804860959810726 | 2 | -0.5
1.8150036257630118 | 2 | -0.5
1.955387484492034 | 2 | -0.5
2.219700557379523 | 2 | -0.5
2.7235812055276587 | 2 | -0.5
5.863485360642257 | 2 | -0.5
5.564050690662152 | 2 | -0.5
5.518323768998363 | 2 | -0.5
5.651954421747768 | 2 | -0.5
3.6246768904443565 | 2 | -0.5
2.784536364361555 | 2 | -0.5
2.284938277443241 | 2 | -0.5
2.006344944431509 | 2 | -0.5
1.8820830666517678 | 2 | -0.5
1.819943836138839 | 2 | -0.5
1.8078159079407352 | 2 | -0.5
1.897028338128846 | 2 | -0.5
2.031847302332216 | 2 | -0.5
2.310356687873477 | 2 | -0.5
2.6575318831852446 | 2 | -0.5
3.5682871266713283 | 2 | -0.5
6.072442436168365 | 2 | -0.5
6.378251419307007 | 2 | -0.5
6.348515337474412 | 2 | -0.5
6.758174772141669 | 2 | -0.5
2.8407854910561072 | 2 | -0.5
2.228777625821204 | 2 | -0.5
1.8786634897486745 | 2 | -0.5
1.696236947149747 | 2 | -0.5
1.596069057994402 | 2 | -0.5
1.5859843858953544 | 2 | -0.5
1.6043034916501369 | 2 | -0.5
1.68902858492917 | 2 | -0.5
1.822420962372151 | 2 | -0.5
2.1528411064412665 | 2 | -0.5
2.6650731122416516 | 2 | -0.5
5.984083060464295 | 2 | -0.5
5.617888196001812 | 2 | -0.5
5.570882809321034 | 2 | -0.5
5.633899688604848 | 2 | -0.5
4.226737489892785 | 2 | -0.5
3.0416213631861453 | 2 | -0.5
2.4804152965208752 | 2 | -0.5
2.1232948339405344 | 2 | -0.5
1.9365380469702178 | 2 | -0.5
1.8296179930007372 | 2 | -0.5
1.7794787336491096 | 2 | -0.5
1.8698655364596755 | 2 | -0.5
1.8817805848955946 | 2 | -0.5
2.060933790342325 | 2 | -0.5
2.464263316812615 | 2 | -0.5
3.1836252820882995 | 2 | -0.5
4.7549060678826525 | 2 | -0.5
6.42277796453616 | 2 | -0.5
6.340168539933619 | 2 | -0.5
6.499788563051942 | 2 | -0.5
3.184086386040174 | 2 | -0.5
2.456523886565385 | 2 | -0.5
1.985136975605922 | 2 | -0.5
1.853052929584876 | 2 | -0.5
1.6817149856167963 | 2 | -0.5
1.5807317680886597 | 2 | -0.5
1.6063793274107474 | 2 | -0.5
1.660228009025036 | 2 | -0.5
1.811272952418649 | 2 | -0.5
2.1130028147599553 | 2 | -0.5
2.6062069668131294 | 2 | -0.5
6.054259146162567 | 2 | -0.5
5.610163725734618 | 2 | -0.5
5.569319840421419 | 2 | -0.5
5.7421988651533455 | 2 | -0.5
4.336073190631111 | 2 | -0.5
3.0225013616095056 | 2 | -0.5
2.431253918763041 | 2 | -0.5
2.1393071652232787 | 2 | -0.5
1.9796649046403667 | 2 | -0.5
1.8785886831713432 | 2 | -0.5
1.8647472037008013 | 2 | -0.5
1.9056506124958539 | 2 | -0.5
2.098088612286778 | 2 | -0.5
2.366101962184892 | 2 | -0.5
2.7896858378527725 | 2 | -0.5
3.7246680229606515 | 2 | -0.5
6.052256887894979 | 2 | -0.5
6.480516163064815 | 2 | -0.5
6.468762654298602 | 2 | -0.5
6.754613485556614 | 2 | -0.5
3.006928231546448 | 2 | -0.5
2.276556798958895 | 2 | -0.5
1.9160849864155112 | 2 | -0.5
1.7560417845872949 | 2 | -0.5
1.6567010568725151 | 2 | -0.5
1.6168772954350432 | 2 | -0.5
1.57988506853868 | 2 | -0.5
1.6708767887030749 | 2 | -0.5
1.8161498254627544 | 2 | -0.5
2.0171099127148597 | 2 | -0.5
2.467280122596586 | 2 | -0.5
6.080253314128687 | 2 | -0.5
5.687953558689298 | 2 | -0.5
5.50819796121286 | 2 | -0.5
5.5359410551112 | 2 | -0.5
5.28955382176865 | 2 | -0.5
3.706220027243549 | 2 | -0.5
2.7811505308047764 | 2 | -0.5
2.2534719368333813 | 2 | -0.5
2.0286321311647164 | 2 | -0.5
1.9185085173439567 | 2 | -0.5
1.8277404329564297 | 2 | -0.5
1.9059757840661204 | 2 | -0.5
2.030803479872386 | 2 | -0.5
2.166380248731385 | 2 | -0.5
2.5080517367710025 | 2 | -0.5
3.3093913717274392 | 2 | -0.5
4.555935294382449 | 2 | -0.5
6.530881908329843 | 2 | -0.5
6.492068875185935 | 2 | -0.5
6.754379799675849 | 2 | -0.5
2.9784592292136267 | 2 | -0.5
2.3285493654069245 | 2 | -0.5
1.9194626725003074 | 2 | -0.5
1.7134132720425248 | 2 | -0.5
1.6491665685798709 | 2 | -0.5
1.6242693351928745 | 2 | -0.5
1.633565569252085 | 2 | -0.5
1.6939754552275998 | 2 | -0.5
1.8842382433762375 | 2 | -0.5
2.183728192856059 | 2 | -0.5
2.8040113205723167 | 2 | -0.5
5.979833637620736 | 2 | -0.5
5.605851028404267 | 2 | -0.5
5.5566907658410445 | 2 | -0.5
5.684528083156812 | 2 | -0.5
4.009817921970067 | 2 | -0.5
2.944175641484925 | 2 | -0.5
2.421721995287103 | 2 | -0.5
2.110946411174634 | 2 | -0.5
1.9473313255232274 | 2 | -0.5
1.8534294705295433 | 2 | -0.5
1.7996770796262964 | 2 | -0.5
1.8306055701866217 | 2 | -0.5
1.9090597037212211 | 2 | -0.5
2.112274852946343 | 2 | -0.5
2.503809843713847 | 2 | -0.5
2.9233547271566387 | 2 | -0.5
4.406803069133647 | 2 | -0.5
6.459474767749721 | 2 | -0.5
6.426994016155795 | 2 | -0.5
6.527343114122995 | 2 | -0.5
6.941010494913238 | 2 | -0.5
2.7204015292944974 | 2 | -0.5
2.2462991572074276 | 2 | -0.5
2.0100511612587604 | 2 | -0.5
1.7931656729279932 | 2 | -0.5
1.6867041731257781 | 2 | -0.5
1.6312305853665623 | 2 | -0.5
1.6953738765199933 | 2 | -0.5
1.813310408051955 | 2 | -0.5
1.8905567841214133 | 2 | -0.5
2.25250485475621 | 2 | -0.5
2.743775176391466 | 2 | -0.5
5.86916524624972 | 2 | -0.5
5.523911920597619 | 2 | -0.5
5.480523866953305 | 2 | -0.5
5.643150624837626 | 2 | -0.5
3.5995040360463295 | 2 | -0.5
2.7316330570289042 | 2 | -0.5
2.2959976673555706 | 2 | -0.5
2.0243745888280222 | 2 | -0.5
1.8829384977085444 | 2 | -0.5
1.7827534205986229 | 2 | -0.5
1.8249103209436512 | 2 | -0.5
1.8826955549273363 | 2 | -0.5
2.004636519152705 | 2 | -0.5
2.1538920623973654 | 2 | -0.5
2.5464769756631473 | 2 | -0.5
3.272843365520632 | 2 | -0.5
5.093205870242953 | 2 | -0.5
6.536903732279666 | 2 | -0.5
6.516080892168306 | 2 | -0.5
6.642081818074374 | 2 | -0.5
3.7466913168550446 | 2 | -0.5
2.563245974341064 | 2 | -0.5
2.084341970696666 | 2 | -0.5
1.7597908658774783 | 2 | -0.5
1.6422865133194413 | 2 | -0.5
1.532029591887526 | 2 | -0.5
1.575353809042742 | 2 | -0.5
1.6014025302629027 | 2 | -0.5
1.758617918274981 | 2 | -0.5
1.9931724280659886 | 2 | -0.5
2.281412546582284 | 2 | -0.5
6.141603379363733 | 2 | -0.5
5.676219806694966 | 2 | -0.5
5.507427564957825 | 2 | -0.5
5.529749024832838 | 2 | -0.5
5.680954943685225 | 2 | -0.5
3.6433095173937056 | 2 | -0.5
2.708648724951262 | 2 | -0.5
2.2551018239245675 | 2 | -0.5
2.0205074352341286 | 2 | -0.5
1.8569401315017362 | 2 | -0.5
1.8842845358517228 | 2 | -0.5
1.8625967592797048 | 2 | -0.5
1.9252472943692838 | 2 | -0.5
2.1133508109364363 | 2 | -0.5
2.374714546794006 | 2 | -0.5
2.9400959470235066 | 2 | -0.5
3.883279148972332 | 2 | -0.5
5.892248257509765 | 2 | -0.5
6.406901093030787 | 2 | -0.5
6.364812444594881 | 2 | -0.5
6.638720404763028 | 2 | -0.5
3.045181847010624 | 2 | -0.5
2.1527221642551564 | 2 | -0.5
1.860659288459289 | 2 | -0.5
1.6483832675297883 | 2 | -0.5
1.572423061150979 | 2 | -0.5
1.4986617557593924 | 2 | -0.5
1.5419375934962474 | 2 | -0.5
1.5657218701549187 | 2 | -0.5
1.728107837218106 | 2 | -0.5
2.0267502900114613 | 2 | -0.5
2.4719944961611406 | 2 | -0.5
6.041776439819434 | 2 | -0.5
5.607317824352486 | 2 | -0.5
5.511928072077483 | 2 | -0.5
5.574392576871578 | 2 | -0.5
4.548805411393307 | 2 | -0.5
3.1585829112507406 | 2 | -0.5
2.477850043541135 | 2 | -0.5
2.178466793844823 | 2 | -0.5
1.990325584055898 | 2 | -0.5
1.879518651886635 | 2 | -0.5
1.9042882127705012 | 2 | -0.5
1.938951044865297 | 2 | -0.5
2.0937703327558403 | 2 | -0.5
2.315906197033141 | 2 | -0.5
2.775858929780802 | 2 | -0.5
3.698300352426684 | 2 | -0.5
5.534839408726024 | 2 | -0.5
6.423752586724628 | 2 | -0.5
6.403620952044576 | 2 | -0.5
6.618269467106926 | 2 | -0.5
2.871669820739176 | 2 | -0.5
2.116224171554048 | 2 | -0.5
1.7893018639905223 | 2 | -0.5
1.6435841950018013 | 2 | -0.5
1.4928694589435263 | 2 | -0.5
1.4488529589766859 | 2 | -0.5
1.3885162002572984 | 2 | -0.5
1.45097768814801 | 2 | -0.5
1.569601856232035 | 2 | -0.5
1.7757315152210629 | 2 | -0.5
2.1602180064099437 | 2 | -0.5
6.104657122644212 | 2 | -0.5
5.699765343252205 | 2 | -0.5
5.454176113348984 | 2 | -0.5
5.542570893124719 | 2 | -0.5
5.0635325280245915 | 2 | -0.5
3.4402406444052516 | 2 | -0.5
2.6465085088576323 | 2 | -0.5
2.2637254149418906 | 2 | -0.5
2.0684001238318777 | 2 | -0.5
1.987926018749539 | 2 | -0.5
1.9438022396380041 | 2 | -0.5
1.97003633465708 | 2 | -0.5
2.0856134221244758 | 2 | -0.5
2.329001185110752 | 2 | -0.5
2.7838492847015552 | 2 | -0.5
3.4166036210371735 | 2 | -0.5
4.821574636254332 | 2 | -0.5
6.490837143324164 | 2 | -0.5
6.395452293472279 | 2 | -0.5
6.6556437146628475 | 2 | -0.5
2.864792522386724 | 2 | -0.5
2.2207213559273877 | 2 | -0.5
1.8709233320047538 | 2 | -0.5
1.676741852402517 | 2 | -0.5
1.4929676739489401 | 2 | -0.5
1.4978577359575838 | 2 | -0.5
1.4681515188891403 | 2 | -0.5
1.508285965243155 | 2 | -0.5
1.6635678159967382 | 2 | -0.5
1.8899987260021063 | 2 | -0.5
2.2774101523414525 | 2 | -0.5
6.090881745075656 | 2 | -0.5
5.635165917097068 | 2 | -0.5
5.443366970366461 | 2 | -0.5
5.492377146343954 | 2 | -0.5
5.559108805045724 | 2 | -0.5
3.639456533202247 | 2 | -0.5
2.6909688534251957 | 2 | -0.5
2.2771924135585286 | 2 | -0.5
2.036049774527279 | 2 | -0.5
1.9319917931696804 | 2 | -0.5
1.8975701443952948 | 2 | -0.5
1.908903440300381 | 2 | -0.5
1.9817169112817834 | 2 | -0.5
2.213918347105908 | 2 | -0.5
2.4538863040464456 | 2 | -0.5
2.9601613794601866 | 2 | -0.5
3.8860209954641554 | 2 | -0.5
6.265766538010062 | 2 | -0.5
6.525078392020883 | 2 | -0.5
6.5047487307066465 | 2 | -0.5
6.731334378078827 | 2 | -0.5
3.051116995560245 | 2 | -0.5
2.2568794866732635 | 2 | -0.5
1.908730377921964 | 2 | -0.5
1.699909726407509 | 2 | -0.5
1.615018655322607 | 2 | -0.5
1.5295969014535442 | 2 | -0.5
1.520768658820761 | 2 | -0.5
1.5775499452050692 | 2 | -0.5
1.6764849508386233 | 2 | -0.5
1.8917409805542242 | 2 | -0.5
2.1746611146327584 | 2 | -0.5
2.839600331619058 | 2 | -0.5
5.821103415278319 | 2 | -0.5
5.554266900041373 | 2 | -0.5
5.458484504626725 | 2 | -0.5
5.700339201591778 | 2 | -0.5
3.7740204965115467 | 2 | -0.5
2.7897431570369804 | 2 | -0.5
2.3845869423115698 | 2 | -0.5
2.0850459209362584 | 2 | -0.5
1.9225782619836742 | 2 | -0.5
1.9059292727314967 | 2 | -0.5
1.9418434988337794 | 2 | -0.5
2.039308794558382 | 2 | -0.5
2.1732210918702486 | 2 | -0.5
2.5635209370692857 | 2 | -0.5
3.1440931897392344 | 2 | -0.5
4.34819394539732 | 2 | -0.5
6.750735922746005 | 2 | -0.5
6.494638627406242 | 2 | -0.5
6.58677480696212 | 2 | -0.5
3.696413915823305 | 2 | -0.5
2.687539411881242 | 2 | -0.5
2.1523329531914217 | 2 | -0.5
1.8482610007035192 | 2 | -0.5
1.7025808298136778 | 2 | -0.5
1.6244612551580768 | 2 | -0.5
1.5726317133365566 | 2 | -0.5
1.624704881328189 | 2 | -0.5
1.7337552588234204 | 2 | -0.5
1.874528922159941 | 2 | -0.5
2.1626854636035393 | 2 | -0.5
6.342712770746139 | 2 | -0.5
5.779955627298976 | 2 | -0.5
5.437610653556673 | 2 | -0.5
5.399718072565388 | 2 | -0.5
5.585195619564597 | 2 | -0.5
3.676713618136508 | 2 | -0.5
2.6876948879052476 | 2 | -0.5
2.2709656692375675 | 2 | -0.5
1.9994582324881252 | 2 | -0.5
1.833197449056238 | 2 | -0.5
1.7495405718580221 | 2 | -0.5
1.6975964651060662 | 2 | -0.5
1.7706937124193691 | 2 | -0.5
1.8721687824825042 | 2 | -0.5
2.090152546937055 | 2 | -0.5
2.4736561233342207 | 2 | -0.5
3.1818357834438897 | 2 | -0.5
4.935952822695688 | 2 | -0.5
6.498490083442008 | 2 | -0.5
6.477459506903723 | 2 | -0.5
6.7632833242542985 | 2 | -0.5
3.4241216439249156 | 2 | -0.5
2.5439640489432604 | 2 | -0.5
2.0867458847862763 | 2 | -0.5
1.8389302372350835 | 2 | -0.5
1.7366539958754226 | 2 | -0.5
1.6489161922906295 | 2 | -0.5
1.6735259365910333 | 2 | -0.5
1.7090954401308833 | 2 | -0.5
1.9436513397937336 | 2 | -0.5
2.229398602598734 | 2 | -0.5
6.450491139822596 | 2 | -0.5
5.800872251725559 | 2 | -0.5
5.433254533697003 | 2 | -0.5
5.333944040750355 | 2 | -0.5
5.469328783825658 | 2 | -0.5
3.730170993981357 | 2 | -0.5
2.7036312802545495 | 2 | -0.5
2.1504885495505803 | 2 | -0.5
1.8725749234930535 | 2 | -0.5
1.754586565217568 | 2 | -0.5
1.6996284405012092 | 2 | -0.5
1.6641996936669474 | 2 | -0.5
1.6936561903427507 | 2 | -0.5
1.8935054046613953 | 2 | -0.5
2.1270937950263806 | 2 | -0.5
2.5100785443278624 | 2 | -0.5
3.5307625043767334 | 2 | -0.5
5.9628377287155985 | 2 | -0.5
6.473922966191714 | 2 | -0.5
6.531263300935499 | 2 | -0.5
6.775465538114819 | 2 | -0.5
3.509172982121996 | 2 | -0.5
2.6091524491685854 | 2 | -0.5
2.2608258376672343 | 2 | -0.5
1.9793425336998893 | 2 | -0.5
1.8880941922281722 | 2 | -0.5
1.8402459309797432 | 2 | -0.5
1.7935919209286109 | 2 | -0.5
1.8925868263303722 | 2 | -0.5
2.058690496381094 | 2 | -0.5
2.337418990531724 | 2 | -0.5
2.867370044414333 | 2 | -0.5
5.96253416311855 | 2 | -0.5
5.509292205394569 | 2 | -0.5
5.384035981754753 | 2 | -0.5
5.431029879632134 | 2 | -0.5
3.479400010774864 | 2 | -0.5
2.39198029185293 | 2 | -0.5
1.9703689162259448 | 2 | -0.5
1.7025790935576068 | 2 | -0.5
1.5763840333782246 | 2 | -0.5
1.5333847408491479 | 2 | -0.5
1.5230303786489663 | 2 | -0.5
1.6051744410572024 | 2 | -0.5
1.6879948589196072 | 2 | -0.5
1.9321912137666286 | 2 | -0.5
2.215158535537393 | 2 | -0.5
2.929635925636313 | 2 | -0.5
4.604343361377492 | 2 | -0.5
6.662388098150692 | 2 | -0.5
6.61334453861958 | 2 | -0.5
6.950252397675599 | 2 | -0.5
3.6613347892751333 | 2 | -0.5
2.8422935140349366 | 2 | -0.5
2.4225939059743236 | 2 | -0.5
2.155833440335609 | 2 | -0.5
2.0593071272872394 | 2 | -0.5
1.9694083604835018 | 2 | -0.5
2.015968342421173 | 2 | -0.5
2.127335930973925 | 2 | -0.5
2.369813890129939 | 2 | -0.5
2.678318930544592 | 2 | -0.5
6.462288483718284 | 2 | -0.5
5.773933414107806 | 2 | -0.5
5.427710643473442 | 2 | -0.5
5.335596282612146 | 2 | -0.5
5.354410362000204 | 2 | -0.5
3.634129939155778 | 2 | -0.5
2.6057940825760313 | 2 | -0.5
2.0564173228302884 | 2 | -0.5
1.7733248883850035 | 2 | -0.5
1.536880757735851 | 2 | -0.5
1.4988816741290705 | 2 | -0.5
1.440059403348127 | 2 | -0.5
1.4669223188809497 | 2 | -0.5
1.4626703725255723 | 2 | -0.5
1.628808571718808 | 2 | -0.5
1.8498585393060523 | 2 | -0.5
2.2597821837526846 | 2 | -0.5
3.093914132301176 | 2 | -0.5
4.54769102081417 | 2 | -0.5
6.510667466985008 | 2 | -0.5
6.522711251991854 | 2 | -0.5
6.790814498039288 | 2 | -0.5
3.6331646903021473 | 2 | -0.5
2.7493610310500016 | 2 | -0.5
2.31500953690739 | 2 | -0.5
2.078594196446698 | 2 | -0.5
1.9828368954580817 | 2 | -0.5
1.9553179716322053 | 2 | -0.5
1.9794771101390098 | 2 | -0.5
2.0805041424842003 | 2 | -0.5
2.2866914004061996 | 2 | -0.5
2.8057207456918625 | 2 | -0.5
6.297866334002895 | 2 | -0.5
5.750858594305432 | 2 | -0.5
5.482392386346279 | 2 | -0.5
5.459082221180839 | 2 | -0.5
4.951194222710263 | 2 | -0.5
2.93244237199569 | 2 | -0.5
2.250675079499704 | 2 | -0.5
1.9021610205738064 | 2 | -0.5
1.616701903508821 | 2 | -0.5
1.5532479802511845 | 2 | -0.5
1.4962931874651937 | 2 | -0.5
1.491715498260068 | 2 | -0.5
1.536035963791805 | 2 | -0.5
1.686272262064978 | 2 | -0.5
1.9849728344963036 | 2 | -0.5
2.354906138304337 | 2 | -0.5
3.387786796485021 | 2 | -0.5
6.56029903394483 | 2 | -0.5
6.541503001032017 | 2 | -0.5
6.719935467358796 | 2 | -0.5
7.225804187206538 | 2 | -0.5
3.033947933686421 | 2 | -0.5
2.486164022770752 | 2 | -0.5
2.1622561681149746 | 2 | -0.5
2.0055277682181663 | 2 | -0.5
1.94807426320607 | 2 | -0.5
1.9236331173364785 | 2 | -0.5
2.0410540747837094 | 2 | -0.5
2.25044936029895 | 2 | -0.5
2.4630577800401463 | 2 | -0.5
6.823103209340802 | 2 | -0.5
6.032377606008704 | 2 | -0.5
5.604511867129677 | 2 | -0.5
5.467120082830118 | 2 | -0.5
5.462287075054978 | 2 | -0.5
4.934504030824997 | 2 | -0.5
3.07680466282975 | 2 | -0.5
2.2419770741018135 | 2 | -0.5
1.838527664535437 | 2 | -0.5
1.6899952684363386 | 2 | -0.5
1.5916607177160642 | 2 | -0.5
1.5175545601610114 | 2 | -0.5
1.5033361722504401 | 2 | -0.5
1.605772835059201 | 2 | -0.5
1.7612208829364875 | 2 | -0.5
1.9652704632908482 | 2 | -0.5
2.408860389504045 | 2 | -0.5
3.0847208690677324 | 2 | -0.5
4.62411005629809 | 2 | -0.5
6.424290814243369 | 2 | -0.5
6.40751710698393 | 2 | -0.5
6.636986443914237 | 2 | -0.5
3.50414132056379 | 2 | -0.5
2.6181367238495623 | 2 | -0.5
2.1784184536598397 | 2 | -0.5
1.9675386195839717 | 2 | -0.5
1.8579771135952032 | 2 | -0.5
1.8330908972604703 | 2 | -0.5
1.8365328871040327 | 2 | -0.5
1.9491176572450668 | 2 | -0.5
2.166773181689075 | 2 | -0.5
2.4733620030249286 | 2 | -0.5
6.691411971752246 | 2 | -0.5
6.02197433664253 | 2 | -0.5
5.671382999180876 | 2 | -0.5
5.566900951490031 | 2 | -0.5
5.6302655582301435 | 2 | -0.5
3.7875241154430066 | 2 | -0.5
2.741499796915048 | 2 | -0.5
2.18654170656173 | 2 | -0.5
1.7770751803045943 | 2 | -0.5
1.6717444745789252 | 2 | -0.5
1.5965271583453031 | 2 | -0.5
1.5653550423054703 | 2 | -0.5
1.5665688753833062 | 2 | -0.5
1.624906308554942 | 2 | -0.5
1.7109582116649051 | 2 | -0.5
1.9887780878530636 | 2 | -0.5
2.51421372077474 | 2 | -0.5
3.5633851117094135 | 2 | -0.5
6.551755992184509 | 2 | -0.5
6.428597121928335 | 2 | -0.5
6.432972243177971 | 2 | -0.5
6.886423146878605 | 2 | -0.5
3.2753868110554123 | 2 | -0.5
2.527818716788602 | 2 | -0.5
2.098237314969407 | 2 | -0.5
1.911562629777356 | 2 | -0.5
1.8522337749555888 | 2 | -0.5
1.8353868439540117 | 2 | -0.5
1.8176207412598857 | 2 | -0.5
1.906454850480445 | 2 | -0.5
2.0548469345973177 | 2 | -0.5
2.3830614906816874 | 2 | -0.5
6.636065807918097 | 2 | -0.5
5.939438697800686 | 2 | -0.5
5.637871935455169 | 2 | -0.5
5.484600975907543 | 2 | -0.5
5.554069924667584 | 2 | -0.5
4.524578631741725 | 2 | -0.5
2.939462970827638 | 2 | -0.5
2.3174403151268885 | 2 | -0.5
1.9851006480352196 | 2 | -0.5
1.7903526435069665 | 2 | -0.5
1.6468886571228023 | 2 | -0.5
1.629868298633318 | 2 | -0.5
1.6730633219389346 | 2 | -0.5
1.8044038618608376 | 2 | -0.5
1.9909931068590996 | 2 | -0.5
2.3457214083981155 | 2 | -0.5
2.9364325311549906 | 2 | -0.5
4.206864945872322 | 2 | -0.5
6.472532400703657 | 2 | -0.5
6.410287226106513 | 2 | -0.5
6.5062275068646676 | 2 | -0.5
6.848940405900631 | 2 | -0.5
3.034494871635493 | 2 | -0.5
2.293206253336219 | 2 | -0.5
2.078546684479411 | 2 | -0.5
1.8727793334931722 | 2 | -0.5
1.7840780812734818 | 2 | -0.5
1.78820633952493 | 2 | -0.5
1.8689346789548893 | 2 | -0.5
1.9750915332667924 | 2 | -0.5
2.17480866766165 | 2 | -0.5
2.6472579618134335 | 2 | -0.5
6.1580702908330975 | 2 | -0.5
5.604053123811617 | 2 | -0.5
5.434477171519326 | 2 | -0.5
5.465658513410375 | 2 | -0.5
3.978091053627241 | 2 | -0.5
2.8527947302791463 | 2 | -0.5
2.172452805515732 | 2 | -0.5
1.9092286829090066 | 2 | -0.5
1.7171852424682021 | 2 | -0.5
1.6300605294897086 | 2 | -0.5
1.6077208580825513 | 2 | -0.5
1.6126236270398162 | 2 | -0.5
1.7255943809269765 | 2 | -0.5
1.8681163915292736 | 2 | -0.5
2.172388567360013 | 2 | -0.5
2.85902364865681 | 2 | -0.5
4.246262422357434 | 2 | -0.5
6.5877743211821835 | 2 | -0.5
6.469849661833382 | 2 | -0.5
6.546358601891358 | 2 | -0.5
6.960606374397814 | 2 | -0.5
3.094378240218669 | 2 | -0.5
2.48252305918402 | 2 | -0.5
2.104216248808642 | 2 | -0.5
1.894573332894865 | 2 | -0.5
1.7849180520905326 | 2 | -0.5
1.748760367146731 | 2 | -0.5
1.8090065595674003 | 2 | -0.5
1.909730380064229 | 2 | -0.5
2.1098440879470073 | 2 | -0.5
2.442973135028092 | 2 | -0.5
6.529980770246247 | 2 | -0.5
5.930850304972124 | 2 | -0.5
5.52333883531954 | 2 | -0.5
5.431506430651735 | 2 | -0.5
5.391705133997619 | 2 | -0.5
3.219169770368874 | 2 | -0.5
2.4061469493544263 | 2 | -0.5
2.1214753190269957 | 2 | -0.5
1.8477787202397313 | 2 | -0.5
1.7051158152755002 | 2 | -0.5
1.663870253317243 | 2 | -0.5
1.598952809962564 | 2 | -0.5
1.6739623432462885 | 2 | -0.5
1.7491008106219095 | 2 | -0.5
1.956478445812252 | 2 | -0.5
2.243978764183115 | 2 | -0.5
2.6989719675557415 | 2 | -0.5
3.792398650445733 | 2 | -0.5
6.5785046227823445 | 2 | -0.5
6.483459430903569 | 2 | -0.5
6.598561849630202 | 2 | -0.5
7.015198416521921 | 2 | -0.5
2.9704104100174584 | 2 | -0.5
2.413339297815276 | 2 | -0.5
2.075327934845537 | 2 | -0.5
1.9039190766039198 | 2 | -0.5
1.8614596968924746 | 2 | -0.5
1.8104000294620977 | 2 | -0.5
1.8706928245126075 | 2 | -0.5
1.918037726592684 | 2 | -0.5
2.1165621089654745 | 2 | -0.5
2.522501257258662 | 2 | -0.5
6.54670375288903 | 2 | -0.5
5.881298776815363 | 2 | -0.5
5.5140449415425 | 2 | -0.5
5.414052751027437 | 2 | -0.5
5.520881032400156 | 2 | -0.5
3.715073721737475 | 2 | -0.5
2.5939615431323397 | 2 | -0.5
2.0951009873448805 | 2 | -0.5
1.8313855089365023 | 2 | -0.5
1.6819439517455728 | 2 | -0.5
1.544384250910447 | 2 | -0.5
1.591363952206922 | 2 | -0.5
1.602808221968967 | 2 | -0.5
1.6686885910655855 | 2 | -0.5
1.796960205079823 | 2 | -0.5
2.0929666042170694 | 2 | -0.5
2.6683589924844613 | 2 | -0.5
3.877733161776395 | 2 | -0.5
6.568631169360393 | 2 | -0.5
6.442262763661208 | 2 | -0.5
6.562305359035604 | 2 | -0.5
6.979367653274704 | 2 | -0.5
2.8663811054443418 | 2 | -0.5
2.3316599839362064 | 2 | -0.5
2.072314412851753 | 2 | -0.5
1.9358384407428337 | 2 | -0.5
1.8256139623749912 | 2 | -0.5
1.7884220949243437 | 2 | -0.5
1.8639594503825794 | 2 | -0.5
1.943629185653487 | 2 | -0.5
2.177773139217217 | 2 | -0.5
2.560889795945185 | 2 | -0.5
6.40073548989214 | 2 | -0.5
5.800210998285082 | 2 | -0.5
5.49660770523099 | 2 | -0.5
5.452116965276515 | 2 | -0.5
5.431363363359759 | 2 | -0.5
3.3856850120525315 | 2 | -0.5
2.5758749058470323 | 2 | -0.5
2.0143345021255175 | 2 | -0.5
1.7262640638586857 | 2 | -0.5
1.5893763978862563 | 2 | -0.5
1.5722787417374087 | 2 | -0.5
1.5548510382366854 | 2 | -0.5
1.6074243146374494 | 2 | -0.5
1.7604467015567877 | 2 | -0.5
Total reward: -500.0
