1.5, -1.5, 1.4, -1.5, 0.3, 0.8, 1.3, 1.9, -1.0, -0.5, 2.1, -1.2, -0.4, 0.2, -0.1, -0.3, 0.1, -1.7, 0.0, 1.2, -0.8, 0.8
parameter ends

state | action | reward
[1.] | [ 2.6  -2.92] | -15.594079356446017
0.9982851533476728 | [ 1.38 -0.97] | -3.1506726554541604
0.984455961644902 | [0.06 0.85] | -1.0288753062455518
0.9447953822117579 | [-0.52 -0.17] | -0.5848054435617319
0.8917567408851731 | [ 0.24 -0.35] | -0.4540277130963644
0.8300815564253409 | [-0.21  0.27] | -0.3825207445287675
0.7570996043417382 | [-0.22 -0.18] | -0.33769915970107567
0.6875628292424905 | [-0.04 -0.09] | -0.25890605027163277
0.6209230016230962 | [-0.21  0.04] | -0.28994905825542144
0.5593238244536253 | [-0.16 -0.11] | -0.27914614801443505
0.5086435231441291 | [-0.13 -0.04] | -0.25557430052435864
0.4673996459208984 | [-0.17 -0.02] | -0.2674485210405432
0.43671844761786544 | [-0.14 -0.05] | -0.2592053783514801
0.4174595078857514 | [-0.13 -0.01] | -0.25465281222613984
0.4080933017874815 | [-0.13  0.01] | -0.25677875334623257
0.4082183731860284 | [-0.11  0.01] | -0.25291062386513374
0.41686784326088994 | [-0.09  0.04] | -0.25320981927770964
0.4324606684067764 | [-0.08  0.05] | -0.25324975243377706
0.45383262524387585 | [-0.06  0.06] | -0.25212667995445104
0.4796212473909373 | [-0.05  0.07] | -0.25205928025802304
0.5084590526561581 | [-0.04  0.07] | -0.25088415756249516
0.5392495014242011 | [-0.03  0.07] | -0.24923886533420778
0.5709813828634629 | [-0.02  0.07] | -0.24743766802579958
0.6028183631498255 | [-0.01  0.06] | -0.2450793592633067
0.6341395984893857 | [-0.01  0.06] | -0.24255532704491675
0.6644638056200652 | [-0.    0.05] | -0.2399401888082898
0.693455584395373 | [8.33e-05 4.68e-02] | -0.23722919050333238
0.7209062471632037 | [0.   0.04] | -0.23454721455236152
0.7466936329912605 | [0.   0.04] | -0.23191289694913284
0.770768524848686 | [0.   0.03] | -0.22933883878710573
0.7931355584159487 | [0.01 0.03] | -0.22685056498700545
0.8138340625981406 | [0.01 0.02] | -0.22444849597126992
0.8329282795226657 | [0.01 0.02] | -0.2221334457288388
0.8504977173932405 | [0.01 0.02] | -0.2199064779863354
0.8666295169226119 | [0.01 0.02] | -0.21776384072267857
0.8814141339881268 | [0.   0.01] | -0.2157022326226481
0.8949417294136397 | [0.   0.01] | -0.2137182100784167
0.9072997070497624 | [0.   0.01] | -0.2118076499312669
0.9185713775382977 | [0.   0.01] | -0.20996672228361452
0.9288350213211731 | [0.   0.01] | -0.20819170448545676
0.9381634114002828 | [0.   0.01] | -0.20647894530375677
0.9466236881087476 | [0.   0.01] | -0.20482502769890862
0.9542773842366401 | [0.   0.01] | -0.2032267204581544
0.961180592273835 | [0. 0.] | -0.2016809736375207
0.9673842193386528 | [0. 0.] | -0.200184937468254
0.9729342741401723 | [0. 0.] | -0.1987359449359674
0.9778721761713844 | [-0.  0.] | -0.19733150366886104
0.9822350673816616 | [-0.  0.] | -0.19596929099785632
0.9860561118434528 | [-0.  0.] | -0.19464714337307562
0.9893647795161425 | [-0.  0.] | -0.19336304785913266
Total reward: -31.49299414388297
1.5, -1.5, 1.4, -1.5, 0.3, 0.8, 1.3, 1.9, -1.0, -0.5, 2.1, -1.2, -0.4, 0.2, -0.1, -0.3, 0.1, -1.7, 0.0, 1.2, -0.8, 0.8
parameter ends

state | action | reward
[1.] | [ 2.15 -2.45] | -10.720426415215917
0.9941203093498866 | [ 0.92 -0.51] | -1.168488921359717
0.975200533402711 | [-0.44  0.74] | -0.8088043343616275
0.9379417763470488 | [-0.14 -0.51] | -0.3319481769270186
0.8962518222258136 | [ 0.17 -0.  ] | -0.07166964268578319
0.845148207243201 | [-0.28  0.13] | -0.1326984513503889
0.7888531112229431 | [-0.07 -0.22] | -0.09012250327229585
0.7357411217493428 | [-0.07  0.01] | -0.03760782724988005
0.6829708036761206 | [-0.18 -0.03] | -0.06482805242838832
0.6353249108713275 | [-0.1  -0.11] | -0.048800593174224145
0.5952553614673962 | [-0.13 -0.03] | -0.03722698095618375
0.5619137968935131 | [-0.15 -0.06] | -0.0408366282740331
0.5374116311983741 | [-0.12 -0.07] | -0.03162908448536428
0.5218284836227663 | [-0.13 -0.03] | -0.03547953879066772
0.5146182496655205 | [-0.12 -0.04] | -0.04467700160569229
0.5159582171365102 | [-0.11 -0.02] | -0.05243067924402582
0.5250228297771206 | [-0.1  0. ] | -0.06445841014942302
0.5408816599670079 | [-0.09  0.01] | -0.07604063142807062
0.5626639922710347 | [-0.08  0.03] | -0.08797857917406593
0.5891291597621603 | [-0.07  0.04] | -0.10057997993111578
0.6190765168000006 | [-0.06  0.05] | -0.11209396317001141
0.6513654291664356 | [-0.05  0.06] | -0.12306656140487916
0.6848664765582717 | [-0.04  0.06] | -0.13301641772174005
0.7186160265002132 | [-0.03  0.06] | -0.14165481791593731
0.7518106739558321 | [-0.02  0.06] | -0.14926279970730172
0.7837966704176623 | [-0.02  0.06] | -0.1557859005426098
0.8140919157021611 | [-0.01  0.05] | -0.16134248531208456
0.8423561340276401 | [-0.01  0.05] | -0.1661055122056449
0.8683656773152212 | [-0.01  0.04] | -0.17015043103982794
0.8919953210499408 | [-0.01  0.04] | -0.17358378738906857
0.9131910733641451 | [-0.    0.03] | -0.1764958749048702
0.9319495646710706 | [-0.    0.03] | -0.178948289076176
0.9483019914928676 | [-0.    0.03] | -0.1810014962753848
0.9622993868430696 | [-0.01  0.02] | -0.18270496808878786
0.9740020649457177 | [-0.01  0.02] | -0.18409837450118655
0.9834717092924179 | [-0.01  0.02] | -0.18521722182586683
0.990765173898541 | [-0.01  0.01] | -0.18609147788860034
0.99593009067184 | [-0.01  0.01] | -0.186746526637373
0.9990015774726034 | [-0.01  0.01] | -0.1872046066603234
0.9999996853803961 | [-0.01  0.01] | -0.1874849369205218
0.998927370354882 | [-0.01  0.01] | -0.18760424913552692
0.9957687104067253 | [-0.02  0.01] | -0.18757742170199437
0.9904872014153265 | [-0.02  0.01] | -0.18741783239947862
0.9830239830417533 | [-0.02  0.01] | -0.18713779495833605
0.9732958739947625 | [-0.02  0.01] | -0.18674906055482274
0.9611931220820676 | [-0.03  0.  ] | -0.18626328217341742
0.9465767797943446 | [-0.03  0.  ] | -0.18569256099163417
0.9292756391078524 | [-0.03  0.  ] | -0.18505009900839664
0.9090826718239594 | [-0.03  0.  ] | -0.18458922810264033
0.8857510127296901 | [-0.09 -0.16] | -0.21746888241544984
Total reward: -19.26433929269378
1.5, -1.5, 1.4, -1.5, 0.3, 0.8, 1.3, 1.9, -1.0, -0.5, 2.1, -1.2, -0.4, 0.2, -0.1, -0.3, 0.1, -1.7, 0.0, 1.2, -0.8, 0.8
parameter ends

state | action | reward
[1.] | [ 1.99 -2.78] | -11.801532742326769
0.9996143224927949 | [ 0.76 -0.83] | -1.399614076803984
0.9967318325362482 | [-0.23  0.65] | -0.5898107925000804
0.978404064392568 | [-0.26 -0.39] | -0.33326402826292434
0.9512609756755874 | [ 0.15 -0.17] | -0.15725579165575493
0.9161243028895116 | [-0.25  0.12] | -0.17821066687427528
0.8748569383059938 | [-0.14 -0.22] | -0.1631985767561945
0.8356689123030158 | [-0.09 -0.05] | -0.10049748134809017
0.7981326275493755 | [-0.21 -0.01] | -0.1299047298153143
0.7656519535990615 | [-0.15 -0.09] | -0.11187105531797878
0.741327908876372 | [-0.14 -0.  ] | -0.0997779566251836
0.7244895892789198 | [-0.17  0.  ] | -0.10523047513696807
0.716179225781557 | [-0.13  0.  ] | -0.09520347765748757
0.7161665196857987 | [-0.12  0.05] | -0.09778075170401303
0.7230860260547226 | [-0.11  0.06] | -0.10024452021528224
0.7360962879448818 | [-0.09  0.07] | -0.10133093345433518
0.7538033337571755 | [-0.07  0.08] | -0.10679098031477208
0.7747190521293652 | [-0.06  0.08] | -0.11019054736381717
0.7976725971836933 | [-0.05  0.08] | -0.11348860123670405
0.8215152061450671 | [-0.04  0.08] | -0.11705100457793143
0.8453082109906179 | [-0.03  0.07] | -0.11952581565190269
0.8683664275115491 | [-0.02  0.07] | -0.12180035314330408
0.8901522895959961 | [-0.02  0.06] | -0.1238139100439633
0.9102969567847247 | [-0.01  0.05] | -0.12541391463377646
0.9285678484273387 | [-0.01  0.05] | -0.126823977449147
0.9448195764609223 | [-0.01  0.04] | -0.12801591128369377
0.958979185473524 | [-0.01  0.04] | -0.12898550536315176
0.9710214848405664 | [-0.01  0.03] | -0.12978093326744278
0.9809484126967634 | [-0.01  0.03] | -0.1304018419662806
0.9887780460479744 | [-0.01  0.02] | -0.13085789118087393
0.9945336815595659 | [-0.01  0.02] | -0.13116583344285365
0.9982360850757837 | [-0.01  0.02] | -0.13133367547868333
0.9998983531328725 | [-0.01  0.01] | -0.1313712444178665
0.9995216118203103 | [-0.01  0.01] | -0.13128906613079744
0.9970918294409253 | [-0.02  0.01] | -0.13109558339842503
0.9925771708013789 | [-0.02  0.01] | -0.13079921840508124
0.985925615580872 | [-0.02  0.01] | -0.13040840819468535
0.9770626682417896 | [-0.02  0.01] | -0.12993116692438691
0.9658889239971369 | [-0.02  0.01] | -0.12937583970008765
0.9522774304326576 | [-0.03  0.01] | -0.1287514987965644
0.9360706955624425 | [-0.03  0.01] | -0.12806823457656563
0.9170772559647636 | [-0.03  0.01] | -0.12733791557887977
0.8950677799321006 | [-0.05 -0.03] | -0.12931896088133402
0.8695340492670228 | [-0.1  -0.23] | -0.18904236190427257
0.83878930466972 | [-0.03 -0.31] | -0.2223474653380854
0.8026977422017761 | [-0.07 -0.3 ] | -0.22032397911403354
0.761506173366917 | [-0.06 -0.31] | -0.22856528633853895
0.7142531640130266 | [-0.08 -0.31] | -0.22869968470975566
0.6604916868299261 | [-0.08 -0.32] | -0.2309347702376912
0.599324851030904 | [-0.09 -0.31] | -0.22739328791891528
Total reward: -20.5152227254189
1.5, -1.5, 1.4, -1.5, 0.3, 0.8, 1.3, 1.9, -1.0, -0.5, 2.1, -1.2, -0.4, 0.2, -0.1, -0.3, 0.1, -1.7, 0.0, 1.2, -0.8, 0.8
parameter ends

state | action | reward
[1.] | [ 2.2  -2.46] | -10.970883260769
0.9990268921844916 | [ 0.98 -0.53] | -1.3230377763229695
0.9973336587800282 | [-0.43  0.76] | -0.839672159872414
0.9781992726013055 | [-0.11 -0.54] | -0.37345214026660867
0.9488883253934082 | [0.19 0.  ] | -0.09216609391343408
0.9073111842163866 | [-0.27  0.13] | -0.13627968410465713
0.856996873289334 | [-0.06 -0.23] | -0.09757587791433343
0.805801904655726 | [-0.07  0.01] | -0.04134331338600136
0.7521926237297749 | [-0.18 -0.04] | -0.0680713933899114
0.7013997086713942 | [-0.1  -0.11] | -0.05183571537206895
0.6564497978885407 | [-0.13 -0.03] | -0.04232382761822455
0.6172407218343211 | [-0.15 -0.07] | -0.0482625956824588
0.5863571732207911 | [-0.12 -0.07] | -0.03998828019218636
0.5642445119386901 | [-0.13 -0.04] | -0.04332414765824798
0.5506904848763355 | [-0.13 -0.04] | -0.050787726876000874
0.5460789894316317 | [-0.12 -0.02] | -0.056952615038845036
0.5497137279470883 | [-0.11 -0.  ] | -0.06801353683030346
0.5607619180886263 | [-0.1   0.01] | -0.0786992451103376
0.5783862352411906 | [-0.09  0.03] | -0.09001505234667521
0.6013389373213002 | [-0.08  0.04] | -0.10222588129973599
0.6283898668705671 | [-0.06  0.05] | -0.11344513603890172
0.6583400765645357 | [-0.05  0.06] | -0.1242638534684959
0.6899888296687193 | [-0.04  0.06] | -0.13410510676728035
0.7222982740776875 | [-0.03  0.06] | -0.14264993020460434
0.7543902628155256 | [-0.02  0.06] | -0.15018082086647783
0.7855431629503845 | [-0.02  0.06] | -0.15661849529131688
0.8152166906424895 | [-0.01  0.05] | -0.16208807165758224
0.8430219366714253 | [-0.01  0.05] | -0.16676682780565036
0.8686966203077346 | [-0.01  0.04] | -0.17072900106724073
0.8920857275699932 | [-0.01  0.04] | -0.1740851030097638
0.9131126853988321 | [-0.    0.03] | -0.17692610080142915
0.9317575108288696 | [-0.    0.03] | -0.17931314676286192
0.9480394078645623 | [-0.    0.03] | -0.1813069113449521
0.9620009019749236 | [-0.01  0.02] | -0.1829562880737989
0.9736964524555622 | [-0.01  0.02] | -0.18430035988546392
0.9831838559854237 | [-0.01  0.02] | -0.1853742304594271
0.9905175445533961 | [-0.01  0.01] | -0.1862073962805111
0.995743840055625 | [-0.01  0.01] | -0.18682485145423708
0.9988974068550484 | [-0.01  0.01] | -0.1872485201197641
0.9999985283011348 | [-0.01  0.01] | -0.18749732350954668
0.999050970314422 | [-0.01  0.01] | -0.1875877315221476
0.9960401359718614 | [-0.02  0.01] | -0.1875343829523757
0.990931334760436 | [-0.02  0.01] | -0.18735041799542881
0.983668009551958 | [-0.02  0.01] | -0.1870479108849825
0.9741697954766728 | [-0.02  0.01] | -0.18663835850038962
0.9623303121223417 | [-0.03  0.  ] | -0.18613312853406305
0.9480145970626532 | [-0.03  0.  ] | -0.18554399078250391
0.9310561122026795 | [-0.03  0.  ] | -0.18488374801661334
0.9112532661838147 | [-0.03  0.  ] | -0.18440587944595951
0.8883654852046484 | [-0.09 -0.16] | -0.2171562748603585
Total reward: -19.842079622328534
1.5, -1.5, 1.4, -1.5, 0.3, 0.8, 1.3, 1.9, -1.0, -0.5, 2.1, -1.2, -0.4, 0.2, -0.1, -0.3, 0.1, -1.7, 0.0, 1.2, -0.8, 0.8
parameter ends

state | action | reward
[1.] | [ 1.61 -2.26] | -7.809797361662758
0.9991168071136307 | [ 0.39 -0.32] | -0.3716863975294162
0.9986696645763772 | [-0.18  0.26] | -0.23259963755974575
0.9885716202091632 | [-0.09 -0.28] | -0.22320950990405708
0.9717674992866862 | [ 0.04 -0.08] | -0.15102843161355803
0.948829335825305 | [-0.16 -0.01] | -0.17171331875404286
0.9218324561690827 | [-0.09 -0.16] | -0.17994119861478644
0.8945584875301492 | [-0.09 -0.06] | -0.15648803092929336
0.8677379495377122 | [-0.15 -0.07] | -0.16727261654436165
0.8439903162549509 | [-0.12 -0.1 ] | -0.15684874651950204
0.825208581548442 | [-0.14 -0.05] | -0.14403802543420036
0.8119330994539741 | [-0.15 -0.05] | -0.13612653982509565
0.8052207479967719 | [-0.13 -0.03] | -0.11958244021567738
0.8051690995373948 | [-0.13 -0.  ] | -0.10749934953793744
0.8112928890565778 | [-0.12  0.01] | -0.0971549969312634
0.8230085361412506 | [-0.11  0.03] | -0.09005450030321495
0.8392155849341765 | [-0.1   0.05] | -0.08989889031304343
0.8586491480474787 | [-0.08  0.06] | -0.09364920510755088
0.8800412062405594 | [-0.07  0.07] | -0.10101790155823029
0.9020986269228514 | [-0.06  0.08] | -0.11040188006221921
0.9236686605481687 | [-0.05  0.08] | -0.12001632209034864
0.9437755443018212 | [-0.04  0.07] | -0.1296647454879235
0.9616119144883534 | [-0.04  0.07] | -0.13886774306814462
0.9765498306510358 | [-0.03  0.06] | -0.14741560802107287
0.9881081829258985 | [-0.03  0.06] | -0.15538662424373065
0.9959162499968547 | [-0.03  0.05] | -0.1627415744730096
0.9996816392584381 | [-0.03  0.04] | -0.16950459366667112
0.999155464985287 | [-0.03  0.04] | -0.17573416156385877
0.994103372844859 | [-0.04  0.03] | -0.1814599436148982
0.9842807429224844 | [-0.04  0.03] | -0.18672608407530994
0.9694116502984195 | [-0.04  0.03] | -0.19158399653965236
0.9491712704501203 | [-0.05  0.02] | -0.19608166471349914
0.9231703466515295 | [-0.05  0.02] | -0.200274805504954
0.8909419783090953 | [-0.06  0.02] | -0.2042276544717207
0.8519302179266541 | [-0.07  0.02] | -0.20801318368335195
0.8054810162716264 | [-0.08  0.02] | -0.21172021192649557
0.7508373000513118 | [-0.09  0.02] | -0.21545828361512895
0.6871406641444465 | [-0.1   0.03] | -0.21936254378812625
0.61344444721769 | [-0.11  0.03] | -0.22359987852432195
0.528745693654104 | [-0.12  0.04] | -0.2283702813099585
0.4320470622381502 | [-0.14  0.04] | -0.23389935091292016
0.32246471134189914 | [-0.15  0.05] | -0.24041308432643327
0.19940341359622632 | [-0.17  0.06] | -0.2480787599992785
0.06282399025610251 | [-0.19  0.07] | -0.25689336270336316
-0.08637367080089395 | [-0.2   0.08] | -0.2665043023859811
-0.24584487457944462 | [-0.22  0.09] | -0.275974732733289
-0.41120794233898506 | [-0.22  0.1 ] | -0.28358195646517614
-0.5754867065572717 | [-0.22  0.11] | -0.2868685478625086
-0.728835798509084 | [-0.21  0.11] | -0.28328366711191394
-0.858923605636437 | [-0.18  0.11] | -0.27162277886655123
Total reward: -17.023339426669544
1.5, -1.5, 1.4, -1.5, 0.3, 0.8, 1.3, 1.9, -1.0, -0.5, 2.1, -1.2, -0.4, 0.2, -0.1, -0.3, 0.1, -1.7, 0.0, 1.2, -0.8, 0.8
parameter ends

state | action | reward
[1.] | [ 2.42 -2.68] | -13.349289030395004
0.9912692439734017 | [ 1.19 -0.74] | -2.2263320327512366
0.9688346597066535 | [-0.23  0.84] | -1.0222399739625743
0.9224236779626623 | [-0.34 -0.36] | -0.4941312201808341
0.8690572757308956 | [ 0.21 -0.16] | -0.3143169274715114
0.8073708081853912 | [-0.26  0.21] | -0.34868616404175373
0.7381630798982035 | [-0.15 -0.2 ] | -0.2937290167500973
0.6736278341880747 | [-0.05 -0.03] | -0.22937911568229977
0.6111915356521544 | [-0.2  0. ] | -0.260209734278441
0.5544076305629833 | [-0.13 -0.12] | -0.24613952588207877
0.5073170123509483 | [-0.12 -0.04] | -0.22953671299078926
0.46842450377641404 | [-0.16 -0.04] | -0.23730039430268277
0.4394043292209937 | [-0.12 -0.07] | -0.2280448927437261
0.42066486986064056 | [-0.12 -0.03] | -0.22291332163883526
0.4111381335037241 | [-0.13 -0.02] | -0.2213762742597909
0.41081135924007584 | [-0.11 -0.01] | -0.21518041240832197
0.4188325449307195 | [-0.1   0.01] | -0.21226194205455964
0.43400944959504906 | [-0.09  0.02] | -0.20896085518684931
0.45540382847219363 | [-0.07  0.04] | -0.2053181862128768
0.48174424082472656 | [-0.06  0.05] | -0.2027450535232543
0.5117626631197919 | [-0.05  0.05] | -0.19949326482298352
0.544336943730699 | [-0.04  0.06] | -0.1961914121912046
0.578362003001989 | [-0.03  0.06] | -0.19279978624725422
0.6128942277510634 | [-0.02  0.06] | -0.1889829735814753
0.6471715168670692 | [-0.01  0.06] | -0.1850880521957562
0.6805726169174504 | [-0.01  0.05] | -0.18111337198559344
0.7126414298991824 | [-0.    0.05] | -0.1770947108895623
0.7430632921179305 | [-0.    0.05] | -0.17316159381028373
0.7716331435933743 | [0.   0.04] | -0.16932927420748267
0.7982415570576141 | [0.   0.04] | -0.16562463542542497
0.8228502938337259 | [0.   0.03] | -0.16207328715367395
0.8454715810069182 | [0.   0.03] | -0.15867257352770406
0.8661546360030518 | [0.   0.02] | -0.15542179468992476
0.8849722398787414 | [0.   0.02] | -0.15231712277352524
0.9020108821515469 | [0.   0.02] | -0.14934970090051086
0.9173641074501675 | [0.   0.02] | -0.14651164420904617
0.9311270865489879 | [0.   0.01] | -0.14379478566943305
0.9433929799052957 | [0.   0.01] | -0.14119077040522732
0.9542505882681116 | [0.   0.01] | -0.13869207443819664
0.9637827060456595 | [-0.    0.01] | -0.13629170246696945
0.9720651688073754 | [-0.    0.01] | -0.13398321439173158
0.9791663482109723 | [-0.    0.01] | -0.13176085413509886
0.9851469113680446 | [-0.    0.01] | -0.1296194553597302
0.9900597874285704 | [-0.    0.01] | -0.1275544152775369
0.9939502461919962 | [-0.  0.] | -0.1255616886013636
0.9968560286200906 | [-0.  0.] | -0.12363774726216159
0.9988074964882893 | [-0.01  0.  ] | -0.12177955664649733
0.999827767412325 | [-0.01  0.  ] | -0.11998456262316967
0.9999328138035686 | [-0.01  0.  ] | -0.11825067653404125
0.9991315101985321 | [-0.01  0.  ] | -0.11657626813322004
Total reward: -25.529993757273292
1.5, -1.5, 1.4, -1.5, 0.3, 0.8, 1.3, 1.9, -1.0, -0.5, 2.1, -1.2, -0.4, 0.2, -0.1, -0.3, 0.1, -1.7, 0.0, 1.2, -0.8, 0.8
parameter ends

state | action | reward
[1.] | [ 1.81 -1.94] | -7.295801960398676
0.9929228741724674 | [0.58 0.01] | -0.5946525106910094
0.9758186452098345 | [-0.42  0.4 ] | -0.6010906190174001
0.9473448527283256 | [ 0.03 -0.41] | -0.4434905973818262
0.9154864625264441 | [0.06 0.1 ] | -0.29588932423226993
0.8756571790308727 | [-0.2   0.03] | -0.3263420199878211
0.8327482338096241 | [-0.02 -0.15] | -0.31184529852796233
0.7903448870563289 | [-0.07  0.02] | -0.29757972832360546
0.7470300928156217 | [-0.12 -0.06] | -0.31081156060185067
0.7067007620648134 | [-0.07 -0.08] | -0.3030570597688436
0.6703248830807124 | [-0.1  -0.04] | -0.30132135005353866
0.6380595648145734 | [-0.1  -0.08] | -0.30319716807200464
0.6116889720880283 | [-0.09 -0.08] | -0.2952355404233341
0.5913665650936791 | [-0.1  -0.07] | -0.2898900739797676
0.5773628278707793 | [-0.1  -0.08] | -0.2827579314532563
0.5701964177683574 | [-0.1  -0.07] | -0.2709928561233102
0.5697035301590794 | [-0.1  -0.06] | -0.25905196463163976
0.5757851385620985 | [-0.1  -0.05] | -0.24460301920277946
0.5882086635452216 | [-0.1  -0.04] | -0.2283343961505951
0.6064099168520396 | [-0.09 -0.02] | -0.21163316367003698
0.6297428245993227 | [-0.09 -0.01] | -0.1942610839835992
0.6573811153165368 | [-0.08  0.01] | -0.17731576889553044
0.6883336156190072 | [-0.07  0.02] | -0.16125076431532043
0.7215600211802018 | [-0.06  0.04] | -0.14640176350815096
0.755986230793967 | [-0.05  0.04] | -0.13332542962559196
0.7905696855362451 | [-0.04  0.05] | -0.12225033651916163
0.8243645990189367 | [-0.04  0.05] | -0.11348626469562098
0.8565449317080153 | [-0.03  0.05] | -0.10724428835187064
0.8864261901077075 | [-0.03  0.05] | -0.1035021997803653
0.9134686135598142 | [-0.02  0.05] | -0.10209361483319282
0.9372618287450556 | [-0.02  0.05] | -0.10267542453468109
0.9575052895934328 | [-0.02  0.04] | -0.10481631139154231
0.9739834280298945 | [-0.02  0.04] | -0.10810231219173856
0.9865394372511468 | [-0.02  0.03] | -0.1121715800556038
0.9950514571578329 | [-0.02  0.03] | -0.11673795067218673
0.9994110617383702 | [-0.02  0.03] | -0.12159149406339091
0.9995046749512864 | [-0.03  0.02] | -0.12658254882613182
0.9951977855737784 | [-0.03  0.02] | -0.1316093181015877
0.9863213066399034 | [-0.03  0.02] | -0.1366066533729328
0.972659584558421 | [-0.04  0.02] | -0.14153615937510927
0.9539394792781435 | [-0.04  0.02] | -0.14638020866749166
0.9298201318478942 | [-0.05  0.02] | -0.15113825598581535
0.8998832307622168 | [-0.06  0.02] | -0.15582480944380675
0.8636238710117532 | [-0.06  0.02] | -0.1604695334249611
0.8204425888772126 | [-0.07  0.02] | -0.16511896435349122
0.7696397854716391 | [-0.08  0.02] | -0.16983957811377567
0.7104147491486639 | [-0.09  0.02] | -0.1747221783572193
0.6418729856031367 | [-0.1   0.03] | -0.17988676735153097
0.5630477266893636 | [-0.11  0.03] | -0.18548625949642988
0.4729445783258827 | [-0.13  0.04] | -0.19170575317698835
Total reward: -17.71171171815635
1.5, -1.5, 1.4, -1.5, 0.3, 0.8, 1.3, 1.9, -1.0, -0.5, 2.1, -1.2, -0.4, 0.2, -0.1, -0.3, 0.1, -1.7, 0.0, 1.2, -0.8, 0.8
parameter ends

state | action | reward
[1.] | [ 2.34 -3.1 ] | -15.357938962689472
0.9999751865366123 | [ 1.11 -1.16] | -2.8270150162318743
0.9938392545673166 | [-0.21  0.71] | -0.7889384996022993
0.9668791835584579 | [-0.32 -0.37] | -0.47333103222557016
0.9281489812054021 | [ 0.16 -0.19] | -0.28736172649376757
0.8794977537652013 | [-0.27  0.16] | -0.3136358907816591
0.8230697136524121 | [-0.18 -0.21] | -0.28322815538969903
0.7697959441763208 | [-0.1  -0.04] | -0.21499670763760062
0.7192685584189231 | [-0.23  0.01] | -0.25312805537989624
0.6752413425243972 | [-0.16 -0.08] | -0.23214585543970653
0.6415350444965472 | [-0.15  0.01] | -0.2213614297627382
0.6169891077457517 | [-0.17  0.02] | -0.23004060261641562
0.6025443707425713 | [-0.13  0.02] | -0.21896112775721016
0.5978950793336649 | [-0.12  0.06] | -0.22082546837561653
0.601297480903936 | [-0.11  0.07] | -0.22130856584894368
0.6117940701679463 | [-0.08  0.07] | -0.21856891280800675
0.6278903980830809 | [-0.07  0.09] | -0.21995119527543855
0.6479565045383174 | [-0.05  0.09] | -0.21880416325942648
0.6707952873786015 | [-0.04  0.08] | -0.21729323222634866
0.6952260623785218 | [-0.03  0.08] | -0.21625614818400793
0.7202718199644864 | [-0.02  0.07] | -0.21430132029037482
0.7452424283496564 | [-0.01  0.07] | -0.21238210398928006
0.769585524349058 | [-0.01  0.06] | -0.21051208607512953
0.7929178335125674 | [-0.    0.05] | -0.20851072395805942
0.8150038737285522 | [-0.    0.05] | -0.20660195200333045
0.8356948976464615 | [-3.22e-06  4.00e-02] | -0.2047513402988387
0.8549209743726984 | [0.   0.03] | -0.2029352283115695
0.8726691392530075 | [0.   0.03] | -0.20118684719033683
0.8889597645403362 | [0.   0.03] | -0.19948908408190222
0.9038385322353012 | [0.   0.02] | -0.1978352059831743
0.9173661663925017 | [0.   0.02] | -0.19622617653025037
0.9296102874197726 | [0.   0.02] | -0.1946551183853764
0.9406417574361676 | [0.   0.01] | -0.1931185268511504
0.9505310694826303 | [0.   0.01] | -0.19161415592213957
0.959345951941924 | [0.   0.01] | -0.19013886080917683
0.9671502340228161 | [-0.    0.01] | -0.18869043404528288
0.9740029222464245 | [-0.    0.01] | -0.1872670125152593
0.9799577325619265 | [-0.    0.01] | -0.18586675693650886
0.9850629545480017 | [-0.    0.01] | -0.18448812545822915
0.9893614089157377 | [-0.  0.] | -0.1831297415556832
0.992890529403432 | [-0.  0.] | -0.18179033230507144
0.9956825079948267 | [-0.  0.] | -0.18046876663333075
0.997764449871162 | [-0.  0.] | -0.17916402896313338
0.9991585340116551 | [-0.  0.] | -0.17787520423210212
0.9998821580958717 | [-0.01  0.  ] | -0.17660148597077288
0.999948055049198 | [-0.01  0.  ] | -0.17534217440870956
0.9993643757969524 | [-0.01  0.  ] | -0.17432117467199615
0.9981347372491056 | [-0.05 -0.11] | -0.18846062835811594
0.9961255185190269 | [-0.01 -0.21] | -0.21723271497395125
0.9931976646735977 | [-0.02 -0.23] | -0.2268178139892342
Total reward: -29.066865873683177
1.5, -1.5, 1.4, -1.5, 0.3, 0.8, 1.3, 1.9, -1.0, -0.5, 2.1, -1.2, -0.4, 0.2, -0.1, -0.3, 0.1, -1.7, 0.0, 1.2, -0.8, 0.8
parameter ends

state | action | reward
[1.] | [ 1.65 -2.37] | -8.458173225631777
0.9998476054691784 | [ 0.42 -0.43] | -0.45745004024118807
0.9969831853520148 | [-0.17  0.31] | -0.2294281709747378
0.983698242039727 | [-0.14 -0.28] | -0.20271212386628126
0.9638890867752558 | [ 0.05 -0.11] | -0.12482434077538296
0.9382614456815841 | [-0.17  0.02] | -0.14265271729899845
0.9087800385877052 | [-0.11 -0.17] | -0.1505746332816406
0.879981407764618 | [-0.1  -0.06] | -0.12076201285757222
0.8524300768645678 | [-0.16 -0.06] | -0.13199182787672525
0.8287004261042878 | [-0.13 -0.09] | -0.11954807410445331
0.8108213001747316 | [-0.14 -0.04] | -0.10425615061590467
0.7990264604801643 | [-0.15 -0.03] | -0.09620993778161745
0.7941898006353382 | [-0.13 -0.02] | -0.07944109481461145
0.7962337965138669 | [-0.13  0.02] | -0.06977447218918292
0.8043894351314504 | [-0.12  0.03] | -0.06469023054714226
0.8179014777408647 | [-0.1   0.05] | -0.06508046525504452
0.8355484677193736 | [-0.09  0.07] | -0.07301921839084566
0.855987513711583 | [-0.08  0.07] | -0.08288599215183093
0.8779670043137292 | [-0.06  0.08] | -0.0939340575392255
0.9002607255070149 | [-0.05  0.08] | -0.10519873377545674
0.9218156580774737 | [-0.04  0.08] | -0.11541833503654368
0.9417804237196007 | [-0.04  0.07] | -0.1249254961003682
0.9594716569805434 | [-0.03  0.07] | -0.13359699496831398
0.9743763594565964 | [-0.03  0.06] | -0.14137755201584096
0.9861161608462167 | [-0.03  0.05] | -0.14845913697535026
0.9944083898668408 | [-0.03  0.05] | -0.15487090982263302
0.9990370313256699 | [-0.03  0.04] | -0.16066480810189093
0.9998216977116625 | [-0.03  0.04] | -0.16592153407739701
0.9965926282957324 | [-0.03  0.03] | -0.17068390419644777
0.9891702302256953 | [-0.03  0.03] | -0.17499978726692011
0.977347739303903 | [-0.04  0.02] | -0.17892147546539158
0.9608769625873775 | [-0.04  0.02] | -0.18249388522453436
0.9394555250034498 | [-0.05  0.02] | -0.18576491071426987
0.9127157073025968 | [-0.05  0.02] | -0.18878722123188346
0.8802142504678997 | [-0.06  0.02] | -0.19161744695731528
0.8414230511207902 | [-0.06  0.02] | -0.1943219373696649
0.7957217083962714 | [-0.07  0.02] | -0.19698096786632224
0.7423930025612684 | [-0.08  0.02] | -0.19969265855757973
0.6806237763745429 | [-0.09  0.02] | -0.20257932250278607
0.609515377566134 | [-0.1   0.03] | -0.20579229403327548
0.5281098990843311 | [-0.12  0.03] | -0.20951374051603805
0.43544182507836404 | [-0.13  0.04] | -0.21395206179307624
0.3306288375415702 | [-0.15  0.05] | -0.21932189149851158
0.21302022845858434 | [-0.16  0.05] | -0.22579677481340502
0.08242542462803462 | [-0.18  0.06] | -0.23341804181717837
-0.060554951339067284 | [-0.2   0.08] | -0.24194393343892834
-0.21408377795954747 | [-0.21  0.09] | -0.25064235828021514
-0.3745482664953276 | [-0.22  0.1 ] | -0.25808550204892844
-0.5360138256431832 | [-0.22  0.11] | -0.2621099874461362
-0.6898644341086343 | [-0.21  0.11] | -0.26022651786956796
Total reward: -16.765488907976337
1.5, -1.5, 1.4, -1.5, 0.3, 0.8, 1.3, 1.9, -1.0, -0.5, 2.1, -1.2, -0.4, 0.2, -0.1, -0.3, 0.1, -1.7, 0.0, 1.2, -0.8, 0.8
parameter ends

state | action | reward
[1.] | [ 2.09 -2.31] | -10.039336134769911
0.991390947267111 | [ 0.85 -0.37] | -1.1954460657946708
0.9705149974976215 | [-0.46  0.68] | -1.00297114078594
0.9327423973440165 | [-0.09 -0.5 ] | -0.5961639975810009
0.8915455817487281 | [0.14 0.03] | -0.36125921613006245
0.8412586188367299 | [-0.26  0.11] | -0.4202564534768758
0.7865798184265639 | [-0.06 -0.2 ] | -0.38310873755607855
0.7347445472245548 | [-0.07  0.02] | -0.3412246911051586
0.6829590815298072 | [-0.17 -0.04] | -0.3637664147613223
0.6359133775788968 | [-0.09 -0.11] | -0.34977122570366925
0.5956000806422047 | [-0.12 -0.03] | -0.3411499373587308
0.5613441238376683 | [-0.13 -0.07] | -0.34426006917171637
0.5352374416256426 | [-0.11 -0.07] | -0.3327238788681196
0.5173611746686981 | [-0.12 -0.05] | -0.3254743216538079
0.5074089716265151 | [-0.12 -0.05] | -0.31774660317579306
0.5057198076068594 | [-0.11 -0.04] | -0.3051065380192447
0.5116803240848783 | [-0.11 -0.02] | -0.2939919564970678
0.5246321619561396 | [-0.1  -0.01] | -0.2811813806580487
0.5439158476489158 | [-0.09  0.01] | -0.26772465026938197
0.5684753350698982 | [-0.08  0.02] | -0.2548156168177855
0.5972456022512925 | [-0.07  0.03] | -0.2414735681473228
0.6291341147495801 | [-0.06  0.05] | -0.22858102503582756
0.6629934945691756 | [-0.05  0.05] | -0.2160390234695479
0.6977842410904606 | [-0.04  0.06] | -0.20376374489381263
0.7325798345788489 | [-0.03  0.06] | -0.19211574824443134
0.7665828355682146 | [-0.02  0.06] | -0.18108345037497214
0.7991634992699563 | [-0.02  0.05] | -0.17079204800245762
0.8298417944606512 | [-0.01  0.05] | -0.16138227851575507
0.8582724236595299 | [-0.01  0.05] | -0.15287207596300098
0.8842297089039999 | [-0.01  0.04] | -0.14529494011336191
0.9075801676529428 | [-0.01  0.04] | -0.13864993661576958
0.9282602268144585 | [-0.01  0.03] | -0.13289832287574507
0.9462567115699368 | [-0.01  0.03] | -0.12799778770222744
0.9615884464248523 | [-0.01  0.03] | -0.12389419718804597
0.9742923014963716 | [-0.01  0.02] | -0.12052671630837461
0.9844121191139811 | [-0.01  0.02] | -0.11783560188898436
0.9919898680907325 | [-0.01  0.02] | -0.11576136242370032
0.9970590623287104 | [-0.01  0.01] | -0.11424651713088355
0.999639636730499 | [-0.01  0.01] | -0.11323728014649852
0.9997338723237023 | [-0.02  0.01] | -0.1126835021919454
0.9973230495648809 | [-0.02  0.01] | -0.11253904845039663
0.9923644718654586 | [-0.02  0.01] | -0.11276212655188615
0.9847886263667182 | [-0.02  0.01] | -0.11331519823984709
0.9744962695782436 | [-0.03  0.01] | -0.11416496860831579
0.9613552746417192 | [-0.03  0.01] | -0.11528239121257754
0.9451971128279378 | [-0.03  0.01] | -0.1166425959595616
0.9258128647177036 | [-0.04  0.01] | -0.11822491252926862
0.9029487060738938 | [-0.04  0.01] | -0.12001301168714239
0.8763008597749201 | [-0.04  0.01] | -0.12199517667338707
0.845510082371212 | [-0.05  0.01] | -0.12387952011702648
Total reward: -22.397427107416465
1.5, -1.5, 1.4, -1.5, 0.3, 0.8, 1.3, 1.9, -1.0, -0.5, 2.1, -1.2, -0.4, 0.2, -0.1, -0.3, 0.1, -1.7, 0.0, 1.2, -0.8, 0.8
parameter ends

state | action | reward
[1.] | [ 1.85 -2.35] | -9.14293717053591
0.997597573619004 | [ 0.62 -0.4 ] | -0.7408500763040291
0.9852120524916398 | [-0.3   0.48] | -0.5261489213335243
0.9595705842206632 | [-0.12 -0.38] | -0.362748038133468
0.9288670070013227 | [ 0.09 -0.04] | -0.21793443131058438
0.8912528071166865 | [-0.22  0.06] | -0.25795818314689634
0.8497508930351255 | [-0.08 -0.19] | -0.24905487901660128
0.8101716032387009 | [-0.08 -0.03] | -0.21232163828142991
0.7716371338893616 | [-0.17 -0.05] | -0.23083977293541347
0.737611912805107 | [-0.11 -0.11] | -0.2178576090536077
0.7101727272139783 | [-0.13 -0.04] | -0.20476047899285915
0.689183882240797 | [-0.15 -0.06] | -0.2005001964721871
0.676095119534509 | [-0.12 -0.05] | -0.18282483932785806
0.6709696089085748 | [-0.13 -0.02] | -0.1687506030563867
0.6732680085896554 | [-0.12 -0.01] | -0.15324886168626806
0.6827133685267187 | [-0.11  0.01] | -0.13516682807425237
0.6983078270110769 | [-0.1   0.03] | -0.11944777759530437
0.7188981846571836 | [-0.09  0.04] | -0.10296288517287486
0.7433476302825288 | [-0.07  0.05] | -0.08739337293341874
0.770347381916472 | [-0.06  0.06] | -0.07317525978914993
0.7986877010961101 | [-0.05  0.07] | -0.05962464516254503
0.8273012690500412 | [-0.04  0.07] | -0.04785145036429966
0.8552445931647822 | [-0.03  0.07] | -0.03834122794195917
0.8817687117363818 | [-0.03  0.06] | -0.03202687084385979
0.9062995315694439 | [-0.02  0.06] | -0.029993455492217307
0.9284096811914071 | [-0.02  0.05] | -0.03174639016012487
0.9478046021681961 | [-0.02  0.05] | -0.035781202940058106
0.964288323773686 | [-0.02  0.04] | -0.04085362725375525
0.9777347958545914 | [-0.02  0.04] | -0.04624426149964943
0.9880654082665641 | [-0.02  0.03] | -0.051622812550117865
0.9952269308877949 | [-0.02  0.03] | -0.056841422258082294
0.9991746670375207 | [-0.02  0.02] | -0.061828517461666274
0.9998590636600176 | [-0.02  0.02] | -0.06656015613333204
0.9972145797246151 | [-0.02  0.02] | -0.07103437435856892
0.9911507570788818 | [-0.03  0.02] | -0.07525882680751239
0.9815445110726981 | [-0.03  0.01] | -0.07924863406799929
0.9682332361645098 | [-0.03  0.01] | -0.08302280975226195
0.9510082377017 | [-0.04  0.01] | -0.08660263794723311
0.9296081533580317 | [-0.04  0.01] | -0.09001238802985087
0.903712259447982 | [-0.05  0.01] | -0.09327973766673657
0.8729335537505916 | [-0.05  0.01] | -0.09643693756703288
0.8368118234499029 | [-0.06  0.01] | -0.09952310370094099
0.7948071985259165 | [-0.07  0.01] | -0.10258689453119267
0.7462950862371277 | [-0.07  0.02] | -0.10569002632663885
0.690564122153495 | [-0.08  0.02] | -0.1089116715362732
0.6268197834727799 | [-0.1 -0. ] | -0.11333591411987391
0.5539429862994548 | [-0.14 -0.12] | -0.14026320281695825
0.46964222895802477 | [-0.1  -0.15] | -0.13799299244564006
0.3736757997399444 | [-0.14 -0.09] | -0.1355212348794269
0.2663947805281923 | [-0.13 -0.05] | -0.12887514912064313
Total reward: -15.933794398888486
1.5, -1.5, 1.4, -1.5, 0.3, 0.8, 1.3, 1.9, -1.0, -0.5, 2.1, -1.2, -0.4, 0.2, -0.1, -0.3, 0.1, -1.7, 0.0, 1.2, -0.8, 0.8
parameter ends

state | action | reward
[1.] | [ 1.93 -2.73] | -11.511715766543166
0.9994672246126461 | [ 0.7  -0.79] | -1.448559705411596
0.9972980654486608 | [-0.21  0.59] | -0.7331612072829397
0.9807060415999101 | [-0.25 -0.36] | -0.5387014682035409
0.9555299689345956 | [ 0.13 -0.17] | -0.3878456968927234
0.9228185223955966 | [-0.24  0.11] | -0.40630377947433016
0.88436166675832 | [-0.14 -0.21] | -0.3978163034149535
0.8477045761392651 | [-0.09 -0.05] | -0.33955581652578154
0.8127047632497506 | [-0.2  -0.02] | -0.3630911023570937
0.782537431724554 | [-0.15 -0.09] | -0.34183345910552243
0.7601269924078595 | [-0.14 -0.01] | -0.3227878968204947
0.7449507212835303 | [-0.16  0.  ] | -0.3173641819020446
0.7379471760150296 | [-0.13  0.01] | -0.29493100266527916
0.7388831019516534 | [-0.12  0.05] | -0.2817274462551529
0.74645712374253 | [-0.11  0.06] | -0.26680131518480815
0.7598048791954916 | [-0.09  0.07] | -0.24964520153556974
0.7775604238212769 | [-0.07  0.08] | -0.23643817860405497
0.7982717466430043 | [-0.06  0.08] | -0.2219020358711431
0.8207794324504388 | [-0.05  0.08] | -0.20829457290044667
0.8439633643591198 | [-0.04  0.08] | -0.19631187785382903
0.866909607180565 | [-0.03  0.07] | -0.1848676318973119
0.8889478409466923 | [-0.02  0.07] | -0.17482577273393335
0.9095565365481899 | [-0.02  0.06] | -0.16611444533736214
0.9283767403048074 | [-0.01  0.05] | -0.15850765444009154
0.9451794213926711 | [-0.01  0.05] | -0.15210094277243869
0.9598195263055964 | [-0.01  0.04] | -0.14674855283092017
0.972219362409529 | [-0.01  0.03] | -0.1423202942526596
0.9823444517544492 | [-0.01  0.03] | -0.1387414247100175
0.9901837632839174 | [-0.01  0.03] | -0.1359014409855542
0.9957382186446623 | [-0.01  0.02] | -0.13370846649226814
0.9990098819216009 | [-0.01  0.02] | -0.13208900753971428
0.999994178762384 | [-0.01  0.02] | -0.13097198869229434
0.9986742956116219 | [-0.02  0.01] | -0.1302977353674844
0.9950164882018147 | [-0.02  0.01] | -0.13001650344487722
0.9889663273002188 | [-0.02  0.01] | -0.1300844591530194
0.9804452759463853 | [-0.02  0.01] | -0.13046468594811492
0.9693474349534397 | [-0.03  0.01] | -0.1311263782289857
0.9555362055875188 | [-0.03  0.01] | -0.13204340363159298
0.9388406403277652 | [-0.03  0.01] | -0.13319429017130877
0.919051456781655 | [-0.04  0.01] | -0.1345619179869233
0.8959165725389614 | [-0.04  0.01] | -0.13613313958007445
0.8691361397906686 | [-0.04  0.01] | -0.1375529919189643
0.8383572132990369 | [-0.09 -0.12] | -0.15889893278372852
0.8021437827643949 | [-0.07 -0.26] | -0.20696041200815357
0.7593634573325241 | [-0.07 -0.28] | -0.2192524990704538
0.7101377096041804 | [-0.08 -0.28] | -0.2206185187135109
0.6539427331178858 | [-0.08 -0.27] | -0.22030674890523144
0.5900024875523038 | [-0.09 -0.27] | -0.21762047824674025
0.5175366897232613 | [-0.1  -0.25] | -0.2120379036934194
0.43576015393055195 | [-0.11 -0.22] | -0.20302830522571735
Total reward: -23.84588494156733
1.5, -1.5, 1.4, -1.5, 0.3, 0.8, 1.3, 1.9, -1.0, -0.5, 2.1, -1.2, -0.4, 0.2, -0.1, -0.3, 0.1, -1.7, 0.0, 1.2, -0.8, 0.8
parameter ends

state | action | reward
[1.] | [ 2.12 -2.34] | -10.3077316768522
0.9999154069874964 | [ 0.9  -0.41] | -1.296971488596341
0.9948838212866679 | [-0.44  0.69] | -0.9872856468826509
0.9733614343704123 | [-0.08 -0.52] | -0.6003502379405712
0.9432564787276447 | [0.16 0.03] | -0.35314690606582505
0.9017739961922239 | [-0.25  0.11] | -0.4022463983247062
0.8527252775598606 | [-0.05 -0.21] | -0.3720725024618261
0.8030798906473163 | [-0.07  0.02] | -0.32819469593982975
0.7512328201398982 | [-0.17 -0.04] | -0.3520668082725022
0.702144463312964 | [-0.09 -0.11] | -0.3382105062883948
0.6583758806418515 | [-0.12 -0.03] | -0.33031616542214304
0.6198779305919228 | [-0.14 -0.07] | -0.33392668722369284
0.5891043460135102 | [-0.12 -0.07] | -0.3219006646437469
0.5664641983841634 | [-0.13 -0.05] | -0.31483167168014686
0.5519017440394344 | [-0.13 -0.05] | -0.30672516234352587
0.5458934592045228 | [-0.11 -0.04] | -0.29353890445293196
0.5479094909606178 | [-0.11 -0.02] | -0.2821005775254905
0.5573284935773454 | [-0.1  -0.01] | -0.26877060195028696
0.5734801898707577 | [-0.09  0.01] | -0.25492409067083643
0.5952750828984148 | [-0.08  0.03] | -0.24172301097825774
0.6216008485530793 | [-0.07  0.04] | -0.22809951868944764
0.651309155676902 | [-0.06  0.05] | -0.2150199241702751
0.6832003528042829 | [-0.05  0.06] | -0.20232658202779522
0.7161897349023627 | [-0.04  0.06] | -0.1899327599226298
0.7493143008704436 | [-0.03  0.06] | -0.17821490436815168
0.7817504443673364 | [-0.02  0.06] | -0.16714917827351453
0.8128505863978395 | [-0.02  0.06] | -0.15686408850170827
0.8421231624472637 | [-0.01  0.05] | -0.14749775699012052
0.869215821113401 | [-0.01  0.05] | -0.13906044930554742
0.89389819617136 | [-0.01  0.04] | -0.1315804410189146
0.916033148422031 | [-0.01  0.04] | -0.1250509234495548
0.9355536087062779 | [-0.01  0.03] | -0.11942837591122656
0.9524424596178703 | [-0.01  0.03] | -0.11466733181672682
0.9667139195868115 | [-0.01  0.03] | -0.11071133914020032
0.97839952149768 | [-0.01  0.02] | -0.10749797288467022
0.9875370462884763 | [-0.01  0.02] | -0.10496625958141247
0.9941617509040173 | [-0.01  0.02] | -0.10305550554703953
0.998299847110372 | [-0.01  0.01] | -0.10170693082402599
0.9999634160816626 | [-0.01  0.01] | -0.10086529423737274
0.9991463478686335 | [-0.02  0.01] | -0.10047885328984775
0.9958209695084768 | [-0.02  0.01] | -0.10049982074825446
0.9899350094119617 | [-0.02  0.01] | -0.10088478722757267
0.9814086667151252 | [-0.02  0.01] | -0.10159472200916589
0.9701315734399271 | [-0.03  0.01] | -0.10259504202531981
0.9559594917537573 | [-0.03  0.01] | -0.10385567961860398
0.9387106234093943 | [-0.03  0.01] | -0.10535105709005038
0.918161434187305 | [-0.04  0.01] | -0.10706015176087666
0.8940419513912746 | [-0.04  0.01] | -0.10896668028878684
0.8660305460676689 | [-0.05  0.01] | -0.11105942350897648
0.8337483022504324 | [-0.05  0.01] | -0.11262965262770247
Total reward: -22.1857058113714
1.5, -1.5, 1.4, -1.5, 0.3, 0.8, 1.3, 1.9, -1.0, -0.5, 2.1, -1.2, -0.4, 0.2, -0.1, -0.3, 0.1, -1.7, 0.0, 1.2, -0.8, 0.8
parameter ends

state | action | reward
[1.] | [ 1.94 -2.16] | -8.731459388245282
0.9970452418038339 | [ 0.71 -0.22] | -0.8556648820097126
0.9832014583921173 | [-0.41  0.53] | -0.7587928229014536
0.9553929228324085 | [-0.04 -0.45] | -0.5132036822226343
0.9226637755514465 | [0.11 0.05] | -0.32719905551104744
0.8810526426749311 | [-0.23  0.06] | -0.37034726737896106
0.8348619770824298 | [-0.04 -0.18] | -0.3502635437240135
0.7894279944197233 | [-0.07  0.01] | -0.3212721235043959
0.7431331610437234 | [-0.15 -0.05] | -0.3394543903247433
0.7002225179366877 | [-0.08 -0.1 ] | -0.32886087222532856
0.6623984654174976 | [-0.11 -0.04] | -0.32292550292999
0.6296260697080963 | [-0.13 -0.08] | -0.3248021319409594
0.6039084500090337 | [-0.11 -0.08] | -0.3140075055591197
0.5854867926116203 | [-0.12 -0.06] | -0.30640414528640947
0.5743986639261687 | [-0.12 -0.06] | -0.29740373621056776
0.5710615796709835 | [-0.11 -0.05] | -0.2835898159065161
0.5750602932441751 | [-0.11 -0.03] | -0.2704677814285656
0.5859340210301256 | [-0.1  -0.02] | -0.25537947225074104
0.6031200101392264 | [-0.09 -0.  ] | -0.239457199137581
0.6256788640725377 | [-0.08  0.01] | -0.2239155584630684
0.6526157455815951 | [-0.07  0.03] | -0.2081434164129001
0.6828478949747468 | [-0.06  0.04] | -0.19306140741015207
0.7152161521752096 | [-0.05  0.05] | -0.17867393854354197
0.7486309437072035 | [-0.04  0.05] | -0.1650116612366603
0.7820890087484939 | [-0.04  0.06] | -0.15244540578512095
0.814708985150129 | [-0.03  0.06] | -0.141015847712805
0.845771532541337 | [-0.02  0.06] | -0.13089819904117023
0.8747098804854331 | [-0.02  0.05] | -0.12225408498962484
0.9011002232944383 | [-0.02  0.05] | -0.11511541996781903
0.9246453402605525 | [-0.02  0.04] | -0.10950025705813937
0.9451470189009525 | [-0.01  0.04] | -0.10535716561009288
0.9624817534129609 | [-0.01  0.04] | -0.1025702930740385
0.97657784932554 | [-0.01  0.03] | -0.10099827151178786
0.987394321335374 | [-0.02  0.03] | -0.10047698573839994
0.9949039515000073 | [-0.02  0.02] | -0.10083691125377907
0.9990792513279622 | [-0.02  0.02] | -0.10191964556517573
0.9998809651883644 | [-0.02  0.02] | -0.10358281746899539
0.9972487527912799 | [-0.02  0.02] | -0.1057043219929735
0.9910932846844287 | [-0.03  0.01] | -0.10818382732811402
0.9812892882540061 | [-0.03  0.01] | -0.11094092631212912
0.9676690700294295 | [-0.03  0.01] | -0.11391316303367811
0.9500161610826442 | [-0.04  0.01] | -0.11705405849596097
0.9280588486280625 | [-0.04  0.01] | -0.12033106743855963
0.9014634421896941 | [-0.05  0.01] | -0.12372432234423389
0.8698273201873423 | [-0.05  0.01] | -0.12722618042053543
0.8326720040269271 | [-0.06  0.01] | -0.1308415003276101
0.7894368287181521 | [-0.07  0.01] | -0.1345889265273018
0.7394742941835231 | [-0.08  0.02] | -0.1385031520180922
0.6820489276748075 | [-0.08  0.02] | -0.14263801812705143
0.6163426311533201 | [-0.1   0.02] | -0.14691821720945245
Total reward: -19.58730028711699
1.5, -1.5, 1.4, -1.5, 0.3, 0.8, 1.3, 1.9, -1.0, -0.5, 2.1, -1.2, -0.4, 0.2, -0.1, -0.3, 0.1, -1.7, 0.0, 1.2, -0.8, 0.8
parameter ends

state | action | reward
[1.] | [ 2.18 -2.35] | -10.40607689268177
0.9984105462230192 | [ 0.95 -0.41] | -1.2284169923423203
0.9851460357009268 | [-0.48  0.74] | -0.9422256188419669
0.9538695190372659 | [-0.09 -0.54] | -0.4579332647611339
0.9162254564502467 | [0.17 0.05] | -0.18730406829376656
0.8674182403780839 | [-0.27  0.13] | -0.24536907270862002
0.8120297869795539 | [-0.05 -0.21] | -0.20255146868726953
0.7577521943878135 | [-0.06  0.03] | -0.15774038662780124
0.7019982980125807 | [-0.17 -0.03] | -0.1820451241844419
0.6499681024813533 | [-0.09 -0.11] | -0.16708731503222152
0.6040261035888134 | [-0.12 -0.03] | -0.15937223852886523
0.5636680153919321 | [-0.14 -0.07] | -0.16366688871772572
0.5313334934788653 | [-0.11 -0.08] | -0.15234231900621584
0.5072539854058481 | [-0.12 -0.05] | -0.14609961733512386
0.49125296372516813 | [-0.12 -0.06] | -0.13968857044662308
0.4838524519597318 | [-0.11 -0.05] | -0.128225032257934
0.48453801907077737 | [-0.11 -0.03] | -0.11900146930291283
0.4927696989536492 | [-0.1  -0.02] | -0.10868699338112973
0.5080069301413936 | [-0.09 -0.  ] | -0.09840140800630906
0.5292666832271844 | [-0.08  0.01] | -0.08976613826207593
0.5555434184634018 | [-0.07  0.03] | -0.08181015862152798
0.5857674718436066 | [-0.06  0.04] | -0.07551055507179713
0.6187684263008725 | [-0.05  0.05] | -0.07072453012052525
0.65345514102429 | [-0.04  0.05] | -0.06715629200817314
0.6888211604558856 | [-0.03  0.06] | -0.06491173434420361
0.7239714032447518 | [-0.03  0.06] | -0.06362652795419811
0.7581759222791539 | [-0.02  0.06] | -0.06308848169101086
0.790858387813651 | [-0.01  0.05] | -0.06314586898227195
0.8215882012607274 | [-0.01  0.05] | -0.06357793152351095
0.8500701534542223 | [-0.01  0.04] | -0.0642604229551245
0.8761173732983482 | [-0.01  0.04] | -0.06509540338611217
0.8996288464292425 | [-0.01  0.04] | -0.06599561729428559
0.9205686742555043 | [-0.    0.03] | -0.06690964864947298
0.938945525834784 | [-0.01  0.03] | -0.067798798258884
0.9547968598007824 | [-0.01  0.02] | -0.06863452760724979
0.9681761982042361 | [-0.01  0.02] | -0.06940025973982765
0.9791428557840952 | [-0.01  0.02] | -0.0700851621375004
0.9877544081191997 | [-0.01  0.02] | -0.07068295356196568
0.9940609690423293 | [-0.01  0.01] | -0.07119127222081569
0.9981008406869682 | [-0.01  0.01] | -0.07160991724967458
0.9998972296343094 | [-0.01  0.01] | -0.07194025251872034
0.9994556086426974 | [-0.01  0.01] | -0.07218484919160781
0.9967614693575031 | [-0.02  0.01] | -0.0723470206721154
0.9917782448918048 | [-0.02  0.01] | -0.0724306809475931
0.9844452159243309 | [-0.02  0.01] | -0.0724403502757847
0.9746752594899268 | [-0.02  0.01] | -0.0723812016539397
0.9623523158118349 | [-0.03  0.01] | -0.0722592651862491
0.9473284770234486 | [-0.03  0.01] | -0.0720817668622525
0.9294206180504084 | [-0.03  0.01] | -0.07185758757221138
0.9084065105535895 | [-0.04  0.01] | -0.07159791245749161
Total reward: -17.568737830122327
1.5, -1.5, 1.4, -1.5, 0.3, 0.8, 1.3, 1.9, -1.0, -0.5, 2.1, -1.2, -0.4, 0.2, -0.1, -0.3, 0.1, -1.7, 0.0, 1.2, -0.8, 0.8
parameter ends

state | action | reward
[1.] | [ 2.18 -2.52] | -11.324641475735865
0.9908771213838198 | [ 0.95 -0.57] | -1.4175584559412258
0.9686646756084095 | [-0.44  0.78] | -1.0035639267423369
0.9271138054512471 | [-0.17 -0.52] | -0.48250531873227254
0.8821231317670181 | [ 0.17 -0.02] | -0.21413453150417638
0.8282081839047973 | [-0.29  0.15] | -0.28399147882059933
0.7695151939696039 | [-0.08 -0.23] | -0.2360026214793935
0.7151872523407599 | [-0.07  0.  ] | -0.17757836891898712
0.6619399851826696 | [-0.19 -0.03] | -0.20678849589286785
0.614527530267093 | [-0.11 -0.12] | -0.18931529514119214
0.5755015019383768 | [-0.13 -0.03] | -0.17683086550657548
0.5437058339828534 | [-0.15 -0.06] | -0.18066132575180208
0.5211616934463059 | [-0.12 -0.06] | -0.16735389476424992
0.5078495807498654 | [-0.13 -0.03] | -0.16052817378504353
0.503009498886779 | [-0.12 -0.03] | -0.15401431022331305
0.5066982617337452 | [-0.1  -0.01] | -0.14389367483942905
0.5179621821344665 | [-0.1   0.01] | -0.13739511355437448
0.5357330397906747 | [-0.09  0.02] | -0.1301420258449474
0.5590630901655919 | [-0.07  0.04] | -0.12362832348444991
0.5866609338268491 | [-0.06  0.05] | -0.11852432794040775
0.6173076586226828 | [-0.05  0.06] | -0.11330900098507783
0.6498908392932577 | [-0.04  0.06] | -0.10879709610690276
0.6833341699807609 | [-0.03  0.06] | -0.10464373727265833
0.7167447562123958 | [-0.02  0.06] | -0.1005920371455186
0.7494011033489621 | [-0.02  0.06] | -0.09690016812616728
0.7807292739952391 | [-0.01  0.05] | -0.0934369484533476
0.8103198744552371 | [-0.01  0.05] | -0.09019951847018856
0.837895511975537 | [-0.01  0.04] | -0.08723333440055736
0.8632832760430157 | [-0.    0.04] | -0.08448781509289802
0.8863975568321569 | [-0.    0.04] | -0.08194772764469668
0.9072144660696562 | [-0.    0.03] | -0.0795957140093957
0.9257529017620773 | [-0.    0.03] | -0.0773988886513218
0.9420606567659214 | [-0.    0.02] | -0.07533508543344121
0.9562015249676394 | [-0.    0.02] | -0.07338330214112439
0.968246294282308 | [-0.    0.02] | -0.07152302337428154
0.978266212286183 | [-0.01  0.02] | -0.06973833978456614
0.9863278656133634 | [-0.01  0.01] | -0.06801556273605579
0.9924896791519232 | [-0.01  0.01] | -0.06634292379403614
0.9967993885324367 | [-0.01  0.01] | -0.06471096362559596
0.9992921407706798 | [-0.01  0.01] | -0.06311183560481493
0.9999890763985863 | [-0.01  0.01] | -0.06153906121607222
0.9988961464296922 | [-0.01  0.01] | -0.05998748970498477
0.9960030253703167 | [-0.01  0.01] | -0.05845308951251999
0.9912820067436704 | [-0.02  0.01] | -0.05693286837477785
0.9846867806620792 | [-0.02  0.  ] | -0.05542490021414473
0.9761510190662357 | [-0.02  0.  ] | -0.0539283529945006
0.9655866962524543 | [-0.02  0.  ] | -0.052443598684730294
0.9528820855498528 | [-0.02  0.  ] | -0.050972415308749026
0.9378993771296376 | [-0.03  0.  ] | -0.0498034486942909
0.9204719193443495 | [-0.08 -0.15] | -0.07707243585840126
Total reward: -19.27631268801932
1.5, -1.5, 1.4, -1.5, 0.3, 0.8, 1.3, 1.9, -1.0, -0.5, 2.1, -1.2, -0.4, 0.2, -0.1, -0.3, 0.1, -1.7, 0.0, 1.2, -0.8, 0.8
parameter ends

state | action | reward
[1.] | [ 1.91 -2.53] | -10.23898344771448
0.9997072929535287 | [ 0.69 -0.59] | -0.9820398391890046
0.9966779467688676 | [-0.26  0.55] | -0.5291677901836365
0.9797138045076011 | [-0.17 -0.39] | -0.34378230060605824
0.9546371996575715 | [ 0.12 -0.1 ] | -0.1877946934536716
0.9214193469504318 | [-0.23  0.08] | -0.2186677791143392
0.8824107272713366 | [-0.11 -0.2 ] | -0.2118355102130453
0.8442300101137618 | [-0.08 -0.04] | -0.16362744055494383
0.8065966522345319 | [-0.19 -0.04] | -0.18536977107956334
0.7730713645678173 | [-0.13 -0.1 ] | -0.16934125397136177
0.7463531644584055 | [-0.14 -0.03] | -0.1533797328786036
0.7263448197839885 | [-0.16 -0.03] | -0.1488582371401894
0.7144663846536956 | [-0.13 -0.03] | -0.12915588334559122
0.7107658099843595 | [-0.13  0.01] | -0.11591059882937857
0.7144174271499093 | [-0.12  0.02] | -0.101471791830184
0.7248929227765907 | [-0.1   0.04] | -0.08523891011106781
0.7409770564838584 | [-0.09  0.06] | -0.07270503443471157
0.7613041057621345 | [-0.08  0.07] | -0.05949973560084703
0.7846456254695721 | [-0.06  0.07] | -0.04780865696219706
0.809700400726969 | [-0.05  0.08] | -0.038372670996918906
0.8353375429012975 | [-0.04  0.07] | -0.03092035788661589
0.8606404314036421 | [-0.03  0.07] | -0.02731134188144181
0.8848483625487084 | [-0.02  0.07] | -0.0275010748156522
0.9073975891425649 | [-0.02  0.06] | -0.030049806897131857
0.9278887932618106 | [-0.02  0.05] | -0.033778775099520264
0.9460444858046032 | [-0.01  0.05] | -0.03785077519991431
0.9616902490016682 | [-0.01  0.04] | -0.04190392372996879
0.9747226863567786 | [-0.01  0.04] | -0.04581843194202996
0.9850836919250633 | [-0.01  0.03] | -0.04951144432828721
0.9927429479082138 | [-0.01  0.03] | -0.052958946064133934
0.9976813956832942 | [-0.02  0.02] | -0.05616290155947769
0.9998791428826397 | [-0.02  0.02] | -0.05912646894996416
0.9993063228483455 | [-0.02  0.02] | -0.06186186713107538
0.9959155545186464 | [-0.02  0.02] | -0.06438487778353906
0.9896359433315879 | [-0.02  0.01] | -0.06671068959947188
0.9803678086258862 | [-0.03  0.01] | -0.06885582493760944
0.9679778533280372 | [-0.03  0.01] | -0.07083747212736607
0.9522943985687831 | [-0.03  0.01] | -0.07267296945558893
0.9331024045177921 | [-0.04  0.01] | -0.07438099232428562
0.910138210761995 | [-0.04  0.01] | -0.07598228319220923
0.883083851620407 | [-0.05  0.01] | -0.07750061531685658
0.8515610117860783 | [-0.05  0.01] | -0.07896462029250507
0.8151248636901329 | [-0.06  0.01] | -0.08040984283904348
0.7732582114033771 | [-0.07 -0.02] | -0.08355365840719926
0.7251003561456628 | [-0.12 -0.19] | -0.12841348272911743
0.6683797037753877 | [-0.07 -0.25] | -0.14447908482788838
0.6027384800052044 | [-0.11 -0.22] | -0.1408004185904972
0.5283041272000262 | [-0.1  -0.21] | -0.13575601388430567
0.44388924010760494 | [-0.12 -0.18] | -0.12779291187303438
0.3490535039998097 | [-0.12 -0.14] | -0.11761668473032601
Total reward: -16.346879636605845
1.5, -1.5, 1.4, -1.5, 0.3, 0.8, 1.3, 1.9, -1.0, -0.5, 2.1, -1.2, -0.4, 0.2, -0.1, -0.3, 0.1, -1.7, 0.0, 1.2, -0.8, 0.8
parameter ends

state | action | reward
[1.] | [ 2.3  -2.62] | -12.326703804441898
0.9989965232072716 | [ 1.07 -0.68] | -1.7770177808172785
0.9867567348359354 | [-0.35  0.82] | -0.9508854702934538
0.9540425696892677 | [-0.23 -0.47] | -0.4254429261396605
0.9129897197456791 | [ 0.2  -0.08] | -0.19089993981795278
0.8613405485570614 | [-0.27  0.17] | -0.24049115647643243
0.8018567493624268 | [-0.11 -0.23] | -0.19214127550556673
0.744655806733991 | [-0.06 -0.01] | -0.12869592327923246
0.6875581293090738 | [-0.2  -0.02] | -0.15982776996363038
0.6351965516479993 | [-0.12 -0.12] | -0.14353146788791118
0.591060258558962 | [-0.13 -0.03] | -0.13047631482155575
0.5542565585694965 | [-0.16 -0.05] | -0.13774998304192954
0.5269017498992191 | [-0.13 -0.06] | -0.1277576514643923
0.5092913835133143 | [-0.13 -0.02] | -0.12514843032870207
0.5006423939733678 | [-0.13 -0.02] | -0.12472984210460936
0.5010094751049665 | [-0.11 -0.01] | -0.12125427149780169
0.5094585117776764 | [-0.1   0.02] | -0.12242292451234173
0.524834393541955 | [-0.09  0.03] | -0.12336556750103395
0.5461383609090465 | [-0.07  0.04] | -0.12502251497181183
0.5720330969976323 | [-0.06  0.05] | -0.12800467509422503
0.6012389529946709 | [-0.05  0.06] | -0.1303780640821498
0.6326107804606415 | [-0.04  0.06] | -0.132811326645415
0.6650483351317146 | [-0.03  0.06] | -0.13495079161894433
0.697640096293917 | [-0.02  0.06] | -0.13646901388735497
0.7296589885832843 | [-0.02  0.06] | -0.13766720741570393
0.7605289770996743 | [-0.01  0.06] | -0.13847587988572208
0.789840876754287 | [-0.01  0.05] | -0.1389391499996461
0.8173203980588503 | [-0.    0.04] | -0.1391719867036455
0.842797678661148 | [-0.    0.04] | -0.13918800531044367
0.8661903945828154 | [-0.    0.04] | -0.13902794003559846
0.8874784985925286 | [-0.    0.03] | -0.13872875008620342
0.9066849887129766 | [-0.    0.03] | -0.13830466546901724
0.9238626043205449 | [-0.    0.02] | -0.13777403744207933
0.9390813046714006 | [-0.    0.02] | -0.13715129511783464
0.9524195255222065 | [-0.    0.02] | -0.13644597019184368
0.9639580863319768 | [-0.    0.02] | -0.13566755715113396
0.9737753990339493 | [-0.    0.01] | -0.13482388617820776
0.9819443014016398 | [-0.    0.01] | -0.13392129702846758
0.9885299144396771 | [-0.    0.01] | -0.13296552976801382
0.9935881238181616 | [-0.01  0.01] | -0.13196149221910333
0.9971645979172502 | [-0.01  0.01] | -0.1309133814580351
0.9992941058219107 | [-0.01  0.01] | -0.12982492431351236
0.9999999995934493 | [-0.01  0.01] | -0.12869941444101057
0.9992937780576441 | [-0.01  0.  ] | -0.1275398111328381
0.9971746437208261 | [-0.01  0.  ] | -0.12634887557782679
0.9936289957359364 | [-0.01  0.  ] | -0.12512926755848328
0.9886298094472021 | [-0.01  0.  ] | -0.12388366185628079
0.9821358601341349 | [-0.02  0.  ] | -0.12261489024212048
0.9740907541735471 | [-0.02  0.  ] | -0.12132608911523547
0.9644217302162427 | [-0.03 -0.03] | -0.12196712015051041
Total reward: -21.784640972043814
1.5, -1.5, 1.4, -1.5, 0.3, 0.8, 1.3, 1.9, -1.0, -0.5, 2.1, -1.2, -0.4, 0.2, -0.1, -0.3, 0.1, -1.7, 0.0, 1.2, -0.8, 0.8
parameter ends

state | action | reward
[1.] | [ 2.48 -2.93] | -15.033484273703369
0.9997421700367272 | [ 1.26 -0.99] | -2.865722659335872
0.9954638591652496 | [-0.04  0.84] | -0.9997305635177685
0.9692228346708627 | [-0.44 -0.27] | -0.550483142461415
0.9286645848830566 | [ 0.23 -0.3 ] | -0.4167597220744948
0.8773159285200623 | [-0.23  0.24] | -0.3734722332836166
0.8146049442048664 | [-0.2 -0.2] | -0.3360685854494528
0.7534036248077044 | [-0.05 -0.07] | -0.2578943509620664
0.6934881862690705 | [-0.22  0.02] | -0.2927669620376856
0.6380726334529816 | [-0.16 -0.11] | -0.27807060607803347
0.5925558588303367 | [-0.14 -0.03] | -0.2562204769055559
0.5559071919257855 | [-0.18 -0.01] | -0.26605709309860404
0.5295579127761899 | [-0.14 -0.03] | -0.2533973431502085
0.5141313138751417 | [-0.13  0.01] | -0.24818564284924127
0.5081663681255751 | [-0.13  0.03] | -0.24685591615065533
0.5111570979553498 | [-0.1   0.03] | -0.2400515068588484
0.5219279137113152 | [-0.09  0.06] | -0.23811740879442608
0.538835164325557 | [-0.08  0.07] | -0.23497043805921639
0.5606308920187056 | [-0.06  0.07] | -0.23107821530858844
0.5859249690781112 | [-0.05  0.08] | -0.2282368076241118
0.6134161227619601 | [-0.03  0.07] | -0.22437916011445083
0.6420954167509878 | [-0.02  0.07] | -0.22043585606360488
0.6710768229134366 | [-0.02  0.07] | -0.21660646366339237
0.6996696248780083 | [-0.01  0.06] | -0.2125714948357724
0.7273875483152572 | [-0.01  0.06] | -0.20868440460068
0.7538746669706226 | [-0.    0.05] | -0.20495377196047163
0.7789029569900334 | [-4.73e-05  4.33e-02] | -0.20134952379822224
0.8023473611417061 | [0.   0.04] | -0.19794212121253282
0.8241501326319735 | [0.   0.03] | -0.19471332306663863
0.8443079480646932 | [0.   0.03] | -0.19164999675733857
0.8628550770630063 | [0.   0.02] | -0.18875179252910632
0.8798483643948024 | [0.   0.02] | -0.18600223674638497
0.8953597058344445 | [0.   0.02] | -0.18338903991339986
0.9094687656760907 | [0.   0.02] | -0.18090233558788854
0.9222576177499658 | [0.   0.01] | -0.17853063633182978
0.9338078174389048 | [0.   0.01] | -0.17626445662740922
0.9441980036220271 | [0.   0.01] | -0.1740954427609924
0.9535023905071445 | [0.   0.01] | -0.17201575914015205
0.9617900151744588 | [0.   0.01] | -0.17001860669415136
0.9691242528246986 | [-6.84e-05  6.70e-03] | -0.16809793811933532
0.9755626425532206 | [-0.    0.01] | -0.16624830848634994
0.9811569219239052 | [-0.    0.01] | -0.16446490038073328
0.9859531453889792 | [-0.  0.] | -0.1627434214429976
0.9899918775602417 | [-0.  0.] | -0.161080038317743
0.9933084196263096 | [-0.  0.] | -0.15947134612303196
0.995933036703152 | [-0.  0.] | -0.15791432224565674
0.9978911774201892 | [-0.  0.] | -0.1564062905453559
0.9992036719378052 | [-0.  0.] | -0.15494489759967836
0.9998868999478487 | [-0.  0.] | -0.15352808992685676
0.9999529244534237 | [-0.01  0.  ] | -0.1521540961918309
Total reward: -29.287934019487217
1.5, -1.5, 1.4, -1.5, 0.3, 0.8, 1.3, 1.9, -1.0, -0.5, 2.1, -1.2, -0.4, 0.2, -0.1, -0.3, 0.1, -1.7, 0.0, 1.2, -0.8, 0.8
parameter ends

state | action | reward
[1.] | [ 2.07 -2.5 ] | -10.79624184188784
0.9998815116862234 | [ 0.84 -0.56] | -1.299238794605851
0.9919296239413226 | [-0.37  0.67] | -0.8680169455741158
0.967595342980875 | [-0.15 -0.47] | -0.5289218401933167
0.9357245801146445 | [ 0.16 -0.04] | -0.3110438534701268
0.8943026218558522 | [-0.25  0.11] | -0.3608913056413054
0.8465408349322779 | [-0.08 -0.22] | -0.3365626969399516
0.8000501102540534 | [-0.08 -0.01] | -0.28433890652528176
0.753422726739925 | [-0.19 -0.04] | -0.3108680960037159
0.7110398228180899 | [-0.11 -0.11] | -0.2950389711709909
0.6756558001499988 | [-0.13 -0.03] | -0.2820183076723763
0.6469271912849661 | [-0.16 -0.05] | -0.28234245726356716
0.6268065268016556 | [-0.13 -0.05] | -0.2657663294155831
0.6154723685619067 | [-0.13 -0.02] | -0.2550729553886286
0.6123284293681587 | [-0.13 -0.01] | -0.24305889069176603
0.6172818377023573 | [-0.11  0.01] | -0.2275492419955488
0.6293293857699838 | [-0.1   0.03] | -0.21502079296892063
0.6473050174559565 | [-0.09  0.04] | -0.20103195323798384
0.6701131101956593 | [-0.07  0.05] | -0.18753162498101547
0.6964051909655654 | [-0.06  0.06] | -0.17500572360886596
0.7249331320063217 | [-0.05  0.07] | -0.16223791171527552
0.7545944254227376 | [-0.04  0.07] | -0.15024359138756385
0.7843843204806938 | [-0.03  0.07] | -0.13887167261210057
0.813500946249626 | [-0.02  0.06] | -0.12806658168219276
0.8413255267007514 | [-0.02  0.06] | -0.11816677250319556
0.8673911820482183 | [-0.01  0.05] | -0.10912279877179717
0.8913806123162152 | [-0.01  0.05] | -0.10095879534464955
0.913090873429203 | [-0.01  0.04] | -0.09371680004090503
0.9324042689036982 | [-0.01  0.04] | -0.08734589588186566
0.9492684758824911 | [-0.01  0.03] | -0.08181509424700012
0.9636736212090233 | [-0.01  0.03] | -0.07708971702842804
0.9756355316244428 | [-0.01  0.02] | -0.07312030709076181
0.9851834037940436 | [-0.01  0.02] | -0.06986369117645955
0.9923492776161318 | [-0.01  0.02] | -0.06727599076541035
0.9971605325898829 | [-0.01  0.02] | -0.06531057735281838
0.9996342277219875 | [-0.01  0.01] | -0.06392118046607363
0.9997726005302006 | [-0.02  0.01] | -0.06306036272633445
0.997559545959053 | [-0.02  0.01] | -0.06267962331191694
0.9929575895858546 | [-0.02  0.01] | -0.06273095065586781
0.9859051093920723 | [-0.02  0.01] | -0.06316763011786589
0.9763135769931048 | [-0.02  0.01] | -0.06394530160403117
0.9640646305795472 | [-0.03  0.01] | -0.06502317886663916
0.9490068576161815 | [-0.03  0.01] | -0.06636479145059036
0.9309521574561951 | [-0.03  0.01] | -0.06793854293474152
0.9096716161222882 | [-0.04  0.01] | -0.06971818907426118
0.8848908618084314 | [-0.04  0.01] | -0.07168315438121824
0.8562849153085555 | [-0.05  0.01] | -0.07310244390542697
0.8234728328401606 | [-0.12 -0.19] | -0.12272617320742316
0.7843027334657984 | [-0.04 -0.29] | -0.15503454806689293
0.7383618326950205 | [-0.09 -0.27] | -0.15283825131638729
Total reward: -20.472702048922848
