0.3, -0.3, 3.0, 1.2, 6.0, -1.7, 0.6, 0.9, 0.5, -3.8, 2.3, -4.1, 1.7, -1.0, -4.7, -2.6, -4.5, -2.5
parameter ends

state | action | reward
[4.34] | 1 | -0.5
4.217989352377465 | 1 | -0.5
4.315972301690796 | 0 | 5.0
4.328955329092191 | 0 | 5.0
4.388392780461788 | 0 | 5.0
4.4708754660039505 | 0 | 5.0
4.4875684214759834 | 0 | 5.0
4.538032249038731 | 0 | -200.0
[1.52] | 1 | -0.5
1.4863643034327267 | 1 | -0.5
1.5198862308670193 | 1 | -0.5
1.6449286466206563 | 1 | -0.5
1.8473629428089449 | 1 | -0.5
2.174945845283221 | 1 | -0.5
2.966584966309417 | 1 | -0.5
4.168651665328883 | 1 | -0.5
4.008797727947767 | 1 | -0.5
3.9195906124604933 | 1 | -0.5
4.091200883169278 | 1 | -0.5
4.509775816273606 | 1 | -0.5
5.368921165837067 | 1 | -0.5
1.4987518250252416 | 1 | -0.5
1.3367841949567687 | 1 | -0.5
1.2339600768396186 | 1 | -0.5
1.2140055896724855 | 1 | -0.5
1.229722096825523 | 1 | -0.5
1.3027688834603925 | 1 | -0.5
1.5365654255945012 | 1 | -0.5
1.8731056269567483 | 1 | -0.5
2.5059978904210225 | 1 | -0.5
4.371608378807585 | 1 | -0.5
7.274987015541053 | 1 | -0.5
7.194828712034263 | 1 | -0.5
5.202251353177158 | 1 | -0.5
3.05907617259966 | 1 | -0.5
2.306430500951512 | 1 | -0.5
1.8026745466764307 | 1 | -0.5
1.5008928737257063 | 1 | -0.5
1.3873559419479247 | 1 | -0.5
1.301790711106525 | 1 | -0.5
1.2732076019296918 | 1 | -0.5
1.3273933998301133 | 1 | -0.5
1.4513243179722224 | 1 | -0.5
1.6692523772928767 | 1 | -0.5
1.9142468489682378 | 1 | -0.5
2.6900811884479268 | 1 | -0.5
4.175237927738304 | 1 | -0.5
3.9393797908773336 | 1 | -0.5
3.9263047659741157 | 1 | -0.5
4.043174361599429 | 1 | -0.5
4.427429735461046 | 1 | -0.5
5.235937821579953 | 1 | -0.5
6.5715690580344255 | 1 | -0.5
1.5334980120072106 | 1 | -0.5
1.4916100615245056 | 1 | -0.5
1.3764181986542185 | 1 | -0.5
1.3881025414145252 | 1 | -0.5
1.4717093343319105 | 1 | -0.5
1.614361538131563 | 1 | -0.5
1.9548949892132128 | 1 | -0.5
2.590396884747096 | 1 | -0.5
3.889344885572153 | 1 | -0.5
7.423784235931852 | 1 | -0.5
7.235630388536754 | 1 | -0.5
7.2913541541477604 | 1 | -0.5
3.442776991684357 | 1 | -0.5
2.277949738658593 | 1 | -0.5
1.7830631249335742 | 1 | -0.5
1.534953456882985 | 1 | -0.5
1.36989886382207 | 1 | -0.5
1.253550433514161 | 1 | -0.5
1.1949158837406042 | 1 | -0.5
1.1935340405446444 | 1 | -0.5
1.2933438469821068 | 1 | -0.5
1.4293119808669474 | 1 | -0.5
1.705608289261135 | 1 | -0.5
2.2863639665622166 | 1 | -0.5
3.409317581830833 | 1 | -0.5
3.9290491035969795 | 1 | -0.5
3.7988843674846384 | 1 | -0.5
3.892809157015213 | 1 | -0.5
4.139097042128485 | 1 | -0.5
4.702816610624364 | 1 | -0.5
5.658920192543399 | 1 | -0.5
7.15669741541275 | 1 | -0.5
1.5373733520634139 | 1 | -0.5
1.4328660619096034 | 1 | -0.5
1.4106128203707478 | 1 | -0.5
1.4405453397375274 | 1 | -0.5
1.5472832325166521 | 1 | -0.5
1.7135580861627178 | 1 | -0.5
2.0428036288187017 | 1 | -0.5
2.5878900534070954 | 1 | -0.5
3.840585217543814 | 1 | -0.5
7.355354861228158 | 1 | -0.5
7.249241475708572 | 1 | -0.5
7.35930451964528 | 1 | -0.5
3.458713198854653 | 1 | -0.5
2.371970814058381 | 1 | -0.5
1.8859716520974752 | 1 | -0.5
1.5263647374826086 | 1 | -0.5
1.2971614071461155 | 1 | -0.5
1.233201411718139 | 1 | -0.5
1.1791682825628373 | 1 | -0.5
1.177384266754006 | 1 | -0.5
1.3017270592685737 | 1 | -0.5
1.518599422153348 | 1 | -0.5
1.761890234148497 | 1 | -0.5
2.309976738607848 | 1 | -0.5
3.371589703645107 | 1 | -0.5
3.9464307298824393 | 1 | -0.5
3.8960659093083487 | 1 | -0.5
3.995023940411744 | 1 | -0.5
4.372836979930129 | 1 | -0.5
4.968164552974237 | 1 | -0.5
6.06730778775098 | 1 | -0.5
1.7263579437728742 | 1 | -0.5
1.5843893906520732 | 1 | -0.5
1.453535464375328 | 1 | -0.5
1.4157039154089517 | 1 | -0.5
1.4883499979643482 | 1 | -0.5
1.5812799569042006 | 1 | -0.5
1.7378505728492102 | 1 | -0.5
2.149187008501398 | 1 | -0.5
2.6633161051246588 | 1 | -0.5
3.9307699114627646 | 1 | -0.5
7.370901603313571 | 1 | -0.5
7.198319360400397 | 1 | -0.5
6.93671069731432 | 1 | -0.5
3.2482442352556853 | 1 | -0.5
2.140920380130187 | 1 | -0.5
1.6666546814463128 | 1 | -0.5
1.4084382709441976 | 1 | -0.5
1.2811714877261915 | 1 | -0.5
1.1814160663490814 | 1 | -0.5
1.176186614508484 | 1 | -0.5
1.192416983546903 | 1 | -0.5
1.2941021365586833 | 1 | -0.5
1.4890504755887184 | 1 | -0.5
1.886721212414418 | 1 | -0.5
2.4901553550893345 | 1 | -0.5
3.8914692218698423 | 1 | -0.5
3.8412301506703477 | 1 | -0.5
3.8578225825863552 | 1 | -0.5
3.9814949945375457 | 1 | -0.5
4.369393968849764 | 1 | -0.5
5.074777240553281 | 1 | -0.5
6.302966356873208 | 1 | -0.5
1.5006103843223977 | 1 | -0.5
1.389942521561305 | 1 | -0.5
1.3353431473162825 | 1 | -0.5
1.3694592799198466 | 1 | -0.5
1.4514170344762485 | 1 | -0.5
1.6247901735521861 | 1 | -0.5
1.9912036179422257 | 1 | -0.5
2.6652130341309093 | 1 | -0.5
4.014750048088706 | 1 | -0.5
7.2537541043153295 | 1 | -0.5
7.083347143172205 | 1 | -0.5
7.224894374931872 | 1 | -0.5
3.6853535577717316 | 1 | -0.5
2.385317627543772 | 1 | -0.5
1.7824168429256064 | 1 | -0.5
1.5595164007947495 | 1 | -0.5
1.4064959905462568 | 1 | -0.5
1.2505113207554417 | 1 | -0.5
1.2675246974863092 | 1 | -0.5
1.2798048853691704 | 1 | -0.5
1.3165620886664926 | 1 | -0.5
1.4919843389070735 | 1 | -0.5
1.7909812521055355 | 1 | -0.5
2.2998766209446946 | 1 | -0.5
3.468618394209878 | 1 | -0.5
4.112483624538151 | 1 | -0.5
3.9984337807094774 | 1 | -0.5
4.087998800134512 | 1 | -0.5
4.324422564414368 | 1 | -0.5
4.811710235656327 | 1 | -0.5
5.647230735784509 | 1 | -0.5
1.5824425712177907 | 1 | -0.5
1.3785556527020355 | 1 | -0.5
1.266042950032086 | 1 | -0.5
1.303418170032941 | 1 | -0.5
1.2865827871293358 | 1 | -0.5
1.3381081260650323 | 1 | -0.5
1.501146005759963 | 1 | -0.5
1.8479226495712744 | 1 | -0.5
2.3813573778144987 | 1 | -0.5
3.4688038369548853 | 1 | -0.5
7.268693341911853 | 1 | -0.5
7.106391833548552 | 1 | -0.5
7.18055247930085 | 1 | -0.5
4.1343401359909535 | 1 | -0.5
2.853320365803879 | 1 | -0.5
2.1281317808186415 | 1 | -0.5
1.7543146158784153 | 1 | -0.5
1.5503728527461274 | 1 | -0.5
1.4001130346325095 | 1 | -0.5
1.3748985167602006 | 1 | -0.5
1.4077215976891257 | 1 | -0.5
1.4834553711975706 | 1 | -0.5
1.6410997097352205 | 1 | -0.5
2.0038531904925336 | 1 | -0.5
2.710080934860495 | 1 | -0.5
3.7250163561317984 | 1 | -0.5
3.969861464677779 | 1 | -0.5
3.9050415549841326 | 1 | -0.5
4.010717399653354 | 0 | 5.0
4.042988380176256 | 0 | 5.0
4.028579430074432 | 0 | 5.0
4.060058955441819 | 0 | 5.0
4.099755496220457 | 0 | 5.0
4.1637588293586445 | 0 | -200.0
[3.77] | 0 | 5.0
3.7696623543614916 | 0 | 5.0
3.8289230609175395 | 0 | 5.0
3.8409597245448204 | 0 | 5.0
3.825350539952019 | 0 | 5.0
3.883128468189801 | 0 | -200.0
[1.51] | 1 | -0.5
1.572967375453511 | 1 | -0.5
1.7309880882376159 | 1 | -0.5
1.933039297247165 | 1 | -0.5
2.3815682594261536 | 1 | -0.5
3.18266232398482 | 1 | -0.5
4.986819875625666 | 1 | -0.5
8.667366440599173 | 0 | 5.0
8.645991061946562 | 0 | 5.0
8.576116144292465 | 0 | 5.0
8.580637886391843 | 0 | 5.0
8.52485630618137 | 0 | -200.0
[1.85] | 1 | -0.5
1.6161227146731985 | 1 | -0.5
1.4743308644338344 | 1 | -0.5
1.4706674427895172 | 1 | -0.5
1.4607328993133193 | 1 | -0.5
9.453052906332221 | 1 | -0.5
6.19481978543274 | 1 | -0.5
4.659258660726711 | 1 | -0.5
3.869318479973374 | 1 | -0.5
3.4867389627180994 | 1 | -0.5
3.3472577061709057 | 0 | 5.0
3.2651673172904268 | 0 | 5.0
3.2283731844479755 | 0 | 5.0
3.208134505937683 | 0 | 5.0
3.1861747948488337 | 0 | -200.0
[3.7] | 1 | -0.5
2.4758910576503705 | 1 | -0.5
1.8882831116634657 | 1 | -0.5
1.6472513011673666 | 1 | -0.5
1.4799312701077785 | 1 | -0.5
1.3725853019039094 | 1 | -0.5
1.3294140286712894 | 1 | -0.5
1.4425181840306989 | 1 | -0.5
1.4905719074045747 | 1 | -0.5
1.7353849948310436 | 1 | -0.5
2.1004886755378958 | 1 | -0.5
2.9710853753012976 | 1 | -0.5
4.810923458293274 | 1 | -0.5
9.924280903319795 | 0 | 5.0
9.949588088190593 | 0 | 5.0
9.958474441272493 | 0 | 5.0
9.919968320514279 | 0 | 5.0
9.905203788636781 | 0 | 5.0
9.92438127062821 | 2 | -0.5
5.985745808293432 | 2 | -0.5
4.399092151663204 | 1 | -0.5
5.863072503739887 | 2 | -200.0
[2.09] | 1 | -0.5
2.784951782037641 | 1 | -0.5
4.205252879077539 | 1 | -0.5
9.618463766652248 | 1 | -0.5
9.329164077901137 | 1 | -0.5
7.403104055650398 | 1 | -0.5
3.6023350415717963 | 1 | -0.5
2.2154814766993165 | 1 | -0.5
1.5868551280315821 | 1 | -0.5
1.5657115718470302 | 1 | -0.5
2.3120787917016603 | 1 | -0.5
4.498460309364385 | 1 | -0.5
9.47229538504081 | 1 | -0.5
8.839076481557004 | 1 | -0.5
4.811957707517877 | 1 | -0.5
3.214235123219897 | 1 | -0.5
2.470455211758239 | 1 | -0.5
2.162695597809086 | 1 | -0.5
1.89793974658457 | 1 | -0.5
1.838493618619643 | 0 | 5.0
1.777189884194218 | 0 | 5.0
1.8100701516925328 | 0 | 5.0
1.7086545549680328 | 0 | 5.0
1.675249871954787 | 0 | 5.0
1.7010968751835733 | 0 | 5.0
1.6668121963848062 | 0 | 5.0
1.6334572319786589 | 0 | -200.0
[5.17] | 0 | 5.0
5.192947641996186 | 0 | 5.0
5.2390662195769435 | 0 | 5.0
5.2295140040954475 | 0 | 5.0
5.261991087826633 | 0 | 5.0
5.295752528658672 | 0 | -200.0
[2.17] | 1 | -0.5
2.0879244778062453 | 1 | -0.5
1.7815136861069705 | 1 | -0.5
1.554473653539974 | 1 | -0.5
1.463480093992331 | 1 | -0.5
1.3769786353133129 | 0 | 5.0
1.4274038627749182 | 0 | 5.0
1.3811170040379037 | 0 | 5.0
1.4121695009817519 | 0 | 5.0
1.3773336722738816 | 0 | 5.0
1.3727142665808392 | 1 | -0.5
1.3860907862803316 | 0 | 5.0
1.4360775802480656 | 0 | 5.0
1.4476492030623254 | 1 | -0.5
1.5645865183589165 | 1 | -0.5
1.8251690951358486 | 1 | -0.5
2.2070289208243095 | 1 | -0.5
2.878508253989361 | 1 | -0.5
4.721062990913717 | 1 | -0.5
8.067576179082238 | 1 | -0.5
7.946392550531034 | 1 | -0.5
4.413857598871375 | 1 | -0.5
2.531544784731745 | 1 | -0.5
1.8065584822868448 | 1 | -0.5
1.4369682476961414 | 1 | -0.5
1.2708239359023306 | 1 | -0.5
1.094530964237695 | 1 | -0.5
1.1179339941393271 | 1 | -0.5
1.113309687225747 | 1 | -0.5
1.1501704341691756 | 1 | -0.5
7.9355524464059926 | 1 | -0.5
5.774570562278247 | 1 | -0.5
4.607417180857753 | 1 | -0.5
3.8441300526433397 | 1 | -0.5
3.3821103752624655 | 1 | -0.5
3.222611748929439 | 1 | -0.5
3.16414764062312 | 1 | -0.5
3.199459046693636 | 1 | -0.5
3.3731626472766605 | 1 | -0.5
3.023986410901878 | 1 | -0.5
2.259854595713674 | 1 | -0.5
1.8487105200244436 | 1 | -0.5
1.6854020041276672 | 1 | -0.5
1.5655685172847074 | 1 | -0.5
1.501553749138236 | 1 | -0.5
1.5238695137104428 | 1 | -0.5
1.633718534616838 | 1 | -0.5
1.8264608389278274 | 1 | -0.5
2.2055610653250857 | 1 | -0.5
3.167770804090363 | 1 | -0.5
8.314783894065577 | 1 | -0.5
7.970829874894872 | 1 | -0.5
7.933367961739508 | 1 | -0.5
3.908131509003326 | 1 | -0.5
2.2417806006345686 | 1 | -0.5
1.6219469356788048 | 1 | -0.5
1.2886211492386295 | 1 | -0.5
1.107522265971788 | 1 | -0.5
1.0598583793160359 | 1 | -0.5
1.0403115287571336 | 1 | -0.5
1.0239945580286067 | 1 | -0.5
1.0868012908728104 | 1 | -0.5
6.718951352758415 | 1 | -0.5
5.208925383593369 | 1 | -0.5
4.245679192189549 | 1 | -0.5
3.668904246339085 | 1 | -0.5
3.38164341737241 | 1 | -0.5
3.207828044345744 | 1 | -0.5
3.2440695149507093 | 1 | -0.5
3.463245357716076 | 1 | -0.5
3.04235525640948 | 1 | -0.5
2.3008330376913237 | 1 | -0.5
1.9712100865241695 | 1 | -0.5
1.7519063154874714 | 1 | -0.5
1.5922350422542244 | 1 | -0.5
1.5850125692164472 | 1 | -0.5
1.6502196439229693 | 0 | 5.0
1.6977628415206447 | 1 | -0.5
1.850935019057954 | 1 | -0.5
2.089340283582414 | 1 | -0.5
2.4943795543538574 | 1 | -0.5
3.297700067048181 | 1 | -0.5
4.769591000840631 | 1 | -0.5
7.87794905319964 | 1 | -0.5
7.751713538292943 | 1 | -0.5
4.002533410253602 | 1 | -0.5
2.2805979685042836 | 1 | -0.5
1.586879433061257 | 1 | -0.5
1.2717974773781542 | 1 | -0.5
1.055587696709966 | 1 | -0.5
0.9896643645091547 | 1 | -0.5
0.9430712781552243 | 1 | -0.5
0.9889380890382745 | 1 | -0.5
1.030998881232818 | 1 | -0.5
6.306922107164861 | 1 | -0.5
4.929991335537539 | 1 | -0.5
4.18509560135849 | 1 | -0.5
3.736532098667109 | 1 | -0.5
3.4966609904326296 | 1 | -0.5
3.38762156712023 | 1 | -0.5
3.4547675925256685 | 1 | -0.5
3.745182212760985 | 1 | -0.5
3.185252101599028 | 1 | -0.5
2.4139696784683617 | 1 | -0.5
2.078103772797976 | 1 | -0.5
1.8644852586396137 | 1 | -0.5
1.7680143424783519 | 1 | -0.5
1.714402538994426 | 1 | -0.5
1.755971671559647 | 1 | -0.5
1.863652942891326 | 1 | -0.5
2.0951851915168676 | 1 | -0.5
2.744131755351259 | 1 | -0.5
3.5497895080620623 | 1 | -0.5
8.252712332687892 | 1 | -0.5
7.916326419151958 | 1 | -0.5
7.838835111963483 | 1 | -0.5
4.456707829109588 | 1 | -0.5
2.3555811618965254 | 1 | -0.5
1.6531313261049285 | 1 | -0.5
1.3296547001526187 | 1 | -0.5
1.13686846680769 | 1 | -0.5
1.0173667339527266 | 1 | -0.5
0.9336876717413964 | 1 | -0.5
0.9042424767929742 | 1 | -0.5
0.9535159860429097 | 1 | -0.5
1.0530839831292178 | 1 | -0.5
5.963125808240337 | 1 | -0.5
4.589571865223939 | 1 | -0.5
3.954130369573731 | 1 | -0.5
3.5158524160415303 | 1 | -0.5
3.3770428805722994 | 1 | -0.5
3.377913035572408 | 1 | -0.5
3.486257100585212 | 1 | -0.5
3.7512352667920594 | 1 | -0.5
3.0514520641531653 | 1 | -0.5
2.430213336123029 | 1 | -0.5
2.090917986422943 | 1 | -0.5
1.8979730561233918 | 1 | -0.5
1.8000403963704856 | 1 | -0.5
1.7357600428681033 | 1 | -0.5
1.8062114369097226 | 1 | -0.5
1.9482728655152506 | 1 | -0.5
2.235442139692009 | 1 | -0.5
2.8380525067102917 | 1 | -0.5
3.8663803454191137 | 1 | -0.5
8.03131695556885 | 1 | -0.5
7.751154363945134 | 1 | -0.5
7.5725377935629155 | 1 | -0.5
3.051238773187588 | 1 | -0.5
1.9275625975180792 | 1 | -0.5
1.4363654574035594 | 1 | -0.5
1.1383286451413632 | 1 | -0.5
1.0013713662154924 | 1 | -0.5
0.921133414852964 | 1 | -0.5
0.8734767020586627 | 1 | -0.5
0.8633297118768387 | 1 | -0.5
0.9318077847600933 | 1 | -0.5
7.096269192249756 | 1 | -0.5
5.028701557980078 | 1 | -0.5
4.035661479239819 | 1 | -0.5
3.68330258064931 | 1 | -0.5
3.4127330426929876 | 1 | -0.5
3.310041346261323 | 1 | -0.5
3.3711914597131476 | 1 | -0.5
3.5491563158125095 | 1 | -0.5
3.30027859231561 | 1 | -0.5
2.5242636185522835 | 1 | -0.5
2.0645117190273794 | 1 | -0.5
1.8711566519938545 | 1 | -0.5
1.7484931987734569 | 1 | -0.5
1.6973533666145801 | 1 | -0.5
1.7685045427981028 | 1 | -0.5
1.9001141007072646 | 1 | -0.5
2.1185221343290315 | 1 | -0.5
2.662669818768954 | 1 | -0.5
3.6443877383917713 | 1 | -0.5
8.359383129813406 | 1 | -0.5
7.889959470165356 | 1 | -0.5
7.853967837374206 | 1 | -0.5
4.793134978057167 | 1 | -0.5
2.5802139059054583 | 1 | -0.5
1.716864388463444 | 1 | -0.5
1.4103341258201874 | 1 | -0.5
1.1397257083061265 | 1 | -0.5
1.0650294247463448 | 1 | -0.5
1.0115420468494711 | 1 | -0.5
0.9461928175612754 | 1 | -0.5
1.0111071519906298 | 1 | -0.5
8.250519628779664 | 1 | -0.5
5.549729057886049 | 1 | -0.5
4.3454250938060595 | 1 | -0.5
3.7390293269159374 | 1 | -0.5
3.4318829897507106 | 1 | -0.5
3.330379629755514 | 1 | -0.5
3.3730519988421745 | 1 | -0.5
3.5903591123236143 | 1 | -0.5
3.273608399761415 | 1 | -0.5
2.585598385052963 | 1 | -0.5
2.0746696392268027 | 1 | -0.5
1.8154930928644775 | 1 | -0.5
1.6500054598220035 | 1 | -0.5
1.5937103350910995 | 1 | -0.5
1.675543522418089 | 1 | -0.5
1.7497588120840424 | 1 | -0.5
2.0712610164352316 | 1 | -0.5
2.411784357804979 | 1 | -0.5
3.0640084409789066 | 1 | -0.5
4.433042513894102 | 1 | -0.5
7.8624132424547355 | 1 | -0.5
7.699502327987227 | 1 | -0.5
4.3938979950637975 | 1 | -0.5
2.4753386245418105 | 1 | -0.5
1.7140409315745901 | 1 | -0.5
1.4288709912712656 | 1 | -0.5
1.200028020056891 | 1 | -0.5
1.009315471533602 | 1 | -0.5
0.9366808508790722 | 1 | -0.5
0.9444272974788415 | 1 | -0.5
1.0441180572570468 | 1 | -0.5
7.220782879948379 | 1 | -0.5
5.486689058583342 | 1 | -0.5
4.366595199249524 | 1 | -0.5
3.836981787364913 | 1 | -0.5
3.590162026490799 | 1 | -0.5
3.429553642527644 | 1 | -0.5
3.411405553590733 | 1 | -0.5
3.536165518891695 | 1 | -0.5
3.7657079103927593 | 1 | -0.5
2.66161782262042 | 1 | -0.5
2.2059533491527445 | 1 | -0.5
1.9627180486655722 | 1 | -0.5
1.7510380581261262 | 1 | -0.5
1.6986046342171384 | 1 | -0.5
1.6793493100967856 | 1 | -0.5
1.7652410704655546 | 1 | -0.5
2.008413739202109 | 1 | -0.5
2.2691902498174494 | 1 | -0.5
2.873306938149119 | 1 | -0.5
3.934563523228698 | 1 | -0.5
8.029153713565282 | 1 | -0.5
7.781308323836297 | 1 | -0.5
7.836391765028717 | 1 | -0.5
3.5745303521341767 | 1 | -0.5
2.161652633365605 | 1 | -0.5
1.6253728336537179 | 1 | -0.5
1.2539630693940844 | 1 | -0.5
1.1152450150705722 | 1 | -0.5
0.9844740392710503 | 1 | -0.5
0.9503721885976615 | 1 | -0.5
0.9961140490282184 | 1 | -0.5
1.0547191179033928 | 1 | -0.5
6.255664451904962 | 1 | -0.5
4.931765579536097 | 1 | -0.5
4.163587322238402 | 1 | -0.5
3.7320145352181004 | 1 | -0.5
3.4110283341097887 | 1 | -0.5
3.2824833467281196 | 1 | -0.5
3.3133439780881204 | 1 | -0.5
3.554970675831541 | 1 | -0.5
3.295002335833142 | 1 | -0.5
2.434618295133924 | 1 | -0.5
2.056706492960957 | 1 | -0.5
1.7417754476707195 | 1 | -0.5
1.6296065149548675 | 1 | -0.5
1.5869232832451965 | 1 | -0.5
1.5595113782846255 | 1 | -0.5
1.7101682349186507 | 1 | -0.5
1.9906599770246927 | 1 | -0.5
2.2953251929642122 | 1 | -0.5
3.03119892545556 | 1 | -0.5
4.88287719242369 | 1 | -0.5
7.88445745572057 | 1 | -0.5
7.812099721837784 | 1 | -0.5
5.155429048419924 | 1 | -0.5
2.6182543078832294 | 1 | -0.5
1.7671399816087976 | 1 | -0.5
1.3659821420474052 | 1 | -0.5
1.1671882341176916 | 1 | -0.5
1.0830646944096154 | 1 | -0.5
1.0080396506013847 | 1 | -0.5
1.0704444614745399 | 1 | -0.5
1.0613825394387715 | 1 | -0.5
7.712405128974713 | 1 | -0.5
5.549315687864984 | 1 | -0.5
4.356997138081394 | 1 | -0.5
3.7618247951877084 | 1 | -0.5
3.485096240373994 | 1 | -0.5
3.3274749789303053 | 1 | -0.5
3.328482630112554 | 1 | -0.5
3.5826515809079496 | 1 | -0.5
3.117482047740146 | 1 | -0.5
2.3949215750649495 | 1 | -0.5
2.0010166467267285 | 1 | -0.5
1.732314957720328 | 1 | -0.5
1.6217224961491503 | 1 | -0.5
1.6028372493603975 | 1 | -0.5
1.607957739539954 | 1 | -0.5
1.6964854768304718 | 1 | -0.5
1.9287021218240321 | 1 | -0.5
2.169694665496823 | 1 | -0.5
2.7603278687926496 | 1 | -0.5
3.933231494937619 | 1 | -0.5
7.9145404449472005 | 1 | -0.5
7.74286154799077 | 1 | -0.5
7.3984162929030495 | 1 | -0.5
3.4143017179328035 | 1 | -0.5
2.347564317882591 | 1 | -0.5
1.7366079044460432 | 1 | -0.5
1.3559380829496082 | 1 | -0.5
1.226731020505955 | 1 | -0.5
1.145737176230024 | 1 | -0.5
1.0813327402871238 | 1 | -0.5
1.1300116344809361 | 1 | -0.5
8.116863339176874 | 1 | -0.5
5.810885246442094 | 1 | -0.5
4.536646617974549 | 1 | -0.5
3.812364356123746 | 1 | -0.5
3.498519917455559 | 1 | -0.5
3.329760122781186 | 1 | -0.5
3.3949502667641314 | 1 | -0.5
3.5728848180696837 | 1 | -0.5
3.0442826812561963 | 1 | -0.5
2.3309051599081188 | 1 | -0.5
1.8611050938400402 | 1 | -0.5
1.6570766220666207 | 1 | -0.5
1.5021478988509624 | 1 | -0.5
1.4887167212486336 | 1 | -0.5
1.5403243451896675 | 1 | -0.5
1.6600705108714704 | 1 | -0.5
1.8993718557925017 | 1 | -0.5
2.312457563821484 | 1 | -0.5
3.124842491643744 | 1 | -0.5
4.5915098298039485 | 1 | -0.5
7.8618660454090445 | 1 | -0.5
7.757019027949828 | 1 | -0.5
5.547099271674378 | 1 | -0.5
2.9832136162108926 | 1 | -0.5
2.0289624676716937 | 1 | -0.5
1.5329343707500167 | 1 | -0.5
1.2610840126281362 | 1 | -0.5
1.1501407692013248 | 1 | -0.5
1.0672431891945184 | 1 | -0.5
1.053720956419402 | 1 | -0.5
1.0755619261828508 | 1 | -0.5
7.255742599795663 | 1 | -0.5
5.30909789393121 | 1 | -0.5
4.2880149656542725 | 1 | -0.5
3.7170784373044152 | 1 | -0.5
3.4590572408826774 | 1 | -0.5
3.360189804617396 | 1 | -0.5
3.410167039441572 | 1 | -0.5
3.5068976816223443 | 1 | -0.5
3.327261516803525 | 1 | -0.5
2.462877736969879 | 1 | -0.5
2.036077043018561 | 1 | -0.5
1.774057887666701 | 1 | -0.5
1.6492319561949889 | 1 | -0.5
1.5792250585822074 | 1 | -0.5
1.5820663674874793 | 1 | -0.5
1.6818313751302985 | 0 | 5.0
1.7673340179362123 | 1 | -0.5
1.9574594333439088 | 1 | -0.5
2.3904198030206087 | 1 | -0.5
3.0386026458841897 | 1 | -0.5
4.291508161447043 | 1 | -0.5
7.915439842422534 | 1 | -0.5
7.68802519171815 | 1 | -0.5
7.688485393966124 | 1 | -0.5
3.3680760202029463 | 1 | -0.5
2.072799071773023 | 1 | -0.5
1.5423808714666338 | 1 | -0.5
1.2300505286541839 | 1 | -0.5
1.0363594049968818 | 1 | -0.5
1.0159882638247946 | 1 | -0.5
0.9776490451104087 | 1 | -0.5
1.0153787834520425 | 1 | -0.5
1.0763534107153139 | 1 | -0.5
5.568933282130754 | 1 | -0.5
4.7464767972882616 | 1 | -0.5
4.059486620442302 | 1 | -0.5
3.6443795116978257 | 1 | -0.5
3.4609375236807303 | 1 | -0.5
3.4911650470135376 | 1 | -0.5
3.5495173515255423 | 1 | -0.5
3.8550549122120996 | 1 | -0.5
3.0005184405695347 | 1 | -0.5
2.4139957441279245 | 1 | -0.5
2.1233113518654445 | 1 | -0.5
1.8601503466076243 | 1 | -0.5
1.7210864291471446 | 1 | -0.5
1.7339724641838037 | 1 | -0.5
1.7701855543860276 | 1 | -0.5
1.9911543333542552 | 1 | -0.5
2.3449243388117575 | 1 | -0.5
3.011232248280309 | 1 | -0.5
4.192357698585574 | 1 | -0.5
7.992636247215969 | 1 | -0.5
7.710862583500594 | 1 | -0.5
7.7209662836132456 | 1 | -0.5
3.3606599432189963 | 1 | -0.5
2.1339824684357622 | 1 | -0.5
1.5081461543254153 | 1 | -0.5
1.2055060842666063 | 1 | -0.5
0.9930820858354323 | 1 | -0.5
0.8898213707525781 | 1 | -0.5
0.846880037209688 | 1 | -0.5
0.8405795194590577 | 1 | -0.5
0.8696953200888987 | 1 | -0.5
0.9784102022314771 | 1 | -0.5
5.315010704342055 | 1 | -0.5
4.287491504903734 | 1 | -0.5
3.8012514823641292 | 1 | -0.5
3.5243220305256484 | 1 | -0.5
3.4619693769521547 | 1 | -0.5
3.464235979438062 | 1 | -0.5
3.6689584265704465 | 1 | -0.5
3.7988744050119965 | 1 | -0.5
2.837524820373605 | 1 | -0.5
2.2829771466200595 | 1 | -0.5
1.9869736327843646 | 1 | -0.5
1.855873998930252 | 1 | -0.5
1.802658046319856 | 1 | -0.5
1.8577031768221839 | 1 | -0.5
1.9241054506776292 | 1 | -0.5
2.0804106886179032 | 1 | -0.5
2.56351580444038 | 1 | -0.5
3.3171697879348843 | 1 | -0.5
8.206058519676082 | 1 | -0.5
7.729467229582246 | 0 | 5.0
7.643252326482568 | 0 | 5.0
7.626664908353097 | 0 | 5.0
7.573045987021575 | 0 | -200.0
[1.62] | 1 | -0.5
1.5230331160598554 | 1 | -0.5
1.478183095183624 | 1 | -0.5
1.4609305147124447 | 1 | -0.5
1.530992274046268 | 1 | -0.5
1.6939401725267587 | 1 | -0.5
1.9500409747718686 | 1 | -0.5
2.3799952359173058 | 1 | -0.5
5.912422250810632 | 1 | -0.5
5.4451983682716225 | 1 | -0.5
5.208663907284831 | 0 | 5.0
5.17376663989217 | 0 | 5.0
5.135637803610475 | 0 | 5.0
5.127511580884052 | 0 | 5.0
5.100807491548653 | 0 | -200.0
[9.85] | 1 | -0.5
4.644836006071214 | 1 | -0.5
2.863580240306426 | 1 | -0.5
2.167949225498696 | 1 | -0.5
2.0455774931611153 | 1 | -0.5
2.9302572353777823 | 1 | -0.5
4.74811080562267 | 1 | -0.5
9.845851110422114 | 1 | -0.5
9.921812647140802 | 1 | -0.5
4.577125965575402 | 1 | -0.5
2.7690429379899117 | 1 | -0.5
2.0304895345621974 | 1 | -0.5
1.6624774984727666 | 1 | -0.5
1.4863718429973263 | 1 | -0.5
1.3935749441161993 | 0 | 5.0
1.362509043052083 | 0 | 5.0
1.354285092674747 | 0 | 5.0
1.352055424431736 | 0 | 5.0
1.3300406569660712 | 0 | 5.0
1.250042212632042 | 0 | -200.0
[2.4] | 1 | -0.5
1.967652682064817 | 1 | -0.5
1.6609429704161327 | 1 | -0.5
1.5524781228715534 | 1 | -0.5
1.4261225841215435 | 1 | -0.5
1.36409475758996 | 1 | -0.5
1.4289792881001306 | 1 | -0.5
1.5224801866168718 | 1 | -0.5
1.7508422038056393 | 1 | -0.5
2.178081795413289 | 1 | -0.5
2.8706701005614548 | 1 | -0.5
4.649445504277537 | 1 | -0.5
5.613389086698868 | 1 | -0.5
5.583817139836177 | 1 | -0.5
5.7151356969832126 | 1 | -0.5
6.081081907433096 | 1 | -0.5
2.20909838246559 | 1 | -0.5
1.7107249385652814 | 1 | -0.5
1.3979441942629265 | 1 | -0.5
1.311759191879456 | 1 | -0.5
1.2043663920991337 | 1 | -0.5
1.2207336316135105 | 1 | -0.5
1.2763194233242654 | 1 | -0.5
1.367930784139799 | 1 | -0.5
1.603979936410911 | 1 | -0.5
2.078134402501386 | 1 | -0.5
6.191784662101556 | 1 | -0.5
5.734603409152138 | 1 | -0.5
5.521781635925124 | 1 | -0.5
5.627830527549683 | 1 | -0.5
4.229820433552579 | 1 | -0.5
2.771553835559233 | 1 | -0.5
2.094690638028188 | 1 | -0.5
1.7322348098286091 | 1 | -0.5
1.5675641626768304 | 1 | -0.5
1.485107946410729 | 1 | -0.5
1.5014423040251335 | 1 | -0.5
1.5618031022400243 | 1 | -0.5
1.7060995196758952 | 1 | -0.5
1.9619357989672321 | 1 | -0.5
2.4665088563732134 | 1 | -0.5
3.25898379960885 | 1 | -0.5
5.124319244677389 | 1 | -0.5
5.625266467613059 | 1 | -0.5
5.631944590618031 | 1 | -0.5
5.844053879382462 | 1 | -0.5
2.8892304270761207 | 1 | -0.5
2.0751258672443176 | 1 | -0.5
1.6186901734716972 | 1 | -0.5
1.4004154359416572 | 1 | -0.5
1.2698324566943833 | 1 | -0.5
1.1581700300735365 | 1 | -0.5
1.1611811992496965 | 1 | -0.5
1.220440958693738 | 1 | -0.5
1.3862421002912317 | 1 | -0.5
1.6228538643190902 | 1 | -0.5
2.014237385627134 | 1 | -0.5
2.713299427929252 | 1 | -0.5
5.701951482973429 | 1 | -0.5
5.409631740842424 | 1 | -0.5
5.454671052740957 | 1 | -0.5
5.628076648147639 | 1 | -0.5
3.4183144214781924 | 1 | -0.5
2.552123478337452 | 1 | -0.5
1.9811219430974858 | 1 | -0.5
1.7556439565660573 | 1 | -0.5
1.5570532076420407 | 1 | -0.5
1.5156614507289006 | 1 | -0.5
1.4368309748968295 | 1 | -0.5
1.4642175152516508 | 1 | -0.5
1.5615647487840565 | 1 | -0.5
1.7827361841094964 | 1 | -0.5
2.1671577769792596 | 1 | -0.5
2.7646703193249342 | 1 | -0.5
4.335075552186389 | 1 | -0.5
5.836108882305027 | 1 | -0.5
5.736697239599619 | 1 | -0.5
5.9106997716838325 | 1 | -0.5
6.396951213759659 | 1 | -0.5
2.196822384910653 | 1 | -0.5
1.7004072545773805 | 1 | -0.5
1.4196033582284544 | 1 | -0.5
1.2326852152325918 | 1 | -0.5
1.2031004116525512 | 1 | -0.5
1.2301650871828398 | 1 | -0.5
1.2882405343143082 | 1 | -0.5
1.4171142283765612 | 1 | -0.5
1.7004481103581546 | 1 | -0.5
2.1606759389481742 | 1 | -0.5
5.879051173223307 | 1 | -0.5
5.52509743010051 | 1 | -0.5
5.39771746647588 | 1 | -0.5
5.5096061417915285 | 1 | -0.5
3.8298994417814622 | 1 | -0.5
2.6093503687597006 | 1 | -0.5
1.9687435665705626 | 1 | -0.5
1.7162309706118537 | 1 | -0.5
1.496036904430525 | 1 | -0.5
1.421151718953648 | 1 | -0.5
1.3604062599478663 | 1 | -0.5
1.405120399412774 | 1 | -0.5
1.5273588998010752 | 1 | -0.5
1.703184862943184 | 1 | -0.5
2.125927665477027 | 1 | -0.5
2.8385220147919075 | 1 | -0.5
4.605180964505661 | 1 | -0.5
5.712317794093786 | 1 | -0.5
5.624188469482773 | 1 | -0.5
5.779067223016294 | 1 | -0.5
2.950670073765013 | 1 | -0.5
2.075426510929385 | 1 | -0.5
1.6337785997850272 | 1 | -0.5
1.4190474787143983 | 1 | -0.5
1.2780722795301622 | 1 | -0.5
1.1849341549993746 | 1 | -0.5
1.167950692803735 | 1 | -0.5
1.2380939374008202 | 1 | -0.5
1.3395924721562944 | 1 | -0.5
1.5782038376790812 | 1 | -0.5
1.8650533065046246 | 1 | -0.5
2.5117145533961796 | 1 | -0.5
5.78006978625195 | 1 | -0.5
5.539223652277683 | 1 | -0.5
5.5218681451626495 | 1 | -0.5
5.680759518565969 | 1 | -0.5
3.6100905866323982 | 1 | -0.5
2.6480885796493867 | 1 | -0.5
2.142770276791251 | 1 | -0.5
1.8940724185680253 | 1 | -0.5
1.676119762866925 | 1 | -0.5
1.5409404236300646 | 1 | -0.5
1.4461770661590523 | 1 | -0.5
1.5087886470473866 | 1 | -0.5
1.647344142513922 | 1 | -0.5
1.8197513461771433 | 1 | -0.5
2.094072176862924 | 1 | -0.5
2.711748883022641 | 1 | -0.5
3.8954312397283264 | 1 | -0.5
5.736766616627412 | 1 | -0.5
5.561862002479334 | 0 | 5.0
5.578663112193242 | 0 | 5.0
5.556620517569535 | 0 | 5.0
5.535898591600562 | 0 | 5.0
5.575919820045598 | 0 | -200.0
[1.8] | 1 | -0.5
2.1319140840840043 | 1 | -0.5
2.972801067424268 | 1 | -0.5
7.732555581557785 | 1 | -0.5
7.399675578314619 | 1 | -0.5
7.289772350847035 | 1 | -0.5
5.629062597647457 | 1 | -0.5
3.2147896778881035 | 1 | -0.5
2.121263128601008 | 1 | -0.5
1.6507639392320874 | 1 | -0.5
1.3420274408686308 | 1 | -0.5
1.1799378386199404 | 1 | -0.5
1.1029469273398873 | 1 | -0.5
1.0438530594188071 | 1 | -0.5
1.0620104876700884 | 1 | -0.5
1.17084762131544 | 1 | -0.5
1.2649975296694096 | 1 | -0.5
5.333710309920412 | 1 | -0.5
4.509774363807552 | 1 | -0.5
4.038906509977789 | 1 | -0.5
3.8436849191620546 | 1 | -0.5
3.6703386210991114 | 1 | -0.5
3.8254897733058355 | 1 | -0.5
4.074825400376497 | 1 | -0.5
2.675546756258029 | 1 | -0.5
2.0584091230814 | 1 | -0.5
1.691813081527883 | 1 | -0.5
1.5789487418679093 | 1 | -0.5
1.4825174162387544 | 1 | -0.5
1.4478850293425118 | 1 | -0.5
1.495126951310041 | 1 | -0.5
1.668651252006604 | 1 | -0.5
1.9368883211482393 | 1 | -0.5
2.231578791224112 | 1 | -0.5
2.9946453180580663 | 1 | -0.5
4.57989964430596 | 1 | -0.5
7.483260201926937 | 1 | -0.5
7.3875649594831465 | 1 | -0.5
6.048549295417248 | 1 | -0.5
3.309364720347051 | 1 | -0.5
2.189937578150188 | 1 | -0.5
1.5973629899097288 | 1 | -0.5
1.3447287194168136 | 1 | -0.5
1.2128947896114943 | 1 | -0.5
1.139021838385406 | 1 | -0.5
1.0660369272269854 | 1 | -0.5
1.0994329228408601 | 1 | -0.5
1.2812648315620103 | 1 | -0.5
5.932039071464698 | 1 | -0.5
4.634773540902599 | 1 | -0.5
4.003313574678026 | 1 | -0.5
3.791528624886603 | 1 | -0.5
3.6804663014705956 | 1 | -0.5
3.7428286953386465 | 1 | -0.5
3.9934747035984817 | 1 | -0.5
3.047352967021268 | 1 | -0.5
2.3037034307307995 | 1 | -0.5
1.9774893334513053 | 1 | -0.5
1.7235085335207327 | 1 | -0.5
1.5950531191275128 | 1 | -0.5
1.5518407667055207 | 1 | -0.5
1.6099865875671608 | 1 | -0.5
1.7108886849795981 | 1 | -0.5
1.8477605315137515 | 1 | -0.5
2.2392826168192017 | 1 | -0.5
2.6254915239445538 | 1 | -0.5
3.4152626745303234 | 1 | -0.5
7.823568789949782 | 1 | -0.5
7.479196782705663 | 1 | -0.5
7.507831958496105 | 1 | -0.5
3.990898797566652 | 1 | -0.5
2.3115910241061095 | 1 | -0.5
1.6522151678708454 | 1 | -0.5
1.331751981102563 | 1 | -0.5
1.1301855308800586 | 1 | -0.5
1.0363539978890437 | 1 | -0.5
1.0247517427009423 | 1 | -0.5
1.0444034289661086 | 1 | -0.5
1.1639623570337378 | 1 | -0.5
6.479735561100182 | 1 | -0.5
4.966884077181083 | 1 | -0.5
4.272880023652558 | 1 | -0.5
3.8564280914682123 | 1 | -0.5
3.666941714402945 | 1 | -0.5
3.639864497508917 | 1 | -0.5
3.74492954680016 | 1 | -0.5
4.000031064258932 | 1 | -0.5
2.9787072286202907 | 1 | -0.5
Total reward: -176.0
