3.6, 0.3, 0.9, 4.6, 2.5, 5.0, 2.0, -2.5, 3.2, -4.2, 0.2, 4.5, -5.5, 3.0, 4.5, -0.4, -4.8, -3.8, -1.5, 2.5, -2.5, -2.5, -1.0, -4.5, 2.2, -3.0, -0.5, 5.3, 1.8, 3.2, 6.2, 1.8, -5.0, 6.0, 2.0, -0.2
parameter ends

state | action | reward
[1.25] | [10.56  2.4   0.89] | 0.9685445031403447
1.2480801874066794 | [21.02  2.13 -7.56] | 0.5721377434821869
1.2470168595274982 | [10.86  0.84  1.35] | 0.9138537866483804
1.2453594970862114 | [18.94  3.61 -5.19] | 0.6142885033773612
1.2430942356460069 | [9.84 1.43 2.8 ] | 0.8965270020974466
1.2402104844467017 | [18.54  3.7  -4.25] | 0.6237272994237375
1.2367032094444386 | [9.74 1.24 3.44] | 0.8900962376309102
1.232569065488216 | [18.61  3.36 -3.75] | 0.6274259110604865
1.2278072016644095 | [9.88 0.83 3.86] | 0.8865657738214673
1.2224170679935575 | [18.75  2.92 -3.37] | 0.6306190726978873
1.2164261671847545 | [9.61 0.32 4.44] | 0.9417603066805462
1.2111388813145016 | [14.38  1.58 -1.7 ] | 0.9055356293398977
1.2069569572619367 | [ 3.98 -1.19  6.83] | 1.0205352415342233
1.2035769652966872 | [ 5.14 -0.42 -1.11] | 0.9396813124370763
1.2015816640024164 | [-0.36 -0.71  3.52] | 0.8276144358470465
1.2007304516116344 | [ 4.76  3.04 -3.06] | 0.8012397394330738
1.2006128080127656 | [3.55 0.86 1.66] | 0.9729337102004127
1.2010367068412726 | [13.37  2.55 -4.97] | 0.9178466516741812
1.2018528729078846 | [10.58  1.87  3.27] | 1.1465002242889433
1.2030037312962347 | [20.91  4.29 -2.38] | 0.9732276523819428
1.2043018511140673 | [16.37  2.66  6.81] | 1.2265980383150719
1.2055663990101402 | [20.84  3.88 -0.41] | 0.9455951134581175
1.2067692395479765 | [10.65  1.58  1.59] | 1.1619161207036202
1.207827914284866 | [15.1   2.96 -5.9 ] | 0.9533475610780897
1.2087686334019934 | [4.88 0.27 1.59] | 1.1757248877982311
1.2094589171599446 | [12.03  2.1  -5.37] | 1.0262730150631671
1.209911084426993 | [ 3.42 -0.33  2.42] | 1.1666135577646035
1.210050699274412 | [ 9.4   1.25 -4.98] | 1.0751760291820065
1.209883407339629 | [ 2.53 -0.87  3.2 ] | 1.1362540561753045
1.2093674009320605 | [ 6.14  0.25 -4.92] | 1.0313825831212986
1.2090102794261746 | [ 2.56 -0.27  1.37] | 1.0644457975531536
1.2088139895730858 | [ 8.89  1.34 -6.29] | 0.9971691648815812
1.2086187632810441 | [7.5  0.9  1.24] | 1.1890455737583199
1.208533700900356 | [18.01  3.18 -4.88] | 1.0374910687147265
1.2084724162698506 | [14.73  1.95  3.5 ] | 1.3085025215407116
1.208440659063941 | [22.89  3.77 -2.89] | 0.9267010144865568
1.2084767190128474 | [8.75 0.36 3.39] | 1.2791212859976921
1.2083845642134021 | [13.59  1.76 -4.14] | 1.1120047319986117
1.2081872470971515 | [ 4.54 -0.41  2.77] | 1.2251241525010241
1.2080084367116142 | [10.22  1.14 -4.78] | 1.0889730765264394
1.2079538959602267 | [5.16 0.22 1.55] | 1.193258657543161
1.207997862057259 | [13.3   2.11 -5.35] | 1.0230601325803343
1.2080901420438916 | [7.27 0.86 1.03] | 1.1799628063868512
1.2082359110795444 | [15.12  2.68 -5.94] | 0.9714142867026488
1.208380934835881 | [8.45 1.2  0.61] | 1.156006584506596
1.2084921223885132 | [13.09  2.2  -3.53] | 1.0274993656969917
1.2086164962061534 | [6.66 0.87 2.72] | 1.1533194720474174
1.2087658915292472 | [14.41  2.68 -4.38] | 0.9705730371383046
1.20889735485661 | [7.68 1.22 2.04] | 1.1322829042379814
1.2090242584651631 | [15.37  3.02 -5.03] | 0.9275766317990608
1.2091036408235465 | [8.4  1.44 1.55] | 1.1183014395611588
1.209161693269214 | [16.    3.22 -5.49] | 0.9161942782006361
1.2089514866661766 | [7.34 0.76 2.18] | 1.1701465285785209
1.2084537295457711 | [14.82  2.54 -4.75] | 0.9789569277503749
1.2080370529728746 | [8.2  1.14 1.66] | 1.1506176062905153
1.2077185741842276 | [15.6   2.89 -5.29] | 0.9501663249489423
1.2073943264394729 | [8.39 1.19 1.47] | 1.1571772919592658
1.2070978091511475 | [15.72  2.92 -5.47] | 0.9668243539149372
1.20664291015948 | [7.41 0.66 2.04] | 1.2052270406098622
1.2060750237131097 | [14.65  2.37 -4.87] | 1.0230715729551636
1.2056573982825214 | [8.07 0.99 1.48] | 1.1962156853300896
1.2053822042583324 | [15.35  2.7  -5.45] | 0.9985277963358439
1.2051949886706257 | [8.47 1.18 1.06] | 1.1969630250252108
1.2050951005797235 | [15.76  2.89 -5.89] | 1.0041522381465544
1.2048170770317888 | [7.06 0.42 1.87] | 1.2612440242665333
1.2043202909759871 | [14.29  2.13 -5.04] | 1.0839733475824893
1.2039677113311575 | [7.72 0.75 1.31] | 1.254128006090995
1.20374541832546 | [15.03  2.46 -5.64] | 1.0601079890072724
1.2035960609107108 | [8.18 0.93 0.86] | 1.2517214670436854
1.2035032866954085 | [14.47  2.36 -5.09] | 1.095878835750942
1.2032352396907786 | [6.64 0.33 2.06] | 1.2925628156486129
1.202920671048187 | [13.99  2.05 -4.93] | 1.1197829501989474
1.202691973825673 | [7.44 0.65 1.38] | 1.2841991414724065
1.2025457909432684 | [14.88  2.38 -5.63] | 1.0901632497228897
1.2024252068141246 | [8.05 0.85 0.83] | 1.2777298465918032
1.20232186471431 | [14.26  2.25 -4.97] | 1.1189217528182152
1.2021116726020282 | [7.   0.49 1.76] | 1.299631933326223
1.2018829840894394 | [14.5   2.24 -5.28] | 1.1135458340965632
1.201671862277258 | [7.77 0.75 1.11] | 1.2936254618501175
1.2014887020305247 | [15.3   2.49 -5.93] | 1.1026392997170662
1.2010565706384955 | [7.03 0.21 1.51] | 1.3386649055817434
1.2004353711529094 | [14.44  1.95 -5.48] | 1.1518460369014525
1.19989736195073 | [7.96 0.57 0.77] | 1.3220207752273192
1.1994266635209652 | [13.61  1.83 -4.53] | 1.1748395961668827
1.1990271355380175 | [7.2  0.49 1.57] | 1.3260239043234914
1.1987009717013246 | [14.74  2.23 -5.5 ] | 1.1343735742148908
1.1983923920643866 | [8.08 0.77 0.78] | 1.3136706194903018
1.1980930352743742 | [13.96  2.07 -4.65] | 1.1579745949307672
1.197806797177957 | [7.39 0.65 1.51] | 1.3186216972208837
1.1975430904969808 | [15.03  2.41 -5.58] | 1.1196103943982934
1.1972503952136637 | [8.25 0.89 0.76] | 1.3062477963109531
1.196928590514922 | [14.03  2.16 -4.53] | 1.1515339474423296
1.1965923344918508 | [7.4  0.72 1.64] | 1.3129908451261798
1.1962578303666986 | [15.1   2.48 -5.46] | 1.1139724494618681
1.1958778754626351 | [8.29 0.94 0.87] | 1.3048988200769978
1.1954687588785768 | [14.97  2.44 -5.26] | 1.1214112912851464
1.1950175985702105 | [8.16 0.91 1.05] | 1.3118652581398338
1.1945524207829645 | [15.81  2.66 -6.02] | 1.1116748188491692
1.1937665693573984 | [7.23 0.22 1.54] | 1.367429687966143
1.1927042242344992 | [14.7   1.96 -5.47] | 1.1786595027378806
1.1917342996928506 | [8.34 0.62 0.61] | 1.348337452360237
1.190845498785448 | [12.83  1.57 -3.58] | 1.232822394606523
1.1900733537635022 | [6.76 0.37 2.15] | 1.3597417477601095
1.189411011328737 | [14.37  2.1  -4.95] | 1.1822853221045997
1.1887961502302573 | [8.01 0.76 1.  ] | 0.3541754964490899
Total reward: 114.08116496038011
