-1.8, 1.9, -5.9, 4.6, -2.9, -3.0, -0.4, 5.3, 6.0, 5.8, 5.9, -1.9, 2.4, -2.1, 0.8, 0.9, -0.6, 4.2
parameter ends

state | action | reward
[0.04] | [-1.81  4.68] | 0.11905077474244398
0.06983661390431813 | [-7.77  2.09] | 0.17359084862791016
0.15528230203738924 | [-10.76  -0.44] | 0.1924282140019011
0.2542491200120938 | [-9.37 -2.97] | 0.3130063891483794
0.351512155161213 | [-7.66 -4.76] | 0.5196028625571341
0.4496292626194269 | [-6.26 -5.76] | 0.757805791129405
0.550171797827302 | [-4.76 -6.07] | 0.9880692150150726
0.6522586787495197 | [-3.01 -5.79] | 1.1867534575318082
0.7544674642362246 | [-1.05 -5.11] | 1.3450582183485187
0.8556078370783786 | [ 1.04 -4.17] | 1.210593787930335
0.931352024983735 | [ 4.64 -4.25] | 0.7578288043812184
0.9648976643914615 | [ 7.27 -4.61] | 0.16778301349669172
0.9579235760435525 | [ 9.19 -4.87] | -0.530770220086843
0.9089471154665864 | [10.86 -4.53] | -1.1830728198719864
0.8222783611424304 | [12.65 -3.01] | -1.6469808463850144
0.7080102383611548 | [14.38 -0.28] | -1.767689781730168
0.5830399295033102 | [14.62  3.94] | -1.4894939551653203
0.46637048265813985 | [13.13  8.88] | -1.1234636151448736
0.35975770277935637 | [12.19 12.73] | -0.8370262021627889
0.2565662150889416 | [11.5  16.26] | -0.5806037950250885
0.15366598556950714 | [10.72 19.48] | -0.33515993065814503
0.04993316205399535 | [ 9.65 22.35] | -0.09382486836731926
-0.05477089390751563 | [ 8.31 24.88] | 0.14421851937693247
-0.16024994423463526 | [ 6.74 27.07] | 0.37781665438059264
-0.26625125182204756 | [ 5.   28.97] | 0.6052109077799397
-0.3725323724950855 | [ 3.13 30.57] | 0.8242399737780894
-0.47886226268494386 | [ 1.13 31.88] | 1.0322595221849182
-0.5850069888082906 | [-0.97 32.9 ] | 1.104644773061459
-0.669518962490515 | [-4.34 30.06] | 1.0313845757457056
-0.7188917988013751 | [-6.87 27.33] | 0.8503164887497439
-0.7368577205071806 | [-8.96 23.4 ] | 0.5323572656131892
-0.7216337837457886 | [-10.84  17.64] | 0.10813914151703319
-0.6703336056475728 | [-12.76  10.52] | -0.32509661521320826
-0.5838690526922198 | [-14.8    3.07] | -0.6517949550480993
-0.46896110501447136 | [-16.76  -3.43] | -0.6556806345837324
-0.35040932964523447 | [-15.26  -6.62] | -0.42106120842503203
-0.24154489395169618 | [-14.1   -7.92] | -0.18263705880215433
-0.13786869547793804 | [-13.07  -8.59] | 0.055791733351057866
-0.03641497514649317 | [-12.01  -8.92] | 0.28694657378993565
0.06460052840314522 | [-10.81  -8.92] | 0.5071006007645629
0.16578730413393936 | [-9.43 -8.62] | 0.712727305943092
0.2670567141242515 | [-7.88 -8.05] | 0.9000842087314792
0.36803771445814265 | [-6.17 -7.26] | 1.065819989128328
0.46829372334872593 | [-4.36 -6.32] | 1.2072177192730493
0.5674025727061631 | [-2.48 -5.26] | 1.3222465024034862
0.6649921924067929 | [-0.57 -4.12] | 1.3521079990483176
0.7547104973885436 | [ 1.9  -3.01] | 1.0481866028785884
0.8104375497623423 | [ 5.94 -2.77] | 0.40284375946976014
0.8159019840848818 | [ 8.79 -2.73] | -0.3515337484909522
0.7728446267851478 | [11.06 -2.14] | -1.0428232921298004
0.6876760465723528 | [12.97 -0.37] | -1.4024033783315193
0.578656495052342 | [13.5   3.34] | -1.2711621418132812
0.47013881874255525 | [12.1   8.58] | -0.9672678626052845
0.36801378495089954 | [11.26 12.64] | -0.7124431184195729
0.26725374836798943 | [10.64 16.33] | -0.47147267432008944
0.16566501210849155 | [ 9.91 19.67] | -0.23474421095676937
0.0626756687068369 | [ 8.88 22.59] | -0.0002235865910123827
-0.041478322553131344 | [ 7.56 25.09] | 0.2302989993757675
-0.14633773168258302 | [ 5.99 27.17] | 0.45410478392722675
-0.2514635374466605 | [ 4.23 28.88] | 0.6684182636787638
-0.35647069155985556 | [ 2.32 30.23] | 0.8702858168273192
-0.4609989617415069 | [ 0.3  31.23] | 1.0253381786759166
-0.5565740360734441 | [-2.45 30.63] | 1.0400129998287273
-0.6236531277679597 | [-5.86 27.37] | 0.8788613814227237
-0.6526515101783199 | [-8.52 23.  ] | 0.5631684185229069
-0.6434353280508415 | [-10.8   16.75] | 0.13899884034572219
-0.5938421303864297 | [-13.     9.26] | -0.2723969172232724
-0.5067715698970162 | [-15.22   1.83] | -0.5551924215844202
-0.3914479440659488 | [-17.17  -4.33] | -0.5148991661001237
-0.2743835666442419 | [-15.44  -6.71] | -0.26879736371610613
-0.16741766607145583 | [-14.23  -7.8 ] | -0.03213440820074251
-0.06480011933934424 | [-13.23  -8.46] | 0.2053228951606979
0.03664952600196424 | [-12.2   -8.81] | 0.43916855651162484
0.13848875409636704 | [-10.99  -8.83] | 0.6648504059477871
0.24105933466146354 | [-9.55 -8.54] | 0.8777546181542605
0.3441122719344058 | [-7.89 -7.97] | 1.073639950913796
0.44721518807266913 | [-6.06 -7.18] | 1.248857741357557
0.5499180388770454 | [-4.1  -6.22] | 1.400140536194697
0.6517907104821145 | [-2.05 -5.15] | 1.5243554550815108
0.7524223628755292 | [ 0.05 -3.99] | 1.484165028211201
0.8379640955146554 | [ 3.22 -3.07] | 1.1311819424702292
0.8875296680703054 | [ 6.51 -3.1 ] | 0.5260573564508944
0.8927916537633431 | [ 8.85 -3.35] | -0.2117898175690431
0.8528789463128376 | [10.73 -3.2 ] | -0.9340759197534627
0.7714837321945877 | [12.53 -1.93] | -1.4589689772870738
0.659971570349193 | [14.02  0.57] | -1.484689634978665
0.5434588553063021 | [12.94  5.94] | -1.176880663220007
0.4357843964321173 | [11.77 10.49] | -0.8825237471010186
0.3331872852097321 | [11.01 14.36] | -0.6268292975474069
0.2314573816186169 | [10.32 17.88] | -0.38512565905456875
0.12889977102783604 | [ 9.42 21.01] | -0.1484248374590177
0.025222952539650102 | [ 8.22 23.7 ] | 0.0846272877044673
-0.07928382298839323 | [ 6.76 25.98] | 0.31222305204418555
-0.18420725467755908 | [ 5.1  27.88] | 0.5317681849056807
-0.2891514622987561 | [ 3.28 29.41] | 0.7404068459528983
-0.3937457996543541 | [ 1.33 30.59] | 0.9348770195711935
-0.4976207871062055 | [-0.73 31.41] | 1.026396018529438
-0.5806126721620003 | [-4.32 28.77] | 0.9514199723468832
-0.626336050716911 | [-7.32 25.07] | 0.713936832462123
-0.6342923023019789 | [-9.79 19.66] | 0.3363450226819672
-0.602194212626318 | [-12.07  12.56] | -0.08354624083982308
-0.5303834874757297 | [-14.34   4.96] | -0.4186043593536717
-0.425642321413346 | [-16.5   -1.81] | -0.44950830811404746
-0.31355069767476806 | [-15.11  -5.2 ] | -0.247179809054419
-0.20837284592347943 | [-14.09  -6.73] | -0.029833948605171582
-0.10643909451173203 | [-13.17  -7.59] | 0.19710769702855718
-0.005527392444781679 | [-12.19  -8.03] | 0.4226022782574341
0.09562626819295078 | [-11.04  -8.11] | 0.6397430022538362
0.19733015792059844 | [-9.67 -7.86] | 0.843377461440008
0.2993390925136882 | [-8.09 -7.34] | 1.029131061565846
0.40121451267571095 | [-6.35 -6.59] | 1.1934517397204847
0.5025001681609953 | [-4.48 -5.67] | 1.333463969760551
0.6027719716314194 | [-2.53 -4.64] | 1.4467940799327312
0.7016457226016836 | [-0.53 -3.53] | 1.466907569918663
0.7923200869766425 | [ 2.04 -2.49] | 1.1494986761923724
0.8494934402355258 | [ 5.92 -2.5 ] | 0.4964710079458196
0.857748198091005 | [ 8.62 -2.78] | -0.2759763921666189
0.818205431115683 | [10.72 -2.6 ] | -1.0096332667233723
0.7360372104186516 | [12.54 -1.24] | -1.5125654530786805
0.6242718896445799 | [13.83  1.31] | -1.4390503999103228
0.5116104734168099 | [12.15  7.25] | -1.092829160702251
0.40805758476198584 | [11.21 11.55] | -0.824608517952125
0.30695352510086404 | [10.59 15.36] | -0.5796200601945618
0.20540909534866933 | [ 9.92 18.84] | -0.3416419391203516
0.1025311015112256 | [ 8.98 21.9 ] | -0.10584025411944953
-0.0015665861635073518 | [ 7.74 24.52] | 0.12700213954565887
-0.1064523886115133 | [ 6.23 26.73] | 0.35443599893436256
-0.2116915031335875 | [ 4.53 28.56] | 0.5738119057725427
-0.31690374932205184 | [ 2.67 30.03] | 0.7823179037233704
-0.4217376781188805 | [ 0.69 31.17] | 0.9656500088248912
-0.5222594745140189 | [-1.68 31.41] | 1.0275328467453284
-0.5973866250704635 | [-5.22 28.41] | 0.9199432207337016
-0.6343226290303035 | [-7.97 24.54] | 0.6604377909651278
-0.6342541072616952 | [-10.31  18.84] | 0.27664698066522947
-0.5946977470796031 | [-12.54  11.65] | -0.1253348177489219
-0.5168554643390344 | [-14.8    4.17] | -0.4275120300807059
-0.40802539003612803 | [-16.92  -2.35] | -0.4301119407020745
-0.29372442515004715 | [-15.45  -5.43] | -0.21600699746044963
-0.18747210190000996 | [-14.36  -6.8 ] | 0.006120111881068108
-0.0850275846417354 | [-13.39  -7.56] | 0.23524160110215467
0.016167928323852908 | [-12.38  -7.94] | 0.4622503071634742
0.11755394166364146 | [-11.19  -7.99] | 0.6809509864276595
0.21951893626967794 | [-9.79 -7.72] | 0.8863413474212699
0.32185665837175303 | [-8.18 -7.19] | 1.0740457116506599
0.42414791518825495 | [-6.4  -6.43] | 1.2404407242991184
0.5259442919824516 | [-4.5  -5.51] | 1.3825056575542645
0.626821280024657 | [-2.51 -4.48] | 1.4976256403450958
0.7263838734834666 | [-0.47 -3.38] | 1.5097606564388737
0.8170765353161424 | [ 2.19 -2.38] | 1.1860691692138987
0.8744421328078018 | [ 5.93 -2.5 ] | 0.5381237470683621
0.8840869444374378 | [ 8.51 -2.94] | -0.23644819976693013
0.8466248645648063 | [10.51 -2.97] | -0.989909507637552
0.766349955441738 | [12.27 -1.86] | -1.5258021395366415
0.6556150817018853 | [13.61  0.53] | -1.543782470955745
0.5399730499769693 | [12.49  5.84] | -1.227862359256102
0.43294540004574755 | [11.32 10.46] | -0.929185993374388
0.3306193891749706 | [10.61 14.4 ] | -0.6722983282462884
0.22876892553523234 | [ 9.96 18.  ] | -0.42882216745979057
0.12585899353941157 | [ 9.09 21.19] | -0.18934407493402264
0.02173437962043427 | [ 7.91 23.94] | 0.04715406674087001
-0.0832526790404254 | [ 6.46 26.27] | 0.27875793440941227
-0.18868050810043674 | [ 4.8  28.22] | 0.5030165457565453
-0.29417038855970706 | [ 2.98 29.81] | 0.7173005501520362
-0.39937626279232746 | [ 1.03 31.06] | 0.9185356937166841
-0.5039527425596844 | [-1.03 31.95] | 1.0099814710492045
-0.5854343595270798 | [-4.66 29.11] | 0.9406063171703796
-0.6286706391719836 | [-7.45 25.67] | 0.7247221726827364
-0.6360616619335521 | [-9.82 20.51] | 0.3744188939038819
-0.6051586803066537 | [-12.04  13.66] | -0.021111346960931178
-0.5357779649246083 | [-14.3    6.21] | -0.3442309271684053
-0.43345219896393633 | [-16.51  -0.6 ] | -0.4150947797994274
-0.3194992857727399 | [-15.88  -4.64] | -0.24670642715628532
-0.21073724632315086 | [-14.73  -6.28] | -0.027227627906566475
-0.10697509449974874 | [-13.72  -7.12] | 0.2005135514763202
-0.005325662172750864 | [-12.7   -7.57] | 0.4277663034936739
0.09602989018353164 | [-11.55  -7.68] | 0.6474581370248446
0.19779999129940215 | [-10.2   -7.48] | 0.8544726355048536
0.2999458896894634 | [-8.64 -7.  ] | 1.0443028579053018
0.4021083704690607 | [-6.9  -6.29] | 1.213195208316398
0.5038511499487731 | [-5.03 -5.42] | 1.3581048212706475
0.6047496704140707 | [-3.07 -4.42] | 1.4764980120803863
0.7044070283629013 | [-1.05 -3.35] | 1.566415485774631
0.8024818620687436 | [ 0.97 -2.23] | 1.3168861595956751
0.8715802641804004 | [ 5.08 -2.24] | 0.6831164781212858
0.8915671797270197 | [ 7.89 -2.78] | -0.0853983548806889
0.864028778024336 | [ 9.97 -3.08] | -0.8739132131495478
0.7917427225355264 | [11.76 -2.35] | -1.4733401810121938
0.6859754280607462 | [13.18 -0.25] | -1.6627443710176766
0.5672295183194725 | [13.01  3.8 ] | -1.4087572354874058
0.45545990589026253 | [11.47  9.02] | -1.062055498057854
0.3516129317333581 | [10.61 13.15] | -0.7885326473355131
0.2494345599360181 | [ 9.98 16.92] | -0.537511957316027
0.14649009247464312 | [ 9.21 20.3 ] | -0.2929187998289518
0.04226949106685168 | [ 8.13 23.25] | -0.05123448010141713
-0.06296607265324951 | [ 6.76 25.77] | 0.18635370680932667
-0.16880357524115414 | [ 5.16 27.89] | 0.41773737103377045
-0.27487201589893767 | [ 3.38 29.65] | 0.6406661274869466
-0.38084931109515313 | [ 1.47 31.08] | 0.8525522247355984
-0.4864282492781265 | [-0.56 32.17] | 0.984465570192493
-0.5743731615407646 | [-3.79 30.38] | 0.9801479265678396
-0.6293146461443527 | [-6.63 27.6 ] | 0.8320177214045001
-0.6501905323410816 | [-9.  23.4] | 0.5423464387200642
-0.6354836213346835 | [-11.15  17.32] | 0.16252727279583648
-0.5830455821394784 | [-13.33  10.11] | -0.19890943729449156
-0.495248366130359 | [-15.57   2.91] | -0.4421266168221997
-0.3798672218686538 | [-17.63  -3.17] | -0.4016104539687723
-0.26196009235358314 | [-16.03  -5.79] | -0.1722083269791996
-0.15388613948807894 | [-14.82  -6.91] | 0.05592753084591623
-0.05058837360655494 | [-13.76  -7.51] | 0.2876220094891658
0.05099770725761228 | [-12.67  -7.79] | 0.5163235415124565
0.152614382198946 | [-11.42  -7.77] | 0.7367710054531723
0.25481059956919866 | [-9.96 -7.46] | 0.9441263673191257
0.3574628032351811 | [-8.3 -6.9] | 1.1339808080365839
0.4601916503345418 | [-6.48 -6.13] | 1.3026054180202544
0.5625639624109767 | [-4.52 -5.21] | 1.446814308788781
0.6641563027429966 | [-2.48 -4.18] | 1.5637508635145845
0.7645627437416882 | [-0.39 -3.08] | 1.5629009093264803
0.8551984870295732 | [ 2.38 -2.17] | 1.2258949046641037
0.912635239741479 | [ 5.93 -2.47] | 0.5800585325185803
0.9238288368494966 | [ 8.35 -3.16] | -0.2001431837864855
0.8887888778374431 | [10.18 -3.53] | -0.98106702989665
0.8107545226620789 | [11.84 -2.79] | -1.5614508841765917
0.7012502807947607 | [13.19 -0.66] | -1.7923367585287553
0.5776226261420145 | [13.37  2.75] | -1.5388408060784107
0.4620169975851873 | [11.56  8.33] | -1.1522182895838071
0.3567587589033086 | [10.59 12.56] | -0.8643761542632079
0.2540814452396156 | [ 9.94 16.39] | -0.6067738022354925
0.15092799820524888 | [ 9.19 19.86] | -0.35781762168056575
0.0465366485711117 | [ 8.14 22.9 ] | -0.11205480937705055
-0.05891368008069013 | [ 6.8  25.51] | 0.12992367948341915
-0.16503264219803654 | [ 5.22 27.72] | 0.3662506819242407
-0.27146241196049614 | [ 3.47 29.58] | 0.5948958487524871
-0.3778999409661792 | [ 1.58 31.12] | 0.8135428245160163
-0.4840661227477226 | [-0.44 32.32] | 0.960810102972051
-0.5744179714233864 | [-3.5  30.93] | 0.9822851421597649
-0.6337835443952172 | [-6.29 28.48] | 0.868653000939545
-0.6604092791778006 | [-8.61 24.82] | 0.6177229873402698
-0.6534490958756911 | [-10.71  19.29] | 0.2596477047731776
-0.6101471768614032 | [-12.81  12.37] | -0.10973953977536283
-0.5312286979132237 | [-15.01   5.12] | -0.38707988927038905
-0.42250302436936765 | [-17.17  -1.34] | -0.39509355415863806
-0.3074028914362891 | [-15.86  -4.76] | -0.19364160950612921
-0.1998532585368085 | [-14.81  -6.21] | 0.023504258478284492
-0.09648908863606015 | [-13.81  -6.92] | 0.24915533850939228
0.004974329028941484 | [-12.75  -7.25] | 0.4722949062454236
0.10610674398140646 | [-11.55  -7.26] | 0.6865100093877219
0.20753328485844552 | [-10.17  -6.98] | 0.8870615411426432
0.30921567587159365 | [-8.59 -6.46] | 1.069673788643701
0.410816000273236 | [-6.86 -5.73] | 1.2307585746577514
0.5119164488694044 | [-5.01 -4.84] | 1.3674705402882283
0.6121066179053397 | [-3.07 -3.85] | 1.4775962919113939
0.7110052295995529 | [-1.09 -2.8 ] | 1.5597589963458733
0.8082966766130948 | [ 0.88 -1.71] | 1.2930174479330887
0.876875815037739 | [ 4.96 -1.89] | 0.6241919216248119
0.8957542675733488 | [ 7.81 -2.65] | -0.18572463779902915
0.8656923168659796 | [ 9.88 -3.12] | -0.9935632326558238
0.7905869601730672 | [11.6  -2.45] | -1.5819109464981074
0.6830217643212368 | [12.85 -0.37] | -1.7600354262794122
0.5632331828746202 | [12.64  3.44] | -1.491734679581533
0.4510019943533068 | [11.05  8.79] | -1.1309544467526336
0.346968897238579 | [10.21 12.99] | -0.8523340859358103
0.24449660976720744 | [ 9.6  16.82] | -0.5973474996205335
0.14111753563521673 | [ 8.86 20.28] | -0.34834366387390003
0.03638973201951522 | [ 7.8 23.3] | -0.10180830069810617
-0.06937265737949952 | [ 6.44 25.89] | 0.14099615064460364
-0.1757463377773037 | [ 4.85 28.08] | 0.37810366776013393
-0.28237928127427375 | [ 3.09 29.92] | 0.6075465499640557
-0.38898443475374755 | [ 1.19 31.44] | 0.8270682054034005
-0.4952981760850003 | [-0.83 32.63] | 0.9578735539155211
-0.5818339017015316 | [-4.07 30.65] | 0.9595452755220248
-0.6346741255910614 | [-6.69 28.22] | 0.835924300129927
-0.6557436615575725 | [-8.93 24.4 ] | 0.5780696786461873
-0.64349299361306 | [-11.02  18.71] | 0.22625982931627936
-0.5953629576836414 | [-13.13  11.76] | -0.12246104764755547
-0.5125406196730667 | [-15.36   4.62] | -0.3710409901231116
-0.4011355782832244 | [-17.51  -1.64] | -0.35760867707400085
-0.2846454943141306 | [-16.14  -4.83] | -0.1497965303669726
-0.17649025829230738 | [-15.03  -6.15] | 0.06889039245798546
-0.07288408570466069 | [-13.98  -6.81] | 0.29476502237679036
0.02870186348161747 | [-12.89  -7.09] | 0.5181957669382034
0.12995897884178217 | [-11.66  -7.07] | 0.7330460892681364
0.23156031722453943 | [-10.24  -6.77] | 0.934445060002339
0.33348609618868497 | [-8.63 -6.24] | 1.117962182918794
0.4354052388516945 | [-6.86 -5.5 ] | 1.2798799205979619
0.5369005489371039 | [-4.97 -4.61] | 1.417212294375879
0.637557406019282 | [-3.   -3.62] | 1.5275578984574698
0.7369846887995001 | [-0.98 -2.57] | 1.6054426669535822
0.8345000335954489 | [ 1.08 -1.49] | 1.3130339373762292
0.9019644199557959 | [ 5.15 -1.89] | 0.621893861108814
0.9192519770929691 | [ 7.85 -2.78] | -0.1925516457441465
0.8883656274213618 | [ 9.79 -3.4 ] | -1.0096857187822597
0.8128442106637535 | [11.44 -2.89] | -1.6123507362390888
0.7049450627921875 | [12.67 -0.92] | -1.886018028131604
0.5810770039197253 | [12.97  1.93] | -1.63937850174184
0.4649788011709208 | [11.09  7.78] | -1.2341081750895462
0.3597132698806038 | [10.13 12.14] | -0.9411266956206066
0.25695352257944587 | [ 9.52 16.07] | -0.6800869802972419
0.15353236237719972 | [ 8.82 19.64] | -0.427147123387643
0.04874604989131408 | [ 7.82 22.79] | -0.17676856754356507
-0.05714910982126469 | [ 6.51 25.49] | 0.07028270838783211
-0.1637290259267781 | [ 4.97 27.8 ] | 0.312213583254988
-0.2706442736284155 | [ 3.24 29.75] | 0.5472931613788802
-0.3776267252982055 | [ 1.37 31.38] | 0.7735984231431943
-0.484446016533028 | [-0.62 32.71] | 0.9249495565839654
-0.5741099818299272 | [-3.66 31.25] | 0.9591431496833269
-0.6326851610594905 | [-6.25 29.18] | 0.8746501546422808
-0.660630287275991 | [-8.47 25.96] | 0.6615566499284663
-0.6572827417204207 | [-10.51  20.89] | 0.3383718404242917
-0.6196502122858637 | [-12.56  14.31] | -0.012596746807484134
-0.547344192396988 | [-14.72   7.19] | -0.2933903526443958
-0.44446384079367207 | [-16.93   0.59] | -0.4157830999838402
-0.3221413990720134 | [-18.25  -4.42] | -0.2974543168520829
-0.20253894102332298 | [-16.57  -6.21] | -0.05995784690252208
-0.09358244194400689 | [-15.24  -6.96] | 0.17057840805379332
0.010142841698437318 | [-14.06  -7.33] | 0.40186411074160117
0.11200068563632902 | [-12.86  -7.45] | 0.6291743043657761
0.21385032418676048 | [-11.5  -7.3] | 0.8479310380751025
0.31629631291494065 | [-9.94 -6.9 ] | 1.0533222236664537
0.41925817979169444 | [-8.19 -6.28] | 1.2409282585300505
0.5223905368531077 | [-6.29 -5.47] | 1.4069861073673442
0.6252809323519319 | [-4.26 -4.53] | 1.5482121858874707
0.7275141711194459 | [-2.14 -3.49] | 1.6615762140382355
0.8286817413645594 | [ 0.02 -2.39] | 1.5899439813854759
0.9150269545369095 | [ 3.15 -1.82] | 1.1784391451010383
0.9654590840946226 | [ 6.29 -2.49] | 0.5107824863114211
0.971488221109488 | [ 8.39 -3.52] | -0.293684522577989
0.9320573314242457 | [ 9.97 -4.22] | -1.0922745819874378
0.850567559864426 | [11.46 -3.73] | -1.6833201430143432
0.7387059931351576 | [12.7  -1.77] | -1.9685463435743702
0.6114389113518133 | [13.15  1.01] | -1.713504895576904
0.49306039781573113 | [11.17  7.1 ] | -1.287553096429896
0.38691249049110465 | [10.17 11.53] | -0.9871116493196412
0.2839688440112391 | [ 9.55 15.49] | -0.7244395974429356
0.18069795060030514 | [ 8.86 19.07] | -0.47184675560968153
0.07616593698261681 | [ 7.88 22.24] | -0.22206580664856715
-0.0294716878663591 | [ 6.61 24.96] | 0.024594930935340584
-0.1358015639939645 | [ 5.1  27.29] | 0.26617327648911654
-0.2424406037638494 | [ 3.41 29.26] | 0.5005938299934174
-0.3490715338918754 | [ 1.57 30.89] | 0.7256198701136727
-0.45541267332211594 | [-0.4 32.2] | 0.8902371611414036
-0.5465189049570587 | [-3.38 31.07] | 0.938578184853216
-0.6073144844028612 | [-6.15 28.83] | 0.8539948001497226
-0.6357341588489689 | [-8.49 25.38] | 0.6345413024918579
-0.6310957376656067 | [-10.63  20.05] | 0.30794777342108737
-0.5906102503193075 | [-12.77  13.29] | -0.03447968290914586
-0.5146692411473092 | [-15.01   6.15] | -0.293226246810471
-0.4084961543371092 | [-17.23  -0.29] | -0.34318367639830555
-0.290018421819672 | [-17.11  -4.39] | -0.1809290801160019
-0.1768996892160441 | [-15.76  -5.91] | 0.041586691889515914
-0.07092600205049161 | [-14.59  -6.62] | 0.26825884150752927
0.03161733851761246 | [-13.46  -6.95] | 0.4953524996792902
0.13320304632558075 | [-12.23  -7.  ] | 0.7164147493061069
0.23503431223961815 | [-10.83  -6.77] | 0.9262288414417401
0.3373538734929433 | [-9.23 -6.3 ] | 1.1199148362390114
0.4399292434498886 | [-7.46 -5.61] | 1.293301271936862
0.5423657299425613 | [-5.54 -4.76] | 1.4429771355305576
0.6442424994891932 | [-3.52 -3.8 ] | 1.5660720848321181
0.7451499408441166 | [-1.44 -2.75] | 1.660141699427509
0.8447015229430148 | [ 0.67 -1.67] | 1.4507856089289903
0.9199622836249964 | [ 4.38 -1.72] | 0.8680898268894729
0.9508415945481054 | [ 7.2  -2.66] | 0.10315579554523206
0.9352455560318346 | [ 9.14 -3.63] | -0.7397494444472196
0.87369201716675 | [10.74 -3.78] | -1.4521583262539188
0.7749503915064123 | [12.14 -2.46] | -1.8715665209144847
0.6539482318603241 | [12.9   0.06] | -1.8364197807208293
0.5318178045772605 | [11.88  4.62] | -1.4813748443024692
0.4206867641348544 | [10.45  9.64] | -1.1291705414642856
0.3164984226024279 | [ 9.68 13.8 ] | -0.849516496472355
0.21327106209898575 | [ 9.06 17.61] | -0.590391213601462
0.10899673083245914 | [ 8.23 21.02] | -0.3364278775727086
0.0034790386242643696 | [ 7.09 23.98] | -0.0854251625165828
-0.10291340652449565 | [ 5.67 26.52] | 0.16121600684893508
-0.20978359235811259 | [ 4.04 28.67] | 0.40173910448284894
-0.31681868554404813 | [ 2.25 30.49] | 0.6343676993727787
-0.42376724559077794 | [ 0.34 31.99] | 0.8370762191625643
-0.5234615399408284 | [-2.14 32.2 ] | 0.9395583943115983
-0.5985382953776749 | [-5.07 30.26] | 0.9166568325452311
-0.64130670114483 | [-7.44 27.73] | 0.7719156538528131
-0.653476788503403 | [-9.57 23.57] | 0.5003392800999044
-0.6325866116511109 | [-11.61  17.6 ] | 0.15840047303196483
-0.5766353557942675 | [-13.73  10.63] | -0.1573446859894443
-0.48758588709389256 | [-15.96   3.7 ] | -0.3609377400776581
-0.3720216038942005 | [-18.09  -2.24] | -0.3148798309061379
-0.25339331839211865 | [-16.61  -5.04] | -0.09775415483749195
-0.14429110328299363 | [-15.41  -6.18] | 0.12294757007375205
-0.040314349543319444 | [-14.3   -6.72] | 0.34903744419075017
0.06141891135084239 | [-13.15  -6.94] | 0.5729710410447504
0.16280314758988254 | [-11.87  -6.87] | 0.7890985733712879
0.2646077967397401 | [-10.41  -6.55] | 0.992418683293122
0.36685800469161955 | [-8.75 -5.99] | 1.1782947126825616
0.46924288844532447 | [-6.93 -5.24] | 1.3428073102720466
0.5713513558502443 | [-4.99 -4.35] | 1.4827374320928097
0.6727654587263102 | [-2.96 -3.36] | 1.5953740665430411
0.7730819620563261 | [-0.88 -2.31] | 1.6589504180991195
0.8702119279430907 | [ 1.36 -1.29] | 1.3545684032012124
0.9373593014445819 | [ 5.22 -1.83] | 0.6724492025459082
0.9561031798603552 | [ 7.75 -2.91] | -0.13874592713807998
0.927820558533287 | [ 9.53 -3.83] | -0.9766152455596046
0.8548965423517028 | [11.07 -3.68] | -1.6235507948257601
0.7485112614828964 | [12.31 -1.99] | -1.9549054266066614
0.6242518341489689 | [12.79  0.65] | -1.7734705286382402
0.5052867746633263 | [11.17  6.19] | -1.3744406308782395
0.39774236637826976 | [10.06 10.83] | -1.0573651588564312
0.2944226683024941 | [ 9.41 14.89] | -0.7885724300767408
0.19103805390038384 | [ 8.77 18.59] | -0.5326429671103292
0.08638481304912635 | [ 7.86 21.87] | -0.2799159256126572
-0.01943465450416363 | [ 6.65 24.71] | -0.030085200416756733
-0.12600235290715806 | [ 5.17 27.14] | 0.2151109425366744
-0.2329405034867134 | [ 3.51 29.2 ] | 0.4538817612080186
-0.3399564972235213 | [ 1.69 30.93] | 0.6843530577594654
-0.44680625130340273 | [-0.25 32.35] | 0.8630829612361343
-0.5402980361105034 | [-3.08 31.61] | 0.9345733410198516
-0.605353465806598 | [-5.8  29.66] | 0.8819094514275062
-0.6391100773780215 | [-8.09 26.71] | 0.7018528521407571
-0.6416957526973723 | [-10.19  21.96] | 0.4052421909361638
-0.6102100583167321 | [-12.26  15.59] | 0.06749947526004259
-0.5437355735872734 | [-14.45   8.53] | -0.21392191919208517
-0.4456862031124836 | [-16.69   1.84] | -0.3663954587883168
-0.3239679560710039 | [-18.72  -3.62] | -0.2777251320650397
-0.2026523096323344 | [-16.95  -5.74] | -0.04449837933409345
-0.09283063227736248 | [-15.58  -6.59] | 0.18109774921300165
0.0112774692546633 | [-14.38  -7.  ] | 0.4095527917198677
0.11319008620011681 | [-13.18  -7.15] | 0.6359324700435635
0.21496148131296833 | [-11.84  -7.05] | 0.8550753952138842
0.31734782774956216 | [-10.29  -6.68] | 1.0618670663296133
0.42034324981441284 | [-8.55 -6.09] | 1.251684909909845
0.5236311014308286 | [-6.64 -5.31] | 1.4206481771438675
0.6268090111881447 | [-4.61 -4.39] | 1.5654088290557604
0.7294667813635858 | [-2.48 -3.37] | 1.6828714515224048
0.831198813682894 | [-0.3  -2.29] | 1.6634176520123707
0.9224546379108145 | [ 2.55 -1.56] | 1.303886161674217
0.9809768109408785 | [ 5.84 -2.23] | 0.656952484031547
0.9952939863544711 | [ 8.01 -3.37] | -0.1324769603140767
0.9647529598470613 | [ 9.54 -4.37] | -0.9601680498983372
0.8908965533086737 | [10.96 -4.35] | -1.6195779294419994
0.7838251244841796 | [12.25 -2.79] | -1.9797832038183927
0.6582929234920614 | [12.89 -0.15] | -1.9318361793526038
0.5329440861602391 | [11.95  4.07] | -1.565030529343195
0.41978102576232723 | [10.38  9.23] | -1.1907701812573173
0.3147997959193865 | [ 9.56 13.45] | -0.902078248844956
0.21121774984534303 | [ 8.93 17.31] | -0.6377322819128556
0.10671523352057344 | [ 8.11 20.77] | -0.37970173227740445
0.0010020119369168086 | [ 6.99 23.79] | -0.12497221635806502
-0.10557994767261028 | [ 5.58 26.39] | 0.12537594336963026
-0.21264981890705367 | [ 3.97 28.61] | 0.36983627759550675
-0.3199172747405285 | [ 2.2 30.5] | 0.6069055016849115
-0.4271624819978065 | [ 0.3  32.08] | 0.8134767014553111
-0.5270141061355926 | [-2.15 32.33] | 0.9219946411217198
-0.6026235199231142 | [-4.98 30.58] | 0.9137790146650344
-0.6470246041351122 | [-7.27 28.34] | 0.7924140541880962
-0.6622406266206994 | [-9.34 24.58] | 0.5458620868816662
-0.6460309904742133 | [-11.33  18.97] | 0.21745940485337312
-0.5958525119158251 | [-13.39  12.19] | -0.10325220588362907
-0.5125906640350432 | [-15.59   5.23] | -0.327612164349153
-0.40155168392914226 | [-17.77  -0.94] | -0.315790922293526
-0.2844612272537164 | [-16.59  -4.34] | -0.11871040322555725
-0.1751381929884732 | [-15.48  -5.71] | 0.09626944711047822
-0.07078101118226332 | [-14.4   -6.33] | 0.3189535676357877
0.031052853532711602 | [-13.27  -6.57] | 0.5397943506432905
0.13218887964915887 | [-12.02  -6.53] | 0.7524795619414009
0.23350319360465377 | [-10.6   -6.22] | 0.9521460138778276
0.3351219585832702 | [-9.   -5.69] | 1.1342505506066904
0.4367865695944603 | [-7.25 -4.98] | 1.2949170752859274
0.5381052433849142 | [-5.37 -4.11] | 1.4310844293594396
0.6386689889689136 | [-3.41 -3.15] | 1.5403978173912296
0.7380872409407985 | [-1.4  -2.13] | 1.6212941253784021
0.836014591887033 | [ 0.61 -1.08] | 1.3822016753120898
0.9090243953636478 | [ 4.36 -1.32] | 0.7372634171997143
0.935540453064518 | [ 7.26 -2.48] | -0.09715881632956172
0.912793460046915 | [ 9.24 -3.52] | -0.9618301679385668
0.8435249166160608 | [10.83 -3.5 ] | -1.6267582373020661
0.7394824258816081 | [12.01 -1.9 ] | -1.9614955935920932
0.6170631032629238 | [12.4   0.66] | -1.7803603269003803
0.49952724289292466 | [10.81  6.19] | -1.3863763158019717
0.39271133208421016 | [ 9.76 10.85] | -1.0732289019756152
0.2895882000617098 | [ 9.15 14.94] | -0.8051054319578507
0.18610294726121632 | [ 8.53 18.68] | -0.5480397303670463
0.08122175574572682 | [ 7.63 21.99] | -0.2934882554689662
-0.02484986916952609 | [ 6.42 24.85] | -0.04166086918139335
-0.13165654358311207 | [ 4.95 27.3 ] | 0.2056176508265451
-0.23882150615680267 | [ 3.29 29.38] | 0.44668141489515195
-0.3460717367665573 | [ 1.48 31.14] | 0.6798426716107876
-0.4531899993175789 | [-0.46 32.59] | 0.8540910911118879
-0.5450424845096372 | [-3.34 31.62] | 0.9221368486785722
-0.6075279797921531 | [-5.94 29.82] | 0.8740701176677572
-0.6398594087378886 | [-8.15 26.97] | 0.7025947797739883
-0.6419657208676856 | [-10.21  22.33] | 0.41744016325484706
-0.6108871730277283 | [-12.27  16.07] | 0.09066110596634033
-0.5455122491772366 | [-14.44   9.09] | -0.1838920317350853
-0.4488189320344011 | [-16.68   2.43] | -0.3342595075906514
-0.3281474585940837 | [-18.75  -3.09] | -0.2511938675633069
-0.20711181965165726 | [-17.07  -5.37] | -0.024664039286959608
-0.09715404143724793 | [-15.72  -6.27] | 0.1973226383697965
0.007090319194468567 | [-14.52  -6.69] | 0.4231663565447214
0.10898701457189211 | [-13.32  -6.84] | 0.647318451754906
0.2106132619376955 | [-11.97  -6.73] | 0.8644141451007226
0.31278804360070406 | [-10.44  -6.37] | 1.0692406012186033
0.41554865047255557 | [-8.71 -5.79] | 1.2570494942491555
0.5185955981455506 | [-6.81 -5.02] | 1.4238649324294443
0.6215293148128501 | [-4.79 -4.11] | 1.566327328832102
0.7239382999121882 | [-2.68 -3.11] | 1.6814229908408322
0.825416716320244 | [-0.52 -2.05] | 1.6901811702360465
0.9191205859338332 | [ 2.14 -1.23] | 1.345525909167806
0.9813230565583523 | [ 5.58 -1.96] | 0.6821619255424768
0.9981598662086213 | [ 7.83 -3.19] | -0.11942033535323955
0.9696132431914753 | [ 9.39 -4.33] | -0.9637185079609106
0.8971488328813892 | [10.78 -4.46] | -1.6387261346327044
0.7909597765611991 | [12.02 -3.01] | -2.007267183306923
0.6660787083217433 | [12.61 -0.44] | -2.003637384949095
0.53955218210621 | [11.87  3.26] | -1.648658978189254
0.4251122806772483 | [10.21  8.66] | -1.2553967349174546
0.31980359856055807 | [ 9.36 12.96] | -0.9603065197348315
0.21614692784768139 | [ 8.75 16.9 ] | -0.6923497924501972
0.11156081924769827 | [ 7.97 20.45] | -0.43118081470221137
0.005719445553433119 | [ 6.88 23.55] | -0.17326613494070683
-0.10101550918988118 | [ 5.51 26.23] | 0.08042804856580224
-0.20825556952939642 | [ 3.92 28.53] | 0.32858589483914963
-0.315726977730624 | [ 2.18 30.49] | 0.5700053892404926
-0.42324396199902764 | [ 0.3  32.16] | 0.7822423456306359
-0.5235431905054398 | [-2.11 32.52] | 0.9000697471564004
-0.6001331955093239 | [-4.85 30.95] | 0.9094436685361409
-0.6464952678101685 | [-7.07 29.03] | 0.8146970136008255
-0.6650634510608003 | [-9.08 25.7 ] | 0.5985762824144166
-0.6539540247914674 | [-11.03  20.5 ] | 0.2909972161629334
-0.6102043662519885 | [-13.05  13.97] | -0.027344470719883912
-0.5336633406847605 | [-15.21   7.04] | -0.2680431915832161
-0.4282827103662172 | [-17.41   0.68] | -0.3606300820562731
-0.3040239308921727 | [-18.88  -4.2 ] | -0.23542336794992022
-0.1827344084275735 | [-17.15  -5.95] | -0.0016820620123444638
-0.07276905053512717 | [-15.74  -6.63] | 0.2241380421249853
0.031418347332930946 | [-14.5   -6.93] | 0.45165046666316944
0.13334279697968968 | [-13.25  -7.  ] | 0.6763503368590503
0.2350700692520696 | [-11.85  -6.82] | 0.8934978520932975
0.33737971058171995 | [-10.27  -6.41] | 1.0980609644832549
0.4402894835411208 | [-8.49 -5.79] | 1.2853855513285388
0.5434975065971049 | [-6.56 -4.99] | 1.4515272024843267
0.6466064735218787 | [-4.51 -4.06] | 1.5930897935950008
0.749205146416648 | [-2.37 -3.04] | 1.706972996277321
0.8508846786253443 | [-0.18 -1.96] | 1.6607070890217785
0.9404551448063091 | [ 2.77 -1.36] | 1.268567884653183
0.9961430862583509 | [ 5.95 -2.19] | 0.601586622295655
1.0076838447316887 | [ 8.03 -3.48] | -0.2072256606878501
0.9741600695523752 | [ 9.49 -4.59] | -1.0431696271536526
0.8976057272112514 | [10.85 -4.62] | -1.6962659506400597
0.7887079716814681 | [12.06 -3.06] | -2.0405917535519684
0.6624682331205389 | [12.59 -0.44] | -2.020839306517766
0.5354783452216016 | [11.81  3.24] | -1.6598010191129302
0.4209042851513642 | [10.13  8.63] | -1.2644302702988461
0.31551609444018336 | [ 9.29 12.94] | -0.967814356941321
0.21178179211069767 | [ 8.67 16.89] | -0.6984267359891045
0.10711354251767521 | [ 7.88 20.45] | -0.4359194378514525
0.001196918604812268 | [ 6.79 23.56] | -0.1768176758249826
-0.10560091732906927 | [ 5.42 26.24] | 0.07792226696760486
-0.2128918057363683 | [ 3.84 28.55] | 0.3270320178876237
-0.3204064437145926 | [ 2.1  30.52] | 0.5693693860249203
-0.42796645104495046 | [ 0.22 32.2 ] | 0.7795348078485739
-0.5275173385025621 | [-2.22 32.45] | 0.8950096434630691
-0.6030150915390099 | [-4.92 30.94] | 0.9040949842029283
-0.6486950655957154 | [-7.11 29.05] | 0.8100809234927949
-0.6668538613817063 | [-9.11 25.73] | 0.5954766388997217
-0.6555589014537984 | [-11.04  20.55] | 0.28993135524761027
-0.6118308754270299 | [-13.05  14.05] | -0.026729835426804766
-0.535462538280431 | [-15.2    7.13] | -0.26666778152600107
-0.43030663656668444 | [-17.4    0.77] | -0.3634563836660857
-0.3056230626515529 | [-19.03  -4.18] | -0.24176020487964436
-0.18364530511491292 | [-17.26  -5.96] | -0.006957239726219762
-0.07334347590864054 | [-15.84  -6.64] | 0.21873238010159882
0.0309895066770358 | [-14.58  -6.94] | 0.4461696578232768
0.1329468498089861 | [-13.33  -7.01] | 0.6710916403033861
0.23465944639950986 | [-11.94  -6.84] | 0.8887796264854438
0.3369549980704293 | [-10.35  -6.43] | 1.094198113952589
0.4398756156957646 | [-8.58 -5.81] | 1.2826585369647547
0.5431291462755476 | [-6.65 -5.02] | 1.4501776806724809
0.6463213449895652 | [-4.6  -4.09] | 1.5933242622708668
0.7490416440387557 | [-2.45 -3.07] | 1.7089615345462668
0.8508811293070792 | [-0.25 -2.  ] | 1.677014887372902
0.9416786704897688 | [ 2.63 -1.35] | 1.300089094123408
0.9994128511527334 | [ 5.85 -2.15] | 0.6417345765022912
1.0131463654387232 | [ 7.94 -3.44] | -0.15924220763967445
0.9820846162630453 | [ 9.4  -4.61] | -0.9997356470932393
0.9077339404116128 | [10.74 -4.75] | -1.6703783524224824
0.8002504527910922 | [11.97 -3.31] | -2.036473430743824
0.6745053711845808 | [12.56 -0.73] | -2.073521779292113
0.5456581633522289 | [12.04  2.47] | -1.7252435071480938
0.4293226890942304 | [10.21  8.1 ] | -1.309136328331625
0.3234740856566145 | [ 9.31 12.47] | -1.006228215368305
0.21975479868721862 | [ 8.69 16.46] | -0.7345462070135567
0.11520316618504793 | [ 7.94 20.07] | -0.47071004436245567
0.00937633532405419 | [ 6.88 23.24] | -0.21032711811654442
-0.09737490392475637 | [ 5.54 25.98] | 0.04582249794319741
-0.20465376788892853 | [ 3.98 28.34] | 0.2965286831449541
-0.3121883059510818 | [ 2.25 30.36] | 0.5407601908117206
-0.4198078391419344 | [ 0.39 32.09] | 0.7590773804567275
-0.5212131125340461 | [-1.94 32.65] | 0.8843452652430651
-0.5996808671550349 | [-4.67 31.15] | 0.9053351145854364
-0.6482375306363591 | [-6.86 29.45] | 0.8291866841811611
-0.6697966231293478 | [-8.84 26.43] | 0.634813391795407
-0.6628575341478241 | [-10.76  21.58] | 0.34137057168713003
-0.6242366228306626 | [-12.73  15.26] | 0.02228295379734025
-0.5530589382762674 | [-14.85   8.36] | -0.23458018376474704
-0.45232010190627436 | [-17.05   1.86] | -0.3643789364507696
-0.32915982695772056 | [-19.09  -3.48] | -0.2678266466188591
-0.2066299536996102 | [-17.38  -5.64] | -0.03623021944635805
-0.0958072625918423 | [-15.99  -6.46] | 0.18757075318941818
0.008823234722276273 | [-14.74  -6.81] | 0.4138428590138194
0.11077630915531875 | [-13.5  -6.9] | 0.6381192638339795
0.21228234948721528 | [-12.14  -6.76] | 0.855619836335995
0.314289331699704 | [-10.59  -6.39] | 1.0613301373346844
0.41690770496112 | [-8.86 -5.79] | 1.2504412470606343
0.5198682981088978 | [-6.96 -5.02] | 1.4188325658777656
0.6227776609139992 | [-4.94 -4.11] | 1.5630161494754287
0.7252200796831025 | [-2.83 -3.11] | 1.6799012935962414
0.8267830615032424 | [-0.66 -2.05] | 1.712300176469538
0.9224918348614809 | [ 1.87 -1.15] | 1.386977831566658
0.9878906457769289 | [ 5.38 -1.88] | 0.7278789742281158
1.0077790842016607 | [ 7.66 -3.16] | -0.0675786252792415
0.9825230906003996 | [ 9.21 -4.41] | -0.9210526903668487
0.9129773532593349 | [10.57 -4.72] | -1.6210640671621488
0.8086943412967469 | [11.81 -3.45] | -2.018387227553711
0.6845799236675996 | [12.45 -0.95] | -2.110271520836251
0.5549107553561705 | [12.15  1.84] | -1.7764551152213952
0.4374916562627047 | [10.23  7.66] | -1.3454563428390403
0.33141276717257434 | [ 9.29 12.09] | -1.0385426241291116
0.2277584309374986 | [ 8.68 16.12] | -0.7656225903744482
0.12331473455820573 | [ 7.95 19.78] | -0.5010606611195723
0.017559966126579007 | [ 6.93 23.  ] | -0.23984456167897297
-0.08915642498152258 | [ 5.61 25.78] | 0.01733752192295404
-0.1964275579697785 | [ 4.07 28.18] | 0.269314097257805
-0.3039808864341578 | [ 2.36 30.25] | 0.515156230741977
-0.41165522055761616 | [ 0.51 32.02] | 0.7397653876467072
-0.5144376991538412 | [-1.73 32.81] | 0.872999205482747
-0.5950928672990718 | [-4.47 31.33] | 0.9040955884067947
-0.6458053738822421 | [-6.65 29.78] | 0.843177189681242
-0.6699855656663561 | [-8.62 27.02] | 0.6671379137280687
-0.6665141315280179 | [-10.53  22.44] | 0.3870314571217051
-0.632120226506662 | [-12.48  16.31] | 0.06998641706785858
-0.5654038128672961 | [-14.57   9.47] | -0.19749906892265195
-0.46863097843221524 | [-16.77   2.87] | -0.3452513230099014
-0.34823861597147143 | [-18.85  -2.66] | -0.2667440048518881
-0.22684079421271441 | [-17.29  -5.18] | -0.04396902553508501
-0.11620763429107432 | [-15.99  -6.13] | 0.17651454234069758
-0.0115374853502519 | [-14.77  -6.53] | 0.4006094237074206
0.09035524168514007 | [-13.54  -6.65] | 0.6227416236560337
0.19164505396612255 | [-12.2   -6.52] | 0.8378917752938749
0.2933150714844892 | [-10.68  -6.16] | 1.0410611590504624
0.3955133035689241 | [-8.99 -5.58] | 1.227388688252668
0.49798573235586896 | [-7.13 -4.82] | 1.3926914845842993
0.6003390687126153 | [-5.16 -3.93] | 1.5335165446988939
0.702154068505836 | [-3.09 -2.95] | 1.6469522543914896
0.8030179438156559 | [-0.96 -1.9 ] | 1.7245066073902924
0.9020294691885905 | [ 1.22 -0.86] | 1.420359400925412
0.9722840542924884 | [ 4.86 -1.41] | 0.7483787600837464
0.9953424393225961 | [ 7.34 -2.8 ] | -0.04857104790490857
0.9725385025785582 | [ 9.02 -4.15] | -0.9112758679214582
0.9046655835596825 | [10.44 -4.54] | -1.6191392810254355
0.8014547198967445 | [11.67 -3.31] | -2.0163513102566255
0.6782288216041177 | [12.26 -0.85] | -2.0907764642748745
0.5500711505201715 | [11.85  2.07] | -1.7562220926103729
0.43379744824583777 | [10.02  7.83] | -1.3356458385143015
0.3280757150276898 | [ 9.13 12.25] | -1.0319812946752778
0.2244291315885047 | [ 8.54 16.29] | -0.7597367443442005
0.1198577906717425 | [ 7.81 19.95] | -0.4949843910908196
0.013956945306930132 | [ 6.78 23.16] | -0.2334253048555907
-0.09288302197754972 | [ 5.46 25.94] | 0.02405635353000564
-0.20024991608139214 | [ 3.91 28.33] | 0.2762887347393982
-0.30787801530818487 | [ 2.2  30.39] | 0.522380927019567
-0.41561491617807617 | [ 0.35 32.16] | 0.7424086475809732
-0.5168538459879654 | [-1.98 32.71] | 0.8715748862250483
-0.5951859056506926 | [-4.65 31.31] | 0.89998942261812
-0.6440989975179475 | [-6.8  29.73] | 0.8345142709382816
-0.6665942745202362 | [-8.76 26.87] | 0.6535267314560105
-0.6613119262453704 | [-10.67  22.18] | 0.3722887271216706
-0.6250035449293885 | [-12.63  15.99] | 0.0602514950164791
-0.5564781398064284 | [-14.73   9.14] | -0.1967146894514912
-0.4582403936101875 | [-16.94   2.61] | -0.3319014280972717
-0.33688923370826546 | [-19.01  -2.82] | -0.2454776471026344
-0.21507449936309717 | [-17.41  -5.21] | -0.021602057672651893
-0.10432143016959305 | [-16.07  -6.12] | 0.1984058590450106
0.0003737134027349924 | [-14.83  -6.5 ] | 0.42197720414654055
0.10229443277835494 | [-13.59  -6.6 ] | 0.6438890698978115
0.20364639731195433 | [-12.24  -6.46] | 0.8591058370833922
0.3054190207749461 | [-10.71  -6.09] | 1.0625392627965966
0.4077601810342948 | [-8.99 -5.51] | 1.2492863833175858
0.5104174481065277 | [-7.12 -4.75] | 1.415150166180301
0.6130006623347668 | [-5.12 -3.86] | 1.556646581891468
0.7150933091668242 | [-3.03 -2.87] | 1.6707894826202137
0.8162834076185447 | [-0.88 -1.83] | 1.7360859670803308
0.9146001318853165 | [ 1.4  -0.83] | 1.422445963231419
0.9839093098006207 | [ 4.91 -1.39] | 0.7595433804992846
1.0069575344300146 | [ 7.32 -2.83] | -0.028721029882935668
0.984749447911397 | [ 8.95 -4.25] | -0.8914506318239916
0.9176595402343676 | [10.33 -4.73] | -1.6101772725830474
0.8149693612606252 | [11.56 -3.61] | -2.0234333268874463
0.6917890703378461 | [12.19 -1.19] | -2.131618918286063
0.5624024694751831 | [11.93  1.48] | -1.8016775217816403
0.4450619963513419 | [10.02  7.41] | -1.367612155822313
0.339059072681381 | [ 9.11 11.89] | -1.0602807677635762
0.23542513026307693 | [ 8.52 15.96] | -0.7872375882022788
0.13094047019000835 | [ 7.82 19.66] | -0.5222908026897168
0.02510878657481549 | [ 6.82 22.91] | -0.2604335128652978
-0.0816939402600174 | [ 5.52 25.71] | -0.0024736398665787113
-0.18904387375281426 | [ 3.99 28.14] | 0.2503415798854176
-0.29666078443541904 | [ 2.3  30.22] | 0.4970712747088716
-0.4043812653625436 | [ 0.46 32.01] | 0.7220219226895744
-0.5067029912532967 | [-1.8  32.75] | 0.8582243369514724
-0.5866633527461312 | [-4.51 31.34] | 0.8930550793447822
-0.6368267190856433 | [-6.69 29.79] | 0.8342717763300048
-0.6604304727526145 | [-8.67 27.  ] | 0.6604234864442671
-0.6562557711698619 | [-10.59  22.37] | 0.38510423815515393
-0.6210608919787675 | [-12.56  16.22] | 0.07676078987829574
-0.5535785000922291 | [-14.67   9.4 ] | -0.1788939935757899
-0.45621346316428674 | [-16.89   2.86] | -0.314493198242085
-0.335466191198702 | [-18.97  -2.6 ] | -0.23092606909975455
-0.21393560144571647 | [-17.39  -5.05] | -0.009926095593149963
-0.10327056510100405 | [-16.06  -5.98] | 0.20858188042504305
0.0014095012749205868 | [-14.83  -6.37] | 0.4311725719618419
0.1033234495380138 | [-13.59  -6.48] | 0.6523104756294924
0.2046563183038257 | [-12.24  -6.34] | 0.8667613796532955
0.30639464970926233 | [-10.7   -5.97] | 1.0693362026869722
0.4086881163072048 | [-8.99 -5.39] | 1.2550833843684206
0.5112852442032471 | [-7.12 -4.63] | 1.4197929021956355
0.6137958751082019 | [-5.12 -3.74] | 1.5599987587881357
0.7158035199578188 | [-3.04 -2.76] | 1.6727594741156833
0.8168968818733626 | [-0.9  -1.72] | 1.7382782288569487
0.9152509241416358 | [ 1.37 -0.73] | 1.4187688124644937
0.9846455165951314 | [ 4.78 -1.19] | 0.7578803228813515
1.0079629820122804 | [ 7.21 -2.72] | -0.02489017502418403
0.986152670258959 | [ 8.85 -4.2 ] | -0.8881968794683228
0.919399946591258 | [10.24 -4.75] | -1.6105253822251957
0.8169107103117005 | [11.47 -3.67] | -2.026738445056032
0.6938533083295835 | [12.1  -1.27] | -2.136347057222269
0.5645723027974802 | [11.84  1.39] | -1.8064472618988312
0.4473108943481599 | [9.95 7.35] | -1.3722948730636908
0.3413375754835715 | [ 9.05 11.85] | -1.06508180453179
0.237697620754013 | [ 8.46 15.93] | -0.7920853414700972
0.1331849336471148 | [ 7.77 19.63] | -0.5270689932487242
0.027316162513893332 | [ 6.77 22.89] | -0.26506507452426664
-0.07952382504829758 | [ 5.48 25.7 ] | -0.006934083166456745
-0.18690530652610005 | [ 3.96 28.13] | 0.2460375460292994
-0.29454405679293905 | [ 2.27 30.22] | 0.4928861707063825
-0.402273549852692 | [ 0.44 32.  ] | 0.7174281663752449
-0.504307501463661 | [-1.84 32.71] | 0.8539888632245944
-0.5838134017207537 | [-4.55 31.31] | 0.8890318500861485
-0.6335473243274995 | [-6.72 29.75] | 0.8291691215486069
-0.656628659521077 | [-8.71 26.9 ] | 0.6538453848051164
-0.651756351859681 | [-10.64  22.23] | 0.37864484889702915
-0.6157132941694261 | [-12.62  16.05] | 0.0733402216053455
-0.5473535047349696 | [-14.75   9.23] | -0.1764774970120447
-0.4492324652233679 | [-16.97   2.73] | -0.30517181623718187
-0.32797187035114644 | [-19.05  -2.68] | -0.21734644028290423
-0.20623365466048327 | [-17.44  -5.06] | 0.004111441091363986
-0.0955298765055847 | [-16.09  -5.97] | 0.22229148146369931
0.00914792334027599 | [-14.85  -6.35] | 0.44460062721909094
0.11107753740448441 | [-13.6   -6.45] | 0.6656476909186239
0.21245632597495842 | [-12.24  -6.3 ] | 0.8801414528197985
0.3142669725452132 | [-10.7   -5.93] | 1.082817367278977
0.41665410158584415 | [-8.97 -5.35] | 1.26869934694399
0.5193648522175139 | [-7.09 -4.59] | 1.433579018869824
0.6220102101370995 | [-5.08 -3.7 ] | 1.5739831840945442
0.7241753222591837 | [-2.98 -2.71] | 1.686935876483755
0.8254496466136633 | [-0.83 -1.67] | 1.7409354771135512
0.9230573282938179 | [ 1.52 -0.72] | 1.412459139577716
0.9913453486358569 | [ 4.85 -1.22] | 0.7549772518747444
1.0140908684995087 | [ 7.23 -2.76] | -0.025299721228222827
0.991997815002308 | [ 8.84 -4.27] | -0.888012379233471
0.9251316293452536 | [10.21 -4.85] | -1.6127051998790227
0.8225636063535601 | [11.43 -3.8 ] | -2.033157522365926
0.6993726481118937 | [12.08 -1.42] | -2.1459855781725716
0.5698928365868446 | [11.82  1.26] | -1.8149888596164745
0.45250056627614405 | [9.93 7.25] | -1.379092265432024
0.346488174962964 | [ 9.03 11.76] | -1.0715952176802863
0.24285060439177714 | [ 8.45 15.84] | -0.7988592627591857
0.13835880868365885 | [ 7.76 19.55] | -0.5341949919623776
0.0325099400321265 | [ 6.78 22.81] | -0.272455375351308
-0.07431735113528243 | [ 5.49 25.63] | -0.014499495594576084
-0.18168958169233163 | [ 3.98 28.06] | 0.23831962189583047
-0.28931380702761633 | [ 2.29 30.15] | 0.4849652178579617
-0.3970129772658718 | [ 0.46 31.94] | 0.7104900831109617
-0.4992612775384378 | [-1.8  32.68] | 0.8491070233865506
-0.5790404058250119 | [-4.53 31.27] | 0.8850712288085472
-0.6287987464571095 | [-6.72 29.67] | 0.8243038745588724
-0.6516298750327061 | [-8.73 26.77] | 0.6472582723055341
-0.6461841284142728 | [-10.67  22.03] | 0.3715328112004262
-0.6092829740135304 | [-12.68  15.81] | 0.06859185235490267
-0.5399301409193025 | [-14.82   8.99] | -0.1757080222488861
-0.44088790955659923 | [-17.05   2.52] | -0.2974138019169949
-0.31897447604433404 | [-19.12  -2.82] | -0.20476122803044602
-0.19698835845047466 | [-17.46  -5.12] | 0.017689239206207096
-0.08626571079896292 | [-16.09  -5.98] | 0.23585183078258648
0.01838893990581469 | [-14.84  -6.35] | 0.4581571817092238
0.12033673437890455 | [-13.59  -6.44] | 0.679363257746919
0.22178429690778398 | [-12.21  -6.3 ] | 0.8941021097164368
0.3236997480762361 | [-10.66  -5.92] | 1.0970250244467121
0.4262148305015486 | [-8.92 -5.33] | 1.2831455821775837
0.5290718527228641 | [-7.02 -4.57] | 1.448276380498232
0.6318821949067718 | [-5.   -3.67] | 1.5889476474693007
0.7342328664230293 | [-2.88 -2.68] | 1.7021472165930858
0.835714348857367 | [-0.71 -1.64] | 1.737540911115646
0.932024741637708 | [ 1.76 -0.76] | 1.3964875055169694
0.9983269144960326 | [ 5.03 -1.34] | 0.739573654231345
1.0196066717847556 | [ 7.34 -2.87] | -0.043795553222871146
0.996212366981778 | [ 8.9  -4.37] | -0.9054842205783674
0.9283094050787909 | [10.23 -4.93] | -1.6264187584218224
0.8250422368142679 | [11.45 -3.87] | -2.0433122803043946
0.7014335399857278 | [12.09 -1.47] | -2.153732306598388
0.5717130974043559 | [11.83  1.21] | -1.820586566348309
0.45420317514072106 | [9.94 7.21] | -1.3833481995466816
0.34814654854741617 | [ 9.03 11.72] | -1.0753954094623501
0.24449832630043342 | [ 8.45 15.81] | -0.8025666290373717
0.14001252580018175 | [ 7.76 19.52] | -0.5379172704008904
0.034174605847753795 | [ 6.78 22.78] | -0.276192884407379
-0.07264221372665776 | [ 5.5 25.6] | -0.01822655046549533
-0.18000522846567807 | [ 3.98 28.03] | 0.23462014568630032
-0.2876198018706862 | [ 2.3  30.12] | 0.4812935682312431
-0.39530628812112667 | [ 0.48 31.91] | 0.707273729015236
-0.4976426810021522 | [-1.78 32.67] | 0.8467178819093998
-0.5775477177064559 | [-4.52 31.26] | 0.8833149629255778
-0.6273666645421657 | [-6.72 29.65] | 0.8228452384407503
-0.650197998727506 | [-8.73 26.75] | 0.6459730983763653
-0.6446883014556969 | [-10.68  22.  ] | 0.37060629247140364
-0.6076667554059314 | [-12.68  15.78] | 0.06847786457251284
-0.5381628056197862 | [-14.83   8.96] | -0.1745183057377698
-0.43897513068548166 | [-17.06   2.5 ] | -0.2947304117043575
-0.3169575040682514 | [-19.13  -2.84] | -0.20124986361420155
-0.19493315321772672 | [-17.47  -5.12] | 0.021212944557208187
-0.08420931124359304 | [-16.09  -5.98] | 0.23927695784754946
0.0204407457862324 | [-14.83  -6.34] | 0.4615204616426356
0.12239165629395628 | [-13.58  -6.44] | 0.6827107101691768
0.22385101751821576 | [-12.21  -6.29] | 0.8974484944408784
0.325784121550227 | [-10.65  -5.91] | 1.100359353297471
0.42832035910923777 | [-8.91 -5.32] | 1.2864501560533694
0.5312011217105689 | [-7.01 -4.56] | 1.4515360756589182
0.6340377804627583 | [-4.98 -3.66] | 1.592149129570205
0.7364176032035392 | [-2.86 -2.67] | 1.7052735761105688
0.8379312184309596 | [-0.69 -1.63] | 1.7365199540436147
0.9339513792718328 | [ 1.81 -0.76] | 1.3921566691869378
0.9998063826218796 | [ 5.06 -1.35] | 0.7352206690121695
1.0207509804305073 | [ 7.36 -2.89] | -0.04874136857547703
0.9970539869162895 | [ 8.9  -4.39] | -0.910269715216161
0.9289021838743458 | [10.23 -4.95] | -1.6303103547512794
0.8254648883523659 | [11.45 -3.88] | -2.0461260093865494
0.7017625485543001 | [12.08 -1.49] | -2.15571378836581
0.5720028230917606 | [11.82  1.19] | -1.82204412938054
0.45447978665846234 | [9.93 7.2 ] | -1.3845612483041871
0.348417478269139 | [ 9.02 11.71] | -1.0765127583179117
0.24476562940047902 | [ 8.45 15.8 ] | -0.8036366940671864
0.14027688943968566 | [ 7.76 19.51] | -0.5389499363787116
0.03443648775927509 | [ 6.77 22.78] | -0.27718724863644245
-0.07238237816426903 | [ 5.49 25.6 ] | -0.019180191775817396
-0.17974689445607073 | [ 3.98 28.03] | 0.2337087694287106
-0.28736226213084287 | [ 2.3  30.12] | 0.4804252453941249
-0.39504868681047944 | [ 0.47 31.91] | 0.7064182865783294
-0.4973607718571001 | [-1.78 32.66] | 0.8459665536145449
-0.5772297038646645 | [-4.52 31.26] | 0.8826971081806679
-0.627018922669856 | [-6.72 29.65] | 0.8222988534552956
-0.6498181590386145 | [-8.73 26.75] | 0.6455038941625377
-0.6442689450765882 | [-10.68  22.  ] | 0.37033499213058163
-0.6072022552043992 | [-12.69  15.77] | 0.06857985045253522
-0.5376542114741784 | [-14.84   8.95] | -0.1739040231866648
-0.4384307355411403 | [-17.07   2.49] | -0.29358539176226145
-0.31639021136860845 | [-19.14  -2.84] | -0.19987559664680846
-0.19435635890912295 | [-17.47  -5.11] | 0.022527847510342043
-0.08362994182748237 | [-16.09  -5.97] | 0.24052027181946412
0.021020790204845975 | [-14.84  -6.34] | 0.4627103809400049
0.12297273621933802 | [-13.58  -6.43] | 0.6838666042225219
0.2244340627723307 | [-12.21  -6.28] | 0.8985800394794282
0.3263701393773392 | [-10.65  -5.9 ] | 1.1014684174429097
0.4289103591556416 | [-8.91 -5.31] | 1.2875354272955524
0.5317961894318671 | [-7.   -4.55] | 1.4525956874017751
0.6346391234821072 | [-4.98 -3.65] | 1.5931810833746594
0.737026542517995 | [-2.86 -2.66] | 1.7062749768737457
0.8385491423237401 | [-0.68 -1.62] | 1.7367791443885463
0.9345244320518495 | [ 1.82 -0.76] | 1.3916235124288208
1.0003124086266324 | [ 5.06 -1.35] | 0.734976019344556
1.021230220023414 | [ 7.35 -2.89] | -0.04862544396627702
0.997530644415344 | [ 8.9 -4.4] | -0.9101449283737829
0.9293857001354977 | [10.23 -4.96] | -1.6305066511075064
0.8259516380185619 | [11.44 -3.89] | -2.046750202706472
0.7022448842850981 | [12.08 -1.5 ] | -2.1566318131537976
0.5724749228951194 | [11.82  1.18] | -1.8228841104017637
0.4549454755482094 | [9.92 7.19] | -1.3852687661586498
0.34888158159249505 | [ 9.02 11.71] | -1.0772026388192526
0.24522984949862517 | [ 8.44 15.79] | -0.8043461995161258
0.14074174168732723 | [ 7.76 19.51] | -0.5396812929932234
0.034901545014187074 | [ 6.77 22.77] | -0.2779310619432644
-0.07191764784656704 | [ 5.49 25.59] | -0.019928902186319347
-0.17928251011506205 | [ 3.98 28.02] | 0.23295636234979253
-0.28689744219668656 | [ 2.3  30.11] | 0.4796641040726991
-0.39458175716720384 | [ 0.47 31.9 ] | 0.7057113608333401
-0.4968975893234231 | [-1.78 32.66] | 0.8454243168276636
-0.5767677909291925 | [-4.52 31.25] | 0.8822344281187313
-0.6265411689248059 | [-6.72 29.64] | 0.8217338051025221
-0.6493009072136332 | [-8.73 26.74] | 0.6447667287058504
-0.6436819110065327 | [-10.68  21.98] | 0.36958201890003556
-0.6065193338943282 | [-12.69  15.75] | 0.0681365954392691
-0.5368651838794897 | [-14.85   8.93] | -0.1737068854277315
-0.4375462907754808 | [-17.08   2.47] | -0.29261279917638744
-0.3154398205723347 | [-19.15  -2.85] | -0.19840863791557234
-0.1933808707468438 | [-17.48  -5.12] | 0.02406806447456778
-0.08265195557996907 | [-16.09  -5.98] | 0.24204016942896345
0.02199705912511547 | [-14.84  -6.34] | 0.4642160553787247
0.12395116692274896 | [-13.58  -6.43] | 0.6853772284536983
0.22541940368207564 | [-12.2   -6.28] | 0.9001055064307737
0.32736583678656545 | [-10.64  -5.9 ] | 1.1030100578623478
0.42991875720859346 | [-8.9  -5.31] | 1.289093780804522
0.5328192868540208 | [-7.   -4.54] | 1.4541735796326558
0.6356790476530599 | [-4.97 -3.65] | 1.5947817916617317
0.7380856679807246 | [-2.85 -2.66] | 1.7078982332815595
0.8396299954585015 | [-0.67 -1.62] | 1.7365876456570974
0.9354823803701077 | [ 1.84 -0.76] | 1.3901659311059873
1.001081515109003 | [ 5.08 -1.36] | 0.7336456296312973
1.0218654154925255 | [ 7.36 -2.9 ] | -0.050137279798770314
0.9980530095398272 | [ 8.9  -4.41] | -0.9115579825057379
0.9298216967099737 | [10.23 -4.97] | -1.6316968489596657
0.8263291001566762 | [11.44 -3.9 ] | -2.047786768642047
0.7025847304309049 | [12.08 -1.51] | -2.157575329902831
0.5727894922555398 | [11.82  1.17] | -1.8236201109448542
0.4552467547918495 | [9.92 7.19] | -1.385841967121235
0.34917817450460775 | [ 9.02 11.7 ] | -1.0777297905820424
0.24552563534538702 | [ 8.44 15.79] | -0.8048729561701645
0.14103855437194437 | [ 7.76 19.5 ] | -0.540218786767027
0.03519972059875709 | [ 6.77 22.76] | -0.27847651213818586
-0.07161836179475908 | [ 5.49 25.59] | -0.020477571060950966
-0.1789822833317829 | [ 3.98 28.02] | 0.2324063349124909
-0.2865960187210166 | [ 2.3  30.11] | 0.4791108713460445
-0.3942783331422868 | [ 0.48 31.9 ] | 0.7052197286847985
-0.49660595909143757 | [-1.78 32.66] | 0.8450608718292617
-0.576491753596964 | [-4.52 31.25] | 0.8819496579574463
-0.6262680289398694 | [-6.72 29.64] | 0.8214385342324584
-0.6490169287111675 | [-8.73 26.73] | 0.6444248663926833
-0.643371146699835 | [-10.69  21.97] | 0.3692548762103795
-0.6061678738224822 | [-12.7   15.74] | 0.06796434160657719
-0.5364664873740688 | [-14.85   8.92] | -0.1735760216365912
-0.4371038897312613 | [-17.08   2.47] | -0.29211658793016926
-0.3149667392795894 | [-19.15  -2.86] | -0.19768375026679808
-0.19289632776240842 | [-17.48  -5.12] | 0.024823318853304764
-0.08216666302231437 | [-16.09  -5.98] | 0.24278476407837563
0.0224812722796842 | [-14.84  -6.34] | 0.46495429838144636
0.12443634357092015 | [-13.58  -6.43] | 0.6861184862896337
0.22590791703834226 | [-12.2   -6.28] | 0.9008536477465006
0.32785933151669916 | [-10.64  -5.9 ] | 1.1037641906490672
0.4304182755311776 | [-8.9  -5.31] | 1.28985238945493
0.5333256600110056 | [-6.99 -4.54] | 1.4549362486771185
0.6361931408115202 | [-4.96 -3.65] | 1.5955484655071706
0.7386084467939947 | [-2.84 -2.66] | 1.7086674052380488
0.8401624869155 | [-0.67 -1.61] | 1.7363928042042298
0.935948272183829 | [ 1.85 -0.76] | 1.3892808447145462
1.0014446017288103 | [ 5.09 -1.36] | 0.7327708259294627
1.0221515742937228 | [ 7.37 -2.91] | -0.05116988439163246
0.9982702737213363 | [ 8.91 -4.41] | -0.9125422040903097
0.9299836080137031 | [10.23 -4.98] | -1.6324837871329936
0.8264534675153821 | [11.44 -3.91] | -2.04836978247814
0.7026872250296762 | [12.08 -1.51] | -2.1580126525100143
0.572880455871032 | [11.82  1.17] | -1.823940734356149
0.45533254953520375 | [9.92 7.18] | -1.3860951909267376
0.34926197397446573 | [ 9.02 11.7 ] | -1.0779592887897356
0.24560877577456974 | [ 8.44 15.79] | -0.8050954554716518
0.1411216622124473 | [ 7.76 19.5 ] | -0.5404387834376757
0.035282991821189325 | [ 6.77 22.76] | -0.2786938550588919
-0.07153491638432607 | [ 5.49 25.59] | -0.020691144485441168
-0.17889865967882956 | [ 3.98 28.02] | 0.23219718225158015
-0.2865121276005817 | [ 2.3  30.11] | 0.47890605838351286
-0.3941939701856969 | [ 0.48 31.9 ] | 0.705031545389223
-0.4965225185314146 | [-1.78 32.66] | 0.8449107625292428
-0.5764094394495951 | [-4.52 31.25] | 0.8818322035110876
-0.6261849096191799 | [-6.72 29.64] | 0.8213343945329823
-0.6489303882209094 | [-8.73 26.73] | 0.6443291459444406
-0.6432779039317265 | [-10.69  21.97] | 0.36918641323848855
-0.6060651300020155 | [-12.7   15.74] | 0.06795831958856371
-0.5363531355244209 | [-14.85   8.92] | -0.17348612993179097
-0.4369810069289767 | [-17.08   2.46] | -0.29192064324492156
-0.3148373092469417 | [-19.15  -2.86] | -0.19743317640576966
-0.19276438984567745 | [-17.48  -5.12] | 0.025070937488422082
-0.082034427850035 | [-16.09  -5.98] | 0.24302313945847193
0.022613381610571675 | [-14.84  -6.34] | 0.46518622840315416
0.12456868373442463 | [-13.58  -6.43] | 0.6863473628741492
0.22604093551881757 | [-12.2   -6.28] | 0.9010808676446852
0.32799336295226755 | [-10.64  -5.9 ] | 1.103989536102546
0.4305535568620429 | [-8.9  -5.31] | 1.2900751741743497
0.5334623982209266 | [-6.99 -4.54] | 1.455155882980209
0.6363315553251611 | [-4.96 -3.64] | 1.5957644235446202
0.7387487796774952 | [-2.84 -2.66] | 1.7088789109804712
0.8403049937890709 | [-0.66 -1.61] | 1.736372999276218
0.9360752641642395 | [ 1.86 -0.76] | 1.3890647791812123
1.0015477829083812 | [ 5.09 -1.36] | 0.7325768018598268
1.022238706918576 | [ 7.37 -2.91] | -0.05136160392328394
0.9983446369962926 | [ 8.91 -4.42] | -0.9127260288717116
0.9300482607094732 | [10.23 -4.98] | -1.6326564897867069
0.8265113785041286 | [11.44 -3.91] | -2.048534008870221
0.7027408679485581 | [12.08 -1.52] | -2.158168043643238
0.5729315172064235 | [11.82  1.17] | -1.8240682331266183
0.4553824430355117 | [9.92 7.18] | -1.3862013136784255
0.34931147032395166 | [ 9.02 11.7 ] | -1.0780599090160519
0.24565814101676972 | [ 8.44 15.79] | -0.805195855273443
0.1411709897674989 | [ 7.75 19.5 ] | -0.5405396649107101
0.03533227083763178 | [ 6.77 22.76] | -0.2787944324801676
-0.07148571495703661 | [ 5.49 25.58] | -0.020790684834106066
-0.17884952054891748 | [ 3.98 28.02] | 0.23209885205928843
-0.2864629618714983 | [ 2.3  30.11] | 0.47880855112525567
-0.39414460698363524 | [ 0.48 31.9 ] | 0.7049395600331703
Total reward: 154.06878868294345
