-2.9, 0.8, -2.9, 0.4, -2.5, 4.8, 4.2, -1.5, -0.6, -3.9, -4.3, 1.9, -3.7, -2.0, 5.8, -2.7, 1.5, -0.9
parameter ends

state | action | reward
[1.55] | 2 | -0.5
1.5168764170705225 | 2 | -0.5
1.541504111845209 | 2 | -0.5
1.6556286961360218 | 2 | -0.5
1.7963009420233762 | 2 | -0.5
2.227822753380985 | 2 | -0.5
3.007754394513071 | 2 | -0.5
5.885330230870662 | 2 | -0.5
7.185722905987471 | 2 | -0.5
7.259633926270825 | 2 | -0.5
7.713028641635322 | 2 | -0.5
3.3976039827283397 | 2 | -0.5
2.560715915834676 | 2 | -0.5
2.149151167692236 | 2 | -0.5
1.9874432234245156 | 2 | -0.5
1.898327873531907 | 2 | -0.5
1.8799810266401562 | 0 | 5.0
1.8785893376335225 | 2 | -0.5
1.962177636652579 | 2 | -0.5
2.0993823736668387 | 2 | -0.5
2.3903817137083667 | 2 | -0.5
2.94466686539262 | 2 | -0.5
4.119398128658225 | 2 | -0.5
5.1184064120408586 | 2 | -0.5
4.945362877837303 | 2 | -0.5
5.0034878535739065 | 2 | -0.5
5.308585172787775 | 2 | -0.5
5.8645625433359925 | 2 | -0.5
1.9839326752057904 | 2 | -0.5
1.7493203471158265 | 2 | -0.5
1.5742982509393901 | 2 | -0.5
1.5066705239065645 | 2 | -0.5
1.5075443159045558 | 2 | -0.5
1.5483449541682208 | 2 | -0.5
1.6446452331098849 | 2 | -0.5
1.8708446472866735 | 2 | -0.5
2.2473385143090017 | 2 | -0.5
3.068460241800724 | 2 | -0.5
4.475000190917849 | 2 | -0.5
6.98772330360147 | 2 | -0.5
6.980336157443828 | 2 | -0.5
7.259828180486313 | 2 | -0.5
3.377550481132526 | 2 | -0.5
2.6640562854188907 | 2 | -0.5
2.1795262589773303 | 2 | -0.5
1.9762002002965584 | 2 | -0.5
1.8936626841837794 | 2 | -0.5
1.8465232965160328 | 2 | -0.5
1.858876072907854 | 2 | -0.5
1.9308653374180895 | 2 | -0.5
2.063009592250927 | 2 | -0.5
2.3021096897947997 | 2 | -0.5
2.759027152655067 | 2 | -0.5
3.9183612868344233 | 2 | -0.5
5.086098771132123 | 2 | -0.5
5.000726067520234 | 2 | -0.5
5.0422015277808265 | 2 | -0.5
5.34544337113184 | 2 | -0.5
5.89771113794351 | 2 | -0.5
2.0851666144152152 | 2 | -0.5
1.8000934418105412 | 2 | -0.5
1.6433126553966961 | 2 | -0.5
1.5436405147973804 | 2 | -0.5
1.5271863096906544 | 2 | -0.5
1.5498742490309554 | 2 | -0.5
1.7053135413944875 | 2 | -0.5
1.9398521577806525 | 2 | -0.5
2.312734203288442 | 2 | -0.5
3.1760520670634866 | 2 | -0.5
5.057318552311014 | 2 | -0.5
6.929767596293074 | 2 | -0.5
6.955117887142406 | 2 | -0.5
7.282353032788488 | 2 | -0.5
3.6248284040997527 | 2 | -0.5
2.802701898356849 | 2 | -0.5
2.424951856870394 | 2 | -0.5
2.15915365025521 | 2 | -0.5
2.0230627687892766 | 2 | -0.5
1.9859956458909653 | 2 | -0.5
1.997930935106123 | 0 | 5.0
1.967527881635212 | 2 | -0.5
2.1346688995384944 | 2 | -0.5
2.356456446874808 | 2 | -0.5
2.785627292511458 | 2 | -0.5
3.858175741293102 | 2 | -0.5
5.450072556220891 | 2 | -0.5
5.2119965594360105 | 2 | -0.5
5.171765563338931 | 2 | -0.5
5.423059937528597 | 2 | -0.5
5.810450939705311 | 2 | -0.5
2.0409500434601178 | 2 | -0.5
1.6905357391917921 | 2 | -0.5
1.493084729588504 | 2 | -0.5
1.3753153229331743 | 2 | -0.5
1.3613236771046384 | 2 | -0.5
1.3522980138642102 | 2 | -0.5
1.4183753341697818 | 2 | -0.5
1.5139052988891384 | 2 | -0.5
1.6422401760928056 | 2 | -0.5
1.905940616807758 | 2 | -0.5
2.5221265808648483 | 2 | -0.5
3.968964700363854 | 2 | -0.5
6.759623108936554 | 2 | -0.5
6.732801337744312 | 2 | -0.5
6.962420145533161 | 2 | -0.5
3.918050074738554 | 2 | -0.5
3.0184349922505835 | 2 | -0.5
2.4472994171508167 | 2 | -0.5
2.1079793949548127 | 2 | -0.5
1.9965551513059074 | 2 | -0.5
1.916094060647509 | 2 | -0.5
2.049253451265575 | 2 | -0.5
2.152624393414082 | 2 | -0.5
2.4393427628913598 | 2 | -0.5
2.9096324387877606 | 2 | -0.5
3.6625482126913083 | 2 | -0.5
5.458985801199579 | 2 | -0.5
5.2364066885784295 | 2 | -0.5
5.174790542313474 | 2 | -0.5
5.319212950961763 | 2 | -0.5
5.584157860914316 | 2 | -0.5
2.47824319380876 | 2 | -0.5
1.9844343540563363 | 2 | -0.5
1.7832387328058583 | 2 | -0.5
1.6672434260475417 | 2 | -0.5
1.5874745979021705 | 2 | -0.5
1.574854751666093 | 2 | -0.5
1.611158202265914 | 2 | -0.5
1.724721136070777 | 2 | -0.5
1.958512098582908 | 2 | -0.5
2.4316990337929827 | 2 | -0.5
3.265063985446563 | 2 | -0.5
5.87091032355309 | 2 | -0.5
6.76602619471664 | 2 | -0.5
6.977741547563908 | 2 | -0.5
3.8801432693708082 | 2 | -0.5
2.8965259758936215 | 2 | -0.5
2.3653656011127273 | 2 | -0.5
2.1001832418861817 | 2 | -0.5
1.8748704967058691 | 2 | -0.5
1.8385696025049036 | 2 | -0.5
1.7840074922286333 | 2 | -0.5
1.8640932632622629 | 2 | -0.5
1.9876034408729417 | 2 | -0.5
2.264587117857826 | 2 | -0.5
2.6224135507567827 | 2 | -0.5
3.228427282357917 | 2 | -0.5
5.337095248290267 | 2 | -0.5
5.143203076475087 | 2 | -0.5
5.139817009375655 | 2 | -0.5
5.2771440451591 | 2 | -0.5
5.671558081812394 | 2 | -0.5
6.217146812998914 | 2 | -0.5
2.1956624368443145 | 2 | -0.5
1.905997052008183 | 2 | -0.5
1.8233136355324908 | 2 | -0.5
1.7439319985113788 | 2 | -0.5
1.72050765412454 | 2 | -0.5
1.7594275166579385 | 2 | -0.5
1.859652611301505 | 2 | -0.5
2.098413868404741 | 2 | -0.5
2.572001487714395 | 2 | -0.5
3.352978459392772 | 2 | -0.5
5.624460603773094 | 2 | -0.5
6.877748295214993 | 2 | -0.5
6.955695366097603 | 2 | -0.5
4.101348136613064 | 2 | -0.5
2.911678532785415 | 2 | -0.5
2.2733269606588022 | 2 | -0.5
1.8993528309358254 | 2 | -0.5
1.71163810534776 | 2 | -0.5
1.6947286306560754 | 2 | -0.5
1.673285757528086 | 2 | -0.5
1.7057437418879422 | 2 | -0.5
1.787382470593598 | 2 | -0.5
1.9694899776852315 | 2 | -0.5
2.2478489499345864 | 2 | -0.5
2.8055566784673207 | 2 | -0.5
3.556428150365569 | 2 | -0.5
5.131974340282245 | 2 | -0.5
5.023292374883419 | 2 | -0.5
5.093845059651756 | 2 | -0.5
5.339948000070829 | 2 | -0.5
5.819612837288322 | 2 | -0.5
2.5712331698716366 | 2 | -0.5
2.179200213910504 | 2 | -0.5
1.986116264721515 | 2 | -0.5
1.8558212932182447 | 2 | -0.5
1.8338141709641178 | 2 | -0.5
1.8544940376556558 | 2 | -0.5
1.970476858312123 | 2 | -0.5
2.1825781095325607 | 2 | -0.5
2.5288968683848645 | 2 | -0.5
3.0726718841199254 | 2 | -0.5
4.629114699996455 | 2 | -0.5
7.11086875050314 | 2 | -0.5
7.025973975713611 | 2 | -0.5
7.114421814007433 | 2 | -0.5
4.05365709816372 | 2 | -0.5
2.7083053459124553 | 2 | -0.5
2.091378260663403 | 2 | -0.5
1.8747278269746035 | 2 | -0.5
1.7100805970671156 | 2 | -0.5
1.6331933305352417 | 2 | -0.5
1.598051517929821 | 2 | -0.5
1.6691908912433029 | 2 | -0.5
1.787164475459011 | 2 | -0.5
1.9905761070006314 | 2 | -0.5
2.313309690223404 | 2 | -0.5
2.918016883870293 | 2 | -0.5
4.278097904452265 | 2 | -0.5
5.0084451817709965 | 2 | -0.5
4.988685710845806 | 2 | -0.5
5.223280070438231 | 2 | -0.5
5.626142667770277 | 2 | -0.5
6.454125041529406 | 2 | -0.5
2.1798893165844277 | 2 | -0.5
1.9611222135103668 | 2 | -0.5
1.8410243287239358 | 2 | -0.5
1.7500247922224403 | 2 | -0.5
1.8166523425969918 | 2 | -0.5
1.8673318294959385 | 2 | -0.5
2.0324448441029985 | 2 | -0.5
2.249464782111398 | 2 | -0.5
2.7168381007481517 | 2 | -0.5
3.7537850957324768 | 2 | -0.5
6.379158794829491 | 2 | -0.5
7.0214650989189025 | 2 | -0.5
7.102137617912174 | 2 | -0.5
7.469507559480306 | 2 | -0.5
3.0293521963170695 | 2 | -0.5
2.397742638833985 | 2 | -0.5
2.026532378867403 | 2 | -0.5
1.8301108976204672 | 2 | -0.5
1.7067162431566203 | 2 | -0.5
1.6685609082684385 | 2 | -0.5
1.6798840708811398 | 2 | -0.5
1.7331162803596172 | 2 | -0.5
1.8570196524755356 | 2 | -0.5
2.119913743912081 | 2 | -0.5
2.645012021442927 | 2 | -0.5
3.83002044556726 | 2 | -0.5
5.026511016429465 | 2 | -0.5
4.841680393017632 | 2 | -0.5
4.916903553623165 | 2 | -0.5
5.320204559529979 | 2 | -0.5
5.928196947009995 | 2 | -0.5
2.2892920487346413 | 2 | -0.5
1.9950972118210253 | 2 | -0.5
1.799402410853484 | 2 | -0.5
1.7179012365419375 | 2 | -0.5
1.6882141995755342 | 2 | -0.5
1.6738021206363363 | 2 | -0.5
1.7949472691390524 | 2 | -0.5
1.93529776779556 | 2 | -0.5
2.2485499331926873 | 2 | -0.5
2.726783754812895 | 2 | -0.5
3.7159079211128505 | 2 | -0.5
6.181007068397749 | 2 | -0.5
7.0498197628209915 | 2 | -0.5
7.1082841022318695 | 2 | -0.5
7.5316407413117235 | 2 | -0.5
3.0107259310336567 | 2 | -0.5
2.4007943214657432 | 2 | -0.5
1.9924050819283063 | 2 | -0.5
1.8362186840620895 | 2 | -0.5
1.7680246476965666 | 2 | -0.5
1.7154051120803326 | 2 | -0.5
1.726410336775115 | 2 | -0.5
1.8282687573420682 | 2 | -0.5
2.039251284894081 | 2 | -0.5
2.335664414719334 | 2 | -0.5
2.985442612936282 | 2 | -0.5
4.445207590257576 | 2 | -0.5
4.902868121158573 | 2 | -0.5
4.830098352983234 | 2 | -0.5
4.95317454375091 | 2 | -0.5
5.391425733391932 | 2 | -0.5
5.92942777610557 | 2 | -0.5
2.227801758858429 | 2 | -0.5
1.960928258176955 | 2 | -0.5
1.8300853056792479 | 2 | -0.5
1.7111348921375458 | 2 | -0.5
1.6988307955087758 | 2 | -0.5
1.7383119976116834 | 2 | -0.5
1.875854501230458 | 2 | -0.5
2.0200100399674525 | 2 | -0.5
2.3359678012421776 | 2 | -0.5
3.1530312854309077 | 2 | -0.5
5.052831537326317 | 2 | -0.5
7.201558238240061 | 2 | -0.5
7.166479629865357 | 2 | -0.5
7.440619537363882 | 2 | -0.5
3.3494594393243884 | 2 | -0.5
2.415544216444942 | 2 | -0.5
2.079727926960545 | 2 | -0.5
1.8882094818387316 | 2 | -0.5
1.7701644192700117 | 2 | -0.5
1.7084873183654443 | 2 | -0.5
1.7066185514213927 | 2 | -0.5
1.821367586933885 | 2 | -0.5
1.903929775246273 | 2 | -0.5
2.181237727029444 | 2 | -0.5
2.4963362805726894 | 2 | -0.5
3.409481777597711 | 2 | -0.5
4.934381232915981 | 2 | -0.5
4.766953839360883 | 2 | -0.5
4.764328826415815 | 2 | -0.5
5.015640555696946 | 2 | -0.5
5.358067159471242 | 2 | -0.5
6.203467710411357 | 2 | -0.5
2.1221905597294004 | 2 | -0.5
1.8584539865267498 | 2 | -0.5
1.7759732918620303 | 2 | -0.5
1.7236908898051515 | 2 | -0.5
1.7469654736135753 | 2 | -0.5
1.8414330392531337 | 2 | -0.5
1.93112340519922 | 2 | -0.5
2.219760379083125 | 2 | -0.5
2.7334545143099334 | 2 | -0.5
3.5804360745052457 | 2 | -0.5
6.356977259566696 | 2 | -0.5
7.0997555160679875 | 2 | -0.5
7.236117553513048 | 2 | -0.5
7.4909945684315 | 2 | -0.5
3.0996983598055357 | 2 | -0.5
2.3613361289819794 | 2 | -0.5
2.0254324588177615 | 2 | -0.5
1.8377375044843967 | 2 | -0.5
1.739464872441155 | 2 | -0.5
1.6884857260129926 | 2 | -0.5
1.7165751631332868 | 2 | -0.5
1.8097038716112979 | 2 | -0.5
2.0552663561077775 | 2 | -0.5
2.330360221367934 | 2 | -0.5
2.845656262924045 | 2 | -0.5
3.8815696462701945 | 2 | -0.5
4.8157367904021475 | 2 | -0.5
4.685877082683303 | 2 | -0.5
4.762290047614318 | 2 | -0.5
5.030417865312085 | 2 | -0.5
5.46871587289214 | 2 | -0.5
2.315698634023826 | 2 | -0.5
2.0264690585594662 | 2 | -0.5
1.8474988419882177 | 2 | -0.5
1.715127043786155 | 2 | -0.5
1.643785492225462 | 2 | -0.5
1.6897360589011323 | 2 | -0.5
1.770700139316213 | 2 | -0.5
1.901332726152974 | 2 | -0.5
2.1809986146430513 | 2 | -0.5
2.619401843503731 | 2 | -0.5
3.748871399883839 | 2 | -0.5
6.187189192924239 | 2 | -0.5
7.233398081500435 | 2 | -0.5
7.2718515107380135 | 2 | -0.5
4.4486841587323065 | 2 | -0.5
3.0806904061237192 | 2 | -0.5
2.3986596710294394 | 2 | -0.5
1.949221329257037 | 2 | -0.5
1.8467666804932783 | 2 | -0.5
1.7592753231240918 | 2 | -0.5
1.749637658363941 | 2 | -0.5
1.8300886110753656 | 2 | -0.5
2.031915847933207 | 2 | -0.5
2.3396942369757108 | 2 | -0.5
2.944773638101917 | 2 | -0.5
4.230365201497588 | 2 | -0.5
4.819037358955025 | 2 | -0.5
4.7523331163498606 | 2 | -0.5
4.896334157444693 | 2 | -0.5
5.253116501881035 | 2 | -0.5
5.87785087076666 | 2 | -0.5
2.1947638006249313 | 2 | -0.5
1.9627165199504872 | 2 | -0.5
1.815993452134967 | 2 | -0.5
1.757219200576861 | 2 | -0.5
1.7742319747308521 | 2 | -0.5
1.8570756423159345 | 2 | -0.5
2.047273080037089 | 2 | -0.5
2.3561288332550627 | 2 | -0.5
3.005554047209836 | 2 | -0.5
4.159998738226261 | 2 | -0.5
7.238705891285079 | 2 | -0.5
7.144315254732531 | 2 | -0.5
7.243104900719251 | 2 | -0.5
4.120115962997906 | 2 | -0.5
2.8364572531364995 | 2 | -0.5
2.2244884285186735 | 2 | -0.5
1.9663025140733252 | 2 | -0.5
1.8812667245372683 | 2 | -0.5
1.7149563910998347 | 2 | -0.5
1.7312609540971529 | 2 | -0.5
1.7761379084620381 | 2 | -0.5
1.8534669371784642 | 2 | -0.5
2.027722104333955 | 2 | -0.5
2.3230139535678465 | 2 | -0.5
2.860679508099897 | 2 | -0.5
4.257513349073208 | 2 | -0.5
4.888372937699164 | 2 | -0.5
4.802485716019128 | 2 | -0.5
4.861210280893197 | 2 | -0.5
5.243120684041309 | 2 | -0.5
5.8334140860506505 | 2 | -0.5
2.3092424832724485 | 2 | -0.5
1.9512826411341215 | 2 | -0.5
1.7741274718914455 | 2 | -0.5
1.7199801528065841 | 2 | -0.5
1.7170567334066673 | 2 | -0.5
1.7867668010997497 | 2 | -0.5
1.930854322032569 | 2 | -0.5
2.142097947418732 | 2 | -0.5
2.5192680056139953 | 2 | -0.5
3.276785969244702 | 2 | -0.5
4.731116952670205 | 2 | -0.5
7.147930536647743 | 2 | -0.5
7.175709979684168 | 2 | -0.5
7.4829041220985095 | 2 | -0.5
3.292899438512007 | 2 | -0.5
2.4837310268127006 | 2 | -0.5
2.0823130000288774 | 2 | -0.5
1.887410816054018 | 2 | -0.5
1.7693669383127641 | 2 | -0.5
1.6260490295112 | 2 | -0.5
1.6986470224090962 | 2 | -0.5
1.732826671162225 | 2 | -0.5
1.909264235345438 | 2 | -0.5
2.201227985650411 | 2 | -0.5
2.6408451998684965 | 2 | -0.5
3.3697268278755588 | 2 | -0.5
4.865537693014944 | 2 | -0.5
4.677468567865465 | 2 | -0.5
4.6984030284592615 | 2 | -0.5
4.935555316961818 | 2 | -0.5
5.365270509343158 | 2 | -0.5
6.0956750553868035 | 2 | -0.5
2.099449351258088 | 2 | -0.5
1.8826348910028243 | 2 | -0.5
1.7911762150244073 | 2 | -0.5
1.6887235600718566 | 2 | -0.5
1.7144337088291763 | 2 | -0.5
1.7026907565339406 | 2 | -0.5
1.8507337437737688 | 2 | -0.5
1.991960364021786 | 2 | -0.5
2.503685292923574 | 2 | -0.5
3.3691933306226103 | 2 | -0.5
5.859545706876645 | 2 | -0.5
7.186428141561692 | 2 | -0.5
7.237533609441747 | 2 | -0.5
7.554166064979377 | 2 | -0.5
3.272856339607656 | 2 | -0.5
2.4916785051202655 | 2 | -0.5
2.0355300983237075 | 2 | -0.5
1.7688890633146406 | 2 | -0.5
1.6875280107714727 | 2 | -0.5
1.6407475331233088 | 2 | -0.5
1.653711631220136 | 2 | -0.5
1.7253193119703387 | 2 | -0.5
1.8902555530969252 | 2 | -0.5
2.1762909080492823 | 2 | -0.5
2.558162756025758 | 2 | -0.5
3.253643733053173 | 2 | -0.5
4.936296357214026 | 2 | -0.5
4.772807002820743 | 2 | -0.5
4.801512090589836 | 2 | -0.5
4.9819734945398855 | 2 | -0.5
5.435123071100664 | 2 | -0.5
6.328019656615895 | 2 | -0.5
2.3101115941357424 | 2 | -0.5
2.0567061995835463 | 2 | -0.5
1.9133385184168583 | 2 | -0.5
1.8593419871654786 | 2 | -0.5
1.8934114116425294 | 2 | -0.5
2.04594460473072 | 2 | -0.5
2.2281926102364014 | 2 | -0.5
2.525466778758099 | 2 | -0.5
2.783087594472629 | 2 | -0.5
3.4662609875462644 | 2 | -0.5
5.159611030143652 | 2 | -0.5
7.28526783280322 | 2 | -0.5
7.280697729821993 | 2 | -0.5
7.47603173243789 | 2 | -0.5
3.4440482864405295 | 2 | -0.5
2.4370005939027366 | 2 | -0.5
2.0342457607114937 | 2 | -0.5
1.838420801840413 | 2 | -0.5
1.652072718192849 | 2 | -0.5
1.5754200374988825 | 2 | -0.5
1.5397453166395536 | 2 | -0.5
1.581564775665895 | 2 | -0.5
1.6606326871658743 | 2 | -0.5
1.8037666430467694 | 2 | -0.5
2.123219684064847 | 2 | -0.5
2.741457621924 | 2 | -0.5
4.194315939875369 | 2 | -0.5
4.732657367757557 | 2 | -0.5
4.671442833996647 | 2 | -0.5
4.817911542560036 | 2 | -0.5
5.11964349547951 | 2 | -0.5
5.829268256455265 | 2 | -0.5
6.9322146042934 | 2 | -0.5
2.24459078931941 | 2 | -0.5
2.0908951354350447 | 2 | -0.5
1.9821852924485344 | 2 | -0.5
1.931392783589839 | 2 | -0.5
2.0063454269049044 | 2 | -0.5
2.12298050733034 | 2 | -0.5
2.2907624057732865 | 2 | -0.5
2.655906913484934 | 2 | -0.5
3.2522188599086044 | 2 | -0.5
4.200836560425223 | 2 | -0.5
6.186550787680342 | 2 | -0.5
7.330557941207483 | 2 | -0.5
7.350037227126039 | 2 | -0.5
7.5564210968928 | 2 | -0.5
3.1731700925242516 | 2 | -0.5
2.3170762908365616 | 2 | -0.5
1.9356753549423107 | 2 | -0.5
1.738427972380182 | 2 | -0.5
1.5617472371652066 | 2 | -0.5
1.5474552602797333 | 2 | -0.5
1.531050956493002 | 2 | -0.5
1.560232549279178 | 2 | -0.5
1.6641020843727055 | 2 | -0.5
1.8949659494523021 | 2 | -0.5
2.3003792227758497 | 2 | -0.5
2.860463304338256 | 2 | -0.5
4.807448030829533 | 2 | -0.5
4.6352232810609 | 2 | -0.5
4.648315901044928 | 2 | -0.5
4.9539190925473156 | 2 | -0.5
5.352366257224172 | 2 | -0.5
6.319666178810229 | 2 | -0.5
2.26813727224521 | 2 | -0.5
1.9786673183274532 | 2 | -0.5
1.9140060793347562 | 2 | -0.5
1.8787625810796347 | 2 | -0.5
1.8714719857067053 | 2 | -0.5
1.9771961622939498 | 2 | -0.5
2.1816366709905783 | 2 | -0.5
2.4374169199501203 | 2 | -0.5
2.9256354133884943 | 2 | -0.5
3.8020922042219976 | 2 | -0.5
5.97115800120176 | 2 | -0.5
7.2503431610788915 | 2 | -0.5
7.227230824427932 | 2 | -0.5
7.4787039298279705 | 2 | -0.5
3.185948920066577 | 2 | -0.5
2.3101258319620945 | 2 | -0.5
1.9376654600400103 | 2 | -0.5
1.7285402451906366 | 2 | -0.5
1.6096170212331875 | 2 | -0.5
1.519915991115812 | 2 | -0.5
1.5369816785262054 | 2 | -0.5
1.6001689559756276 | 2 | -0.5
1.7461305946811856 | 2 | -0.5
2.0346760529122387 | 2 | -0.5
2.4864620215646847 | 2 | -0.5
3.451573526119578 | 2 | -0.5
4.784562135667326 | 2 | -0.5
4.652615926012715 | 2 | -0.5
4.732957126699609 | 2 | -0.5
5.044687159236878 | 2 | -0.5
5.650333577057614 | 2 | -0.5
2.327442892543263 | 2 | -0.5
1.9337333223590651 | 2 | -0.5
1.8295069543921165 | 2 | -0.5
1.7770996183852237 | 2 | -0.5
1.8079694000573308 | 2 | -0.5
1.8768344268173458 | 2 | -0.5
2.1003878776500375 | 2 | -0.5
2.4295168265984164 | 2 | -0.5
2.992827787898727 | 2 | -0.5
4.300158469570684 | 2 | -0.5
7.311785882679637 | 2 | -0.5
7.136987776237157 | 2 | -0.5
7.347446312598851 | 2 | -0.5
3.194252391749263 | 2 | -0.5
2.3655291021132445 | 2 | -0.5
1.997595265926896 | 2 | -0.5
1.8297375650301224 | 2 | -0.5
1.664609518669533 | 2 | -0.5
1.623251196342886 | 2 | -0.5
1.6407409483224829 | 2 | -0.5
1.6195116256718003 | 2 | -0.5
1.7205767491365742 | 2 | -0.5
2.0047952525106836 | 2 | -0.5
2.3233040894576913 | 2 | -0.5
3.1709399335809447 | 2 | -0.5
4.81992641289706 | 2 | -0.5
4.796278603496029 | 2 | -0.5
4.765521715131394 | 2 | -0.5
4.946372170684498 | 2 | -0.5
5.180707446985025 | 2 | -0.5
6.139867235731044 | 2 | -0.5
2.1343057100236136 | 2 | -0.5
1.9085565068282846 | 2 | -0.5
1.7989745754520619 | 2 | -0.5
1.718837660053388 | 2 | -0.5
1.7574021398794093 | 2 | -0.5
1.8562242362365724 | 2 | -0.5
2.014507007779854 | 2 | -0.5
2.397167713342177 | 2 | -0.5
2.984335726048785 | 2 | -0.5
4.125820041926291 | 2 | -0.5
7.143560055281883 | 2 | -0.5
7.118001129022441 | 2 | -0.5
7.172272178438239 | 2 | -0.5
7.448703861692481 | 2 | -0.5
3.1909451981178063 | 2 | -0.5
2.4959682287449607 | 2 | -0.5
2.0974694120053403 | 2 | -0.5
1.864276520118674 | 2 | -0.5
1.7697701361978888 | 2 | -0.5
1.6991856957837563 | 2 | -0.5
1.7087827702537375 | 2 | -0.5
1.8165519976650086 | 2 | -0.5
1.9566061881048777 | 2 | -0.5
2.1659322297723853 | 2 | -0.5
2.68535421913004 | 2 | -0.5
3.476330237989068 | 2 | -0.5
5.007834455105187 | 2 | -0.5
4.865478039440069 | 2 | -0.5
4.823913322263277 | 2 | -0.5
5.006718798839643 | 2 | -0.5
5.476351766596637 | 2 | -0.5
6.101958149159148 | 2 | -0.5
2.1940410766068026 | 2 | -0.5
1.9223731130009891 | 2 | -0.5
1.7699003783091738 | 2 | -0.5
1.7123570789588083 | 2 | -0.5
1.7491211011006649 | 2 | -0.5
1.864777185787804 | 2 | -0.5
2.0399523761009606 | 2 | -0.5
2.4200916355709197 | 2 | -0.5
3.076895834568338 | 2 | -0.5
4.633774898590737 | 2 | -0.5
7.233731388304224 | 2 | -0.5
7.118337149780716 | 2 | -0.5
7.234207549039659 | 2 | -0.5
4.093618746965906 | 2 | -0.5
2.876624649086358 | 2 | -0.5
2.2466180715813833 | 2 | -0.5
1.9285278106462775 | 2 | -0.5
1.6814323255819015 | 2 | -0.5
1.6555378493481583 | 2 | -0.5
1.6466442982036429 | 2 | -0.5
1.6908956265411703 | 2 | -0.5
1.7362404307615147 | 2 | -0.5
1.9383776241999475 | 2 | -0.5
2.2590688098433915 | 2 | -0.5
2.932382216469154 | 2 | -0.5
4.197793300424789 | 2 | -0.5
4.877260489223433 | 2 | -0.5
4.766397666523663 | 2 | -0.5
4.8743526442279785 | 2 | -0.5
5.292788674992496 | 2 | -0.5
5.880777715818476 | 2 | -0.5
2.22940992389015 | 2 | -0.5
1.9323029451086107 | 2 | -0.5
1.7873916180557832 | 2 | -0.5
1.7004926445258388 | 2 | -0.5
1.7738893770460231 | 2 | -0.5
1.7773588247495293 | 2 | -0.5
1.8644326151298525 | 2 | -0.5
2.1087763910912787 | 2 | -0.5
2.537734218372779 | 2 | -0.5
3.2909822798688286 | 2 | -0.5
5.297414627634948 | 2 | -0.5
7.22582470210312 | 2 | -0.5
7.2261747502270435 | 2 | -0.5
7.592263601227644 | 2 | -0.5
3.162378030245046 | 2 | -0.5
2.3854634376573576 | 2 | -0.5
2.0279526765817146 | 2 | -0.5
1.8170535694318795 | 2 | -0.5
1.7147257062752468 | 2 | -0.5
1.6370726763660672 | 2 | -0.5
1.6980798585468122 | 2 | -0.5
1.8228702131721022 | 2 | -0.5
1.952128466098355 | 2 | -0.5
2.298166461592147 | 2 | -0.5
2.7553616787204698 | 2 | -0.5
3.9802543069583955 | 2 | -0.5
4.724266925961564 | 2 | -0.5
4.5906677728796295 | 2 | -0.5
4.67380635617204 | 2 | -0.5
4.891950972517686 | 2 | -0.5
5.42748942515848 | 2 | -0.5
6.341602796295332 | 2 | -0.5
2.017355488946007 | 2 | -0.5
1.8239096050315227 | 2 | -0.5
1.7219287360827087 | 2 | -0.5
1.6797699667143664 | 2 | -0.5
1.787444458212891 | 2 | -0.5
1.8416771722271834 | 2 | -0.5
2.111199420060344 | 2 | -0.5
2.41331433023574 | 2 | -0.5
3.154330544161953 | 2 | -0.5
4.765121817582425 | 2 | -0.5
7.339954100934108 | 2 | -0.5
7.296543467358842 | 2 | -0.5
7.531636127610874 | 2 | -0.5
3.639491030199708 | 2 | -0.5
2.709206144418212 | 2 | -0.5
2.2548327643044312 | 2 | -0.5
2.0123451693522956 | 2 | -0.5
1.8308382835994055 | 2 | -0.5
1.7652398806594474 | 2 | -0.5
1.795175995773326 | 2 | -0.5
1.8674507520909975 | 2 | -0.5
1.9899879299095113 | 2 | -0.5
2.3133788007838927 | 2 | -0.5
2.8344291200603733 | 2 | -0.5
3.791399769181929 | 2 | -0.5
4.75945727674465 | 2 | -0.5
4.587293779771868 | 2 | -0.5
4.664522688566128 | 2 | -0.5
4.9282370375175315 | 2 | -0.5
5.603194965243654 | 2 | -0.5
2.0912267743656727 | 2 | -0.5
1.7999986698070933 | 2 | -0.5
1.6421318279450419 | 2 | -0.5
1.6006807306422444 | 2 | -0.5
1.6162925700758095 | 2 | -0.5
1.6917419268087006 | 2 | -0.5
1.8647323657365213 | 2 | -0.5
2.1436416988443336 | 2 | -0.5
2.6335346118454255 | 2 | -0.5
3.5428305345495894 | 2 | -0.5
5.606608827193727 | 2 | -0.5
7.35238384005083 | 2 | -0.5
7.29945156141521 | 2 | -0.5
7.571985333882135 | 2 | -0.5
3.2500861851711575 | 2 | -0.5
2.4023783107380297 | 2 | -0.5
1.9211037750681337 | 2 | -0.5
1.8490191535132503 | 2 | -0.5
1.711347701854415 | 2 | -0.5
1.7159091789905634 | 2 | -0.5
1.7371640230527212 | 2 | -0.5
1.8276900454926508 | 2 | -0.5
2.0925320583883993 | 2 | -0.5
2.5571873104350633 | 2 | -0.5
3.2165318656708437 | 2 | -0.5
4.789613273362704 | 2 | -0.5
4.551786588020694 | 2 | -0.5
4.542579899010912 | 2 | -0.5
4.693016949836809 | 2 | -0.5
5.16620188413927 | 2 | -0.5
6.1421915118836 | 2 | -0.5
1.9304778713452833 | 2 | -0.5
1.7490199886475262 | 2 | -0.5
1.6321524558115927 | 2 | -0.5
1.6218680555619818 | 2 | -0.5
1.6112488874801971 | 2 | -0.5
1.7526902842065242 | 2 | -0.5
1.945127724538006 | 2 | -0.5
2.251673047778426 | 2 | -0.5
2.929041600682435 | 2 | -0.5
4.403938309720744 | 2 | -0.5
7.4354412137334265 | 2 | -0.5
7.35216397494684 | 2 | -0.5
7.472980457255435 | 2 | -0.5
4.218206773067914 | 2 | -0.5
2.9457212473501224 | 2 | -0.5
2.370826797697947 | 2 | -0.5
2.088101318209937 | 2 | -0.5
1.91259994425843 | 2 | -0.5
1.8018291784494933 | 2 | -0.5
1.8036241473431636 | 0 | 5.0
1.8037328013445655 | 2 | -0.5
1.8166207015553342 | 2 | -0.5
1.8910210906604925 | 2 | -0.5
2.146563017410971 | 2 | -0.5
2.508890342097929 | 2 | -0.5
3.501384527544451 | 2 | -0.5
4.986668273353687 | 2 | -0.5
4.7606771610147485 | 2 | -0.5
4.728714918760674 | 2 | -0.5
4.879948798862419 | 2 | -0.5
5.108830971757057 | 2 | -0.5
5.624063420881131 | 2 | -0.5
2.2364001977108217 | 2 | -0.5
1.9132225122416715 | 2 | -0.5
1.7484671716081936 | 2 | -0.5
1.692512554898594 | 2 | -0.5
1.6346413188578972 | 2 | -0.5
1.6327798218767935 | 2 | -0.5
1.7325920529673535 | 2 | -0.5
1.8942351441545322 | 2 | -0.5
2.1323440959186613 | 2 | -0.5
2.565978838127554 | 2 | -0.5
3.2612989973026023 | 2 | -0.5
5.072860091625323 | 2 | -0.5
7.234565342116916 | 2 | -0.5
7.24848941296848 | 2 | -0.5
7.459790443617122 | 2 | -0.5
3.68048702941121 | 2 | -0.5
2.706676748485463 | 2 | -0.5
2.203548506057374 | 2 | -0.5
1.9405023403300927 | 2 | -0.5
1.8057289645823333 | 2 | -0.5
1.759106952351293 | 2 | -0.5
1.7405178315117358 | 2 | -0.5
1.8205429278380694 | 2 | -0.5
1.993929672188624 | 2 | -0.5
2.166184321932885 | 2 | -0.5
2.642707090543545 | 2 | -0.5
3.592991645145038 | 2 | -0.5
4.7650072734750255 | 2 | -0.5
4.648506808019421 | 2 | -0.5
4.7036096649378445 | 2 | -0.5
4.888345972671627 | 2 | -0.5
5.374841227110396 | 2 | -0.5
6.1846468731335245 | 2 | -0.5
2.0078564353016373 | 2 | -0.5
1.8396601583565475 | 2 | -0.5
1.7138877354380095 | 2 | -0.5
1.6673688293387128 | 2 | -0.5
1.6351058217403205 | 2 | -0.5
1.6758411137756288 | 2 | -0.5
1.8147583707628179 | 2 | -0.5
1.9802147574019886 | 2 | -0.5
2.3246730694005393 | 2 | -0.5
2.811449039725857 | 2 | -0.5
3.84328832149959 | 2 | -0.5
6.650304562376632 | 2 | -0.5
7.314744066713639 | 2 | -0.5
7.353668248066305 | 2 | -0.5
7.746191171046095 | 2 | -0.5
3.4847634672245733 | 2 | -0.5
2.6548160672331234 | 2 | -0.5
2.262208465108685 | 2 | -0.5
1.9580110920574891 | 2 | -0.5
1.8091139228284436 | 2 | -0.5
1.816267061275971 | 2 | -0.5
1.8353197942530615 | 2 | -0.5
1.9067634750723959 | 2 | -0.5
2.0592282815650056 | 2 | -0.5
2.3903703956587723 | 2 | -0.5
3.068475935786619 | 2 | -0.5
4.704863151343114 | 2 | -0.5
4.631208621489505 | 2 | -0.5
4.554622446781566 | 2 | -0.5
4.676559022364949 | 2 | -0.5
4.926447752809195 | 2 | -0.5
5.648029780852416 | 2 | -0.5
2.0456599940268645 | 2 | -0.5
1.7871172466671459 | 2 | -0.5
1.603925129398603 | 2 | -0.5
1.5927803150788447 | 2 | -0.5
1.5919016203022915 | 2 | -0.5
1.6289631419459922 | 2 | -0.5
1.7693782107019738 | 2 | -0.5
2.097518063733725 | 2 | -0.5
2.579072100017416 | 2 | -0.5
3.602565037592843 | 2 | -0.5
6.347580414628887 | 2 | -0.5
7.27725632506641 | 2 | -0.5
7.415260779055568 | 2 | -0.5
4.5257862670940865 | 2 | -0.5
3.034597449090866 | 2 | -0.5
2.452860237211836 | 2 | -0.5
2.0774627332071187 | 2 | -0.5
1.9085554915116993 | 2 | -0.5
1.8368189680121043 | 2 | -0.5
1.8119815248237325 | 2 | -0.5
1.8121408336092248 | 2 | -0.5
1.9575773972156902 | 2 | -0.5
2.167799642971143 | 2 | -0.5
2.4307002034723606 | 2 | -0.5
3.140912639814883 | 2 | -0.5
4.543073604651252 | 2 | -0.5
4.745554740819658 | 2 | -0.5
4.658349022437933 | 2 | -0.5
4.691790852032419 | 2 | -0.5
4.82819701727549 | 2 | -0.5
5.25074957124991 | 2 | -0.5
5.937404555792201 | 2 | -0.5
1.9245018317235463 | 2 | -0.5
1.7258614701174952 | 2 | -0.5
1.6505374175981622 | 2 | -0.5
1.641018432954779 | 2 | -0.5
1.5817103406349002 | 2 | -0.5
1.7302815313952913 | 2 | -0.5
1.8745660048602293 | 2 | -0.5
2.196790010810125 | 2 | -0.5
2.8018705975366323 | 2 | -0.5
4.1182796977265355 | 2 | -0.5
7.361350143867829 | 2 | -0.5
7.278292405905839 | 2 | -0.5
7.6498033636106815 | 2 | -0.5
3.5645195115815524 | 2 | -0.5
2.6412636253952826 | 2 | -0.5
2.211442775975806 | 2 | -0.5
1.955646236290005 | 2 | -0.5
1.8318761760283904 | 2 | -0.5
1.8024748627984135 | 2 | -0.5
1.815075040340978 | 2 | -0.5
1.8921058570494746 | 2 | -0.5
2.0269878948618962 | 2 | -0.5
2.328845459851665 | 2 | -0.5
2.779812417284336 | 2 | -0.5
3.8967258021857645 | 2 | -0.5
4.836967173978052 | 2 | -0.5
4.695857108026569 | 2 | -0.5
4.73361506930332 | 2 | -0.5
4.981254745488306 | 2 | -0.5
5.535822373599402 | 2 | -0.5
2.233833747272366 | 2 | -0.5
1.9463731619680653 | 2 | -0.5
1.7229198579186495 | 2 | -0.5
1.6546647151369578 | 2 | -0.5
1.595781089448661 | 2 | -0.5
1.681268380290322 | 2 | -0.5
1.7626187996994762 | 2 | -0.5
1.9618056029064748 | 2 | -0.5
2.243259559695915 | 2 | -0.5
2.8483450997263517 | 2 | -0.5
3.7756167410381996 | 2 | -0.5
7.3215805242306695 | 2 | -0.5
7.216222888204476 | 2 | -0.5
7.383261482937709 | 2 | -0.5
4.071877824097544 | 2 | -0.5
2.8664534573803957 | 2 | -0.5
2.3952785700644115 | 2 | -0.5
2.0680678870139015 | 2 | -0.5
1.903809474063467 | 2 | -0.5
1.8110867719586323 | 2 | -0.5
1.8274375437967956 | 2 | -0.5
1.9110653368583468 | 2 | -0.5
2.089348616729083 | 2 | -0.5
2.4198910022186544 | 2 | -0.5
2.8743791951866604 | 2 | -0.5
3.9809480720280277 | 2 | -0.5
4.8042033706040534 | 2 | -0.5
4.618373034119253 | 2 | -0.5
4.654290512520894 | 2 | -0.5
4.884380079840711 | 2 | -0.5
5.29020942713258 | 2 | -0.5
6.03556540330229 | 2 | -0.5
1.8860239581204916 | 2 | -0.5
1.7301236578059158 | 2 | -0.5
1.617641853111334 | 2 | -0.5
1.575575287618496 | 2 | -0.5
1.6011468958622914 | 2 | -0.5
1.6568819967903181 | 2 | -0.5
1.7635829076389768 | 2 | -0.5
2.03609580523856 | 2 | -0.5
2.493323043227017 | 2 | -0.5
3.344431470145238 | 2 | -0.5
6.151002859872019 | 2 | -0.5
7.339358172275086 | 2 | -0.5
7.447053371670126 | 2 | -0.5
7.832929042808924 | 2 | -0.5
3.285134905782372 | 2 | -0.5
2.624993056967903 | 2 | -0.5
2.329107252626911 | 2 | -0.5
2.090213274083653 | 2 | -0.5
1.9896854026367665 | 2 | -0.5
1.9354367865623523 | 0 | 5.0
1.9530610208117214 | 0 | 5.0
1.9433435065208153 | 2 | -0.5
2.000346716398667 | 2 | -0.5
2.094940590037978 | 2 | -0.5
2.3204061189953826 | 2 | -0.5
2.7522722537461846 | 2 | -0.5
3.684760652438916 | 2 | -0.5
5.178478787064246 | 2 | -0.5
4.949909459236785 | 2 | -0.5
4.918314673567337 | 2 | -0.5
5.092509023834177 | 2 | -0.5
5.5363113533163455 | 2 | -0.5
1.9975124393293946 | 2 | -0.5
1.634490910980616 | 2 | -0.5
1.4952605381614632 | 2 | -0.5
1.3900083807626875 | 2 | -0.5
1.3791389442921445 | 2 | -0.5
1.3670334291236854 | 2 | -0.5
1.4124416030846443 | 2 | -0.5
1.5171257726352299 | 2 | -0.5
1.7214296087291912 | 2 | -0.5
2.0674437995450092 | 2 | -0.5
2.797206125241812 | 2 | -0.5
4.4722146345458285 | 2 | -0.5
7.010642970363107 | 2 | -0.5
7.001191562954866 | 2 | -0.5
7.304432503422631 | 2 | -0.5
3.8973194747350757 | 2 | -0.5
2.958656294849652 | 2 | -0.5
2.354187039286115 | 2 | -0.5
2.180911176629547 | 2 | -0.5
2.0308069130559105 | 2 | -0.5
2.052110721657515 | 0 | 5.0
2.0486626493945708 | 2 | -0.5
2.0826676752887052 | 0 | 5.0
2.034870276613456 | 2 | -0.5
2.104673800275692 | 2 | -0.5
2.285222119084121 | 2 | -0.5
Total reward: -461.5
