0.0, -2.0, 2.0, -2.0, -2.0, 3.0, 3.0, -1.0, 2.0, -1.0, 6.0, -2.0, 5.0, -1.0, -1.0, 7.0, -3.0, -3.0
parameter ends

state | action | reward
[2.56] | 1 | -0.5
1.9007958772587497 | 1 | -0.5
1.6494484102750144 | 1 | -0.5
1.4573205660361528 | 0 | 5.0
1.4265253179647237 | 0 | 5.0
1.365132320480433 | 1 | -0.5
1.2960106447171122 | 0 | 5.0
1.259233271210731 | 0 | 5.0
1.2758627265839078 | 0 | 5.0
1.237283341999871 | 0 | 5.0
1.2335491283233457 | 0 | 5.0
1.24488702773148 | 1 | -0.5
1.2728097172790924 | 0 | 5.0
1.2697916692011901 | 0 | 5.0
1.3104411014611024 | 0 | 5.0
1.3252412681939878 | 1 | -0.5
1.4080700534429207 | 0 | 5.0
1.460556791086888 | 0 | 5.0
1.5138337415855851 | 1 | -0.5
1.7166742989887125 | 0 | 5.0
1.774070695573786 | 0 | 5.0
1.8714338413586438 | 1 | -0.5
2.0689136137671555 | 0 | 5.0
2.2957997126358833 | 1 | -0.5
2.877423571636938 | 0 | 5.0
3.102014044150199 | 0 | 5.0
3.291566350914759 | 0 | 5.0
3.530615047983495 | 0 | 5.0
3.40604539835726 | 1 | -0.5
2.860739868427452 | 0 | 5.0
2.814512987002925 | 0 | 5.0
2.704647416284625 | 0 | 5.0
2.6157610582076543 | 0 | 5.0
2.510426017438774 | 0 | 5.0
2.41324505218521 | 0 | 5.0
2.2761888576004043 | 0 | 5.0
2.1194895280887027 | 1 | -0.5
1.902945437493797 | 0 | 5.0
1.8211780075255815 | 0 | 5.0
1.7188338617006034 | 0 | 5.0
1.644917748636346 | 0 | 5.0
1.6243615541241647 | 0 | 5.0
1.497677501763508 | 0 | 5.0
1.4362172199597016 | 0 | 5.0
1.3515940568031093 | 0 | 5.0
1.2975498686912368 | 0 | 5.0
1.2183005038578623 | 0 | 5.0
1.1796317231450089 | 0 | 5.0
1.1237493545969828 | 0 | 5.0
1.0016437405703567 | 0 | 5.0
0.971705066805328 | 1 | -0.5
0.8901279892674162 | 0 | 5.0
0.8658000362864481 | 0 | 5.0
0.8372819139331494 | 0 | 5.0
0.8338142290677062 | 0 | 5.0
0.7344289249218939 | 0 | 5.0
0.7136368224047726 | 0 | 5.0
0.6929297501574051 | 0 | 5.0
0.6747887987320749 | 0 | 5.0
0.6181649052764975 | 0 | 5.0
0.6395930879431071 | 0 | 5.0
0.5956541325172584 | 0 | 5.0
0.5248399914651296 | 0 | 5.0
0.47868321742452924 | 0 | 5.0
0.47967789753465495 | 0 | 5.0
0.4065652929545609 | 0 | -200.0
Total reward: 59.0
