-1.6, -4.5, 4.0, -2.8, -2.2, -2.6, -4.5, 2.3, 2.3, -1.2, 0.2, 0.0, 1.1, -0.8, -2.3, 5.8, 0.4, 2.2
parameter ends

state | action | reward
[9.98] | 2 | -0.5
6.28621767999898 | 2 | -0.5
3.2935527878720485 | 2 | -0.5
2.4812444513589393 | 2 | -0.5
2.080900864386115 | 2 | -0.5
1.861479438800938 | 2 | -0.5
1.7635959003047446 | 2 | -0.5
1.7248335176826124 | 2 | -0.5
1.6860531709213216 | 2 | -0.5
1.784633585730065 | 2 | -0.5
1.892333621670006 | 2 | -0.5
2.1084525242605308 | 2 | -0.5
2.319624129128208 | 2 | -0.5
2.0456608723366276 | 2 | -0.5
1.8574670890859477 | 2 | -0.5
1.8506803491555388 | 0 | 5.0
1.8742182906620033 | 0 | 5.0
1.8862772577757307 | 0 | 5.0
1.8320604717165692 | 0 | 5.0
1.8593890851081036 | 0 | 5.0
1.8971524138303408 | 0 | -200.0
Total reward: -182.5
