5.0, 0.0, 4.0
parameter ends

state | action | reward
[-0.51] | [1.46] | -0.21182080423669483
-0.5075287818908691 | [1.46] | -0.213848533555597
-0.5047593116760254 | [1.48] | -0.2179176601050358
-0.5006310939788818 | [1.5] | -0.2240543547307027
-0.49517497420310974 | [1.52] | -0.23229574088018703
-0.48843178153038025 | [1.56] | -0.24268688690083176
-0.4804518520832062 | [1.6] | -0.2552775470926329
-0.4712946116924286 | [1.64] | -0.2701180807560783
-0.4610280394554138 | [1.69] | -0.28725497508860126
-0.44972801208496094 | [1.75] | -0.3067261637948832
-0.4374774992465973 | [1.81] | -0.3285564088812522
-0.42436572909355164 | [1.88] | -0.35275276369854763
-0.41048726439476013 | [1.95] | -0.3793004279966938
-0.3959409296512604 | [2.02] | -0.4081593308277193
-0.3808287978172302 | [2.1] | -0.4392612418483712
-0.3652549982070923 | [2.17] | -0.47250804145978836
-0.34932461380958557 | [2.25] | -0.507770759294698
-0.33314254879951477 | [2.33] | -0.5448896993535336
-0.3168124556541443 | [2.42] | -0.5836755075274457
-0.3004356920719147 | [2.5] | -0.6239112443891672
-0.2841103971004486 | [2.58] | -0.6653552059496421
-0.26793065667152405 | [2.66] | -0.7077444652749891
-0.2519858777523041 | [2.74] | -0.7507986954572816
-0.23636013269424438 | [2.82] | -0.7942247500411246
-0.22113178670406342 | [2.89] | -0.8377210209110748
-0.2063732147216797 | [2.97] | -0.8809819004996826
-0.19215060770511627 | [3.04] | -0.9237022092831486
-0.17852401733398438 | [3.11] | -0.9655809925767245
-0.16554735600948334 | [3.17] | -1.0063253936663932
-0.15326866507530212 | [3.23] | -1.0456535489337042
-0.14173032343387604 | [3.29] | -1.0832974177161736
-0.13096939027309418 | [3.35] | -1.1190048918788884
-0.1210179477930069 | [3.39] | -1.1525415680480497
-0.11190354824066162 | [3.44] | -1.1836918173094788
-0.10364959388971329 | [3.48] | -1.2122597202249032
-0.09627574682235718 | [3.52] | -1.238069561276078
-0.08979834616184235 | [3.55] | -1.2609659727861358
-0.08423077315092087 | [3.58] | -1.2808139652603214
-0.07958380877971649 | [3.6] | -1.2974987214308502
-0.07586593180894852 | [3.62] | -1.310925371787306
-0.07308357954025269 | [3.63] | -1.3210187058350304
-0.07124137878417969 | [3.64] | -1.3277228199909588
-0.0703423023223877 | [3.65] | -1.3310008894504848
-0.07038776576519012 | [3.65] | -1.3308350308627777
-0.071377694606781 | [3.64] | -1.3272261597913233
-0.07331052422523499 | [3.63] | -1.320193985504507
-0.07618314027786255 | [3.62] | -1.309777116045041
-0.07999074459075928 | [3.6] | -1.2960333196874232
-0.0847267135977745 | [3.58] | -1.2790396856016004
-0.09038235247135162 | [3.55] | -1.2588930142102326
-0.09694665670394897 | [3.52] | -1.2357100087993875
-0.1044059619307518 | [3.48] | -1.209627664493707
-0.11274363845586777 | [3.44] | -1.1808032662071974
-0.12193967401981354 | [3.39] | -1.1494145141708918
-0.13197028636932373 | [3.34] | -1.1156592457337084
-0.1428075134754181 | [3.29] | -1.0797549108609068
-0.15441879630088806 | [3.23] | -1.0419377264239855
-0.16676658391952515 | [3.17] | -1.0024613981023696
-0.17980796098709106 | [3.1] | -0.961595413137474
-0.19349434971809387 | [3.03] | -0.9196227595596945
-0.20777124166488647 | [2.96] | -0.8768372554978758
-0.2225780040025711 | [2.89] | -0.833540403654137
-0.23784783482551575 | [2.81] | -0.7900376420259017
-0.2535077929496765 | [2.73] | -0.7466343309168342
-0.2694789171218872 | [2.65] | -0.7036315484454136
-0.28567662835121155 | [2.57] | -0.6613213265604445
-0.30201104283332825 | [2.49] | -0.6199825036498732
-0.3183876574039459 | [2.41] | -0.5798761213521474
-0.33470794558525085 | [2.33] | -0.5412417397537447
-0.3508703112602234 | [2.25] | -0.5042936932687215
-0.3667709231376648 | [2.17] | -0.4692185825974779
-0.382304847240448 | [2.09] | -0.43617310159706374
-0.39736703038215637 | [2.01] | -0.4052832705582085
-0.41185346245765686 | [1.94] | -0.376644336515274
-0.42566239833831787 | [1.87] | -0.35032160004455054
-0.4386953115463257 | [1.81] | -0.3263526947465167
-0.45085814595222473 | [1.75] | -0.30475008561979505
-0.46206220984458923 | [1.69] | -0.28550487503780614
-0.4722251892089844 | [1.64] | -0.26859081647271527
-0.4812719523906708 | [1.59] | -0.2539689208321371
-0.4891352951526642 | [1.55] | -0.24159216179955303
-0.4957566559314728 | [1.52] | -0.2314100310250006
-0.5010865926742554 | [1.49] | -0.2233730626977163
-0.5050852298736572 | [1.47] | -0.217436804096684
-0.5077226758003235 | [1.46] | -0.21356508560330703
-0.5089791417121887 | [1.46] | -0.21173284989643584
-0.5088452100753784 | [1.46] | -0.21192777924012632
-0.5073218941688538 | [1.46] | -0.2141511840822691
-0.5044206380844116 | [1.48] | -0.21841789797606595
-0.5001631379127502 | [1.5] | -0.22475535966582108
-0.4945812225341797 | [1.53] | -0.23320157407179068
-0.4877166748046875 | [1.56] | -0.24380218798760325
-0.47962072491645813 | [1.6] | -0.2566071997576395
-0.4703536629676819 | [1.65] | -0.2716667687970617
-0.4599842429161072 | [1.7] | -0.28902678766333206
-0.448589026927948 | [1.76] | -0.3087241799886162
-0.4362516403198242 | [1.82] | -0.33078217292504636
-0.42306190729141235 | [1.88] | -0.35520581433696957
-0.409114807844162 | [1.95] | -0.38197808361676605
-0.39450955390930176 | [2.03] | -0.4110562546770837
-0.3793484568595886 | [2.1] | -0.44236930186602347
-0.36373579502105713 | [2.18] | -0.47581614136477274
-0.3477766513824463 | [2.26] | -0.5112648925871838
-0.331575870513916 | [2.34] | -0.5485529127119889
-0.3152369260787964 | [2.42] | -0.5874880945938358
-0.29886090755462646 | [2.51] | -0.6278509749424317
-0.2825455963611603 | [2.59] | -0.6693976496130682
-0.26638466119766235 | [2.67] | -0.7118633245128341
-0.2504670023918152 | [2.75] | -0.7549662886505932
-0.23487618565559387 | [2.83] | -0.7984123138479271
-0.2196900099515915 | [2.9] | -0.8418992113749599
-0.20498023927211761 | [2.98] | -0.885121289141666
-0.19081248342990875 | [3.05] | -0.927773575862088
-0.17724618315696716 | [3.11] | -0.9695557909814142
-0.16433469951152802 | [3.18] | -1.0101759356127484
-0.1521255075931549 | [3.24] | -1.049353394778568
-0.14066044986248016 | [3.3] | -1.0868216059388676
-0.1299760937690735 | [3.35] | -1.1223300873023736
-0.12010407447814941 | [3.4] | -1.1556461738530346
-0.11107152700424194 | [3.44] | -1.1865561022606674
-0.10290146619081497 | [3.49] | -1.2148659145972889
-0.09561322629451752 | [3.52] | -1.2404018174280464
-0.08922284096479416 | [3.55] | -1.2630104245153957
-0.08374343067407608 | [3.58] | -1.2825586827563553
-0.07918553799390793 | [3.6] | -1.2989337215928298
-0.07555744051933289 | [3.62] | -1.3120425549672499
-0.07286538928747177 | [3.64] | -1.32181185524015
-0.07111384719610214 | [3.64] | -1.328187559373168
-0.07030562311410904 | [3.65] | -1.3311347091472219
-0.07044199854135513 | [3.65] | -1.3306371937308303
-0.07152275741100311 | [3.64] | -1.3266977324251705
-0.07354618608951569 | [3.63] | -1.3193378593627214
-0.0765090137720108 | [3.62] | -1.3085980178828711
-0.08040627837181091 | [3.6] | -1.2945378105167693
-0.08523116260766983 | [3.57] | -1.2772362272679585
-0.09097476303577423 | [3.55] | -1.2567919666304412
-0.09762582927942276 | [3.51] | -1.2333236892385466
-0.10517044365406036 | [3.47] | -1.2069702809297382
-0.11359164863824844 | [3.43] | -1.1778910620478944
-0.1228690966963768 | [3.39] | -1.146265650521952
-0.132978618144989 | [3.34] | -1.112293809629421
-0.1438918262720108 | [3.28] | -1.076194839081693
-0.155575692653656 | [3.22] | -1.0382067197470382
-0.16799217462539673 | [3.16] | -0.9985847283368376
-0.1810978353023529 | [3.09] | -0.9575997236685837
-0.19484351575374603 | [3.03] | -0.9155359260632165
-0.20917412638664246 | [2.95] | -0.8726880323274678
-0.22402845323085785 | [2.88] | -0.8293580567190952
-0.23933909833431244 | [2.8] | -0.7858516166414544
-0.2550325095653534 | [2.72] | -0.7424739140765917
-0.27102920413017273 | [2.64] | -0.6995252572078963
-0.28724405169487 | [2.56] | -0.657296656305733
-0.3035867214202881 | [2.48] | -0.6160653578756468
-0.3199622333049774 | [2.4] | -0.5760906436338623
-0.3362717926502228 | [2.32] | -0.5376096257295949
-0.35241350531578064 | [2.24] | -0.5008341755592668
-0.3682834208011627 | [2.16] | -0.4659480118878649
-0.3837765157222748 | [2.08] | -0.43310497216072447
-0.3987877666950226 | [2.01] | -0.4024281403839191
-0.4132134020328522 | [1.93] | -0.37400968091750014
-0.4269518554210663 | [1.87] | -0.3479122954344626
-0.439905047416687 | [1.8] | -0.3241709371899461
-0.4519793689250946 | [1.74] | -0.30279589913443855
-0.46308672428131104 | [1.68] | -0.28377638838874336
-0.47314542531967163 | [1.63] | -0.2670847824736459
-0.4820810854434967 | [1.59] | -0.25268109058196314
-0.48982733488082886 | [1.55] | -0.24051770546782372
-0.4963264465332031 | [1.52] | -0.23054406768787886
-0.50152987241745 | [1.49] | -0.22271104264785926
-0.505398690700531 | [1.47] | -0.2169748286024035
-0.5079039335250854 | [1.46] | -0.21330028012529426
-0.509026825428009 | [1.45] | -0.21166347080125583
-0.5087589621543884 | [1.46] | -0.21205335531347239
-0.507102370262146 | [1.46] | -0.21447255376513255
-0.504069447517395 | [1.48] | -0.21893722973164956
-0.4996829330921173 | [1.5] | -0.22547585169038423
-0.4939756393432617 | [1.53] | -0.23412727328841357
-0.48699021339416504 | [1.57] | -0.24493781627757585
-0.47877880930900574 | [1.61] | -0.2579576333723503
-0.469402551651001 | [1.65] | -0.2732366821371727
-0.45893096923828125 | [1.71] | -0.29082020936184566
-0.44744136929512024 | [1.76] | -0.3107439702112495
-0.43501797318458557 | [1.82] | -0.3330296997457198
-0.42175114154815674 | [1.89] | -0.35768049730030643
-0.40773633122444153 | [1.96] | -0.38467696460315265
-0.39307311177253723 | [2.03] | -0.413973730906215
-0.3778640031814575 | [2.11] | -0.4454969995249613
-0.3622134327888489 | [2.19] | -0.4791426960763094
-0.3462265133857727 | [2.27] | -0.5147759428850808
-0.33000797033309937 | [2.35] | -0.552231269876032
-0.3136610984802246 | [2.43] | -0.5913138178286544
-0.297286719083786 | [2.51] | -0.6318016070238608
-0.28098225593566895 | [2.6] | -0.6734485466340687
-0.2648409605026245 | [2.68] | -0.7159879938893838
-0.24895122647285461 | [2.76] | -0.759136877014428
-0.23339606821537018 | [2.83] | -0.8026000387845036
-0.21825271844863892 | [2.91] | -0.8460747489809965
-0.20359236001968384 | [2.98] | -0.8892551825672261
-0.1894800066947937 | [3.05] | -0.931836655563473
-0.175974503159523 | [3.12] | -0.9735195517675104
-0.16312862932682037 | [3.18] | -1.0140128569578364
-0.15098930895328522 | [3.25] | -1.0530371927323356
-0.13959787786006927 | [3.3] | -1.09032740731731
-0.12899039685726166 | [3.36] | -1.125634718774438
-0.11919805407524109 | [3.4] | -1.1587282239373458
-0.11024756729602814 | [3.45] | -1.189396046052618
-0.10216158628463745 | [3.49] | -1.2174461291419338
-0.09495910257101059 | [3.53] | -1.242706667618687
-0.08865585923194885 | [3.56] | -1.2650262165125925
-0.08326471596956253 | [3.58] | -1.2842736684354799
-0.07879597693681717 | [3.61] | -1.3003381072062998
-0.07525771856307983 | [3.62] | -1.31312843625598
-0.07265601307153702 | [3.64] | -1.3225731883024805
-0.07099515199661255 | [3.65] | -1.3286201710311052
-0.07027780264616013 | [3.65] | -1.3312362132772912
-0.07050509005784988 | [3.65] | -1.3304070590787642
-0.07167666405439377 | [3.64] | -1.326137204207341
-0.07379066199064255 | [3.63] | -1.3184500065299731
-0.07684365659952164 | [3.62] | -1.3073877425008766
-0.08083051443099976 | [3.6] | -1.2930118724339512
-0.0857442244887352 | [3.57] | -1.275403282127996
-0.09157568216323853 | [3.54] | -1.2546625352562022
-0.09831339120864868 | [3.51] | -1.2309102423927674
-0.10594314336776733 | [3.47] | -1.204287300595539
-0.1144476905465126 | [3.43] | -1.1749549224925253
-0.12380632013082504 | [3.38] | -1.1430947317375408
-0.13399448990821838 | [3.33] | -1.1089083486815356
-0.14498336613178253 | [3.28] | -1.0726169766101261
-0.1567394733428955 | [3.22] | -1.0344602628879387
-0.16922426223754883 | [3.15] | -0.9946950783744115
-0.18239374458789825 | [3.09] | -0.9535937168103956
-0.1961982101202011 | [3.02] | -0.911441503655122
-0.210581973195076 | [2.95] | -0.8685340258065253
-0.225483238697052 | [2.87] | -0.8251737725450714
-0.24083399772644043 | [2.8] | -0.7816665452464862
-0.25656014680862427 | [2.72] | -0.7383171850916601
-0.27258163690567017 | [2.64] | -0.6954253243227559
-0.2888127863407135 | [2.56] | -0.6532809185218627
-0.30516278743743896 | [2.47] | -0.6121596673417131
-0.3215363025665283 | [2.39] | -0.5723187744042718
-0.3378341794013977 | [2.31] | -0.5339931143239486
-0.3539542853832245 | [2.23] | -0.4973919488199749
-0.36979249119758606 | [2.15] | -0.4626962515749477
-0.3852437436580658 | [2.07] | -0.4300568804369406
-0.400203138589859 | [2.] | -0.39959382598349874
-0.4145669937133789 | [1.93] | -0.3713965058378563
-0.4282340705394745 | [1.86] | -0.3455247657691211
-0.4411066770553589 | [1.79] | -0.3220110431356162
-0.45309168100357056 | [1.73] | -0.30086345447232116
-0.46410155296325684 | [1.68] | -0.2820694168042394
-0.47405529022216797 | [1.63] | -0.2655998845803879
-0.4828792214393616 | [1.59] | -0.2514139704872637
-0.4905078113079071 | [1.55] | -0.2394635371535551
-0.49688416719436646 | [1.52] | -0.22969802024363198
-0.5019606947898865 | [1.49] | -0.222068568625318
-0.5056993961334229 | [1.47] | -0.21653211359057992
-0.5080722570419312 | [1.46] | -0.2130545177714808
-0.5090615153312683 | [1.45] | -0.21161300465334457
-0.5086597800254822 | [1.46] | -0.2121978094370011
-0.5068700313568115 | [1.47] | -0.21481294629189165
-0.5037056803703308 | [1.48] | -0.21947580961202143
-0.49919047951698303 | [1.5] | -0.22621591903305652
-0.49335816502571106 | [1.53] | -0.23507303739099764
-0.4862523376941681 | [1.57] | -0.24609398900593585
-0.47792601585388184 | [1.61] | -0.25932912815938497
-0.4684411883354187 | [1.66] | -0.27482811398107326
-0.45786815881729126 | [1.71] | -0.2926354918776756
-0.4462849199771881 | [1.77] | -0.3127858945888606
-0.4337763488292694 | [1.83] | -0.33529940669205244
-0.42043331265449524 | [1.9] | -0.36017717535610044
-0.4063517153263092 | [1.97] | -0.3873974300663478
-0.39163145422935486 | [2.04] | -0.4169121729370788
-0.376375287771225 | [2.12] | -0.44864474202728116
-0.3606877624988556 | [2.2] | -0.4824881050456548
-0.3446739912033081 | [2.28] | -0.5183044357168128
-0.3284386396408081 | [2.36] | -0.5559252914595291
-0.31208479404449463 | [2.44] | -0.595153120506508
-0.29571297764778137 | [2.52] | -0.6357635022821677
-0.27942022681236267 | [2.6] | -0.6775082506302299
-0.2632993757724762 | [2.68] | -0.7201189001155344
-0.24743832647800446 | [2.76] | -0.763311007613571
-0.2319195419549942 | [2.84] | -0.806788517031559
-0.2168196737766266 | [2.92] | -0.8502482322350006
-0.20220932364463806 | [2.99] | -0.8933842318435027
-0.18815290927886963 | [3.06] | -0.9358921560597779
-0.17470869421958923 | [3.13] | -0.9774730427114279
-0.16192887723445892 | [3.19] | -1.0178368942681955
-0.14985983073711395 | [3.25] | -1.0567055992229353
-0.13854235410690308 | [3.31] | -1.093815543276094
-0.1280120462179184 | [3.36] | -1.1289195250705726
-0.11829963326454163 | [3.41] | -1.161788475018146
-0.1094314232468605 | [3.45] | -1.192212397997142
-0.10142970085144043 | [3.49] | -1.22000115713127
-0.0943131223320961 | [3.53] | -1.244984923281688
-0.08809714764356613 | [3.56] | -1.2670141779830661
-0.08279436081647873 | [3.59] | -1.2859598221916082
-0.07841485738754272 | [3.61] | -1.3017127950976008
-0.07496649771928787 | [3.63] | -1.3141839485735884
-0.07245517522096634 | [3.64] | -1.3233036801568872
-0.07088502496480942 | [3.65] | -1.3290216170514166
-0.07025855779647827 | [3.65] | -1.3313064311731897
-0.07057676464319229 | [3.65] | -1.3301456406959824
-0.07183914631605148 | [3.64] | -1.3255455720943417
-0.07404369115829468 | [3.63] | -1.3175314058676837
-0.07718680799007416 | [3.61] | -1.3061472763589448
-0.08126319944858551 | [3.59] | -1.2914564711672094
-0.0862656682729721 | [3.57] | -1.2735417407145677
-0.0921848863363266 | [3.54] | -1.2525055878267972
-0.09900910407304764 | [3.5] | -1.2284705904311783
-0.106723852455616 | [3.47] | -1.2015795418849562
-0.11531155556440353 | [3.42] | -1.1719956648590921
-0.12475115060806274 | [3.38] | -1.139902521512838
-0.13501770794391632 | [3.32] | -1.1055036218704064
-0.14608196914196014 | [3.27] | -1.069021977703141
-0.15790997445583344 | [3.21] | -1.0306990022582712
-0.17046265304088593 | [3.15] | -0.9907931780407999
-0.1836954951286316 | [3.08] | -0.9495781068118565
-0.1975582242012024 | [3.01] | -0.9073402330690219
-0.21199458837509155 | [2.94] | -0.8643759102504451
-0.22694216668605804 | [2.87] | -0.8209882008061742
-0.24233238399028778 | [2.79] | -0.7774829248648896
-0.2580905258655548 | [2.71] | -0.7341646953916774
-0.2741360068321228 | [2.63] | -0.6913323482761631
-0.29038262367248535 | [2.55] | -0.6492746756373493
-0.30673912167549133 | [2.47] | -0.6082657352136644
-0.3231097161769867 | [2.38] | -0.5685608570119854
-0.3393949568271637 | [2.3] | -0.530392514490626
-0.3554924726486206 | [2.22] | -0.4939673546800933
-0.37129801511764526 | [2.14] | -0.4594634796051768
-0.38670650124549866 | [2.07] | -0.42702879028184254
-0.4016130566596985 | [1.99] | -0.39678039156007155
-0.4159142076969147 | [1.92] | -0.36880473962272203
-0.4295090138912201 | [1.85] | -0.3431589269696404
-0.4423001706600189 | [1.79] | -0.319872919774629
-0.4541950523853302 | [1.73] | -0.29895265448696134
-0.46510669589042664 | [1.67] | -0.280383812843568
-0.4749547839164734 | [1.63] | -0.2641359812469663
-0.48366641998291016 | [1.58] | -0.2501673346160715
-0.4911768138408661 | [1.54] | -0.2384294007736977
-0.4974299967288971 | [1.51] | -0.22887151719868806
-0.5023792386054993 | [1.49] | -0.22144529403260585
-0.5059875249862671 | [1.47] | -0.2161083386592523
-0.5082278251647949 | [1.46] | -0.2128275050201637
-0.5090833902359009 | [1.45] | -0.21158118459159284
-0.5085477828979492 | [1.46] | -0.21236098713425236
-0.5066249966621399 | [1.47] | -0.21517223145872358
-0.5033294558525085 | [1.48] | -0.2200335294119217
-0.4986858665943146 | [1.51] | -0.226975517475048
-0.49272894859313965 | [1.54] | -0.23603874758169355
-0.485503226518631 | [1.57] | -0.24727055132547884
-0.4770625829696655 | [1.61] | -0.26072143829556044
-0.46746984124183655 | [1.66] | -0.2764407662093235
-0.4567960798740387 | [1.72] | -0.2944723269745681
-0.4451199769973755 | [1.77] | -0.3148495768158583
-0.4325270354747772 | [1.84] | -0.33759094914238913
-0.41910868883132935 | [1.9] | -0.36269547730947277
-0.4049612283706665 | [1.98] | -0.3901390777260318
-0.3901848793029785 | [2.05] | -0.41987108287978575
-0.37488263845443726 | [2.13] | -0.4518119277186518
-0.3591591417789459 | [2.2] | -0.4858516556926888
-0.3431195318698883 | [2.28] | -0.521849405396975
-0.32686832547187805 | [2.37] | -0.5596339536044618
-0.3105084300041199 | [2.45] | -0.599004992742579
-0.2941400706768036 | [2.53] | -0.6397356702371733
-0.2778598964214325 | [2.61] | -0.6815757194125931
-0.26176029443740845 | [2.69] | -0.7242549516102632
-0.24592867493629456 | [2.77] | -0.767487583144626
-0.2304469645023346 | [2.85] | -0.8109766506115123
-0.21539123356342316 | [2.92] | -0.8544185244862401
-0.20083148777484894 | [3.] | -0.8975072651052525
-0.1868315488100052 | [3.07] | -0.9399388738368426
-0.1734490841627121 | [3.13] | -0.9814151253413606
-0.16073574125766754 | [3.2] | -1.0216469812634594
-0.1487373262643814 | [3.26] | -1.060357675503167
-0.13749413192272186 | [3.31] | -1.0972850630920696
-0.1270412653684616 | [3.36] | -1.1321836462922032
-0.11740901321172714 | [3.41] | -1.1648261381114702
-0.10862328112125397 | [3.46] | -1.1950044185188515
-0.10070598125457764 | [3.5] | -1.222530311632808
-0.09367544949054718 | [3.53] | -1.2472359266309514
-0.08754684776067734 | [3.56] | -1.2689737353393689
-0.08233251422643661 | [3.59] | -1.2876165503413697
-0.07804230600595474 | [3.61] | -1.303057279792999
-0.07468389719724655 | [3.63] | -1.3152086224624362
-0.07226299494504929 | [3.64] | -1.3240028713158736
-0.0707835778594017 | [3.65] | -1.3293914757988383
-0.07024800777435303 | [3.65] | -1.3313449253932519
-0.07065712660551071 | [3.65] | -1.3298525674283252
-0.07201029360294342 | [3.64] | -1.3249225315501816
-0.07430534809827805 | [3.63] | -1.3165818194969034
-0.07753854244947433 | [3.61] | -1.304876394115075
-0.08170440793037415 | [3.59] | -1.289871393966636
-0.08679554611444473 | [3.57] | -1.271651482605483
-0.09280241280794144 | [3.54] | -1.2503210683256734
-0.09971301257610321 | [3.5] | -1.2260046618880924
-0.10751258581876755 | [3.46] | -1.1988470469985246
-0.11618324369192123 | [3.42] | -1.1690133905192561
-0.1257035732269287 | [3.37] | -1.1366891778973298
-0.13604824244976044 | [3.32] | -1.1020798408851302
-0.14718756079673767 | [3.26] | -1.0654102019462828
-0.15908709168434143 | [3.2] | -1.0269233901140893
-0.17170725762844086 | [3.14] | -0.986879425291936
-0.18500299751758575 | [3.07] | -0.9455532826558866
-0.1989234834909439 | [3.01] | -0.9032324467466539
-0.2134118527173996 | [2.93] | -0.8602141363310842
-0.22840511798858643 | [2.86] | -0.8168017728541046
-0.24383407831192017 | [2.78] | -0.7733013311178785
-0.2596234679222107 | [2.7] | -0.7300169910510452
-0.2756921350955963 | [2.62] | -0.6872468430015362
-0.2919533848762512 | [2.54] | -0.6452784078467464
-0.3083154559135437 | [2.46] | -0.6043842272337661
-0.32468223571777344 | [2.38] | -0.5648174426056357
-0.34095391631126404 | [2.3] | -0.5268082673749149
-0.35702788829803467 | [2.21] | -0.49056072936424616
-0.372799813747406 | [2.14] | -0.45624999783562753
-0.3881645202636719 | [2.06] | -0.42402115592412887
-0.4030172824859619 | [1.98] | -0.39398819501207644
-0.41725480556488037 | [1.91] | -0.36623470965794386
-0.430776447057724 | [1.85] | -0.34081508011829426
-0.443485289812088 | [1.78] | -0.3177568464509272
-0.45528921484947205 | [1.72] | -0.29706381349773364
-0.46610188484191895 | [1.67] | -0.2787198782652979
-0.4758436381816864 | [1.62] | -0.26269336726821363
-0.4844423532485962 | [1.58] | -0.24894157105820938
-0.49183404445648193 | [1.54] | -0.2374156403901239
-0.49796363711357117 | [1.51] | -0.22806491126415632
-0.5027852654457092 | [1.49] | -0.22084149609044382
-0.5062628984451294 | [1.47] | -0.21570371207464092
-0.5083705186843872 | [1.46] | -0.21261938593103338
-0.5090923309326172 | [1.45] | -0.2115681798055448
-0.5084228515625 | [1.46] | -0.21254308372735978
-0.5063672065734863 | [1.47] | -0.21555054343864413
-0.5029407143592834 | [1.49] | -0.22061054796343207
-0.49816906452178955 | [1.51] | -0.2277547840291291
-0.4920879602432251 | [1.54] | -0.23702456056794433
-0.48474282026290894 | [1.58] | -0.24846772343946136
-0.47618845105171204 | [1.62] | -0.26213479808072376
-0.46648845076560974 | [1.67] | -0.2780748836818078
-0.45571470260620117 | [1.72] | -0.2963309150038413
-0.44394657015800476 | [1.78] | -0.3169351122556216
-0.43127015233039856 | [1.84] | -0.33990425140611874
-0.4177773892879486 | [1.91] | -0.365235310348841
-0.40356501936912537 | [1.98] | -0.3929017346695049
-0.38873356580734253 | [2.06] | -0.4228501997338587
-0.3733862340450287 | [2.13] | -0.45499826325570764
-0.3576277494430542 | [2.21] | -0.4892330201570431
-0.34156325459480286 | [2.29] | -0.5254106238442738
-0.32529714703559875 | [2.37] | -0.5633569965313548
-0.3089321255683899 | [2.46] | -0.6028691432469491
-0.2925680875778198 | [2.54] | -0.6437178643610779
-0.2763013541698456 | [2.62] | -0.6856506791108439
-0.2602238357067108 | [2.7] | -0.7283957688479399
-0.24442242085933685 | [2.78] | -0.7716661161094995
-0.2289784848690033 | [2.86] | -0.8151639268562477
-0.21396753191947937 | [2.93] | -0.858585134111366
-0.19945897161960602 | [3.] | -0.9016238169204529
-0.18551604449748993 | [3.07] | -0.9439763289250269
-0.17219582200050354 | [3.14] | -0.9853452147840586
-0.15954937040805817 | [3.2] | -1.0254425223617867
-0.1476219743490219 | [3.26] | -1.0639927208806705
-0.13645339012145996 | [3.32] | -1.1007352587032586
-0.12607824802398682 | [3.37] | -1.1354263194660477
-0.11652640253305435 | [3.42] | -1.1678403960860213
-0.10782334953546524 | [3.46] | -1.1977712886207568
-0.09999064356088638 | [3.5] | -1.2250327477557552
-0.09304629266262054 | [3.53] | -1.2494588607951629
-0.08700517565011978 | [3.56] | -1.2709040488742915
-0.0818793848156929 | [3.59] | -1.2892430448817194
-0.07767854630947113 | [3.61] | -1.304370706153997
-0.07441013306379318 | [3.63] | -1.3162016375012557
-0.07207968831062317 | [3.64] | -1.3246699504248989
-0.07069101929664612 | [3.65] | -1.3297289733364126
-0.07024634629487991 | [3.65] | -1.331350987739931
-0.07074636220932007 | [3.65] | -1.3295271705773506
-0.0721902847290039 | [3.64] | -1.324267454107121
-0.07457580417394638 | [3.63] | -1.3156006597246916
-0.0778990164399147 | [3.61] | -1.3035745761461066
-0.0821542739868164 | [3.59] | -1.2882562158884867
-0.08733398467302322 | [3.56] | -1.2697321235050767
-0.09342838078737259 | [3.53] | -1.2481086326918855
-0.10042521357536316 | [3.5] | -1.2235122045026907
-0.10830944776535034 | [3.46] | -1.1960895501266866
-0.11706286668777466 | [3.41] | -1.1660078201418007
-0.1266636997461319 | [3.37] | -1.133454433098918
-0.1370861977338791 | [3.31] | -1.0986367730873141
-0.14830024540424347 | [3.26] | -1.0617814253504232
-0.16027091443538666 | [3.2] | -1.023133257293341
-0.1729581356048584 | [3.14] | -0.982953749260338
-0.18631631135940552 | [3.07] | -0.9415191742588154
-0.20029401779174805 | [3.] | -0.8991181627409106
-0.2148338109254837 | [2.93] | -0.8560486720899814
-0.22987210750579834 | [2.85] | -0.8126145344997
-0.24533912539482117 | [2.77] | -0.7691217145444549
-0.2611590027809143 | [2.69] | -0.7258740507101469
-0.2772500514984131 | [2.61] | -0.6831687716460295
-0.2935250699520111 | [2.53] | -0.6412921369177882
-0.30989184975624084 | [2.45] | -0.6005149973383981
-0.32625386118888855 | [2.37] | -0.5610885100960922
-0.34251099824905396 | [2.29] | -0.5232404668076928
-0.3585604727268219 | [2.21] | -0.4871721405979174
-0.37429776787757874 | [2.13] | -0.4530559760850296
-0.38961777091026306 | [2.05] | -0.42103393488165336
-0.4044157862663269 | [1.98] | -0.39121717538822093
-0.4185887277126312 | [1.91] | -0.36368639656967344
-0.43203631043434143 | [1.84] | -0.3384931920969309
-0.4446620047092438 | [1.78] | -0.31566272724313377
-0.4563741981983185 | [1.72] | -0.2951967291596213
-0.46708714962005615 | [1.66] | -0.27707741487024723
-0.4767219126224518 | [1.62] | -0.2612718044462143
-0.48520711064338684 | [1.57] | -0.24773640797371224
-0.4924795925617218 | [1.54] | -0.23642200247751158
-0.49848514795303345 | [1.51] | -0.22727801501226033
-0.5031788945198059 | [1.48] | -0.22025692164621127
-0.5065256953239441 | [1.47] | -0.21531791876273623
-0.5085004568099976 | [1.46] | -0.21242995919995025
-0.509088397026062 | [1.45] | -0.21157390186216532
-0.5082851648330688 | [1.46] | -0.21274386264117454
-0.5060967206954956 | [1.47] | -0.2159478439648538
-0.5025395154953003 | [1.49] | -0.22120684960442674
-0.49764013290405273 | [1.51] | -0.22855372307569724
-0.4914352297782898 | [1.54] | -0.23803054355494205
-0.4839712083339691 | [1.58] | -0.24968549290472888
-0.47530367970466614 | [1.62] | -0.2635692510333251
-0.46549710631370544 | [1.67] | -0.27973046471126123
-0.45462408661842346 | [1.73] | -0.2982113038603957
-0.4427646994590759 | [1.79] | -0.3190426498814109
-0.43000563979148865 | [1.85] | -0.34223956646526416
-0.41643932461738586 | [1.92] | -0.3677969792499178
-0.40216293931007385 | [1.99] | -0.395685817146
-0.3872773051261902 | [2.06] | -0.42585005715974983
-0.37188583612442017 | [2.14] | -0.4582043432772171
-0.35609331727027893 | [2.22] | -0.49263285743026314
-0.34000489115715027 | [2.3] | -0.5289887503983629
-0.3237248361110687 | [2.38] | -0.5670950793435708
-0.3073556125164032 | [2.46] | -0.6067462312977208
-0.29099681973457336 | [2.55] | -0.6477105938007961
-0.2747443914413452 | [2.63] | -0.689733635805807
-0.2586897611618042 | [2.71] | -0.7325419366776615
-0.24291931092739105 | [2.79] | -0.775847235344032
-0.2275138646364212 | [2.86] | -0.8193509379588146
-0.21254834532737732 | [2.94] | -0.8627486164440059
-0.19809158146381378 | [3.01] | -0.9057343607618318
-0.18420620262622833 | [3.08] | -0.9480050022100244
-0.17094869911670685 | [3.15] | -0.9892638478574085
-0.15836957097053528 | [3.21] | -1.0292240186413373
-0.14651355147361755 | [3.27] | -1.0676113460190606
-0.13541990518569946 | [3.32] | -1.1041667560584618
-0.1251227706670761 | [3.37] | -1.1386481866802098
-0.11565157026052475 | [3.42] | -1.170831933217214
-0.10703139752149582 | [3.46] | -1.2005137100525278
-0.09928345680236816 | [3.5] | -1.2275091847770967
-0.09242543578147888 | [3.54] | -1.2516544098225753
-0.08647193014621735 | [3.57] | -1.2728057661731613
-0.08143477141857147 | [3.59] | -1.2908399693157016
-0.07732337713241577 | [3.61] | -1.3056537530982415
-0.07414501905441284 | [3.63] | -1.3171636334087968
-0.07190506905317307 | [3.64] | -1.3253055711761617
-0.07060717791318893 | [3.65] | -1.3300347222794062
-0.0702534168958664 | [3.65] | -1.3313251888803954
-0.07084432989358902 | [3.65] | -1.3291699781208233
-0.07237899303436279 | [3.64] | -1.3235808244442198
-0.07485495507717133 | [3.63] | -1.314588340440328
-0.0782681405544281 | [3.61] | -1.302242192346907
-0.08261273056268692 | [3.59] | -1.2866112358768103
-0.0878809317946434 | [3.56] | -1.2677839182541635
-0.09406275302171707 | [3.53] | -1.245868491678193
-0.10114569216966629 | [3.49] | -1.220993358932537
-0.10911441594362259 | [3.45] | -1.1933072256423045
-0.11795039474964142 | [3.41] | -1.162979160055425
-0.12763148546218872 | [3.36] | -1.1301985483544574
-0.1381315439939499 | [3.31] | -1.0951746326395817
-0.14942000806331635 | [3.25] | -1.0581358147708384
-0.1614614725112915 | [3.19] | -1.0193286277186204
-0.17421534657478333 | [3.13] | -0.9790160811562963
-0.18763546645641327 | [3.06] | -0.9374758048551364
-0.2016698569059372 | [2.99] | -0.8949974003374042
-0.21626049280166626 | [2.92] | -0.8518795306603839
-0.23134317994117737 | [2.84] | -0.8084264474985304
-0.24684755504131317 | [2.77] | -0.7649440684094326
-0.2626971900463104 | [2.69] | -0.7217357739603267
-0.2788098156452179 | [2.61] | -0.6790980206694295
-0.2950977385044098 | [2.52] | -0.6373157341584035
-0.31146830320358276 | [2.44] | -0.5966580469369663
-0.3278246223926544 | [2.36] | -0.5573739680465984
-0.3440662920475006 | [2.28] | -0.5196888651182875
-0.3600902855396271 | [2.2] | -0.48380139219151713
-0.375791996717453 | [2.12] | -0.44988107512241354
-0.3910662829875946 | [2.04] | -0.4180669622739552
-0.40580859780311584 | [1.97] | -0.38846715391486425
-0.4199160635471344 | [1.9] | -0.361159496873765
-0.43328866362571716 | [1.83] | -0.33619301056353107
-0.4458303451538086 | [1.77] | -0.3135903610346759
-0.4574500024318695 | [1.71] | -0.29335125208481555
-0.46806252002716064 | [1.66] | -0.27545622652679785
-0.4775896370410919 | [1.61] | -0.25987110535823715
-0.4859607219696045 | [1.57] | -0.24655167036463013
-0.4931134879589081 | [1.53] | -0.23544832818186814
-0.4989945888519287 | [1.51] | -0.2265106438510486
-0.5035600662231445 | [1.48] | -0.21969158584406615
-0.5067757368087769 | [1.47] | -0.21495117131008926
-0.5086175203323364 | [1.46] | -0.21225937364319095
-0.5090716481208801 | [1.45] | -0.21159826481775248
-0.508134663105011 | [1.46] | -0.2129634372020636
-0.5058135986328125 | [1.47] | -0.21636409687343985
-0.5021258592605591 | [1.49] | -0.22182250930315064
-0.4970990717411041 | [1.51] | -0.22937243085025197
-0.4907708168029785 | [1.55] | -0.2390567193517427
-0.4831883907318115 | [1.58] | -0.25092398941774835
-0.4744082987308502 | [1.63] | -0.2650248898383482
-0.46449580788612366 | [1.68] | -0.28140765731496215
-0.45352426171302795 | [1.73] | -0.3001135930537559
-0.44157442450523376 | [1.79] | -0.32117223292188596
-0.42873355746269226 | [1.86] | -0.3445969283857701
-0.41509461402893066 | [1.92] | -0.3703803903738447
-0.4007551670074463 | [2.] | -0.3984910916781303
-0.3858163356781006 | [2.07] | -0.42887026947778967
-0.3703816831111908 | [2.15] | -0.46142974551593324
-0.354556143283844 | [2.23] | -0.49605057371540834
-0.3384447693824768 | [2.31] | -0.5325830772759875
-0.32215172052383423 | [2.39] | -0.5708474454958296
-0.30577921867370605 | [2.47] | -0.6106354517369312
-0.2894265651702881 | [2.55] | -0.6517130808845253
-0.2731892764568329 | [2.63] | -0.6938238461001882
-0.2571583092212677 | [2.71] | -0.7366927531187821
-0.24141955375671387 | [2.79] | -0.7800302873133718
-0.22605328261852264 | [2.87] | -0.8235370859824336
-0.21113383769989014 | [2.94] | -0.8669083927551484
-0.19672943651676178 | [3.02] | -0.9098384319134594
-0.18290212750434875 | [3.09] | -0.9520244605966476
-0.16970781981945038 | [3.15] | -0.993170580991876
-0.15719643235206604 | [3.21] | -1.03299106645228
-0.1454121619462967 | [3.27] | -1.0712130943195532
-0.13439376652240753 | [3.33] | -1.1075791451105683
-0.12417491525411606 | [3.38] | -1.1418488629294532
-0.1147845908999443 | [3.43] | -1.173800392170392
-0.10624749958515167 | [3.47] | -1.2032313295796353
-0.09858448803424835 | [3.51] | -1.2299593010654437
-0.09181293100118637 | [3.54] | -1.2538223117428262
-0.08594714105129242 | [3.57] | -1.2746787134320572
-0.08099870383739471 | [3.6] | -1.292407159708766
-0.07697682082653046 | [3.62] | -1.3069062940552776
-0.07388857752084732 | [3.63] | -1.3180944946367465
-0.07173916697502136 | [3.64] | -1.3259096022955896
-0.07053207606077194 | [3.65] | -1.3303086301405187
-0.07026922702789307 | [3.65] | -1.3312675025561718
-0.07095103710889816 | [3.65] | -1.328780975731478
-0.07257642596960068 | [3.64] | -1.3228626401378998
-0.07514279335737228 | [3.62] | -1.3135449250543827
-0.07864590734243393 | [3.61] | -1.3008793174845512
-0.0830797553062439 | [3.58] | -1.284936593129388
-0.08843635767698288 | [3.56] | -1.2658070426899968
-0.0947054848074913 | [3.53] | -1.2436008829015899
-0.10187438875436783 | [3.49] | -1.218448422692719
-0.10992743819952011 | [3.45] | -1.1905003513746928
-0.11884577572345734 | [3.41] | -1.1599276931244464
-0.1286068856716156 | [3.36] | -1.1269217849189175
-0.13918422162532806 | [3.3] | -1.0916937323723088
-0.15054677426815033 | [3.25] | -1.0544737310337622
-0.1626586616039276 | [3.19] | -1.0155099540712422
-0.1754787564277649 | [3.12] | -0.9750669591825276
-0.18896035850048065 | [3.06] | -0.9334236087096528
-0.2030509114265442 | [2.98] | -0.8908705358716991
-0.2176917940378189 | [2.91] | -0.8477071168272348
-0.23281821608543396 | [2.84] | -0.8042379400112738
-0.24835923314094543 | [2.76] | -0.7607688391521146
-0.2642378509044647 | [2.68] | -0.7176027010086665
-0.2803712487220764 | [2.6] | -0.6750350978866355
-0.29667121171951294 | [2.52] | -0.6333496727797585
-0.3130446970462799 | [2.43] | -0.5928136676868733
-0.3293944001197815 | [2.35] | -0.5536740765965508
-0.3456196188926697 | [2.27] | -0.5161538268381068
-0.36161714792251587 | [2.19] | -0.48044881248897336
-0.3772822916507721 | [2.11] | -0.4467256523800573
-0.39250990748405457 | [2.04] | -0.41512043874663446
-0.4071955382823944 | [1.96] | -0.3857383628631447
-0.4212365746498108 | [1.89] | -0.3586543309575209
-0.4345332980155945 | [1.83] | -0.3339147756483957
-0.44699010252952576 | [1.77] | -0.3115399692802869
-0.4585164189338684 | [1.71] | -0.2915275903443732
-0.4690277576446533 | [1.65] | -0.2738565630243159
-0.4784465730190277 | [1.61] | -0.25849151600801873
-0.48670297861099243 | [1.57] | -0.24538755902806067
-0.49373555183410645 | [1.53] | -0.23449478052589826
-0.49949178099632263 | [1.5] | -0.2257629742219053
-0.5039286613464355 | [1.48] | -0.21914559393028413
-0.5070129632949829 | [1.46] | -0.21460350919296758
-0.508721649646759 | [1.46] | -0.21210769346126349
-0.5090418457984924 | [1.45] | -0.21164161874087065
-0.5079711675643921 | [1.46] | -0.2132020974342609
-0.5055176615715027 | [1.47] | -0.21679961911579007
-0.501699686050415 | [1.49] | -0.22245769325605239
-0.49654585123062134 | [1.52] | -0.2302110510133705
-0.49009469151496887 | [1.55] | -0.24010325056800577
-0.48239439725875854 | [1.59] | -0.25218329723156824
-0.47350236773490906 | [1.63] | -0.2665017596867764
-0.46348464488983154 | [1.68] | -0.283106460562307
-0.4524153172969818 | [1.74] | -0.3020377791243946
-0.44037583470344543 | [1.8] | -0.32332385066310904
-0.42745405435562134 | [1.86] | -0.3469762040401609
-0.41374340653419495 | [1.93] | -0.3729853899895205
-0.3993418216705322 | [2.] | -0.40131743965571903
-0.3843507468700409 | [2.08] | -0.4319107540687321
-0.3688739240169525 | [2.16] | -0.4646742334813511
-0.35301631689071655 | [2.23] | -0.49948603241485084
-0.33688294887542725 | [2.32] | -0.5361935076058003
-0.32057785987854004 | [2.4] | -0.574613971096602
-0.3042030334472656 | [2.48] | -0.6145365801072331
-0.28785741329193115 | [2.56] | -0.6557250728000796
-0.27163609862327576 | [2.64] | -0.697921030695082
-0.25562962889671326 | [2.72] | -0.7408477523378254
-0.23992334306240082 | [2.8] | -0.7842146541159929
-0.22459694743156433 | [2.88] | -0.8277216822626848
-0.20972420275211334 | [2.95] | -0.8710637920415705
-0.19537274539470673 | [3.02] | -0.9139352925288353
-0.1816040277481079 | [3.09] | -0.9560339462434073
-0.16847336292266846 | [3.16] | -0.9970647333455092
-0.15603013336658478 | [3.22] | -1.0367429728296464
-0.14431798458099365 | [3.28] | -1.0747972633598253
-0.1333751529455185 | [3.33] | -1.1109717167760271
-0.12323485314846039 | [3.38] | -1.145027659982465
-0.11392563581466675 | [3.43] | -1.1767450829807733
-0.10547181963920593 | [3.47] | -1.2059234832881893
-0.09789390116930008 | [3.51] | -1.2323824350381614
-0.09120894223451614 | [3.54] | -1.2559619089207839
-0.08543097227811813 | [3.57] | -1.276522238448489
-0.08057134598493576 | [3.6] | -1.2939439705448175
-0.07663904130458832 | [3.62] | -1.3081276914118627
-0.07364095002412796 | [3.63] | -1.3189936737046286
-0.07158210128545761 | [3.64] | -1.3264815879192735
-0.0704658254981041 | [3.65] | -1.330550279415407
-0.07029389590024948 | [3.65] | -1.33117749590109
-0.07106658816337585 | [3.64] | -1.3283597972294539
-0.07278267294168472 | [3.64] | -1.322112601934602
-0.07543940097093582 | [3.62] | -1.3124701541633907
-0.07903237640857697 | [3.6] | -1.2994857856676596
-0.08355540782213211 | [3.58] | -1.2832321341522785
-0.08900031447410583 | [3.55] | -1.263801382044801
-0.09535663574934006 | [3.52] | -1.2413056769562205
-0.10261135548353195 | [3.49] | -1.2158773037512915
-0.11074855923652649 | [3.45] | -1.18766887148631
-0.1197490394115448 | [3.4] | -1.1568534234537902
-0.12958993017673492 | [3.35] | -1.1236241543010879
-0.140244260430336 | [3.3] | -1.0881940897377858
-0.15168055891990662 | [3.24] | -1.0507952442060116
-0.1638624668121338 | [3.18] | -1.011677402825859
-0.1767483353614807 | [3.12] | -0.9711065936867134
-0.1902909129858017 | [3.05] | -0.9293629269692181
-0.20443706214427948 | [2.98] | -0.886738032368342
-0.2191275805234909 | [2.9] | -0.8435319192712338
-0.23429708182811737 | [2.83] | -0.8000494790704593
-0.2498740255832672 | [2.75] | -0.7565964693198994
-0.26578083634376526 | [2.67] | -0.7134752870439174
-0.2819341719150543 | [2.59] | -0.6709805055733513
-0.2982453405857086 | [2.51] | -0.629394345609879
-0.31462082266807556 | [2.43] | -0.5889823644685394
-0.3309629559516907 | [2.35] | -0.5499893717239391
-0.34717077016830444 | [2.26] | -0.5126357784749164
-0.36314088106155396 | [2.18] | -0.4771147244991884
-0.3787684738636017 | [2.11] | -0.4435899965279981
-0.39394843578338623 | [2.03] | -0.4121946820068971
-0.40857645869255066 | [1.96] | -0.3830309717241613
-0.42255011200904846 | [1.89] | -0.3561710448609547
-0.43577009439468384 | [1.82] | -0.33165856034314384
-0.4481411874294281 | [1.76] | -0.30951155995893215
-0.4595733880996704 | [1.7] | -0.2897256952248441
-0.4699828326702118 | [1.65] | -0.2722783268309436
-0.4792926609516144 | [1.6] | -0.25713299329874045
-0.4874338209629059 | [1.56] | -0.24424404069462194
-0.49434569478034973 | [1.53] | -0.23356138574826782
-0.49997666478157043 | [1.5] | -0.2250350041889754
-0.504284679889679 | [1.48] | -0.21861887636987412
-0.507237434387207 | [1.46] | -0.21427479956046228
-0.5088128447532654 | [1.46] | -0.21197489845171483
-0.5089991092681885 | [1.46] | -0.21170379601676928
-0.5077948570251465 | [1.46] | -0.21345961395238647
-0.5052090883255005 | [1.47] | -0.21725420401470644
-0.5012611746788025 | [1.49] | -0.2231122143857224
-0.4959806799888611 | [1.52] | -0.23106936735008823
-0.4894070625305176 | [1.55] | -0.24116993201480455
-0.4815894365310669 | [1.59] | -0.2534632173215087
-0.472586065530777 | [1.64] | -0.2679997112115417
-0.4624637961387634 | [1.69] | -0.28482672229263567
-0.45129746198654175 | [1.74] | -0.3039836500425683
-0.43916913866996765 | [1.8] | -0.3254972762204326
-0.4261673092842102 | [1.87] | -0.3493772016195184
-0.41238585114479065 | [1.94] | -0.375611820981871
-0.397923082113266 | [2.01] | -0.40416461974323864
-0.38288071751594543 | [2.09] | -0.4349712395500313
-0.3673626780509949 | [2.16] | -0.4679376308580178
-0.35147395730018616 | [2.24] | -0.502939027449888
-0.3353195786476135 | [2.32] | -0.5398197349705786
-0.3190034031867981 | [2.4] | -0.5783943153647048
-0.3026271462440491 | [2.49] | -0.6184493891333465
-0.28628942370414734 | [2.57] | -0.6597463904955427
-0.270084947347641 | [2.65] | -0.7020249075688811
-0.25410374999046326 | [2.73] | -0.7450067894361867
-0.23843064904212952 | [2.81] | -0.7884003398381099
-0.2231447994709015 | [2.88] | -0.8319048059436661
-0.20831938087940216 | [2.96] | -0.8752148876073349
-0.19402143359184265 | [3.03] | -0.9180250573652139
-0.18031181395053864 | [3.1] | -0.9600336198231796
-0.16724525392055511 | [3.16] | -1.000946421715157
-0.15487056970596313 | [3.23] | -1.0404799545787715
-0.1432308852672577 | [3.28] | -1.078364175167075
-0.1323639303445816 | [3.34] | -1.1143448037623367
-0.12230245023965836 | [3.39] | -1.148184922377927
-0.11307457089424133 | [3.43] | -1.1796663628803266
-0.10470422357320786 | [3.48] | -1.2085905417923395
-0.097211554646492 | [3.51] | -1.2347789973060017
-0.09061332046985626 | [3.55] | -1.258073652737007
-0.08492328226566315 | [3.58] | -1.2783367806142811
-0.08015254884958267 | [3.6] | -1.2954508823193813
-0.07630988955497742 | [3.62] | -1.3093184398898225
-0.07340200245380402 | [3.63] | -1.3198616250953545
-0.07143374532461166 | [3.64] | -1.3270219686293072
-0.07040830701589584 | [3.65] | -1.3307600961785284
-0.07032730430364609 | [3.65] | -1.33105560711196
-0.07119086384773254 | [3.64] | -1.327906892347536
-0.07299762219190598 | [3.64] | -1.3213311433465567
-0.07574467360973358 | [3.62] | -1.3113644445116783
-0.07942745834589005 | [3.6] | -1.2980619694646602
-0.084039606153965 | [3.58] | -1.281498213890424
-0.0895727202296257 | [3.55] | -1.2617672996048341
-0.09601610898971558 | [3.52] | -1.2389832970049501
-0.1033565029501915 | [3.48] | -1.2132804049544665
-0.11157767474651337 | [3.44] | -1.1848132447685433
-0.12066009640693665 | [3.4] | -1.1537567615345816
-0.13058051466941833 | [3.35] | -1.120306118350652
-0.14131154119968414 | [3.29] | -1.0846762143918385
-0.15282125771045685 | [3.24] | -1.0471008111786873
-0.16507281363010406 | [3.17] | -1.0078313299789814
-0.178024023771286 | [3.11] | -0.9671352875141545
-0.19162710011005402 | [3.04] | -0.9252939633012556
-0.20582830905914307 | [2.97] | -0.8825999957887931
-0.22056786715984344 | [2.9] | -0.8393539914192321
-0.2357797920703888 | [2.82] | -0.7958611075903343
-0.2513919472694397 | [2.74] | -0.7524269888020432
-0.2673262059688568 | [2.66] | -0.709353427118832
-0.2834986746311188 | [2.58] | -0.6669340477695274
-0.2998201549053192 | [2.5] | -0.6254496935973473
-0.3161967098712921 | [2.42] | -0.5851640588484067
-0.33253034949302673 | [2.34] | -0.5463196853627793
-0.3487198054790497 | [2.26] | -0.5091345349171669
-0.3646615147590637 | [2.18] | -0.47379899182968227
-0.38025060296058655 | [2.1] | -0.4404738907873779
-0.39538195729255676 | [2.02] | -0.40928940121100593
-0.40995141863822937 | [1.95] | -0.38034473955582454
-0.42385679483413696 | [1.88] | -0.35370927698112137
-0.4369991421699524 | [1.82] | -0.3294240569633761
-0.4492836892604828 | [1.75] | -0.307504826546844
-0.4606209993362427 | [1.7] | -0.2879452652288265
-0.4709278345108032 | [1.65] | -0.2707212252493733
-0.48012804985046387 | [1.6] | -0.25579516123116836
-0.4881533980369568 | [1.56] | -0.24312075788974177
-0.4949440658092499 | [1.53] | -0.23264780746247818
-0.5004493594169617 | [1.5] | -0.22432646568427153
-0.5046281814575195 | [1.48] | -0.21811127797273003
-0.507449209690094 | [1.46] | -0.2139649122773765
-0.5088912844657898 | [1.46] | -0.2118607106499443
-0.5089436173439026 | [1.46] | -0.2117845447121315
-0.5076058506965637 | [1.46] | -0.21373584636720047
-0.5048879981040955 | [1.48] | -0.21772773415752092
-0.5008103847503662 | [1.5] | -0.22378606468305975
-0.49540355801582336 | [1.52] | -0.2319474811735497
-0.48870792984962463 | [1.56] | -0.24225688234626555
-0.4807735085487366 | [1.6] | -0.25476388211070894
-0.471659392118454 | [1.64] | -0.26951888696005794
-0.4614332616329193 | [1.69] | -0.2865685908213082
-0.4501706659793854 | [1.75] | -0.3059514073532669
-0.4379543364048004 | [1.81] | -0.3276926563202211
-0.4248732924461365 | [1.88] | -0.35180011680050466
-0.4110219180583954 | [1.94] | -0.3782598705774242
-0.3964989185333252 | [2.02] | -0.4070328068619404
-0.3814062178134918 | [2.09] | -0.43805188621301466
-0.3658479154109955 | [2.17] | -0.47122008138244537
-0.3499290645122528 | [2.25] | -0.5064096174270397
-0.33375459909439087 | [2.33] | -0.5434619346640804
-0.31742823123931885 | [2.41] | -0.5821887800120308
-0.30105143785476685 | [2.49] | -0.6223741691669891
-0.2847224771976471 | [2.58] | -0.6637773137633234
-0.26853564381599426 | [2.66] | -0.7061359047351994
-0.2525804936885834 | [2.74] | -0.7491702897255879
-0.23694130778312683 | [2.82] | -0.7925877272024389
-0.22169668972492218 | [2.89] | -0.8360867966877823
-0.20691922307014465 | [2.97] | -0.8793620199093021
-0.19267535209655762 | [3.04] | -0.9221080698776007
-0.179025337100029 | [3.1] | -0.9640238299093316
-0.1660233438014984 | [3.17] | -1.0048160015115826
-0.15371760725975037 | [3.23] | -1.0442023279151555
-0.14215072989463806 | [3.29] | -1.0819141554453935
-0.13135994970798492 | [3.34] | -1.117698792136271
-0.12137754261493683 | [3.39] | -1.1513210991683547
-0.11223121732473373 | [3.44] | -1.1825647460565443
-0.10394452512264252 | [3.48] | -1.211233060266859
-0.0965372622013092 | [3.52] | -1.237149558678074
-0.0900258868932724 | [3.55] | -1.260158103204211
-0.08442388474941254 | [3.58] | -1.280122941792805
-0.07974212616682053 | [3.6] | -1.2969285120467307
-0.07598917186260223 | [3.62] | -1.3104791981505013
-0.07317154109477997 | [3.63] | -1.3206990216863428
-0.0712939202785492 | [3.64] | -1.3275313765575136
-0.07035933434963226 | [3.65] | -1.3309387524267793
-0.07036925852298737 | [3.65] | -1.330902547270738
-0.0713236853480339 | [3.64] | -1.3274229288369277
-0.07322109490633011 | [3.63] | -1.3205189422228842
-0.07605843245983124 | [3.62] | -1.3102284830312918
-0.07983097434043884 | [3.6] | -1.2966085637986042
-0.08453216403722763 | [3.58] | -1.2797355607431316
-0.09015339612960815 | [3.55] | -1.2597055025658226
-0.09668374806642532 | [3.52] | -1.2366343755847289
-0.10410966724157333 | [3.48] | -1.2106583880665847
-0.1124146431684494 | [3.44] | -1.181934057322927
-0.12157879024744034 | [3.39] | -1.1506383446053163
-0.1315784901380539 | [3.34] | -1.1169682871153093
-0.14238592982292175 | [3.29] | -1.0811406632371579
-0.15396873652935028 | [3.23] | -1.04339098345371
-0.1662895530462265 | [3.17] | -1.0039723264458784
-0.17930568754673004 | [3.1] | -0.9631535737795938
-0.19296875596046448 | [3.04] | -0.9212173281004653
-0.20722448825836182 | [2.96] | -0.8784570183014027
-0.2220124751329422 | [2.89] | -0.8351739472548694
-0.2372661530971527 | [2.81] | -0.791673456125193
-0.2529127895832062 | [2.74] | -0.7482610395040732
-0.2688736915588379 | [2.66] | -0.7052378887958413
-0.2850644588470459 | [2.57] | -0.6628965288562143
-0.3013954162597656 | [2.49] | -0.6215163273169311
-0.31777217984199524 | [2.41] | -0.5813591763358524
-0.33409640192985535 | [2.33] | -0.5426654067367672
-0.35026654601097107 | [2.25] | -0.505650449092255
-0.3661789000034332 | [2.17] | -0.470501867005578
-0.38172850012779236 | [2.09] | -0.4373776190133655
-0.39681029319763184 | [2.02] | -0.40640484917844905
-0.4113202393054962 | [1.94] | -0.37767989093384186
-0.42515644431114197 | [1.87] | -0.35126922810366507
-0.4382202625274658 | [1.81] | -0.3272114461142394
-0.4504174590110779 | [1.75] | -0.30551988241067857
-0.46165910363197327 | [1.69] | -0.28618640538779955
-0.4718626141548157 | [1.64] | -0.26918535997327847
-0.48095259070396423 | [1.6] | -0.25447812344628046
-0.4888615608215332 | [1.56] | -0.2420178208360312
-0.4955305755138397 | [1.52] | -0.23175407611733415
-0.5009098649024963 | [1.5] | -0.22363727228160749
-0.5049591660499573 | [1.48] | -0.21762273424484171
-0.507648229598999 | [1.46] | -0.21367389414149898
-0.5089568495750427 | [1.46] | -0.21176528852321078
-0.5088752508163452 | [1.46] | -0.21188404896811477
-0.5074040293693542 | [1.46] | -0.21403100507322428
-0.5045542120933533 | [1.48] | -0.2182205339794482
-0.5003471970558167 | [1.5] | -0.22447950578076395
-0.494814395904541 | [1.53] | -0.23284563236777558
-0.48799723386764526 | [1.56] | -0.24336431518560211
-0.4799465537071228 | [1.6] | -0.2560855212098691
-0.47072234749794006 | [1.65] | -0.2710594310931684
-0.4603930413722992 | [1.7] | -0.28833221587089225
-0.4490349590778351 | [1.75] | -0.30794114987374227
-0.4367314279079437 | [1.82] | -0.32991013867450375
-0.4235720634460449 | [1.88] | -0.3542449785456711
-0.4096516966819763 | [1.95] | -0.3809294947581496
-0.3950693905353546 | [2.02] | -0.40992199620352293
-0.3799273371696472 | [2.1] | -0.44115260514345817
-0.3643297553062439 | [2.18] | -0.47452140527879333
-0.34838175773620605 | [2.26] | -0.5098975918635972
-0.332188218832016 | [2.34] | -0.5471196564989044
-0.31585264205932617 | [2.42] | -0.5859966605023373
-0.2994762361049652 | [2.5] | -0.6263100955591314
-0.2831569314002991 | [2.58] | -0.667816893898888
-0.2669885754585266 | [2.67] | -0.710252946729327
-0.25106024742126465 | [2.74] | -0.753337129903008
-0.235455721616745 | [2.82] | -0.7967756056381754
-0.22025300562381744 | [2.9] | -0.8402664437205436
-0.20552410185337067 | [2.97] | -0.883503983693104
-0.19133487343788147 | [3.04] | -0.9261830907321994
-0.17774496972560883 | [3.11] | -0.9680033067544587
-0.164807990193367 | [3.18] | -1.0086722233054743
-0.15257161855697632 | [3.24] | -1.0479087727448335
-0.1410779058933258 | [3.29] | -1.0854458152548119
-0.1303635984659195 | [3.35] | -1.1210322756487807
-0.12046053260564804 | [3.4] | -1.1544347193664988
-0.11139598488807678 | [3.44] | -1.1854387240706543
-0.10319313406944275 | [3.48] | -1.213849521019914
-0.09587143361568451 | [3.52] | -1.2394925949960784
-0.08944704383611679 | [3.55] | -1.2622137587830835
-0.08393318206071854 | [3.58] | -1.2818792193842201
-0.07934048771858215 | [3.6] | -1.2983753316042277
-0.0756773054599762 | [3.62] | -1.3116084145643017
-0.07294996827840805 | [3.64] | -1.3215043715659198
-0.07116300612688065 | [3.64] | -1.3280084090950135
-0.0703192874789238 | [3.65] | -1.3310848555631638
-0.07042014598846436 | [3.65] | -1.3307169084487342
-0.07146541774272919 | [3.64] | -1.3269065938619402
-0.07345345616340637 | [3.63] | -1.3196747009022483
-0.07638104259967804 | [3.62] | -1.3090609887728224
-0.08024328202009201 | [3.6] | -1.295124332693022
-0.08503343164920807 | [3.57] | -1.277942984648269
-0.09074267745018005 | [3.55] | -1.2576148739763484
-0.09735985845327377 | [3.51] | -1.2342579212820088
-0.10487115383148193 | [3.48] | -1.2080102819389382
-0.11325974017381668 | [3.43] | -1.1790304611653344
-0.12250539660453796 | [3.39] | -1.1474973440749359
Total reward: -743.9469277980718
