-2.5, 1.0, -2.1, 0.6, -2.6, 4.8, 4.2, -1.3, -1.0, -3.9, -4.2, 2.3, -4.4, -1.7, 5.5, -3.1, 0.9, -1.5
parameter ends

state | action | reward
[2.07] | 2 | -0.5
1.782231641918419 | 2 | -0.5
1.6671817085015646 | 2 | -0.5
1.5799982951611382 | 2 | -0.5
1.5522952478179493 | 2 | -0.5
1.5849624246477039 | 2 | -0.5
1.7435679079994053 | 2 | -0.5
1.952954812567937 | 2 | -0.5
2.356327099493731 | 2 | -0.5
3.1296349251950577 | 2 | -0.5
5.072276973118339 | 2 | -0.5
14.361247326457384 | 2 | -0.5
14.433341165829832 | 2 | -0.5
5.556776913219387 | 2 | -0.5
3.5473375403308185 | 2 | -0.5
2.643048647943351 | 2 | -0.5
2.3462380304099417 | 2 | -0.5
2.0943518410896567 | 2 | -0.5
1.9525218625978669 | 2 | -0.5
1.911338040449294 | 0 | 5.0
1.9420484768376132 | 0 | 5.0
1.951314644324618 | 0 | 5.0
1.9597352561113595 | 0 | 5.0
1.9620822749046773 | 0 | 5.0
1.9676696886998017 | 0 | 5.0
1.9965582247020652 | 0 | 5.0
1.971081354328731 | 0 | 5.0
2.0396221127076166 | 0 | 5.0
2.0144035104869977 | 0 | 5.0
2.0611061762754623 | 0 | 5.0
2.072825534356179 | 0 | 5.0
2.0838212168616463 | 0 | 5.0
2.068298359920254 | 0 | 5.0
2.114642196514418 | 0 | 5.0
2.1190623936017694 | 0 | 5.0
2.2075021237361856 | 2 | -0.5
2.114488180982304 | 0 | 5.0
2.158275569299766 | 0 | 5.0
2.111832904102694 | 0 | 5.0
2.1161259444303084 | 0 | 5.0
2.1002232563120917 | 0 | 5.0
2.0785519626014657 | 0 | 5.0
2.109645691013966 | 0 | 5.0
2.0975538118738304 | 0 | 5.0
2.0904021062874314 | 0 | 5.0
2.037838577620065 | 0 | 5.0
2.036256557248694 | 0 | 5.0
2.028371307725882 | 0 | 5.0
2.049864103136677 | 0 | 5.0
2.0104082517101953 | 0 | 5.0
2.0323836332011327 | 0 | 5.0
2.0412908104107115 | 0 | 5.0
2.025057670751871 | 0 | 5.0
2.066007337260273 | 0 | 5.0
2.013959715346514 | 0 | 5.0
2.02962720299497 | 0 | 5.0
1.9868503634240195 | 0 | 5.0
1.956456582453315 | 0 | 5.0
1.9518531859650008 | 0 | 5.0
1.9316029738219336 | 2 | -0.5
2.0096671436955087 | 2 | -0.5
2.1170677217460727 | 2 | -0.5
2.3361910285381455 | 2 | -0.5
2.764761473712026 | 2 | -0.5
3.583345980888163 | 2 | -0.5
5.4525870448732165 | 2 | -0.5
12.145089739456946 | 2 | -0.5
13.839774629685351 | 2 | -0.5
5.770567991993259 | 2 | -0.5
3.1961890051636654 | 2 | -0.5
2.387594590226891 | 2 | -0.5
1.9401622787654698 | 2 | -0.5
1.6640809599374826 | 2 | -0.5
1.5433970116963474 | 2 | -0.5
1.4803181303098956 | 0 | 5.0
1.535691130050064 | 0 | 5.0
1.5715824894927988 | 0 | 5.0
1.6062906544945958 | 0 | 5.0
1.6040051604535388 | 2 | -0.5
1.5645631547387424 | 0 | 5.0
1.6083707814671673 | 0 | 5.0
1.6446515204362124 | 0 | 5.0
1.6203796439043237 | 0 | 5.0
1.5988366577626274 | 0 | 5.0
1.5691491232051518 | 0 | 5.0
1.6032513570263094 | 0 | 5.0
1.6230660119273506 | 0 | 5.0
1.6183380676001886 | 0 | 5.0
1.6494061936929074 | 0 | 5.0
1.6915945815578073 | 0 | 5.0
1.668333736605625 | 0 | 5.0
1.6697061191287093 | 0 | 5.0
1.6985348747102917 | 0 | 5.0
1.7536775982409742 | 0 | 5.0
1.7580823536120123 | 0 | 5.0
1.745082250392186 | 0 | 5.0
1.757413895996118 | 0 | 5.0
1.7541089552036275 | 0 | 5.0
1.8077465751299104 | 0 | 5.0
1.8343650031669534 | 0 | 5.0
1.8182433885891225 | 0 | 5.0
1.79217655803674 | 0 | 5.0
1.8454349227787294 | 0 | 5.0
1.8474403922615912 | 0 | 5.0
1.8662688308682664 | 0 | 5.0
1.8715658719094832 | 0 | 5.0
1.9196204688016587 | 0 | 5.0
1.9051535268330155 | 0 | 5.0
1.971610986574942 | 0 | 5.0
1.9833994222444524 | 0 | 5.0
2.0022866785677467 | 0 | 5.0
2.0450563546973655 | 0 | 5.0
2.030629918956638 | 2 | -0.5
2.012559433158099 | 2 | -0.5
2.1014025832360246 | 2 | -0.5
2.209115817097838 | 2 | -0.5
2.487094970274996 | 2 | -0.5
2.836294990463207 | 2 | -0.5
3.8045355265769656 | 2 | -0.5
5.493899811223478 | 2 | -0.5
14.118679816356165 | 2 | -0.5
13.98428278569784 | 2 | -0.5
4.670266619226706 | 2 | -0.5
2.988247857013903 | 2 | -0.5
2.075553030023124 | 2 | -0.5
1.7148958824572 | 2 | -0.5
1.5186885988789542 | 2 | -0.5
1.4112214878256504 | 2 | -0.5
1.3540399351575325 | 0 | 5.0
1.3748744857160229 | 0 | 5.0
1.3891875913583616 | 0 | 5.0
1.4182899352737117 | 0 | 5.0
1.4919500887168027 | 0 | 5.0
1.5326562000622104 | 0 | 5.0
1.5626851973397977 | 0 | 5.0
1.5592807902028227 | 0 | 5.0
1.65851951336515 | 2 | -0.5
1.6407130040381634 | 0 | 5.0
1.6134701221366705 | 0 | 5.0
1.6175117101358794 | 0 | 5.0
1.5793039949187966 | 0 | 5.0
1.5774117317013694 | 0 | 5.0
1.5580407530184446 | 0 | 5.0
1.5934529892320317 | 0 | 5.0
1.615938198277103 | 0 | 5.0
1.641176291076132 | 0 | 5.0
1.5510325419498365 | 0 | 5.0
1.5761585778457616 | 0 | 5.0
1.5681911520496528 | 0 | 5.0
1.5825431775215946 | 0 | 5.0
1.5504227559742665 | 0 | 5.0
1.5894704344318598 | 0 | 5.0
1.5713804501961184 | 0 | 5.0
1.5520916936091234 | 0 | 5.0
1.5258595867110714 | 0 | 5.0
1.4926519726317413 | 0 | 5.0
1.4742510539405462 | 0 | 5.0
1.472676565007624 | 0 | 5.0
1.468978528154388 | 0 | 5.0
1.4663551239962933 | 0 | 5.0
1.4573620495769068 | 0 | 5.0
1.4239087873417475 | 2 | -0.5
1.48108200734881 | 2 | -0.5
1.5877157046899524 | 2 | -0.5
1.7720466182677939 | 2 | -0.5
2.082449552322538 | 2 | -0.5
2.597884683289282 | 2 | -0.5
3.808628558215556 | 2 | -0.5
8.141687944397232 | 2 | -0.5
12.54570842585207 | 2 | -0.5
7.31265990554042 | 2 | -0.5
4.503890613467059 | 2 | -0.5
3.3730836677140315 | 2 | -0.5
2.7129683436274945 | 2 | -0.5
2.4231551238765303 | 2 | -0.5
2.2526648216857175 | 2 | -0.5
2.09237369031401 | 2 | -0.5
2.100334675483843 | 0 | 5.0
2.075336289866053 | 0 | 5.0
2.0722441659821396 | 0 | 5.0
2.094221286617983 | 0 | 5.0
2.0431886031539928 | 0 | 5.0
2.0615783085537793 | 0 | 5.0
2.0613087473246474 | 0 | 5.0
2.091680668924062 | 0 | 5.0
2.0006902041907444 | 0 | 5.0
2.0171034948368067 | 0 | 5.0
1.9999023394315891 | 0 | 5.0
2.0139760074826913 | 0 | 5.0
1.9823862631292657 | 0 | 5.0
2.0247582882149384 | 0 | 5.0
1.939427459592598 | 0 | 5.0
1.9732637211318587 | 0 | 5.0
1.9179585451808294 | 0 | 5.0
1.9342824447900364 | 0 | 5.0
1.921979455584213 | 0 | 5.0
1.9394824793285246 | 0 | 5.0
1.9676608637104132 | 0 | 5.0
1.9740760206049461 | 0 | 5.0
2.0287672514195245 | 0 | 5.0
2.010656458322138 | 0 | 5.0
1.9849359296657487 | 0 | 5.0
2.0369309447405235 | 0 | 5.0
2.0110670756228584 | 0 | 5.0
2.064029361874052 | 0 | 5.0
2.074943981969228 | 0 | 5.0
2.0888726882575734 | 0 | 5.0
2.069220542523677 | 0 | 5.0
2.086555449128388 | 0 | 5.0
2.108144445046093 | 2 | -0.5
2.1375831232297986 | 0 | 5.0
2.0814048059733894 | 2 | -0.5
2.2577071711234664 | 2 | -0.5
2.4317103111684677 | 2 | -0.5
2.779016585097715 | 2 | -0.5
3.4276678067928548 | 2 | -0.5
4.898200242602567 | 2 | -0.5
8.745540882733406 | 2 | -0.5
14.23592477132009 | 2 | -0.5
6.886429211225214 | 2 | -0.5
3.504854821923807 | 2 | -0.5
2.3045780010473225 | 2 | -0.5
1.716066923381834 | 2 | -0.5
1.507574767040457 | 2 | -0.5
1.3255627878621006 | 2 | -0.5
1.238640587207118 | 2 | -0.5
1.2282821853140096 | 0 | 5.0
1.2288306936572932 | 0 | 5.0
1.2432811328650866 | 0 | 5.0
1.2400013995942167 | 0 | 5.0
1.234295512124692 | 0 | 5.0
1.2308598020555404 | 0 | 5.0
1.221796130426596 | 0 | 5.0
1.2300463837696012 | 0 | 5.0
1.2273818324381072 | 0 | 5.0
1.2685563091752878 | 0 | 5.0
1.304413283379433 | 0 | 5.0
1.3402823634067154 | 0 | 5.0
1.325551075744922 | 0 | 5.0
1.3145010427957866 | 0 | 5.0
1.372380101274862 | 0 | 5.0
1.4179377761265892 | 0 | 5.0
1.421614058861268 | 0 | 5.0
1.461348288501296 | 0 | 5.0
1.5099484409856976 | 0 | 5.0
1.5398686724923882 | 0 | 5.0
1.561445965784674 | 0 | 5.0
1.6029296480366486 | 0 | 5.0
1.5928699028300695 | 0 | 5.0
1.690931293257609 | 0 | 5.0
1.7585521314723371 | 2 | -0.5
1.7150375352397726 | 0 | 5.0
1.689186659445578 | 0 | 5.0
1.6772120548420917 | 0 | 5.0
1.6676621874755648 | 0 | 5.0
1.668944707859379 | 0 | 5.0
1.6368255181741098 | 0 | 5.0
1.7049544635075242 | 0 | 5.0
1.6984415769568806 | 0 | 5.0
1.7010694578415926 | 0 | 5.0
1.6905156911237844 | 0 | 5.0
1.6880459355293425 | 0 | 5.0
1.683548046433968 | 0 | 5.0
1.706946336188306 | 2 | -0.5
1.7123826161030304 | 2 | -0.5
1.7878543717028104 | 2 | -0.5
2.0190071044636917 | 2 | -0.5
2.3159808482585866 | 2 | -0.5
2.839934358312993 | 2 | -0.5
3.7287357935427208 | 2 | -0.5
7.151196861253137 | 2 | -0.5
13.207914886129588 | 2 | -0.5
6.901655732737534 | 2 | -0.5
4.1332845792663 | 2 | -0.5
2.832647389038209 | 2 | -0.5
2.2794108041811403 | 2 | -0.5
1.977732255338692 | 2 | -0.5
1.8227953103552768 | 2 | -0.5
1.7539167215369058 | 0 | 5.0
1.7800568047034242 | 0 | 5.0
1.7760510279315789 | 0 | 5.0
1.8598579681475316 | 2 | -0.5
1.8193723231498702 | 0 | 5.0
1.7722737576232923 | 0 | 5.0
1.8542783531682157 | 0 | 5.0
1.8499700749706294 | 0 | 5.0
1.8484551458517515 | 0 | 5.0
1.8283483340360045 | 0 | 5.0
1.838095016646243 | 0 | 5.0
1.8619010549600545 | 0 | 5.0
1.8600291570735532 | 0 | 5.0
1.8580088317526031 | 0 | 5.0
1.9064198215107546 | 0 | 5.0
1.9157458860168193 | 0 | 5.0
1.9181887782450224 | 0 | 5.0
1.8954393448508058 | 0 | 5.0
1.8994049995463262 | 0 | 5.0
1.9233106929177664 | 0 | 5.0
1.9388585071055071 | 0 | 5.0
1.9154452757202103 | 0 | 5.0
1.9072071122541625 | 0 | 5.0
1.939738686069923 | 0 | 5.0
1.9169480621860226 | 0 | 5.0
1.8746858777416127 | 0 | 5.0
1.8925023651504416 | 0 | 5.0
1.885033255093693 | 0 | 5.0
1.8992314052223314 | 0 | 5.0
1.8773863116212324 | 0 | 5.0
1.8335113145551403 | 0 | 5.0
1.8494563066664553 | 0 | 5.0
1.8357286750096864 | 0 | 5.0
1.8394232971711553 | 2 | -0.5
1.875026092246494 | 2 | -0.5
2.033572895468519 | 2 | -0.5
2.2875605371411947 | 2 | -0.5
2.7468421239874496 | 2 | -0.5
3.5299615205848784 | 2 | -0.5
4.921863796206141 | 2 | -0.5
9.83594471615807 | 2 | -0.5
13.532692583215853 | 2 | -0.5
6.460778461863551 | 2 | -0.5
3.3910205857148457 | 2 | -0.5
2.6232001464666728 | 2 | -0.5
2.087396755120345 | 2 | -0.5
1.7868572351415961 | 2 | -0.5
1.7044743488332208 | 2 | -0.5
1.6044266353103929 | 0 | 5.0
1.6666303348406695 | 2 | -0.5
1.596158122858841 | 0 | 5.0
1.6294967762178523 | 0 | 5.0
1.650234200985131 | 0 | 5.0
1.6371967738025464 | 0 | 5.0
1.6664664772809687 | 0 | 5.0
1.6444095738974795 | 0 | 5.0
1.6312072486027012 | 0 | 5.0
1.6802347564631448 | 0 | 5.0
1.7338328770653535 | 0 | 5.0
1.7272352329746168 | 0 | 5.0
1.735629517028313 | 0 | 5.0
1.7036221770952005 | 0 | 5.0
1.7622063585014862 | 0 | 5.0
1.7558044993695854 | 0 | 5.0
1.7755134234484924 | 0 | 5.0
1.7633820133715676 | 0 | 5.0
1.8288143919471775 | 0 | 5.0
1.7914399939707402 | 0 | 5.0
1.788779565490659 | 0 | 5.0
1.8291820831286876 | 0 | 5.0
1.8031114864540263 | 0 | 5.0
1.774566974992436 | 0 | 5.0
1.7981272899767882 | 0 | 5.0
1.7485063244965644 | 0 | 5.0
1.818767600972773 | 0 | 5.0
1.8468344710873668 | 0 | 5.0
1.8347499461948256 | 0 | 5.0
1.8278898368692582 | 0 | 5.0
1.8435725922295056 | 0 | 5.0
1.8069183731900051 | 0 | 5.0
1.7915321302903195 | 0 | 5.0
1.7631851573117854 | 0 | 5.0
1.7705722035758589 | 2 | -0.5
1.8291236092359702 | 2 | -0.5
1.9302924379332838 | 2 | -0.5
2.16452117182646 | 2 | -0.5
2.6746268710990435 | 2 | -0.5
3.6824904503171583 | 2 | -0.5
6.23525176852642 | 2 | -0.5
13.46780749560602 | 2 | -0.5
7.783606052434148 | 2 | -0.5
3.8436444691142246 | 2 | -0.5
2.7333713756063625 | 2 | -0.5
2.1838888968233934 | 2 | -0.5
1.887903909236668 | 2 | -0.5
1.7298205197475556 | 2 | -0.5
1.6883952867072476 | 0 | 5.0
1.696905170203572 | 0 | 5.0
1.7046282042573857 | 0 | 5.0
1.705667017362412 | 0 | 5.0
1.7380581248917522 | 0 | 5.0
1.7609395388111126 | 0 | 5.0
1.7734889934017681 | 0 | 5.0
1.7659286649016055 | 0 | 5.0
1.7760400240308474 | 0 | 5.0
1.8175817483861534 | 0 | 5.0
1.8714519929031457 | 0 | 5.0
1.8156546152742037 | 0 | 5.0
1.8665042797752536 | 0 | 5.0
1.8292556619779403 | 0 | 5.0
1.8634834512875968 | 0 | 5.0
1.9020187911136088 | 0 | 5.0
1.8951007988632749 | 0 | 5.0
1.8729857380457953 | 0 | 5.0
1.8765898688554075 | 0 | 5.0
1.866532251658469 | 0 | 5.0
1.8811517592753035 | 0 | 5.0
1.8495910074743032 | 0 | 5.0
1.8521541035516274 | 0 | 5.0
1.8292416148221764 | 0 | 5.0
1.8234698365077113 | 0 | 5.0
1.8227290366912015 | 0 | 5.0
1.7921727557319522 | 0 | 5.0
1.7953602511504605 | 0 | 5.0
1.7826231576300007 | 0 | 5.0
1.7432311689412303 | 0 | 5.0
1.743003400758526 | 0 | 5.0
1.701222666051759 | 2 | -0.5
1.739309078033166 | 2 | -0.5
1.9135665835820925 | 2 | -0.5
2.1176826048776016 | 2 | -0.5
2.6104363762183223 | 2 | -0.5
3.4777586476749063 | 2 | -0.5
6.071553108603878 | 2 | -0.5
13.239506770096696 | 2 | -0.5
10.121252739911087 | 2 | -0.5
4.418375730628623 | 2 | -0.5
2.8151188071042985 | 2 | -0.5
2.231775434919775 | 2 | -0.5
1.9783969576029394 | 2 | -0.5
1.7811572118490944 | 2 | -0.5
1.705476865734846 | 2 | -0.5
1.693034293379944 | 0 | 5.0
1.6278117449033611 | 0 | 5.0
1.6658747978717379 | 0 | 5.0
1.6189063336416816 | 0 | 5.0
1.6542236827970742 | 0 | 5.0
1.6277243291435606 | 0 | 5.0
1.6040920618744534 | 0 | 5.0
1.5625791825394133 | 0 | 5.0
1.5785562438407332 | 0 | 5.0
1.5654539807704577 | 0 | 5.0
1.5204772144441976 | 0 | 5.0
1.5274708332937401 | 0 | 5.0
1.4718677422904483 | 0 | 5.0
1.4695762176155245 | 0 | 5.0
1.417934776522686 | 0 | 5.0
1.4227610344371673 | 2 | -0.5
1.519380821489342 | 2 | -0.5
1.5845275866738302 | 2 | -0.5
1.9112395577223942 | 2 | -0.5
2.402822529664538 | 2 | -0.5
3.580267006536761 | 2 | -0.5
7.14944143469971 | 2 | -0.5
10.13947927643659 | 2 | -0.5
10.388322445476932 | 2 | -0.5
4.466823197462912 | 2 | -0.5
3.132412926823769 | 2 | -0.5
2.571602180916362 | 2 | -0.5
2.2621881620460917 | 2 | -0.5
2.081128738654093 | 2 | -0.5
2.001491443947607 | 2 | -0.5
1.9531028867908304 | 0 | 5.0
1.9445734097637923 | 0 | 5.0
1.928121480892627 | 0 | 5.0
1.9043349975609776 | 0 | 5.0
1.9203794634091405 | 0 | 5.0
1.8875703534092225 | 0 | 5.0
1.8912386448877474 | 0 | 5.0
1.8790550461928004 | 0 | 5.0
1.8293521837901747 | 0 | 5.0
1.8624089423334245 | 0 | 5.0
1.8865825287391214 | 0 | 5.0
1.8623671530996926 | 0 | 5.0
1.8541226246341245 | 0 | 5.0
1.847883382951134 | 0 | 5.0
1.8683941855655686 | 0 | 5.0
1.8494110578349874 | 0 | 5.0
1.8447660621046513 | 2 | -0.5
1.8844492733452414 | 2 | -0.5
2.0035398950228083 | 2 | -0.5
2.2266331782124857 | 2 | -0.5
2.692150910642468 | 2 | -0.5
3.3426659718977447 | 2 | -0.5
4.8464756853206765 | 2 | -0.5
10.52968661513634 | 2 | -0.5
13.561702119498152 | 2 | -0.5
6.419809049044125 | 2 | -0.5
3.7322473494995427 | 2 | -0.5
2.6706783660168263 | 2 | -0.5
2.1922851832433263 | 2 | -0.5
2.000856833065077 | 2 | -0.5
1.79679648456719 | 2 | -0.5
1.716225410826192 | 2 | -0.5
1.6772323113898127 | 0 | 5.0
1.670688195114171 | 0 | 5.0
1.7051802581048532 | 0 | 5.0
1.7271984040706168 | 0 | 5.0
1.7142358984793307 | 0 | 5.0
1.6696038447806414 | 0 | 5.0
1.6790477924005516 | 0 | 5.0
1.6811997119339261 | 0 | 5.0
1.6990331039861213 | 0 | 5.0
1.6741211926965052 | 0 | 5.0
1.6710906043749632 | 0 | 5.0
1.6791544737130635 | 0 | 5.0
1.6704790524968671 | 0 | 5.0
1.7041509018712588 | 0 | 5.0
1.6688819073263206 | 0 | 5.0
1.6624423577154388 | 0 | 5.0
1.6761212841821194 | 0 | 5.0
1.6680931725186405 | 0 | 5.0
1.625239529800096 | 0 | 5.0
1.6277789038239932 | 0 | 5.0
1.5876879046981527 | 0 | 5.0
1.6321249318411766 | 0 | 5.0
1.5671691443825733 | 0 | 5.0
1.5708530062687325 | 0 | 5.0
1.4846007120598665 | 0 | 5.0
1.4858633030811301 | 0 | 5.0
1.4585965462026478 | 0 | 5.0
1.4297593904714898 | 2 | -0.5
1.5078825932946633 | 2 | -0.5
1.6889048951187493 | 2 | -0.5
1.9793239481926774 | 2 | -0.5
2.4422176260601356 | 2 | -0.5
3.6577412968080143 | 2 | -0.5
7.416332553274332 | 2 | -0.5
12.37541960861686 | 2 | -0.5
8.423476608635212 | 2 | -0.5
4.681181766843924 | 2 | -0.5
3.2117884075778553 | 2 | -0.5
2.5545832536471886 | 2 | -0.5
2.237136510722738 | 2 | -0.5
2.07250945300916 | 2 | -0.5
1.9800434954796073 | 0 | 5.0
2.0100359127166776 | 0 | 5.0
2.023502232312485 | 0 | 5.0
2.0563567863399936 | 0 | 5.0
2.083273896739209 | 0 | 5.0
2.126902383828694 | 0 | 5.0
2.1451723970871144 | 2 | -0.5
2.090021495885545 | 0 | 5.0
2.129193038950066 | 0 | 5.0
2.1069371205075416 | 0 | 5.0
2.080291625772385 | 0 | 5.0
2.1410417783963163 | 0 | 5.0
2.0958624535921087 | 0 | 5.0
2.1206158463375195 | 0 | 5.0
2.0789382587769185 | 0 | 5.0
2.109768867068793 | 0 | 5.0
2.074346356148487 | 0 | 5.0
2.085541098111086 | 0 | 5.0
2.081341466301467 | 0 | 5.0
2.0769259074693713 | 0 | 5.0
2.092425350690142 | 0 | 5.0
2.114052043550534 | 0 | 5.0
2.1115608376237085 | 0 | 5.0
2.1408965551793955 | 0 | 5.0
2.141052980384826 | 0 | 5.0
2.146961766809394 | 0 | 5.0
2.1553943974901038 | 0 | 5.0
2.1942088864222016 | 0 | 5.0
2.230192529000547 | 0 | 5.0
2.203361867873012 | 0 | 5.0
2.1876821116799676 | 0 | 5.0
2.3080390626995024 | 0 | 5.0
2.3149697566726952 | 0 | 5.0
2.2456861504179844 | 2 | -0.5
2.310562079515924 | 0 | 5.0
2.30994624581671 | 0 | 5.0
2.276312435424742 | 2 | -0.5
2.38132533499446 | 2 | -0.5
2.5558380095265787 | 2 | -0.5
2.8726632482440237 | 2 | -0.5
3.4105473013087373 | 2 | -0.5
4.7623604533297215 | 2 | -0.5
8.157861306788252 | 2 | -0.5
15.022484241761934 | 2 | -0.5
8.172934873993283 | 2 | -0.5
3.6771456673753624 | 2 | -0.5
2.3143904711826813 | 2 | -0.5
1.7738842767317926 | 2 | -0.5
1.526261967883414 | 2 | -0.5
1.3900639733072586 | 2 | -0.5
1.2838966976707071 | 2 | -0.5
1.2868568695009102 | 0 | 5.0
1.2430443340008817 | 0 | 5.0
1.2930288515225206 | 0 | 5.0
1.2827931507208608 | 0 | 5.0
1.3158588541059741 | 0 | 5.0
1.3027392592685925 | 0 | 5.0
1.3613524163775808 | 0 | 5.0
1.3473400652906968 | 0 | 5.0
1.3741502113670496 | 0 | 5.0
1.363573605971657 | 0 | 5.0
1.338136431897428 | 0 | 5.0
1.3747117146321521 | 0 | 5.0
1.4059631291654922 | 0 | 5.0
1.4055394943903647 | 0 | 5.0
1.4161659803157514 | 0 | 5.0
1.4115012509544365 | 0 | 5.0
1.4179111424307167 | 0 | 5.0
1.4580682951684965 | 0 | 5.0
1.4601107639303412 | 0 | 5.0
1.4906578776915425 | 0 | 5.0
1.518860497310375 | 0 | 5.0
1.498945126362414 | 0 | 5.0
1.5046707568872095 | 0 | 5.0
1.5123233899751605 | 0 | 5.0
1.5380912063624248 | 0 | 5.0
1.4899643364374233 | 0 | 5.0
1.5278322775675515 | 0 | 5.0
1.4956154406408553 | 0 | 5.0
1.5229192684130204 | 0 | 5.0
1.6016601511717394 | 0 | 5.0
1.5331477041584378 | 0 | 5.0
1.547120137352152 | 0 | 5.0
1.5714005839384608 | 0 | 5.0
1.5382724203601408 | 0 | 5.0
1.5301927779830644 | 0 | 5.0
1.563148123704386 | 0 | 5.0
1.5693642089299216 | 2 | -0.5
1.5751228044926215 | 2 | -0.5
1.680715969591394 | 2 | -0.5
1.8929135946576574 | 2 | -0.5
2.24814186791628 | 2 | -0.5
2.98587753998255 | 2 | -0.5
5.259021600240621 | 2 | -0.5
13.011666758416217 | 2 | -0.5
13.206593097734828 | 2 | -0.5
5.229752780234328 | 2 | -0.5
3.4947449510807544 | 2 | -0.5
2.7209458548638263 | 2 | -0.5
2.3828755205936014 | 2 | -0.5
2.1637274568106215 | 2 | -0.5
2.035378333811034 | 2 | -0.5
2.00489776142462 | 0 | 5.0
2.0281944930919127 | 0 | 5.0
2.031226224880345 | 0 | 5.0
2.0453713928856025 | 0 | 5.0
2.0901309044679715 | 0 | 5.0
2.128192075979571 | 0 | 5.0
2.1169116827206964 | 0 | 5.0
2.128548704191601 | 0 | 5.0
2.1134867926576484 | 0 | 5.0
2.155989516137379 | 0 | 5.0
2.1916392137684255 | 0 | 5.0
2.2121290425061826 | 0 | 5.0
2.2079991151808485 | 0 | 5.0
2.21871533892344 | 0 | 5.0
2.2475448684552584 | 0 | 5.0
2.276106877355972 | 0 | 5.0
2.2984285621542497 | 2 | -0.5
2.34162301543055 | 0 | 5.0
2.2998193400073603 | 0 | 5.0
2.2582244101923665 | 0 | 5.0
2.240457671491981 | 0 | 5.0
2.2087113914306618 | 0 | 5.0
2.2123691178150606 | 0 | 5.0
2.225711544095139 | 0 | 5.0
2.218744171052471 | 0 | 5.0
2.182761919639305 | 0 | 5.0
2.227549851283437 | 0 | 5.0
2.2275500869999285 | 0 | 5.0
2.147583258978671 | 0 | 5.0
2.099806148200062 | 0 | 5.0
2.162683935956525 | 0 | 5.0
2.187866912237493 | 0 | 5.0
2.183191467715454 | 0 | 5.0
2.1655992686047574 | 0 | 5.0
2.1673096602859525 | 0 | 5.0
2.108854028182044 | 0 | 5.0
2.156884945696848 | 2 | -0.5
2.224124141199034 | 2 | -0.5
2.418084781082422 | 2 | -0.5
2.672707451273266 | 2 | -0.5
3.2454535679628562 | 2 | -0.5
4.395529094723212 | 2 | -0.5
7.601032257219595 | 2 | -0.5
14.299425363558628 | 2 | -0.5
8.347324964489648 | 2 | -0.5
3.429092693521754 | 2 | -0.5
2.0767276450628884 | 2 | -0.5
1.676165026860264 | 2 | -0.5
1.4348339661064884 | 2 | -0.5
1.303408785072727 | 2 | -0.5
1.2397018508928357 | 2 | -0.5
1.1991864181951712 | 0 | 5.0
1.2197384761310468 | 0 | 5.0
1.2003286756764313 | 0 | 5.0
1.1963714633391154 | 0 | 5.0
1.2395391101802629 | 0 | 5.0
1.2091147937847397 | 0 | 5.0
1.2798830833542494 | 0 | 5.0
1.2522411407915306 | 0 | 5.0
1.2838512283036725 | 0 | 5.0
1.2950877166962234 | 0 | 5.0
1.299835844729147 | 0 | 5.0
1.3262745914162204 | 0 | 5.0
1.3221367495863046 | 0 | 5.0
1.3337269404906538 | 0 | 5.0
1.3629360555803434 | 0 | 5.0
1.3895771764983254 | 0 | 5.0
1.3764095701757957 | 0 | 5.0
1.371671119149343 | 0 | 5.0
1.3798640059560479 | 0 | 5.0
1.4143706820661595 | 0 | 5.0
1.4089475438448478 | 0 | 5.0
1.4703079528127199 | 0 | 5.0
1.4280438687490875 | 0 | 5.0
1.4570353430829974 | 0 | 5.0
1.4333257595495696 | 0 | 5.0
1.5092761217284874 | 0 | 5.0
1.4550230907930572 | 0 | 5.0
1.4393128408742315 | 0 | 5.0
1.4623142977076062 | 0 | 5.0
1.475028042107362 | 0 | 5.0
1.421537612724275 | 0 | 5.0
1.4416729750614163 | 0 | 5.0
1.3995992473312637 | 0 | 5.0
1.4318548406056264 | 2 | -0.5
1.4629572206906787 | 2 | -0.5
1.52680830305144 | 2 | -0.5
1.6859490294596648 | 2 | -0.5
1.9002651602741736 | 2 | -0.5
2.250297722291369 | 2 | -0.5
3.0409942634815637 | 2 | -0.5
5.76790938182445 | 2 | -0.5
12.54029705596882 | 2 | -0.5
12.646708583291174 | 2 | -0.5
4.952835101119597 | 2 | -0.5
3.4521970381049805 | 2 | -0.5
2.6929382226828222 | 2 | -0.5
2.320282479142286 | 2 | -0.5
2.1219771762625594 | 2 | -0.5
2.037994684766613 | 2 | -0.5
1.9374599147551672 | 0 | 5.0
1.945228153008191 | 0 | 5.0
2.007656347534513 | 2 | -0.5
1.9987516336880229 | 0 | 5.0
1.9725270675607596 | 0 | 5.0
1.9810641362704011 | 0 | 5.0
1.9696946690617072 | 0 | 5.0
1.9889711256653166 | 0 | 5.0
1.9752867218411951 | 0 | 5.0
1.9695706823770889 | 0 | 5.0
1.9761941148426188 | 0 | 5.0
1.9901831978475224 | 0 | 5.0
2.031586303816701 | 0 | 5.0
2.040022614433436 | 0 | 5.0
2.051895956664522 | 0 | 5.0
2.0955546456844925 | 0 | 5.0
2.0885928384586463 | 0 | 5.0
2.1252013555347293 | 0 | 5.0
2.1391789392812464 | 0 | 5.0
2.17209250348033 | 0 | 5.0
2.143165527866466 | 0 | 5.0
2.198856344147356 | 0 | 5.0
2.1941216493089026 | 0 | 5.0
2.1976293795886988 | 0 | 5.0
2.1825801701683454 | 0 | 5.0
2.175932467432943 | 0 | 5.0
2.2265524213915624 | 0 | 5.0
2.245329503072646 | 0 | 5.0
2.242911055661538 | 0 | 5.0
2.235965233105956 | 0 | 5.0
2.192745380968633 | 0 | 5.0
2.201104561467839 | 0 | 5.0
2.1824504635295288 | 0 | 5.0
2.1915781885345944 | 0 | 5.0
2.184415652416989 | 2 | -0.5
2.216633836192718 | 2 | -0.5
2.374838307335619 | 2 | -0.5
2.6343806042727786 | 2 | -0.5
3.0447987965596512 | 2 | -0.5
4.0677314541871 | 2 | -0.5
6.030297224915227 | 2 | -0.5
14.73089578118999 | 2 | -0.5
14.162206686305508 | 2 | -0.5
3.5991005654230754 | 2 | -0.5
2.1796315118386467 | 2 | -0.5
1.6826524569383303 | 2 | -0.5
1.3421801572010512 | 2 | -0.5
1.187075134676341 | 2 | -0.5
1.1302401014087824 | 2 | -0.5
1.1152081484048346 | 0 | 5.0
1.1267923139886644 | 0 | 5.0
1.1307065150138198 | 0 | 5.0
1.1621858653684567 | 0 | 5.0
1.1864293286917784 | 0 | 5.0
1.171270818319502 | 0 | 5.0
1.173493863926963 | 0 | 5.0
1.206154931821268 | 0 | 5.0
1.188781280004906 | 0 | 5.0
1.226379647857388 | 0 | 5.0
1.2362856716989488 | 0 | 5.0
1.250915224840359 | 0 | 5.0
1.275085605589592 | 0 | 5.0
1.2670765339693835 | 0 | 5.0
1.3171106990275263 | 0 | 5.0
1.3247465678150168 | 0 | 5.0
1.3352172672419211 | 0 | 5.0
1.373462062029957 | 0 | 5.0
1.438311269012942 | 0 | 5.0
1.404354358365196 | 0 | 5.0
1.417649079877724 | 0 | 5.0
1.4225746281197234 | 0 | 5.0
1.3993299638618955 | 0 | 5.0
1.4274009841614386 | 0 | 5.0
1.4504998666597997 | 0 | 5.0
1.4890908730456742 | 0 | 5.0
1.4469001018483436 | 0 | 5.0
1.4847503178517285 | 0 | 5.0
1.544901862379095 | 0 | 5.0
1.5297229442869316 | 0 | 5.0
1.5375860044014007 | 0 | 5.0
1.5388748671731465 | 0 | 5.0
1.5783052760192893 | 0 | 5.0
1.5990617680069192 | 0 | 5.0
1.6422168113801259 | 0 | 5.0
1.6602292124708482 | 0 | 5.0
1.6721902603597363 | 0 | 5.0
1.6962020689812842 | 2 | -0.5
1.6834772808136316 | 2 | -0.5
1.735024628614506 | 2 | -0.5
1.8495094580755722 | 2 | -0.5
2.1475240823309756 | 2 | -0.5
2.639883889775789 | 2 | -0.5
3.5711173663965656 | 2 | -0.5
6.08452391849315 | 2 | -0.5
13.189213548057504 | 2 | -0.5
8.487806764826546 | 2 | -0.5
3.856291464930962 | 2 | -0.5
2.774220515400899 | 2 | -0.5
2.396634902024406 | 2 | -0.5
2.12123765486939 | 2 | -0.5
1.9230190074689015 | 2 | -0.5
1.798963061198578 | 2 | -0.5
1.7365456578057585 | 0 | 5.0
1.7844626992892085 | 0 | 5.0
1.7604396810084302 | 0 | 5.0
1.7534835244802947 | 0 | 5.0
1.7205524634217406 | 0 | 5.0
1.7239779853029353 | 0 | 5.0
1.6982827895768224 | 0 | 5.0
1.6912807304276516 | 0 | 5.0
1.7176973089569316 | 0 | 5.0
1.6775120143133095 | 0 | 5.0
1.6652159353844607 | 0 | 5.0
1.651578175335326 | 0 | 5.0
1.6236455399501435 | 0 | 5.0
1.6292340474013527 | 0 | 5.0
1.5535049551031992 | 0 | 5.0
1.6143218773214785 | 0 | 5.0
1.5479714616103395 | 0 | 5.0
1.5742381272191568 | 0 | 5.0
1.559414048694735 | 0 | 5.0
1.5314516724524652 | 0 | 5.0
1.5026206452581907 | 0 | 5.0
1.459977034212865 | 0 | 5.0
1.4918120975581308 | 0 | 5.0
1.4065379667783837 | 0 | 5.0
1.3782058438443274 | 0 | 5.0
1.329580723934094 | 2 | -0.5
1.413666733813196 | 2 | -0.5
1.579160596136403 | 2 | -0.5
1.914779125557961 | 2 | -0.5
2.3389315145908847 | 2 | -0.5
3.083169151145173 | 2 | -0.5
5.604107735165204 | 2 | -0.5
12.05098690101104 | 2 | -0.5
9.40488887837832 | 2 | -0.5
4.791565825047318 | 2 | -0.5
3.4576269005829077 | 2 | -0.5
2.8084107097238626 | 2 | -0.5
2.441323175934616 | 2 | -0.5
2.2102859935447023 | 2 | -0.5
2.143858600680851 | 2 | -0.5
2.124099555617506 | 0 | 5.0
2.1042581829875253 | 0 | 5.0
2.106624742482167 | 0 | 5.0
2.109795674491453 | 0 | 5.0
2.0926486520597076 | 0 | 5.0
2.0485041454166493 | 0 | 5.0
2.104300429719141 | 0 | 5.0
2.091384500433165 | 0 | 5.0
2.104586545103823 | 0 | 5.0
2.122245704050452 | 0 | 5.0
2.09366971464783 | 0 | 5.0
2.063133042860296 | 0 | 5.0
2.123751843288628 | 0 | 5.0
2.1229143686004632 | 0 | 5.0
2.1082398815126053 | 0 | 5.0
2.0916126918837072 | 0 | 5.0
2.0828760179291685 | 0 | 5.0
2.08396650661726 | 0 | 5.0
2.1124412879154173 | 0 | 5.0
2.107864906790147 | 0 | 5.0
2.0996489078700797 | 0 | 5.0
2.14076444948792 | 0 | 5.0
2.1635484617308447 | 0 | 5.0
2.151357555915452 | 0 | 5.0
2.1632603682508282 | 0 | 5.0
2.2218354518729098 | 0 | 5.0
2.2644061106232 | 0 | 5.0
2.2449367279534886 | 0 | 5.0
2.2373380699175396 | 0 | 5.0
2.2562205558746258 | 0 | 5.0
2.301893346843585 | 0 | 5.0
2.352633613556697 | 2 | -0.5
2.3846186214001497 | 0 | 5.0
2.3556084785251694 | 0 | 5.0
2.3351793914479173 | 2 | -0.5
2.3941240861577167 | 2 | -0.5
2.5352644479837636 | 2 | -0.5
2.793332499192268 | 2 | -0.5
3.3872191355082673 | 2 | -0.5
4.565315854685965 | 2 | -0.5
6.974335548726971 | 2 | -0.5
14.952948040961813 | 2 | -0.5
8.015074385322889 | 2 | -0.5
3.1136846594469785 | 2 | -0.5
2.018246043099559 | 2 | -0.5
1.6839808493858903 | 2 | -0.5
1.3857426897602416 | 2 | -0.5
1.2425431412930827 | 2 | -0.5
1.1472585071805341 | 2 | -0.5
1.1146809175402717 | 0 | 5.0
1.1371377279745616 | 0 | 5.0
1.1680731907623902 | 0 | 5.0
1.215068749170358 | 0 | 5.0
1.2834075524697621 | 0 | 5.0
1.3184125737651553 | 0 | 5.0
1.3711133490302574 | 0 | 5.0
1.3823723154388843 | 0 | 5.0
1.3815885043116323 | 0 | 5.0
1.3928862109864015 | 0 | 5.0
1.472311238457693 | 0 | 5.0
1.4631314771898893 | 0 | 5.0
1.4715773894517816 | 0 | 5.0
1.4961264497703388 | 0 | 5.0
1.530582711198271 | 0 | 5.0
1.591660024659419 | 0 | 5.0
1.5587209335536387 | 0 | 5.0
1.5907704797972624 | 0 | 5.0
1.643695771128097 | 0 | 5.0
1.5916034080437478 | 0 | 5.0
1.5708614154525036 | 0 | 5.0
1.6217392299446405 | 0 | 5.0
1.6615758555140077 | 0 | 5.0
1.6209335439409618 | 0 | 5.0
1.6620841715728252 | 0 | 5.0
1.7056373505017264 | 0 | 5.0
1.6370111885736385 | 0 | 5.0
1.659959887865914 | 0 | 5.0
1.6703779493368913 | 0 | 5.0
1.671363479253557 | 0 | 5.0
1.6668238970901987 | 0 | 5.0
1.6578934278381277 | 0 | 5.0
1.6083425191856597 | 0 | 5.0
1.6610554976578293 | 0 | 5.0
1.6858919455614148 | 0 | 5.0
1.6358343715217565 | 0 | 5.0
1.6559380890898234 | 0 | 5.0
1.628191112737491 | 0 | 5.0
1.607368945141322 | 2 | -0.5
1.669850084547533 | 2 | -0.5
1.8270720730326173 | 2 | -0.5
2.0854394447381193 | 2 | -0.5
2.4063008779262853 | 2 | -0.5
3.059721009695557 | 2 | -0.5
4.566682260216005 | 2 | -0.5
13.133485754976366 | 2 | -0.5
13.066579664767241 | 2 | -0.5
5.00535661429661 | 2 | -0.5
3.3023452290175923 | 2 | -0.5
2.6124477425545294 | 2 | -0.5
2.226707126957022 | 2 | -0.5
2.0174359954856635 | 2 | -0.5
1.898827982575376 | 2 | -0.5
1.8726936989148621 | 0 | 5.0
1.891726590415382 | 0 | 5.0
1.8991108372334502 | 0 | 5.0
1.8753706799458774 | 0 | 5.0
1.8374231506218384 | 0 | 5.0
1.840364043502133 | 0 | 5.0
1.8764689232684821 | 0 | 5.0
1.8685419223293518 | 0 | 5.0
1.8645415100469382 | 0 | 5.0
1.8754855251649274 | 0 | 5.0
1.857024910370161 | 0 | 5.0
1.847774991014302 | 0 | 5.0
1.8544976552016152 | 0 | 5.0
1.8604500662353742 | 0 | 5.0
1.8646816006502187 | 0 | 5.0
1.8627208871457002 | 0 | 5.0
1.9256719216746014 | 0 | 5.0
1.908031509037902 | 0 | 5.0
1.9500635224134582 | 0 | 5.0
1.9453998004470294 | 0 | 5.0
1.9559956856401444 | 0 | 5.0
1.9866689469891416 | 0 | 5.0
1.979064451425235 | 0 | 5.0
2.050919506272892 | 0 | 5.0
2.020453064968874 | 0 | 5.0
2.1017524310239635 | 0 | 5.0
2.142557713181948 | 0 | 5.0
2.1791418615121976 | 0 | 5.0
2.1724739724850273 | 0 | 5.0
2.2129804849222565 | 0 | 5.0
2.2200068242219064 | 0 | 5.0
Total reward: 3163.0
