4.2, 1.2, -0.5, -6.0, -3.3, 3.7, 3.1, 0.9, 3.3, -0.8, 4.6, -2.0, 0.2, -1.8, 6.0, 6.0, 6.0, 6.0, 2.0, 6.0, 6.0, 6.0, 6.0, 6.0, -0.5, 2.1, 6.0, -0.3, -0.6, 1.5, 1.7, -0.5, -3.9, 6.0, 6.0, 6.0
parameter ends

state | action | reward
[1.25] | [11.23  7.48  5.36] | 0.8119007896010486
1.2483247721783133 | [14.05  6.65 -0.16] | 0.7959579457146636
1.2471287195311727 | [13.38  6.19  0.25] | 0.8200612922384449
1.2452962706887054 | [13.86  5.54 -1.55] | 0.7994932989509209
1.2429292933701557 | [10.83  5.5   3.35] | 0.8647502114691299
1.239936256213323 | [13.44  4.54 -2.45] | 0.8153632194693139
1.2363174109930863 | [10.43  4.52  2.49] | 0.8864001232101161
1.2320720870728659 | [13.04  3.56 -3.29] | 0.8276541418012353
1.2272006078223754 | [10.04  3.54  1.66] | 0.9045489590469834
1.2217023720681774 | [12.65  2.58 -4.12] | 0.8528773952820244
1.2160482075736578 | [9.82 3.9  3.06] | 0.9835055072123099
1.211534108469487 | [13.35  6.12  2.22] | 1.007190148530716
1.2083843249580655 | [16.85  8.38  1.56] | 0.9954956616522661
1.2066367343643114 | [20.32 10.62  0.99] | 0.9494138483378903
1.2062817178099563 | [23.75 12.81  0.48] | 0.8552360470827461
1.2072034363572122 | [25.49 14.63  1.86] | 0.8203238996672778
1.2092492105278028 | [28.9  16.52  0.92] | 0.6940540293777246
1.2123634618876384 | [32.07 18.34  0.3 ] | 0.5317201847799513
1.2163645579302858 | [33.21 19.68  1.89] | 0.4942435920235262
1.2210618892674068 | [36.66 21.2   0.46] | 0.28924898943214283
1.2263509497117848 | [38.34 22.37  1.09] | 0.20439924961168932
1.2320762029143562 | [41.87 23.75 -0.53] | -0.08133784980537229
1.2380401380726773 | [40.19 24.02  3.43] | 0.08096063458013791
1.2439739113024906 | [43.65 24.92  1.08] | -0.1403362823240868
1.2498757025616751 | [47.24 25.98 -0.96] | -0.482537508979763
1.2555885511886486 | [44.07 25.69  4.25] | -0.17080330496853868
1.2608706773639586 | [47.43 26.13  1.3 ] | -0.39799490866468545
1.265691443728707 | [47.22 26.96  4.76] | -0.5077674554198905
1.270811209459187 | [36.7  27.47 22.48] | -0.23024300021767896
1.2761446415191058 | [31.28 27.59 31.47] | -1.3840409854995945
Total reward: 12.889737873192647
4.2, 1.2, -0.5, -6.0, -3.3, 3.7, 3.1, 0.9, 3.3, -0.8, 4.6, -2.0, 0.2, -1.8, 6.0, 6.0, 6.0, 6.0, 2.0, 6.0, 6.0, 6.0, 6.0, 6.0, -0.5, 2.1, 6.0, -0.3, -0.6, 1.5, 1.7, -0.5, -3.9, 6.0, 6.0, 6.0
parameter ends

state | action | reward
[1.25] | [11.24  7.53  5.41] | 0.8451300503544368
1.2489378599499268 | [20.42 16.58 14.98] | 0.18336867873075102
1.2476279341396646 | [19.39  9.98  0.8 ] | 0.6197627838718619
1.245488522034801 | [19.44  6.07 -8.26] | 0.5930970165063295
1.2427607095666677 | [15.43  4.52 -5.42] | 0.750388707162106
1.2396586684338489 | [11.99  3.83 -1.41] | 0.8445613189537788
1.2361775077222115 | [8.87 3.62 3.16] | 0.9017836282956898
1.2320698632669265 | [11.47  2.65 -2.68] | 0.8577776871334439
1.2273351977448166 | [8.57 2.78 2.42] | 0.9212754997005433
1.2220660771193317 | [11.58  2.95 -1.66] | 0.9074189065396594
1.217366607488924 | [8.68 4.27 5.53] | 0.9850222121722989
1.21355757205977 | [12.17  6.21  4.19] | 1.0198889960949638
1.2108483902444056 | [15.68  8.26  3.13] | 1.0182097901853604
1.2093083295382074 | [19.19 10.34  2.24] | 0.9816527638236374
1.2089637216057842 | [22.69 12.43  1.43] | 0.9115097387167466
1.2098053521738095 | [26.18 14.48  0.66] | 0.7979810312292495
1.2117516526721552 | [28.56 16.27  1.15] | 0.720537733880025
1.2146895568026725 | [32.05 18.12  0.16] | 0.5394020660255725
1.218467318432082 | [32.75 19.38  2.27] | 0.5279375833125961
1.22288372280195 | [36.22 20.88  0.76] | 0.3382434647593997
1.2278861441075615 | [38.95 22.25  0.24] | 0.15438682525468073
1.2332974898253664 | [39.92 23.17  1.52] | 0.11740781417946522
1.238952068050552 | [43.47 24.41 -0.31] | -0.17045069984783812
1.2447043428897444 | [42.54 24.7   2.66] | -0.05522966046719846
1.2503332245103302 | [46.05 25.59  0.33] | -0.3247707153084822
1.255774434572972 | [47.32 26.07  0.61] | -0.4050613800031502
1.260886853280611 | [49.54 26.62 -0.28] | -0.631483225115125
1.2657382452562558 | [42.12 27.14 13.19] | -0.2635479437319823
1.2710041828633838 | [33.75 27.26 26.57] | -1.2380373713206765
Total reward: 12.448163301088144
4.2, 1.2, -0.5, -6.0, -3.3, 3.7, 3.1, 0.9, 3.3, -0.8, 4.6, -2.0, 0.2, -1.8, 6.0, 6.0, 6.0, 6.0, 2.0, 6.0, 6.0, 6.0, 6.0, 6.0, -0.5, 2.1, 6.0, -0.3, -0.6, 1.5, 1.7, -0.5, -3.9, 6.0, 6.0, 6.0
parameter ends

state | action | reward
[1.25] | [11.25  7.53  5.44] | 0.8026757628538199
1.2530290107530864 | [14.3   7.16  0.54] | 0.7854836262712852
1.2518088837418557 | [15.66  6.43 -2.66] | 0.7405194761445472
1.2500180315833285 | [12.61  6.33  2.24] | 0.8289753801094365
1.2476011174935553 | [15.17  5.28 -3.61] | 0.7608618580328508
1.2445589046400027 | [12.1   5.17  1.25] | 0.8558004969059583
1.2408910025810163 | [14.65  4.11 -4.61] | 0.7766781070131086
1.2365978696918707 | [11.6   4.03  0.3 ] | 0.8670540642972373
1.231763965790764 | [12.21  3.33 -1.8 ] | 0.8436299223148409
1.2263889268417494 | [9.2  3.3  3.06] | 0.9122064460156797
1.2206292180244411 | [12.25  3.87 -0.36] | 0.9260263952019061
1.215835971759941 | [11.33  5.48  4.33] | 0.9941296290567437
1.2121992938627062 | [14.74  7.51  3.25] | 1.0063192971508754
1.2098556796399906 | [18.18  9.61  2.39] | 0.9833575998296438
1.2088292138841732 | [21.62 11.73  1.64] | 0.9263487175184533
1.2091039216287363 | [25.07 13.82  0.94] | 0.8342847992277665
1.210624444169089 | [28.34 15.83  0.46] | 0.7043065104200332
1.2132412391963805 | [30.03 17.46  1.69] | 0.6499546861088998
1.2167881533330318 | [33.48 19.2   0.55] | 0.47218147540784594
1.2211558026865403 | [35.47 20.63  1.1 ] | 0.3776907683398967
1.2261900535768278 | [38.98 22.18 -0.27] | 0.12360455770858936
1.2316930748316204 | [38.23 22.83  3.  ] | 0.207984493281963
1.2374074193330415 | [41.7  23.95  0.96] | -0.008818335632618357
1.2433111537107433 | [45.14 25.15 -0.7 ] | -0.31757219017283544
1.2492090776693512 | [42.83 25.07  3.58] | -0.08530888564332795
1.254840504490144 | [46.29 25.78  0.99] | -0.31932697120672016
1.2601854439634763 | [49.88 26.67 -1.22] | -0.6786315499402726
1.2651862266025076 | [44.6  26.66  7.91] | -0.33690920971110305
1.2704073078186913 | [35.36 26.99 23.24] | -0.1764092432896578
1.2757325369079409 | [30.58 27.01 31.01] | -1.311576034955344
Total reward: 13.1455216486595
4.2, 1.2, -0.5, -6.0, -3.3, 3.7, 3.1, 0.9, 3.3, -0.8, 4.6, -2.0, 0.2, -1.8, 6.0, 6.0, 6.0, 6.0, 2.0, 6.0, 6.0, 6.0, 6.0, 6.0, -0.5, 2.1, 6.0, -0.3, -0.6, 1.5, 1.7, -0.5, -3.9, 6.0, 6.0, 6.0
parameter ends

state | action | reward
[1.25] | [11.25  7.5   5.33] | 0.8573264984778767
1.24902201111257 | [16.72  9.39  4.6 ] | 0.7118162579719662
1.2476900402484516 | [17.94  7.18 -3.41] | 0.6820668962408374
1.2457625416656182 | [14.13  6.39  0.27] | 0.7976592898982606
1.2433148983729272 | [14.26  5.34 -2.28] | 0.7812181177036559
1.2403384062862384 | [11.05  5.09  2.29] | 0.8609916552275731
1.2367386400713167 | [13.57  4.   -3.66] | 0.7995032462646514
1.2325133660852692 | [10.55  3.94  1.24] | 0.8847001945735751
1.2276608127367143 | [13.15  2.94 -4.54] | 0.8130217282449025
1.2222365263154031 | [10.2   3.33  1.14] | 0.9554725860614259
1.2175966236750937 | [13.76  5.56  0.35] | 0.956025679485837
1.2142368083859916 | [15.13  7.43  2.21] | 0.9882923780784454
1.2121121499305492 | [18.58  9.52  1.36] | 0.9599604589414756
1.2112884762984 | [22.04 11.64  0.64] | 0.886507702998152
1.2117100045719795 | [24.31 13.51  1.31] | 0.840984477392561
1.2132797393442325 | [27.76 15.45  0.42] | 0.7077874911698419
1.2158892807677493 | [29.3  17.    1.69] | 0.6638730590504536
1.219381555756823 | [32.75 18.69  0.46] | 0.48977643093261514
1.2236553031724704 | [34.43 20.01  1.27] | 0.41931230753203375
1.2285588949602304 | [37.93 21.53 -0.19] | 0.17841941625352087
1.2339222855942313 | [37.43 22.2   2.71] | 0.24464166485409256
1.2395136770734292 | [40.91 23.34  0.69] | 0.022554231168192995
1.2452979727382594 | [ 4.34e+01  2.44e+01 -1.55e-03] | -0.17554270145609996
1.2511055634699 | [43.54 24.76  1.69] | -0.14120099783522555
1.2567687027826377 | [47.09 25.69 -0.55] | -0.46040034346762715
1.2621722166722242 | [45.21 25.43  2.82] | -0.24383030013319784
1.2671139714237338 | [47.9  26.05  1.35] | -0.5544537016909445
1.2721936015402646 | [36.74 26.66 20.34] | -0.15856238280080026
1.2775729876087107 | [30.63 26.58 29.8 ] | -0.2574276578786039
1.2826194813256262 | [28.08 26.67 34.43] | -1.4229989430014278
Total reward: 12.08749474025802
4.2, 1.2, -0.5, -6.0, -3.3, 3.7, 3.1, 0.9, 3.3, -0.8, 4.6, -2.0, 0.2, -1.8, 6.0, 6.0, 6.0, 6.0, 2.0, 6.0, 6.0, 6.0, 6.0, 6.0, -0.5, 2.1, 6.0, -0.3, -0.6, 1.5, 1.7, -0.5, -3.9, 6.0, 6.0, 6.0
parameter ends

state | action | reward
[1.25] | [11.25  7.51  5.38] | 0.8218987621306807
1.2509826435563376 | [15.26  8.63  2.78] | 0.7436686321944284
1.2496689797567193 | [17.22  6.63 -4.43] | 0.6927526178306431
1.2477324251302184 | [13.82  6.02 -0.26] | 0.8030128792386717
1.2453250449851245 | [12.69  5.33  0.29] | 0.8390729990217517
1.2422892589867556 | [13.2   4.55 -1.88] | 0.8183210861137336
1.238714090435272 | [10.17  4.47  2.95] | 0.8840681807124019
1.234512144608077 | [12.76  3.47 -2.88] | 0.8325691453801165
1.2296836960869897 | [9.77 3.47 2.07] | 0.9035880920941277
1.2242281452226298 | [12.38  2.51 -3.71] | 0.8570773617876893
1.2186031732653555 | [9.53 3.77 3.37] | 0.9802058311736658
1.214080559431297 | [13.06  5.96  2.46] | 1.0070006114502612
1.2108902005345459 | [16.57  8.19  1.76] | 0.9980722319081976
1.2090770330476976 | [20.06 10.43  1.17] | 0.9545967189953087
1.208638639980671 | [23.53 12.63  0.61] | 0.8655990289632036
1.2094838677541595 | [25.72 14.53  1.48] | 0.8131124821258477
1.2114847308714756 | [29.16 16.48  0.63] | 0.6737526234200479
1.2145396244621902 | [31.39 18.15  1.14] | 0.5855597663720071
1.2185054771405888 | [3.49e+01 1.99e+01 2.91e-02] | 0.37633349449422204
1.2232007818630926 | [35.12 20.94  2.47] | 0.38864655027890693
1.228395199485337 | [38.58 22.31  0.78] | 0.1830219862014708
1.2340364669706854 | [4.14e+01 2.36e+01 2.11e-02] | -0.02849026508549901
1.239932184151291 | [41.61 24.21  1.93] | -0.008497005495158305
1.2458893349638822 | [45.14 25.27 -0.14] | -0.29825606465563315
1.2517916616759035 | [44.79 25.53  1.99] | -0.22266145700855544
1.2574492160259005 | [48.32 26.35 -0.37] | -0.5397428842481053
1.2627598600682315 | [47.06 26.16  2.26] | -0.4054373490596972
1.2677303997716125 | [41.83 26.94 13.01] | -0.24641040264045344
1.2730780034012357 | [33.55 27.04 26.24] | -0.21744470194151688
1.2784003507918966 | [29.65 27.14 32.93] | -1.3926592222120273
Total reward: 12.662331729540739
4.2, 1.2, -0.5, -6.0, -3.3, 3.7, 3.1, 0.9, 3.3, -0.8, 4.6, -2.0, 0.2, -1.8, 6.0, 6.0, 6.0, 6.0, 2.0, 6.0, 6.0, 6.0, 6.0, 6.0, -0.5, 2.1, 6.0, -0.3, -0.6, 1.5, 1.7, -0.5, -3.9, 6.0, 6.0, 6.0
parameter ends

state | action | reward
[1.25] | [11.26  7.53  5.34] | 0.8399277787686923
1.2517389807257526 | [17.83 12.65  8.85] | 0.5210454979116388
1.2504063882377134 | [18.14  8.13 -2.19] | 0.6578666197405063
1.2484584652213242 | [1.39e+01 6.22e+00 1.11e-02] | 0.8010489731296944
1.24601065366916 | [13.15  4.8  -1.81] | 0.8144203286465536
1.2430593449354657 | [9.92 4.4  2.54] | 0.8878812218586603
1.2394816959899653 | [12.47  3.33 -3.42] | 0.8335512002724095
1.2352771827521365 | [9.51 3.36 1.58] | 0.9080768898340935
1.2304449055138318 | [12.18  2.49 -4.07] | 0.8418720856166716
1.2249852200321556 | [9.27 2.59 1.05] | 0.9312900579430738
1.2191498736869835 | [12.47  3.4  -2.02] | 0.913972624263855
1.2142645043237212 | [9.56 4.87 5.47] | 0.9999865468116378
1.2104131971550607 | [13.02  6.88  4.3 ] | 1.0264641191978827
1.2077774705482436 | [16.49  8.96  3.35] | 1.0171486886227483
1.206397159726887 | [19.95 11.06  2.52] | 0.9736563459483714
1.2062728264946931 | [23.4  13.14  1.74] | 0.8972555728508815
1.2073736018593793 | [26.86 15.17  0.97] | 0.7878599973048377
1.2096400640845542 | [30.24 17.13  0.29] | 0.6301378324684157
1.2129035745775167 | [31.38 18.6   2.08] | 0.5962809526376798
1.2169706849095017 | [34.82 20.22  0.77] | 0.41615881229897833
1.2217726612769984 | [37.56 21.7   0.37] | 0.2431929252194489
1.227127767131557 | [38.96 22.81  1.31] | 0.17480330017669532
1.2328751290576965 | [42.49 24.15 -0.35] | -0.10857211291777613
1.238840618021926 | [41.44 24.52  2.92] | 0.009591935063187673
1.2447799786770029 | [44.93 25.46  0.66] | -0.2389770407971361
1.2506524077932542 | [47.35 26.27 -0.13] | -0.45123314476029597
1.2562991236374113 | [46.96 26.37  1.81] | -0.36680922431026586
1.2615450341228538 | [50.49 27.08 -0.67] | -0.7256135087962416
1.2665003203118077 | [42.44 27.5  13.55] | -0.2958426004563659
1.2718577538629827 | [34.09 27.62 26.91] | -0.2727330981273153
1.27716706994569 | [30.25 27.81 33.74] | -1.469504946071343
Total reward: 12.794204630349872
4.2, 1.2, -0.5, -6.0, -3.3, 3.7, 3.1, 0.9, 3.3, -0.8, 4.6, -2.0, 0.2, -1.8, 6.0, 6.0, 6.0, 6.0, 2.0, 6.0, 6.0, 6.0, 6.0, 6.0, -0.5, 2.1, 6.0, -0.3, -0.6, 1.5, 1.7, -0.5, -3.9, 6.0, 6.0, 6.0
parameter ends

state | action | reward
[1.25] | [11.27  7.5   5.4 ] | 0.846122860058551
1.2529038427171189 | [15.55  8.19  2.54] | 0.7648178132725245
1.2515253296551956 | [17.42  6.58 -4.35] | 0.695377012967589
1.2495394976939946 | [13.97  6.14 -0.04] | 0.8022960028185087
1.2470641230920632 | [13.43  5.42 -0.65] | 0.809392072307823
1.2440516416271477 | [11.27  5.09  2.19] | 0.864155596608583
1.240372424854288 | [13.81  4.03 -3.71] | 0.8001237469026488
1.2360676643876292 | [10.79  3.97  1.2 ] | 0.8868637709099957
1.2311360984305437 | [13.37  2.96 -4.6 ] | 0.8117904543158285
1.2255778601215939 | [10.39  2.94  0.38] | 0.9155119097882238
1.219967585754772 | [11.76  4.21  0.98] | 0.9810270990068811
1.2156118168067562 | [15.26  6.53  0.46] | 0.9733763097045801
1.2126323360700038 | [16.99  8.54  2.05] | 0.9913596267571022
1.2109686853658035 | [20.45 10.7   1.35] | 0.9465484379791876
1.2106454858513727 | [23.92 12.86  0.73] | 0.8590297525952654
1.211589814702896 | [26.49 14.8   1.13] | 0.7888703423718142
1.213693421538695 | [29.97 16.77  0.32] | 0.6321343817121512
1.2168086420113944 | [31.2  18.26  2.  ] | 0.5962204836576825
1.2207437356031132 | [34.66 19.91  0.72] | 0.4154057967311693
1.225417329639785 | [37.24 21.37  0.53] | 0.2602682953786277
1.2306539157296492 | [39.19 22.58  0.88] | 0.1507995057503626
1.2362999925956932 | [42.35 23.89 -0.27] | -0.10266505387368818
1.2421617798126734 | [41.56 24.3   2.69] | -0.0032398124444270593
1.2480037884406758 | [45.07 25.27  0.47] | -0.2626374794893107
1.253758567583826 | [46.82 25.93  0.36] | -0.395043279158902
1.2592699672010956 | [48.15 26.36  0.47] | -0.48722522970989557
1.264388267403169 | [49.14 26.79  1.2 ] | -0.6575796258389417
1.2696744710642967 | [37.63 27.49 20.93] | -0.2401183176004924
1.2752881675683263 | [31.36 27.45 30.75] | -1.3539289339952545
Total reward: 12.289053539484188
4.2, 1.2, -0.5, -6.0, -3.3, 3.7, 3.1, 0.9, 3.3, -0.8, 4.6, -2.0, 0.2, -1.8, 6.0, 6.0, 6.0, 6.0, 2.0, 6.0, 6.0, 6.0, 6.0, 6.0, -0.5, 2.1, 6.0, -0.3, -0.6, 1.5, 1.7, -0.5, -3.9, 6.0, 6.0, 6.0
parameter ends

state | action | reward
[1.25] | [11.18  7.41  5.33] | 0.8803231885030319
1.2478954102682658 | [18.78 12.07  9.12] | 0.5475503205214716
1.2464699430106991 | [18.63  8.05 -1.79] | 0.6623089932490099
1.2444666638722464 | [14.12  6.36  0.43] | 0.8015018241809055
1.241934795906667 | [14.38  4.82 -3.66] | 0.7765732275279791
1.2388602740522747 | [11.06  4.42  0.69] | 0.867785658152363
1.235202969852386 | [12.67  3.46 -3.62] | 0.8185156900936168
1.2309586323429502 | [9.7  3.45 1.34] | 0.8971521973397865
1.226086187391668 | [12.35  2.52 -4.36] | 0.8327025617782194
1.2207203486267237 | [9.47 3.2  1.79] | 0.9683078238705973
1.2162134243106475 | [13.08  5.41  0.93] | 0.9927374736876571
1.2129844124877447 | [16.43  7.65  0.59] | 0.9763225624854646
1.2110333452451536 | [18.61  9.66  1.6 ] | 0.9733637649273359
1.2103158241257865 | [22.11 11.77  0.86] | 0.9059857197903326
1.2108262123830067 | [25.14 13.78  0.7 ] | 0.8202134989165916
1.2124661498979539 | [27.64 15.6   1.04] | 0.7448490699820594
1.2151386153203059 | [31.12 17.48  0.08] | 0.569774954401369
1.218681703673029 | [31.57 18.72  2.5 ] | 0.5744297580066615
1.222883189610871 | [35.03 20.22  0.98] | 0.4031859118144494
1.2277203803415924 | [38.5  21.75 -0.34] | 0.1545456787595878
1.2329893093134774 | [37.51 22.34  3.14] | 0.2549438610926458
1.238439250264782 | [40.99 23.44  1.05] | 0.046915596096954726
1.2440653220127702 | [44.58 24.66 -0.79] | -0.27169304792520776
1.2496864214540833 | [41.98 24.54  3.83] | -0.0200050881187952
1.2550432919415087 | [45.43 25.24  1.2 ] | -0.24439862903917176
1.260121719653504 | [49.03 26.13 -1.05] | -0.5976519045517676
1.2648721347764786 | [43.8  26.11  7.94] | -0.2675482637411757
1.2698407206674358 | [34.73 26.41 22.91] | -0.11564690120958732
1.274908901163258 | [30.06 26.42 30.49] | -1.2443265383426045
Total reward: 12.708718962249783
4.2, 1.2, -0.5, -6.0, -3.3, 3.7, 3.1, 0.9, 3.3, -0.8, 4.6, -2.0, 0.2, -1.8, 6.0, 6.0, 6.0, 6.0, 2.0, 6.0, 6.0, 6.0, 6.0, 6.0, -0.5, 2.1, 6.0, -0.3, -0.6, 1.5, 1.7, -0.5, -3.9, 6.0, 6.0, 6.0
parameter ends

state | action | reward
[1.25] | [11.24  7.43  5.34] | 0.8608506932550555
1.2504112484095136 | [16.52  9.02  4.16] | 0.731163877396219
1.2490157975681793 | [17.76  6.84 -3.8 ] | 0.6925378614801462
1.2470260446365025 | [13.99  6.12 -0.04] | 0.8030020359152116
1.244553992114564 | [13.29  5.26 -0.9 ] | 0.8081496011604126
1.2415780888964834 | [10.4   5.01  3.16] | 0.8679187742960854
1.2379664583823489 | [12.94  3.95 -2.77] | 0.8193647767423989
1.233729004526611 | [9.93 3.91 2.14] | 0.8915770959189875
1.2288639106315833 | [12.55  2.94 -3.64] | 0.8314442690591445
1.22337111557229 | [9.59 2.95 1.35] | 0.9513118630268627
1.2182345314604293 | [13.1   5.    0.29] | 0.9594316764013027
1.214357139111203 | [14.26  6.85  2.36] | 0.9996357320397826
1.2117041845366896 | [17.71  8.94  1.5 ] | 0.9806917550600773
1.2103610326202787 | [21.18 11.07  0.79] | 0.9210389095655142
1.2103045621073287 | [23.95 13.07  0.94] | 0.8605066711345325
1.2114610766568363 | [27.2  15.06  0.42] | 0.74037290655907
1.2137037826911616 | [28.75 16.66  1.77] | 0.6986737334842072
1.21687705048848 | [32.19 18.39  0.61] | 0.5346054726242042
1.2208952707511016 | [34.37 19.87  0.93] | 0.4326143929409145
1.2256177216679818 | [37.66 21.42 -0.14] | 0.2074593500551949
1.2308536842980131 | [37.32 22.18  2.69] | 0.261972435838695
1.236370527451771 | [40.8  23.37  0.74] | 0.04165810739574827
1.242129635034502 | [43.5  24.46 -0.08] | -0.1751548667661198
1.2479531762313711 | [43.35 24.86  1.98] | -0.12105281239440302
1.2536550392143246 | [46.89 25.79 -0.27] | -0.42599437499106996
1.259130849631069 | [46.03 25.78  2.14] | -0.29911673006339656
1.2641970078407487 | [49.54 26.47 -0.41] | -0.6642311702940442
1.269185542558489 | [39.47 27.13 17.24] | -0.21564681206995573
1.274597265642963 | [32.1  27.02 28.5 ] | -0.2542050505508868
1.2798359743918701 | [29.   27.22 34.25] | -1.4520193040377343
Total reward: 12.288560870182158
4.2, 1.2, -0.5, -6.0, -3.3, 3.7, 3.1, 0.9, 3.3, -0.8, 4.6, -2.0, 0.2, -1.8, 6.0, 6.0, 6.0, 6.0, 2.0, 6.0, 6.0, 6.0, 6.0, 6.0, -0.5, 2.1, 6.0, -0.3, -0.6, 1.5, 1.7, -0.5, -3.9, 6.0, 6.0, 6.0
parameter ends

state | action | reward
[1.25] | [11.3   7.51  5.37] | 0.8611265317265218
1.2523196556750318 | [17.29  9.65  5.29] | 0.7004637217909194
1.2509799422982177 | [17.97  6.93 -3.66] | 0.6905079553283524
1.2490551126987364 | [13.92  5.95 -0.36] | 0.8012623288697349
1.246692282247748 | [12.2   5.17  0.33] | 0.8431363117829412
1.2437179370905254 | [12.74  4.32 -2.22] | 0.8185472520659028
1.2402017800260434 | [9.69 4.25 2.62] | 0.8845035673446944
1.236059105517017 | [12.32  3.31 -3.15] | 0.8314287731586191
1.2312886600969684 | [9.39 3.35 1.89] | 0.9026038360107834
1.2258893195016367 | [12.05  2.43 -3.81] | 0.8473051089420621
1.2200662688849813 | [9.16 3.25 2.57] | 0.9735432184866508
1.215235352770942 | [12.7   5.47  1.74] | 1.0028359868688157
1.2117697282222788 | [16.22  7.75  1.14] | 0.9963634066406168
1.2097220873420507 | [19.72 10.03  0.65] | 0.94436106728609
1.209045625187892 | [22.04 12.06  1.49] | 0.9114250638798755
1.2096467794452064 | [25.47 14.13  0.78] | 0.8089962138927739
1.2114612583601407 | [28.21 16.02  0.88] | 0.7133848982609321
1.2143651638575579 | [31.25 17.84  0.45] | 0.5679981098635267
1.2181995853966718 | [32.9  19.29  1.48] | 0.502253206080433
1.2228005447728876 | [36.37 20.89  0.16] | 0.2863759271973194
1.2280187654924855 | [37.06 21.91  1.93] | 0.26941911056497037
1.2336533862594026 | [40.56 23.23  0.2 ] | 0.024781041530191672
1.2395920532830396 | [41.39 24.01  1.46] | -0.003076762640248365
1.2456610152059575 | [44.94 25.15 -0.49] | -0.30878951290916135
1.2517073964529226 | [43.35 25.17  2.95] | -0.1336952243043581
1.2574990677474709 | [46.84 25.93  0.44] | -0.3989814861858889
1.2629885003364079 | [48.47 26.38  0.18] | -0.5330193190640289
1.2680716737956588 | [46.06 26.76  5.91] | -0.44359048682369995
1.2734203869402347 | [35.85 27.17 22.87] | -0.2111998852941186
1.2789493632242914 | [30.62 27.23 31.43] | -0.361716084690181
1.2840343379919703 | [28.35 27.23 35.4 ] | -1.5046259577273127
Total reward: 12.28392791793373
4.2, 1.2, -0.5, -6.0, -3.3, 3.7, 3.1, 0.9, 3.3, -0.8, 4.6, -2.0, 0.2, -1.8, 6.0, 6.0, 6.0, 6.0, 2.0, 6.0, 6.0, 6.0, 6.0, 6.0, -0.5, 2.1, 6.0, -0.3, -0.6, 1.5, 1.7, -0.5, -3.9, 6.0, 6.0, 6.0
parameter ends

state | action | reward
[1.25] | [11.28  7.54  5.45] | 0.8906922269545781
1.249345144254911 | [20.85 15.31 13.97] | 0.2831590684800732
1.2479795360924086 | [19.54  9.46  0.31] | 0.6355088470458246
1.2458805286834043 | [18.09  6.18 -5.88] | 0.6646865253692191
1.2432724936768946 | [14.03  4.84 -2.93] | 0.7912865570060148
1.2402996515701434 | [10.59  4.25  1.11] | 0.8825666966590964
1.2367062456152813 | [13.04  3.08 -4.97] | 0.8082556827186552
1.2324876682851513 | [10.08  3.09  0.04] | 0.8883604555041358
1.2277584082072999 | [10.09  2.68 -0.46] | 0.8869138094475347
1.2224794883638948 | [8.75 2.86 2.28] | 0.9670036610972005
1.217756023789781 | [12.29  4.93  1.2 ] | 1.0013647712105855
1.2142511726929477 | [15.86  7.15  0.49] | 0.9843096217661973
1.2119868829572735 | [17.73  9.11  1.86] | 0.9934829770786786
1.2109156525253726 | [21.24 11.22  1.09] | 0.9389564076204077
1.2110705891698499 | [24.76 13.33  0.4 ] | 0.8314224368422747
1.2123501155199305 | [26.28 15.03  1.96] | 0.8027453732373017
1.214609599710371 | [29.75 16.86  0.89] | 0.6682244687111258
1.217811373998868 | [32.9  18.61  0.28] | 0.5020374906176905
1.2217906517367396 | [34.02 19.89  1.85] | 0.46584123625407536
1.2263722650400672 | [37.53 21.39  0.36] | 0.24935926707331735
1.2314537419178824 | [38.92 22.46  1.29] | 0.184869670799797
1.2368766259939283 | [42.48 23.8  -0.4 ] | -0.10125242349075592
1.2424761675900626 | [41.25 24.1   3.01] | 0.03265045022991586
1.248012337594041 | [44.75 25.03  0.71] | -0.2116013132879151
1.253443859209653 | [47.34 25.85 -0.29] | -0.44369909988024503
1.2586228966041624 | [46.42 25.82  2.16] | -0.31556926880380365
1.2633914649795182 | [46.28 26.61  5.37] | -0.42965914156651897
1.2684452830434743 | [36.13 27.09 22.46] | -0.18738449799044687
1.2737162367328847 | [30.71 27.04 30.97] | -1.3107394155711383
Total reward: 12.353792541132874
4.2, 1.2, -0.5, -6.0, -3.3, 3.7, 3.1, 0.9, 3.3, -0.8, 4.6, -2.0, 0.2, -1.8, 6.0, 6.0, 6.0, 6.0, 2.0, 6.0, 6.0, 6.0, 6.0, 6.0, -0.5, 2.1, 6.0, -0.3, -0.6, 1.5, 1.7, -0.5, -3.9, 6.0, 6.0, 6.0
parameter ends

state | action | reward
[1.25] | [11.26  7.55  5.43] | 0.8835287274064445
1.247072254792719 | [19.56 14.14 11.76] | 0.3987452975894812
1.2457280595491518 | [18.97  8.94 -0.67] | 0.6405963280171925
1.2437536845518655 | [15.17  6.48 -0.98] | 0.7607735095202461
1.2413767599765682 | [11.37  5.33  2.09] | 0.8612167906441599
1.2383812099084894 | [13.61  3.86 -4.47] | 0.7986981440008769
1.234763471957893 | [10.5   3.69  0.27] | 0.8829030240465521
1.230609596683594 | [11.07  3.08 -1.57] | 0.8622101399668363
1.2259177528445326 | [8.16 3.17 3.47] | 0.9092856838590201
1.2205966445834497 | [10.86  2.32 -2.2 ] | 0.8896221120490948
1.2152428757683293 | [7.99 3.64 4.99] | 0.975818355494529
1.2108282873567477 | [11.5   5.63  3.73] | 1.0180280035016689
1.2075727946417536 | [15.02  7.73  2.77] | 1.0237809900068318
1.2055508257015182 | [18.53  9.87  1.97] | 0.9945400246635119
1.2047895989120236 | [22.02 12.    1.25] | 0.9315727498673121
1.2052779557346256 | [25.51 14.1   0.56] | 0.8223004198941262
1.2069176686619583 | [27.56 15.88  1.5 ] | 0.7649836881660452
1.2095760692321418 | [31.01 17.72  0.5 ] | 0.6060655176011944
1.213145611093358 | [32.83 19.22  1.38] | 0.5333839757316596
1.2174735355498114 | [36.32 20.84  0.08] | 0.3161260358688549
1.2224074498726336 | [36.76 21.84  2.2 ] | 0.31703302426821356
1.2277401430232833 | [40.24 23.14  0.44] | 0.08654351944215355
1.233391763044114 | [41.91 24.11  0.85] | -0.010955155439711373
1.239211857762897 | [44.97 25.22 -0.43] | -0.2767625472931612
1.2450262432948298 | [43.61 25.34  2.88] | -0.1206883930516347
1.250608992821936 | [47.1  26.12  0.41] | -0.38961263986893213
1.255904714939682 | [48.63 26.58  0.31] | -0.5065922162818732
1.260780366938936 | [49.76 26.82  0.42] | -0.6677045375338357
1.265694527922137 | [38.76 27.64 19.76] | -0.23237075764462878
1.2709457487041347 | [32.39 27.7  29.99] | -1.3319206003304425
Total reward: 12.741149214161783
4.2, 1.2, -0.5, -6.0, -3.3, 3.7, 3.1, 0.9, 3.3, -0.8, 4.6, -2.0, 0.2, -1.8, 6.0, 6.0, 6.0, 6.0, 2.0, 6.0, 6.0, 6.0, 6.0, 6.0, -0.5, 2.1, 6.0, -0.3, -0.6, 1.5, 1.7, -0.5, -3.9, 6.0, 6.0, 6.0
parameter ends

state | action | reward
[1.25] | [11.26  7.5   5.33] | 0.8098749993964438
1.2465824122154232 | [14.34  7.06  0.39] | 0.7913034582040428
1.2453374537045032 | [15.31  6.48 -1.91] | 0.7564127277749013
1.2435406941259517 | [12.26  6.41  3.  ] | 0.8343193812572185
1.2411184993233493 | [14.82  5.38 -2.86] | 0.7761354496607631
1.2380713057048796 | [11.75  5.27  1.99] | 0.8613881534095285
1.2343985043508086 | [14.31  4.23 -3.87] | 0.7924615107243798
1.230100413412127 | [11.26  4.15  1.02] | 0.8838346743076504
1.225176398134656 | [13.81  3.12 -4.82] | 0.8111285167750149
1.2198371586986743 | [10.89  3.94  1.57] | 0.9629412904870451
1.2155198630401511 | [14.44  6.19  0.79] | 0.9703834798339155
1.2125571830367172 | [17.25  8.33  0.99] | 0.9668569082894136
1.2109551541307653 | [20.66 10.52  0.42] | 0.9020657458127436
1.2106440880942375 | [22.19 12.33  2.01] | 0.8929088081021729
1.2114971214870054 | [25.59 14.26  1.06] | 0.7998830207824367
1.2135019611794131 | [29.03 16.19  0.17] | 0.6473063620687458
1.216492824105365 | [29.74 17.54  2.35] | 0.6419956061281957
1.2202676541616981 | [33.16 19.12  0.93] | 0.48408396283869837
1.2247961865945092 | [36.44 20.69 -0.13] | 0.26946985868862705
1.2298767250519886 | [36.13 21.49  2.67] | 0.3205901612353559
1.2352805715189596 | [39.6  22.7   0.75] | 0.1097691968820298
1.2409750731186506 | [42.29 23.82 -0.06] | -0.09916095082435428
1.2467828618645358 | [42.2  24.26  1.96] | -0.050471474863508003
1.252522316091228 | [45.73 25.23 -0.25] | -0.3463166864627696
1.2580915461599103 | [44.94 25.28  2.13] | -0.22870839881941585
1.2633093963039064 | [48.45 26.01 -0.37] | -0.5565810753367111
1.268229460529774 | [41.96 26.37 11.34] | -0.22324858972389938
1.2735023441508906 | [33.5  26.48 24.87] | -0.1576629660039779
1.2788078916901644 | [29.31 26.46 31.65] | -0.29891899818180834
1.2836092820899774 | [27.47 26.33 34.62] | -1.394578280506799
Total reward: 11.929465851936078
4.2, 1.2, -0.5, -6.0, -3.3, 3.7, 3.1, 0.9, 3.3, -0.8, 4.6, -2.0, 0.2, -1.8, 6.0, 6.0, 6.0, 6.0, 2.0, 6.0, 6.0, 6.0, 6.0, 6.0, -0.5, 2.1, 6.0, -0.3, -0.6, 1.5, 1.7, -0.5, -3.9, 6.0, 6.0, 6.0
parameter ends

state | action | reward
[1.25] | [11.27  7.56  5.43] | 0.8826596045974593
1.247890575918028 | [21.75 17.69 17.08] | 0.05275137598278823
1.2465591053830545 | [19.89 10.43  1.59] | 0.6018654536453542
1.2443945508043692 | [20.09  6.08 -9.22] | 0.5559919713217151
1.2416285314771993 | [15.87  4.36 -6.68] | 0.7234770191880593
1.2384935050541583 | [12.36  3.61 -2.77] | 0.8309597573454941
1.2349809235511697 | [9.22 3.39 1.82] | 0.9031441465856938
1.2308419910941761 | [11.84  2.42 -3.97] | 0.841950969132139
1.2260753927206591 | [8.97 2.57 1.2 ] | 0.9449852362202603
1.2213212863787033 | [12.42  4.19 -0.61] | 0.9326514678443608
1.2175594337927742 | [10.72  5.5   4.8 ] | 1.0010549746931023
1.2146721712768254 | [14.19  7.38  3.44] | 1.0148537629564705
1.2128406806484815 | [17.7   9.37  2.36] | 0.9926098747984347
1.2121269579160585 | [21.22 11.41  1.44] | 0.9358587814603083
1.2125527160831127 | [24.74 13.45  0.61] | 0.8335202443544343
1.2140561780203445 | [26.97 15.21  1.25] | 0.7722447412322424
1.2165386633395046 | [30.47 17.06  0.23] | 0.6071426921549585
1.219877761332423 | [31.41 18.38  2.06] | 0.5864083426761733
1.223898144178574 | [34.89 19.94  0.62] | 0.4012378656064348
1.228539280893774 | [37.14 21.26  0.67] | 0.27451378731304876
1.2336536837139411 | [39.58 22.49  0.36] | 0.11276076407120605
1.2390877643234932 | [40.97 23.41  1.05] | 0.04465821753320576
1.244704895599674 | [44.55 24.63 -0.78] | -0.2724982366383948
1.2503305111940528 | [41.96 24.51  3.81] | -0.02140133001391531
1.2557029672089244 | [45.4  25.21  1.19] | -0.24589776762883409
1.260806497872419 | [49.   26.11 -1.05] | -0.5994424387039707
1.2655876145337321 | [43.74 26.09  7.97] | -0.268736728072402
1.2705951031976206 | [34.6  26.38 23.04] | -0.11788160994571051
1.2757092882525858 | [29.9  26.38 30.64] | -1.2493135406107647
Total reward: 12.072129399099348
4.2, 1.2, -0.5, -6.0, -3.3, 3.7, 3.1, 0.9, 3.3, -0.8, 4.6, -2.0, 0.2, -1.8, 6.0, 6.0, 6.0, 6.0, 2.0, 6.0, 6.0, 6.0, 6.0, 6.0, -0.5, 2.1, 6.0, -0.3, -0.6, 1.5, 1.7, -0.5, -3.9, 6.0, 6.0, 6.0
parameter ends

state | action | reward
[1.25] | [11.18  7.43  5.26] | 0.8327258682306863
1.2539584336287908 | [16.63 10.78  6.08] | 0.6347239777617394
1.252603469071879 | [17.71  7.44 -3.17] | 0.6721450906067262
1.2506298288742776 | [13.87  6.13 -0.06] | 0.7985975234220203
1.2481633703981798 | [13.1   5.02 -1.1 ] | 0.8112993622888878
1.2452016635710914 | [9.92 4.72 3.39] | 0.8753900426959365
1.241613603901561 | [12.48  3.66 -2.56] | 0.8314820841252921
1.2373989520237374 | [9.49 3.66 2.38] | 0.8979152853986891
1.2325568774577667 | [12.13  2.74 -3.35] | 0.8414254453304837
1.2270877069602526 | [9.19 2.79 1.69] | 0.912584192576521
1.220990917102711 | [11.88  2.05 -3.77] | 0.8800729646583036
1.2151731341702732 | [9.11 3.8  4.12] | 0.9946075904534143
1.2105455520331732 | [12.63  6.04  3.28] | 1.0262636370219547
1.2072806223673473 | [16.15  8.31  2.63] | 1.021553855240935
1.205405751481238 | [19.64 10.56  2.05] | 0.9819003114090853
1.204905191225665 | [23.12 12.77  1.48] | 0.9086285313743115
1.2057298665751492 | [26.59 14.91  0.88] | 0.7990543228779197
1.2077902896798258 | [29.68 16.9   0.67] | 0.6712384404045599
1.210934223320977 | [32.07 18.64  1.1 ] | 0.5703036890309299
1.2150154917028624 | [35.56 20.41  0.06] | 0.35555677004324404
1.2198415878508517 | [35.93 21.52  2.45] | 0.3579878660630118
1.2251749247883135 | [39.41 22.9   0.8 ] | 0.1454961469876026
1.23095160876522 | [4.23e+01 2.42e+01 5.71e-03] | -0.07660164478352005
1.2369720768570907 | [42.45 24.81  2.  ] | -0.05435301681123761
1.243032335947292 | [45.99 25.86 -0.08] | -0.3476589897351614
1.2490146624726715 | [45.85 26.15  1.84] | -0.2904467994635169
1.2547298594639655 | [49.39 26.97 -0.51] | -0.6217330389298534
1.2600642399500488 | [47.65 26.66  2.63] | -0.4398991308498741
1.2650169822085386 | [42.43 27.45 13.41] | -0.2826982959584554
1.2703343928056754 | [34.19 27.61 26.75] | -1.2625288812883904
Total reward: 13.445033200182245
4.2, 1.2, -0.5, -6.0, -3.3, 3.7, 3.1, 0.9, 3.3, -0.8, 4.6, -2.0, 0.2, -1.8, 6.0, 6.0, 6.0, 6.0, 2.0, 6.0, 6.0, 6.0, 6.0, 6.0, -0.5, 2.1, 6.0, -0.3, -0.6, 1.5, 1.7, -0.5, -3.9, 6.0, 6.0, 6.0
parameter ends

state | action | reward
[1.25] | [11.23  7.47  5.34] | 0.841599613747138
1.2544603606446174 | [18.87 14.07 11.2 ] | 0.4063173306376241
1.2531189187638039 | [18.79  8.95 -0.76] | 0.6317408560901108
1.2511345748616691 | [14.97  6.54 -0.43] | 0.767260672774136
1.2486782596848995 | [12.8   5.12 -0.22] | 0.8275485978423718
1.2456808377699973 | [11.64  4.22 -0.22] | 0.8544542561860515
1.2421137919779834 | [10.7   3.66  0.26] | 0.878905236072161
1.2379161240200227 | [11.23  3.04 -1.59] | 0.8577827092874541
1.2331818363402876 | [8.29 3.12 3.42] | 0.9056786154309522
1.2278196317750136 | [10.96  2.25 -2.28] | 0.8658188202735437
1.2218298039537991 | [8.05 2.36 2.78] | 0.9480450367771787
1.2159142360258723 | [11.4   4.01  1.03] | 1.0029389969075195
1.2113861588235297 | [14.94  6.41  0.59] | 1.0015243995357834
1.20830521544573 | [17.12  8.59  1.81] | 1.0097507043559037
1.2066158266691052 | [20.6  10.85  1.29] | 0.9619147567961022
1.2063176339532997 | [24.07 13.08  0.79] | 0.8735871882839772
1.2073295139929558 | [26.85 15.11  1.05] | 0.791359359178085
1.209539303592484 | [30.33 17.12  0.32] | 0.6303019065722308
1.212782866790571 | [31.56 18.64  2.07] | 0.5912468828006214
1.216856987849271 | [35.02 20.3   0.82] | 0.4103264562234714
1.2216832790010583 | [37.93 21.83  0.29] | 0.2213759387624441
1.2270679356351095 | [39.06 22.91  1.58] | 0.17150628744780816
1.2328258753938746 | [42.59 24.23 -0.11] | -0.10315449372449326
1.2388024987668649 | [42.38 24.77  2.28] | -0.04910319649420103
1.2447780399352486 | [45.9  25.77  0.13] | -0.3313196620909542
1.2506551933712318 | [46.48 26.19  1.26] | -0.3369229452871294
1.256270171017191 | [50.06 27.06 -1.01] | -0.6929177248122853
1.2615246544480665 | [46.82 26.75  4.39] | -0.42453699658858746
1.2666114009435527 | [38.86 27.35 18.67] | -0.20284230605153786
1.271984691338276 | [32.29 27.29 28.91] | -1.2660786752021114
Total reward: 13.044108621731374
4.2, 1.2, -0.5, -6.0, -3.3, 3.7, 3.1, 0.9, 3.3, -0.8, 4.6, -2.0, 0.2, -1.8, 6.0, 6.0, 6.0, 6.0, 2.0, 6.0, 6.0, 6.0, 6.0, 6.0, -0.5, 2.1, 6.0, -0.3, -0.6, 1.5, 1.7, -0.5, -3.9, 6.0, 6.0, 6.0
parameter ends

state | action | reward
[1.25] | [11.28  7.54  5.42] | 0.8402830668577712
1.24624891482737 | [17.98 12.79  9.19] | 0.5101393953191021
1.244902903042355 | [18.34  8.33 -1.77] | 0.6538912466635155
1.2429402476391196 | [14.11  6.42  0.43] | 0.8035449237700877
1.240426331669635 | [14.51  4.78 -3.67] | 0.7831487663251173
1.2373585710587667 | [11.24  4.34  0.68] | 0.8769351691279073
1.2337052912399653 | [12.84  3.39 -3.57] | 0.8276107120094905
1.2294656408611395 | [9.86 3.39 1.4 ] | 0.9058548476692991
1.2245990996575704 | [12.5   2.49 -4.3 ] | 0.8496930766370485
1.2195290690080556 | [9.68 3.72 2.73] | 0.9788092067501655
1.2154618035727411 | [13.26  5.88  1.76] | 1.0007207192470848
1.212639161373735 | [16.8   8.1   1.03] | 0.9870654567506989
1.2111210111987392 | [20.32 10.32  0.41] | 0.9208938088928169
1.2108401750275117 | [21.89 12.15  2.03] | 0.9104835036307799
1.211678646199913 | [25.33 14.1   1.08] | 0.8174914476530101
1.213633863033911 | [28.79 16.04  0.19] | 0.6658191157096922
1.216551823798332 | [29.58 17.41  2.29] | 0.6562057157435861
1.2202415730068128 | [33.02 19.01  0.9 ] | 0.4968499273918039
1.2246737060514774 | [ 3.62e+01  2.06e+01 -1.87e-02] | 0.2947899138992589
1.2296587574644635 | [36.27 21.44  2.37] | 0.32048381971852646
1.2349897977760986 | [39.75 22.69  0.51] | 0.09741797682404618
1.2406085106179217 | [41.65 23.67  0.58] | -0.025558646945916585
1.2463615308945895 | [43.79 24.57  0.24] | -0.18607458876337812
1.2520970566398533 | [44.73 25.1   1.  ] | -0.2204485960701481
1.257677798531231 | [48.31 26.06 -1.16] | -0.5685432442451921
1.2629859939372579 | [45.03 25.73  4.18] | -0.24923735600771613
1.2678563709946882 | [43.54 26.24  8.71] | -0.27716527280388625
1.2729873801850502 | [34.26 26.51 23.91] | -0.14908894682663387
1.2782173111973922 | [29.63 26.58 31.56] | -1.3066429220600837
Total reward: 12.215372242867852
4.2, 1.2, -0.5, -6.0, -3.3, 3.7, 3.1, 0.9, 3.3, -0.8, 4.6, -2.0, 0.2, -1.8, 6.0, 6.0, 6.0, 6.0, 2.0, 6.0, 6.0, 6.0, 6.0, 6.0, -0.5, 2.1, 6.0, -0.3, -0.6, 1.5, 1.7, -0.5, -3.9, 6.0, 6.0, 6.0
parameter ends

state | action | reward
[1.25] | [11.21  7.47  5.34] | 0.8391061851728845
1.2527362358713687 | [20.26 16.42 14.7 ] | 0.1924806472321906
1.25138220010791 | [19.19  9.78  0.45] | 0.6151930060427897
1.2492429119869088 | [18.26  6.04 -6.75] | 0.6392668228647261
1.246557124642177 | [14.27  4.51 -3.92] | 0.7780136157585469
1.2434948257943375 | [10.87  3.85  0.09] | 0.8680347018848402
1.239918473932312 | [10.81  3.12 -1.13] | 0.8592520465145361
1.235825745511261 | [7.87 3.16 3.81] | 0.9014136984099772
1.2311042693896284 | [10.56  2.32 -1.86] | 0.8685462213578361
1.2257542339249825 | [7.7  2.49 3.28] | 0.9237366665589283
1.2200060377970556 | [10.83  3.15 -0.05] | 0.952698383266714
1.2151771701422165 | [10.98  4.94  3.44] | 1.0119248374092586
1.2115095012047439 | [14.47  7.08  2.54] | 1.022783951519355
1.20912963030104 | [17.97  9.28  1.83] | 0.998372841366127
1.2080651092829358 | [21.47 11.48  1.21] | 0.9397608439100927
1.2083024936322446 | [24.96 13.64  0.6 ] | 0.835664465139328
1.2097445515426302 | [27.14 15.49  1.45] | 0.7740687756183562
1.2122602764136556 | [30.61 17.39  0.53] | 0.6178754786508427
1.215737066105263 | [32.54 18.95  1.35] | 0.53952382979139
1.2200198007620122 | [36.03 20.61  0.12] | 0.3239016794257559
1.2249501293203042 | [36.59 21.66  2.14] | 0.31589091301980265
1.2303184087995178 | [40.09 23.01  0.44] | 0.08419721039463157
1.2360349861713573 | [41.73 23.99  0.9 ] | -0.010621144485871703
1.2419447241049109 | [44.96 25.15 -0.53] | -0.2942709542299671
1.2478639742887343 | [43.25 25.2   3.14] | -0.1106752777214357
1.2535494799016609 | [46.73 25.97  0.64] | -0.36630667693111896
1.2589573077620086 | [49.08 26.6  -0.29] | -0.5832963623210787
1.263953029494589 | [47.53 26.48  2.99] | -0.5066357541717044
1.2690280693401754 | [36.92 27.1  21.19] | -0.18079288286561646
1.2743506161051674 | [31.11 27.04 30.26] | -1.2874946079364322
Total reward: 12.561613160645686
4.2, 1.2, -0.5, -6.0, -3.3, 3.7, 3.1, 0.9, 3.3, -0.8, 4.6, -2.0, 0.2, -1.8, 6.0, 6.0, 6.0, 6.0, 2.0, 6.0, 6.0, 6.0, 6.0, 6.0, -0.5, 2.1, 6.0, -0.3, -0.6, 1.5, 1.7, -0.5, -3.9, 6.0, 6.0, 6.0
parameter ends

state | action | reward
[1.25] | [11.3   7.56  5.39] | 0.8278216630818835
1.2511545379839153 | [16.16 10.    4.82] | 0.6804591789209263
1.2498544949800723 | [17.57  7.17 -3.66] | 0.6809593486081665
1.2479336417814062 | [13.9   6.13 -0.14] | 0.8009661333640546
1.2455270957303515 | [13.    5.19 -0.55] | 0.8224073212243369
1.2425788059682679 | [11.12  4.74  1.65] | 0.8751682253236747
1.2389499906317496 | [13.68  3.7  -4.23] | 0.8048038929817458
1.2346950630229505 | [10.69  3.69  0.76] | 0.8913022674792743
1.2298424742713618 | [12.64  2.86 -3.67] | 0.8348708713124139
1.224392356660995 | [9.69 2.91 1.36] | 0.9536427269971182
1.2193011708782955 | [13.17  4.97  0.29] | 0.9600776820802515
1.2154736389369252 | [14.33  6.81  2.33] | 0.9987306150035512
1.2128741814242008 | [17.77  8.91  1.48] | 0.9782858223484756
1.2115864517792203 | [21.22 11.05  0.77] | 0.9167521936274291
1.211583346337659 | [23.93 13.04  0.98] | 0.859069144045577
1.2127936016845342 | [27.33 15.05  0.28] | 0.7265835991337037
1.2150802703199428 | [28.4  16.57  2.16] | 0.7067038836032242
1.2182628899766672 | [31.83 18.26  0.92] | 0.557151635090321
1.2223047130710378 | [35.06 19.92  0.04] | 0.36042691779476543
1.227013422185553 | [35.34 20.92  2.35] | 0.3724298911266537
1.232177202245228 | [38.81 22.26  0.62] | 0.15885109576208079
1.2377361717304285 | [41.06 23.38  0.42] | 0.005515122644910608
1.243522549651798 | [42.64 24.25  0.78] | -0.08913953645606698
1.2493902445561638 | [45.48 25.24 -0.35] | -0.335760127233407
1.2551714424576512 | [44.36 25.3   2.49] | -0.1942752602385216
1.2606597839805984 | [4.79e+01 2.61e+01 6.96e-03] | -0.48686267154638063
1.2657787411260242 | [47.93 26.11  1.24] | -0.5452241243196783
1.2709215312188922 | [37.44 26.76 19.37] | -0.16225724005162911
1.2763668077919939 | [31.06 26.57 28.93] | -0.2241228900106278
1.2815406262235518 | [28.42 26.69 33.78] | -1.3905552960761254
Total reward: 12.3447820856221
4.2, 1.2, -0.5, -6.0, -3.3, 3.7, 3.1, 0.9, 3.3, -0.8, 4.6, -2.0, 0.2, -1.8, 6.0, 6.0, 6.0, 6.0, 2.0, 6.0, 6.0, 6.0, 6.0, 6.0, -0.5, 2.1, 6.0, -0.3, -0.6, 1.5, 1.7, -0.5, -3.9, 6.0, 6.0, 6.0
parameter ends

state | action | reward
[1.25] | [11.27  7.43  5.29] | 0.8782372943740268
1.254263022796589 | [19.26 12.71 10.01] | 0.49617214223592043
1.2528465971746665 | [18.89  8.33 -1.42] | 0.6474375621845642
1.2508492841903525 | [14.27  6.46  0.51] | 0.7949448797447328
1.248311452027474 | [14.7   4.78 -4.15] | 0.7633465592571114
1.245219928818537 | [11.35  4.34  0.14] | 0.8536333749845624
1.2416108719107644 | [11.45  3.64 -1.28] | 0.8414375628992381
1.2374796398203123 | [8.48 3.64 3.62] | 0.8898749042346694
1.232719645406075 | [11.15  2.73 -2.11] | 0.8535149029160813
1.22733057722188 | [8.25 2.82 2.95] | 0.9088944917081273
1.221362154073579 | [11.15  2.67 -1.6 ] | 0.8999623929536025
1.215921926420557 | [8.19 4.03 5.73] | 0.9764356809501265
1.2115047951317361 | [11.63  6.01  4.49] | 1.0174508948428358
1.2083115045858237 | [15.1   8.1   3.53] | 1.0220447582424992
1.2063952997492282 | [18.57 10.21  2.71] | 0.991831831549413
1.2057663704708743 | [22.02 12.31  1.96] | 0.9282453812907643
1.206400599273625 | [25.47 14.37  1.21] | 0.8323023346209932
1.2082468997880935 | [28.93 16.38  0.46] | 0.6876244171149966
1.211163662661236 | [30.61 17.99  1.68] | 0.6290969554057284
1.2149811383282139 | [34.06 19.7   0.51] | 0.4445338388993656
1.2195867545209005 | [35.92 21.07  1.17] | 0.3552307406672248
1.2248230441551764 | [39.42 22.59 -0.24] | 0.09935425435345158
1.2304998167582357 | [38.76 23.23  2.9 ] | 0.1777714510011137
1.236367041299192 | [42.22 24.33  0.84] | -0.0474805818944275
1.242397978125443 | [45.26 25.43 -0.42] | -0.31384332023258565
1.2484059534830378 | [43.94 25.53  2.81] | -0.15927600475448678
1.2541672996343012 | [47.43 26.3   0.34] | -0.4345029485029799
1.2596249650133924 | [48.69 26.68  0.48] | -0.5204168113477605
1.2646435010172103 | [49.7  27.09  1.16] | -0.6919327179523633
1.2698078798815209 | [38.19 27.81 20.96] | -0.26331917386563797
1.2752847689862006 | [32.   27.87 30.93] | -1.3878363458189966
Total reward: 13.170770702061912
