-2.9, 1.2, -2.2, 0.5, -2.9, 4.8, 4.3, -1.1, -0.8, -3.7, -4.2, 2.0, -3.8, -1.7, 5.8, -3.1, 1.0, -0.9
parameter ends

state | action | reward
[5.57] | 2 | -0.5
5.315614036800515 | 2 | -0.5
5.381050759939803 | 2 | -0.5
3.938020721760103 | 2 | -0.5
2.928242216621327 | 2 | -0.5
2.255130341609745 | 2 | -0.5
2.0279224628788195 | 2 | -0.5
1.8011531439489048 | 2 | -0.5
1.735250760872259 | 2 | -0.5
1.7089223546330465 | 2 | -0.5
1.8082919037788852 | 2 | -0.5
1.8926932112112915 | 2 | -0.5
2.183782054113706 | 2 | -0.5
2.6967676063804458 | 2 | -0.5
3.792814192438059 | 2 | -0.5
6.339183892578412 | 2 | -0.5
6.578573305250684 | 2 | -0.5
6.595801770827639 | 2 | -0.5
6.840085208475355 | 2 | -0.5
3.3905746008919304 | 2 | -0.5
2.547170273363074 | 2 | -0.5
2.11924956662155 | 2 | -0.5
1.8398757428395716 | 2 | -0.5
1.7241592118384401 | 2 | -0.5
1.6428693791754678 | 2 | -0.5
1.664239818492304 | 2 | -0.5
1.7113249424086594 | 2 | -0.5
1.8416196427236808 | 2 | -0.5
2.0286032209432667 | 2 | -0.5
2.5245007438660023 | 2 | -0.5
5.987453662769788 | 2 | -0.5
5.552652075480749 | 2 | -0.5
5.33188176360318 | 2 | -0.5
5.332288818757292 | 2 | -0.5
5.475024527041809 | 2 | -0.5
3.6229135675049893 | 2 | -0.5
2.5812779629890756 | 2 | -0.5
2.1515090594061546 | 2 | -0.5
1.9113859287974897 | 2 | -0.5
1.839695365184769 | 2 | -0.5
1.805020555764625 | 2 | -0.5
1.7993308967714923 | 2 | -0.5
1.9001921388262832 | 2 | -0.5
2.0118002297958952 | 2 | -0.5
2.3523267795906575 | 2 | -0.5
3.0058212140803016 | 2 | -0.5
4.281157442613146 | 2 | -0.5
6.830865006988594 | 2 | -0.5
6.666458041319951 | 2 | -0.5
6.813783604244857 | 2 | -0.5
3.774307677908499 | 2 | -0.5
2.798167966019791 | 2 | -0.5
2.243825915780677 | 2 | -0.5
1.959605538236402 | 2 | -0.5
1.7642281355261564 | 2 | -0.5
1.6395520275327244 | 2 | -0.5
1.6687097680922596 | 2 | -0.5
1.6964307649765025 | 2 | -0.5
1.8092602958787036 | 2 | -0.5
2.0190134347158804 | 2 | -0.5
2.375782722515358 | 2 | -0.5
6.1815577160967905 | 2 | -0.5
5.642400122297965 | 2 | -0.5
5.352334829973489 | 2 | -0.5
5.20602685163799 | 2 | -0.5
5.357085796498994 | 2 | -0.5
4.349655727620783 | 2 | -0.5
3.199672133880333 | 2 | -0.5
2.3813784636711186 | 2 | -0.5
2.0989104660907865 | 2 | -0.5
1.9112002299565884 | 2 | -0.5
1.7733022484492396 | 2 | -0.5
1.7749144378982045 | 2 | -0.5
1.8277069000672017 | 2 | -0.5
1.951138144145348 | 2 | -0.5
2.256673897966471 | 2 | -0.5
2.6230618090340783 | 2 | -0.5
3.2320798337173007 | 2 | -0.5
4.891114429255554 | 2 | -0.5
6.669400190191136 | 2 | -0.5
6.6036372130533145 | 2 | -0.5
6.873518141703808 | 2 | -0.5
3.1266015584407074 | 2 | -0.5
2.281090312784326 | 2 | -0.5
1.842437931921483 | 2 | -0.5
1.6380041246633983 | 2 | -0.5
1.5594778844422792 | 2 | -0.5
1.4675224740549753 | 2 | -0.5
1.4553435589383157 | 2 | -0.5
1.5531938423304918 | 2 | -0.5
1.6389517544113545 | 2 | -0.5
1.9066014614241538 | 2 | -0.5
2.292264654614812 | 2 | -0.5
5.870152244706097 | 2 | -0.5
5.474157315819645 | 2 | -0.5
5.312300374689703 | 2 | -0.5
5.345495535210508 | 2 | -0.5
5.571216481765667 | 2 | -0.5
3.7431565006323364 | 2 | -0.5
2.843372255239534 | 2 | -0.5
2.48679939008794 | 2 | -0.5
2.1936329648718886 | 2 | -0.5
2.064432074199218 | 2 | -0.5
2.017802593835863 | 2 | -0.5
2.0292103282716365 | 2 | -0.5
2.158762197442817 | 2 | -0.5
2.3028753498721284 | 2 | -0.5
2.6090089074250695 | 2 | -0.5
3.363105400621197 | 2 | -0.5
5.312947734113503 | 2 | -0.5
6.638459503522923 | 2 | -0.5
6.5214727451225025 | 2 | -0.5
6.652088097584612 | 2 | -0.5
3.1218602232634054 | 2 | -0.5
2.20539223638746 | 2 | -0.5
1.6782239884278727 | 2 | -0.5
1.5069476947061393 | 2 | -0.5
1.369802927524118 | 2 | -0.5
1.3320330385753887 | 2 | -0.5
1.303322948138568 | 2 | -0.5
1.360850133611149 | 2 | -0.5
1.4026474295933502 | 2 | -0.5
1.6105689843034885 | 2 | -0.5
1.9104517678193873 | 2 | -0.5
2.4427697020233965 | 2 | -0.5
5.449843110804144 | 2 | -0.5
5.293285539178881 | 2 | -0.5
5.275876039231509 | 2 | -0.5
5.516194528669358 | 2 | -0.5
4.140607998199461 | 2 | -0.5
3.1462862313529056 | 2 | -0.5
2.5666110517940575 | 2 | -0.5
2.28955825981827 | 2 | -0.5
2.1609624063076462 | 2 | -0.5
2.071701882291068 | 2 | -0.5
2.1284229141224706 | 2 | -0.5
2.254466236944185 | 2 | -0.5
2.4316206969542002 | 2 | -0.5
2.8538036527477058 | 2 | -0.5
3.614127205993017 | 2 | -0.5
4.953904328964747 | 2 | -0.5
6.798935000817421 | 2 | -0.5
6.719902818790169 | 2 | -0.5
6.884232666501404 | 2 | -0.5
2.8186921420125186 | 2 | -0.5
2.015061758253975 | 2 | -0.5
1.6081659995227453 | 2 | -0.5
1.3960585484031758 | 2 | -0.5
1.3006908763594534 | 2 | -0.5
1.2891936233799728 | 2 | -0.5
1.2697042341238203 | 2 | -0.5
1.2829549346606495 | 2 | -0.5
1.3757944261821686 | 2 | -0.5
1.5081308043882904 | 2 | -0.5
1.8198273387718777 | 2 | -0.5
2.3543455967936313 | 2 | -0.5
5.443916567897464 | 2 | -0.5
5.217236201283106 | 2 | -0.5
5.234790358881294 | 2 | -0.5
5.488503659160741 | 2 | -0.5
3.886883681225194 | 2 | -0.5
3.031185774400597 | 2 | -0.5
2.6075428604200273 | 2 | -0.5
2.362216491861445 | 2 | -0.5
2.221986380978277 | 2 | -0.5
2.151191944092454 | 2 | -0.5
2.1121051374445496 | 2 | -0.5
2.2340104723241523 | 2 | -0.5
2.3796467699804524 | 2 | -0.5
2.7002965946358364 | 2 | -0.5
3.148020505606161 | 2 | -0.5
4.250350206669635 | 2 | -0.5
6.715315419007798 | 2 | -0.5
6.651157058115599 | 2 | -0.5
6.696017127733087 | 2 | -0.5
3.2711548964582255 | 2 | -0.5
2.164355068904043 | 2 | -0.5
1.7636789945007032 | 2 | -0.5
1.5292026639121659 | 2 | -0.5
1.3631507016782374 | 2 | -0.5
1.252333880088561 | 2 | -0.5
1.2859291407475362 | 2 | -0.5
1.2524925486889014 | 2 | -0.5
1.3280951444546087 | 2 | -0.5
1.4282986181589408 | 2 | -0.5
1.691621624461759 | 2 | -0.5
2.1773053254413193 | 2 | -0.5
5.66006866071654 | 2 | -0.5
5.369546709077581 | 2 | -0.5
5.23003561544349 | 2 | -0.5
5.298682850166266 | 2 | -0.5
5.044408329813353 | 2 | -0.5
3.4173320240738505 | 2 | -0.5
2.7435925304598325 | 2 | -0.5
2.483037924217761 | 2 | -0.5
2.200124884071474 | 2 | -0.5
2.0441868129595027 | 2 | -0.5
2.0903394768142536 | 2 | -0.5
2.1012925731300043 | 2 | -0.5
2.2894931647468466 | 2 | -0.5
2.569646399115283 | 2 | -0.5
3.0908571941098115 | 2 | -0.5
3.9002259530207084 | 2 | -0.5
5.6610855301350185 | 2 | -0.5
6.798164045363687 | 2 | -0.5
6.641120899949591 | 2 | -0.5
6.736988365211574 | 2 | -0.5
3.770399161144645 | 2 | -0.5
2.518088534193099 | 2 | -0.5
1.9966918479301785 | 2 | -0.5
1.7129746475342773 | 2 | -0.5
1.5387657519912368 | 2 | -0.5
1.4751051696165047 | 2 | -0.5
1.4531721823425907 | 2 | -0.5
1.4718634274655995 | 2 | -0.5
1.5485641887221668 | 2 | -0.5
1.7184367205465467 | 2 | -0.5
1.8893372282398562 | 2 | -0.5
2.341847894536067 | 2 | -0.5
5.863640997270345 | 2 | -0.5
5.511399845236459 | 2 | -0.5
5.377856936504669 | 2 | -0.5
5.4290162818009255 | 2 | -0.5
5.219688651269399 | 2 | -0.5
3.378188990077832 | 2 | -0.5
2.6855014007436115 | 2 | -0.5
2.247377326571583 | 2 | -0.5
2.107145248279244 | 2 | -0.5
1.9814815462428739 | 2 | -0.5
1.940706895823925 | 2 | -0.5
1.982041940752987 | 2 | -0.5
2.1319525203785905 | 2 | -0.5
2.309936614970771 | 2 | -0.5
2.7033610692415984 | 2 | -0.5
3.5170715219314608 | 2 | -0.5
5.2975921537769235 | 2 | -0.5
6.563749872310239 | 2 | -0.5
6.4958109381928875 | 2 | -0.5
6.63525741460884 | 2 | -0.5
3.270688161077484 | 2 | -0.5
2.3031261892445727 | 2 | -0.5
1.8841445826580905 | 2 | -0.5
1.6431011749138578 | 2 | -0.5
1.556284723003029 | 2 | -0.5
1.44360623014034 | 2 | -0.5
1.460017959829539 | 2 | -0.5
1.4920295176839697 | 2 | -0.5
1.616076962020298 | 2 | -0.5
1.8549984237095343 | 2 | -0.5
2.2348942622053674 | 2 | -0.5
5.90597634264315 | 2 | -0.5
5.556330270931076 | 2 | -0.5
5.423149294619594 | 2 | -0.5
5.429663199412541 | 2 | -0.5
5.367031393291622 | 2 | -0.5
3.7009643304066815 | 2 | -0.5
2.907934823378791 | 2 | -0.5
2.334172913331963 | 2 | -0.5
2.0663888471904817 | 2 | -0.5
1.9478636176166853 | 2 | -0.5
1.8878906732979803 | 2 | -0.5
1.919642752361857 | 2 | -0.5
1.9922538238644252 | 2 | -0.5
2.190505771390051 | 2 | -0.5
2.559160124672517 | 2 | -0.5
3.0445942778505297 | 2 | -0.5
4.263082251245736 | 2 | -0.5
6.678800460945277 | 2 | -0.5
6.508461617512073 | 2 | -0.5
6.606088615678294 | 2 | -0.5
7.0093440232347985 | 2 | -0.5
2.826177267987219 | 2 | -0.5
2.2608067777491456 | 2 | -0.5
1.983885522749384 | 2 | -0.5
1.7786450558872544 | 2 | -0.5
1.6839672165201358 | 2 | -0.5
1.699996895584954 | 2 | -0.5
1.7579474194247857 | 2 | -0.5
1.9146731664330905 | 2 | -0.5
2.1853818510428473 | 2 | -0.5
2.739124189243616 | 2 | -0.5
6.096919508331169 | 2 | -0.5
5.615534364368862 | 2 | -0.5
5.440621172903222 | 2 | -0.5
5.474204042949696 | 2 | -0.5
5.1740499532063815 | 2 | -0.5
3.5159258010724046 | 2 | -0.5
2.6654324607164304 | 2 | -0.5
2.234621788248871 | 2 | -0.5
2.0189883116854834 | 2 | -0.5
1.870534524974437 | 2 | -0.5
1.7754829886321435 | 2 | -0.5
1.8218199552713368 | 2 | -0.5
1.8425575855162486 | 2 | -0.5
1.9679070352718688 | 2 | -0.5
2.2953270052729544 | 2 | -0.5
2.8614105191155716 | 2 | -0.5
3.892174318599748 | 2 | -0.5
6.470985492472125 | 2 | -0.5
6.531731507555511 | 2 | -0.5
6.528678307100767 | 2 | -0.5
6.877896320408538 | 2 | -0.5
3.218110368067265 | 2 | -0.5
2.360476912688319 | 2 | -0.5
1.9684890031545408 | 2 | -0.5
1.7584458661704812 | 2 | -0.5
1.662154699059002 | 2 | -0.5
1.5729687749184802 | 2 | -0.5
1.6306551401946798 | 2 | -0.5
1.6867995403141063 | 2 | -0.5
1.77443027364839 | 2 | -0.5
1.9882823726383594 | 2 | -0.5
2.414274575906229 | 2 | -0.5
6.102272909467941 | 2 | -0.5
5.6605203174656005 | 2 | -0.5
5.40691092938767 | 2 | -0.5
5.478782040605311 | 2 | -0.5
5.0025258843843625 | 2 | -0.5
3.386863223856884 | 2 | -0.5
2.759707345594529 | 2 | -0.5
2.3266114241444615 | 2 | -0.5
2.0202650118670187 | 2 | -0.5
1.9180915884517649 | 2 | -0.5
1.8082139890682767 | 2 | -0.5
1.8319596881835931 | 2 | -0.5
1.8995672043937109 | 2 | -0.5
2.023572522243938 | 2 | -0.5
2.3641816145433556 | 2 | -0.5
2.942260814351705 | 2 | -0.5
4.061698525519539 | 2 | -0.5
6.712872206091977 | 2 | -0.5
6.587874196532558 | 2 | -0.5
6.648509529321422 | 2 | -0.5
3.7816968870738696 | 2 | -0.5
2.77527662142904 | 2 | -0.5
2.1760828644854606 | 2 | -0.5
1.9303168902016183 | 2 | -0.5
1.7273341323873643 | 2 | -0.5
1.601044774640524 | 2 | -0.5
1.5870639830678765 | 2 | -0.5
1.5917030807711456 | 2 | -0.5
1.7045864042133174 | 2 | -0.5
1.8542338073472653 | 2 | -0.5
2.157629383387688 | 2 | -0.5
2.7315561473794703 | 2 | -0.5
5.835890322414912 | 2 | -0.5
5.4376836165935485 | 2 | -0.5
5.3480453023492345 | 2 | -0.5
5.387421620989259 | 2 | -0.5
4.778760268599033 | 2 | -0.5
3.2467638444498137 | 2 | -0.5
2.5159534491679083 | 2 | -0.5
2.155185938275523 | 2 | -0.5
1.8703624228556557 | 2 | -0.5
1.7990947967399427 | 2 | -0.5
1.7929937309241886 | 2 | -0.5
1.8464891545453792 | 2 | -0.5
1.9454126689196651 | 2 | -0.5
2.1800160083008007 | 2 | -0.5
2.638213882455062 | 2 | -0.5
3.3290798789382245 | 2 | -0.5
5.209141237038671 | 2 | -0.5
6.444905194749123 | 2 | -0.5
6.47186155198962 | 2 | -0.5
6.711521582921828 | 2 | -0.5
3.270023888339119 | 2 | -0.5
2.405470717422296 | 2 | -0.5
1.9612899325806439 | 2 | -0.5
1.7841986283761297 | 2 | -0.5
1.6234985116787 | 2 | -0.5
1.5961946293281728 | 2 | -0.5
1.5851334920047704 | 2 | -0.5
1.658453623562919 | 2 | -0.5
1.811760202578316 | 2 | -0.5
2.0612117377036303 | 2 | -0.5
2.3964108546232747 | 2 | -0.5
6.0036854465541705 | 2 | -0.5
5.59949011213186 | 2 | -0.5
5.401970295124262 | 2 | -0.5
5.4463660524946205 | 2 | -0.5
5.011165875522732 | 2 | -0.5
3.2708660205548274 | 2 | -0.5
2.6933397200890155 | 2 | -0.5
2.2602010200430174 | 2 | -0.5
1.9820111824642161 | 2 | -0.5
1.8978563589317123 | 2 | -0.5
1.8317532094883862 | 2 | -0.5
1.8140153773302383 | 2 | -0.5
1.9038390576208977 | 2 | -0.5
2.0741944939754835 | 2 | -0.5
2.414058783462668 | 2 | -0.5
3.0004470185182783 | 2 | -0.5
4.464215331291103 | 2 | -0.5
6.480454475716637 | 2 | -0.5
6.3800433720492595 | 2 | -0.5
6.515211845845657 | 2 | -0.5
3.39046634111518 | 2 | -0.5
2.4125613728359205 | 2 | -0.5
1.9217293463121548 | 2 | -0.5
1.697719959894825 | 2 | -0.5
1.5136585772109843 | 2 | -0.5
1.4904003447215561 | 2 | -0.5
1.481785119306863 | 2 | -0.5
1.574076967786081 | 2 | -0.5
1.6583959994155322 | 2 | -0.5
1.7420641317651393 | 2 | -0.5
2.0334174376987986 | 2 | -0.5
2.6869236118962294 | 2 | -0.5
5.977469639825411 | 2 | -0.5
5.651169841882606 | 2 | -0.5
5.525961746179725 | 2 | -0.5
5.6670615266682915 | 2 | -0.5
4.553759662764674 | 2 | -0.5
3.194136453904472 | 2 | -0.5
2.476966852194468 | 2 | -0.5
2.127743324121827 | 2 | -0.5
1.940904225207403 | 2 | -0.5
1.807230966667009 | 2 | -0.5
1.8709369755813814 | 2 | -0.5
1.93354519264768 | 2 | -0.5
2.1183408424415187 | 2 | -0.5
2.402773361876331 | 2 | -0.5
2.949644946434338 | 2 | -0.5
3.9091306746141954 | 2 | -0.5
6.48746676477866 | 2 | -0.5
6.289904103142733 | 2 | -0.5
6.327802234020105 | 2 | -0.5
6.599685820859806 | 2 | -0.5
2.6864579171392537 | 2 | -0.5
2.179818930632981 | 2 | -0.5
1.8530933577587618 | 2 | -0.5
1.699058564995464 | 2 | -0.5
1.5965322334897392 | 2 | -0.5
1.5777779394756593 | 2 | -0.5
1.5384764836247045 | 2 | -0.5
1.674805369736083 | 2 | -0.5
1.765569470503405 | 2 | -0.5
1.9887255219717153 | 2 | -0.5
2.4096390646038475 | 2 | -0.5
6.321522217454363 | 2 | -0.5
5.8324721591327275 | 2 | -0.5
5.718925704081769 | 2 | -0.5
5.87986178054787 | 2 | -0.5
4.619158827809209 | 2 | -0.5
3.2853090568589183 | 2 | -0.5
2.5684283964077292 | 2 | -0.5
2.2213999102076265 | 2 | -0.5
2.0438759264492283 | 2 | -0.5
1.9967155104549414 | 2 | -0.5
1.963309707307178 | 2 | -0.5
2.01546748697392 | 2 | -0.5
2.1521298753066156 | 2 | -0.5
2.453093881935521 | 2 | -0.5
2.722890513901491 | 2 | -0.5
3.5824769032129975 | 2 | -0.5
5.939317734688115 | 2 | -0.5
6.272941835099259 | 2 | -0.5
6.287625566911792 | 2 | -0.5
6.474310008856473 | 2 | -0.5
2.7759396451136875 | 2 | -0.5
2.1249183280241364 | 2 | -0.5
1.7892771495677475 | 2 | -0.5
1.5795399989425534 | 2 | -0.5
1.4534971274136619 | 2 | -0.5
1.4020006516426813 | 2 | -0.5
1.4339215701312071 | 2 | -0.5
1.499226113589197 | 2 | -0.5
1.651078659354036 | 2 | -0.5
1.884592559114762 | 2 | -0.5
2.2589792239666595 | 2 | -0.5
6.2540237215303085 | 2 | -0.5
5.833628435864198 | 2 | -0.5
5.7095036853313985 | 2 | -0.5
5.716862169244333 | 2 | -0.5
5.9372019868679615 | 2 | -0.5
3.9565585894572326 | 2 | -0.5
3.051939830691358 | 2 | -0.5
2.586238797142154 | 2 | -0.5
2.2820365841024777 | 2 | -0.5
2.138865128644051 | 2 | -0.5
2.0448442614554274 | 2 | -0.5
2.0604719888813148 | 2 | -0.5
2.155580108148922 | 2 | -0.5
2.2829937829151805 | 2 | -0.5
2.5883515827698425 | 2 | -0.5
3.1847387484542327 | 2 | -0.5
4.313702049037987 | 2 | -0.5
6.552482915768484 | 2 | -0.5
6.319167989658102 | 2 | -0.5
6.31854490620482 | 2 | -0.5
6.5313394206424915 | 2 | -0.5
2.84400395885939 | 2 | -0.5
2.142316817026158 | 2 | -0.5
1.7432233806343669 | 2 | -0.5
1.5336721763007444 | 2 | -0.5
1.4922237298870027 | 2 | -0.5
1.406830212763418 | 2 | -0.5
1.4452866528573725 | 2 | -0.5
1.4595945090560538 | 2 | -0.5
1.5751457033639975 | 2 | -0.5
1.7975646342881577 | 2 | -0.5
2.130766557745958 | 2 | -0.5
2.756403871347033 | 2 | -0.5
5.916176212124221 | 2 | -0.5
5.6744236624686035 | 2 | -0.5
5.760895328226477 | 2 | -0.5
5.610517919314479 | 2 | -0.5
3.543853926574966 | 2 | -0.5
2.757955077838885 | 2 | -0.5
2.312686625569814 | 2 | -0.5
2.0373756105685463 | 2 | -0.5
1.9935943630177284 | 2 | -0.5
1.9327617771229182 | 2 | -0.5
1.969321935692512 | 2 | -0.5
2.0659784324119927 | 2 | -0.5
2.3261422575813864 | 2 | -0.5
2.6691386371702652 | 2 | -0.5
3.2543111675801457 | 2 | -0.5
4.737329853826338 | 2 | -0.5
6.269906305301161 | 2 | -0.5
6.18950274016576 | 2 | -0.5
6.310205573859489 | 2 | -0.5
6.66785388927624 | 2 | -0.5
2.5932218121896176 | 2 | -0.5
2.2656550195784098 | 2 | -0.5
1.86260343450247 | 2 | -0.5
1.6573157370972496 | 2 | -0.5
1.5352209839462716 | 2 | -0.5
1.5322100475336073 | 2 | -0.5
1.537043106776234 | 2 | -0.5
1.6720031232071997 | 2 | -0.5
1.9006413856725153 | 2 | -0.5
2.239874438193887 | 2 | -0.5
2.8330656935041802 | 2 | -0.5
6.019719473039319 | 2 | -0.5
5.714179755549797 | 2 | -0.5
5.6899286030944465 | 2 | -0.5
5.81419890194442 | 2 | -0.5
4.580743247212872 | 2 | -0.5
3.1957040399908117 | 2 | -0.5
2.610954586147525 | 2 | -0.5
2.249049819197648 | 2 | -0.5
2.1047713458910935 | 2 | -0.5
1.951754238018922 | 2 | -0.5
1.8906949252573872 | 2 | -0.5
1.9774661754106257 | 2 | -0.5
2.075763153347994 | 2 | -0.5
2.351030083813794 | 2 | -0.5
2.7869960361479644 | 2 | -0.5
3.420903848788648 | 2 | -0.5
4.8006577446041545 | 2 | -0.5
6.370837327172967 | 2 | -0.5
6.195511165505205 | 2 | -0.5
6.334531940762311 | 2 | -0.5
6.648122041602969 | 2 | -0.5
2.478524954488261 | 2 | -0.5
1.977815634499646 | 2 | -0.5
1.6930828085753546 | 2 | -0.5
1.5073361496598046 | 2 | -0.5
1.399364008586783 | 2 | -0.5
1.3677143795729594 | 2 | -0.5
1.4285073845845566 | 2 | -0.5
1.4946496495806014 | 2 | -0.5
1.645052819726897 | 2 | -0.5
2.08673968694069 | 2 | -0.5
2.791047783380494 | 2 | -0.5
5.852156268456148 | 2 | -0.5
5.629050379344224 | 2 | -0.5
5.6464074324853035 | 2 | -0.5
5.833698791080814 | 2 | -0.5
3.9460833582448855 | 2 | -0.5
2.971642450709947 | 2 | -0.5
2.4014480088854717 | 2 | -0.5
2.1934935396751376 | 2 | -0.5
2.041008617302666 | 2 | -0.5
2.019704933264394 | 2 | -0.5
1.9740949842307989 | 2 | -0.5
2.1271268251232085 | 2 | -0.5
2.3083712480697764 | 2 | -0.5
2.7331580115310303 | 2 | -0.5
3.309286072873955 | 2 | -0.5
4.955236489415392 | 2 | -0.5
6.466933822569837 | 2 | -0.5
6.307081816248966 | 2 | -0.5
6.46190783290407 | 2 | -0.5
3.208525885952567 | 2 | -0.5
2.409699256261695 | 2 | -0.5
1.9313064060351175 | 2 | -0.5
1.6386286920510826 | 2 | -0.5
1.4918038398008275 | 2 | -0.5
1.3970584023240036 | 2 | -0.5
1.3918657270360841 | 2 | -0.5
1.428157369434976 | 2 | -0.5
1.4981345625214917 | 2 | -0.5
1.673590175801527 | 2 | -0.5
2.005367107951348 | 2 | -0.5
2.7886009235688034 | 2 | -0.5
5.706160229722343 | 2 | -0.5
5.551217161090206 | 2 | -0.5
5.526789100767596 | 2 | -0.5
5.773348357092862 | 2 | -0.5
4.276475602438191 | 2 | -0.5
3.2137422482162523 | 2 | -0.5
2.687096634422328 | 2 | -0.5
2.245049669767734 | 2 | -0.5
2.081147479860294 | 2 | -0.5
1.9563363133961982 | 2 | -0.5
1.9853062338274934 | 2 | -0.5
1.9946065717708714 | 2 | -0.5
2.222264387406062 | 2 | -0.5
2.525069069555115 | 2 | -0.5
3.084198783887933 | 2 | -0.5
4.438001582856001 | 2 | -0.5
6.562402756608027 | 2 | -0.5
6.394760789174354 | 2 | -0.5
6.424464529526766 | 2 | -0.5
3.2725748426963097 | 2 | -0.5
2.1932501891797735 | 2 | -0.5
1.7316689219259427 | 2 | -0.5
1.5483919087889613 | 2 | -0.5
1.450356489849605 | 2 | -0.5
1.3795753308463399 | 2 | -0.5
1.3294005692493809 | 2 | -0.5
1.3936920463140166 | 2 | -0.5
1.466810472972822 | 2 | -0.5
1.6687790702611973 | 2 | -0.5
1.8975074206496885 | 2 | -0.5
2.388348962192283 | 2 | -0.5
5.734834287851783 | 2 | -0.5
5.471582992985194 | 2 | -0.5
5.439094319499004 | 2 | -0.5
5.660529294917873 | 2 | -0.5
4.083631078938974 | 2 | -0.5
3.1244069485256025 | 2 | -0.5
2.530294187777664 | 2 | -0.5
2.2857166083206018 | 2 | -0.5
2.097655310392885 | 2 | -0.5
2.049728780486368 | 2 | -0.5
2.0563412148420173 | 2 | -0.5
2.154561349718471 | 2 | -0.5
2.400244902311346 | 2 | -0.5
2.7507299903966564 | 2 | -0.5
3.1832891178267526 | 2 | -0.5
4.475030769611181 | 2 | -0.5
6.659776266133191 | 2 | -0.5
6.471466716503516 | 2 | -0.5
6.515272998861111 | 2 | -0.5
6.819812206750633 | 2 | -0.5
2.804310595221783 | 2 | -0.5
2.1504036856840836 | 2 | -0.5
1.822225851894945 | 2 | -0.5
1.6153965647889097 | 2 | -0.5
1.4876768959436317 | 2 | -0.5
1.461369176419846 | 2 | -0.5
1.4544082433144847 | 2 | -0.5
1.5115116132687518 | 2 | -0.5
1.655400318697082 | 2 | -0.5
1.906717254989229 | 2 | -0.5
2.2894193400062695 | 2 | -0.5
6.106795427435225 | 2 | -0.5
5.675818012288006 | 2 | -0.5
5.5782216759869225 | 2 | -0.5
5.641953134783862 | 2 | -0.5
5.296559526948713 | 2 | -0.5
3.5411736734460457 | 2 | -0.5
2.9153906787272614 | 2 | -0.5
2.3883304147163336 | 2 | -0.5
2.2201671750270764 | 2 | -0.5
2.0773465904054924 | 2 | -0.5
2.0029188127100093 | 2 | -0.5
2.025186455660834 | 2 | -0.5
2.1393339653924692 | 2 | -0.5
2.392019301775568 | 2 | -0.5
2.732219749116802 | 2 | -0.5
3.3018704844763787 | 2 | -0.5
4.386524904406135 | 2 | -0.5
6.517670384401395 | 2 | -0.5
6.36939341748255 | 2 | -0.5
6.474315268366662 | 2 | -0.5
3.167539093592899 | 2 | -0.5
2.301981698343792 | 2 | -0.5
1.8819868181395338 | 2 | -0.5
1.5978495056570678 | 2 | -0.5
1.4234185492330025 | 2 | -0.5
1.4451623969477092 | 2 | -0.5
1.394912240977505 | 2 | -0.5
1.444511109383509 | 2 | -0.5
1.5886622243897845 | 2 | -0.5
1.75581523862521 | 2 | -0.5
1.9868123026201305 | 2 | -0.5
2.611171487436947 | 2 | -0.5
5.869600480514788 | 2 | -0.5
5.66893364691076 | 2 | -0.5
5.607269000319768 | 2 | -0.5
5.810271462717018 | 2 | -0.5
4.4055397740840085 | 2 | -0.5
3.263494376631608 | 2 | -0.5
2.7891793116942103 | 2 | -0.5
2.4238759142525867 | 2 | -0.5
2.1994507068938676 | 2 | -0.5
2.1375443534944387 | 2 | -0.5
2.135277976716675 | 2 | -0.5
2.18088930521117 | 2 | -0.5
2.342117254234611 | 2 | -0.5
2.6808002086273763 | 2 | -0.5
3.2587729754702193 | 2 | -0.5
4.475036484529882 | 2 | -0.5
6.467808058733073 | 2 | -0.5
6.288029957518287 | 2 | -0.5
6.381544931304056 | 2 | -0.5
3.2141969116523312 | 2 | -0.5
2.1915808417634883 | 2 | -0.5
1.6969386528774026 | 2 | -0.5
1.5253147493637993 | 2 | -0.5
1.3445576964536667 | 2 | -0.5
1.2802306773247905 | 2 | -0.5
1.224656808994528 | 2 | -0.5
1.258227660318915 | 2 | -0.5
1.3237422409573156 | 2 | -0.5
1.546515006213763 | 2 | -0.5
1.817317301891606 | 2 | -0.5
2.2922456794048767 | 2 | -0.5
6.009776599838597 | 2 | -0.5
5.719025500348391 | 2 | -0.5
5.632134155220729 | 2 | -0.5
5.802974888407824 | 2 | -0.5
4.763480269702535 | 2 | -0.5
3.343159977023614 | 2 | -0.5
2.7055804383435613 | 2 | -0.5
2.3723682539528017 | 2 | -0.5
2.2238853899873985 | 2 | -0.5
2.152464796479184 | 2 | -0.5
2.1804881479675235 | 2 | -0.5
2.2406365657158447 | 2 | -0.5
2.49352715505051 | 2 | -0.5
2.870888205775015 | 2 | -0.5
3.586545150882854 | 2 | -0.5
5.4471312997202155 | 2 | -0.5
6.257774928031011 | 2 | -0.5
6.244483894705846 | 2 | -0.5
6.318342729727752 | 2 | -0.5
3.014522309010449 | 2 | -0.5
2.058368419505173 | 2 | -0.5
1.6982291444916724 | 2 | -0.5
1.4481214362985808 | 2 | -0.5
1.3442693314321401 | 2 | -0.5
1.2739491763421102 | 2 | -0.5
1.2532937426167388 | 2 | -0.5
1.2802333127379575 | 2 | -0.5
1.3773780081957077 | 2 | -0.5
1.4912193554735576 | 2 | -0.5
1.7278163526051267 | 2 | -0.5
2.131548848454976 | 2 | -0.5
6.149424905632967 | 2 | -0.5
5.840138774507819 | 2 | -0.5
5.732206618411448 | 2 | -0.5
5.824854572918326 | 2 | -0.5
5.304424497948672 | 2 | -0.5
3.7590933877008776 | 2 | -0.5
2.994898176718407 | 2 | -0.5
2.522221342308316 | 2 | -0.5
2.2623648951253146 | 2 | -0.5
2.156251297899796 | 2 | -0.5
2.1197683034736676 | 2 | -0.5
2.200044929863154 | 2 | -0.5
2.355559402725635 | 2 | -0.5
2.5798074510100513 | 2 | -0.5
3.0638905195164723 | 2 | -0.5
4.046171794229618 | 2 | -0.5
5.749105029006933 | 2 | -0.5
6.202300510712676 | 2 | -0.5
6.153695241410913 | 2 | -0.5
6.405697988745084 | 2 | -0.5
2.600629755775596 | 2 | -0.5
1.9179187445788943 | 2 | -0.5
1.6223305509912311 | 2 | -0.5
1.4156912766812555 | 2 | -0.5
1.2900892121085692 | 2 | -0.5
1.2509176719546464 | 2 | -0.5
1.24486868357411 | 2 | -0.5
1.242729734614824 | 2 | -0.5
1.379525163869889 | 2 | -0.5
1.490247655069875 | 2 | -0.5
1.8062529233691458 | 2 | -0.5
2.193412836777209 | 2 | -0.5
6.094095395331278 | 2 | -0.5
5.8532292830570825 | 2 | -0.5
5.804451806835732 | 2 | -0.5
5.929843814097204 | 2 | -0.5
5.340249585524518 | 2 | -0.5
3.5332691993194656 | 2 | -0.5
2.9370456619592393 | 2 | -0.5
2.509105420207522 | 2 | -0.5
2.352749387700485 | 2 | -0.5
2.2391543409053156 | 2 | -0.5
2.318618299299248 | 2 | -0.5
2.4355446615597454 | 2 | -0.5
2.6676842638164135 | 2 | -0.5
3.1614304003320552 | 2 | -0.5
3.6482938566833645 | 2 | -0.5
4.878894550663768 | 2 | -0.5
6.3318342675874435 | 2 | -0.5
6.183905240525095 | 2 | -0.5
6.278920670805055 | 2 | -0.5
2.575775876311051 | 2 | -0.5
1.8402855617540916 | 2 | -0.5
1.509473299895124 | 2 | -0.5
1.2868218435826824 | 2 | -0.5
1.1790778328341072 | 2 | -0.5
1.0946401433525417 | 2 | -0.5
1.0983878980481012 | 2 | -0.5
1.0796486934848082 | 2 | -0.5
1.1257533955434769 | 2 | -0.5
1.3407278859148002 | 2 | -0.5
1.5978108927604042 | 2 | -0.5
2.068117975635603 | 2 | -0.5
5.838859203702112 | 2 | -0.5
5.614888696888718 | 2 | -0.5
5.632082424982866 | 2 | -0.5
5.814707267880754 | 2 | -0.5
4.475842686022457 | 2 | -0.5
3.2960243344470435 | 2 | -0.5
2.8058215718655157 | 2 | -0.5
2.5241771223002996 | 2 | -0.5
2.3818855321556374 | 2 | -0.5
2.2948253968465027 | 2 | -0.5
2.3056272585239226 | 2 | -0.5
2.479392812115563 | 2 | -0.5
2.83831529284859 | 2 | -0.5
3.2533001634822716 | 2 | -0.5
4.2386061659749235 | 2 | -0.5
6.5402313016897295 | 2 | -0.5
6.398821034141479 | 2 | -0.5
6.308287677916185 | 2 | -0.5
6.378955355380571 | 2 | -0.5
2.9500680288359202 | 2 | -0.5
1.9199108010254777 | 2 | -0.5
1.4667508787832952 | 2 | -0.5
1.1924132619375447 | 2 | -0.5
1.0903080316908433 | 2 | -0.5
0.9915655277075257 | 2 | -0.5
1.0275222760985174 | 2 | -0.5
1.0467712212208904 | 2 | -0.5
1.0959317117996048 | 2 | -0.5
1.206169985740804 | 2 | -0.5
1.3620849879861585 | 2 | -0.5
1.785236295536294 | 2 | -0.5
2.6415482343894556 | 2 | -0.5
5.627277463710511 | 2 | -0.5
5.540481512290557 | 2 | -0.5
5.704450555930589 | 2 | -0.5
4.949043617208117 | 2 | -0.5
3.6048810960774413 | 2 | -0.5
2.9673296617375415 | 2 | -0.5
2.6881909336847474 | 2 | -0.5
2.471177506304485 | 2 | -0.5
2.3752221903391746 | 2 | -0.5
2.380153835415975 | 2 | -0.5
2.4239965643825747 | 2 | -0.5
2.604371526008902 | 2 | -0.5
2.8546530650524695 | 2 | -0.5
3.3276458774752062 | 2 | -0.5
3.9210822011010484 | 2 | -0.5
5.98037191793587 | 2 | -0.5
6.536446789227869 | 2 | -0.5
6.4552127261114105 | 2 | -0.5
6.5338329823912975 | 2 | -0.5
2.672325474652511 | 2 | -0.5
1.8534944659931243 | 2 | -0.5
1.4149341093663814 | 2 | -0.5
1.2505394184282168 | 2 | -0.5
1.0778630444276782 | 2 | -0.5
1.0287703360745828 | 2 | -0.5
1.0398970211084655 | 2 | -0.5
1.0559359334716387 | 2 | -0.5
1.126458528543377 | 2 | -0.5
1.2273627977430213 | 2 | -0.5
1.474258547405138 | 2 | -0.5
1.748764011118132 | 2 | -0.5
2.568018332730416 | 2 | -0.5
5.553108586005522 | 2 | -0.5
5.456356981694887 | 2 | -0.5
5.658042720327987 | 2 | -0.5
5.240102196033347 | 2 | -0.5
3.7528618901701076 | 2 | -0.5
3.0594281005704054 | 2 | -0.5
2.677087567099184 | 2 | -0.5
2.4706425124293454 | 2 | -0.5
2.464885559805351 | 2 | -0.5
2.451249974589407 | 2 | -0.5
2.5689337279872575 | 2 | -0.5
2.7589729290987517 | 2 | -0.5
3.205526359518924 | 2 | -0.5
3.735399899753079 | 2 | -0.5
4.87058772138656 | 2 | -0.5
6.814774248594765 | 2 | -0.5
6.657211907200081 | 2 | -0.5
6.600036693859233 | 2 | -0.5
3.278993524715203 | 2 | -0.5
1.9126862651889047 | 2 | -0.5
1.430020970995455 | 2 | -0.5
1.2239776328964658 | 2 | -0.5
1.048094400930647 | 2 | -0.5
0.9557147575996073 | 2 | -0.5
0.9618630480299237 | 2 | -0.5
0.9554560040788047 | 2 | -0.5
0.9832507909128265 | 2 | -0.5
1.1459946055884265 | 2 | -0.5
1.2816869252394243 | 2 | -0.5
1.5454564711976062 | 2 | -0.5
2.1805469227824537 | 2 | -0.5
5.321985440255603 | 2 | -0.5
5.277788916781722 | 2 | -0.5
5.423383261655269 | 2 | -0.5
5.656037700273389 | 2 | -0.5
4.1539596014496585 | 2 | -0.5
3.054236603019437 | 2 | -0.5
2.6806352572055974 | 2 | -0.5
2.5147595989625247 | 2 | -0.5
2.377311772177753 | 2 | -0.5
2.3339125524181807 | 2 | -0.5
2.403742342806576 | 2 | -0.5
2.5332397365097927 | 2 | -0.5
2.773574844529576 | 2 | -0.5
3.2293301279492135 | 2 | -0.5
4.10648999168849 | 2 | -0.5
5.93340082413894 | 2 | -0.5
6.665591118727219 | 2 | -0.5
6.570252525333816 | 2 | -0.5
3.319514123140912 | 2 | -0.5
1.963790194651269 | 2 | -0.5
1.5204972266587509 | 2 | -0.5
1.2499711671928635 | 2 | -0.5
0.9936901041792027 | 2 | -0.5
0.9304715349660658 | 2 | -0.5
0.9028009931925761 | 2 | -0.5
0.8975554488867732 | 2 | -0.5
0.934596917226289 | 2 | -0.5
0.9846695672249435 | 2 | -0.5
1.0896244287272394 | 2 | -0.5
1.2840407622424757 | 2 | -0.5
1.606869249010882 | 2 | -0.5
2.2499617436030324 | 2 | -0.5
5.426196229949386 | 2 | -0.5
5.429093289796516 | 2 | -0.5
5.609793689644029 | 2 | -0.5
5.4448806523718645 | 2 | -0.5
4.049899576543009 | 2 | -0.5
3.2382016575238977 | 2 | -0.5
2.915205891653658 | 2 | -0.5
2.6673518965239094 | 2 | -0.5
2.494063097811195 | 2 | -0.5
2.555942031719041 | 0 | 5.0
2.5441315189215463 | 2 | -0.5
2.657037665120021 | 2 | -0.5
2.8107374087100165 | 2 | -0.5
3.317077402491612 | 2 | -0.5
4.173583559298254 | 2 | -0.5
5.868245388126814 | 2 | -0.5
6.887048128599321 | 2 | -0.5
6.679291116089268 | 2 | -0.5
3.4489869544004943 | 2 | -0.5
1.8484063845145315 | 2 | -0.5
1.2508598637750283 | 2 | -0.5
1.028378175411898 | 2 | -0.5
0.9034272770741236 | 2 | -0.5
0.8391533662144941 | 2 | -0.5
0.795486149105776 | 2 | -0.5
0.8260194076826868 | 2 | -0.5
0.8140034479319005 | 2 | -0.5
0.8835933720049679 | 2 | -0.5
0.9775409075124207 | 2 | -0.5
1.1463588059039975 | 2 | -0.5
1.3843605408192559 | 2 | -0.5
2.149252483191058 | 2 | -0.5
5.250430478359942 | 2 | -0.5
5.214047211967492 | 2 | -0.5
5.358523971285877 | 2 | -0.5
5.7086139832112455 | 2 | -0.5
4.061371501165801 | 2 | -0.5
3.345647239175999 | 2 | -0.5
2.9779855794499968 | 2 | -200.0
[1.64] | 2 | -0.5
1.5535103971101096 | 2 | -0.5
1.5337159598634988 | 2 | -0.5
1.5810134460314138 | 2 | -0.5
1.6569019824893072 | 2 | -0.5
1.9087681447931224 | 2 | -0.5
2.2004669495267946 | 2 | -0.5
2.8177700848195326 | 2 | -0.5
4.450773528632748 | 2 | -0.5
14.828495878833094 | 2 | -0.5
14.844011041219112 | 2 | -0.5
5.499659349747233 | 2 | -0.5
3.5386007985380408 | 2 | -0.5
2.717343708377928 | 2 | -0.5
2.20256169808889 | 2 | -0.5
1.9998080032038164 | 2 | -0.5
1.8860638293564955 | 2 | -0.5
1.876802217709977 | 0 | 5.0
Total reward: -685.0
