0.6, -5.7, -0.4, 0.3, 0.3, 6.0, 0.4, -5.6, -0.3
parameter ends

state | action | reward
[-0.5] | 0 | -1.0
-0.4988723397254944 | 0 | -1.0
-0.5012518167495728 | 0 | -1.0
-0.5047988295555115 | 0 | -1.0
-0.5094866752624512 | 0 | -1.0
-0.5152803659439087 | 0 | -1.0
-0.5221364498138428 | 0 | -1.0
-0.5300034880638123 | 0 | -1.0
-0.5388225317001343 | 0 | -1.0
-0.5485274195671082 | 0 | -1.0
-0.5590454936027527 | 0 | -1.0
-0.5702981948852539 | 0 | -1.0
-0.5822018384933472 | 0 | -1.0
-0.5946682095527649 | 0 | -1.0
-0.6076056361198425 | 0 | -1.0
-0.6209195852279663 | 0 | -1.0
-0.6345139741897583 | 0 | -1.0
-0.6482917666435242 | 0 | -1.0
-0.6621560454368591 | 0 | -1.0
-0.67601078748703 | 0 | -1.0
-0.6897618770599365 | 0 | -1.0
-0.7033177018165588 | 0 | -1.0
-0.7165899872779846 | 0 | -1.0
-0.7294943928718567 | 0 | -1.0
-0.7419508695602417 | 0 | -1.0
-0.7538843750953674 | 0 | -1.0
-0.7652248740196228 | 2 | -1.0
-0.7739077806472778 | 2 | -1.0
-0.7798848748207092 | 2 | -1.0
-0.7831236720085144 | 2 | -1.0
-0.7836068272590637 | 2 | -1.0
-0.7813317179679871 | 2 | -1.0
-0.7763105630874634 | 2 | -1.0
-0.7685704827308655 | 2 | -1.0
-0.7581540942192078 | 2 | -1.0
-0.745120108127594 | 2 | -1.0
-0.7295444011688232 | 2 | -1.0
-0.7115204930305481 | 2 | -1.0
-0.6911606192588806 | 2 | -1.0
-0.6685963273048401 | 2 | -1.0
-0.6439785361289978 | 2 | -1.0
-0.6174773573875427 | 2 | -1.0
-0.589281439781189 | 2 | -1.0
-0.5595960021018982 | 2 | -1.0
-0.5286411046981812 | 2 | -1.0
-0.4966484606266022 | 0 | -1.0
-0.46585768461227417 | 0 | -1.0
-0.4364977777004242 | 0 | -1.0
-0.40878376364707947 | 0 | -1.0
-0.3829139173030853 | 0 | -1.0
-0.3590681552886963 | 0 | -1.0
-0.33740687370300293 | 0 | -1.0
-0.31807056069374084 | 0 | -1.0
-0.3011798560619354 | 0 | -1.0
-0.2868362367153168 | 0 | -1.0
-0.2751227617263794 | 0 | -1.0
-0.26610496640205383 | 0 | -1.0
-0.2598319947719574 | 0 | -1.0
-0.2563371956348419 | 0 | -1.0
-0.25563886761665344 | 0 | -1.0
-0.25774067640304565 | 0 | -1.0
-0.2626316547393799 | 0 | -1.0
-0.2702859938144684 | 0 | -1.0
-0.28066250681877136 | 0 | -1.0
-0.29370397329330444 | 0 | -1.0
-0.30933618545532227 | 0 | -1.0
-0.3274669647216797 | 0 | -1.0
-0.34798529744148254 | 0 | -1.0
-0.37076064944267273 | 0 | -1.0
-0.39564254879951477 | 0 | -1.0
-0.42246073484420776 | 0 | -1.0
-0.4510258436203003 | 0 | -1.0
-0.481130987405777 | 0 | -1.0
-0.5125537514686584 | 0 | -1.0
-0.5450593829154968 | 0 | -1.0
-0.5784041285514832 | 0 | -1.0
-0.6123396754264832 | 0 | -1.0
-0.6466175317764282 | 0 | -1.0
-0.6809935569763184 | 0 | -1.0
-0.7152324318885803 | 0 | -1.0
-0.7491120100021362 | 0 | -1.0
-0.7824262976646423 | 0 | -1.0
-0.8149886727333069 | 0 | -1.0
-0.8466334939002991 | 0 | -1.0
-0.8772174119949341 | 2 | -1.0
-0.9046193361282349 | 2 | -1.0
-0.9287465214729309 | 2 | -1.0
-0.9495298862457275 | 2 | -1.0
-0.9669198393821716 | 2 | -1.0
-0.9808818697929382 | 2 | -1.0
-0.9913932681083679 | 1 | -1.0
-0.9994395971298218 | 1 | -1.0
-1.0050115585327148 | 1 | -1.0
-1.0081034898757935 | 1 | -1.0
-1.008712649345398 | 1 | -1.0
-1.0068384408950806 | 1 | -1.0
-1.002482533454895 | 2 | -1.0
-0.9946489930152893 | 2 | -1.0
-0.9833465218544006 | 2 | -1.0
-0.9685897827148438 | 2 | -1.0
-0.9504022598266602 | 2 | -1.0
-0.9288193583488464 | 2 | -1.0
-0.903892457485199 | 2 | -1.0
-0.8756930828094482 | 2 | -1.0
-0.8443173766136169 | 2 | -1.0
-0.8098905682563782 | 2 | -1.0
-0.7725710272789001 | 2 | -1.0
-0.7325530052185059 | 2 | -1.0
-0.6900684833526611 | 2 | -1.0
-0.6453866958618164 | 2 | -1.0
-0.598811686038971 | 2 | -1.0
-0.5506773591041565 | 2 | -1.0
-0.5013401508331299 | 2 | -1.0
-0.45116978883743286 | 2 | -1.0
-0.4005383551120758 | 0 | -1.0
-0.3518090546131134 | 0 | -1.0
-0.3053118884563446 | 0 | -1.0
-0.26133736968040466 | 0 | -1.0
-0.22013303637504578 | 0 | -1.0
-0.18190307915210724 | 0 | -1.0
-0.14681002497673035 | 0 | -1.0
-0.11497838795185089 | 0 | -1.0
-0.08649949729442596 | 0 | -1.0
-0.06143690645694733 | 0 | -1.0
-0.039831969887018204 | 0 | -1.0
-0.021709203720092773 | 0 | -1.0
-0.007081138901412487 | 0 | -1.0
0.004047490190714598 | 0 | -1.0
0.011676304042339325 | 0 | -1.0
0.01580665074288845 | 0 | -1.0
0.016439808532595634 | 0 | -1.0
0.013576005585491657 | 0 | -1.0
0.007214276120066643 | 0 | -1.0
-0.002646867884323001 | 0 | -1.0
-0.016007933765649796 | 0 | -1.0
-0.03286611661314964 | 0 | -1.0
-0.053212158381938934 | 0 | -1.0
-0.07702641189098358 | 0 | -1.0
-0.1042742133140564 | 0 | -1.0
-0.13490068912506104 | 0 | -1.0
-0.1688252091407776 | 0 | -1.0
-0.20593588054180145 | 0 | -1.0
-0.24608443677425385 | 0 | -1.0
-0.2890821099281311 | 0 | -1.0
-0.33469706773757935 | 0 | -1.0
-0.38265419006347656 | 0 | -1.0
-0.43263718485832214 | 0 | -1.0
-0.48429396748542786 | 0 | -1.0
-0.5372447967529297 | 0 | -1.0
-0.5910933613777161 | 0 | -1.0
-0.6454391479492188 | 0 | -1.0
-0.6998913884162903 | 0 | -1.0
-0.7540821433067322 | 0 | -1.0
-0.8076788187026978 | 0 | -1.0
-0.8603935837745667 | 0 | -1.0
-0.911990761756897 | 0 | -1.0
-0.9622907638549805 | 1 | -1.0
-1.0101714134216309 | 1 | -1.0
-1.0555676221847534 | 1 | -1.0
-1.0984644889831543 | 1 | -1.0
-1.1388908624649048 | 1 | -1.0
-1.1769112348556519 | 1 | -1.0
-1.2000000476837158 | 1 | -1.0
-1.1977580785751343 | 1 | -1.0
-1.1932668685913086 | 1 | -1.0
-1.1865119934082031 | 1 | -1.0
-1.1774722337722778 | 1 | -1.0
-1.1661208868026733 | 1 | -1.0
-1.152427077293396 | 1 | -1.0
-1.1363567113876343 | 1 | -1.0
-1.117875337600708 | 1 | -1.0
-1.0969499349594116 | 1 | -1.0
-1.0735523700714111 | 1 | -1.0
-1.0476624965667725 | 1 | -1.0
-1.0192726850509644 | 2 | -1.0
-0.9873916506767273 | 2 | -1.0
-0.9520507454872131 | 2 | -1.0
-0.9133110046386719 | 2 | -1.0
-0.8712702393531799 | 2 | -1.0
-0.8260696530342102 | 2 | -1.0
-0.7778992652893066 | 2 | -1.0
-0.7270013093948364 | 2 | -1.0
-0.673670768737793 | 2 | -1.0
-0.6182523369789124 | 2 | -1.0
-0.5611335039138794 | 2 | -1.0
-0.5027337670326233 | 2 | -1.0
-0.4434903860092163 | 2 | -1.0
-0.3838420808315277 | 2 | -1.0
-0.3242115080356598 | 0 | -1.0
-0.26698872447013855 | 0 | -1.0
-0.2125059962272644 | 0 | -1.0
-0.16103218495845795 | 0 | -1.0
-0.11277229338884354 | 0 | -1.0
-0.06787068396806717 | 0 | -1.0
-0.026417428627610207 | 0 | -1.0
0.01154367160052061 | 0 | -1.0
0.04600627347826958 | 0 | -1.0
0.07699264585971832 | 0 | -1.0
0.10454541444778442 | 0 | -1.0
0.12872013449668884 | 0 | -1.0
[-0.46] | 0 | -1.0
-0.4576883614063263 | 0 | -1.0
-0.46068161725997925 | 0 | -1.0
-0.46514397859573364 | 0 | -1.0
-0.4710424840450287 | 0 | -1.0
-0.47833356261253357 | 0 | -1.0
-0.48696306347846985 | 0 | -1.0
-0.49686676263809204 | 0 | -1.0
-0.5079707503318787 | 0 | -1.0
-0.5201919078826904 | 0 | -1.0
-0.5334386229515076 | 0 | -1.0
-0.5476115942001343 | 0 | -1.0
-0.562604546546936 | 0 | -1.0
-0.5783056616783142 | 0 | -1.0
-0.5945982933044434 | 0 | -1.0
-0.6113624572753906 | 0 | -1.0
-0.6284760236740112 | 0 | -1.0
-0.6458158493041992 | 0 | -1.0
-0.6632594466209412 | 0 | -1.0
-0.6806859970092773 | 0 | -1.0
-0.6979775428771973 | 0 | -1.0
-0.7150200605392456 | 0 | -1.0
-0.7317045331001282 | 0 | -1.0
-0.7479276657104492 | 0 | -1.0
-0.7635924816131592 | 0 | -1.0
-0.7786088585853577 | 0 | -1.0
-0.7928938269615173 | 2 | -1.0
-0.8043717741966248 | 2 | -1.0
-0.8129842281341553 | 2 | -1.0
-0.8186888098716736 | 2 | -1.0
-0.8214581608772278 | 2 | -1.0
-0.8212792873382568 | 2 | -1.0
-0.818152904510498 | 2 | -1.0
-0.8120938539505005 | 2 | -1.0
-0.8031312823295593 | 2 | -1.0
-0.7913094758987427 | 2 | -1.0
-0.776688814163208 | 2 | -1.0
-0.759347140789032 | 2 | -1.0
-0.7393811941146851 | 2 | -1.0
-0.7169075012207031 | 2 | -1.0
-0.6920639276504517 | 2 | -1.0
-0.6650099158287048 | 2 | -1.0
-0.6359269022941589 | 2 | -1.0
-0.6050172448158264 | 2 | -1.0
-0.5725030303001404 | 2 | -1.0
-0.5386233925819397 | 2 | -1.0
-0.503631055355072 | 2 | -1.0
-0.46778836846351624 | 0 | -1.0
-0.43336233496665955 | 0 | -1.0
-0.40060484409332275 | 0 | -1.0
-0.3697489798069 | 0 | -1.0
-0.34100648760795593 | 0 | -1.0
-0.3145659863948822 | 0 | -1.0
-0.2905924618244171 | 0 | -1.0
-0.2692275941371918 | 0 | -1.0
-0.2505906820297241 | 0 | -1.0
-0.234779953956604 | 0 | -1.0
-0.22187432646751404 | 0 | -1.0
-0.21193504333496094 | 0 | -1.0
-0.20500722527503967 | 0 | -1.0
-0.20112133026123047 | 0 | -1.0
-0.20029400289058685 | 0 | -1.0
-0.20252875983715057 | 0 | -1.0
-0.20781610906124115 | 0 | -1.0
-0.21613311767578125 | 0 | -1.0
-0.22744275629520416 | 0 | -1.0
-0.2416926622390747 | 0 | -1.0
-0.25881367921829224 | 0 | -1.0
-0.2787182629108429 | 0 | -1.0
-0.3012986183166504 | 0 | -1.0
-0.32642534375190735 | 0 | -1.0
-0.35394614934921265 | 0 | -1.0
-0.3836851418018341 | 0 | -1.0
-0.41544291377067566 | 0 | -1.0
-0.44899770617485046 | 0 | -1.0
-0.4841073453426361 | 0 | -1.0
-0.5205124616622925 | 0 | -1.0
-0.5579407811164856 | 0 | -1.0
-0.5961119532585144 | 0 | -1.0
-0.6347435116767883 | 0 | -1.0
-0.673556923866272 | 0 | -1.0
-0.7122831344604492 | 0 | -1.0
-0.7506686449050903 | 0 | -1.0
-0.7884798049926758 | 0 | -1.0
-0.8255069255828857 | 0 | -1.0
-0.8615668416023254 | 0 | -1.0
-0.8965045213699341 | 0 | -1.0
-0.9301933646202087 | 2 | -1.0
-0.9605346322059631 | 2 | -1.0
-0.9874598979949951 | 1 | -1.0
-1.011925220489502 | 1 | -1.0
-1.0339045524597168 | 1 | -1.0
-1.053385853767395 | 1 | -1.0
-1.0703675746917725 | 1 | -1.0
-1.084855318069458 | 1 | -1.0
-1.0968589782714844 | 1 | -1.0
-1.106390357017517 | 1 | -1.0
-1.1134611368179321 | 1 | -1.0
-1.1180810928344727 | 1 | -1.0
-1.1202572584152222 | 1 | -1.0
-1.1199933290481567 | 1 | -1.0
-1.1172888278961182 | 1 | -1.0
-1.112139344215393 | 1 | -1.0
-1.1045371294021606 | 1 | -1.0
-1.09447181224823 | 1 | -1.0
-1.0819315910339355 | 1 | -1.0
-1.0669050216674805 | 1 | -1.0
-1.0493826866149902 | 1 | -1.0
-1.0293605327606201 | 1 | -1.0
-1.0068418979644775 | 2 | -1.0
-0.9808415770530701 | 2 | -1.0
-0.9513905644416809 | 2 | -1.0
-0.918542206287384 | 2 | -1.0
-0.8823776841163635 | 2 | -1.0
-0.8430126309394836 | 2 | -1.0
-0.8006020784378052 | 2 | -1.0
-0.7553450465202332 | 2 | -1.0
-0.7074865698814392 | 2 | -1.0
-0.6573178768157959 | 2 | -1.0
-0.6051729321479797 | 2 | -1.0
-0.5514222383499146 | 2 | -1.0
-0.4964631497859955 | 2 | -1.0
-0.44070735573768616 | 2 | -1.0
-0.38456687331199646 | 2 | -1.0
-0.3284391164779663 | 0 | -1.0
-0.2746928930282593 | 0 | -1.0
-0.22364473342895508 | 0 | -1.0
-0.17555467784404755 | 0 | -1.0
-0.13062584400177002 | 0 | -1.0
-0.08900750428438187 | 0 | -1.0
-0.05080055817961693 | 0 | -1.0
-0.016064636409282684 | 0 | -1.0
0.01517418771982193 | 0 | -1.0
0.042915601283311844 | 0 | -1.0
0.06717770546674728 | 0 | -1.0
0.0879904106259346 | 0 | -1.0
0.10538970679044724 | 0 | -1.0
0.11941292136907578 | 0 | -1.0
0.13009484112262726 | 0 | -1.0
0.13746477663516998 | 0 | -1.0
0.14154428243637085 | 0 | -1.0
0.1423458307981491 | 0 | -1.0
0.13987186551094055 | 0 | -1.0
0.1341148018836975 | 0 | -1.0
0.1250573694705963 | 0 | -1.0
0.11267383396625519 | 0 | -1.0
0.09693175554275513 | 0 | -1.0
0.0777946412563324 | 0 | -1.0
0.05522530525922775 | 0 | -1.0
0.029190201312303543 | 0 | -1.0
-0.0003353252250235528 | 0 | -1.0
-0.03336085006594658 | 0 | -1.0
-0.0698738619685173 | 0 | -1.0
-0.10983215272426605 | 0 | -1.0
-0.15315595269203186 | 0 | -1.0
-0.19972047209739685 | 0 | -1.0
-0.24934951961040497 | 0 | -1.0
-0.3018110990524292 | 0 | -1.0
-0.35681605339050293 | 0 | -1.0
-0.4140203297138214 | 0 | -1.0
-0.4730317294597626 | 0 | -1.0
-0.5334209203720093 | 0 | -1.0
-0.5947364568710327 | 0 | -1.0
-0.6565225124359131 | 0 | -1.0
-0.7183378338813782 | 0 | -1.0
-0.7797743082046509 | 0 | -1.0
-0.8404731154441833 | 0 | -1.0
-0.9001374244689941 | 0 | -1.0
-0.9585411548614502 | 1 | -1.0
-1.0145326852798462 | 1 | -1.0
-1.0680363178253174 | 1 | -1.0
-1.1190447807312012 | 1 | -1.0
-1.1676111221313477 | 1 | -1.0
-1.2000000476837158 | 1 | -1.0
-1.1977580785751343 | 1 | -1.0
-1.1932668685913086 | 1 | -1.0
-1.1865119934082031 | 1 | -1.0
-1.1774722337722778 | 1 | -1.0
-1.1661208868026733 | 1 | -1.0
-1.152427077293396 | 1 | -1.0
-1.1363567113876343 | 1 | -1.0
-1.117875337600708 | 1 | -1.0
-1.0969499349594116 | 1 | -1.0
-1.0735523700714111 | 1 | -1.0
-1.0476624965667725 | 1 | -1.0
-1.0192726850509644 | 2 | -1.0
-0.9873916506767273 | 2 | -1.0
-0.9520507454872131 | 2 | -1.0
-0.9133110046386719 | 2 | -1.0
-0.8712702393531799 | 2 | -1.0
-0.8260696530342102 | 2 | -1.0
-0.7778992652893066 | 2 | -1.0
-0.7270013093948364 | 2 | -1.0
-0.673670768737793 | 2 | -1.0
-0.6182523369789124 | 2 | -1.0
-0.5611335039138794 | 2 | -1.0
-0.5027337670326233 | 2 | -1.0
-0.4434903860092163 | 2 | -1.0
-0.3838420808315277 | 2 | -1.0
-0.3242115080356598 | 0 | -1.0
[-0.43] | 0 | -1.0
-0.4323429763317108 | 0 | -1.0
-0.4357069432735443 | 0 | -1.0
-0.4407224953174591 | 0 | -1.0
-0.4473532438278198 | 0 | -1.0
-0.455550879240036 | 0 | -1.0
-0.4652553200721741 | 0 | -1.0
-0.4763951003551483 | 0 | -1.0
-0.4888877272605896 | 0 | -1.0
-0.5026401877403259 | 0 | -1.0
-0.5175498127937317 | 0 | -1.0
-0.5335047245025635 | 0 | -1.0
-0.5503853559494019 | 0 | -1.0
-0.568065345287323 | 0 | -1.0
-0.5864128470420837 | 0 | -1.0
-0.6052919626235962 | 0 | -1.0
-0.624564528465271 | 0 | -1.0
-0.6440913677215576 | 0 | -1.0
-0.6637340784072876 | 0 | -1.0
-0.6833564043045044 | 0 | -1.0
-0.7028259634971619 | 0 | -1.0
-0.7220151424407959 | 0 | -1.0
-0.740802526473999 | 0 | -1.0
-0.7590737342834473 | 0 | -1.0
-0.7767221331596375 | 0 | -1.0
-0.7936493754386902 | 0 | -1.0
-0.8097656965255737 | 2 | -1.0
-0.8229897618293762 | 2 | -1.0
-0.8332584500312805 | 2 | -1.0
-0.8405245542526245 | 2 | -1.0
-0.844756007194519 | 2 | -1.0
-0.8459345102310181 | 2 | -1.0
-0.8440550565719604 | 2 | -1.0
-0.8391256332397461 | 2 | -1.0
-0.8311676383018494 | 2 | -1.0
-0.8202165961265564 | 2 | -1.0
-0.8063231110572815 | 2 | -1.0
-0.7895544171333313 | 2 | -1.0
-0.7699960470199585 | 2 | -1.0
-0.7477534413337708 | 2 | -1.0
-0.7229535579681396 | 2 | -1.0
-0.6957460641860962 | 2 | -1.0
-0.6663041114807129 | 2 | -1.0
-0.634824275970459 | 2 | -1.0
-0.601525604724884 | 2 | -1.0
-0.5666478276252747 | 2 | -1.0
-0.5304480195045471 | 2 | -1.0
-0.49319690465927124 | 2 | -1.0
-0.4551734924316406 | 0 | -1.0
-0.41865962743759155 | 0 | -1.0
-0.383919894695282 | 0 | -1.0
-0.35119736194610596 | 0 | -1.0
-0.3207109868526459 | 0 | -1.0
-0.29265400767326355 | 0 | -1.0
-0.26719382405281067 | 0 | -1.0
-0.24447257816791534 | 0 | -1.0
-0.22460857033729553 | 0 | -1.0
-0.20769815146923065 | 0 | -1.0
-0.19381792843341827 | 0 | -1.0
-0.18302686512470245 | 0 | -1.0
-0.1753683090209961 | 0 | -1.0
-0.17087168991565704 | 0 | -1.0
-0.1695537269115448 | 0 | -1.0
-0.17141924798488617 | 0 | -1.0
-0.17646142840385437 | 0 | -1.0
-0.184661403298378 | 0 | -1.0
-0.19598746299743652 | 0 | -1.0
-0.21039369702339172 | 0 | -1.0
-0.22781826555728912 | 0 | -1.0
-0.2481813281774521 | 0 | -1.0
-0.2713828682899475 | 0 | -1.0
-0.29730063676834106 | 0 | -1.0
-0.3257882297039032 | 0 | -1.0
-0.35667386651039124 | 0 | -1.0
-0.38975974917411804 | 0 | -1.0
-0.42482268810272217 | 0 | -1.0
-0.4616156220436096 | 0 | -1.0
-0.49987077713012695 | 0 | -1.0
-0.539303719997406 | 0 | -1.0
-0.5796189308166504 | 0 | -1.0
-0.6205160021781921 | 0 | -1.0
-0.6616963744163513 | 0 | -1.0
-0.7028703689575195 | 0 | -1.0
-0.7437636852264404 | 0 | -1.0
-0.7841233015060425 | 0 | -1.0
-0.8237218856811523 | 0 | -1.0
-0.8623616099357605 | 0 | -1.0
-0.8998758792877197 | 0 | -1.0
-0.9361304044723511 | 2 | -1.0
-0.9690223932266235 | 1 | -1.0
-0.9994828701019287 | 1 | -1.0
-1.0274689197540283 | 1 | -1.0
-1.0529593229293823 | 1 | -1.0
-1.075950026512146 | 1 | -1.0
-1.0964500904083252 | 1 | -1.0
-1.1144773960113525 | 1 | -1.0
-1.130055546760559 | 1 | -1.0
-1.1432104110717773 | 1 | -1.0
-1.153968334197998 | 1 | -1.0
-1.1623533964157104 | 1 | -1.0
-1.1683861017227173 | 1 | -1.0
-1.1720823049545288 | 1 | -1.0
-1.1734519004821777 | 1 | -1.0
-1.1724987030029297 | 1 | -1.0
-1.169219970703125 | 1 | -1.0
-1.1636070013046265 | 1 | -1.0
-1.1556448936462402 | 1 | -1.0
-1.1453138589859009 | 1 | -1.0
-1.132590413093567 | 1 | -1.0
-1.1174485683441162 | 1 | -1.0
-1.0998620986938477 | 1 | -1.0
-1.0798066854476929 | 1 | -1.0
-1.0572632551193237 | 1 | -1.0
-1.0322208404541016 | 1 | -1.0
-1.00468111038208 | 2 | -1.0
-0.9736616611480713 | 2 | -1.0
-0.9392027258872986 | 2 | -1.0
-0.9013739228248596 | 2 | -1.0
-0.8602805137634277 | 2 | -1.0
-0.816070020198822 | 2 | -1.0
-0.7689367532730103 | 2 | -1.0
-0.7191251516342163 | 2 | -1.0
-0.6669297814369202 | 2 | -1.0
-0.6126922369003296 | 2 | -1.0
-0.5567944049835205 | 2 | -1.0
-0.49964800477027893 | 2 | -1.0
-0.4416811168193817 | 2 | -1.0
-0.38332241773605347 | 2 | -1.0
-0.3249850273132324 | 0 | -1.0
-0.269050657749176 | 0 | -1.0
-0.21584518253803253 | 0 | -1.0
-0.16563363373279572 | 0 | -1.0
-0.11861974000930786 | 0 | -1.0
-0.0749492198228836 | 0 | -1.0
-0.034715767949819565 | 0 | -1.0
0.0020312268752604723 | 0 | -1.0
0.03527826815843582 | 0 | -1.0
0.06503929942846298 | 0 | -1.0
0.09134776890277863 | 0 | -1.0
0.11424952745437622 | 0 | -1.0
0.13379669189453125 | 0 | -1.0
0.1500425785779953 | 0 | -1.0
0.1630374640226364 | 0 | -1.0
0.17282548546791077 | 0 | -1.0
0.17944207787513733 | 0 | -1.0
0.18291223049163818 | 0 | -1.0
0.18324942886829376 | 0 | -1.0
0.18045499920845032 | 0 | -1.0
0.17451804876327515 | 0 | -1.0
0.16541597247123718 | 0 | -1.0
0.15311545133590698 | 0 | -1.0
0.13757409155368805 | 0 | -1.0
0.11874264478683472 | 0 | -1.0
0.09656814485788345 | 0 | -1.0
0.07099783420562744 | 0 | -1.0
0.041984010487794876 | 0 | -1.0
0.009489989839494228 | 0 | -1.0
-0.02650301530957222 | 0 | -1.0
-0.06598812341690063 | 0 | -1.0
-0.10892440378665924 | 0 | -1.0
-0.155228391289711 | 0 | -1.0
-0.2047661691904068 | 0 | -1.0
-0.25734686851501465 | 0 | -1.0
-0.31271880865097046 | 0 | -1.0
-0.3705689609050751 | 0 | -1.0
-0.4305269122123718 | 0 | -1.0
-0.4921738803386688 | 0 | -1.0
-0.5550561547279358 | 0 | -1.0
-0.6187028884887695 | 0 | -1.0
-0.6826459765434265 | 0 | -1.0
-0.7464409470558167 | 0 | -1.0
-0.8096863627433777 | 0 | -1.0
-0.8720399737358093 | 0 | -1.0
-0.9332308769226074 | 0 | -1.0
-0.9930664896965027 | 1 | -1.0
-1.050434947013855 | 1 | -1.0
-1.1053036451339722 | 1 | -1.0
-1.157710075378418 | 1 | -1.0
-1.2000000476837158 | 1 | -1.0
-1.1977580785751343 | 1 | -1.0
-1.1932668685913086 | 1 | -1.0
-1.1865119934082031 | 1 | -1.0
-1.1774722337722778 | 1 | -1.0
-1.1661208868026733 | 1 | -1.0
-1.152427077293396 | 1 | -1.0
-1.1363567113876343 | 1 | -1.0
-1.117875337600708 | 1 | -1.0
-1.0969499349594116 | 1 | -1.0
-1.0735523700714111 | 1 | -1.0
-1.0476624965667725 | 1 | -1.0
-1.0192726850509644 | 2 | -1.0
-0.9873916506767273 | 2 | -1.0
-0.9520507454872131 | 2 | -1.0
-0.9133110046386719 | 2 | -1.0
-0.8712702393531799 | 2 | -1.0
-0.8260696530342102 | 2 | -1.0
-0.7778992652893066 | 2 | -1.0
-0.7270013093948364 | 2 | -1.0
-0.673670768737793 | 2 | -1.0
-0.6182523369789124 | 2 | -1.0
[-0.52] | 0 | -1.0
-0.5190790891647339 | 0 | -1.0
-0.5211546421051025 | 0 | -1.0
-0.5242486000061035 | 0 | -1.0
-0.5283376574516296 | 0 | -1.0
-0.5333911776542664 | 0 | -1.0
-0.5393712520599365 | 0 | -1.0
-0.5462331175804138 | 0 | -1.0
-0.5539253354072571 | 0 | -1.0
-0.5623903870582581 | 0 | -1.0
-0.5715652108192444 | 0 | -1.0
-0.5813814997673035 | 0 | -1.0
-0.5917665958404541 | 0 | -1.0
-0.6026439666748047 | 0 | -1.0
-0.6139340400695801 | 0 | -1.0
-0.6255548596382141 | 0 | -1.0
-0.6374229192733765 | 0 | -1.0
-0.6494537591934204 | 0 | -1.0
-0.6615629196166992 | 0 | -1.0
-0.6736667156219482 | 0 | -1.0
-0.6856825947761536 | 0 | -1.0
-0.697530210018158 | 0 | -1.0
-0.7091317176818848 | 0 | -1.0
-0.7204124331474304 | 0 | -1.0
-0.7313013672828674 | 0 | -1.0
-0.7417314052581787 | 0 | -1.0
-0.751639723777771 | 0 | -1.0
-0.7609680891036987 | 2 | -1.0
-0.7676628232002258 | 2 | -1.0
-0.771686315536499 | 2 | -1.0
-0.7730162739753723 | 2 | -1.0
-0.7716453075408936 | 2 | -1.0
-0.7675809860229492 | 2 | -1.0
-0.7608458995819092 | 2 | -1.0
-0.7514778971672058 | 2 | -1.0
-0.7395308613777161 | 2 | -1.0
-0.7250752449035645 | 2 | -1.0
-0.7081989049911499 | 2 | -1.0
-0.6890077590942383 | 2 | -1.0
-0.6676263213157654 | 2 | -1.0
-0.6441980004310608 | 2 | -1.0
-0.618884801864624 | 2 | -1.0
-0.5918666124343872 | 2 | -1.0
-0.5633400082588196 | 2 | -1.0
-0.5335160493850708 | 2 | -1.0
-0.5026177167892456 | 0 | -1.0
-0.4728766083717346 | 0 | -1.0
-0.4445144832134247 | 0 | -1.0
-0.4177399277687073 | 0 | -1.0
-0.3927460312843323 | 0 | -1.0
-0.3697085380554199 | 0 | -1.0
-0.3487846553325653 | 0 | -1.0
-0.3301125764846802 | 0 | -1.0
-0.3138115406036377 | 0 | -1.0
-0.29998207092285156 | 0 | -1.0
-0.2887067198753357 | 0 | -1.0
-0.2800508439540863 | 0 | -1.0
-0.2740633487701416 | 0 | -1.0
-0.2707773745059967 | 0 | -1.0
-0.27021095156669617 | 0 | -1.0
-0.27236708998680115 | 0 | -1.0
-0.27723410725593567 | 0 | -1.0
-0.2847851514816284 | 0 | -1.0
-0.29497796297073364 | 0 | -1.0
-0.30775412917137146 | 0 | -1.0
-0.32303836941719055 | 0 | -1.0
-0.34073764085769653 | 0 | -1.0
-0.36074063181877136 | 0 | -1.0
-0.38291704654693604 | 0 | -1.0
-0.4071175158023834 | 0 | -1.0
-0.43317392468452454 | 0 | -1.0
-0.4609002470970154 | 0 | -1.0
-0.49009403586387634 | 0 | -1.0
-0.5205386877059937 | 0 | -1.0
-0.5520063042640686 | 0 | -1.0
-0.5842610597610474 | 0 | -1.0
-0.6170634031295776 | 0 | -1.0
-0.6501739025115967 | 0 | -1.0
-0.6833577752113342 | 0 | -1.0
-0.7163887619972229 | 0 | -1.0
-0.7490531206130981 | 0 | -1.0
-0.7811525464057922 | 0 | -1.0
-0.8125068545341492 | 0 | -1.0
-0.8429557085037231 | 0 | -1.0
-0.8723592758178711 | 2 | -1.0
-0.8985989689826965 | 2 | -1.0
-0.9215829372406006 | 2 | -1.0
-0.9412423968315125 | 2 | -1.0
-0.9575270414352417 | 2 | -1.0
-0.9704016447067261 | 2 | -1.0
-0.9798423051834106 | 2 | -1.0
-0.9858337640762329 | 2 | -1.0
-0.9883675575256348 | 2 | -1.0
-0.9874401092529297 | 2 | -1.0
-0.9830527901649475 | 2 | -1.0
-0.9752115607261658 | 2 | -1.0
-0.9639284014701843 | 2 | -1.0
-0.9492228627204895 | 2 | -1.0
-0.9311245679855347 | 2 | -1.0
-0.9096763134002686 | 2 | -1.0
-0.8849377632141113 | 2 | -1.0
-0.8569896221160889 | 2 | -1.0
-0.8259376287460327 | 2 | -1.0
-0.7919163703918457 | 2 | -1.0
-0.7550932168960571 | 2 | -1.0
-0.7156700491905212 | 2 | -1.0
-0.6738846898078918 | 2 | -1.0
-0.6300100684165955 | 2 | -1.0
-0.5843508243560791 | 2 | -1.0
-0.5372384190559387 | 2 | -1.0
-0.4890238046646118 | 2 | -1.0
-0.44006800651550293 | 2 | -1.0
-0.39073213934898376 | 0 | -1.0
-0.3433666229248047 | 0 | -1.0
-0.29828792810440063 | 0 | -1.0
-0.25577330589294434 | 0 | -1.0
-0.21605810523033142 | 0 | -1.0
-0.17933586239814758 | 0 | -1.0
-0.1457604616880417 | 0 | -1.0
-0.11544983088970184 | 0 | -1.0
-0.08849073946475983 | 0 | -1.0
-0.0649440735578537 | 0 | -1.0
-0.04485010355710983 | 0 | -1.0
-0.028233541175723076 | 0 | -1.0
-0.015108016319572926 | 0 | -1.0
-0.0054799229837954044 | 0 | -1.0
0.0006485081394203007 | 0 | -1.0
0.003276943927630782 | 0 | -1.0
0.002405500505119562 | 0 | -1.0
-0.0019658778328448534 | 0 | -1.0
-0.009837212972342968 | 0 | -1.0
-0.021207459270954132 | 0 | -1.0
-0.03607264533638954 | 0 | -1.0
-0.05442320927977562 | 0 | -1.0
-0.07624052464962006 | 0 | -1.0
-0.1014927327632904 | 0 | -1.0
-0.13012994825839996 | 0 | -1.0
-0.1620790660381317 | 0 | -1.0
-0.19723843038082123 | 0 | -1.0
-0.23547276854515076 | 0 | -1.0
-0.27660882472991943 | 0 | -1.0
-0.3204323947429657 | 0 | -1.0
-0.3666870892047882 | 0 | -1.0
-0.4150756597518921 | 0 | -1.0
-0.46526384353637695 | 0 | -1.0
-0.5168873071670532 | 0 | -1.0
-0.5695610642433167 | 0 | -1.0
-0.6228912472724915 | 0 | -1.0
-0.6764876842498779 | 0 | -1.0
-0.7299772500991821 | 0 | -1.0
-0.7830159664154053 | 0 | -1.0
-0.8352996110916138 | 0 | -1.0
-0.8865716457366943 | 0 | -1.0
-0.9366282820701599 | 0 | -1.0
-0.9853212833404541 | 1 | -1.0
-1.0315572023391724 | 1 | -1.0
-1.0752958059310913 | 1 | -1.0
-1.1165434122085571 | 1 | -1.0
-1.155344843864441 | 1 | -1.0
-1.1917766332626343 | 1 | -1.0
-1.2000000476837158 | 1 | -1.0
-1.1977580785751343 | 1 | -1.0
-1.1932668685913086 | 1 | -1.0
-1.1865119934082031 | 1 | -1.0
-1.1774722337722778 | 1 | -1.0
-1.1661208868026733 | 1 | -1.0
-1.152427077293396 | 1 | -1.0
-1.1363567113876343 | 1 | -1.0
-1.117875337600708 | 1 | -1.0
-1.0969499349594116 | 1 | -1.0
-1.0735523700714111 | 1 | -1.0
-1.0476624965667725 | 1 | -1.0
-1.0192726850509644 | 2 | -1.0
-0.9873916506767273 | 2 | -1.0
-0.9520507454872131 | 2 | -1.0
-0.9133110046386719 | 2 | -1.0
-0.8712702393531799 | 2 | -1.0
-0.8260696530342102 | 2 | -1.0
-0.7778992652893066 | 2 | -1.0
-0.7270013093948364 | 2 | -1.0
-0.673670768737793 | 2 | -1.0
-0.6182523369789124 | 2 | -1.0
-0.5611335039138794 | 2 | -1.0
-0.5027337670326233 | 2 | -1.0
-0.4434903860092163 | 2 | -1.0
-0.3838420808315277 | 2 | -1.0
-0.3242115080356598 | 0 | -1.0
-0.26698872447013855 | 0 | -1.0
-0.2125059962272644 | 0 | -1.0
-0.16103218495845795 | 0 | -1.0
-0.11277229338884354 | 0 | -1.0
-0.06787068396806717 | 0 | -1.0
-0.026417428627610207 | 0 | -1.0
0.01154367160052061 | 0 | -1.0
0.04600627347826958 | 0 | -1.0
0.07699264585971832 | 0 | -1.0
0.10454541444778442 | 0 | -1.0
0.12872013449668884 | 0 | -1.0
0.14957894384860992 | 0 | -1.0
0.16718527674674988 | 0 | -1.0
[-0.54] | 0 | -1.0
-0.5365607142448425 | 0 | -1.0
-0.5383731722831726 | 0 | -1.0
-0.541074812412262 | 0 | -1.0
-0.5446454882621765 | 0 | -1.0
-0.5490583777427673 | 0 | -1.0
-0.5542805194854736 | 0 | -1.0
-0.5602728724479675 | 0 | -1.0
-0.5669907331466675 | 0 | -1.0
-0.5743840932846069 | 0 | -1.0
-0.582397997379303 | 0 | -1.0
-0.5909731984138489 | 0 | -1.0
-0.6000465750694275 | 0 | -1.0
-0.6095515489578247 | 0 | -1.0
-0.6194189786911011 | 0 | -1.0
-0.6295776963233948 | 0 | -1.0
-0.6399548053741455 | 0 | -1.0
-0.6504769325256348 | 0 | -1.0
-0.6610702276229858 | 0 | -1.0
-0.6716614961624146 | 0 | -1.0
-0.6821784377098083 | 0 | -1.0
-0.6925504207611084 | 0 | -1.0
-0.7027087807655334 | 0 | -1.0
-0.7125875949859619 | 0 | -1.0
-0.7221236824989319 | 0 | -1.0
-0.7312572598457336 | 0 | -1.0
-0.7399322986602783 | 0 | -1.0
-0.7480962872505188 | 2 | -1.0
-0.7537010312080383 | 2 | -1.0
-0.7567138075828552 | 2 | -1.0
-0.7571172714233398 | 2 | -1.0
-0.7549091577529907 | 2 | -1.0
-0.750102162361145 | 2 | -1.0
-0.7427240610122681 | 2 | -1.0
-0.7328184247016907 | 2 | -1.0
-0.7204446196556091 | 2 | -1.0
-0.7056788206100464 | 2 | -1.0
-0.6886143088340759 | 2 | -1.0
-0.6693621277809143 | 2 | -1.0
-0.6480512022972107 | 2 | -1.0
-0.6248284578323364 | 2 | -1.0
-0.5998581051826477 | 2 | -1.0
-0.573320746421814 | 2 | -1.0
-0.5454118847846985 | 2 | -1.0
-0.5163395404815674 | 0 | -1.0
-0.4883216321468353 | 0 | -1.0
-0.46156781911849976 | 0 | -1.0
-0.43627652525901794 | 0 | -1.0
-0.41263270378112793 | 0 | -1.0
-0.39080584049224854 | 0 | -1.0
-0.37094879150390625 | 0 | -1.0
-0.35319700837135315 | 0 | -1.0
-0.3376682996749878 | 0 | -1.0
-0.324462890625 | 0 | -1.0
-0.3136637210845947 | 0 | -1.0
-0.30533701181411743 | 0 | -1.0
-0.29953280091285706 | 0 | -1.0
-0.29628533124923706 | 0 | -1.0
-0.2956136465072632 | 0 | -1.0
-0.29752159118652344 | 0 | -1.0
-0.3019980788230896 | 0 | -1.0
-0.3090168237686157 | 0 | -1.0
-0.31853607296943665 | 0 | -1.0
-0.3304980993270874 | 0 | -1.0
-0.344828724861145 | 0 | -1.0
-0.36143675446510315 | 0 | -1.0
-0.3802136182785034 | 0 | -1.0
-0.4010329842567444 | 0 | -1.0
-0.42375102639198303 | 0 | -1.0
-0.4482067823410034 | 0 | -1.0
-0.47422316670417786 | 0 | -1.0
-0.5016085505485535 | 0 | -1.0
-0.5301586985588074 | 0 | -1.0
-0.5596596598625183 | 0 | -1.0
-0.5898906588554382 | 0 | -1.0
-0.6206278204917908 | 0 | -1.0
-0.6516474485397339 | 0 | -1.0
-0.6827301383018494 | 0 | -1.0
-0.713664174079895 | 0 | -1.0
-0.7442487478256226 | 0 | -1.0
-0.7742966413497925 | 0 | -1.0
-0.8036366701126099 | 0 | -1.0
-0.8321148753166199 | 0 | -1.0
-0.8595956563949585 | 2 | -1.0
-0.883962094783783 | 2 | -1.0
-0.9051223397254944 | 2 | -1.0
-0.9230062365531921 | 2 | -1.0
-0.9375616312026978 | 2 | -1.0
-0.9487510919570923 | 2 | -1.0
-0.9565487504005432 | 2 | -1.0
-0.9609382748603821 | 2 | -1.0
-0.9619110822677612 | 2 | -1.0
-0.9594652652740479 | 2 | -1.0
-0.9536055326461792 | 2 | -1.0
-0.9443436861038208 | 2 | -1.0
-0.9316999316215515 | 2 | -1.0
-0.9157047271728516 | 2 | -1.0
-0.8964015245437622 | 2 | -1.0
-0.8738498687744141 | 2 | -1.0
-0.8481286764144897 | 2 | -1.0
-0.8193402290344238 | 2 | -1.0
-0.7876134514808655 | 2 | -1.0
-0.7531071901321411 | 2 | -1.0
-0.7160124778747559 | 2 | -1.0
-0.6765534281730652 | 2 | -1.0
-0.6349870562553406 | 2 | -1.0
-0.591600775718689 | 2 | -1.0
-0.5467079877853394 | 2 | -1.0
-0.5006420016288757 | 2 | -1.0
-0.45374807715415955 | 2 | -1.0
-0.4063742160797119 | 0 | -1.0
-0.36086151003837585 | 0 | -1.0
-0.31752142310142517 | 0 | -1.0
-0.27663034200668335 | 0 | -1.0
-0.23842664062976837 | 0 | -1.0
-0.2031102031469345 | 0 | -1.0
-0.17084385454654694 | 0 | -1.0
-0.14175628125667572 | 0 | -1.0
-0.11594600975513458 | 0 | -1.0
-0.09348602592945099 | 0 | -1.0
-0.07442835718393326 | 0 | -1.0
-0.05880863219499588 | 0 | -1.0
-0.046650100499391556 | 0 | -1.0
-0.037967126816511154 | 0 | -1.0
-0.03276795148849487 | 0 | -1.0
-0.031056705862283707 | 0 | -1.0
-0.03283461928367615 | 0 | -1.0
-0.03810041397809982 | 0 | -1.0
-0.04684989154338837 | 0 | -1.0
-0.05907472223043442 | 0 | -1.0
-0.07476039230823517 | 0 | -1.0
-0.0938834473490715 | 0 | -1.0
-0.11640799790620804 | 0 | -1.0
-0.1422816514968872 | 0 | -1.0
-0.17143099009990692 | 0 | -1.0
-0.2037569284439087 | 0 | -1.0
-0.2391301691532135 | 0 | -1.0
-0.27738720178604126 | 0 | -1.0
-0.3183274567127228 | 0 | -1.0
-0.3617117702960968 | 0 | -1.0
-0.40726304054260254 | 0 | -1.0
-0.4546692371368408 | 0 | -1.0
-0.5035887360572815 | 0 | -1.0
-0.5536582469940186 | 0 | -1.0
-0.6045025587081909 | 0 | -1.0
-0.6557460427284241 | 0 | -1.0
-0.7070242166519165 | 0 | -1.0
-0.757995069026947 | 0 | -1.0
-0.8083492517471313 | 0 | -1.0
-0.8578183054924011 | 0 | -1.0
-0.9061800241470337 | 0 | -1.0
-0.953262209892273 | 1 | -1.0
-0.9979429841041565 | 1 | -1.0
-1.0401510000228882 | 1 | -1.0
-1.0798594951629639 | 1 | -1.0
-1.1170800924301147 | 1 | -1.0
-1.1518553495407104 | 1 | -1.0
-1.1842528581619263 | 1 | -1.0
-1.2000000476837158 | 1 | -1.0
-1.1977580785751343 | 1 | -1.0
-1.1932668685913086 | 1 | -1.0
-1.1865119934082031 | 1 | -1.0
-1.1774722337722778 | 1 | -1.0
-1.1661208868026733 | 1 | -1.0
-1.152427077293396 | 1 | -1.0
-1.1363567113876343 | 1 | -1.0
-1.117875337600708 | 1 | -1.0
-1.0969499349594116 | 1 | -1.0
-1.0735523700714111 | 1 | -1.0
-1.0476624965667725 | 1 | -1.0
-1.0192726850509644 | 2 | -1.0
-0.9873916506767273 | 2 | -1.0
-0.9520507454872131 | 2 | -1.0
-0.9133110046386719 | 2 | -1.0
-0.8712702393531799 | 2 | -1.0
-0.8260696530342102 | 2 | -1.0
-0.7778992652893066 | 2 | -1.0
-0.7270013093948364 | 2 | -1.0
-0.673670768737793 | 2 | -1.0
-0.6182523369789124 | 2 | -1.0
-0.5611335039138794 | 2 | -1.0
-0.5027337670326233 | 2 | -1.0
-0.4434903860092163 | 2 | -1.0
-0.3838420808315277 | 2 | -1.0
-0.3242115080356598 | 0 | -1.0
-0.26698872447013855 | 0 | -1.0
-0.2125059962272644 | 0 | -1.0
-0.16103218495845795 | 0 | -1.0
-0.11277229338884354 | 0 | -1.0
-0.06787068396806717 | 0 | -1.0
-0.026417428627610207 | 0 | -1.0
0.01154367160052061 | 0 | -1.0
0.04600627347826958 | 0 | -1.0
0.07699264585971832 | 0 | -1.0
0.10454541444778442 | 0 | -1.0
0.12872013449668884 | 0 | -1.0
0.14957894384860992 | 0 | -1.0
0.16718527674674988 | 0 | -1.0
0.18159951269626617 | 0 | -1.0
0.1928756684064865 | 0 | -1.0
Total reward: -200.0
