-2.3, 0.8, -2.1, 0.6, -2.6, 5.2, 4.1, -1.2, -0.3, -4.3, -4.3, 2.3, -4.5, -2.5, 5.6, -3.0, 1.1, -1.4
parameter ends

state | action | reward
[2.21] | 2 | -0.5
1.887143935266373 | 2 | -0.5
1.693634253084964 | 2 | -0.5
1.602996660130872 | 2 | -0.5
1.5841843319809257 | 0 | 5.0
1.614842260358775 | 0 | 5.0
1.622078261572082 | 0 | 5.0
1.5910474550157987 | 0 | 5.0
1.633023573138662 | 0 | 5.0
1.6379801458328582 | 0 | 5.0
1.5802368979938342 | 0 | 5.0
1.578108347771113 | 0 | 5.0
1.6370159521936183 | 0 | 5.0
1.6000492847183432 | 0 | 5.0
1.5800295669941753 | 0 | 5.0
1.545933635183523 | 0 | 5.0
1.5584638919029234 | 0 | 5.0
1.5535672995559506 | 0 | 5.0
1.5179719216644558 | 0 | 5.0
1.4798870814830596 | 0 | 5.0
1.508439853419707 | 0 | 5.0
1.518839475289835 | 0 | 5.0
1.4260199482834885 | 0 | 5.0
1.4459920185956185 | 0 | 5.0
1.486523540186206 | 0 | 5.0
1.4913574763569801 | 0 | 5.0
1.4453790659482313 | 2 | -0.5
1.5015193678814514 | 2 | -0.5
1.5298448834422849 | 2 | -0.5
1.7127091552840579 | 2 | -0.5
2.0152467999459884 | 2 | -0.5
2.4587411762040334 | 2 | -0.5
3.6125293977579465 | 2 | -0.5
7.403714149286488 | 2 | -0.5
10.922459909753234 | 2 | -0.5
8.745109447266822 | 2 | -0.5
4.529129608583767 | 2 | -0.5
3.4161789682615007 | 2 | -0.5
2.710311503217986 | 2 | -0.5
2.3253663854377145 | 2 | -0.5
2.1000732715752273 | 2 | -0.5
1.9724070078022913 | 2 | -0.5
1.9683395352979178 | 0 | 5.0
1.9319703545380147 | 0 | 5.0
1.9819704310600106 | 0 | 5.0
1.95874197044327 | 0 | 5.0
1.9244046294508794 | 0 | 5.0
1.9382315800399752 | 0 | 5.0
1.869724835472543 | 0 | 5.0
1.9179897245096185 | 0 | 5.0
1.8304569461135538 | 0 | 5.0
1.8534584752210974 | 0 | 5.0
1.8124868133350287 | 0 | 5.0
1.8431446142820997 | 0 | 5.0
1.8017450921136031 | 2 | -0.5
1.8536775889703734 | 2 | -0.5
1.970588447640529 | 2 | -0.5
2.2438344849362983 | 2 | -0.5
2.735789833211035 | 2 | -0.5
3.6715642220539833 | 2 | -0.5
6.068333865850657 | 2 | -0.5
11.983838160554432 | 2 | -0.5
12.033128320814289 | 2 | -0.5
4.031861841739247 | 2 | -0.5
2.8188481743185894 | 2 | -0.5
2.215741609461718 | 2 | -0.5
1.9579937751672132 | 2 | -0.5
1.7567852026291035 | 2 | -0.5
1.6787611350337812 | 2 | -0.5
1.640579866249903 | 0 | 5.0
1.6094871094071042 | 0 | 5.0
1.644061396465009 | 0 | 5.0
1.627020174632115 | 0 | 5.0
1.6430904429445625 | 0 | 5.0
1.6117129402375656 | 0 | 5.0
1.5967891545082056 | 0 | 5.0
1.6467329552228323 | 0 | 5.0
1.643733742663652 | 0 | 5.0
1.6275046596999385 | 0 | 5.0
1.6130266058602334 | 0 | 5.0
1.6597637525072806 | 0 | 5.0
1.6250191243434569 | 0 | 5.0
1.6220124503461961 | 0 | 5.0
1.5741123118279081 | 2 | -0.5
1.7109514317525285 | 2 | -0.5
1.7975025916004437 | 2 | -0.5
2.0552212789908437 | 2 | -0.5
2.428790510315838 | 2 | -0.5
3.2278845619062055 | 2 | -0.5
5.608334744762387 | 2 | -0.5
11.294778237833452 | 2 | -0.5
11.339448846289786 | 2 | -0.5
4.835439405563633 | 2 | -0.5
3.2692279115998275 | 2 | -0.5
2.5966522937329564 | 2 | -0.5
2.205279724342548 | 2 | -0.5
2.0072845116104063 | 2 | -0.5
1.9030962139468568 | 2 | -0.5
1.870828828757809 | 0 | 5.0
1.874724567006014 | 0 | 5.0
1.881570338899625 | 0 | 5.0
1.9040887442248295 | 2 | -0.5
1.9021151019082638 | 0 | 5.0
1.8838384005026094 | 0 | 5.0
1.8824526574629656 | 0 | 5.0
1.8375683594985137 | 0 | 5.0
1.8751771341813939 | 0 | 5.0
1.8165729826790935 | 0 | 5.0
1.7555846597358507 | 0 | 5.0
1.777596586750902 | 0 | 5.0
1.7637016346842698 | 0 | 5.0
1.7643754451943692 | 0 | 5.0
1.723405734739686 | 2 | -0.5
1.8287389066602748 | 2 | -0.5
1.973058354888248 | 2 | -0.5
2.346642677496022 | 2 | -0.5
2.847396106349552 | 2 | -0.5
3.805322993590618 | 2 | -0.5
6.650467184551464 | 2 | -0.5
11.79733428818579 | 2 | -0.5
11.80629949539158 | 2 | -0.5
4.720300190807708 | 2 | -0.5
2.9596702385963436 | 2 | -0.5
2.3355202176859087 | 2 | -0.5
2.0233351783746905 | 2 | -0.5
1.7627146331550867 | 2 | -0.5
1.7073357592037508 | 2 | -0.5
1.7304514260566406 | 0 | 5.0
1.696927023375146 | 0 | 5.0
1.6854590249278938 | 0 | 5.0
1.7128231208602718 | 0 | 5.0
1.6381315126729616 | 0 | 5.0
1.6227323404125917 | 0 | 5.0
1.6743734089474522 | 0 | 5.0
1.6230220576121195 | 0 | 5.0
1.6330607043393266 | 0 | 5.0
1.5751910889430558 | 0 | 5.0
1.5835254706819861 | 0 | 5.0
1.6007395806607143 | 0 | 5.0
1.5657411690745864 | 0 | 5.0
1.577701577888136 | 2 | -0.5
1.5637009268506767 | 2 | -0.5
1.7922781822732574 | 2 | -0.5
2.0362345249745384 | 2 | -0.5
2.4343399231438894 | 2 | -0.5
3.277443521423271 | 2 | -0.5
5.515097767645657 | 2 | -0.5
11.166778860852766 | 2 | -0.5
9.346705352894109 | 2 | -0.5
4.720523361207831 | 2 | -0.5
3.2621439649890314 | 2 | -0.5
2.693493832692164 | 2 | -0.5
2.323463616305016 | 2 | -0.5
2.095754261317126 | 2 | -0.5
1.9760889992338568 | 2 | -0.5
1.9215239663922068 | 0 | 5.0
1.8898424434053218 | 0 | 5.0
1.9198212295686659 | 0 | 5.0
1.9520466374743233 | 0 | 5.0
1.9228637645460094 | 0 | 5.0
1.955171887006515 | 0 | 5.0
1.9723915960207283 | 0 | 5.0
1.9700419139518974 | 0 | 5.0
1.9800271182767113 | 0 | 5.0
1.980632295509967 | 0 | 5.0
1.9336884470082585 | 0 | 5.0
1.9401375559271647 | 0 | 5.0
1.9318540039948915 | 0 | 5.0
1.9709079717641351 | 0 | 5.0
1.9339236378443077 | 0 | 5.0
1.943456241024505 | 2 | -0.5
2.01563433489114 | 2 | -0.5
2.1290258973052225 | 2 | -0.5
2.3049148955172125 | 2 | -0.5
2.616537480861078 | 2 | -0.5
3.334568729676187 | 2 | -0.5
4.6413621535495855 | 2 | -0.5
9.540899982076022 | 2 | -0.5
12.416907818411406 | 2 | -0.5
5.6687379421725845 | 2 | -0.5
3.4566060425725835 | 2 | -0.5
2.532803381933015 | 2 | -0.5
2.0266085160667027 | 2 | -0.5
1.69311481089507 | 2 | -0.5
1.589591836909784 | 2 | -0.5
1.4949486084638144 | 2 | -0.5
1.4984851251565119 | 0 | 5.0
1.496036784031724 | 0 | 5.0
1.4673925931832807 | 0 | 5.0
1.4492263726623287 | 0 | 5.0
1.484296213413902 | 0 | 5.0
1.4469430223453459 | 0 | 5.0
1.4344997294422024 | 0 | 5.0
1.416822473037771 | 0 | 5.0
1.4259167677571074 | 0 | 5.0
1.4421846972743144 | 0 | 5.0
1.4279169856154132 | 0 | 5.0
1.3955275611099887 | 0 | 5.0
1.4081459277917747 | 0 | 5.0
1.426466925409331 | 2 | -0.5
1.4463964243830318 | 2 | -0.5
1.5362201151601858 | 2 | -0.5
1.6085992753187843 | 2 | -0.5
1.8422863683451731 | 2 | -0.5
2.4200145128332804 | 2 | -0.5
3.302969480782077 | 2 | -0.5
7.040769915031296 | 2 | -0.5
10.831455915488878 | 2 | -0.5
8.468887295562157 | 2 | -0.5
4.4637387920392815 | 2 | -0.5
3.1990750304290065 | 2 | -0.5
2.723276742429055 | 2 | -0.5
2.3461922054456616 | 2 | -0.5
2.167714666993676 | 2 | -0.5
2.000502970013498 | 2 | -0.5
1.99795751505546 | 0 | 5.0
2.005435688864291 | 0 | 5.0
1.9883796649712682 | 0 | 5.0
1.9969692892998638 | 0 | 5.0
2.0465437100721173 | 0 | 5.0
2.034930097656226 | 0 | 5.0
2.0307624683197063 | 0 | 5.0
2.0715072495133473 | 2 | -0.5
2.0617556184603427 | 0 | 5.0
2.0555754708552945 | 0 | 5.0
2.005337917200079 | 0 | 5.0
2.0256019421208116 | 0 | 5.0
2.0814361005823288 | 0 | 5.0
2.0640655305721576 | 0 | 5.0
2.0425041923333715 | 0 | 5.0
2.0428755958452984 | 0 | 5.0
2.0276958552725706 | 2 | -0.5
2.054621608423147 | 2 | -0.5
2.1853359300690545 | 2 | -0.5
2.3996633870953397 | 2 | -0.5
2.7295105739582453 | 2 | -0.5
3.315413108505942 | 2 | -0.5
4.454896512272039 | 2 | -0.5
7.849355515334267 | 2 | -0.5
12.701928160929711 | 2 | -0.5
12.732599082695739 | 2 | -0.5
3.9895587349790333 | 2 | -0.5
2.4271246715652173 | 2 | -0.5
1.9224459042606354 | 2 | -0.5
1.6011540643106446 | 2 | -0.5
1.4603002032212407 | 2 | -0.5
1.3784368689052826 | 2 | -0.5
1.3477076848191407 | 0 | 5.0
1.3844257453193107 | 0 | 5.0
1.4134001344051612 | 0 | 5.0
1.4202385688019117 | 0 | 5.0
1.4276244585439966 | 0 | 5.0
1.4001947114219042 | 0 | 5.0
1.4336037222341314 | 0 | 5.0
1.431510197623101 | 0 | 5.0
1.4699976011585418 | 0 | 5.0
1.4399261932404754 | 0 | 5.0
1.3799031342161894 | 0 | 5.0
1.3773392853203956 | 0 | 5.0
1.374201201091482 | 0 | 5.0
1.3626692469461306 | 2 | -0.5
1.4174812183729797 | 2 | -0.5
1.4554083086787175 | 2 | -0.5
1.6401084995160107 | 2 | -0.5
1.8541826082310844 | 2 | -0.5
2.251481820355011 | 2 | -0.5
3.565744289676185 | 2 | -0.5
10.543008442109818 | 2 | -0.5
10.469610356183175 | 2 | -0.5
8.029730674772573 | 2 | -0.5
4.835136704139584 | 2 | -0.5
3.5505627050591246 | 2 | -0.5
2.7515153831686923 | 2 | -0.5
2.4151416888942565 | 2 | -0.5
2.2205667522994603 | 2 | -0.5
2.084065498539279 | 2 | -0.5
2.0988779790250973 | 0 | 5.0
2.1397468227416407 | 0 | 5.0
2.0933521094314775 | 0 | 5.0
2.1110083006921982 | 0 | 5.0
2.094620231275971 | 0 | 5.0
2.076500697362781 | 0 | 5.0
2.0499299007592384 | 0 | 5.0
2.028000353363129 | 0 | 5.0
2.014362480408048 | 0 | 5.0
2.039061415308663 | 0 | 5.0
2.028196928106301 | 0 | 5.0
2.019452043251314 | 0 | 5.0
2.0205352514612307 | 0 | 5.0
2.026683515411455 | 2 | -0.5
2.0703504154547128 | 2 | -0.5
2.2425840446794365 | 2 | -0.5
2.5843050860306542 | 2 | -0.5
3.115482964213959 | 2 | -0.5
4.070865264550199 | 2 | -0.5
6.94385799796116 | 2 | -0.5
12.549549483297701 | 2 | -0.5
12.505455484507932 | 2 | -0.5
3.8112609283041503 | 2 | -0.5
2.5346652581664846 | 2 | -0.5
2.000223407934183 | 2 | -0.5
1.7218408729996166 | 2 | -0.5
1.5538025326570246 | 2 | -0.5
1.5159211009712137 | 2 | -0.5
1.4980571541287635 | 0 | 5.0
1.4789623690774292 | 0 | 5.0
1.4821671431837178 | 0 | 5.0
1.4422560506893085 | 0 | 5.0
1.4431413958801171 | 0 | 5.0
1.4387848318407235 | 0 | 5.0
1.424518367571842 | 0 | 5.0
1.4024853932308108 | 0 | 5.0
1.3435623485589971 | 0 | 5.0
1.3456050428624384 | 0 | 5.0
1.2927720699922585 | 0 | 5.0
1.30088614827637 | 0 | 5.0
1.2580058448135805 | 2 | -0.5
1.3398179968836532 | 2 | -0.5
1.407603993679909 | 2 | -0.5
1.571122314670848 | 2 | -0.5
1.7246781138228948 | 2 | -0.5
2.150650417676912 | 2 | -0.5
3.016412326922765 | 2 | -0.5
4.320188494929863 | 2 | -0.5
10.371897357410141 | 2 | -0.5
10.468482316273576 | 2 | -0.5
5.527837834637281 | 2 | -0.5
3.8440976355318623 | 2 | -0.5
2.9847319781085524 | 2 | -0.5
2.5561863908617926 | 2 | -0.5
2.3399304813394197 | 2 | -0.5
2.206804829044369 | 2 | -0.5
2.1798559134625144 | 0 | 5.0
2.147068456467136 | 0 | 5.0
2.159811096037276 | 0 | 5.0
2.1570553478549166 | 0 | 5.0
2.144987127342748 | 0 | 5.0
2.1395445257143995 | 0 | 5.0
2.184398957493962 | 0 | 5.0
2.173086689421506 | 0 | 5.0
2.203398559713329 | 0 | 5.0
2.180580462026302 | 0 | 5.0
2.1998993855670257 | 0 | 5.0
2.1756976452816548 | 0 | 5.0
2.1746836976160577 | 0 | 5.0
2.1614628371033806 | 0 | 5.0
2.210903353652054 | 2 | -0.5
2.254117862843185 | 0 | 5.0
2.2098084063256622 | 2 | -0.5
2.290518944937884 | 2 | -0.5
2.544621392090417 | 2 | -0.5
2.980105261630291 | 2 | -0.5
3.6799893109335167 | 2 | -0.5
5.132242088513564 | 2 | -0.5
9.511102808923761 | 2 | -0.5
13.059217921887726 | 2 | -0.5
5.342387818340476 | 2 | -0.5
2.809653446130635 | 2 | -0.5
1.8715149733481644 | 2 | -0.5
1.5348974123155097 | 2 | -0.5
1.2994443520697398 | 2 | -0.5
1.2733905198044597 | 2 | -0.5
1.187926802449305 | 2 | -0.5
1.198824470268765 | 0 | 5.0
1.1627882614575469 | 0 | 5.0
1.1968044458989908 | 0 | 5.0
1.1473888127280316 | 0 | 5.0
1.1613985132207836 | 0 | 5.0
1.1524232255304894 | 0 | 5.0
1.1288378864951703 | 0 | 5.0
1.1576530311152649 | 0 | 5.0
1.1437190896926843 | 0 | 5.0
1.1536697910149993 | 0 | 5.0
1.160078199017868 | 0 | 5.0
1.1342221101005139 | 0 | 5.0
1.132588585156534 | 0 | 5.0
1.1346421934742914 | 0 | 5.0
1.1158545207340091 | 2 | -0.5
1.1089417319123875 | 2 | -0.5
1.191343737498461 | 2 | -0.5
1.2977820544774192 | 2 | -0.5
1.5305154059738277 | 2 | -0.5
1.8471872038756545 | 2 | -0.5
2.79275428650755 | 2 | -0.5
6.134452398151973 | 2 | -0.5
10.026578242363211 | 2 | -0.5
8.799936521153494 | 2 | -0.5
5.167605224299259 | 2 | -0.5
3.809376388961043 | 2 | -0.5
3.048384429763133 | 2 | -0.5
2.587533704668347 | 2 | -0.5
2.446100559334482 | 2 | -0.5
2.3172563969022226 | 2 | -0.5
2.337814130423093 | 0 | 5.0
2.2952350591772297 | 0 | 5.0
2.265195695012262 | 0 | 5.0
2.2766652877615674 | 0 | 5.0
2.277444072143051 | 0 | 5.0
2.2736947813043713 | 0 | 5.0
2.2171285306291786 | 0 | 5.0
2.1959519436686294 | 0 | 5.0
2.201388382526204 | 0 | 5.0
2.1960112137454764 | 0 | 5.0
2.2037151428801103 | 0 | 5.0
2.195619584953752 | 0 | 5.0
2.1702239925316507 | 0 | 5.0
2.200516368665247 | 0 | 5.0
2.186552152954857 | 2 | -0.5
2.2531504956305053 | 2 | -0.5
2.4349274406995547 | 2 | -0.5
2.713689667755287 | 2 | -0.5
3.342489100925888 | 2 | -0.5
4.493967567285695 | 2 | -0.5
6.718187807960295 | 2 | -0.5
13.244364903180877 | 2 | -0.5
13.187629408174459 | 2 | -0.5
3.64362029687606 | 2 | -0.5
2.358279360725762 | 2 | -0.5
1.7697616551332298 | 2 | -0.5
1.4654389092039604 | 2 | -0.5
1.3344307217973108 | 2 | -0.5
1.2388698575283468 | 2 | -0.5
1.1599100161185547 | 0 | 5.0
1.2159670920536465 | 0 | 5.0
1.2268034304566628 | 0 | 5.0
1.2529143720072635 | 0 | 5.0
1.3216205101993146 | 0 | 5.0
1.2981770690442564 | 0 | 5.0
1.3319015270187011 | 0 | 5.0
1.3677162198693809 | 0 | 5.0
1.3866171175330708 | 0 | 5.0
1.371263969585023 | 0 | 5.0
1.4148057569606496 | 0 | 5.0
1.4126860213347783 | 0 | 5.0
1.4059802190867183 | 0 | 5.0
1.449217467952003 | 0 | 5.0
1.45135417700238 | 0 | 5.0
1.474671255721795 | 0 | 5.0
1.4757042579426087 | 0 | 5.0
1.5104859151834034 | 0 | 5.0
1.5506364053012605 | 0 | 5.0
1.5076178148819865 | 0 | 5.0
1.5687301976648234 | 0 | 5.0
1.6186031055466854 | 2 | -0.5
1.5767622490079989 | 2 | -0.5
1.6607143252887608 | 2 | -0.5
1.78335499881572 | 2 | -0.5
1.9803191160981999 | 2 | -0.5
2.4554945729651547 | 2 | -0.5
3.1237708177491785 | 2 | -0.5
4.645904550405842 | 2 | -0.5
11.356658495433335 | 2 | -0.5
11.371304843124221 | 2 | -0.5
5.902043707129931 | 2 | -0.5
3.829240574047466 | 2 | -0.5
2.8476524118457713 | 2 | -0.5
2.4065656437044427 | 2 | -0.5
2.124416195769092 | 2 | -0.5
1.9571191043921634 | 2 | -0.5
1.856376694350957 | 2 | -0.5
1.823557144522476 | 0 | 5.0
1.8217131546148955 | 0 | 5.0
1.806733231707121 | 0 | 5.0
1.7923085602939985 | 0 | 5.0
1.7892742016262901 | 0 | 5.0
1.7325403240503416 | 0 | 5.0
1.7258103014529504 | 0 | 5.0
1.7112286032310224 | 0 | 5.0
1.7261309219226297 | 0 | 5.0
1.7519567317895952 | 0 | 5.0
1.7182130728985452 | 0 | 5.0
1.7654210897611422 | 0 | 5.0
1.7611304832959271 | 0 | 5.0
1.760246833259314 | 2 | -0.5
1.750223774640811 | 2 | -0.5
1.9003480474145984 | 2 | -0.5
2.121368533743206 | 2 | -0.5
2.5373711247563264 | 2 | -0.5
3.1856328361975694 | 2 | -0.5
4.723541038840592 | 2 | -0.5
10.008067323828596 | 2 | -0.5
11.802766753375678 | 2 | -0.5
6.358782279431668 | 2 | -0.5
3.38461247096713 | 2 | -0.5
2.398795580355668 | 2 | -0.5
2.022933020356118 | 2 | -0.5
1.7545910558214504 | 2 | -0.5
1.7120215129876286 | 2 | -0.5
1.6636092026733353 | 0 | 5.0
1.6885672812920505 | 0 | 5.0
1.6722270112780138 | 0 | 5.0
1.7175570930324573 | 0 | 5.0
1.710528081799933 | 0 | 5.0
1.7395677379268741 | 0 | 5.0
1.7541080528442579 | 0 | 5.0
1.7284292932771037 | 0 | 5.0
1.7643465531767235 | 0 | 5.0
1.7865221489031886 | 0 | 5.0
1.7811090524100708 | 0 | 5.0
1.7875942021386013 | 0 | 5.0
1.77361687161722 | 0 | 5.0
1.7622753305926713 | 0 | 5.0
1.7747288896297047 | 0 | 5.0
1.783777883301898 | 2 | -0.5
1.7944310176216884 | 2 | -0.5
1.9506699595022736 | 2 | -0.5
2.122197565518937 | 2 | -0.5
2.5010168482829043 | 2 | -0.5
3.3390880711324185 | 2 | -0.5
4.7938314691053625 | 2 | -0.5
7.756635223324035 | 2 | -0.5
11.698755711258674 | 2 | -0.5
9.627200664227583 | 2 | -0.5
4.631842860595586 | 2 | -0.5
3.0593485564082417 | 2 | -0.5
2.432841248029705 | 2 | -0.5
2.0931294543016508 | 2 | -0.5
1.7800910688194498 | 2 | -0.5
1.7077775809487428 | 2 | -0.5
1.647082813557657 | 0 | 5.0
1.6935722775879878 | 0 | 5.0
1.6889253716274797 | 0 | 5.0
1.701517374520977 | 0 | 5.0
1.678661401985117 | 0 | 5.0
1.7175704712571747 | 0 | 5.0
1.7361484264463627 | 0 | 5.0
1.7581497847295455 | 0 | 5.0
1.7689554152604965 | 0 | 5.0
1.7855804471872128 | 0 | 5.0
1.8164869050649635 | 0 | 5.0
1.7776890253202133 | 0 | 5.0
1.8033729589313456 | 0 | 5.0
1.7949702981763305 | 0 | 5.0
1.8076550514394758 | 0 | 5.0
1.7722689030532632 | 0 | 5.0
1.8269366219333463 | 2 | -0.5
1.865296143746975 | 2 | -0.5
1.9882330356777465 | 2 | -0.5
2.167413587197712 | 2 | -0.5
2.5725203501084994 | 2 | -0.5
3.262220913141164 | 2 | -0.5
5.1614299015977645 | 2 | -0.5
9.452879899627156 | 2 | -0.5
11.90186602384899 | 2 | -0.5
6.727751148069309 | 2 | -0.5
3.646493034137156 | 2 | -0.5
2.641440774188904 | 2 | -0.5
2.2100655449591673 | 2 | -0.5
1.9205431335447039 | 2 | -0.5
1.7194574554349868 | 2 | -0.5
1.6507577903422308 | 2 | -0.5
1.6046937287042722 | 0 | 5.0
1.5993984118426126 | 0 | 5.0
1.5967144982735937 | 0 | 5.0
1.6287527631542815 | 0 | 5.0
1.6608686151518333 | 0 | 5.0
1.672109823218082 | 0 | 5.0
1.6600299736286956 | 0 | 5.0
1.635981493080116 | 0 | 5.0
1.6889418395316536 | 0 | 5.0
1.673458146707153 | 0 | 5.0
1.728986520041271 | 0 | 5.0
1.6998914779424128 | 0 | 5.0
1.704545246787234 | 0 | 5.0
1.7106407479130759 | 0 | 5.0
1.7400841142206558 | 0 | 5.0
1.719612768929665 | 0 | 5.0
1.7404630615060497 | 2 | -0.5
1.8000194410690853 | 2 | -0.5
1.8914916507838182 | 2 | -0.5
2.083657736811707 | 2 | -0.5
2.4177201301007822 | 2 | -0.5
3.0649673861146867 | 2 | -0.5
4.7443443351335555 | 2 | -0.5
11.888154793344707 | 2 | -0.5
11.804389920512484 | 2 | -0.5
5.193515884694706 | 2 | -0.5
3.0991133835494904 | 2 | -0.5
2.461509558722792 | 2 | -0.5
2.1475032171259745 | 2 | -0.5
1.878597841350416 | 2 | -0.5
1.7198670265404257 | 2 | -0.5
1.7059942162334032 | 0 | 5.0
1.6916827211319743 | 0 | 5.0
1.7038888115294497 | 0 | 5.0
1.7278371058708646 | 0 | 5.0
1.7482097175606326 | 0 | 5.0
1.7639420785840638 | 0 | 5.0
1.7522059047464802 | 0 | 5.0
1.7965284713748635 | 0 | 5.0
1.8294801932547202 | 0 | 5.0
1.8405989753590277 | 0 | 5.0
1.870702890759151 | 0 | 5.0
1.8839551341580532 | 0 | 5.0
1.8744093165420574 | 0 | 5.0
1.867923103181007 | 0 | 5.0
1.9060738451062653 | 0 | 5.0
1.8675906641315665 | 0 | 5.0
1.9825424810119108 | 0 | 5.0
2.0130427838241864 | 0 | 5.0
2.0341353471042747 | 2 | -0.5
1.9925683206438216 | 0 | 5.0
1.976157244903914 | 2 | -0.5
2.058725539649293 | 2 | -0.5
2.200820676690356 | 2 | -0.5
2.5151306265799516 | 2 | -0.5
3.047670283531042 | 2 | -0.5
4.286130907460644 | 2 | -0.5
6.557584216700594 | 2 | -0.5
12.51399688243994 | 2 | -0.5
12.44891483189424 | 2 | -0.5
4.232413075738307 | 2 | -0.5
2.679710577074693 | 2 | -0.5
2.047612922207819 | 2 | -0.5
1.7790776146882028 | 2 | -0.5
1.577380806251187 | 2 | -0.5
1.4101953088697092 | 2 | -0.5
1.3694957442968412 | 0 | 5.0
1.3730227484362276 | 0 | 5.0
1.375307627714984 | 0 | 5.0
1.444473562091377 | 0 | 5.0
1.4386188536995201 | 0 | 5.0
1.4318679302678687 | 0 | 5.0
1.447708797136663 | 0 | 5.0
1.5087407214285027 | 0 | 5.0
1.4879090432118414 | 0 | 5.0
1.5231469119759764 | 0 | 5.0
1.540319843815819 | 0 | 5.0
1.5839046846801483 | 0 | 5.0
1.6008540424799802 | 0 | 5.0
1.6089920609713038 | 0 | 5.0
1.5799223257862545 | 0 | 5.0
1.627575278212097 | 0 | 5.0
1.6124504251537293 | 0 | 5.0
1.667476045544047 | 2 | -0.5
1.665327956008661 | 0 | 5.0
1.6206231001966254 | 2 | -0.5
1.7149352210657869 | 2 | -0.5
1.8573653060292987 | 2 | -0.5
2.1341787380900454 | 2 | -0.5
2.608062635675207 | 2 | -0.5
3.7644902626466736 | 2 | -0.5
6.644474574460775 | 2 | -0.5
11.611488266069395 | 2 | -0.5
7.99011448638464 | 2 | -0.5
3.6483905716853955 | 2 | -0.5
2.776037462189965 | 2 | -0.5
2.243919213474437 | 2 | -0.5
1.8553908069684633 | 2 | -0.5
1.671704052562278 | 2 | -0.5
1.6718418647309223 | 2 | -0.5
1.589926583201729 | 0 | 5.0
1.606814069484334 | 0 | 5.0
1.578820128746377 | 0 | 5.0
1.6122936915206092 | 0 | 5.0
1.587147084742336 | 0 | 5.0
1.5988545553862976 | 0 | 5.0
1.586877950408985 | 0 | 5.0
1.5416337999095615 | 0 | 5.0
1.5213742396846017 | 0 | 5.0
1.5180431435721737 | 0 | 5.0
1.4645893135688917 | 0 | 5.0
1.4963193506542218 | 2 | -0.5
1.5016589998422665 | 2 | -0.5
1.63934609135958 | 2 | -0.5
1.816994784527092 | 2 | -0.5
2.172011467673542 | 2 | -0.5
2.959994514214059 | 2 | -0.5
4.8012071686464575 | 2 | -0.5
10.899869671152585 | 2 | -0.5
10.851366046916116 | 2 | -0.5
6.428713219655362 | 2 | -0.5
3.743317127369544 | 2 | -0.5
2.9664784074416977 | 2 | -0.5
2.4367912644812613 | 2 | -0.5
2.2216119267671166 | 2 | -0.5
2.0270985816018543 | 2 | -0.5
1.9461262129656094 | 0 | 5.0
1.9531388166761299 | 0 | 5.0
2.012941505395805 | 0 | 5.0
2.0290492474892035 | 0 | 5.0
2.0649209070124552 | 0 | 5.0
2.0519413222055247 | 0 | 5.0
2.04470162619103 | 0 | 5.0
2.0696523303035304 | 0 | 5.0
2.0888225026348213 | 0 | 5.0
2.1407062068335962 | 0 | 5.0
2.1450898337518387 | 0 | 5.0
2.123954731445526 | 0 | 5.0
2.156219743586598 | 0 | 5.0
2.1766193349100096 | 0 | 5.0
2.229817746982045 | 0 | 5.0
2.1745487209060497 | 0 | 5.0
2.213096279193986 | 0 | 5.0
2.219189258062599 | 2 | -0.5
2.2611736547842196 | 0 | 5.0
2.213531023090117 | 2 | -0.5
2.3047202462155347 | 2 | -0.5
2.4833637308223486 | 2 | -0.5
2.940937207390549 | 2 | -0.5
3.6688698885577558 | 2 | -0.5
5.229133655222248 | 2 | -0.5
9.984179253643676 | 2 | -0.5
13.123133154337568 | 2 | -0.5
7.572059458599439 | 2 | -0.5
3.283062010176038 | 2 | -0.5
2.138610465924671 | 2 | -0.5
1.616322782115557 | 2 | -0.5
1.411595452332223 | 2 | -0.5
1.2560790764827379 | 2 | -0.5
1.1839903505760272 | 0 | 5.0
1.2598339589935637 | 0 | 5.0
1.2263851497705194 | 0 | 5.0
1.2589376359293913 | 0 | 5.0
1.3508886411250935 | 0 | 5.0
1.3709977018093902 | 2 | -0.5
1.33956900482084 | 0 | 5.0
1.3677994072683826 | 0 | 5.0
1.3797650729672302 | 0 | 5.0
1.389260753147253 | 0 | 5.0
1.3868172381858759 | 0 | 5.0
1.3402922268919104 | 0 | 5.0
1.3824150226617238 | 0 | 5.0
1.4070063714910168 | 0 | 5.0
1.3100963453337737 | 0 | 5.0
1.3378355142002505 | 0 | 5.0
1.3570557237973373 | 0 | 5.0
1.31528444730998 | 2 | -0.5
1.3736546115373691 | 2 | -0.5
1.4813291550046044 | 2 | -0.5
1.6478793097796138 | 2 | -0.5
1.8987921103497023 | 2 | -0.5
2.5210840492285738 | 2 | -0.5
3.921797419087491 | 2 | -0.5
8.878602589142936 | 2 | -0.5
10.510464362963724 | 2 | -0.5
6.928178321986884 | 2 | -0.5
4.155628639399083 | 2 | -0.5
3.062989100114788 | 2 | -0.5
2.479486870671789 | 2 | -0.5
2.2205897973945103 | 2 | -0.5
2.0241022187945608 | 2 | -0.5
1.979916492230692 | 0 | 5.0
2.022177983033974 | 0 | 5.0
2.030006570085463 | 0 | 5.0
2.04329018201506 | 0 | 5.0
2.0555731253649436 | 0 | 5.0
2.052824931927763 | 0 | 5.0
2.020737774982452 | 0 | 5.0
2.046597322517675 | 0 | 5.0
2.02788830867294 | 0 | 5.0
2.0206810468412733 | 0 | 5.0
2.08226217884509 | 0 | 5.0
2.0052769925109555 | 0 | 5.0
1.9609093716925363 | 2 | -0.5
2.0220672201098946 | 2 | -0.5
2.204592261862026 | 2 | -0.5
2.354588587342121 | 2 | -0.5
2.7092357322055314 | 2 | -0.5
3.660053682645618 | 2 | -0.5
5.519451140704747 | 2 | -0.5
12.381361908665244 | 2 | -0.5
12.302341925931168 | 2 | -0.5
4.545271587030713 | 2 | -0.5
2.833266142001882 | 2 | -0.5
2.0596737945831807 | 2 | -0.5
1.7226857877564519 | 2 | -0.5
1.5160626466952662 | 2 | -0.5
1.4074508697503307 | 2 | -0.5
1.3454462243825978 | 0 | 5.0
1.3543357479973779 | 0 | 5.0
1.358991643494578 | 0 | 5.0
1.4256617017436666 | 0 | 5.0
1.4530860446035838 | 0 | 5.0
1.4560274094081895 | 0 | 5.0
1.4748641152548712 | 0 | 5.0
1.5329009975704913 | 0 | 5.0
1.5571101195053487 | 0 | 5.0
1.5631322576071451 | 0 | 5.0
1.6151144715216061 | 0 | 5.0
1.6224101411192797 | 0 | 5.0
1.648570660273568 | 0 | 5.0
1.6818428893062156 | 0 | 5.0
1.6866965169536972 | 0 | 5.0
1.7291383347847489 | 0 | 5.0
1.7648168721963138 | 0 | 5.0
1.7693384455912609 | 0 | 5.0
1.8125582519589873 | 0 | 5.0
1.8773675381093944 | 2 | -0.5
1.8288360793827196 | 0 | 5.0
1.8965846160474245 | 0 | 5.0
1.8255687970571262 | 2 | -0.5
1.8834555661588839 | 2 | -0.5
1.9866169066164443 | 2 | -0.5
2.2326874590526065 | 2 | -0.5
2.5435911817048438 | 2 | -0.5
3.2425234193233625 | 2 | -0.5
4.700939463602222 | 2 | -0.5
8.485740616140202 | 2 | -0.5
12.15555712470365 | 2 | -0.5
6.938699232211589 | 2 | -0.5
3.406164130576714 | 2 | -0.5
2.5397810497248066 | 2 | -0.5
2.129590635352173 | 2 | -0.5
1.8415039353967704 | 2 | -0.5
1.6599397667264995 | 2 | -0.5
1.6097736986913145 | 2 | -0.5
1.6357295877916314 | 0 | 5.0
1.5589860794209365 | 0 | 5.0
1.6008894795524353 | 0 | 5.0
1.5673181363966704 | 0 | 5.0
1.5588849566368999 | 0 | 5.0
1.5714423482422404 | 0 | 5.0
1.5224146458377634 | 0 | 5.0
1.5269001272004499 | 0 | 5.0
1.5176566517928245 | 0 | 5.0
1.5268061167129316 | 0 | 5.0
1.4530579522334932 | 0 | 5.0
1.4327238566920986 | 0 | 5.0
1.4345930563169664 | 2 | -0.5
1.5006743567538494 | 2 | -0.5
1.6103330920122199 | 2 | -0.5
1.888998783210769 | 2 | -0.5
2.3145568606530182 | 2 | -0.5
3.1932892414670473 | 2 | -0.5
6.878781324576653 | 2 | -0.5
10.631326126836726 | 2 | -0.5
8.964777909577444 | 2 | -0.5
4.779704647894572 | 2 | -0.5
3.331351311076425 | 2 | -0.5
2.7242207920416646 | 2 | -0.5
2.3889194880732325 | 2 | -0.5
2.16746960693274 | 2 | -0.5
2.095583292093378 | 0 | 5.0
2.117451371859027 | 0 | 5.0
2.1573496484062353 | 2 | -0.5
2.146564001801221 | 0 | 5.0
2.137423185840899 | 0 | 5.0
2.081411243372099 | 0 | 5.0
2.0785576805858974 | 0 | 5.0
2.0282020333773625 | 0 | 5.0
1.9930956495016312 | 0 | 5.0
1.9923820054536479 | 0 | 5.0
1.9559759651684114 | 0 | 5.0
1.9179515703655954 | 0 | 5.0
1.8997280117263076 | 2 | -0.5
1.964274074101686 | 2 | -0.5
2.1258000659398775 | 2 | -0.5
2.418579633982572 | 2 | -0.5
2.8196749897251836 | 2 | -0.5
3.7750605745124544 | 2 | -0.5
6.509642441711821 | 2 | -0.5
12.159755094350103 | 2 | -0.5
12.236189493965838 | 2 | -0.5
4.3775810311406 | 2 | -0.5
2.7955583593421918 | 2 | -0.5
2.1749602388977296 | 2 | -0.5
1.9037490672096236 | 2 | -0.5
1.7231697926555098 | 2 | -0.5
1.6667269860185276 | 2 | -0.5
1.6080710437291679 | 0 | 5.0
1.658543708642902 | 0 | 5.0
1.6286242299039915 | 0 | 5.0
1.6265450147486264 | 0 | 5.0
1.640637608907759 | 0 | 5.0
1.6471147307471692 | 0 | 5.0
1.7168245506331656 | 0 | 5.0
1.7083637300156715 | 0 | 5.0
1.7404698922315567 | 0 | 5.0
1.7173717207604067 | 0 | 5.0
1.7477195366340035 | 0 | 5.0
1.7782149070280202 | 0 | 5.0
1.7855321951213239 | 0 | 5.0
1.7741693601422541 | 0 | 5.0
1.8007612031744529 | 0 | 5.0
1.8173176854947874 | 0 | 5.0
1.7977007867722519 | 0 | 5.0
1.8197674088179643 | 0 | 5.0
1.8263050869638369 | 2 | -0.5
1.838299356003263 | 2 | -0.5
1.9887223371080027 | 2 | -0.5
2.297204386518434 | 2 | -0.5
2.7273202708036646 | 2 | -0.5
3.6310572726806094 | 2 | -0.5
5.5420723628571045 | 2 | -0.5
12.033303640682622 | 2 | -0.5
12.045430650771275 | 2 | -0.5
4.724457730032191 | 2 | -0.5
2.9039646421418563 | 2 | -0.5
2.3645948775009216 | 2 | -0.5
2.007631436827997 | 2 | -0.5
1.764820627070802 | 2 | -0.5
1.641596017398212 | 2 | -0.5
1.6214861244699346 | 0 | 5.0
1.6027629154018637 | 0 | 5.0
1.5946576756113824 | 0 | 5.0
1.605118698905419 | 0 | 5.0
1.5991199245525352 | 0 | 5.0
1.6379246268568608 | 0 | 5.0
1.6092425625283302 | 0 | 5.0
1.6722925048977326 | 0 | 5.0
1.6549221827106086 | 0 | 5.0
1.667473866557926 | 0 | 5.0
1.6571946729079827 | 0 | 5.0
1.7219062323738112 | 0 | 5.0
1.698604338115935 | 0 | 5.0
1.7110010557756044 | 0 | 5.0
1.7303934610238694 | 0 | 5.0
1.7512482494140915 | 0 | 5.0
1.7746422006390408 | 0 | 5.0
1.7980666249999966 | 2 | -0.5
1.8235005842883596 | 2 | -0.5
1.896950534196141 | 2 | -0.5
2.056881486264024 | 2 | -0.5
2.2390380453978986 | 2 | -0.5
2.709484936491878 | 2 | -0.5
3.4630225090619944 | 2 | -0.5
5.2703808754344275 | 2 | -0.5
11.967056162644777 | 2 | -0.5
12.029078588335507 | 2 | -0.5
4.60020674774035 | 2 | -0.5
3.1294784747510964 | 2 | -0.5
2.4407492654677703 | 2 | -0.5
2.0761683395224186 | 2 | -0.5
1.8772002112330433 | 2 | -0.5
1.7497232483005938 | 2 | -0.5
1.769336128378422 | 0 | 5.0
1.7475031404521202 | 0 | 5.0
1.6929727207141165 | 0 | 5.0
1.767422057321433 | 0 | 5.0
1.7544642369557502 | 0 | 5.0
1.7773101829076208 | 0 | 5.0
1.7109644196250584 | 0 | 5.0
1.722227624028797 | 0 | 5.0
1.7297819910008452 | 0 | 5.0
1.7412255361161044 | 0 | 5.0
1.7315422750853582 | 0 | 5.0
1.7545108631117257 | 0 | 5.0
1.7369612443712463 | 0 | 5.0
1.7581807326463401 | 0 | 5.0
1.7489126566274722 | 0 | 5.0
1.7416132585222108 | 0 | 5.0
1.7419963356417907 | 2 | -0.5
1.7955628945552162 | 2 | -0.5
1.891149077890183 | 2 | -0.5
2.1161191667638337 | 2 | -0.5
2.50018102054027 | 2 | -0.5
3.1556292877441825 | 2 | -0.5
4.659914021932503 | 2 | -0.5
11.864828272781205 | 2 | -0.5
11.746378967703876 | 2 | -0.5
6.165848537526989 | 2 | -0.5
3.5161980167181395 | 2 | -0.5
2.5700974841921114 | 2 | -0.5
2.120289773725784 | 2 | -0.5
1.8582720487147026 | 2 | -0.5
1.758926125969653 | 2 | -0.5
1.6885468327102786 | 0 | 5.0
1.7097650746469268 | 0 | 5.0
1.7077999935379047 | 0 | 5.0
1.731074351463385 | 0 | 5.0
1.6989100218103308 | 0 | 5.0
1.6450720617396921 | 0 | 5.0
1.706658919792031 | 0 | 5.0
1.6800995354437858 | 0 | 5.0
1.6343112314677188 | 0 | 5.0
1.6703350371666739 | 0 | 5.0
1.721299591755113 | 0 | 5.0
1.6602973439686382 | 0 | 5.0
1.665680249368956 | 0 | 5.0
1.6382752728728789 | 0 | 5.0
1.6927306938590347 | 2 | -0.5
1.689683532430072 | 2 | -0.5
1.799256537174313 | 2 | -0.5
2.017485465447886 | 2 | -0.5
2.2810035486073277 | 2 | -0.5
2.7839652377976556 | 2 | -0.5
3.7967255131924746 | 2 | -0.5
7.3777591134017335 | 2 | -0.5
11.475365974451012 | 2 | -0.5
7.312054040567685 | 2 | -0.5
4.0614493187369956 | 2 | -0.5
2.9601968496923527 | 2 | -0.5
2.31480426544779 | 2 | -0.5
1.9889982140677107 | 2 | -0.5
1.839620805572125 | 2 | -0.5
1.737882610613523 | 2 | -0.5
1.7292793150465056 | 0 | 5.0
1.7003670793943706 | 0 | 5.0
1.6902060986324643 | 0 | 5.0
1.721296211431832 | 0 | 5.0
1.663110275877778 | 0 | 5.0
1.641167285333797 | 0 | 5.0
1.6507568404294113 | 0 | 5.0
1.6482537887700723 | 0 | 5.0
1.640399708455648 | 0 | 5.0
1.6436488373167686 | 0 | 5.0
1.6642893958112934 | 0 | 5.0
1.6405741687800948 | 0 | 5.0
1.568858858236399 | 0 | 5.0
Total reward: 2222.5
