-6.8, -2.1, -4.2, 2.6, -0.7, 0.1, -0.1, -0.1, 0.2, 1.9, -4.1, 2.4, -3.1, 0.8, -3.0, 5.2, -2.1, 4.2
parameter ends

state | action | reward
[-0.06] | [-1.09  4.09] | -0.03984565347872575
-0.024443786130876152 | [-7.84 19.87] | -0.20917313407590177
0.05729517397894955 | [-11.39  28.03] | -0.3569237180740847
0.15781272922713074 | [-12.11  29.65] | -0.4479511411716659
0.25948068423395804 | [-11.68  28.67] | -0.5071548590678094
0.35662065277729843 | [-10.95  27.03] | -0.559413382097379
0.4470147318207467 | [-10.02  25.18] | -0.6244054154757983
0.5285736210228257 | [-8.84 23.12] | -0.713126077414454
0.5991745057309822 | [-7.4  20.84] | -0.8241344690292667
0.6572517122373577 | [-5.72 18.31] | -1.0223962171204493
0.6189523689468525 | [ 2.54 -3.49] | -0.34028104163582656
0.5749078756040653 | [ 3.78 -7.25] | -0.11597857590418242
0.5251688139234949 | [  4.52 -10.14] | 0.11676403334721848
0.47104642091177634 | [  5.11 -12.71] | 0.33172705367260247
0.41167016476505164 | [  5.8  -15.24] | 0.5148402282254475
0.34448640217623644 | [  6.76 -17.98] | 0.6644565110824086
0.2659257310924348 | [  8.11 -21.1 ] | 0.78685045084811
0.17217527711957897 | [  9.85 -24.64] | 0.8865753698219154
0.06062100533484137 | [ 11.76 -28.26] | 0.9462179124863374
-0.06698454773223236 | [ 13.16 -30.65] | 0.9112201199335836
-0.20158284504267845 | [ 13.25 -29.95] | 0.7732324850737309
-0.33071396216518034 | [ 12.21 -26.73] | 0.6117376383349161
-0.4490774705634462 | [ 10.99 -23.42] | 0.4568845069476437
-0.5572363725419142 | [  9.88 -20.61] | 0.3113451489866408
-0.6568671492069618 | [  8.93 -18.24] | 0.172755860378336
-0.7488156487601901 | [  7.97 -16.07] | 0.022586477633191493
-0.8319719597060868 | [  6.81 -13.8 ] | -0.15396692477142765
-0.9042740280226861 | [  5.41 -11.35] | -0.3559986967222938
-0.963973598711555 | [ 3.83 -8.77] | -0.8864811267461645
-0.9402635813681501 | [-4.93 14.07] | -0.45350486945975926
-0.8989950356147468 | [-6.05 17.4 ] | -0.31450470659401114
-0.8516855100186652 | [-6.74 19.96] | -0.16574295643646858
-0.7997286715805854 | [-7.32 22.27] | -0.04461580344208142
-0.7422840887349667 | [-8.01 24.61] | 0.02483791537488081
-0.6767908464225205 | [-8.99 27.22] | 0.03249805292412243
-0.5996308468623254 | [-10.34  30.26] | -0.020627768231232968
-0.5068997768561968 | [-12.08  33.75] | -0.12476775312369781
-0.39587880109348617 | [-13.96  37.27] | -0.26182536299246156
-0.26832019895775605 | [-15.29  39.53] | -0.40320596661007146
-0.13351909707221912 | [-15.28  38.7 ] | -0.49898897086208527
-0.004052707680202702 | [-14.17  35.5 ] | -0.5451206426164417
0.11480520380345603 | [-12.92  32.28] | -0.5812312015660592
0.22353977135905181 | [-11.79  29.57] | -0.6150760750540486
0.3237612676151212 | [-10.82  27.29] | -0.6484103574097339
0.4162787638491341 | [-9.83 25.2 ] | -0.6960330126490207
0.4999515380265912 | [-8.63 23.04] | -0.770251769697606
0.5726941515789241 | [-7.18 20.71] | -0.8705077642735959
0.6327480225258959 | [-5.56 18.27] | -0.7875484818578354
0.6161634467373256 | [ 3.26 -5.23] | -0.2723171535413234
0.5781227703666186 | [ 4.24 -8.48] | -0.0694694446633199
0.5332865494430747 | [  4.85 -11.15] | 0.14481674874957548
0.48327823879077714 | [  5.36 -13.58] | 0.342264882369562
0.4274324285586996 | [  6.   -16.03] | 0.5071959606032068
0.3632879329102684 | [  6.94 -18.73] | 0.6365591062939673
0.28725132510071805 | [  8.28 -21.81] | 0.7359383781381512
0.19537838256009799 | [ 10.   -25.29] | 0.8110609670297398
0.0848700250168023 | [ 11.87 -28.76] | 0.8495739681262146
-0.042566226278183024 | [ 13.17 -30.87] | 0.8063624562614591
-0.1775272316708416 | [ 13.14 -29.84] | 0.6798948351328783
-0.3073390719726076 | [ 12.05 -26.48] | 0.5372151442206853
-0.42667290434656846 | [ 10.82 -23.16] | 0.39813551740694036
-0.5359289058251656 | [  9.72 -20.36] | 0.26537941125450537
-0.6366649443085025 | [  8.78 -18.02] | 0.13670441914570136
-0.7296826674824962 | [  7.82 -15.85] | -0.006441927001286939
-0.8138338343012108 | [  6.65 -13.58] | -0.17837864293473077
-0.8870166692569267 | [  5.24 -11.13] | -0.37741405184660803
-0.947457205717264 | [ 3.66 -8.57] | -0.5012848531023002
-0.9395407126233503 | [-4.84 13.92] | -0.42775534801843146
-0.9021731915536805 | [-5.95 17.17] | -0.30439650157837295
-0.8576145432404293 | [-6.7  19.84] | -0.1647108411123484
-0.8077451270983061 | [-7.3  22.22] | -0.04748417665198269
-0.7521341906674999 | [-8.  24.6] | 0.020362860894621887
-0.6884751017280014 | [-8.96 27.22] | 0.026057234822833703
-0.6132481963685564 | [-10.29  30.26] | -0.031281645157246574
-0.5224958169906018 | [-12.    33.72] | -0.1425579687075234
-0.4132450687284079 | [-13.87  37.24] | -0.28807412728160353
-0.28673575370504656 | [-15.23  39.56] | -0.4356074167810199
-0.15184988801176474 | [-15.28  38.85] | -0.5327902334398557
-0.021403437318911193 | [-14.2   35.66] | -0.5747314600067768
0.09865801948508657 | [-12.94  32.4 ] | -0.6052475762298879
0.20855533482274416 | [-11.8   29.66] | -0.6344132156404458
0.30982324675207484 | [-10.83  27.36] | -0.6632609394077529
0.4033772219298657 | [-9.85 25.27] | -0.7061145943503521
0.4881803794405166 | [-8.66 23.11] | -0.7758709805662269
0.5621527324408075 | [-7.23 20.79] | -0.8728220201485952
0.6234721299229089 | [-5.62 18.36] | -0.6733784614031907
0.6258784261496304 | [ 3.24 -5.28] | -0.2948470272712199
0.5854684416436583 | [ 4.21 -8.51] | -0.08444707833893171
0.5390640563342406 | [  4.81 -11.17] | 0.13423511338386176
0.488032223025954 | [  5.32 -13.6 ] | 0.3335331665062208
0.4314869650213943 | [  5.97 -16.05] | 0.4987264434643047
0.3668217906544596 | [  6.92 -18.75] | 0.6274670727810023
0.2903621461046363 | [  8.26 -21.84] | 0.7256960908945538
0.19812813034748286 | [  9.99 -25.32] | 0.7992315375950768
0.08732411796038611 | [ 11.86 -28.79] | 0.8357220683974851
-0.04029596755285917 | [ 13.15 -30.88] | 0.7905638111676468
-0.17528344945675978 | [ 13.11 -29.82] | 0.6636496628314152
-0.3050026418368917 | [ 12.01 -26.45] | 0.5217053976988032
-0.42421608527107085 | [ 10.79 -23.14] | 0.3836431136517554
-0.5333574667816983 | [  9.69 -20.35] | 0.25202416174470627
-0.6339927224035279 | [  8.75 -18.01] | 0.12440607732188287
-0.7269030565209709 | [  7.79 -15.84] | -0.017802298928504885
-0.8109235699499572 | [  6.61 -13.58] | -0.1888040204992574
-0.8839527103449029 | [  5.2  -11.13] | -0.3868043409518341
-0.9442273227696988 | [ 3.62 -8.56] | -0.5063330209247194
-0.9357707275837034 | [-4.9  13.99] | -0.42865407159934227
-0.8979956769856781 | [-6.   17.22] | -0.3026159641134772
-0.8531611044591784 | [-6.74 19.88] | -0.16125678827171536
-0.8030855098884949 | [-7.34 22.25] | -0.04311048451369136
-0.7472804177026199 | [-8.04 24.63] | 0.025367113843154
-0.6833994629186675 | [-9.   27.26] | 0.03183000801573016
-0.6079020920764335 | [-10.34  30.3 ] | -0.024289518039365146
-0.5168306172619442 | [-12.06  33.77] | -0.13375527582068492
-0.4072497539135133 | [-13.93  37.28] | -0.27711182729272493
-0.28050501820098434 | [-15.27  39.56] | -0.42290241686922797
-0.1455977254539775 | [-15.3   38.81] | -0.5194421115135659
-0.01531157241773197 | [-14.2  35.6] | -0.5622840877852155
0.10455841374247377 | [-12.95  32.34] | -0.594220291310259
0.21428236206469606 | [-11.81  29.61] | -0.624677668291822
0.31540387465818664 | [-10.84  27.32] | -0.6548847718296218
0.40880970473199096 | [-9.86 25.23] | -0.6993370849247742
0.49343496370624085 | [-8.67 23.07] | -0.7708125317464274
0.5671952462808518 | [-7.23 20.74] | -0.8693652382959284
0.6282815446863904 | [-5.62 18.31] | -0.741742229915267
0.6187827299766884 | [ 3.28 -5.37] | -0.24713655784284855
0.5855415586654805 | [ 4.26 -8.6 ] | -0.060955724635489476
0.5442564512209749 | [  4.86 -11.26] | 0.1415475201733044
0.49699901235217225 | [  5.36 -13.68] | 0.3307966875730754
0.4435215777060761 | [  5.98 -16.11] | 0.4887009757838071
0.3816420455905054 | [  6.89 -18.77] | 0.6100809921246155
0.3078978894421488 | [  8.19 -21.82] | 0.6993334599617358
0.21832241646535827 | [  9.88 -25.25] | 0.763027022652908
0.10987294235057622 | [ 11.73 -28.7 ] | 0.7937211710207107
-0.01630090205795482 | [ 13.07 -30.88] | 0.7531268307009322
-0.15128601189929397 | [ 13.11 -30.  ] | 0.6358110632042778
-0.2821429715636215 | [ 12.05 -26.67] | 0.5022139395670722
-0.40277501881601063 | [ 10.82 -23.3 ] | 0.37094696111474046
-0.5132842668490504 | [  9.71 -20.48] | 0.24424903541970078
-0.6151414279715968 | [  8.77 -18.11] | 0.12133896755191584
-0.7092767726921866 | [  7.81 -15.95] | -0.015602187108519981
-0.7946701361511318 | [  6.65 -13.69] | -0.1816998135479333
-0.8692288338982055 | [  5.26 -11.26] | -0.3763314720716442
-0.9311038315693527 | [ 3.69 -8.71] | -0.45725233129322057
-0.9371071514745314 | [-5.47 15.3 ] | -0.3655531696248959
-0.9008799478102616 | [-6.4  18.28] | -0.2443696771851912
-0.8577059810126931 | [-6.99 20.7 ] | -0.11242817703595645
-0.8092109241816184 | [-7.51 22.93] | -0.007883013303108255
-0.7547292771731825 | [-8.18 25.24] | 0.04407555569688973
-0.6917901757401581 | [-9.14 27.84] | 0.0320064048328718
-0.616769389357115 | [-10.48  30.87] | -0.04411846322273725
-0.5256613622303302 | [-12.2   34.31] | -0.17391554230181766
-0.41558561847350906 | [-14.04  37.73] | -0.334267789176843
-0.2882158650538782 | [-15.28  39.76] | -0.4866027441305777
-0.1530706306194021 | [-15.17  38.68] | -0.575843429932191
-0.022910313824025072 | [-14.03  35.35] | -0.6093636754469337
0.09689924116138446 | [-12.78  32.11] | -0.6340029849181762
0.20667688851876156 | [-11.66  29.4 ] | -0.6579140606087596
0.3079274658546891 | [-10.7   27.14] | -0.6829875164400582
0.40144229623364913 | [-9.71 25.04] | -0.7239758812207008
0.4860642305454009 | [-8.5  22.87] | -0.793105235788255
0.5596757057845297 | [-7.05 20.54] | -0.8896105946286162
0.6204889519080186 | [-5.43 18.11] | -0.5484785476578812
0.6165512225764478 | [ 3.23 -5.29] | -0.25227163680553544
0.5828064730374485 | [ 4.22 -8.52] | -0.06363787757500883
0.541149834674066 | [  4.85 -11.23] | 0.1404608529918159
0.4935960153368571 | [  5.37 -13.68] | 0.3307910599414023
0.43984172392733634 | [  6.01 -16.15] | 0.4895540311765634
0.3776578788271433 | [  6.93 -18.84] | 0.6117957243950524
0.30354470927075083 | [  8.25 -21.91] | 0.7020362655562468
0.2135160501478634 | [  9.95 -25.36] | 0.7667203074566885
0.1045628849416624 | [ 11.8  -28.79] | 0.797671333421392
-0.02201057939346337 | [ 13.11 -30.91] | 0.7558614541386806
-0.15708202162671236 | [ 13.11 -29.92] | 0.6379699673831817
-0.2877527918283623 | [ 12.03 -26.55] | 0.5045766005012569
-0.40816545900283485 | [ 10.8 -23.2] | 0.37328225880762467
-0.5184889180718186 | [  9.7  -20.39] | 0.24657979252551981
-0.6202013795684364 | [  8.76 -18.04] | 0.12323225629097478
-0.7141837351324277 | [  7.8  -15.87] | -0.014824009660668082
-0.7993669271793662 | [  6.63 -13.61] | -0.18236333421502415
-0.8736484242220149 | [  5.23 -11.17] | -0.3782727916955199
-0.9351995475336797 | [ 3.66 -8.62] | -0.2929215104890928
-0.9453117367638192 | [-4.96 14.24] | -0.4530771413931965
-0.9053419377605996 | [-6.03 17.41] | -0.3178412848453201
-0.8591221702142958 | [-6.74 20.02] | -0.17143395343973641
-0.8082037148913566 | [-7.33 22.37] | -0.05186386905117148
-0.7518551644038952 | [-8.03 24.74] | 0.015593868203360228
-0.6875631220523898 | [-9.   27.37] | 0.01953843642931681
-0.6116877077930929 | [-10.34  30.41] | -0.04002472988410452
-0.5202229770748938 | [-12.07  33.88] | -0.153391072780677
-0.4102428765543892 | [-13.94  37.38] | -0.30020850302310964
-0.28319400270123735 | [-15.26  39.61] | -0.44723241672640995
-0.14821484024785253 | [-15.25  38.77] | -0.5416814782114067
-0.018052113569996066 | [-14.14  35.54] | -0.5819675316823393
0.10167135191854818 | [-12.89  32.29] | -0.6117935883062836
0.2112733294191608 | [-11.76  29.57] | -0.6401912773986725
0.31230119222196134 | [-10.79  27.29] | -0.6686436001110754
0.40560521290238394 | [-9.8 25.2] | -0.7117396434162769
0.49008648728380416 | [-8.61 23.03] | -0.7820494740362496
0.5636543471956025 | [-7.17 20.71] | -0.8793695393055616
0.6245144344495096 | [-5.55 18.28] | -0.7413748401339543
0.6137053407730773 | [ 3.44 -5.7 ] | -0.22992591994805991
0.5808247536776211 | [ 4.37 -8.86] | -0.044144848474935064
0.5398992630242611 | [  4.95 -11.47] | 0.15684040688396061
0.49294244679257027 | [  5.43 -13.85] | 0.34383242842468836
0.4396508910304044 | [  6.04 -16.27] | 0.4992639008302119
0.37780152135103584 | [  6.96 -18.94] | 0.618374758263923
0.3039058764061737 | [  8.27 -21.99] | 0.7058073019228298
0.21399277899537716 | [  9.97 -25.42] | 0.7680822666654469
0.10507501241227801 | [ 11.81 -28.84] | 0.7971065201612526
-0.02150417175828974 | [ 13.12 -30.93] | 0.7540845209929128
-0.15657377748191273 | [ 13.11 -29.92] | 0.6361848740891832
-0.28722812551370486 | [ 12.02 -26.54] | 0.5033274649049925
-0.4076352087394164 | [ 10.79 -23.18] | 0.3724566923922792
-0.5179641916275488 | [  9.69 -20.37] | 0.24607895555515635
-0.6196882781709863 | [  8.75 -18.02] | 0.12293123951121038
-0.7136851886633295 | [  7.79 -15.86] | -0.015071924852968877
-0.7988817933686824 | [  6.62 -13.6 ] | -0.1826592193746811
-0.8731722124134254 | [  5.22 -11.16] | -0.37863986584224846
-0.9347266562925375 | [ 3.65 -8.6 ] | -0.28714786041122703
-0.9449778979469953 | [-5.   14.33] | -0.4473441350817211
-0.9051411638651616 | [-6.05 17.48] | -0.3125546494366771
-0.8590520162594084 | [-6.76 20.08] | -0.16697158256124242
-0.8082458086693941 | [-7.35 22.42] | -0.04854914589690121
-0.7519766546115314 | [-8.04 24.79] | 0.0175397449798404
-0.6877205101554776 | [-9.01 27.42] | 0.01997371020805659
-0.6118302443101522 | [-10.36  30.47] | -0.04118236880301928
-0.520297557664065 | [-12.09  33.94] | -0.15611274870142014
-0.4102093299322197 | [-13.95  37.43] | -0.30416898495454653
-0.28306152063762313 | [-15.26  39.63] | -0.45154043177387504
-0.14805932795744392 | [-15.24  38.75] | -0.5451941963963127
-0.017939662036303594 | [-14.13  35.51] | -0.584723432163841
0.10174081409469657 | [-12.87  32.26] | -0.614069570846443
0.21131302134018792 | [-11.74  29.54] | -0.642038481004617
0.31232254657161135 | [-10.78  27.26] | -0.6702033147362881
0.40560655078560515 | [-9.79 25.17] | -0.713200882598998
0.49005315398562715 | [-8.6  23.01] | -0.7835270867263161
0.563567836696843 | [-7.15 20.68] | -0.8808617239611414
0.624360324676573 | [-5.53 18.25] | -0.7372270110705382
0.6134192405181986 | [ 3.51 -5.88] | -0.22244376163092344
0.5805681219471575 | [ 4.41 -8.99] | -0.036818409602332805
0.5397150302330366 | [  4.97 -11.57] | 0.16328297877421075
0.49282982647466994 | [  5.45 -13.94] | 0.34882492083388494
0.4395674687808214 | [  6.06 -16.36] | 0.5025105059487898
0.37767520929878706 | [  6.98 -19.02] | 0.6197983935825983
0.30364709296021747 | [  8.3  -22.07] | 0.7054546922978853
0.21350962820972097 | [ 10.   -25.51] | 0.7659879375088379
0.10430933302684235 | [ 11.84 -28.91] | 0.7930785350097953
-0.022499933564866535 | [ 13.13 -30.95] | 0.7480587530549361
-0.1576091415501652 | [ 13.09 -29.87] | 0.6298470151627604
-0.28814104374958016 | [ 11.99 -26.47] | 0.49774785808380645
-0.4084108266920589 | [ 10.76 -23.13] | 0.3675375501817522
-0.5186253839216846 | [  9.66 -20.32] | 0.24180082697594932
-0.6202606709250493 | [  8.73 -17.98] | 0.11899467134989283
-0.7141655800722049 | [  7.76 -15.81] | -0.01909186998364083
-0.7992384274201975 | [  6.59 -13.55] | -0.18696310782369005
-0.8733668672786822 | [  5.19 -11.11] | -0.38312997093951984
-0.9347323456050696 | [ 3.61 -8.55] | -0.28099159588299777
-0.9446534365408793 | [-5.1  14.59] | -0.4412784525387016
-0.9044342089692116 | [-6.12 17.68] | -0.3046259683233815
-0.8581570337058243 | [-6.8  20.24] | -0.1593398117610244
-0.8072353685762514 | [-7.38 22.56] | -0.04293274958991858
-0.7508171753762821 | [-8.08 24.92] | 0.020143869859805125
-0.6863066917489482 | [-9.06 27.55] | 0.019169302562417723
-0.6100176232168538 | [-10.42  30.61] | -0.045359506818558486
-0.5179397692931249 | [-12.16  34.09] | -0.1632091703995278
-0.4072357095861739 | [-14.01  37.56] | -0.31310734150181263
-0.27962718439680456 | [-15.28  39.67] | -0.4601644093497505
-0.14457880077898583 | [-15.21  38.67] | -0.5511564878213367
-0.014748728045380098 | [-14.08  35.38] | -0.589171476650863
0.104607740902122 | [-12.83  32.16] | -0.6179689097180106
0.21390160800422348 | [-11.7   29.45] | -0.6453583718172269
0.31468568858631185 | [-10.74  27.19] | -0.6733411597608872
0.40773630118871773 | [-9.75 25.1 ] | -0.7167660886557409
0.4918854461125667 | [-8.54 22.92] | -0.7878001513575015
0.565028539001073 | [-7.09 20.59] | -0.8856411473901213
0.6254002827527125 | [-5.47 18.16] | -0.5906110408440205
0.6180660842431985 | [ 3.04 -4.78] | -0.2895283481578474
0.5813029937444406 | [ 4.08 -8.1 ] | -0.09077305057440081
0.5372683914907541 | [  4.76 -10.88] | 0.12244484204691541
0.4878277283030813 | [  5.3  -13.38] | 0.3211352301033871
0.4325348668717912 | [  5.95 -15.87] | 0.4881918462391688
0.3690690241360758 | [  6.88 -18.58] | 0.6193429513752878
0.2938970524334599 | [  8.21 -21.67] | 0.7194913782476015
0.20305311910587823 | [  9.92 -25.14] | 0.7946678851550366
0.09358754634648375 | [ 11.78 -28.63] | 0.8345770037198678
-0.03314868684224073 | [ 13.13 -30.84] | 0.7961754002256894
-0.16810182969978293 | [ 13.16 -29.95] | 0.6738609483957795
-0.2984623884703017 | [ 12.09 -26.63] | 0.5333550177506716
-0.4184439593232708 | [ 10.87 -23.28] | 0.39606194088027946
-0.5282983666485441 | [  9.76 -20.46] | 0.26451499515826715
-0.6295533800621302 | [  8.82 -18.11] | 0.13731416341744127
-0.7230884082698249 | [  7.85 -15.94] | -0.003690617479001436
-0.8078320318404624 | [  6.7  -13.68] | -0.17337853056515173
-0.8816942163691754 | [  5.3  -11.24] | -0.37080775632702134
-0.942863186263455 | [ 3.72 -8.68] | -0.4979343522953457
-0.9453604738261888 | [-5.34 15.16] | -0.4149542382816023
-0.9052851714390683 | [-6.28 18.15] | -0.27959699514780156
-0.8592734810050369 | [-6.89 20.59] | -0.13835810459933576
-0.8085867476655201 | [-7.44 22.83] | -0.028264522090185443
-0.7522481274960353 | [-8.12 25.15] | 0.027327329269813475
-0.6875884179713334 | [-9.1  27.77] | 0.01860142851962676
-0.6108955456973361 | [-10.47  30.82] | -0.053320469451499465
-0.5181856093953149 | [-12.22  34.29] | -0.17761687481041188
-0.4067484267835848 | [-14.06  37.73] | -0.3320484662337915
-0.278613418179618 | [-15.28  39.73] | -0.47987540117407995
-0.14356202962421097 | [-15.14  38.57] | -0.5675354931018339
-0.014132755263207654 | [-13.99  35.25] | -0.6031020292423739
0.1047850101396049 | [-12.74  32.05] | -0.6304973884981773
0.21369698005893614 | [-11.63  29.36] | -0.6564568782421563
0.3141647910768868 | [-10.67  27.11] | -0.6834868306252468
0.40689269167477093 | [-9.67 25.02] | -0.7266085654049386
0.4906481719400678 | [-8.45 22.84] | -0.7975601138509292
0.5633159570715724 | [-6.99 20.51] | -0.8949822787382025
0.6231607624361527 | [-5.37 18.08] | -0.5814179865042785
0.6138870032453895 | [ 3.27 -5.28] | -0.27206895580789064
0.5757305959251096 | [ 4.23 -8.49] | -0.06807478778324311
0.5308426430073078 | [  4.86 -11.19] | 0.146407856102067
0.4807956382164991 | [  5.39 -13.65] | 0.34349470469480764
0.42487706637942174 | [  6.05 -16.13] | 0.5077898134540183
0.360584443892967 | [  7.   -18.85] | 0.6364257870983414
0.2842882557819788 | [  8.36 -21.96] | 0.7350579978682664
0.1920232308492054 | [ 10.09 -25.45] | 0.8092686196231584
0.08102857822456004 | [ 11.95 -28.89] | 0.8460968181614075
-0.046809416233347056 | [ 13.21 -30.91] | 0.8004394429356583
-0.1818472198570869 | [ 13.12 -29.74] | 0.673939056147988
-0.31147523268957295 | [ 12.01 -26.34] | 0.5327355777774198
-0.430620355899389 | [ 10.79 -23.03] | 0.39477702080719823
-0.5397363622947516 | [  9.7  -20.25] | 0.2629938316317016
-0.6403776347355247 | [  8.76 -17.92] | 0.13458848611253627
-0.7332834409489607 | [  7.79 -15.75] | -0.009193911698022864
-0.8172521333375606 | [  6.61 -13.48] | -0.1822233476437737
-0.890172435345494 | [  5.2  -11.03] | -0.3822333330759664
-0.9502933347493507 | [ 3.62 -8.46] | -0.48321989715964364
-0.9420419248187724 | [-5.04 14.48] | -0.40825158447455573
-0.9046314963377485 | [-6.08 17.61] | -0.2850481739144137
-0.860216752731946 | [-6.78 20.2 ] | -0.14880234783010393
-0.8105140284847668 | [-7.36 22.53] | -0.03790000190269815
-0.7549396894283651 | [-8.05 24.89] | 0.021683954229128485
-0.691078207815637 | [-9.03 27.53] | 0.017977034306834325
-0.6153451789731585 | [-10.38  30.58] | -0.04931204945861292
-0.5237730573041847 | [-12.1   34.05] | -0.17027502536635544
-0.4135081313698721 | [-13.96  37.53] | -0.3233371558814222
-0.28618201176959635 | [-15.25  39.67] | -0.4726399716976461
-0.15116804719488605 | [-15.19  38.72] | -0.5641839895001448
-0.021182771014152023 | [-14.06  35.44] | -0.6010640146595894
0.0983676796559171 | [-12.81  32.21] | -0.6283331244626561
0.20784349975957517 | [-11.69  29.5 ] | -0.6543747791003712
0.3087862425849308 | [-10.72  27.23] | -0.6809626878473085
0.40200242779190665 | [-9.73 25.13] | -0.7227821184950098
0.4863505930876044 | [-8.53 22.97] | -0.7921228745597375
0.5597277651712621 | [-7.08 20.64] | -0.8884083258243287
0.6203532145686684 | [-5.46 18.21] | -0.5903291091081359
0.6139743780555673 | [ 3.02 -4.63] | -0.28973901438059957
0.577941330107117 | [ 4.08 -7.98] | -0.09262198652110334
0.5344000031985819 | [  4.76 -10.79] | 0.12036866066329117
0.4853257490818542 | [  5.31 -13.3 ] | 0.3200766584719786
0.4303766050514994 | [  5.96 -15.8 ] | 0.488923273831152
0.3673039317168284 | [  6.88 -18.5 ] | 0.6222247626006715
0.2926127249723431 | [  8.19 -21.58] | 0.7246659798281877
0.20233774969154036 | [  9.89 -25.05] | 0.8023835978196477
0.09346255621332236 | [ 11.76 -28.55] | 0.845657688715354
-0.03285083090785016 | [ 13.13 -30.82] | 0.8113870971670439
-0.16776178477307876 | [ 13.2  -30.02] | 0.6907124340833202
-0.29840366983974664 | [ 12.15 -26.72] | 0.5495396670080045
-0.4187230204707948 | [ 10.92 -23.36] | 0.41131321928740167
-0.5288842288613489 | [  9.81 -20.53] | 0.27862933052946126
-0.6303988319676511 | [  8.86 -18.16] | 0.15058338012462863
-0.7241956524903835 | [  7.91 -15.99] | 0.009250178284779316
-0.8092526655948239 | [  6.76 -13.73] | -0.16060029266865705
-0.8834881824151931 | [  5.36 -11.3 ] | -0.35847165860375324
-0.9450676667019726 | [ 3.79 -8.73] | -0.4893904508857586
-0.9489581850397262 | [-5.18 14.84] | -0.4149520175642404
-0.9102097873540931 | [-6.18 17.91] | -0.28626697007952134
-0.865043250624985 | [-6.82 20.41] | -0.14760079471285814
-0.8149702378224885 | [-7.37 22.67] | -0.03705844458306592
-0.7592266178384548 | [-8.05 25.  ] | 0.020460193267956492
-0.6952822487690489 | [-9.01 27.61] | 0.013844013292264923
-0.6194948834502406 | [-10.36  30.64] | -0.05670762076967312
-0.5278748757750278 | [-12.09  34.1 ] | -0.18099597218592683
-0.4175659399478713 | [-13.94  37.57] | -0.33698487659229814
-0.29020747687608645 | [-15.22  39.7 ] | -0.4878749157018171
-0.15517827467236694 | [-15.16  38.73] | -0.5790103037366774
-0.025190896799705147 | [-14.03  35.45] | -0.6145624719686611
0.09435958954751014 | [-12.78  32.22] | -0.6404458808232297
0.2038363056765526 | [-11.66  29.5 ] | -0.6651595224032877
0.30478037159892235 | [-10.69  27.24] | -0.6904682356549458
0.3979987610051726 | [-9.7  25.14] | -0.7310145472485492
0.48234947754119595 | [-8.5  22.98] | -0.7990658300578013
0.5557285110691895 | [-7.05 20.65] | -0.8940579358184515
0.6163544819007041 | [-5.43 18.22] | -0.5894229475874914
0.6100572983500374 | [ 3.05 -4.65] | -0.286809337673635
0.5741032160722598 | [ 4.11 -8.  ] | -0.0892107887076039
0.5306287207807187 | [  4.79 -10.8 ] | 0.12421288012878107
0.4816091774025387 | [  5.34 -13.31] | 0.3244386771135563
0.4267025290474399 | [  5.99 -15.81] | 0.4940131329558418
0.3636597051501705 | [  6.91 -18.51] | 0.6283525330904857
0.28898480202440224 | [  8.22 -21.59] | 0.7322052977823248
0.1987115916706967 | [  9.92 -25.06] | 0.8116753305978072
0.08982473452451302 | [ 11.79 -28.56] | 0.856726114416739
-0.036505413728753086 | [ 13.15 -30.82] | 0.8235040777888104
-0.17142361924467295 | [ 13.22 -30.02] | 0.7027018118865137
-0.3020624169400981 | [ 12.17 -26.71] | 0.5607548217319852
-0.42238041297422696 | [ 10.94 -23.35] | 0.42161543543396224
-0.5325436363570022 | [  9.83 -20.52] | 0.28801922704084026
-0.6340625044498216 | [  8.89 -18.15] | 0.15904405007518932
-0.7278631169566638 | [  7.93 -15.97] | 0.016728265525959816
-0.8129207294115933 | [  6.78 -13.72] | -0.15414457469082254
-0.8871526321085778 | [  5.38 -11.28] | -0.3530320067992743
-0.9487248494077934 | [ 3.82 -8.72] | -0.48578666699292034
-0.9526528011453409 | [-5.17 14.89] | -0.41370204703255875
-0.9139665536728729 | [-6.16 17.96] | -0.2861565379261974
-0.8688594428418729 | [-6.8  20.44] | -0.1488192097064024
-0.8188364759846023 | [-7.35 22.7 ] | -0.039851482028178724
-0.7631275639799698 | [-8.03 25.03] | 0.01580173684341825
-0.699198237380342 | [-8.99 27.64] | 0.006977462253050723
-0.623403354116706 | [-10.34  30.67] | -0.06616238693934608
-0.5317525354235261 | [-12.07  34.13] | -0.1933259205019851
-0.4213956424981387 | [-13.92  37.6 ] | -0.35196415169936823
-0.2939943436815806 | [-15.2   39.72] | -0.5041129550901925
-0.15895675847511637 | [-15.13  38.74] | -0.5944383507009428
-0.028989842604500646 | [-14.    35.45] | -0.6284518086991302
0.0905403140253774 | [-12.75  32.22] | -0.6528431055072492
0.20000255405830344 | [-11.62  29.51] | -0.6761325445461616
0.30093731215138864 | [-10.66  27.24] | -0.7001235077994189
0.39414528612774175 | [-9.67 25.15] | -0.7394282318897025
0.4784786657229487 | [-8.47 22.98] | -0.8062532691970906
0.5518319909911561 | [-7.02 20.65] | -0.8999994568000291
0.6124259683237034 | [-5.4  18.23] | -0.5876149002275272
0.6060946874999386 | [ 3.11 -4.7 ] | -0.28260091791488734
0.5701380143391046 | [ 4.15 -8.04] | -0.08425965541491746
0.5266823550126003 | [  4.83 -10.83] | 0.12960059896963289
0.4776845645006443 | [  5.37 -13.34] | 0.33014409487479485
0.422784796505564 | [  6.02 -15.84] | 0.5001470507499721
0.35972111018668745 | [  6.95 -18.55] | 0.635214420009789
0.2849898084762941 | [  8.26 -21.62] | 0.7402072303599628
0.19462309688152152 | [  9.96 -25.1 ] | 0.8211743763404721
0.08561860389588384 | [ 11.83 -28.59] | 0.8676124098151009
-0.040808804358614385 | [ 13.18 -30.83] | 0.8348143884923555
-0.17574584752575179 | [ 13.24 -30.  ] | 0.7135826381330155
-0.30633313408444324 | [ 12.18 -26.68] | 0.5709108645294045
-0.42659246638924986 | [ 10.96 -23.32] | 0.43091966066562615
-0.5367071437825229 | [  9.85 -20.49] | 0.29649544851222154
-0.6381887005465816 | [  8.9  -18.12] | 0.16660617019873775
-0.7319511201290867 | [  7.94 -15.95] | 0.023204508057532207
-0.8169573098349987 | [  6.79 -13.69] | -0.1488434045242075
-0.8911215127428863 | [  5.4  -11.25] | -0.34885407607666796
-0.9526143075067147 | [ 3.83 -8.68] | -0.4825300181567762
-0.9563604384792064 | [-5.2  15.03] | -0.4115566464861314
-0.9175388616031775 | [-6.17 18.06] | -0.28428049874694133
-0.8723743712317433 | [-6.8  20.52] | -0.1481827684717848
-0.8223200097479283 | [-7.34 22.78] | -0.04130737561357844
-0.7665605489166503 | [-8.02 25.1 ] | 0.01162346151224282
-0.7025311794164488 | [-8.99 27.7 ] | -0.00038167372669334343
-0.6265703426810036 | [-10.34  30.75] | -0.07703637380114262
-0.5346873211959401 | [-12.07  34.21] | -0.2078073916005306
-0.42406565132195473 | [-13.92  37.66] | -0.3694416678726749
-0.2964663960123058 | [-15.18  39.75] | -0.522521547424746
-0.16141062444038207 | [-15.08  38.71] | -0.6111245309214226
-0.03156869927083797 | [-13.95  35.41] | -0.6432124932270408
0.08782307400474512 | [-12.7   32.18] | -0.6660418842138434
0.19716694576662486 | [-11.58  29.48] | -0.6878104395727622
0.2980061496466454 | [-10.61  27.22] | -0.7105018008681068
0.39111478341835404 | [-9.62 25.13] | -0.7487647988905576
0.47532080167811763 | [-8.42 22.96] | -0.8146363192570528
0.548514502945198 | [-6.96 20.63] | -0.9073260473831972
0.6089274868075311 | [-5.34 18.2 ] | -0.583293002626265
0.6020333992890212 | [ 3.21 -4.9 ] | -0.2742485018301417
0.5656909273563527 | [ 4.23 -8.19] | -0.07394289131954238
0.52201619638566 | [  4.89 -10.96] | 0.1405484606483926
0.47287114502974475 | [  5.43 -13.45] | 0.34080301127735135
0.4178060554410076 | [  6.07 -15.94] | 0.5102467367797958
0.3544959504045642 | [  7.01 -18.65] | 0.6450279501390767
0.2794020968532092 | [  8.33 -21.74] | 0.7503123108637753
0.18855384995077643 | [ 10.04 -25.22] | 0.8319872311822711
0.0790104956423815 | [ 11.9  -28.69] | 0.8784385936540486
-0.04782533767182897 | [ 13.23 -30.86] | 0.8436703465670301
-0.18281693000713042 | [ 13.24 -29.92] | 0.7207641896055513
-0.3131561899125724 | [ 12.17 -26.57] | 0.5774131888537464
-0.4331263229733741 | [ 10.94 -23.23] | 0.43668649297443496
-0.5429876520169803 | [  9.84 -20.41] | 0.30166644263727516
-0.6442618297861662 | [  8.9  -18.05] | 0.17083776309211715
-0.7378134926957164 | [  7.94 -15.88] | 0.025887057482018326
-0.8225563488639546 | [  6.78 -13.61] | -0.14796543134130682
-0.8963946907472145 | [  5.37 -11.17] | -0.34953274707568166
-0.9575198774609273 | [ 3.8 -8.6] | -0.48164011399092127
-0.9601815426574349 | [-5.34 15.45] | -0.4071012844732251
-0.9204045943990661 | [-6.24 18.38] | -0.27652446441506595
-0.8746879965690142 | [-6.83 20.77] | -0.14120206615949693
-0.8242498414069335 | [-7.36 22.99] | -0.03829066903525288
-0.7680763874077906 | [-8.05 25.3 ] | 0.00877879325893724
-0.7034726830715204 | [-9.03 27.92] | -0.009941358209848719
-0.6267105291401915 | [-10.41  30.98] | -0.09341068862834487
-0.5338041354758954 | [-12.15  34.46] | -0.23027845156634852
-0.4220840371136239 | [-13.99  37.87] | -0.3958760330925186
-0.2937128928805064 | [-15.18  39.81] | -0.548281828763072
-0.15863212135704685 | [-15.    38.57] | -0.6316840182727355
-0.029328595704512288 | [-13.84  35.23] | -0.660586842693405
0.08946776925962178 | [-12.59  32.03] | -0.6817087095239784
0.19829094764917737 | [-11.48  29.35] | -0.7016894425792221
0.29869816457104365 | [-10.52  27.11] | -0.7232653374751862
0.3913568272016922 | [-9.52 25.02] | -0.7613400495643505
0.47500299346753283 | [-8.3  22.84] | -0.8273494050174134
0.5475150213852266 | [-6.84 20.5 ] | -0.9197235909089843
0.6071705689775739 | [-5.21 18.08] | -0.5699955938064719
0.597646716259928 | [ 3.51 -5.6 ] | -0.25024022018985587
0.5594421007074989 | [ 4.43 -8.74] | -0.04338487787296963
0.5146317215493427 | [  5.02 -11.39] | 0.1722755274184869
0.46467454255602925 | [  5.53 -13.82] | 0.36985313543663584
0.40875799741453556 | [  6.19 -16.3 ] | 0.5350674699455612
0.3443108750784026 | [  7.16 -19.03] | 0.6659255017504593
0.26766488264995575 | [  8.53 -22.15] | 0.7685492837178522
0.17485401550826374 | [ 10.27 -25.65] | 0.8481051669805768
0.06320661332178965 | [ 12.11 -29.05] | 0.8892166988934584
-0.06512522883114119 | [ 13.32 -30.95] | 0.8434847218497126
-0.20019977428633656 | [ 13.17 -29.62] | 0.7147270435326897
-0.3295202011386066 | [ 12.05 -26.18] | 0.5707815419270099
-0.4483416699840445 | [ 10.83 -22.89] | 0.4296350672123125
-0.5571910790767067 | [  9.75 -20.12] | 0.29477825801116614
-0.6576235082494859 | [  8.81 -17.8 ] | 0.1626938536862118
-0.7503057880879952 | [  7.84 -15.63] | 0.014317887517056056
-0.8339743718623437 | [  6.65 -13.35] | -0.16368777413041075
-0.9065078752441179 | [  5.23 -10.88] | -0.3683198088129992
-0.9661837464059656 | [ 3.64 -8.3 ] | -0.4689966126311
-0.9567717163325427 | [-5.17 15.1 ] | -0.3971929471568987
-0.9186613733343292 | [-6.13 18.1 ] | -0.2745736405553665
-0.8739215231392319 | [-6.77 20.59] | -0.1435407036948022
-0.8240191947361702 | [-7.33 22.87] | -0.04194246629779235
-0.7681487859524291 | [-8.03 25.22] | 0.005397000024425891
-0.7037435017320847 | [-9.02 27.86] | -0.012563687902800255
-0.6271369163086213 | [-10.4   30.94] | -0.09541646542237052
-0.5343623703916259 | [-12.14  34.43] | -0.23204926104202314
-0.42274433259756383 | [-13.98  37.85] | -0.3976941239910259
-0.29442761905262843 | [-15.18  39.8 ] | -0.5501051815734335
-0.15934962784592446 | [-15.    38.57] | -0.6333332820305366
-0.030012548629940836 | [-13.84  35.23] | -0.6619342650732388
0.08882916068272029 | [-12.59  32.03] | -0.6827538058283946
0.19769841614656253 | [-11.48  29.35] | -0.7024824058661917
0.2981490305972673 | [-10.52  27.11] | -0.7238488292060236
0.3908496119272144 | [-9.52 25.02] | -0.7617405009913635
0.474538007401143 | [-8.3  22.84] | -0.8275971786700655
0.5470926343261076 | [-6.84 20.51] | -0.9198607167887878
0.6067897895426226 | [-5.21 18.08] | -0.5681498195145529
0.5975034292986305 | [ 3.52 -5.61] | -0.24884061791585096
0.5594974934117652 | [ 4.43 -8.75] | -0.042642260113307115
0.5148346302807275 | [  5.02 -11.4 ] | 0.1725501985594221
0.46499208295402794 | [  5.54 -13.83] | 0.36979248871725134
0.40917305761104716 | [  6.2  -16.31] | 0.5347180134452504
0.3448163771620333 | [  7.16 -19.03] | 0.665262390523617
0.26825806000665736 | [  8.53 -22.15] | 0.7675138395508272
0.17553063990084244 | [ 10.27 -25.65] | 0.8466829329540008
0.06395313072022211 | [ 12.11 -29.05] | 0.887580583362714
-0.06434096030365159 | [ 13.32 -30.95] | 0.8420159393204701
-0.199422504115103 | [ 13.17 -29.63] | 0.7136233699611801
-0.32878187794325525 | [ 12.05 -26.18] | 0.5700073289182344
-0.44765008368596276 | [ 10.83 -22.89] | 0.42912167792195194
-0.5565447487469358 | [  9.75 -20.13] | 0.2944572784435731
-0.6570182540622131 | [  8.81 -17.8 ] | 0.16254949038127334
-0.7497420227083481 | [  7.84 -15.63] | 0.014350341667134316
-0.833456165879636 | [  6.65 -13.35] | -0.16350519677504757
-0.9060389902573438 | [  5.23 -10.88] | -0.36804255004318576
-0.9657651742023912 | [ 3.64 -8.3 ] | -0.465809519023541
-0.9566339569015168 | [-5.17 15.1 ] | -0.39473274196703556
-0.9187538757884566 | [-6.13 18.1 ] | -0.2730372594250989
-0.8741816853509777 | [-6.77 20.59] | -0.1425792386546468
-0.8244090037507591 | [-7.33 22.87] | -0.04129262709979557
-0.7686514907498219 | [-8.03 25.22] | 0.005860413766001507
-0.704356010439012 | [-9.02 27.86] | -0.012284296848399226
-0.6278622493650995 | [-10.39  30.94] | -0.09540735916964879
-0.535201781265777 | [-12.14  34.42] | -0.2324367726237365
-0.4236853517702667 | [-13.97  37.85] | -0.39854936701173665
-0.29542778411876 | [-15.17  39.8 ] | -0.5513628089960766
-0.1603426202443995 | [-15.    38.58] | -0.6347622158453523
-0.030950667024714135 | [-13.84  35.24] | -0.6631972940257138
0.08795543881443127 | [-12.59  32.04] | -0.6837721223462636
0.1968856252013744 | [-11.48  29.36] | -0.7033009858207998
0.2973905439370189 | [-10.53  27.12] | -0.7244587375623089
0.3901463755032422 | [-9.52 25.03] | -0.7621099200154864
0.47389711763086173 | [-8.31 22.85] | -0.8277345451033854
0.5465211289622522 | [-6.84 20.51] | -0.9198275444024032
0.6062906001599097 | [-5.21 18.08] | -0.5667479271030268
0.5973674315631906 | [ 3.51 -5.59] | -0.24826459464836392
0.5596514488775812 | [ 4.43 -8.73] | -0.04300231579041263
0.5151941511872483 | [  5.02 -11.39] | 0.1716777498728211
0.46550912124055654 | [  5.54 -13.82] | 0.36870717517506396
0.4098311476876143 | [  6.19 -16.3 ] | 0.5335374297490263
0.34561958718480346 | [  7.16 -19.02] | 0.6639566780579289
0.26922005709138686 | [  8.52 -22.14] | 0.7659822020292204
0.17666291436817125 | [ 10.26 -25.63] | 0.8449031547089819
0.06524548333862683 | [ 12.1  -29.04] | 0.8858745499222107
-0.06294972296128423 | [ 13.32 -30.95] | 0.84097586357699
-0.19803841808214415 | [ 13.18 -29.65] | 0.7131859523577321
-0.3274818262836304 | [ 12.05 -26.2 ] | 0.5699131439859372
-0.44644678655046927 | [ 10.84 -22.91] | 0.42928673805338535
-0.555431050489363 | [  9.75 -20.14] | 0.29478498560118005
-0.6559829876080927 | [  8.82 -17.82] | 0.16308352277650837
-0.7487871282641034 | [  7.84 -15.64] | 0.0151755781599625
-0.832594379169706 | [  6.66 -13.36] | -0.16239293523042495
-0.9052834704537892 | [  5.24 -10.89] | -0.3667495443414797
-0.9651225049251453 | [ 3.65 -8.32] | -0.46199934414525023
-0.9565040224950682 | [-5.15 15.05] | -0.3925132257279551
-0.9190218873448236 | [-6.12 18.06] | -0.2724422614725189
-0.8747235076568334 | [-6.76 20.56] | -0.14269690700604193
-0.8251583578453959 | [-7.33 22.84] | -0.04141610393655131
-0.7695926951065689 | [-8.02 25.19] | 0.006101239487259644
-0.7055066353176438 | [-9.01 27.83] | -0.011602091576732712
-0.6292559602921456 | [-10.38  30.91] | -0.09442173208029339
-0.5368694025458324 | [-12.12  34.39] | -0.23143911458251068
-0.42562142576723394 | [-13.95  37.82] | -0.3979037748318076
-0.2975370043797159 | [-15.16  39.8 ] | -0.5514731392409973
-0.16244550533070928 | [-15.01  38.61] | -0.6357106822736629
-0.03291581565904614 | [-13.85  35.28] | -0.6641895075380282
0.08614682728399606 | [-12.61  32.07] | -0.6845123523975504
0.19521955671695165 | [-11.49  29.39] | -0.7038616732102817
0.2958473783749082 | [-10.53  27.14] | -0.7247454194364786
0.3887298239088433 | [-9.54 25.05] | -0.7619615217397
0.4726303778144974 | [-8.32 22.87] | -0.8271153390937043
0.5454287863217055 | [-6.86 20.54] | -0.918871100036615
0.6053861127713497 | [-5.23 18.11] | -0.56688264629646
0.5972510611742124 | [ 3.47 -5.48] | -0.2505415666894879
0.5601321278682299 | [ 4.41 -8.65] | -0.047159710467570025
0.5160743376149884 | [  5.01 -11.32] | 0.1668612841128841
0.4666886524592232 | [  5.52 -13.76] | 0.36411104331932914
0.4112957808067221 | [  6.18 -16.24] | 0.5295343094601654
0.3474121144520465 | [  7.13 -18.96] | 0.6605103483036532
0.2714116360976381 | [  8.49 -22.07] | 0.7628547503733825
0.17932090530030087 | [ 10.22 -25.56] | 0.8420436312622641
0.0683743157676027 | [ 12.06 -28.98] | 0.8840978896426985
-0.059507470936518626 | [ 13.3  -30.94] | 0.8415911095279991
-0.19459866765730593 | [ 13.2  -29.71] | 0.715220973109545
-0.32427913879967735 | [ 12.08 -26.28] | 0.5723080657243956
-0.4435120361611155 | [ 10.86 -22.97] | 0.43190867456572946
-0.552737600483466 | [  9.77 -20.19] | 0.29744302723464067
-0.6534952376461787 | [  8.84 -17.86] | 0.16602716120922562
-0.7465117956162344 | [  7.87 -15.69] | 0.018789525742459928
-0.8305740933317268 | [  6.69 -13.41] | -0.15802600824304258
-0.9035642582692137 | [  5.27 -10.95] | -0.3619052334725255
-0.963730867579652 | [ 3.69 -8.37] | -0.45628597381979197
-0.9564137109946664 | [-5.06 14.81] | -0.39129062165023265
-0.9199019124053235 | [-6.06 17.89] | -0.27524602252590463
-0.8762393414332494 | [-6.73 20.43] | -0.14670041148021706
-0.8271453842022559 | [-7.3  22.73] | -0.044362212861705795
-0.7720383954962076 | [-7.99 25.08] | 0.005458158793312504
-0.7085006120933777 | [-8.96 27.71] | -0.009580358567850791
-0.6329398221084138 | [-10.31  30.77] | -0.09003080899536753
-0.5413800879539702 | [-12.04  34.24] | -0.2255272633108686
-0.43098474183838154 | [-13.89  37.69] | -0.39185517990421126
-0.3034833262524642 | [-15.14  39.77] | -0.5473378595314482
-0.16840419662017672 | [-15.04  38.72] | -0.63478714083764
-0.03845315683561615 | [-13.9   35.42] | -0.664123823036174
0.08108723320364161 | [-12.65  32.19] | -0.6841921984403232
0.19058780166584002 | [-11.53  29.48] | -0.7034504704053987
0.2915774992945254 | [-10.57  27.22] | -0.7238616770251104
0.38483305624748493 | [-9.58 25.13] | -0.7599847032879135
0.46918545769106224 | [-8.38 22.96] | -0.8238379755181079
0.5425223496341313 | [-6.92 20.63] | -0.914664258882492
0.6030698098073674 | [-5.3  18.21] | -0.5724980282656175
0.5972057997093414 | [ 3.29 -5.02] | -0.2626570815864344
0.5617718141205731 | [ 4.3  -8.29] | -0.06453797010750223
0.5188056152286444 | [  4.95 -11.04] | 0.1481490964141383
0.47022027108757625 | [  5.47 -13.52] | 0.3470301564789473
0.41561406170661813 | [  6.12 -16.01] | 0.5154298150481904
0.35269284214345714 | [  7.05 -18.72] | 0.6493829112830056
0.27792969406035717 | [  8.37 -21.8 ] | 0.7540028323081371
0.1873480215345069 | [ 10.08 -25.27] | 0.8352573580545117
0.07798584111953925 | [ 11.93 -28.73] | 0.8817832272425766
-0.048779046783770784 | [ 13.25 -30.88] | 0.8477666804961077
-0.18380231743926476 | [ 13.26 -29.92] | 0.7260188754387463
-0.31424633657152423 | [ 12.18 -26.56] | 0.5835630462829974
-0.43435862197007813 | [ 10.95 -23.2 ] | 0.44328459223830574
-0.5443712033932653 | [  9.85 -20.39] | 0.30840264486632646
-0.6457908610377172 | [  8.91 -18.03] | 0.17748126298406147
-0.7394852275026773 | [  7.95 -15.85] | 0.032217271752651634
-0.8243712147991276 | [  6.79 -13.59] | -0.14216677162271382
-0.8983499874160636 | [  5.39 -11.14] | -0.34444392472112034
-0.959606878218654 | [ 3.82 -8.57] | -0.3087636644149829
-0.9678954904707645 | [-4.72 14.11] | -0.488214267295273
-0.9259699914614372 | [-5.81 17.31] | -0.3499487671525926
-0.8782810818343252 | [-6.54 19.94] | -0.20262714630073428
-0.8262211430723274 | [-7.15 22.3 ] | -0.08412843677190626
-0.7689261714070132 | [-7.85 24.68] | -0.01936772618320695
-0.703800945425355 | [-8.83 27.31] | -0.019454293382146506
-0.6271727979783241 | [-10.19  30.37] | -0.08418660331781816
-0.5350484879028256 | [-11.92  33.85] | -0.2035762003129635
-0.42456356776048276 | [-13.8   37.38] | -0.35628491780131955
-0.29726679629192637 | [-15.12  39.63] | -0.5063393405140811
-0.16234072282119308 | [-15.11  38.81] | -0.5989175894005702
-0.03245580547665354 | [-14.01  35.6 ] | -0.6351976712743739
0.08690779385413892 | [-12.76  32.36] | -0.6607600550671818
0.1961429936475366 | [-11.63  29.64] | -0.6847792385207712
0.296827525685514 | [-10.66  27.37] | -0.7088534549888974
0.38979095825468607 | [-9.67 25.28] | -0.7474086340912093
0.4739155932051591 | [-8.48 23.11] | -0.812753408268294
0.5471153598748778 | [-7.04 20.79] | -0.9046178028577118
0.6076140357665104 | [-5.42 18.36] | -0.7632706913704768
0.5944290367022821 | [ 3.5  -5.43] | -0.24262297165605073
0.5594021180509661 | [ 4.45 -8.63] | -0.04590116609393809
0.5168310506222601 | [  5.04 -11.28] | 0.1646887604638274
0.46858446390975167 | [  5.53 -13.7 ] | 0.36090522442257084
0.4142189428314268 | [  6.16 -16.14] | 0.5265098701184479
0.3514175847492135 | [  7.08 -18.82] | 0.6579175969975047
0.2766501284640966 | [  8.4  -21.89] | 0.7604660790854679
0.18595541474478067 | [ 10.11 -25.35] | 0.840110179461424
0.07641703129407541 | [ 11.96 -28.79] | 0.8851008680923558
-0.05048860927798022 | [ 13.26 -30.91] | 0.8492932306587424
-0.18551193226749874 | [ 13.25 -29.89] | 0.726634448219043
-0.3158354453186323 | [ 12.16 -26.51] | 0.5840449739598528
-0.435814802945598 | [ 10.94 -23.17] | 0.4436468777082183
-0.545712103958612 | [  9.84 -20.36] | 0.30869645921725525
-0.6470369509045546 | [  8.9 -18. ] | 0.17757062900506404
-0.7406393308258981 | [  7.94 -15.83] | 0.0318657732741751
-0.8254177118965357 | [  6.77 -13.56] | -0.14305316808928725
-0.8992683826997168 | [  5.37 -11.11] | -0.3457544104779506
-0.9603833461563667 | [ 3.8  -8.54] | -0.39130005554227193
-0.9610114201294484 | [-4.77 14.14] | -0.42643572953147446
-0.9238669144044444 | [-5.87 17.36] | -0.3084243156066525
-0.8795660560693047 | [-6.6 20. ] | -0.17463329385183723
-0.8299756422996871 | [-7.19 22.35] | -0.06433078304368851
-0.7746506786438544 | [-7.88 24.72] | -0.004900638337433982
-0.711271663178614 | [-8.83 27.34] | -0.009607528820631622
-0.6363041735853322 | [-10.16  30.38] | -0.07973989196470066
-0.5457691087680483 | [-11.87  33.84] | -0.20594938143851624
-0.43666345854759975 | [-13.73  37.35] | -0.36608573759731255
-0.31019856247474176 | [-15.08  39.65] | -0.5219076901931016
-0.17526157720767932 | [-15.12  38.92] | -0.6165682771463614
-0.04469444077911688 | [-14.03  35.71] | -0.65046884657373
0.07552597083203685 | [-12.78  32.45] | -0.6725735136423957
0.18559122476918594 | [-11.64  29.71] | -0.6938201209563111
0.28701982203128873 | [-10.67  27.42] | -0.7152106053919044
0.3807312237894851 | [-9.69 25.32] | -0.7507815692559254
0.46569166447309457 | [-8.5  23.17] | -0.8132871878366934
0.5398169228736636 | [-7.07 20.85] | -0.9030942789607541
0.6012779634118006 | [-5.46 18.43] | -0.669086033941095
0.6046426098220895 | [ 3.46 -5.42] | -0.27243247246771984
0.565351233580393 | [ 4.4  -8.62] | -0.062319393566846404
0.5198136308962509 | [  4.99 -11.26] | 0.156691336580844
0.4694639968179452 | [  5.49 -13.68] | 0.3574090489083839
0.41347163551148797 | [  6.13 -16.13] | 0.525430155940669
0.3492630011788331 | [  7.07 -18.83] | 0.6586461361805888
0.27317461587427233 | [  8.41 -21.92] | 0.7631617163015728
0.1812188365536805 | [ 10.14 -25.4 ] | 0.8446458494282314
0.0705804248177817 | [ 11.99 -28.84] | 0.8894499805151682
-0.05699629333894216 | [ 13.27 -30.91] | 0.8496176621028019
-0.19202844034950456 | [ 13.22 -29.81] | 0.7226617477575767
-0.3218506324286588 | [ 12.12 -26.42] | 0.5775621897729756
-0.4412076135244694 | [ 10.9  -23.09] | 0.43554089381583233
-0.5505065464021606 | [  9.8 -20.3] | 0.29976604440380195
-0.6512972146781756 | [  8.87 -17.96] | 0.16782490395269234
-0.7443595833370938 | [  7.9  -15.78] | 0.02101085325668343
-0.828527167998307 | [  6.73 -13.51] | -0.1548696486457257
-0.9016933528968468 | [  5.32 -11.05] | -0.35786913391541025
-0.962089805883617 | [ 3.74 -8.48] | -0.4786737568836365
-0.95480358337013 | [-4.85 14.25] | -0.41479137499113955
-0.9180815857685389 | [-5.93 17.44] | -0.29770972868102386
-0.8740855688539695 | [-6.65 20.07] | -0.1650798658985081
-0.8246786284699987 | [-7.24 22.42] | -0.05600342090179467
-0.7694124909869088 | [-7.93 24.79] | 0.0023519170851309668
-0.7059648060235627 | [-8.89 27.41] | -0.0030629771730440736
-0.6308012660211847 | [-10.22  30.45] | -0.0733363035889203
-0.539955407690631 | [-11.94  33.92] | -0.1989529545013365
-0.43047895232509975 | [-13.8   37.42] | -0.3577707500559705
-0.30372966258178297 | [-15.13  39.67] | -0.5119195046752691
-0.1687709586489886 | [-15.13  38.86] | -0.6052702957618187
-0.03841177403778805 | [-14.03  35.63] | -0.6395973827174679
0.08156973927998878 | [-12.78  32.37] | -0.6628676364316487
0.19142600850604083 | [-11.64  29.64] | -0.68516758749947
0.2926839346010158 | [-10.67  27.36] | -0.7077661604615759
0.3862220615470057 | [-9.69 25.27] | -0.7449116739615621
0.4709676098690316 | [-8.5 23.1] | -0.8091859358446701
0.5448296318812968 | [-7.06 20.78] | -0.9006349363890163
0.6059963125374502 | [-5.45 18.36] | -0.6640062206319959
0.6085032801632269 | [ 3.55 -5.74] | -0.26459684093399566
0.5684499164526868 | [ 4.44 -8.87] | -0.05274881662683405
0.5224637625071931 | [  5.   -11.46] | 0.16560284549681464
0.47179961791419517 | [  5.49 -13.85] | 0.3638582359571855
0.41547509478169264 | [  6.14 -16.29] | 0.5284304589418528
0.35081720781355014 | [  7.1  -18.99] | 0.6578374606354466
0.2741116403869775 | [  8.46 -22.09] | 0.7584812515832465
0.18137427817607732 | [ 10.19 -25.57] | 0.8358138545255693
0.06990014198010769 | [ 12.04 -28.99] | 0.875242668416681
-0.058264792421548174 | [ 13.28 -30.94] | 0.829244754774876
-0.1933195618488056 | [ 13.16 -29.68] | 0.700522785092029
-0.32273212038346694 | [ 12.04 -26.26] | 0.5568047169559786
-0.441633203860984 | [ 10.82 -22.96] | 0.41631323337923404
-0.5505323902973234 | [  9.73 -20.19] | 0.28223334765893376
-0.6509909577446301 | [  8.8  -17.86] | 0.1513474266490664
-0.7437086743920953 | [  7.82 -15.69] | 0.004701314213953586
-0.8274491459877034 | [  6.64 -13.41] | -0.17130616319651318
-0.9000963137907131 | [  5.22 -10.95] | -0.3740233030810189
-0.9599165093919134 | [ 3.64 -8.38] | -0.4823944460455386
-0.9505973885981204 | [-5.09 14.77] | -0.4084607963064107
-0.912421750134898 | [-6.09 17.84] | -0.28410257250285065
-0.867533117591811 | [-6.76 20.38] | -0.14944656249178262
-0.8174893177108215 | [-7.33 22.68] | -0.042544850019205716
-0.7615648096927059 | [-8.03 25.04] | 0.011366032788527575
-0.697248164708562 | [-9.01 27.68] | 0.0009359965962864314
-0.6209048677172784 | [-10.38  30.75] | -0.07366611899825236
-0.5285695184468175 | [-12.12  34.23] | -0.2019082333429984
-0.4174922753450302 | [-13.97  37.69] | -0.36075645960849057
-0.2895920434889086 | [-15.21  39.73] | -0.5113758972684066
-0.15454921653612574 | [-15.09  38.64] | -0.5987291521737108
-0.024960261725534866 | [-13.95  35.33] | -0.6316306986817174
0.0941429984731297 | [-12.7   32.11] | -0.655902497673623
0.20322405037900182 | [-11.58  29.42] | -0.6789433168417927
0.30383764507231154 | [-10.62  27.17] | -0.703051562513085
0.3967141686716916 | [-9.62 25.08] | -0.7430474750459899
0.4806442277054602 | [-8.41 22.9 ] | -0.8107521040543736
0.5535152429086749 | [-6.96 20.57] | -0.9050419555590399
0.6135797281194855 | [-5.33 18.14] | -0.5835448997993152
0.6051706119914599 | [ 3.27 -5.1 ] | -0.27213736367883545
0.5676597061013731 | [ 4.26 -8.35] | -0.06860712208540105
0.523193907274654 | [  4.9  -11.08] | 0.1468796678644194
0.47345854004414 | [  5.43 -13.56] | 0.3463436614999583
0.4178418063656958 | [  6.08 -16.04] | 0.5140565423325552
0.3539087995814014 | [  7.03 -18.76] | 0.646877995579799
0.2780645064694162 | [  8.37 -21.86] | 0.7503418715773681
0.18634108305541722 | [ 10.1  -25.35] | 0.8300849515248937
0.07590605411567275 | [ 11.95 -28.81] | 0.873216643367622
-0.05154640146177854 | [ 13.24 -30.89] | 0.8331737325796756
-0.18657190442243188 | [ 13.2  -29.81] | 0.7075485598823023
-0.316476609876952 | [ 12.1  -26.43] | 0.5641742500663696
-0.43593697921867347 | [ 10.88 -23.11] | 0.4237667256568578
-0.545335122791706 | [  9.78 -20.31] | 0.28942057659407494
-0.6462147102834235 | [  8.84 -17.97] | 0.15884768903881705
-0.7393655134898444 | [  7.88 -15.8 ] | 0.013423612597710435
-0.8236307019382922 | [  6.71 -13.53] | -0.16109694680197123
-0.8969046355673479 | [  5.3  -11.07] | -0.3628606525470079
-0.957413527647233 | [ 3.72 -8.5 ] | -0.4753436708529413
-0.9506577426325025 | [-4.87 14.2 ] | -0.41059848564919843
-0.914360764707587 | [-5.95 17.41] | -0.29425227795157094
-0.870665125724443 | [-6.67 20.04] | -0.16154538741593016
-0.8214857113617745 | [-7.26 22.39] | -0.05162344391408768
-0.7664228917481128 | [-7.95 24.76] | 0.008138010787090214
-0.7031874718414607 | [-8.91 27.38] | 0.004498423680071806
-0.6282618924323703 | [-10.24  30.42] | -0.06377352914826728
-0.5376788744284839 | [-11.95  33.88] | -0.1873328693279261
-0.4284603988750075 | [-13.81  37.38] | -0.3444248664901795
-0.3018861364929086 | [-15.15  39.65] | -0.4980279857951103
-0.1669381117441029 | [-15.16  38.87] | -0.592490316546919
-0.03645364579515287 | [-14.07  35.65] | -0.6280538838424753
0.08368010223706775 | [-12.81  32.39] | -0.6523210096950174
0.19367800678216548 | [-11.68  29.65] | -0.6756422307799498
0.29505861686047735 | [-10.71  27.36] | -0.6991604912909031
0.38871991641287434 | [-9.73 25.27] | -0.7370885998775885
0.4736085115066727 | [-8.54 23.11] | -0.8021402727906832
0.5476361656259344 | [-7.11 20.79] | -0.894503945302608
0.608981385433184 | [-5.49 18.37] | -0.6617880819993692
0.6121682276602891 | [ 3.48 -5.65] | -0.26741186756510127
0.5727903635997983 | [ 4.4 -8.8] | -0.05850294670142936
0.5272548210474092 | [  4.96 -11.41] | 0.15824955157213688
0.4769254707146805 | [  5.46 -13.8 ] | 0.3556902635204781
0.4209111681852231 | [  6.1  -16.24] | 0.5195686951794335
0.356597694498132 | [  7.05 -18.94] | 0.6478842745235689
0.28029919370556633 | [  8.4  -22.03] | 0.7467780246140744
0.1880275434606565 | [ 10.13 -25.5 ] | 0.8219526960159494
0.07701638316013648 | [ 11.98 -28.93] | 0.8600886361854114
-0.050843687286648204 | [ 13.24 -30.93] | 0.8151354710686576
-0.18590237128214582 | [ 13.15 -29.74] | 0.688216669620839
-0.3155496882742534 | [ 12.04 -26.33] | 0.5460508220676549
-0.4347178405724196 | [ 10.82 -23.02] | 0.407035768620695
-0.5438589151220773 | [  9.72 -20.24] | 0.27419013310252277
-0.6445247186372409 | [  8.79 -17.91] | 0.14471976008152718
-0.7374556900246514 | [  7.82 -15.74] | -0.00016881379020195625
-0.8214500864751746 | [  6.64 -13.47] | -0.17435566104409905
-0.8943949873568744 | [  5.22 -11.01] | -0.3755445805045824
-0.9545377113559242 | [ 3.64 -8.44] | -0.47702653569957354
-0.9465388645929382 | [-5.03 14.54] | -0.40522314451488817
-0.9093581284281927 | [-6.07 17.67] | -0.2840563358914652
-0.8651273036598959 | [-6.76 20.24] | -0.1498256923659101
-0.815571508196839 | [-7.33 22.57] | -0.04104739339864173
-0.760114825356729 | [-8.03 24.93] | 0.016147090374679665
-0.6963461683375323 | [-9.   27.56] | 0.009630711694187125
-0.6206820092438293 | [-10.35  30.61] | -0.06099930545309638
-0.5291528321148584 | [-12.08  34.09] | -0.185751148697198
-0.418903072129237 | [-13.93  37.56] | -0.3423855675424131
-0.29157010400732947 | [-15.21  39.7 ] | -0.49351637122700487
-0.1565441821197624 | [-15.15  38.73] | -0.5842042154193218
-0.026545710862047427 | [-14.02  35.45] | -0.6190871895353278
0.09302599464984372 | [-12.77  32.22] | -0.6443458222248951
0.20252793085598614 | [-11.65  29.5 ] | -0.6684919274907508
0.3034981717306731 | [-10.68  27.24] | -0.6933106101519406
0.3967407422634673 | [-9.69 25.14] | -0.7334293378562283
0.48111182996893953 | [-8.49 22.97] | -0.8010907818568054
0.5545069702502938 | [-7.04 20.65] | -0.8957148210739543
0.6151451603120209 | [-5.42 18.22] | -0.5871540842586193
0.6089849565563366 | [ 3.07 -4.68] | -0.2841484178055866
0.5731595258929828 | [ 4.13 -8.03] | -0.08679552011723746
0.5297916457678479 | [  4.81 -10.82] | 0.12634705889993686
0.4808583122736789 | [  5.35 -13.33] | 0.3262933248358978
0.42601900135845533 | [  6.   -15.83] | 0.49561895845338333
0.3630252455459812 | [  6.92 -18.53] | 0.6297595514675922
0.2883805594917274 | [  8.23 -21.61] | 0.7334760061692384
0.19811746198757707 | [  9.93 -25.08] | 0.8128748277278668
0.08922150271496185 | [ 11.8  -28.57] | 0.8578876931315788
-0.03712725077359876 | [ 13.16 -30.83] | 0.8246128615495524
-0.1720552694154828 | [ 13.23 -30.01] | 0.7038826313323295
-0.3026932833367673 | [ 12.17 -26.7 ] | 0.5620613815623522
-0.42301379465178074 | [ 10.94 -23.34] | 0.42296829965840815
-0.5331839774346457 | [  9.83 -20.51] | 0.2893744133358615
-0.6347123962218665 | [  8.89 -18.14] | 0.1603356186868039
-0.7285219160019576 | [  7.93 -15.96] | 0.01787076655573397
-0.8135845571991251 | [  6.78 -13.71] | -0.15321014233640792
-0.887816247503103 | [  5.38 -11.27] | -0.3523195720159835
-0.9493835030940447 | [ 3.82 -8.71] | -0.4829362008467763
-0.953383042001116 | [-5.19 14.95] | -0.41052966803570856
-0.9148031497209754 | [-6.18 18.01] | -0.28358752973283646
-0.8697923804221256 | [-6.81 20.48] | -0.14705198245215684
-0.8198492475315148 | [-7.35 22.74] | -0.03907257667944564
-0.764197784855626 | [-8.03 25.06] | 0.015432898643715748
-0.7002990895830791 | [-9.   27.67] | 0.005315329336659541
-0.6245047784562409 | [-10.35  30.7 ] | -0.06925253127722235
-0.5328234074144539 | [-12.07  34.17] | -0.19790301967180807
-0.4224119485528886 | [-13.92  37.62] | -0.3578040436246145
-0.29495927062198346 | [-15.19  39.73] | -0.5104148747245824
-0.1599103633992853 | [-15.11  38.73] | -0.6001500276542084
-0.02996582843330379 | [-13.98  35.44] | -0.6334178689399882
0.0895432588373405 | [-12.73  32.2 ] | -0.6571915062277793
0.19899196840910477 | [-11.61  29.5 ] | -0.6799031296650184
0.2999194454166078 | [-10.65  27.23] | -0.7034090974014781
0.3931186501756063 | [-9.65 25.14] | -0.7423324709659367
0.4774346275018649 | [-8.45 22.97] | -0.8088312935532268
0.5507600291907703 | [-7.   20.64] | -0.9022479010857686
0.6113179939688596 | [-5.38 18.22] | -0.5843183003869004
0.6049757295086904 | [ 3.15 -4.79] | -0.27840805568066257
0.5690440686841801 | [ 4.18 -8.11] | -0.07997946466014842
0.5256339962613144 | [  4.85 -10.89] | 0.13361087984861975
0.47668067530892555 | [  5.39 -13.39] | 0.33363060779221887
0.4218034896851054 | [  6.04 -15.88] | 0.5030148158176813
0.35872539604311765 | [  6.97 -18.59] | 0.6374981364044994
0.2839333760401535 | [  8.28 -21.67] | 0.7420150534558639
0.19345759961938852 | [  9.99 -25.14] | 0.8225890723807623
0.08431150670872864 | [ 11.85 -28.63] | 0.8684974704328443
-0.04223479713431988 | [ 13.2  -30.85] | 0.834866778712502
-0.1771954281597028 | [ 13.24 -29.97] | 0.7133405491960035
-0.3077212315013154 | [ 12.17 -26.64] | 0.570860421099603
-0.4279116883678282 | [ 10.95 -23.29] | 0.4309945093312571
-0.5379704311603921 | [  9.84 -20.46] | 0.29668041952186286
-0.6394098490213602 | [  8.9 -18.1] | 0.16674670292204266
-0.7331287864945516 | [  7.94 -15.92] | 0.023066501586013866
-0.8180748990648509 | [  6.78 -13.66] | -0.14938029608824507
-0.8921586242299255 | [  5.38 -11.22] | -0.3497464455883267
-0.9535561023496208 | [ 3.82 -8.65] | -0.4800811004168235
-0.9571023669539749 | [-5.26 15.19] | -0.40720129230663066
-0.9181446498894411 | [-6.2  18.18] | -0.2794642275156498
-0.8729338002134446 | [-6.82 20.62] | -0.14408434794770036
-0.8228594689348244 | [-7.35 22.86] | -0.03886648962250995
-0.7670518694610357 | [-8.03 25.17] | 0.0118299681734884
-0.7029096436568962 | [-9.01 27.79] | -0.0026949345202459396
-0.6267514539902422 | [-10.37  30.83] | -0.0819426830914571
-0.5345864524711873 | [-12.1  34.3] | -0.21511636538345832
-0.4236405764101286 | [-13.94  37.74] | -0.3784343923199898
-0.29579935595317874 | [-15.18  39.77] | -0.5315330623838372
-0.1607237700056231 | [-15.06  38.66] | -0.618397202659591
-0.03103528227281943 | [-13.91  35.35] | -0.6492706295628209
0.08818903712764295 | [-12.66  32.13] | -0.6713958233974211
0.19739077934217453 | [-11.54  29.44] | -0.6924658140880319
0.2981158399619342 | [-10.58  27.18] | -0.7146989959143124
0.3911048879830915 | [-9.59 25.09] | -0.752832885842756
0.4751561393971906 | [-8.38 22.92] | -0.8187177422827006
0.5481549009684782 | [-6.92 20.59] | -0.9113109550285764
0.6083463571700349 | [-5.3  18.16] | -0.5768045486802433
0.600787567081335 | [ 3.32 -5.15] | -0.2647789283763264
0.564001443027974 | [ 4.3  -8.39] | -0.06291389453740591
0.5200827925019081 | [  4.94 -11.12] | 0.15148543590658295
0.4707750185019957 | [  5.46 -13.59] | 0.35041638404888853
0.4155185948481529 | [  6.11 -16.07] | 0.5179910546216668
0.3519123699697355 | [  7.06 -18.79] | 0.6509226654292162
0.27637576575514566 | [  8.4  -21.88] | 0.7546785242644012
0.1849362242420437 | [ 10.12 -25.37] | 0.8349710129200827
0.0747326401933487 | [ 11.97 -28.82] | 0.8791487759618174
-0.05259580061143894 | [ 13.26 -30.9 ] | 0.8406005191011763
-0.18763995523139387 | [ 13.22 -29.83] | 0.7159739921158272
-0.3176703399309356 | [ 12.12 -26.44] | 0.5728806640655479
-0.43728843946738205 | [ 10.9  -23.11] | 0.4324169224532138
-0.5468431510373094 | [  9.8  -20.31] | 0.29778714491853264
-0.6478665330429904 | [  8.87 -17.97] | 0.16685585952182416
-0.7411606794426651 | [  7.9  -15.79] | 0.021035868994091485
-0.8255799086654235 | [  6.73 -13.52] | -0.15399140350167753
-0.8990176572864547 | [  5.32 -11.07] | -0.3564327154049249
-0.9596915887323587 | [ 3.74 -8.5 ] | -0.4615198109892093
-0.9539372746950909 | [-4.86 14.24] | -0.4013108592242553
-0.9184861327993665 | [-5.94 17.44] | -0.2892191814682205
-0.8754228407079218 | [-6.66 20.08] | -0.1598020156141519
-0.826734390671971 | [-7.24 22.43] | -0.05245657753786303
-0.7720897397896245 | [-7.93 24.79] | 0.0049366280310175065
-0.7092457715544503 | [-8.88 27.41] | -0.0013540802408710528
-0.6347064328836719 | [-10.2   30.44] | -0.07293075010222508
-0.544500898916712 | [-11.91  33.89] | -0.20054379526548183
-0.4356133762169316 | [-13.77  37.39] | -0.3618382091237533
-0.3092391092950579 | [-15.11  39.67] | -0.5182157273907305
-0.17428793906122356 | [-15.13  38.91] | -0.6127623725562024
-0.043636637227048594 | [-14.04  35.69] | -0.6463746732361635
0.07670903566086612 | [-12.79  32.42] | -0.6683088622539994
0.18691433018713685 | [-11.65  29.68] | -0.6895118939560219
0.2884820398365156 | [-10.68  27.39] | -0.7110032362316363
0.38232911584082185 | [-9.7 25.3] | -0.7468470780795876
0.4674218004917696 | [-8.52 23.14] | -0.809826465185417
0.5416729952486597 | [-7.08 20.82] | -0.9002963818838559
0.6032493463808031 | [-5.47 18.4 ] | -0.6573089573859368
0.6075147374883081 | [ 3.51 -5.63] | -0.2605793543987664
0.5692897471856118 | [ 4.43 -8.78] | -0.05482877327909025
Total reward: -73.48477883487762
