3.7, 0.3, 0.9, 4.6, 2.5, -0.5, -1.4, -2.5, 3.2, -4.2, 0.2, 4.5, -5.5, 3.0, 4.5, -0.3, -4.8, -3.8, -1.5, 2.5, -2.5, -2.5, -1.0, -4.5, 2.2, -3.0, -0.5, 5.3, 1.8, 3.2, 6.0, 1.8, -5.0, 6.2, 2.2, 0.0
parameter ends

state | action | reward
[1.25] | [10.89  2.55  1.09] | 0.9437290037399757
1.2468335332650191 | [22.18  5.3  -5.22] | 0.5162126419501339
1.2457015416765809 | [12.14  2.49  2.03] | 0.8776375914197745
1.2439701599502357 | [19.87  4.45 -5.38] | 0.5771428330646864
1.2416271275096769 | [10.99  1.86  2.16] | 0.8851006514301041
1.2386639527100929 | [19.38  3.94 -5.08] | 0.594543255773985
1.2350765941300696 | [10.85  1.41  2.55] | 0.88469813147856
1.2308622601279877 | [19.43  3.53 -4.63] | 0.6002307296404799
1.2260203691969 | [10.99  1.02  3.03] | 0.8816974077522838
1.2205500653546297 | [19.6   3.15 -4.14] | 0.6143280865662828
1.2148107157775707 | [9.57 0.38 4.17] | 0.9804880509450169
1.2101397685566078 | [14.23  1.67 -1.98] | 0.9429778991386785
1.2065300362234186 | [ 4.26 -1.05  6.53] | 1.0560109417092542
1.203652047086641 | [ 4.83 -0.47 -1.19] | 1.004789379391678
1.2015339991130802 | [-2.71 -1.75  4.62] | 0.8204550306942987
1.2005242583480666 | [2.36 5.98 1.35] | 0.8507927275240903
1.2000772269585214 | [ 11.6    2.74 -10.26] | 0.8693823081816774
1.2002734258609544 | [ 8.1  -3.93 -8.44] | 0.936623605311017
1.2011749860425995 | [-0.47 -3.44 -1.87] | 0.8034410546643811
1.2029912682355839 | [-7.92 -1.65  5.08] | 0.4946108194394889
1.2050487133168275 | [-2.12  5.76  1.89] | 0.4901906133823268
1.206273312370097 | [11.68 15.49  3.07] | 0.2897516922607119
1.206645760368921 | [24.51 13.05 -8.95] | 0.01697281840766962
1.2067426631728515 | [19.74  5.83 -6.66] | 0.5983205793848271
1.207186532517075 | [14.3  -1.61 -4.15] | 0.9047287588860049
1.2075293192506533 | [  0.6  -11.89  -5.  ] | 0.8282372185526097
1.2074869803829573 | [-8.92 -9.24  5.32] | 0.5352671978982803
1.207543539523072 | [-2.25 -1.14  2.16] | 0.517672042764718
1.206904827612843 | [ 3.27  6.1  -0.68] | 0.4358964960669989
1.2059796007016814 | [4.56 4.79 2.49] | 0.5641455715502863
1.205059358816084 | [17.83  7.   -5.05] | 0.353188672111903
1.204102883729998 | [15.15  5.46  1.91] | 0.6068383393340061
1.2031605740814075 | [28.4   8.35 -4.73] | 0.11086936398713199
1.2022888485616852 | [22.81  6.27  3.54] | 0.6240139108060797
1.2025325217508143 | [30.68  8.   -2.36] | 0.36960739386808195
1.2038500049494578 | [24.48  5.86  6.93] | 0.8754820417650919
1.20594971213458 | [32.91  7.74  1.45] | 0.6331718906766901
1.2088846318632094 | [41.02  9.55 -3.74] | 0.16974511373723855
1.2122519526144968 | [35.31  7.41  6.06] | 0.6063603042360972
1.2154800881941323 | [29.62  6.72 -3.48] | 0.6136945014487509
1.2188179276352968 | [9.6  2.23 1.66] | 1.2122176222438326
1.222109769800028 | [12.58  3.55 -6.51] | 0.9805312445648117
1.2251404356566007 | [1.75 0.74 0.71] | 1.1340145880553008
1.2277557482838546 | [ 7.23  2.17 -4.34] | 1.0461895288142895
1.2298215647602704 | [-1.02 -0.33  3.24] | 1.0568010456854016
1.2313063148670311 | [6.24 7.47 1.93] | 1.0035202054200694
1.2318846676602058 | [ 16.63   4.18 -10.85] | 0.8020796229457945
1.2317184144026203 | [ 9.37 -4.07 -9.24] | 0.9890427386354177
1.2311899813714515 | [-3.62 -5.5  -0.84] | 0.9439584015573095
1.2304157875919763 | [-14.86  -3.06  10.05] | 0.47705637782916377
1.2290580209273678 | [-10.89   3.58   7.34] | 0.579079496636917
1.226653135981027 | [ 3.22 13.3   8.64] | 0.6418083337225586
1.2231682539713489 | [16.17 10.77 -3.31] | 0.6996334360123835
1.219046910831817 | [12.55  3.69 -0.43] | 1.0846839262920525
1.214569756748256 | [13.68 -2.04 -1.73] | 1.1138759005858672
1.2098795271136158 | [ -0.54 -12.26  -2.14] | 1.0211957948412458
1.205328347925689 | [-11.12 -11.94   6.5 ] | 0.6273656826914173
1.2019014293461967 | [-2.59 -2.88  1.2 ] | 0.7021395397910526
1.1993923774884037 | [ 3.84  5.26 -2.88] | 0.6308146244953877
1.1978112309441864 | [ 3.81 -0.04 -3.27] | 0.707701773692745
1.197533804431107 | [-0.32 -6.58 -5.65] | 0.5189684889065069
1.1984845189050832 | [-7.17 -5.16 -0.15] | 0.24817583294647716
1.200234154163733 | [-8.06  0.82  3.54] | 0.14564366321045877
1.2017939821883357 | [ 5.34 10.48  3.81] | 0.20472945249067234
1.2027296916695138 | [18.23  8.42 -8.36] | 0.07638675565768893
1.2036137575056693 | [14.42  1.55 -6.49] | 0.4200386890542315
1.2048560008558582 | [11.97  2.98  3.81] | 0.6034987589881704
1.2060551265610524 | [25.44  7.74 -0.78] | 0.177972454985022
1.2070015574184791 | [23.93  7.67  6.69] | 0.33066969589284567
1.207587292058602 | [37.23 11.24  1.25] | -0.3461145164885955
1.2077345497246672 | [45.93 13.29 -4.47] | -0.9151909893715593
1.2091065267110552 | [37.65 10.55  4.85] | 0.05190358670023931
1.2114884683910931 | [44.67 11.94 -0.48] | -0.3222957696471269
1.214530301666306 | [41.79 10.51  5.44] | -0.07086646693952581
1.217696707090332 | [34.42  9.46 -4.35] | 0.09393706295995874
1.2212169444377645 | [13.38  4.81  0.53] | 0.9222525817584324
1.2248955803067718 | [11.84  4.94 -4.3 ] | 0.8068563561932319
1.2284467783732516 | [0.85 2.08 2.83] | 0.92156883876287
1.231582159658929 | [ 8.79  4.21 -4.31] | 0.8063330868393657
1.2341607983945286 | [0.53 1.69 3.28] | 0.9128959846174336
1.2360909393245856 | [ 9.74  4.   -3.66] | 0.8170237543962515
1.237358691839426 | [2.   1.51 3.97] | 0.9354810000444745
1.2379652697620458 | [11.32  3.74 -3.06] | 0.8209183032424239
1.2379168740242013 | [3.49 1.29 4.61] | 0.9498015988698033
1.2372189000363258 | [12.63  3.51 -2.43] | 0.8174227992445241
1.2358768162063638 | [4.59 1.05 5.21] | 0.9536880639476417
1.2338941733970357 | [13.55  3.24 -1.87] | 0.8116808132438287
1.231274522486955 | [5.35 0.76 5.73] | 0.9525974262548487
1.228053694409626 | [13.56  2.8  -1.23] | 0.8390688983573976
1.2248514335096172 | [4.72 0.39 7.08] | 0.9930935653298097
1.2220228348477364 | [10.84  1.95  0.53] | 1.0335693940363055
1.2197905908942068 | [13.23  2.51 -2.48] | 1.0001193365257028
1.218003400764785 | [4.31 0.02 5.69] | 1.1618172223525147
1.2164969226911806 | [10.01  1.49 -1.12] | 1.14204939258135
1.2152612559540727 | [ 1.77 -0.9   7.  ] | 1.151629172176989
1.2141092783121281 | [ 4.06 -0.01 -1.03] | 1.1419141227950647
1.212990628869916 | [-4.   -2.38  6.9 ] | 0.9974203688828863
1.211707009585163 | [-0.9   4.33  4.91] | 1.0088840446068223
1.2104226432783223 | [10.15 12.93  5.97] | 0.9553241853258478
1.2094706087266625 | [18.95  9.54 -5.69] | 1.0250423095656649
1.2089915532736653 | [13.34  1.99 -2.66] | 1.5172745635651776
1.2087033623499486 | [ 8.31 -5.48  0.25] | 1.6891775168899208
1.2083377294568884 | [  4.13 -12.9   -9.61] | 1.4591741282784785
1.207736708237517 | [ -9.22 -22.15  -9.39] | 0.8848463720075073
1.2069617006419338 | [-21.09 -14.95   8.41] | 0.5829069671831462
1.206052861837427 | [-13.91  -6.48   5.07] | 0.820984701553574
1.2056744766152063 | [-5.08  2.34  0.26] | 0.9463087516272485
1.2055109855307453 | [ 5.36 11.53  5.14] | 0.9146338573846481
1.2049314720562074 | [18.25  9.05 -7.51] | 0.823240018097242
1.2041087866050342 | [15.76  2.55 -6.43] | 1.1602867716989929
1.203689199948908 | [13.82 -3.72 -5.58] | 1.216486557844119
1.2039344569624497 | [ 5.09 -5.15 -1.66] | 1.1424856204023006
1.2052947585222102 | [-2.24 -2.47  5.76] | 0.9266561080118466
1.2071328612503176 | [3.46 5.02 2.39] | 0.9181131626715676
1.2083352467963406 | [16.75  6.58 -5.6 ] | 0.747814157350279
1.209187207866367 | [14.17  4.6   1.14] | 1.0134788765855118
1.2097196508834385 | [27.48  7.24 -5.5 ] | 0.5327083211410267
1.209723409720682 | [24.11  5.49  2.52] | 0.8817310171044058
1.209080333128152 | [37.39  8.48 -3.34] | 0.14343391314696086
1.2076180893666788 | [32.54  6.41  5.71] | 0.7060797441870077
1.206347635695422 | [39.07  7.46 -0.45] | 0.15885116937376997
1.2055927414860208 | [20.38  3.48 -0.16] | 1.036240241783198
1.2052526833398356 | [11.33  1.66 -0.29] | 1.1855281268208735
1.2050300768904394 | [5.31 0.29 1.46] | 1.2443152504452575
1.20475652606999 | [11.05  1.89 -5.69] | 1.111370642399796
1.20440488677453 | [ 2.41 -0.56  2.07] | 1.2267729189353247
1.2038927331992122 | [ 6.9   0.79 -5.61] | 1.1659669305058378
1.2031555661571651 | [ 1.14 -1.17  2.84] | 1.2060980246664244
1.2021554576245381 | [ 3.65 -0.22 -5.49] | 1.106764236275542
1.2009902173674112 | [-5.43 -2.86  2.  ] | 0.993132279839321
1.1997083441547347 | [ 0.23  4.81 -1.34] | 0.9520007771406827
1.198926135205748 | [1.09 4.06 3.65] | 1.1163083583262572
1.19835318274717 | [11.77  0.97 -8.66] | 1.1497528125362606
1.1978579169714092 | [ 9.61 -5.44 -7.75] | 1.1808757616145442
1.1980631631333418 | [ 1.19 -6.38 -3.53] | 1.0549963898105252
1.1995895358504876 | [-5.83 -3.13  4.17] | 0.8237032179522003
1.2017600972850837 | [0.07 4.46 0.69] | 0.8407908372139886
1.2033408161602945 | [11.    6.97 -3.23] | 0.8140742729955421
1.2045939662579197 | [9.06 4.42 2.31] | 1.0255481560514872
1.205554470071488 | [22.39  6.61 -4.89] | 0.7029946543634746
1.2059907124521265 | [19.2   4.7   2.68] | 1.0065377667542663
1.2058527345718668 | [32.52  7.6  -3.44] | 0.398155311801037
1.204908985010404 | [29.26  6.04  5.67] | 0.7327097481354375
1.203160862846207 | [39.46  8.06 -0.25] | 0.20705379707224436
1.2015767357071314 | [29.21  5.37  0.61] | 0.7103722739352252
1.2006125997017514 | [22.21  4.36 -6.07] | 0.8566428485784923
1.2001647389362073 | [8.16 1.01 0.41] | 1.2370333123833266
1.1998445993839006 | [ 8.59  1.3  -2.64] | 1.1806931141913755
1.1994581029472307 | [-0.62 -1.25  4.9 ] | 1.1462860178852712
1.1989633730459504 | [2.71 3.27 0.21] | 1.1949808512978335
1.198208753645612 | [ 6.75 -1.7  -5.86] | 1.1692041550047767
1.1972597131187268 | [-6.26 -4.79  0.83] | 1.0235135460986668
1.1962110201536102 | [-3.73  1.73 -0.07] | 0.9976227414216794
1.195106905119478 | [ 3.88 10.11  7.35] | 0.993081420761661
1.193942009921884 | [14.13  6.86 -4.67] | 1.1236115220583929
1.1928386919454437 | [11.58  0.27 -3.45] | 1.366129417188214
1.1921611449410139 | [ 7.17 -6.77 -4.24] | 1.3720738111107929
1.1923234031390273 | [ -1.65 -14.93  -8.19] | 0.9840645298954394
1.1939454333426904 | [-7.76 -7.05  3.91] | 0.9075453964609395
1.1964997693539845 | [-1.55  0.75  0.21] | 0.943662416621918
1.1988629668257156 | [5.72 8.8  5.92] | 0.9039095119965812
1.2005180134676938 | [18.9   8.67 -3.69] | 0.7607432494522081
1.201522033931151 | [15.81  5.48  2.38] | 1.0642299460090767
1.201897180206297 | [29.11  7.62 -4.57] | 0.5574516643662017
1.201484647767714 | [25.77  5.46  3.45] | 0.8994528624375812
1.2001182969569837 | [39.07  8.31 -2.26] | 0.04436528103155579
1.1977908676952334 | [24.71  4.61  3.87] | 0.7887757476543752
1.1957579598238721 | [22.1   4.48 -5.59] | -0.22508689064998783
Total reward: 132.29738743148715
