-1.6, -4.5, 4.0, -2.8, -2.2, -2.6, -4.5, 2.3, 2.3, -1.2, 0.2, 0.0, 1.1, -0.8, -2.3, 5.8, 0.4, 2.2
parameter ends

state | action | reward
[2.06] | 2 | -0.5
1.8106642829793846 | 2 | -0.5
1.6634409927401832 | 2 | -0.5
1.545101380103072 | 2 | -0.5
1.5975787191909838 | 2 | -0.5
1.6277829478176735 | 2 | -0.5
8.656440201854712 | 2 | -0.5
6.173115591962243 | 2 | -0.5
5.103982399695331 | 2 | -0.5
4.393719764065721 | 2 | -0.5
4.047710712118869 | 2 | -0.5
3.880587627829057 | 0 | 5.0
3.9035041896108242 | 0 | 5.0
3.9396921486666154 | 0 | 5.0
4.043424950959893 | 0 | 5.0
4.024024112690842 | 0 | -200.0
Total reward: -185.5
