-1.4, 3.1, -2.5, -3.1, 2.4, 0.7, 4.1, 1.9, 2.1, 1.0
parameter ends

state | action | reward
[-0.09] | [0.54] | 9.29503203138574
-0.05122362014701412 | [-3.22] | 9.335305723753601
-0.030176520424726253 | [2.33] | 9.234536717022804
-0.006595436881355252 | [-4.14] | 9.308448927163656
0.0201557900482497 | [1.42] | 9.11096619363271
0.04959986488369149 | [-6.17] | 9.074116226003008
0.08213505902901627 | [-0.34] | 8.916930839112062
0.05363724997964792 | [1.58] | -1.3464166050248536
Total reward: 62.928920053048714
