-0.3, 0.5, 6.1, 3.8, 2.6, 1.9, -5.0, 5.2, 1.4, 3.9
parameter ends

state | action | reward
[-0.] | 1 | 1.0
-0.004971407353878021 | 0 | 1.0
-0.001855594222433865 | 1 | 1.0
-0.0026395078748464584 | 0 | 1.0
0.0004831789410673082 | 1 | 1.0
-0.00029244969482533634 | 0 | 1.0
0.0028399028815329075 | 1 | 1.0
0.0020754621364176273 | 0 | 1.0
0.005220476537942886 | 1 | 1.0
0.004470369312912226 | 0 | 1.0
0.007631314918398857 | 1 | 1.0
0.006899004802107811 | 0 | 1.0
0.010079500265419483 | 1 | 1.0
0.009368848986923695 | 0 | 1.0
0.012572943232953548 | 1 | 1.0
0.011888299137353897 | 0 | 1.0
0.015120557509362698 | 1 | 1.0
0.014466850087046623 | 0 | 1.0
0.01773245260119438 | 1 | 1.0
0.01711529865860939 | 0 | 1.0
0.02042013593018055 | 1 | 1.0
0.019845955073833466 | 0 | 1.0
0.023196745663881302 | 0 | 1.0
0.022672878578305244 | 1 | 1.0
0.018278243020176888 | 0 | 1.0
0.017813168466091156 | 1 | 1.0
0.013479062356054783 | 0 | 1.0
0.01307595707476139 | 1 | 1.0
0.008806438185274601 | 0 | 1.0
0.008469871245324612 | 1 | 1.0
0.004270450212061405 | 0 | 1.0
0.004006413742899895 | 0 | 1.0
-0.00011589137284317985 | 1 | 1.0
-0.008091974072158337 | 0 | 1.0
-0.01212839875370264 | 1 | 1.0
-0.020016130059957504 | 0 | 1.0
-0.023962579667568207 | 1 | 1.0
-0.03175654634833336 | 0 | 1.0
-0.03560708835721016 | 0 | 1.0
-0.04329996928572655 | 1 | 1.0
-0.05482985079288483 | 0 | 1.0
Total reward: 41.0
-0.3, 0.5, 6.1, 3.8, 2.6, 1.9, -5.0, 5.2, 1.4, 3.9
parameter ends

state | action | reward
[0.01] | 1 | 1.0
0.013329404406249523 | 0 | 1.0
0.017378363758325577 | 1 | 1.0
0.017522525042295456 | 0 | 1.0
0.02156827785074711 | 1 | 1.0
0.021710602566599846 | 0 | 1.0
0.02575589343905449 | 1 | 1.0
0.025899112224578857 | 0 | 1.0
0.029946643859148026 | 1 | 1.0
0.030093472450971603 | 0 | 1.0
0.03414596617221832 | 1 | 1.0
0.034299176186323166 | 0 | 1.0
0.038359448313713074 | 1 | 1.0
0.038521938025951385 | 0 | 1.0
0.04259295389056206 | 1 | 1.0
0.04276781529188156 | 0 | 1.0
0.04685276746749878 | 1 | 1.0
0.047043368220329285 | 0 | 1.0
0.0511457584798336 | 1 | 1.0
0.05135580524802208 | 0 | 1.0
0.055479515343904495 | 1 | 1.0
0.05571315437555313 | 0 | 1.0
0.05986252799630165 | 1 | 1.0
0.060124438256025314 | 0 | 1.0
0.06430438160896301 | 1 | 1.0
0.06459986418485641 | 0 | 1.0
0.0688159391283989 | 1 | 1.0
0.06915104389190674 | 0 | 1.0
0.07340958714485168 | 1 | 1.0
0.07379120588302612 | 0 | 1.0
0.07809942215681076 | 0 | 1.0
0.07853545248508453 | 1 | 1.0
0.07510349154472351 | 0 | 1.0
0.07560303807258606 | 1 | 1.0
0.0722367912530899 | 0 | 1.0
0.07280374318361282 | 1 | 1.0
0.06950807571411133 | 0 | 1.0
0.0701477974653244 | 1 | 1.0
0.06692910194396973 | 0 | 1.0
0.06764846295118332 | 0 | 1.0
0.06451473385095596 | 1 | 1.0
0.05753302946686745 | 0 | 1.0
0.05449410155415535 | 1 | 1.0
0.047610606998205185 | 0 | 1.0
0.044671788811683655 | 0 | 1.0
Total reward: 45.0
-0.3, 0.5, 6.1, 3.8, 2.6, 1.9, -5.0, 5.2, 1.4, 3.9
parameter ends

state | action | reward
[0.02] | 1 | 1.0
0.01748630963265896 | 0 | 1.0
0.02060875855386257 | 1 | 1.0
0.019826171919703484 | 0 | 1.0
0.02294529229402542 | 1 | 1.0
0.022161461412906647 | 0 | 1.0
0.025281431153416634 | 1 | 1.0
0.02450053207576275 | 0 | 1.0
0.027625495567917824 | 1 | 1.0
0.026851726695895195 | 0 | 1.0
0.029985900968313217 | 1 | 1.0
0.02922358736395836 | 0 | 1.0
0.03237135708332062 | 1 | 1.0
0.03162505105137825 | 0 | 1.0
0.03479107841849327 | 1 | 1.0
0.03406566381454468 | 0 | 1.0
0.03725498914718628 | 1 | 1.0
0.036555808037519455 | 0 | 1.0
0.039773955941200256 | 1 | 1.0
0.03910691291093826 | 0 | 1.0
0.04236001893877983 | 1 | 1.0
0.041731707751750946 | 0 | 1.0
0.04502662643790245 | 1 | 1.0
0.04444446787238121 | 0 | 1.0
0.047788895666599274 | 0 | 1.0
0.04726127162575722 | 1 | 1.0
0.04286595806479454 | 0 | 1.0
0.042402442544698715 | 1 | 1.0
0.03807374835014343 | 0 | 1.0
0.03767871856689453 | 1 | 1.0
0.033421989530324936 | 0 | 1.0
0.03310128301382065 | 0 | 1.0
0.02892341837286949 | 1 | 1.0
0.020892880856990814 | 0 | 1.0
0.016802560538053513 | 1 | 1.0
0.0088620251044631 | 0 | 1.0
0.004863307811319828 | 1 | 1.0
-0.0029818217735737562 | 0 | 1.0
-0.006883020978420973 | 0 | 1.0
-0.01462541799992323 | 1 | 1.0
Total reward: 40.0
-0.3, 0.5, 6.1, 3.8, 2.6, 1.9, -5.0, 5.2, 1.4, 3.9
parameter ends

state | action | reward
[-0.01] | 1 | 1.0
-0.009156261570751667 | 0 | 1.0
-0.005907764192670584 | 1 | 1.0
-0.0065598334185779095 | 0 | 1.0
-0.0033061259891837835 | 1 | 1.0
-0.0039516170509159565 | 0 | 1.0
-0.0006899865111336112 | 1 | 1.0
-0.0013260988052934408 | 0 | 1.0
0.0019463296048343182 | 1 | 1.0
0.0013225962175056338 | 0 | 1.0
0.004608927294611931 | 1 | 1.0
0.004000844433903694 | 0 | 1.0
0.007304484955966473 | 1 | 1.0
0.006715672090649605 | 0 | 1.0
0.010040409862995148 | 1 | 1.0
0.009474918246269226 | 0 | 1.0
0.012825003825128078 | 1 | 1.0
0.012287409044802189 | 0 | 1.0
0.015667647123336792 | 1 | 1.0
0.015163145959377289 | 0 | 1.0
0.018578993156552315 | 1 | 1.0
0.01811351627111435 | 0 | 1.0
0.021571187302470207 | 1 | 1.0
0.021151510998606682 | 0 | 1.0
0.024658087641000748 | 0 | 1.0
0.024291960522532463 | 1 | 1.0
0.020057247951626778 | 0 | 1.0
0.019753623753786087 | 1 | 1.0
0.015583503060042858 | 0 | 1.0
0.0153461042791605 | 1 | 1.0
0.011245246045291424 | 0 | 1.0
0.011079255491495132 | 1 | 1.0
0.007053853943943977 | 0 | 1.0
0.006965930107980967 | 0 | 1.0
0.0030237536411732435 | 1 | 1.0
-0.004767702426761389 | 0 | 1.0
-0.008617056533694267 | 1 | 1.0
-0.016312498599290848 | 0 | 1.0
-0.02006399631500244 | 0 | 1.0
-0.027656959369778633 | 1 | 1.0
-0.039086394011974335 | 0 | 1.0
Total reward: 41.0
-0.3, 0.5, 6.1, 3.8, 2.6, 1.9, -5.0, 5.2, 1.4, 3.9
parameter ends

state | action | reward
[0.04] | 1 | 1.0
0.0374574214220047 | 0 | 1.0
0.040928009897470474 | 1 | 1.0
0.040510691702365875 | 0 | 1.0
0.04401061683893204 | 1 | 1.0
0.0436246320605278 | 0 | 1.0
0.04715767502784729 | 1 | 1.0
0.046807244420051575 | 0 | 1.0
0.05037793517112732 | 1 | 1.0
0.05006808787584305 | 0 | 1.0
0.05368178337812424 | 1 | 1.0
0.05341845750808716 | 0 | 1.0
0.057081438601017 | 1 | 1.0
0.05687158554792404 | 0 | 1.0
0.06059114634990692 | 0 | 1.0
0.06044284254312515 | 1 | 1.0
0.056431133300065994 | 0 | 1.0
0.05635382607579231 | 1 | 1.0
0.05241568386554718 | 0 | 1.0
0.052413780242204666 | 1 | 1.0
0.04855469986796379 | 0 | 1.0
0.04863419756293297 | 0 | 1.0
0.044861339032649994 | 1 | 1.0
0.03724093735218048 | 0 | 1.0
0.03356338292360306 | 1 | 1.0
0.026041187345981598 | 0 | 1.0
0.02246353216469288 | 1 | 1.0
0.01504561398178339 | 0 | 1.0
Total reward: 28.0
-0.3, 0.5, 6.1, 3.8, 2.6, 1.9, -5.0, 5.2, 1.4, 3.9
parameter ends

state | action | reward
[0.03] | 1 | 1.0
0.029192686080932617 | 0 | 1.0
0.03328453376889229 | 1 | 1.0
0.033462122082710266 | 0 | 1.0
0.037530913949012756 | 1 | 1.0
0.03768674284219742 | 0 | 1.0
0.04173515364527702 | 1 | 1.0
0.04187165945768356 | 0 | 1.0
0.045901838690042496 | 1 | 1.0
0.04602093994617462 | 1 | 1.0
0.0500345453619957 | 0 | 1.0
0.05794211104512215 | 1 | 1.0
0.061940357089042664 | 0 | 1.0
0.06983654946088791 | 1 | 1.0
0.07382694631814957 | 0 | 1.0
0.08171900361776352 | 1 | 1.0
0.08570878952741623 | 0 | 1.0
0.09360377490520477 | 1 | 1.0
0.0976000651717186 | 0 | 1.0
0.10550502687692642 | 1 | 1.0
0.1095150038599968 | 0 | 1.0
0.11743712425231934 | 1 | 1.0
0.1214682087302208 | 0 | 1.0
0.12941497564315796 | 0 | 1.0
0.13347500562667847 | 1 | 1.0
0.13365177810192108 | 0 | 1.0
0.13774916529655457 | 1 | 1.0
0.13796466588974 | 0 | 1.0
0.14210203289985657 | 1 | 1.0
0.14235937595367432 | 0 | 1.0
0.14654022455215454 | 1 | 1.0
0.1468435525894165 | 0 | 1.0
0.1510723978281021 | 1 | 1.0
0.15142686665058136 | 0 | 1.0
0.15570929646492004 | 1 | 1.0
0.15612119436264038 | 0 | 1.0
0.16046389937400818 | 0 | 1.0
0.16094078123569489 | 1 | 1.0
0.1575561910867691 | 0 | 1.0
0.15810705721378326 | 1 | 1.0
0.15479880571365356 | 0 | 1.0
0.1554277092218399 | 1 | 1.0
0.15220098197460175 | 0 | 1.0
0.15291361510753632 | 0 | 1.0
0.14977531135082245 | 1 | 1.0
0.14279085397720337 | 0 | 1.0
0.13974985480308533 | 1 | 1.0
0.1328655332326889 | 0 | 1.0
0.12992629408836365 | 1 | 1.0
Total reward: 49.0
-0.3, 0.5, 6.1, 3.8, 2.6, 1.9, -5.0, 5.2, 1.4, 3.9
parameter ends

state | action | reward
[0.03] | 1 | 1.0
0.03172704949975014 | 0 | 1.0
0.035192474722862244 | 1 | 1.0
0.03476789593696594 | 0 | 1.0
0.03825876861810684 | 1 | 1.0
0.03786148875951767 | 0 | 1.0
0.0413813553750515 | 1 | 1.0
0.04101530835032463 | 0 | 1.0
0.04456837847828865 | 1 | 1.0
0.04423820227384567 | 0 | 1.0
0.04782942309975624 | 1 | 1.0
0.0475405752658844 | 0 | 1.0
0.051175713539123535 | 1 | 1.0
0.0509345568716526 | 0 | 1.0
0.05462031438946724 | 0 | 1.0
0.054434243589639664 | 1 | 1.0
0.05038037896156311 | 0 | 1.0
0.050258029252290726 | 1 | 1.0
0.04626981541514397 | 0 | 1.0
0.046214647591114044 | 1 | 1.0
0.04229649528861046 | 0 | 1.0
0.04231344535946846 | 1 | 1.0
0.03847132995724678 | 0 | 1.0
0.03856683894991875 | 0 | 1.0
0.034808311611413956 | 1 | 1.0
0.02720065228641033 | 0 | 1.0
0.023535126820206642 | 1 | 1.0
0.016023533418774605 | 0 | 1.0
0.012455868534743786 | 1 | 1.0
0.005046636797487736 | 0 | 1.0
Total reward: 30.0
-0.3, 0.5, 6.1, 3.8, 2.6, 1.9, -5.0, 5.2, 1.4, 3.9
parameter ends

state | action | reward
[-0.05] | 1 | 1.0
-0.049487605690956116 | 0 | 1.0
-0.04513412341475487 | 1 | 1.0
-0.04466984048485756 | 0 | 1.0
-0.04028951749205589 | 1 | 1.0
-0.039796698838472366 | 0 | 1.0
-0.035386282950639725 | 1 | 1.0
-0.03486128896474838 | 0 | 1.0
-0.03041684627532959 | 1 | 1.0
-0.029855290427803993 | 0 | 1.0
-0.025372125208377838 | 1 | 1.0
-0.02476879395544529 | 0 | 1.0
-0.020241357386112213 | 1 | 1.0
-0.0195901058614254 | 0 | 1.0
-0.01501191034913063 | 0 | 1.0
-0.014305555261671543 | 1 | 1.0
-0.017467081546783447 | 0 | 1.0
-0.01669718697667122 | 1 | 1.0
-0.019793370738625526 | 0 | 1.0
-0.018956681713461876 | 1 | 1.0
-0.0219833143055439 | 0 | 1.0
-0.021075090393424034 | 1 | 1.0
-0.0240264143794775 | 0 | 1.0
-0.023040413856506348 | 0 | 1.0
-0.025909077376127243 | 1 | 1.0
-0.03262761980295181 | 0 | 1.0
-0.03540443629026413 | 1 | 1.0
-0.042028237134218216 | 0 | 1.0
-0.04470857232809067 | 1 | 1.0
-0.05123158171772957 | 0 | 1.0
Total reward: 30.0
-0.3, 0.5, 6.1, 3.8, 2.6, 1.9, -5.0, 5.2, 1.4, 3.9
parameter ends

state | action | reward
[-0.04] | 1 | 1.0
-0.038215842097997665 | 0 | 1.0
-0.03369966149330139 | 1 | 1.0
-0.03307443484663963 | 0 | 1.0
-0.02853471413254738 | 1 | 1.0
-0.027884436771273613 | 0 | 1.0
-0.023318249732255936 | 1 | 1.0
-0.02263965643942356 | 0 | 1.0
-0.01804346777498722 | 1 | 1.0
-0.017332635819911957 | 0 | 1.0
-0.012702235952019691 | 1 | 1.0
-0.01195449847728014 | 0 | 1.0
-0.007284915540367365 | 1 | 1.0
-0.006494779139757156 | 0 | 1.0
-0.0017801900394260883 | 1 | 1.0
-0.0009412229992449284 | 0 | 1.0
0.0038251406513154507 | 0 | 1.0
0.004720417317003012 | 1 | 1.0
0.0017487024888396263 | 0 | 1.0
0.002709041116759181 | 1 | 1.0
-0.00019559003703761846 | 0 | 1.0
0.0008334075100719929 | 1 | 1.0
-0.0019995595794171095 | 0 | 1.0
-0.0008968006586655974 | 1 | 1.0
-0.003651949344202876 | 0 | 1.0
-0.0024688022676855326 | 0 | 1.0
-0.005138362757861614 | 1 | 1.0
-0.01165558397769928 | 0 | 1.0
-0.0142299123108387 | 1 | 1.0
-0.020648617297410965 | 0 | 1.0
-0.02312258444726467 | 0 | 1.0
Total reward: 31.0
-0.3, 0.5, 6.1, 3.8, 2.6, 1.9, -5.0, 5.2, 1.4, 3.9
parameter ends

state | action | reward
[-0.02] | 1 | 1.0
-0.023906946182250977 | 0 | 1.0
-0.019021781161427498 | 1 | 1.0
-0.01803446188569069 | 0 | 1.0
-0.0131386648863554 | 1 | 1.0
-0.012139062397181988 | 0 | 1.0
-0.007229393348097801 | 1 | 1.0
-0.006214102264493704 | 0 | 1.0
-0.0012870229547843337 | 1 | 1.0
-0.00025229077436961234 | 0 | 1.0
0.004696117248386145 | 1 | 1.0
0.00575447641313076 | 0 | 1.0
0.010728598572313786 | 1 | 1.0
0.011815299279987812 | 0 | 1.0
0.01682007871568203 | 1 | 1.0
0.017940465360879898 | 0 | 1.0
0.022981509566307068 | 1 | 1.0
0.024141669273376465 | 0 | 1.0
0.029225347563624382 | 1 | 1.0
0.03043222799897194 | 0 | 1.0
0.03556578978896141 | 0 | 1.0
0.03682732582092285 | 1 | 1.0
0.034221041947603226 | 0 | 1.0
0.03554638475179672 | 1 | 1.0
0.033006150275468826 | 0 | 1.0
0.03439925238490105 | 1 | 1.0
0.03192998468875885 | 0 | 1.0
0.03339627757668495 | 1 | 1.0
0.031004445627331734 | 0 | 1.0
0.03255084902048111 | 0 | 1.0
0.03024451620876789 | 1 | 1.0
0.024090612307190895 | 0 | 1.0
0.02187969535589218 | 1 | 1.0
0.015824679285287857 | 0 | 1.0
0.013714563101530075 | 0 | 1.0
Total reward: 35.0
-0.3, 0.5, 6.1, 3.8, 2.6, 1.9, -5.0, 5.2, 1.4, 3.9
parameter ends

state | action | reward
[-0.03] | 1 | 1.0
-0.027486585080623627 | 0 | 1.0
-0.022593965753912926 | 1 | 1.0
-0.021609049290418625 | 0 | 1.0
-0.016725337132811546 | 1 | 1.0
-0.01574750989675522 | 0 | 1.0
-0.010869016870856285 | 1 | 1.0
-0.009894659742712975 | 0 | 1.0
-0.005017868243157864 | 1 | 1.0
-0.004043495748192072 | 0 | 1.0
0.0008350276621058583 | 1 | 1.0
0.0018128580413758755 | 0 | 1.0
0.006696545053273439 | 1 | 1.0
0.007681319024413824 | 0 | 1.0
0.012573686428368092 | 1 | 1.0
0.013569016940891743 | 0 | 1.0
0.018473749980330467 | 1 | 1.0
0.019483469426631927 | 0 | 1.0
0.024404507130384445 | 1 | 1.0
0.025432758033275604 | 0 | 1.0
0.03037438727915287 | 1 | 1.0
0.03142571076750755 | 0 | 1.0
0.036392662674188614 | 1 | 1.0
0.037472113966941833 | 0 | 1.0
0.042469657957553864 | 1 | 1.0
0.04358290880918503 | 0 | 1.0
0.04861696809530258 | 1 | 1.0
0.049770426005125046 | 0 | 1.0
0.05484768748283386 | 0 | 1.0
0.056048620492219925 | 1 | 1.0
0.053377024829387665 | 0 | 1.0
0.05463378503918648 | 1 | 1.0
0.05201961100101471 | 0 | 1.0
0.05333516001701355 | 1 | 1.0
0.0507822148501873 | 0 | 1.0
0.05216086283326149 | 1 | 1.0
0.04967433959245682 | 0 | 1.0
0.05112175643444061 | 1 | 1.0
0.048708297312259674 | 0 | 1.0
0.05023156851530075 | 0 | 1.0
0.04789932817220688 | 1 | 1.0
0.041716646403074265 | 0 | 1.0
0.03947554901242256 | 1 | 1.0
0.03338737413287163 | 0 | 1.0
0.03124273009598255 | 0 | 1.0
0.025255778804421425 | 1 | 1.0
0.015431592240929604 | 0 | 1.0
Total reward: 47.0
-0.3, 0.5, 6.1, 3.8, 2.6, 1.9, -5.0, 5.2, 1.4, 3.9
parameter ends

state | action | reward
[-0.01] | 1 | 1.0
-0.013967028819024563 | 0 | 1.0
-0.010215086862444878 | 1 | 1.0
-0.0103544220328331 | 0 | 1.0
-0.006579049397259951 | 1 | 1.0
-0.006692385300993919 | 0 | 1.0
-0.002888720016926527 | 1 | 1.0
-0.0029708268120884895 | 0 | 1.0
0.0008666012436151505 | 1 | 1.0
0.0008216390269808471 | 0 | 1.0
0.004699016455560923 | 1 | 1.0
0.004697921685874462 | 0 | 1.0
0.008622261695563793 | 0 | 1.0
0.008672689087688923 | 1 | 1.0
0.0048532322980463505 | 0 | 1.0
0.004963993094861507 | 1 | 1.0
0.0012068361975252628 | 0 | 1.0
0.0013814691919833422 | 1 | 1.0
-0.0023089423775672913 | 0 | 1.0
-0.002065482782199979 | 1 | 1.0
-0.005683219060301781 | 0 | 1.0
-0.005364532582461834 | 0 | 1.0
-0.008902126923203468 | 1 | 1.0
-0.016291245818138123 | 0 | 1.0
-0.01973944716155529 | 1 | 1.0
-0.02703629620373249 | 0 | 1.0
-0.03039046749472618 | 1 | 1.0
-0.03758903592824936 | 0 | 1.0
-0.0408426858484745 | 0 | 1.0
Total reward: 29.0
-0.3, 0.5, 6.1, 3.8, 2.6, 1.9, -5.0, 5.2, 1.4, 3.9
parameter ends

state | action | reward
[-0.01] | 1 | 1.0
-0.008388708345592022 | 0 | 1.0
-0.004764725919812918 | 1 | 1.0
-0.005040334537625313 | 0 | 1.0
-0.0014087719609960914 | 1 | 1.0
-0.0016744777094572783 | 0 | 1.0
0.00196921662427485 | 1 | 1.0
0.0017181116854771972 | 0 | 1.0
0.0053787254728376865 | 1 | 1.0
0.005147219635546207 | 0 | 1.0
0.00882988516241312 | 1 | 1.0
0.008623392321169376 | 0 | 1.0
0.012333701364696026 | 1 | 1.0
0.012158172205090523 | 0 | 1.0
0.015902290120720863 | 1 | 1.0
0.01576434075832367 | 0 | 1.0
0.019549133256077766 | 0 | 1.0
0.019456174224615097 | 1 | 1.0
0.0154892448335886 | 0 | 1.0
0.015449702739715576 | 1 | 1.0
0.011537795886397362 | 0 | 1.0
0.011554659344255924 | 1 | 1.0
0.007701557129621506 | 0 | 1.0
0.007779096718877554 | 1 | 1.0
0.003989923279732466 | 0 | 1.0
0.0041337343864142895 | 1 | 1.0
0.000415017333580181 | 0 | 1.0
0.0006320646498352289 | 0 | 1.0
-0.0030082000885158777 | 1 | 1.0
-0.01050085574388504 | 0 | 1.0
-0.014052946120500565 | 1 | 1.0
-0.02145427279174328 | 0 | 1.0
-0.024913132190704346 | 1 | 1.0
-0.032216716557741165 | 0 | 1.0
Total reward: 34.0
-0.3, 0.5, 6.1, 3.8, 2.6, 1.9, -5.0, 5.2, 1.4, 3.9
parameter ends

state | action | reward
[-0.04] | 1 | 1.0
-0.041039492934942245 | 0 | 1.0
-0.036174651235342026 | 1 | 1.0
-0.0351993590593338 | 0 | 1.0
-0.030308296903967857 | 1 | 1.0
-0.02930506318807602 | 0 | 1.0
-0.024384481832385063 | 1 | 1.0
-0.023349622264504433 | 0 | 1.0
-0.018395548686385155 | 1 | 1.0
-0.017324654385447502 | 0 | 1.0
-0.012332367710769176 | 1 | 1.0
-0.011220206506550312 | 0 | 1.0
-0.00618415093049407 | 1 | 1.0
-0.00502457469701767 | 0 | 1.0
6.17365149082616e-05 | 0 | 1.0
0.0012759016826748848 | 1 | 1.0
-0.0013781371526420116 | 0 | 1.0
-0.0001009652332868427 | 1 | 1.0
-0.0026902183890342712 | 0 | 1.0
-0.001346816890873015 | 1 | 1.0
-0.003867114195600152 | 0 | 1.0
-0.002452786546200514 | 1 | 1.0
-0.004898421000689268 | 0 | 1.0
-0.0034069742541760206 | 0 | 1.0
-0.005770656745880842 | 1 | 1.0
-0.011984729208052158 | 0 | 1.0
-0.0142573406919837 | 1 | 1.0
-0.020377513021230698 | 0 | 1.0
-0.022554507479071617 | 1 | 1.0
-0.028574831783771515 | 0 | 1.0
Total reward: 30.0
-0.3, 0.5, 6.1, 3.8, 2.6, 1.9, -5.0, 5.2, 1.4, 3.9
parameter ends

state | action | reward
[0.02] | 1 | 1.0
0.020960288122296333 | 0 | 1.0
0.02448379434645176 | 1 | 1.0
0.024099674075841904 | 0 | 1.0
0.027614083141088486 | 1 | 1.0
0.027222005650401115 | 0 | 1.0
0.030729612335562706 | 1 | 1.0
0.030331779271364212 | 0 | 1.0
0.03383467718958855 | 1 | 1.0
0.03343311697244644 | 0 | 1.0
0.03693326190114021 | 1 | 1.0
0.03652988001704216 | 0 | 1.0
0.0400291346013546 | 1 | 1.0
0.03962576761841774 | 0 | 1.0
0.0431259460747242 | 1 | 1.0
0.04272441193461418 | 0 | 1.0
0.04622732847929001 | 1 | 1.0
0.045829467475414276 | 0 | 1.0
0.049336984753608704 | 1 | 1.0
0.04894470050930977 | 0 | 1.0
0.05245877057313919 | 1 | 1.0
0.052074089646339417 | 0 | 1.0
0.05559680610895157 | 1 | 1.0
0.05522191897034645 | 0 | 1.0
0.05875555798411369 | 1 | 1.0
0.05839287117123604 | 0 | 1.0
0.06193995475769043 | 1 | 1.0
0.06159215420484543 | 0 | 1.0
0.0651555061340332 | 1 | 1.0
0.06482560932636261 | 0 | 1.0
0.06840841472148895 | 1 | 1.0
0.06809985637664795 | 0 | 1.0
0.07170573621988297 | 1 | 1.0
0.07142242789268494 | 0 | 1.0
0.07505552470684052 | 1 | 1.0
0.07480194419622421 | 0 | 1.0
0.0784670040011406 | 1 | 1.0
0.07824831455945969 | 0 | 1.0
0.08195074647665024 | 1 | 1.0
0.08177287876605988 | 0 | 1.0
0.08551893383264542 | 1 | 1.0
0.08538870513439178 | 0 | 1.0
0.08918549865484238 | 0 | 1.0
0.08911073207855225 | 1 | 1.0
0.08516861498355865 | 0 | 1.0
0.08515838533639908 | 1 | 1.0
0.08128300309181213 | 0 | 1.0
0.0813412070274353 | 1 | 1.0
0.0775374323129654 | 0 | 1.0
0.07766944169998169 | 1 | 1.0
0.07394371181726456 | 0 | 1.0
0.07415641099214554 | 0 | 1.0
0.07051675766706467 | 1 | 1.0
0.06302990764379501 | 0 | 1.0
0.059486228972673416 | 1 | 1.0
0.0520988404750824 | 0 | 1.0
0.04865652695298195 | 0 | 1.0
Total reward: 57.0
-0.3, 0.5, 6.1, 3.8, 2.6, 1.9, -5.0, 5.2, 1.4, 3.9
parameter ends

state | action | reward
[0.04] | 1 | 1.0
0.043591585010290146 | 0 | 1.0
0.0478774830698967 | 1 | 1.0
0.04826289415359497 | 0 | 1.0
0.052554208785295486 | 1 | 1.0
0.05294650048017502 | 0 | 1.0
0.057246133685112 | 1 | 1.0
0.057648301124572754 | 0 | 1.0
0.06195932626724243 | 1 | 1.0
0.06237458065152168 | 0 | 1.0
0.06670030951499939 | 1 | 1.0
0.0671321377158165 | 0 | 1.0
0.07147619873285294 | 1 | 1.0
0.0719284638762474 | 0 | 1.0
0.0762948989868164 | 1 | 1.0
0.07677190750837326 | 0 | 1.0
0.08116523176431656 | 1 | 1.0
0.08167185634374619 | 0 | 1.0
0.08609718084335327 | 1 | 1.0
0.08663894981145859 | 0 | 1.0
0.09110206365585327 | 1 | 1.0
0.09168526530265808 | 0 | 1.0
0.09619275480508804 | 0 | 1.0
0.09682458639144897 | 1 | 1.0
0.09358455240726471 | 0 | 1.0
0.09427329897880554 | 1 | 1.0
0.09109177440404892 | 0 | 1.0
0.09184038639068604 | 1 | 1.0
0.08872116357088089 | 0 | 1.0
0.08953394740819931 | 1 | 1.0
0.08648224920034409 | 0 | 1.0
0.08736489713191986 | 1 | 1.0
0.0843873992562294 | 0 | 1.0
0.08534703403711319 | 0 | 1.0
0.08245193958282471 | 1 | 1.0
0.07570723444223404 | 0 | 1.0
0.0729045495390892 | 1 | 1.0
0.06625570356845856 | 0 | 1.0
0.06355082988739014 | 0 | 1.0
0.057004671543836594 | 1 | 1.0
Total reward: 40.0
-0.3, 0.5, 6.1, 3.8, 2.6, 1.9, -5.0, 5.2, 1.4, 3.9
parameter ends

state | action | reward
[-0.04] | 1 | 1.0
-0.04234445095062256 | 0 | 1.0
-0.03761697933077812 | 1 | 1.0
-0.036798398941755295 | 0 | 1.0
-0.03208259865641594 | 1 | 1.0
-0.03127446398139 | 0 | 1.0
-0.026567863300442696 | 1 | 1.0
-0.025767821818590164 | 0 | 1.0
-0.02106819674372673 | 1 | 1.0
-0.020274126902222633 | 0 | 1.0
-0.015579462051391602 | 1 | 1.0
-0.014789416454732418 | 0 | 1.0
-0.01009784359484911 | 1 | 1.0
-0.009310005232691765 | 0 | 1.0
-0.004619756247848272 | 1 | 1.0
-0.0038323828484863043 | 0 | 1.0
0.0008582556620240211 | 1 | 1.0
0.0016468701651319861 | 0 | 1.0
0.006339599844068289 | 1 | 1.0
0.007131172344088554 | 0 | 1.0
0.011827724985778332 | 1 | 1.0
0.012624025344848633 | 0 | 1.0
0.01732620783150196 | 1 | 1.0
0.018129102885723114 | 0 | 1.0
0.022838838398456573 | 1 | 1.0
0.023650335147976875 | 0 | 1.0
0.028369709849357605 | 1 | 1.0
0.029192008078098297 | 0 | 1.0
0.033923327922821045 | 1 | 1.0
0.03475886955857277 | 0 | 1.0
0.03950469568371773 | 1 | 1.0
0.04035622626543045 | 0 | 1.0
0.04511945694684982 | 1 | 1.0
0.04599007964134216 | 0 | 1.0
0.05077400058507919 | 1 | 1.0
0.051667261868715286 | 0 | 1.0
0.05647561699151993 | 1 | 1.0
0.057395581156015396 | 0 | 1.0
0.06223266199231148 | 1 | 1.0
0.0631839856505394 | 0 | 1.0
0.06805472075939178 | 1 | 1.0
0.06904277205467224 | 0 | 1.0
0.0739528089761734 | 1 | 1.0
0.07498376816511154 | 0 | 1.0
0.0799395963549614 | 0 | 1.0
0.08102056384086609 | 1 | 1.0
0.07823047786951065 | 0 | 1.0
0.07936970144510269 | 1 | 1.0
0.07663945108652115 | 0 | 1.0
0.07783987373113632 | 1 | 1.0
0.0751732736825943 | 0 | 1.0
0.07643920183181763 | 1 | 1.0
0.07384149730205536 | 0 | 1.0
0.07517867535352707 | 0 | 1.0
0.07265660911798477 | 1 | 1.0
0.06627964973449707 | 0 | 1.0
0.06384169310331345 | 1 | 1.0
0.057551078498363495 | 0 | 1.0
0.055201005190610886 | 1 | 1.0
0.04900180175900459 | 0 | 1.0
0.04674520716071129 | 0 | 1.0
0.04064437374472618 | 1 | 1.0
0.030704382807016373 | 0 | 1.0
Total reward: 63.0
-0.3, 0.5, 6.1, 3.8, 2.6, 1.9, -5.0, 5.2, 1.4, 3.9
parameter ends

state | action | reward
[-0.] | 1 | 1.0
-0.005523171741515398 | 0 | 1.0
-0.0024572156835347414 | 1 | 1.0
-0.003283449914306402 | 0 | 1.0
-0.0001959812070708722 | 1 | 1.0
-0.000998638803139329 | 0 | 1.0
0.002114294795319438 | 1 | 1.0
0.0013394915731623769 | 0 | 1.0
0.004482405725866556 | 1 | 1.0
0.0037403630558401346 | 0 | 1.0
0.006918429862707853 | 1 | 1.0
0.006214783526957035 | 0 | 1.0
0.00943392887711525 | 1 | 1.0
0.008775157853960991 | 0 | 1.0
0.012042169459164143 | 0 | 1.0
0.01143571361899376 | 1 | 1.0
0.006959766615182161 | 0 | 1.0
0.0064142486080527306 | 1 | 1.0
0.0020011025480926037 | 0 | 1.0
0.001519892131909728 | 1 | 1.0
-0.002826167270541191 | 0 | 1.0
-0.0032382698263972998 | 1 | 1.0
-0.007511461153626442 | 0 | 1.0
-0.007848195731639862 | 0 | 1.0
-0.012041191570460796 | 1 | 1.0
-0.020085742697119713 | 0 | 1.0
-0.02418942004442215 | 1 | 1.0
-0.03214186802506447 | 0 | 1.0
-0.036151714622974396 | 1 | 1.0
-0.044006168842315674 | 0 | 1.0
-0.04791581630706787 | 0 | 1.0
Total reward: 31.0
-0.3, 0.5, 6.1, 3.8, 2.6, 1.9, -5.0, 5.2, 1.4, 3.9
parameter ends

state | action | reward
[-0.04] | 1 | 1.0
-0.036845896393060684 | 0 | 1.0
-0.03358415514230728 | 1 | 1.0
-0.034236662089824677 | 0 | 1.0
-0.030997902154922485 | 1 | 1.0
-0.03167199715971947 | 0 | 1.0
-0.028453342616558075 | 1 | 1.0
-0.02914639189839363 | 0 | 1.0
-0.025945493951439857 | 1 | 1.0
-0.026655366644263268 | 1 | 1.0
-0.023470347747206688 | 0 | 1.0
-0.016390914097428322 | 1 | 1.0
-0.013220329768955708 | 0 | 1.0
-0.006151236593723297 | 1 | 1.0
-0.002987330313771963 | 0 | 1.0
0.0040789199993014336 | 1 | 1.0
0.00724365096539259 | 0 | 1.0
0.014314401894807816 | 1 | 1.0
0.017487384378910065 | 0 | 1.0
0.02456999383866787 | 1 | 1.0
0.027758752927184105 | 0 | 1.0
0.0348607562482357 | 0 | 1.0
0.0380731001496315 | 1 | 1.0
0.03739915043115616 | 0 | 1.0
0.040643367916345596 | 1 | 1.0
0.04000246897339821 | 0 | 1.0
0.04328086972236633 | 1 | 1.0
0.04267578572034836 | 0 | 1.0
0.045991476625204086 | 1 | 1.0
0.045425817370414734 | 0 | 1.0
0.048782769590616226 | 1 | 1.0
0.04826106131076813 | 0 | 1.0
0.051664166152477264 | 1 | 1.0
0.05119192972779274 | 0 | 1.0
0.054647088050842285 | 1 | 1.0
0.054230932146310806 | 0 | 1.0
0.05774512514472008 | 0 | 1.0
0.05739285424351692 | 1 | 1.0
0.05317853391170502 | 0 | 1.0
0.052899379283189774 | 1 | 1.0
0.04876066371798515 | 0 | 1.0
0.048558879643678665 | 1 | 1.0
0.04450113698840141 | 0 | 1.0
0.04438260570168495 | 0 | 1.0
0.040412917733192444 | 1 | 1.0
0.032596901059150696 | 0 | 1.0
0.028724296018481255 | 1 | 1.0
0.021008286625146866 | 0 | 1.0
0.017237361520528793 | 1 | 1.0
Total reward: 49.0
-0.3, 0.5, 6.1, 3.8, 2.6, 1.9, -5.0, 5.2, 1.4, 3.9
parameter ends

state | action | reward
[-0.] | 1 | 1.0
-0.0019927031826227903 | 0 | 1.0
0.002034288365393877 | 1 | 1.0
0.0021670907735824585 | 0 | 1.0
0.006211626809090376 | 1 | 1.0
0.006363527849316597 | 0 | 1.0
0.010428636334836483 | 1 | 1.0
0.0106029212474823 | 0 | 1.0
0.014692094177007675 | 1 | 1.0
0.014892563223838806 | 0 | 1.0
0.01900983415544033 | 1 | 1.0
0.019240880385041237 | 0 | 1.0
0.023390905931591988 | 1 | 1.0
0.02365761809051037 | 0 | 1.0
0.027845770120620728 | 1 | 1.0
0.028154026716947556 | 0 | 1.0
0.03238649293780327 | 1 | 1.0
0.03274307772517204 | 0 | 1.0
0.03702696040272713 | 0 | 1.0
0.03743968904018402 | 1 | 1.0
0.03398547321557999 | 0 | 1.0
0.034463413059711456 | 1 | 1.0
0.031076626852154732 | 0 | 1.0
0.031623683869838715 | 1 | 1.0
0.02830922044813633 | 0 | 1.0
0.028930801898241043 | 1 | 1.0
0.025695132091641426 | 0 | 1.0
0.02639816515147686 | 0 | 1.0
0.023249372839927673 | 1 | 1.0
0.016253972426056862 | 0 | 1.0
0.013202021829783916 | 1 | 1.0
0.00630700821056962 | 0 | 1.0
0.003357358742505312 | 0 | 1.0
Total reward: 33.0
