-1.6, -4.5, 4.0, -2.8, -2.2, -2.6, -4.5, 2.3, 2.3, -1.2, 0.2, 0.0, 1.1, -0.8, -2.3, 5.8, 0.4, 2.2
parameter ends

state | action | reward
[7.01] | 2 | -0.5
3.066565898306881 | 2 | -0.5
2.296190860863234 | 2 | -0.5
1.9384873628864117 | 2 | -0.5
1.817745835491007 | 2 | -0.5
1.6589640014809266 | 2 | -0.5
1.637242079041751 | 2 | -0.5
1.607862477587947 | 2 | -0.5
1.6960752582052003 | 2 | -0.5
1.9054749704819582 | 2 | -0.5
2.1030689361150907 | 2 | -0.5
2.6409416646506068 | 2 | -0.5
3.477915351575047 | 2 | -0.5
5.437247792514928 | 2 | -0.5
5.228334485995977 | 2 | -0.5
5.254576284505487 | 2 | -0.5
5.4561007820262155 | 2 | -0.5
5.981711562583985 | 2 | -0.5
2.4945762321500924 | 2 | -0.5
2.0480157481110948 | 2 | -0.5
1.8378681153103804 | 2 | -0.5
1.712883247808027 | 2 | -0.5
1.682970168612238 | 2 | -0.5
1.6676381437883094 | 2 | -0.5
1.7392613621173973 | 2 | -0.5
1.8716868630018848 | 2 | -0.5
2.1620863518082096 | 2 | -0.5
2.687996376244601 | 2 | -0.5
3.4704911562596057 | 2 | -0.5
6.108850777364777 | 2 | -0.5
6.700112324805004 | 2 | -0.5
6.7347828713456215 | 2 | -0.5
7.0824366364545 | 2 | -0.5
3.159319923853794 | 2 | -0.5
2.3780791185452945 | 2 | -0.5
2.0429272131666902 | 2 | -0.5
1.906696139849674 | 2 | -0.5
1.7519582588692955 | 2 | -0.5
1.7405157026311495 | 2 | -0.5
1.7273171515213182 | 2 | -0.5
1.8529093218827528 | 2 | -0.5
1.993372035732577 | 2 | -0.5
2.3506097670122035 | 2 | -0.5
2.909932499214279 | 2 | -0.5
4.234216353590488 | 2 | -0.5
5.293537109533414 | 2 | -0.5
5.19290278365286 | 2 | -0.5
5.2437835666871075 | 2 | -0.5
5.597486297413356 | 2 | -0.5
6.042536972616521 | 2 | -0.5
2.3493860211812647 | 2 | -0.5
2.051369641969051 | 2 | -0.5
1.848029812810788 | 2 | -0.5
1.7571179646136157 | 2 | -0.5
1.7246950188450474 | 2 | -0.5
1.8103266690474313 | 2 | -0.5
1.9130733887845623 | 2 | -0.5
2.1944498223943882 | 2 | -0.5
2.7058645722401287 | 2 | -0.5
3.4765654300352975 | 2 | -0.5
5.845441430307527 | 2 | -0.5
6.7778166558432895 | 2 | -0.5
6.796959450366887 | 2 | -0.5
3.8456473506577646 | 2 | -0.5
2.7419165900329694 | 2 | -0.5
2.0436830138511994 | 2 | -0.5
1.7881779715840704 | 2 | -0.5
1.59901788621622 | 2 | -0.5
1.5685602376259875 | 2 | -0.5
1.5252068584071594 | 2 | -0.5
1.548694204310717 | 2 | -0.5
1.68316117427643 | 2 | -0.5
1.866390989303773 | 2 | -0.5
2.2089043612032557 | 2 | -0.5
2.823403673215165 | 2 | -0.5
4.347227199172454 | 2 | -0.5
5.215309648438955 | 2 | -0.5
5.223857417224499 | 2 | -0.5
5.414585295811893 | 2 | -0.5
5.903659687545213 | 2 | -0.5
6.8456309354556755 | 2 | -0.5
2.362121928874224 | 2 | -0.5
2.114589147611139 | 2 | -0.5
2.0517897727870764 | 2 | -0.5
2.0181234429089296 | 2 | -0.5
2.0744937707081625 | 2 | -0.5
2.1374485793418905 | 2 | -0.5
2.392358984196245 | 2 | -0.5
2.707803219380708 | 2 | -0.5
3.333962085041826 | 2 | -0.5
4.5440277499228685 | 2 | -0.5
6.936930279297204 | 2 | -0.5
6.7259730779742295 | 2 | -0.5
6.7959868539093025 | 2 | -0.5
3.4919781484673873 | 2 | -0.5
2.377125768431532 | 2 | -0.5
1.8126062519042458 | 2 | -0.5
1.5502916165493732 | 2 | -0.5
1.4262252834543967 | 2 | -0.5
1.318244101904852 | 2 | -0.5
1.2997993433513921 | 2 | -0.5
1.3061002631293295 | 2 | -0.5
1.4039087583450782 | 2 | -0.5
1.5569734391721561 | 2 | -0.5
1.8284731540238575 | 2 | -0.5
2.4969894896624307 | 2 | -0.5
3.9268859554988653 | 2 | -0.5
5.084081477366001 | 2 | -0.5
5.127769701039628 | 2 | -0.5
5.35318188934401 | 2 | -0.5
5.91521720103872 | 2 | -0.5
6.786718385616306 | 2 | -0.5
2.4821075075774695 | 2 | -0.5
2.28342543389244 | 2 | -0.5
2.1703806211299397 | 2 | -0.5
2.1455560305741934 | 2 | -0.5
2.1624521177467266 | 2 | -0.5
2.260457690065208 | 2 | -0.5
2.529319293542712 | 2 | -0.5
2.865479214903606 | 2 | -0.5
3.7391297080873946 | 2 | -0.5
5.399949307248297 | 2 | -0.5
6.843823595950672 | 2 | -0.5
6.793743291546765 | 2 | -0.5
6.8760621549210486 | 2 | -0.5
3.015691381003548 | 2 | -0.5
2.0884839069394427 | 2 | -0.5
1.6856253119130333 | 2 | -0.5
1.4836315651467251 | 2 | -0.5
1.342999846427068 | 2 | -0.5
1.2968642569531086 | 2 | -0.5
1.3244731298583314 | 2 | -0.5
1.3482235717957767 | 2 | -0.5
1.3726171319926346 | 2 | -0.5
1.598591166678729 | 2 | -0.5
1.8535499673973708 | 2 | -0.5
2.419565834599483 | 2 | -0.5
3.5738618819565495 | 2 | -0.5
5.168527575264007 | 2 | -0.5
5.118678038469886 | 2 | -0.5
5.301221958681495 | 2 | -0.5
5.667303973538854 | 2 | -0.5
6.490448098000529 | 2 | -0.5
2.715330526776793 | 2 | -0.5
2.3864891108276263 | 2 | -0.5
2.168079685136744 | 2 | -0.5
2.1266449092831095 | 2 | -0.5
2.154970582173578 | 2 | -0.5
2.258382631466047 | 2 | -0.5
2.4610043921489972 | 2 | -0.5
2.9011966096536015 | 2 | -0.5
3.695072947028997 | 2 | -0.5
5.731659296832391 | 2 | -0.5
6.8394076668286505 | 2 | -0.5
6.7655117933506395 | 2 | -0.5
7.063366921690009 | 2 | -0.5
2.5453732278791477 | 2 | -0.5
1.8559287449488246 | 2 | -0.5
1.5330508607315232 | 2 | -0.5
1.4292161024855978 | 2 | -0.5
1.288768810504756 | 2 | -0.5
1.2945142004342347 | 2 | -0.5
1.3519366166443392 | 2 | -0.5
1.3953785991931311 | 2 | -0.5
1.499678645733197 | 2 | -0.5
1.7012877374438178 | 2 | -0.5
2.078451979812836 | 2 | -0.5
2.9956097708412055 | 2 | -0.5
4.863858630908772 | 2 | -0.5
5.042151460024144 | 2 | -0.5
5.068156287068504 | 2 | -0.5
5.350742229205311 | 2 | -0.5
5.765141141639078 | 2 | -0.5
6.566117284671993 | 2 | -0.5
2.491150501313218 | 2 | -0.5
2.2286020706482246 | 2 | -0.5
2.110829625597294 | 2 | -0.5
2.062620775646105 | 2 | -0.5
2.0987961267293285 | 2 | -0.5
2.191394574125389 | 2 | -0.5
2.430472681764484 | 2 | -0.5
2.8160449187998866 | 2 | -0.5
3.467160752170349 | 2 | -0.5
4.8143929213260135 | 2 | -0.5
6.994997129551167 | 2 | -0.5
6.895867862873323 | 2 | -0.5
7.02882288757882 | 2 | -0.5
2.988263740014932 | 2 | -0.5
2.107578202889441 | 2 | -0.5
1.7375008648472279 | 2 | -0.5
1.5130775686331261 | 2 | -0.5
1.4446515394221588 | 2 | -0.5
1.3905707741123596 | 2 | -0.5
1.40417784078123 | 2 | -0.5
1.4262326781151529 | 2 | -0.5
1.4942443019782685 | 2 | -0.5
1.7358896255005138 | 2 | -0.5
2.0899098422638795 | 2 | -0.5
2.700331997175584 | 2 | -0.5
4.4490656173146705 | 2 | -0.5
5.053308812477683 | 2 | -0.5
5.065153127052882 | 2 | -0.5
5.233383512446745 | 2 | -0.5
5.70043917635232 | 2 | -0.5
6.5170419240128625 | 2 | -0.5
2.684906660071777 | 2 | -0.5
2.382080827217087 | 2 | -0.5
2.169355162426929 | 2 | -0.5
2.107189653178437 | 2 | -0.5
2.0968666483840397 | 2 | -0.5
2.2249314919944685 | 2 | -0.5
2.3933443817620277 | 2 | -0.5
2.845356802804635 | 2 | -0.5
3.6522484422266595 | 2 | -0.5
5.329711638696396 | 2 | -0.5
7.009642399646533 | 2 | -0.5
6.900085728357914 | 2 | -0.5
7.025713904622502 | 2 | -0.5
3.0392957531130063 | 2 | -0.5
2.0550134662251534 | 2 | -0.5
1.6921834711665356 | 2 | -0.5
1.4560554717791336 | 2 | -0.5
1.3413371511481245 | 2 | -0.5
1.2890037132253345 | 2 | -0.5
1.2904583658427704 | 2 | -0.5
1.3829649035865454 | 2 | -0.5
1.444788092237164 | 2 | -0.5
1.6119917272853683 | 2 | -0.5
1.885896145121381 | 2 | -0.5
2.5745514273105377 | 2 | -0.5
4.850236879781036 | 2 | -0.5
5.091754343069324 | 2 | -0.5
5.153850637460545 | 2 | -0.5
5.380238294990446 | 2 | -0.5
6.006047942004442 | 2 | -0.5
6.814651695754068 | 2 | -0.5
2.5902831263533983 | 2 | -0.5
2.3070635220526725 | 2 | -0.5
2.1592559821563837 | 2 | -0.5
2.122681650004629 | 2 | -0.5
2.154559151169003 | 2 | -0.5
2.3195813667528205 | 2 | -0.5
2.6085142872671923 | 2 | -0.5
3.203335825748049 | 2 | -0.5
4.342652101976561 | 2 | -0.5
6.768325400157682 | 2 | -0.5
6.766183424008715 | 2 | -0.5
6.7683817879102985 | 2 | -0.5
3.2767038510228463 | 2 | -0.5
2.111790474492106 | 2 | -0.5
1.7370925462676008 | 2 | -0.5
1.5049448248487165 | 2 | -0.5
1.335574981525834 | 2 | -0.5
1.2746878977683258 | 2 | -0.5
1.2660485855433563 | 2 | -0.5
1.2728886983697074 | 2 | -0.5
1.3100991555746468 | 2 | -0.5
1.506416078308381 | 2 | -0.5
1.7697118041506377 | 2 | -0.5
2.2736700267577223 | 2 | -0.5
3.538744999439323 | 2 | -0.5
5.191070984118733 | 2 | -0.5
5.192501889519214 | 2 | -0.5
5.22559555091375 | 2 | -0.5
5.501806648737196 | 2 | -0.5
6.0885834920700885 | 2 | -0.5
7.152796570634778 | 2 | -0.5
2.8082324365710893 | 2 | -0.5
2.533325812610257 | 2 | -0.5
2.3868036962260795 | 2 | -0.5
2.3161387956673645 | 2 | -0.5
2.3269554318626793 | 2 | -0.5
2.412168684806866 | 2 | -0.5
2.6632742069057 | 2 | -0.5
3.072885290899498 | 2 | -0.5
3.67119370563077 | 2 | -0.5
4.994170538264804 | 2 | -0.5
6.94429501145553 | 2 | -0.5
6.7435137682408515 | 2 | -0.5
6.762198492766896 | 2 | -0.5
3.191035456415722 | 2 | -0.5
2.03334411709945 | 2 | -0.5
1.6541948057006077 | 2 | -0.5
1.401941535248918 | 2 | -0.5
1.2263980474721465 | 2 | -0.5
1.172686259735737 | 2 | -0.5
1.1517392140102576 | 2 | -0.5
1.1326161777993173 | 2 | -0.5
1.2437694737145073 | 2 | -0.5
1.3168983865701238 | 2 | -0.5
1.53093313536525 | 2 | -0.5
1.8551090446539487 | 2 | -0.5
2.3977780297138604 | 2 | -0.5
3.944449053365707 | 2 | -0.5
5.168238712416567 | 2 | -0.5
5.20723872470183 | 2 | -0.5
5.362204982028893 | 2 | -0.5
5.818972994559141 | 2 | -0.5
6.662302393104309 | 2 | -0.5
2.6913432404630906 | 2 | -0.5
2.4742733863579387 | 2 | -0.5
2.3500079175128046 | 2 | -0.5
2.275044798759896 | 2 | -0.5
2.3243506228215867 | 2 | -0.5
2.3974967131573885 | 2 | -0.5
2.5869859752643443 | 2 | -0.5
3.0046915364193354 | 2 | -0.5
3.5277833255224578 | 2 | -0.5
4.868784518987667 | 2 | -0.5
6.9496965242417055 | 2 | -0.5
6.7600721458455695 | 2 | -0.5
6.747933440583295 | 2 | -0.5
3.6290510742276476 | 2 | -0.5
2.2018336963701945 | 2 | -0.5
1.5885327081480038 | 2 | -0.5
1.3936267828340674 | 2 | -0.5
1.2540574848855919 | 2 | -0.5
1.128016229842962 | 2 | -0.5
1.1579097911941498 | 2 | -0.5
1.177402056406748 | 2 | -0.5
1.1711570539047953 | 2 | -0.5
1.2037554666056667 | 2 | -0.5
1.3611522907176454 | 2 | -0.5
1.6123577951212558 | 2 | -0.5
2.087224786281827 | 2 | -0.5
3.2896399747751692 | 2 | -0.5
5.1980591885505385 | 2 | -0.5
5.215758261902487 | 2 | -0.5
5.448629794421301 | 2 | -0.5
5.871662590067306 | 2 | -0.5
6.794617713032542 | 2 | -0.5
2.8294288784762105 | 2 | -0.5
2.489162659576022 | 2 | -0.5
2.3165866581516 | 2 | -0.5
2.240895191383625 | 2 | -0.5
2.2604113138430413 | 2 | -0.5
2.39567358063735 | 2 | -0.5
2.629534953702267 | 2 | -0.5
2.8944721552471613 | 2 | -0.5
3.5317932536553376 | 2 | -0.5
4.741634113035433 | 2 | -0.5
6.925435535821418 | 2 | -0.5
6.683137365747651 | 2 | -0.5
6.745149772720536 | 2 | -0.5
3.0358834592199884 | 2 | -0.5
1.9495561754035708 | 2 | -0.5
1.513512830152575 | 2 | -0.5
1.4190381449356608 | 2 | -0.5
1.253316327266406 | 2 | -0.5
1.182956672602756 | 2 | -0.5
1.1417483226986787 | 2 | -0.5
1.194602237770528 | 2 | -0.5
1.194493139556739 | 2 | -0.5
1.3256985767461733 | 2 | -0.5
1.518186166639488 | 2 | -0.5
1.7783518884423684 | 2 | -0.5
2.272728139271492 | 2 | -0.5
3.8142660106503743 | 2 | -0.5
5.232582312862165 | 2 | -0.5
5.289989708061616 | 2 | -0.5
5.490173796300327 | 2 | -0.5
6.0498798875484585 | 2 | -0.5
7.064063923596894 | 2 | -0.5
2.766139252051221 | 2 | -0.5
2.4102277291060807 | 2 | -0.5
2.31902731972963 | 2 | -0.5
2.299383625142138 | 2 | -0.5
2.3147917346795253 | 2 | -0.5
2.4397354013002768 | 2 | -0.5
2.615018515531282 | 2 | -0.5
3.0027769682954104 | 2 | -0.5
3.7418136115807394 | 2 | -0.5
5.057670234121565 | 2 | -0.5
6.83303358583037 | 2 | -0.5
6.636893310364242 | 2 | -0.5
6.78609408263392 | 2 | -0.5
2.5067674766057406 | 2 | -0.5
1.8499207668795583 | 2 | -0.5
1.5096648558919377 | 2 | -0.5
1.302043666301305 | 2 | -0.5
1.163567380261933 | 2 | -0.5
1.1104051565225375 | 2 | -0.5
1.1030750118564603 | 2 | -0.5
1.1330932649682512 | 2 | -0.5
1.141410963710101 | 2 | -0.5
1.250590441341722 | 2 | -0.5
1.4430267389475453 | 2 | -0.5
1.7699702185587471 | 2 | -0.5
2.434191893966896 | 2 | -0.5
4.0508998209634655 | 2 | -0.5
5.264639283044316 | 2 | -0.5
5.338027417103962 | 2 | -0.5
5.6071085971047765 | 2 | -0.5
6.099527960885132 | 2 | -0.5
7.263241826928518 | 2 | -0.5
2.7453891252869447 | 2 | -0.5
2.5215877696027973 | 2 | -0.5
2.3617771781887713 | 2 | -0.5
2.3240984710361006 | 2 | -0.5
2.382565866936922 | 2 | -0.5
2.5553724433273937 | 2 | -0.5
2.832620264759306 | 2 | -0.5
3.251545776808665 | 2 | -0.5
4.273609275684019 | 2 | -0.5
6.399672230123592 | 2 | -0.5
6.661593686141605 | 2 | -0.5
6.603172723030766 | 2 | -0.5
2.609647797049251 | 2 | -0.5
1.6670187574645132 | 2 | -0.5
1.3230066369826914 | 2 | -0.5
1.147235940813476 | 2 | -0.5
1.028034469416143 | 2 | -0.5
0.9051776868313026 | 2 | -0.5
0.9329045307826925 | 2 | -0.5
0.8722942015836376 | 2 | -0.5
0.9697403918696745 | 2 | -0.5
0.9902220020368052 | 2 | -0.5
1.1078952777123312 | 2 | -0.5
1.3231810404470388 | 2 | -0.5
1.7068441679010484 | 2 | -0.5
2.5399726897427066 | 0 | 5.0
1.8219987740055188 | 0 | -200.0
Total reward: -405.0
