2.8, 4.9, -2.8, -1.5, -1.6, -3.5, -1.4, -4.0, -1.5, 1.9
parameter ends

state | action | reward
[0.05] | [-0.73] | 9.251393334814365
0.004852329838720151 | [16.7] | 9.328536535649514
-0.026040944398572193 | [-2.02] | 9.179217085279172
-0.05950789907557303 | [20.77] | 9.23065716999858
-0.09661281503618276 | [10.67] | 9.242675002951007
-0.04134169601524443 | [5.09] | 9.255661103622575
0.10728175311743127 | [-4.26] | 9.133976526706062
0.25371453492694473 | [12.56] | 9.064599406434194
0.39944084818443026 | [-1.33] | -1.2770280110006609
Total reward: 72.4096881544548
2.8, 4.9, -2.8, -1.5, -1.6, -3.5, -1.4, -4.0, -1.5, 1.9
parameter ends

state | action | reward
[-0.02] | [-2.] | 9.17051097231575
-0.07217880048376896 | [21.73] | 9.294580166655535
-0.1230630632126463 | [4.68] | 9.297620799288627
-0.07715457077901963 | [-9.44] | 9.243468267232432
-0.035423343766752165 | [13.09] | 9.294491014302428
0.0022540838143650117 | [2.] | 9.304706465167166
0.13581309696356783 | [-10.47] | 9.231221832860417
0.2665461141193447 | [11.05] | 9.238097352655835
0.39579901333080564 | [-3.75] | 8.973203241173593
0.5239148615439513 | [18.66] | -1.0915120789062527
Total reward: 81.95638803274554
2.8, 4.9, -2.8, -1.5, -1.6, -3.5, -1.4, -4.0, -1.5, 1.9
parameter ends

state | action | reward
[-0.03] | [-0.64] | 9.271943433369252
-0.06855568251011385 | [15.06] | 9.3365052006227
-0.08957407908937637 | [-3.12] | 9.198152408859729
-0.11318246892828754 | [19.95] | 9.256420635435637
-0.14027959866283227 | [9.39] | 9.271608822178028
-0.07291455997497207 | [1.95] | 9.242983848472146
0.09125661019010611 | [-12.33] | 9.171763149218226
0.2543451180930494 | [6.8] | 9.018531424599276
0.41759537436077643 | [-15.94] | -1.1833556043956241
Total reward: 72.58455331835937
2.8, 4.9, -2.8, -1.5, -1.6, -3.5, -1.4, -4.0, -1.5, 1.9
parameter ends

state | action | reward
[0.09] | [-0.35] | 9.330429614610809
0.07051433013555936 | [8.56] | 9.308565282192921
0.08925273187872126 | [-13.2] | 9.31106111839174
0.10798105924311381 | [10.39] | 9.307594823543633
0.12721816228620544 | [-12.08] | 9.28655231266864
0.14735275243694096 | [11.38] | 9.284345284890845
0.16880781846710632 | [-11.51] | 9.242970029702962
0.19207898714278215 | [11.96] | 9.222127230281929
0.21751255244528975 | [-11.56] | 9.159244258378434
0.24584760482960996 | [11.63] | 9.080075349336687
0.2771002827916202 | [-12.93] | 8.997305039021514
0.3122919425379281 | [8.45] | -1.2158933386941615
Total reward: 100.31437700432595
2.8, 4.9, -2.8, -1.5, -1.6, -3.5, -1.4, -4.0, -1.5, 1.9
parameter ends

state | action | reward
[0.03] | [-0.54] | 9.283754956969311
0.0013814165394318342 | [12.41] | 9.312220466094978
-0.00916050440049385 | [-8.4] | 9.245446218403252
-0.022280671831265156 | [15.48] | 9.313307109184409
-0.03867027963275531 | [-1.43] | 9.16031695605744
-0.05815356260419964 | [20.35] | 9.186705375661122
-0.08151172699443801 | [12.4] | 9.175083029984147
-0.014219326976426465 | [9.24] | 9.168654682834383
0.14454711467467934 | [3.28] | 9.061979152793104
0.4018516799306146 | [-16.05] | -1.0613115348582591
Total reward: 81.84615641312388
2.8, 4.9, -2.8, -1.5, -1.6, -3.5, -1.4, -4.0, -1.5, 1.9
parameter ends

state | action | reward
[0.07] | [-0.39] | 9.317652716946483
0.055002786131143434 | [10.27] | 9.333014039093092
0.07261555897716308 | [-8.82] | 9.259957754972325
0.08862932003444991 | [15.76] | 9.328016661939628
0.10309829335939304 | [-1.11] | 9.12662832891548
0.11592900655874637 | [22.72] | 9.173209514100371
0.12688915666841796 | [10.97] | 9.099404497735032
0.23947274642276065 | [-3.38] | -1.169921084105554
Total reward: 63.46796242959687
2.8, 4.9, -2.8, -1.5, -1.6, -3.5, -1.4, -4.0, -1.5, 1.9
parameter ends

state | action | reward
[-0.06] | [-2.06] | 9.18241520885012
-0.10697409715918577 | [21.82] | 9.30414906393347
-0.15652217276174937 | [5.91] | 9.31772457093343
-0.10837117897280638 | [-6.33] | 9.22078953915484
-0.06398639906000275 | [15.47] | 9.249313169067658
-0.023099591057678073 | [6.63] | 9.234215720585537
0.1150965201247706 | [-4.25] | 9.04874851661969
0.2513623303661149 | [14.74] | -1.0428381450525122
Total reward: 63.51451764409224
2.8, 4.9, -2.8, -1.5, -1.6, -3.5, -1.4, -4.0, -1.5, 1.9
parameter ends

state | action | reward
[0.08] | [-1.72] | 9.186398157562717
0.02964360714960968 | [22.01] | 9.313289236042285
-0.022206913884784105 | [5.01] | 9.313384727778312
0.02427083769926364 | [-9.31] | 9.258046016562421
0.06710604334120211 | [13.7] | 9.309738407229643
0.10659917603329705 | [1.53] | 9.27794776892388
0.24512890285965477 | [-14.02] | 9.227876310379372
0.38209179303579127 | [8.63] | 9.163486785857732
0.5189142339695467 | [-12.41] | 8.966453631457323
0.6564811708463448 | [12.22] | -1.219554278871611
Total reward: 81.79706676292207
2.8, 4.9, -2.8, -1.5, -1.6, -3.5, -1.4, -4.0, -1.5, 1.9
parameter ends

state | action | reward
[0.04] | [-0.45] | 9.321688599961574
0.001949205024661331 | [10.78] | 9.326935715459435
-0.007677369221050333 | [-10.27] | 9.294304632113299
-0.018462984473460675 | [13.83] | 9.344835105627093
-0.030598199312900955 | [-5.68] | 9.233755558102297
-0.04440389696140046 | [18.67] | 9.316134764476278
-0.06049278470543165 | [4.14] | 9.284146323004842
0.024045023948639225 | [-11.66] | 9.222027025042564
0.10696826903273834 | [11.98] | 9.19494988087297
0.1895798357478634 | [-7.6] | 8.967253472558424
0.27262106496265726 | [17.47] | -1.1273586520322074
Total reward: 91.37867242518656
2.8, 4.9, -2.8, -1.5, -1.6, -3.5, -1.4, -4.0, -1.5, 1.9
parameter ends

state | action | reward
[0.08] | [-1.23] | 9.167309184062814
0.02499833665273723 | [22.56] | 9.290353319257862
-0.027806912702509692 | [5.92] | 9.301109298899537
0.015789641984618928 | [-8.07] | 9.244191888582977
0.0552685660546739 | [14.39] | 9.298405008866643
0.09095494812186142 | [3.09] | 9.295286015843606
0.2238537306512325 | [-10.72] | 9.22005501953191
0.35462736309432674 | [10.98] | 9.19333572198504
0.48474397492049565 | [-7.07] | 8.937433715973125
0.6147557476526804 | [16.59] | -1.1870625964897419
Total reward: 81.76041657651378
2.8, 4.9, -2.8, -1.5, -1.6, -3.5, -1.4, -4.0, -1.5, 1.9
parameter ends

state | action | reward
[-0.05] | [-1.15] | 9.185628698446717
-0.11200519360504822 | [22.91] | 9.298434268509897
-0.17093673667302747 | [8.16] | 9.311482832123598
-0.13148841097773822 | [-3.06] | 9.177267458777544
-0.09532238627961764 | [18.24] | 9.18062819290324
-0.061921914674498896 | [9.36] | 9.107573919593346
0.07128210931908668 | [-4.09] | -1.1395199533113032
Total reward: 54.12149541704304
2.8, 4.9, -2.8, -1.5, -1.6, -3.5, -1.4, -4.0, -1.5, 1.9
parameter ends

state | action | reward
[-0.01] | [-1.23] | 9.192404283509251
-0.06165633483365341 | [22.37] | 9.334898358578913
-0.1175293086099248 | [4.17] | 9.301017740109417
-0.07136338119549056 | [-12.99] | 9.28489108583874
-0.027021381649776077 | [11.43] | 9.304109713974448
0.01642611808520849 | [-7.34] | 9.153277430948735
0.05932139265618624 | [17.94] | 9.19053377988608
0.10212387402672288 | [-0.23] | 9.0469287349258
0.18574597766252923 | [6.97] | -1.2192951621414592
Total reward: 72.58876596562992
2.8, 4.9, -2.8, -1.5, -1.6, -3.5, -1.4, -4.0, -1.5, 1.9
parameter ends

state | action | reward
[0.08] | [-0.29] | 9.335065114858288
0.06028529203888846 | [7.67] | 9.309637359679488
0.07525907385869038 | [-13.08] | 9.315296790836154
0.08882131682421016 | [10.73] | 9.331213635681458
0.10132136497707782 | [-10.38] | 9.287220509992808
0.11273146055778152 | [13.79] | 9.344836198510796
0.1230260473333707 | [-5.76] | 9.218190100491967
0.1319598290674412 | [18.87] | 9.302856377639664
0.13914146436628683 | [3.81] | 9.236897499198616
0.2486751695587514 | [-14.02] | 9.174065025152464
0.35757956790156803 | [9.75] | 9.059403765663221
0.4669408370883605 | [-13.81] | -1.126234446641883
Total reward: 100.78844793106303
2.8, 4.9, -2.8, -1.5, -1.6, -3.5, -1.4, -4.0, -1.5, 1.9
parameter ends

state | action | reward
[-0.] | [-0.37] | 9.325535058335296
-0.023537327582932352 | [9.29] | 9.324446098377788
-0.012548779020092018 | [-11.21] | 9.295018073835294
-0.002951604264346506 | [12.96] | 9.343508474867377
0.005361260482174699 | [-6.53] | 9.229568181063842
0.012212356585349433 | [18.06] | 9.312139347517208
0.017279343340906035 | [2.67] | 9.236735799343453
0.12479441459879796 | [-15.8] | 9.204747951083357
0.23177875104075593 | [7.99] | 9.07706623082731
0.33927229566321715 | [-16.22] | -1.0539933929204635
Total reward: 82.29477182233047
2.8, 4.9, -2.8, -1.5, -1.6, -3.5, -1.4, -4.0, -1.5, 1.9
parameter ends

state | action | reward
[0.01] | [-1.06] | 9.180950358533247
-0.04461394977612844 | [23.13] | 9.316586201334337
-0.10172027987452259 | [6.08] | 9.295620074192103
-0.05679782397072082 | [-9.54] | 9.218190411437481
-0.013653910539204108 | [14.79] | 9.235214243192853
0.028587162455885773 | [-1.98] | 8.974958764265299
0.07026278308460186 | [22.49] | -1.0468388818403918
Total reward: 54.17468117111492
2.8, 4.9, -2.8, -1.5, -1.6, -3.5, -1.4, -4.0, -1.5, 1.9
parameter ends

state | action | reward
[-0.02] | [-0.74] | 9.257103606584874
-0.0628300697835007 | [16.69] | 9.344308310422884
-0.09055989423143568 | [-3.17] | 9.198822233948684
-0.12029418396066496 | [20.42] | 9.274412154766713
-0.153173349560441 | [8.36] | 9.293795824116295
-0.09051410832047577 | [-0.59] | 9.208738857688912
-0.010737331910527899 | [12.64] | 9.192402633153936
0.08756429885513263 | [2.71] | 9.019174050901164
0.2877155016106603 | [-18.58] | -1.0941894893576058
Total reward: 72.69456818222585
2.8, 4.9, -2.8, -1.5, -1.6, -3.5, -1.4, -4.0, -1.5, 1.9
parameter ends

state | action | reward
[-0.08] | [0.12] | 9.358121922011504
-0.08001014331572108 | [-2.13] | 9.198795161571887
-0.1284661659680996 | [21.85] | 9.319243505174455
-0.1787837632306362 | [5.64] | 9.31822019614978
-0.12972846983913586 | [-8.79] | 9.24773535097965
-0.08357512465166224 | [14.55] | 9.288354910064287
-0.03957332059662688 | [0.56] | 9.225184533404738
0.08409082732657366 | [-9.37] | 9.046091008651901
0.18428450063552818 | [14.71] | -1.051175076442436
Total reward: 72.95057151156577
2.8, 4.9, -2.8, -1.5, -1.6, -3.5, -1.4, -4.0, -1.5, 1.9
parameter ends

state | action | reward
[0.07] | [-1.35] | 9.20561185925781
0.004908428725872556 | [22.01] | 9.33820729118264
-0.05761597182043782 | [3.4] | 9.29338780487952
-0.019057940157115177 | [-14.44] | 9.318730503149398
0.017185983245948833 | [9.54] | 9.328581869554572
0.052051970025444705 | [-10.33] | 9.265377078418283
0.08581629314304423 | [14.27] | 9.319215162584088
0.11890161478203483 | [-4.79] | 9.137312081638804
0.15135261262885533 | [20.4] | 9.197201476176327
0.1832870229136665 | [3.88] | 8.997566593981372
0.32018813226628073 | [-19.37] | -1.0864246903144712
Total reward: 91.31476703050834
2.8, 4.9, -2.8, -1.5, -1.6, -3.5, -1.4, -4.0, -1.5, 1.9
parameter ends

state | action | reward
[0.05] | [-2.2] | 9.195338264711017
0.004530705875684743 | [21.45] | 9.336492166018056
-0.04247662905779309 | [2.72] | 9.278042557379276
0.013745520654165757 | [-15.71] | 9.295231110637642
0.06893743149475116 | [8.79] | 9.27225931181691
0.12419497205075902 | [-12.53] | 9.200724556188653
0.1803200298157667 | [12.41] | 9.176972253874759
0.23790174074366552 | [-10.52] | 9.015505951238712
0.2977364635037108 | [14.9] | -1.0757251297648984
Total reward: 72.69484104210012
2.8, 4.9, -2.8, -1.5, -1.6, -3.5, -1.4, -4.0, -1.5, 1.9
parameter ends

state | action | reward
[-0.08] | [-1.3] | 9.179311535179675
-0.14032815118531933 | [22.57] | 9.292399026422428
-0.19937001467716478 | [7.38] | 9.312665997108963
-0.16185472045476368 | [-4.04] | 9.205434471922356
-0.12828755086879048 | [16.93] | 9.222545356300895
-0.09831594737621227 | [9.23] | 9.203281414783472
0.028087584972293987 | [-0.32] | 9.082862880925653
0.18758690562968183 | [5.1] | -1.1616284713220828
Total reward: 63.33687221132137
