-0.2, 0.1, 2.1, -1.3, -2.8, 4.8, 2.2, 0.2, -3.6, -1.4, 2.5, -1.8, -1.4, -2.2, 6.0, 1.0, 2.0, -9.0
parameter ends

state | action | reward
[2.22] | 1 | -0.5
1.7746023096808436 | 1 | -0.5
1.587191157859181 | 1 | -0.5
1.495246825214586 | 0 | 5.0
1.4853902836215975 | 0 | 5.0
1.3794740029411603 | 1 | -0.5
1.3307197308264134 | 0 | 5.0
1.3243121302167227 | 0 | 5.0
1.338391509080547 | 0 | 5.0
1.2732091370947214 | 2 | -0.5
1.3305957893417695 | 1 | -0.5
1.2822501602472232 | 2 | -0.5
1.3083110484302403 | 1 | -0.5
1.3107939710807668 | 2 | -0.5
1.3376075395237603 | 1 | -0.5
1.2495952243952007 | 2 | -0.5
1.3050313691872324 | 1 | -0.5
1.2674601134962225 | 2 | -0.5
1.3291781475593925 | 1 | -0.5
1.257568788715603 | 2 | -0.5
1.33089286024481 | 1 | -0.5
1.2631913711034852 | 2 | -0.5
1.283766303652921 | 2 | -0.5
1.3754289013874077 | 1 | -0.5
1.2151760024114358 | 2 | -0.5
1.3026868710362793 | 1 | -0.5
1.2072455379604925 | 2 | -0.5
1.240779267429232 | 2 | -0.5
1.398075872971735 | 1 | -0.5
1.2100024457433158 | 2 | -0.5
1.3381193074911255 | 1 | -0.5
1.1567096543950317 | 2 | -0.5
1.292920263754312 | 1 | -0.5
1.1388891807443682 | 2 | -0.5
1.2290693365689078 | 2 | -0.5
1.388523682453769 | 1 | -0.5
1.1358249332396702 | 2 | -0.5
1.300219952245042 | 1 | -0.5
1.1289973562901248 | 2 | -0.5
1.226535316345045 | 2 | -0.5
1.4180156778564923 | 1 | -0.5
1.1458482512700519 | 2 | -0.5
1.34075233232937 | 1 | -0.5
1.080481065292127 | 2 | -0.5
1.290834740591167 | 0 | 5.0
1.0706745333484637 | 2 | -0.5
1.2340700318864002 | 0 | 5.0
0.9742038296981503 | 0 | 5.0
0.5903328668189538 | 0 | 5.0
0.6538632768769904 | 0 | 5.0
0.7700499707082807 | 0 | 5.0
0.8657361404347574 | 2 | -0.5
0.8081801694105367 | 0 | 5.0
0.859968071814312 | 0 | 5.0
0.8941238049862004 | 0 | 5.0
0.9227697896658216 | 0 | 5.0
1.0306582480451174 | 0 | 5.0
1.0968968660222085 | 0 | 5.0
1.1663483139375044 | 0 | 5.0
1.2448795146569456 | 0 | 5.0
1.3165067430748942 | 0 | 5.0
1.380821596912644 | 0 | 5.0
1.423877162778758 | 0 | 5.0
1.5269282253830372 | 0 | 5.0
1.5765950098533688 | 0 | 5.0
1.6072111310716557 | 0 | 5.0
1.6883180594886835 | 0 | 5.0
1.730955828256725 | 0 | 5.0
1.7956710805768807 | 2 | -0.5
1.7588964011844381 | 0 | 5.0
1.7786149522268693 | 0 | 5.0
1.8176015337510496 | 0 | 5.0
1.8492064933762398 | 0 | 5.0
1.8282595267972503 | 0 | 5.0
1.9319113187450394 | 0 | 5.0
1.9142550291379372 | 0 | 5.0
2.0109747117987786 | 0 | 5.0
2.0153675992624853 | 0 | 5.0
2.07665746063565 | 0 | 5.0
2.0895846570100676 | 0 | 5.0
2.0928821622547042 | 0 | 5.0
2.1070260134387335 | 0 | 5.0
2.1442583909631425 | 0 | 5.0
2.1711957535456494 | 0 | 5.0
2.1791415185209324 | 0 | 5.0
2.2143090884036574 | 0 | 5.0
2.2457172151908624 | 0 | 5.0
2.2307581485543846 | 0 | 5.0
2.245356708203332 | 0 | 5.0
2.2776396661835676 | 0 | 5.0
2.3250950082721062 | 0 | 5.0
2.2912029572947765 | 0 | 5.0
2.3425290872220694 | 0 | 5.0
2.3292751496795274 | 0 | 5.0
2.324144732105897 | 0 | 5.0
2.3819496871314083 | 0 | 5.0
2.3613749317617576 | 0 | 5.0
2.3816547366635965 | 0 | 5.0
2.402400279129624 | 0 | 5.0
2.4144346884867915 | 0 | 5.0
2.4218014755012636 | 0 | 5.0
2.3913171871375747 | 0 | 5.0
2.441385733183055 | 0 | 5.0
2.4302580188826304 | 0 | 5.0
2.445247078700261 | 0 | 5.0
2.4607740509621516 | 0 | 5.0
2.4720451706192104 | 0 | 5.0
2.503093810381119 | 0 | 5.0
2.4556115095026483 | 2 | -0.5
2.5050921265129444 | 0 | 5.0
2.510407095515645 | 0 | 5.0
2.5011062022516044 | 0 | 5.0
2.4199527234058733 | 0 | 5.0
2.383839062367567 | 0 | 5.0
2.3684691132705864 | 2 | -0.5
2.4892503889445994 | 0 | 5.0
2.4465604253445403 | 0 | 5.0
2.37212486257561 | 0 | 5.0
2.3451033899019245 | 0 | 5.0
2.2472128273764627 | 0 | 5.0
2.194813595396712 | 2 | -0.5
2.3901194709921727 | 1 | -0.5
2.120620117295479 | 2 | -0.5
2.318940469958982 | 1 | -0.5
2.134466545723288 | 2 | -0.5
2.3149304081052477 | 1 | -0.5
2.129673537994692 | 2 | -0.5
2.2951561798942968 | 1 | -0.5
2.0896983982007753 | 2 | -0.5
2.236328426258888 | 1 | -0.5
2.0542678401254086 | 2 | -0.5
2.1929166445201105 | 1 | -0.5
1.9967317999049643 | 2 | -0.5
2.157512604468299 | 2 | -0.5
2.422046443690734 | 1 | -0.5
2.060244107580167 | 2 | -0.5
2.3541455979628068 | 1 | -0.5
2.081514538416763 | 2 | -0.5
2.3754202857944557 | 1 | -0.5
2.010881560971228 | 2 | -0.5
2.3090484813726198 | 1 | -0.5
1.9699885437629634 | 2 | -0.5
2.289616213802757 | 1 | -0.5
1.988340425283569 | 2 | -0.5
2.1915295999252855 | 1 | -0.5
1.9130136633496344 | 2 | -0.5
2.122858923098083 | 2 | -0.5
2.6170369114275807 | 0 | 5.0
2.389896772562281 | 0 | 5.0
2.171752274597228 | 0 | 5.0
1.903194805570661 | 2 | -0.5
2.8494873461572787 | 0 | 5.0
2.2739886898643857 | 0 | 5.0
1.6881871005618048 | 0 | 5.0
1.2603956207058278 | 0 | 5.0
0.8959640158400671 | 0 | 5.0
0.8469647977728002 | 0 | 5.0
0.9505410963922393 | 0 | 5.0
1.0092667764166054 | 0 | 5.0
1.0773157157789182 | 2 | -0.5
1.0505116923584343 | 0 | 5.0
1.1098240377506483 | 0 | 5.0
1.2022926404932621 | 0 | 5.0
1.2446353657025002 | 0 | 5.0
1.332229738942004 | 0 | 5.0
1.3753053975089229 | 0 | 5.0
1.4328186613584735 | 0 | 5.0
1.5418511062872104 | 0 | 5.0
1.5650743563981075 | 0 | 5.0
1.660044242844896 | 2 | -0.5
1.6010189699294488 | 0 | 5.0
1.6375354584992252 | 0 | 5.0
1.6991941326517161 | 0 | 5.0
1.7009579708119131 | 0 | 5.0
1.7695099775283534 | 0 | 5.0
1.827120758825608 | 0 | 5.0
1.9041458770332456 | 0 | 5.0
1.9553663336058649 | 0 | 5.0
1.9833259292435519 | 2 | -0.5
1.9432236957191868 | 0 | 5.0
1.945540450868446 | 0 | 5.0
1.9218170988102399 | 0 | 5.0
1.9371139257768442 | 0 | 5.0
2.002741205280635 | 0 | 5.0
1.9526110646096901 | 0 | 5.0
1.9622100623184358 | 0 | 5.0
1.9886128145181152 | 0 | 5.0
1.923141920914096 | 0 | 5.0
1.9533968125296857 | 0 | 5.0
1.945881137226143 | 0 | 5.0
1.926848347040161 | 0 | 5.0
1.89414377880064 | 0 | 5.0
1.8902268376228626 | 0 | 5.0
1.8937803250005345 | 0 | 5.0
1.8493162630706736 | 0 | 5.0
1.8571222523783395 | 0 | 5.0
1.819500309270153 | 0 | 5.0
1.8187455599118538 | 0 | 5.0
1.793863684313888 | 0 | 5.0
1.820064747424237 | 0 | 5.0
1.7439883414157777 | 0 | 5.0
1.7283084863359535 | 0 | 5.0
1.718905579924031 | 0 | 5.0
1.691030606219078 | 0 | 5.0
1.6906809629965258 | 0 | 5.0
1.642765326380497 | 0 | 5.0
1.6367701517537383 | 0 | 5.0
1.6195159749468102 | 0 | 5.0
1.586971033235865 | 0 | 5.0
1.5793968024120832 | 0 | 5.0
1.5484783596793452 | 0 | 5.0
1.554936609649285 | 0 | 5.0
1.5073142912814859 | 0 | 5.0
1.4563729875709537 | 0 | 5.0
1.4687727498797147 | 0 | 5.0
1.4552686389308476 | 0 | 5.0
1.4401876486709415 | 0 | 5.0
1.4275392522458565 | 0 | 5.0
1.424114206405389 | 0 | 5.0
1.354340121539103 | 0 | 5.0
1.369422084309989 | 0 | 5.0
1.3727037711073424 | 0 | 5.0
1.3834283542420778 | 0 | 5.0
1.3734348868402726 | 0 | 5.0
1.3676735497207384 | 0 | 5.0
1.3142203274251636 | 0 | 5.0
1.3425177666989723 | 2 | -0.5
1.3844092925969933 | 1 | -0.5
1.3222466217011455 | 2 | -0.5
1.348584989792505 | 1 | -0.5
1.3013340393189228 | 2 | -0.5
1.346764782459131 | 1 | -0.5
1.2585119203304111 | 2 | -0.5
1.3388699659639958 | 2 | -0.5
1.4326476359188367 | 1 | -0.5
1.286100761595835 | 2 | -0.5
1.3337147072323623 | 1 | -0.5
1.254927761167963 | 2 | -0.5
1.3175141581234875 | 1 | -0.5
1.2348995531631928 | 2 | -0.5
1.3057723723934553 | 2 | -0.5
1.4008347164528399 | 1 | -0.5
1.2010701868180207 | 2 | -0.5
1.3274435177932635 | 1 | -0.5
1.1841888593650924 | 2 | -0.5
1.3530229714691506 | 2 | -0.5
1.5091204065925603 | 1 | -0.5
1.2484901830997723 | 2 | -0.5
1.4433604222254082 | 1 | -0.5
1.1914269509860997 | 2 | -0.5
1.2991401572160086 | 1 | -0.5
1.0831247066726502 | 2 | -0.5
1.2163501563312071 | 2 | -0.5
1.3894140706125093 | 0 | 5.0
1.1873406458054092 | 2 | -0.5
1.344674005161769 | 0 | 5.0
1.082504463807962 | 0 | 5.0
0.7711873164544248 | 0 | 5.0
0.5650358657212208 | 0 | 5.0
0.7091931992105127 | 2 | -0.5
0.623228910884207 | 0 | 5.0
0.7602845619802779 | 0 | 5.0
0.8475673868041025 | 0 | 5.0
0.8879827509292334 | 0 | 5.0
0.9748706212313604 | 0 | 5.0
1.0335079578923292 | 0 | 5.0
1.1208256260858165 | 0 | 5.0
1.1360674326349953 | 0 | 5.0
1.2263300634153231 | 0 | 5.0
1.3088856019596178 | 0 | 5.0
1.4142126379996727 | 0 | 5.0
1.4871189001321405 | 0 | 5.0
1.5069805494856883 | 0 | 5.0
1.5905497217627556 | 2 | -0.5
1.5274758286738186 | 0 | 5.0
1.567982597054494 | 0 | 5.0
1.5946648816064564 | 0 | 5.0
1.6640988287085177 | 2 | -0.5
1.594640583123946 | 0 | 5.0
1.6261375164886331 | 0 | 5.0
1.6147953404817619 | 0 | 5.0
1.5956654577887244 | 0 | 5.0
1.63866807381625 | 0 | 5.0
1.6015873474728415 | 2 | -0.5
1.6398114221958051 | 0 | 5.0
1.6021869343990325 | 0 | 5.0
1.608321999191915 | 1 | -0.5
1.520063638983281 | 2 | -0.5
1.5074005568908178 | 2 | -0.5
1.6567747547364309 | 1 | -0.5
1.5105877717756768 | 2 | -0.5
1.5968678310011633 | 1 | -0.5
1.4715758644377352 | 2 | -0.5
1.5244733191205588 | 1 | -0.5
1.4789774211072229 | 2 | -0.5
1.5604215366925995 | 1 | -0.5
1.4472583390626022 | 2 | -0.5
1.5723899739752767 | 1 | -0.5
1.442755677037913 | 2 | -0.5
1.514272602764026 | 2 | -0.5
1.7496881092631478 | 1 | -0.5
1.4285635365657785 | 2 | -0.5
1.6390194118449144 | 1 | -0.5
1.4235398843614717 | 2 | -0.5
1.6186396658464517 | 1 | -0.5
1.4287500503024384 | 2 | -0.5
1.5408420279838453 | 1 | -0.5
1.3153857304362213 | 2 | -0.5
1.4793382852430748 | 2 | -0.5
1.6744736011307892 | 1 | -0.5
1.3796460545521005 | 2 | -0.5
1.6159433454931347 | 1 | -0.5
1.300513207747289 | 2 | -0.5
1.4669135465633751 | 1 | -0.5
1.2268367334081767 | 2 | -0.5
1.363558057961325 | 2 | -0.5
1.6928909282958866 | 0 | 5.0
1.3697706277743298 | 0 | 5.0
1.0997590244688984 | 2 | -0.5
1.5058724848367664 | 0 | 5.0
1.1151519471208438 | 0 | 5.0
0.6281224677176919 | 0 | 5.0
0.6708162952288098 | 0 | 5.0
0.7809811265768574 | 0 | 5.0
0.8517918225003147 | 0 | 5.0
0.9380215145418859 | 0 | 5.0
1.0351042364897767 | 0 | 5.0
1.1268721668714163 | 0 | 5.0
1.1878503221513794 | 2 | -0.5
1.112175009061259 | 0 | 5.0
1.1579267824782427 | 0 | 5.0
1.2231438649261062 | 0 | 5.0
1.2481015565209153 | 0 | 5.0
1.3222624413583666 | 0 | 5.0
1.3773863142984164 | 0 | 5.0
1.4373392915701886 | 0 | 5.0
1.456254417189855 | 0 | 5.0
1.4983572199698265 | 0 | 5.0
1.5702708765541076 | 0 | 5.0
1.6298163205844531 | 0 | 5.0
1.7304089264593985 | 0 | 5.0
1.8526439840310471 | 0 | 5.0
1.9288525301612018 | 0 | 5.0
1.984405722882924 | 2 | -0.5
1.8653989250644156 | 0 | 5.0
1.8892006111090005 | 0 | 5.0
1.9350887014226141 | 0 | 5.0
2.042520228822084 | 0 | 5.0
2.080301475374725 | 2 | -0.5
2.0448546726566 | 0 | 5.0
2.0132210670707336 | 1 | -0.5
2.113815841022054 | 2 | -0.5
2.074138975827563 | 1 | -0.5
2.118258500324379 | 2 | -0.5
2.0574124741600994 | 1 | -0.5
2.130136579587448 | 2 | -0.5
2.0656023529194845 | 1 | -0.5
2.1903713930543334 | 2 | -0.5
2.0836137440550107 | 1 | -0.5
2.173534229623787 | 1 | -0.5
2.3488701251125366 | 2 | -0.5
2.2045531927110935 | 1 | -0.5
2.413084387615565 | 2 | -0.5
2.2324416664498083 | 1 | -0.5
2.3790452048581483 | 2 | -0.5
2.2704601675517306 | 1 | -0.5
2.4534549003580572 | 2 | -0.5
2.3007886036717378 | 1 | -0.5
2.4636221110425436 | 1 | -0.5
2.9213961481345097 | 0 | 5.0
3.168318121047992 | 1 | -0.5
3.810531358111782 | 0 | 5.0
3.583996644819971 | 0 | 5.0
3.4232678252328332 | 0 | 5.0
3.199102953333823 | 0 | 5.0
3.0090150438823815 | 1 | -0.5
2.70137771359915 | 0 | 5.0
2.5772635822708216 | 0 | 5.0
2.516765505994343 | 0 | 5.0
2.4629759850059245 | 0 | 5.0
2.419914029423375 | 1 | -0.5
2.1605857695832333 | 0 | 5.0
2.099815831713941 | 0 | 5.0
2.0040253829216534 | 0 | 5.0
1.9204729265098344 | 0 | 5.0
1.9382388624245828 | 0 | 5.0
1.8686228796409061 | 0 | 5.0
1.6958374005305863 | 0 | 5.0
1.6434789016421825 | 0 | 5.0
1.6111598388002564 | 1 | -0.5
1.4279931287553247 | 0 | 5.0
1.46712171695073 | 0 | 5.0
1.4068162231672123 | 0 | 5.0
1.3783834859853548 | 0 | 5.0
1.3605132819923371 | 1 | -0.5
1.2856893391924056 | 0 | 5.0
1.2703988347983663 | 0 | 5.0
1.2466281176877356 | 0 | 5.0
1.2550549288146298 | 0 | 5.0
1.2334119049334278 | 1 | -0.5
1.1956366872403954 | 0 | 5.0
1.1866792232363614 | 2 | -0.5
1.2524675109047618 | 1 | -0.5
1.1983054717607777 | 2 | -0.5
1.263539486180715 | 1 | -0.5
1.2416900207953652 | 2 | -0.5
1.230096201829364 | 1 | -0.5
1.238417642833483 | 2 | -0.5
1.3009888248652932 | 1 | -0.5
1.1871362264169827 | 2 | -0.5
1.2324329067882736 | 1 | -0.5
1.1690299317844783 | 2 | -0.5
1.2447521521299607 | 2 | -0.5
1.3038433717854279 | 1 | -0.5
1.2163542667246632 | 2 | -0.5
1.2384992634840872 | 1 | -0.5
1.1883829397317656 | 2 | -0.5
1.242861217631447 | 1 | -0.5
1.1352648489734791 | 2 | -0.5
1.2240504325678419 | 2 | -0.5
1.3840735621372242 | 1 | -0.5
1.1861222715503361 | 2 | -0.5
1.3257086989183602 | 1 | -0.5
1.1343499939657105 | 2 | -0.5
1.2555262416726412 | 1 | -0.5
1.0769382776530754 | 2 | -0.5
1.1687773752680128 | 2 | -0.5
1.3507715488842054 | 1 | -0.5
1.065393389523198 | 2 | -0.5
1.310657777075511 | 1 | -0.5
1.0064445094103427 | 2 | -0.5
1.165580368582993 | 2 | -0.5
1.4094058609515165 | 0 | 5.0
1.0923584911874893 | 0 | 5.0
0.8132934846486696 | 0 | 5.0
0.5517326950282138 | 2 | -0.5
0.6534475831225308 | 0 | 5.0
0.58252940148853 | 0 | 5.0
0.6740554590964501 | 0 | 5.0
0.7377413905889136 | 0 | 5.0
0.9078895285289521 | 0 | 5.0
1.0047084059250047 | 0 | 5.0
1.069227186013448 | 0 | 5.0
1.103940683761472 | 0 | 5.0
1.1681780830207709 | 0 | 5.0
1.2187744404054874 | 0 | 5.0
1.351005561312428 | 2 | -0.5
1.3235816807889467 | 0 | 5.0
1.3589847980643395 | 0 | 5.0
1.377583179838554 | 0 | 5.0
1.481522600716145 | 0 | 5.0
1.509361234850336 | 0 | 5.0
1.556628500756256 | 0 | 5.0
1.6013813632465668 | 0 | 5.0
1.6824525581885796 | 2 | -0.5
1.6616467704602074 | 0 | 5.0
1.6104449068926558 | 0 | 5.0
1.6583997549157148 | 0 | 5.0
1.7141094215321697 | 2 | -0.5
1.6995643544482895 | 0 | 5.0
1.684531509163557 | 0 | 5.0
1.6676417948814313 | 0 | 5.0
1.6367953910266606 | 0 | 5.0
1.6325400057911934 | 2 | -0.5
1.6815978466038994 | 1 | -0.5
1.6493558879510664 | 2 | -0.5
1.6810159572519248 | 1 | -0.5
1.615589313600133 | 2 | -0.5
1.635508491961118 | 1 | -0.5
1.5941786421462616 | 2 | -0.5
1.6176439988114784 | 1 | -0.5
1.5671661069758052 | 2 | -0.5
1.5737286289290173 | 2 | -0.5
1.6894081346038132 | 1 | -0.5
1.5570028658641493 | 2 | -0.5
1.61419621121655 | 1 | -0.5
1.5189138306741974 | 2 | -0.5
1.6242393926779697 | 1 | -0.5
1.5107278758410316 | 2 | -0.5
1.5369923025727223 | 1 | -0.5
1.4668759804385099 | 2 | -0.5
1.5689089546633534 | 2 | -0.5
1.768109044151447 | 1 | -0.5
1.5449687843891309 | 2 | -0.5
1.6432992867450458 | 1 | -0.5
1.504461320785658 | 2 | -0.5
1.6611011014010504 | 1 | -0.5
1.39488893342702 | 2 | -0.5
1.6675527699014538 | 1 | -0.5
1.4254580413133466 | 2 | -0.5
1.5963410999469818 | 1 | -0.5
1.385974279175207 | 2 | -0.5
1.557611041873826 | 1 | -0.5
1.3581998388464105 | 2 | -0.5
1.5453775399002883 | 1 | -0.5
1.3464270518174382 | 2 | -0.5
1.5070157280513987 | 1 | -0.5
1.3081311177709571 | 2 | -0.5
1.4615303615244326 | 2 | -0.5
1.7396729325672142 | 0 | 5.0
1.4807273519312052 | 0 | 5.0
1.213753230578557 | 2 | -0.5
1.6790885752302216 | 0 | 5.0
1.2955602085915439 | 0 | 5.0
0.995998497761716 | 0 | 5.0
0.5874805950244512 | 0 | 5.0
0.6672017826680268 | 0 | 5.0
0.7210916941233527 | 0 | 5.0
0.8375531055618871 | 0 | 5.0
0.9148180770613481 | 0 | 5.0
1.0283980608258412 | 0 | 5.0
1.0906185120366856 | 0 | 5.0
1.1877028353668486 | 0 | 5.0
1.2788943641595754 | 2 | -0.5
1.2592132715421764 | 0 | 5.0
1.2657500067425835 | 0 | 5.0
1.3674608138657796 | 0 | 5.0
1.4102059411870207 | 0 | 5.0
1.475646040868925 | 0 | 5.0
1.5127054788018155 | 0 | 5.0
1.5704172034921424 | 0 | 5.0
1.5993683363498101 | 0 | 5.0
1.6875713402773145 | 0 | 5.0
1.7431797701249916 | 0 | 5.0
1.7719208864595384 | 0 | 5.0
1.8351546292893013 | 0 | 5.0
1.9124871947475546 | 0 | 5.0
1.9743981369757213 | 2 | -0.5
1.8824965371964035 | 0 | 5.0
1.894292068009271 | 0 | 5.0
1.9212848965251983 | 0 | 5.0
1.9181541586815127 | 0 | 5.0
1.9073600256156111 | 0 | 5.0
1.9032159012066898 | 0 | 5.0
1.9626601449783216 | 0 | 5.0
1.909621761909928 | 0 | 5.0
1.908561884216588 | 0 | 5.0
1.9678563325739522 | 0 | 5.0
1.9377564132653446 | 0 | 5.0
1.9737888379970852 | 0 | 5.0
1.9408826373146957 | 0 | 5.0
1.9531182781997676 | 0 | 5.0
1.9420488167313226 | 0 | 5.0
1.9356353449343109 | 0 | 5.0
1.9382595118326127 | 0 | 5.0
1.922671040238556 | 0 | 5.0
1.9120693892981142 | 0 | 5.0
1.9561883744966417 | 0 | 5.0
1.9682417795219709 | 0 | 5.0
1.971362324669966 | 0 | 5.0
1.9401233588681683 | 0 | 5.0
1.9498350698624554 | 0 | 5.0
1.9503902707339793 | 0 | 5.0
1.9409685816967868 | 0 | 5.0
1.9862613073871407 | 0 | 5.0
1.9605046253499154 | 0 | 5.0
1.9920125813432088 | 0 | 5.0
1.9906890451511943 | 0 | 5.0
1.9649601338870817 | 0 | 5.0
2.0018310725413726 | 0 | 5.0
1.9953665014046156 | 0 | 5.0
2.002493198128156 | 0 | 5.0
2.0008165305174197 | 0 | 5.0
2.034550942992823 | 0 | 5.0
2.039115753035869 | 0 | 5.0
2.036654176478768 | 0 | 5.0
2.053234735469311 | 0 | 5.0
2.1146692000582052 | 0 | 5.0
2.1155362338116213 | 2 | -0.5
2.1086950794771693 | 0 | 5.0
2.0722300458310783 | 0 | 5.0
2.038434313663871 | 0 | 5.0
2.024369183898623 | 2 | -0.5
2.1209894879911064 | 0 | 5.0
2.074035093531278 | 0 | 5.0
1.9923442933570445 | 0 | 5.0
1.9616537091713833 | 1 | -0.5
1.8124192762530906 | 2 | -0.5
1.9198961764235327 | 2 | -0.5
2.0790261829764045 | 1 | -0.5
1.8086992779173299 | 2 | -0.5
2.0061071654294205 | 1 | -0.5
1.807699563981636 | 2 | -0.5
1.9640664422613217 | 1 | -0.5
1.8175225216089619 | 2 | -0.5
1.9213154573693596 | 1 | -0.5
1.8017567062022153 | 2 | -0.5
1.9788436459433991 | 1 | -0.5
1.773684941214272 | 2 | -0.5
1.8873069294826779 | 1 | -0.5
1.7166697146105598 | 2 | -0.5
1.8806856639912009 | 2 | -0.5
2.1446354597128274 | 1 | -0.5
1.806091389383661 | 2 | -0.5
2.0538371539597775 | 1 | -0.5
1.753802210901405 | 2 | -0.5
1.9372238667632025 | 1 | -0.5
1.65162934814597 | 2 | -0.5
1.9304844669563734 | 1 | -0.5
1.6235298172968564 | 2 | -0.5
1.8707553738683567 | 1 | -0.5
1.5833877106334402 | 2 | -0.5
1.7880836827984148 | 2 | -0.5
2.1911880738558387 | 0 | 5.0
1.9216870149503906 | 0 | 5.0
1.6245691135046791 | 0 | 5.0
1.3677453007206946 | 2 | -0.5
1.814296908761141 | 0 | 5.0
1.2261193229529221 | 0 | 5.0
0.853253818282156 | 0 | 5.0
0.7251427217055457 | 0 | 5.0
0.8643872516371024 | 0 | 5.0
0.9629004001262342 | 0 | 5.0
1.035080900158628 | 0 | 5.0
1.1795535719200174 | 2 | -0.5
1.1255842008020283 | 0 | 5.0
1.1701750004718008 | 0 | 5.0
1.2793913821992053 | 0 | 5.0
1.2858739452763013 | 0 | 5.0
1.3368108634185079 | 0 | 5.0
1.3626346531085225 | 0 | 5.0
1.4332435796169636 | 0 | 5.0
1.4683032532237774 | 0 | 5.0
1.5732376651919848 | 0 | 5.0
1.6201691977953552 | 0 | 5.0
1.6487069813890076 | 0 | 5.0
1.728182905006039 | 0 | 5.0
1.8023466350769923 | 2 | -0.5
1.77592993230348 | 0 | 5.0
1.7551330773662703 | 0 | 5.0
1.756181310343111 | 0 | 5.0
1.7769263496835133 | 0 | 5.0
1.823497069879374 | 0 | 5.0
1.8096958063728776 | 0 | 5.0
1.8546865402192179 | 0 | 5.0
1.8464277648982927 | 0 | 5.0
1.8770181124626206 | 0 | 5.0
1.918553424906278 | 0 | 5.0
1.8938565073043656 | 0 | 5.0
1.9295243408967369 | 0 | 5.0
1.9305576132018085 | 0 | 5.0
1.9728885376781227 | 0 | 5.0
1.989942759057327 | 0 | 5.0
1.971745261012184 | 0 | 5.0
1.9968630734926411 | 0 | 5.0
2.0224557902027938 | 0 | 5.0
2.0140793007644224 | 0 | 5.0
2.0731559615503516 | 0 | 5.0
2.0840065716806486 | 0 | 5.0
2.0635539852402007 | 0 | 5.0
2.110582813782803 | 0 | 5.0
2.133720199293299 | 0 | 5.0
2.114237232043042 | 0 | 5.0
2.132593248345935 | 0 | 5.0
2.1291750565397805 | 0 | 5.0
2.156844988771508 | 0 | 5.0
2.182300374680069 | 0 | 5.0
2.1662162605835706 | 0 | 5.0
2.2188288633033855 | 0 | 5.0
2.237112928099079 | 0 | 5.0
2.2070447368966946 | 0 | 5.0
2.2219482460431434 | 0 | 5.0
2.2432978144354165 | 0 | 5.0
2.289944263133077 | 0 | 5.0
2.224471615089202 | 0 | 5.0
2.273301134086137 | 0 | 5.0
2.2716848897200737 | 0 | 5.0
2.2652401290028146 | 0 | 5.0
2.3015393044095074 | 0 | 5.0
2.3146725017841128 | 0 | 5.0
2.3481312419874754 | 0 | 5.0
2.3240476150097447 | 0 | 5.0
2.338628917356465 | 2 | -0.5
2.379923270004045 | 0 | 5.0
2.343337321156966 | 0 | 5.0
2.297362326318199 | 0 | 5.0
2.3165627827208026 | 0 | 5.0
2.2673088876828382 | 0 | 5.0
2.2175206521230812 | 0 | 5.0
2.2035242802240766 | 0 | 5.0
2.1527328322874353 | 2 | -0.5
2.297465703717008 | 1 | -0.5
2.1353014148184446 | 2 | -0.5
2.3405599740815033 | 1 | -0.5
2.1352487224512253 | 2 | -0.5
2.292549578915952 | 1 | -0.5
2.0217983033507094 | 2 | -0.5
2.212529340603857 | 1 | -0.5
2.0113104827031245 | 2 | -0.5
2.2049597582677274 | 1 | -0.5
1.9727312984625134 | 2 | -0.5
2.1436429590972295 | 1 | -0.5
1.9443863494593165 | 2 | -0.5
2.1421021106773384 | 1 | -0.5
1.9573865993609834 | 2 | -0.5
2.0768167051114417 | 1 | -0.5
1.895169838746992 | 2 | -0.5
2.055046987200548 | 2 | -0.5
2.3488868371134997 | 1 | -0.5
2.042367884009852 | 2 | -0.5
2.3687225141766555 | 1 | -0.5
1.9970974174518246 | 2 | -0.5
2.320980279480288 | 1 | -0.5
1.9181632264970212 | 2 | -0.5
2.175962753150484 | 1 | -0.5
1.8535361598985756 | 2 | -0.5
2.1432030340227457 | 1 | -0.5
1.7923048996183684 | 2 | -0.5
2.044696846461695 | 1 | -0.5
1.7179654875009807 | 2 | -0.5
2.0395830826436443 | 2 | -0.5
2.6559666457582947 | 0 | 5.0
2.25197380108701 | 0 | 5.0
2.0392776342855132 | 0 | 5.0
1.6265920156857485 | 0 | 5.0
1.2791967515840454 | 2 | -0.5
1.7534997088454065 | 0 | 5.0
1.2525675087860035 | 0 | 5.0
0.7446039281726285 | 0 | 5.0
0.8245944765381912 | 0 | 5.0
0.9779748764809669 | 0 | 5.0
1.02301953422098 | 0 | 5.0
1.1204884538094764 | 0 | 5.0
1.259153300124617 | 2 | -0.5
1.1405648858454058 | 0 | 5.0
1.177621502190863 | 0 | 5.0
1.2153912377452678 | 0 | 5.0
1.232839674098121 | 0 | 5.0
1.2816438539699686 | 0 | 5.0
1.3635653113182582 | 0 | 5.0
1.3643042166585688 | 0 | 5.0
1.4584985653663232 | 0 | 5.0
1.4838742152436204 | 0 | 5.0
1.5392181759266386 | 0 | 5.0
1.6125160398791056 | 0 | 5.0
1.6567438762744104 | 2 | -0.5
1.6395859261370875 | 0 | 5.0
1.6377917454323514 | 0 | 5.0
1.71309551498334 | 0 | 5.0
1.678517710383328 | 2 | -0.5
1.6909599406564904 | 0 | 5.0
1.7112257243634397 | 0 | 5.0
1.6597366485846006 | 0 | 5.0
1.6413450494021808 | 2 | -0.5
1.6559011125491216 | 0 | 5.0
1.5954663120784205 | 0 | 5.0
1.5852469924998747 | 2 | -0.5
1.6239813260886518 | 1 | -0.5
1.5272412757940985 | 2 | -0.5
1.6638052799816314 | 1 | -0.5
1.5189874967440031 | 2 | -0.5
1.5719777858957598 | 1 | -0.5
1.4909662074702765 | 2 | -0.5
1.6175159254428846 | 1 | -0.5
1.4585509419368166 | 2 | -0.5
1.5253940626262976 | 1 | -0.5
1.4602805846572553 | 2 | -0.5
1.5491242997718893 | 1 | -0.5
1.4297726118149323 | 2 | -0.5
1.5197388579495057 | 2 | -0.5
1.642753105506605 | 1 | -0.5
1.4826573412985693 | 2 | -0.5
1.5798066978821714 | 1 | -0.5
1.4398789299820223 | 2 | -0.5
1.5831900173542002 | 1 | -0.5
1.3779762140145007 | 2 | -0.5
1.5519818755073838 | 1 | -0.5
1.3268629998006065 | 2 | -0.5
1.4441353746065673 | 2 | -0.5
1.6489434307112836 | 1 | -0.5
1.4395344092245888 | 2 | -0.5
1.6351696895737244 | 1 | -0.5
1.3392930980076017 | 2 | -0.5
1.5618876473343684 | 1 | -0.5
1.3000060603831491 | 2 | -0.5
1.4580766298548662 | 2 | -0.5
1.7785865200935222 | 0 | 5.0
1.5212938339686135 | 0 | 5.0
1.242015128903162 | 0 | 5.0
1.075080808896341 | 0 | 5.0
0.7398488734342838 | 2 | -0.5
0.8771284418697318 | 0 | 5.0
0.6403139719296209 | 0 | 5.0
0.7593507101506225 | 0 | 5.0
0.900586929908224 | 0 | 5.0
1.0152596574316664 | 2 | -0.5
0.9556274861987769 | 0 | 5.0
1.0187431249217866 | 0 | 5.0
1.0781393155740633 | 0 | 5.0
1.157504334974411 | 0 | 5.0
1.2328008631532044 | 0 | 5.0
1.2784534011649629 | 0 | 5.0
1.3444138137960322 | 0 | 5.0
1.4233718519106797 | 0 | 5.0
1.4965005404080554 | 0 | 5.0
1.5719599467347265 | 0 | 5.0
1.622893129015172 | 0 | 5.0
1.7417419393750109 | 0 | 5.0
1.8205354960798361 | 0 | 5.0
1.9043887394767864 | 0 | 5.0
1.9518263970314214 | 0 | 5.0
2.0356140659847886 | 0 | 5.0
2.0561787832401612 | 0 | 5.0
2.1323617660974903 | 0 | 5.0
2.15126948998215 | 2 | -0.5
2.067995445681344 | 0 | 5.0
2.1243554193741665 | 0 | 5.0
2.138072137836316 | 0 | 5.0
2.1548949493362124 | 0 | 5.0
2.168934886800215 | 0 | 5.0
2.1715473963631697 | 1 | -0.5
2.2777202209162795 | 2 | -0.5
2.1736204509040467 | 1 | -0.5
2.2426460921512437 | 2 | -0.5
2.17627216231568 | 1 | -0.5
2.2760457621537635 | 2 | -0.5
2.1668366948806472 | 1 | -0.5
2.315493372755191 | 1 | -0.5
2.499560465138706 | 2 | -0.5
2.320891831896968 | 1 | -0.5
2.5372336576331933 | 2 | -0.5
2.3520636216814923 | 1 | -0.5
2.562088317305366 | 1 | -0.5
2.9933470059336247 | 0 | 5.0
3.148820177977526 | 1 | -0.5
3.776353562648208 | 0 | 5.0
3.6970938415947012 | 0 | 5.0
3.4644657186258447 | 0 | 5.0
3.2587471053411097 | 0 | 5.0
3.1284467462352405 | 1 | -0.5
2.6570663918868402 | 0 | 5.0
2.6201831312046755 | 0 | 5.0
2.58536352661594 | 0 | 5.0
2.459316522074357 | 0 | 5.0
2.380761974760721 | 0 | 5.0
2.3058292369390903 | 0 | 5.0
2.202095990625022 | 1 | -0.5
2.033130784049371 | 0 | 5.0
1.9930813214611085 | 0 | 5.0
1.908365479216598 | 0 | 5.0
1.8877291393403526 | 0 | 5.0
1.8076660624944478 | 0 | 5.0
1.8133887087221674 | 0 | 5.0
1.6963429364457698 | 0 | 5.0
1.6035257291101388 | 0 | 5.0
1.6306159958224684 | 0 | 5.0
1.5112017179457367 | 0 | 5.0
1.4396535365971663 | 0 | 5.0
1.413289809146801 | 1 | -0.5
1.3262605581492328 | 0 | 5.0
1.3014858765867765 | 0 | 5.0
1.308847943352794 | 1 | -0.5
1.2533426490924453 | 0 | 5.0
1.254507951990976 | 0 | 5.0
1.260882569457591 | 0 | 5.0
1.248071101226511 | 2 | -0.5
1.2643565248212774 | 1 | -0.5
1.2731324564140096 | 2 | -0.5
1.3071243972451556 | 1 | -0.5
1.2259630058584454 | 2 | -0.5
1.2698655202301325 | 1 | -0.5
1.2240192494808941 | 2 | -0.5
1.3307307444014917 | 1 | -0.5
1.2301230854390657 | 2 | -0.5
1.3306678153226774 | 1 | -0.5
1.2306423706342786 | 2 | -0.5
1.2601011776454656 | 1 | -0.5
1.1486485911318065 | 2 | -0.5
1.2536414671212388 | 1 | -0.5
1.1664372748164369 | 2 | -0.5
1.2032949291450763 | 2 | -0.5
1.3371484833019982 | 1 | -0.5
1.1724865274878566 | 2 | -0.5
1.3122050679445003 | 1 | -0.5
1.1073335586435558 | 2 | -0.5
1.202205254219512 | 1 | -0.5
1.0869272679979305 | 2 | -0.5
1.2104585448743832 | 2 | -0.5
1.340865025289956 | 1 | -0.5
1.1361714287975218 | 2 | -0.5
1.2695138113701971 | 1 | -0.5
1.0692986612618665 | 2 | -0.5
1.1785040886730995 | 1 | -0.5
0.979771956577676 | 2 | -0.5
1.186988604436993 | 2 | -0.5
1.3358908832573138 | 0 | 5.0
1.0529239013492624 | 0 | 5.0
0.8104898174070865 | 2 | -0.5
1.155206477809532 | 0 | 5.0
0.7089264823549989 | 0 | 5.0
0.5276805731473997 | 0 | 5.0
0.5994320931267936 | 0 | 5.0
0.6482811893477881 | 0 | 5.0
0.7624701413738042 | 0 | 5.0
0.8140786107707151 | 0 | 5.0
0.9048237035354384 | 0 | 5.0
0.9498568114946139 | 0 | 5.0
1.0392116706880066 | 0 | 5.0
1.136011824562282 | 0 | 5.0
1.220992249848163 | 0 | 5.0
1.278290056319718 | 0 | 5.0
1.3238231416231312 | 0 | 5.0
1.4105836535867977 | 0 | 5.0
1.4735081528017282 | 0 | 5.0
1.5117723329824593 | 0 | 5.0
1.5419727267092855 | 0 | 5.0
1.5844438881078258 | 0 | 5.0
1.6531663245886061 | 2 | -0.5
1.6080245534935647 | 0 | 5.0
1.603756880680569 | 0 | 5.0
1.5939819905390527 | 0 | 5.0
1.652056724489973 | 0 | 5.0
1.6491385235247047 | 2 | -0.5
1.6868026284102595 | 0 | 5.0
1.628504733808285 | 0 | 5.0
1.6151256204799986 | 0 | 5.0
1.5987753395558613 | 2 | -0.5
1.6488255635901583 | 1 | -0.5
1.5560740886716735 | 2 | -0.5
1.5939446074855357 | 1 | -0.5
1.4775109879540154 | 2 | -0.5
1.602919444137853 | 1 | -0.5
1.5328404697907771 | 2 | -0.5
1.5777906183218602 | 1 | -0.5
1.5121825208405142 | 2 | -0.5
1.6102951073316727 | 1 | -0.5
1.5076039213440884 | 2 | -0.5
1.616865572491197 | 1 | -0.5
1.483945940126906 | 2 | -0.5
1.58947860128623 | 1 | -0.5
1.4908844500615472 | 2 | -0.5
1.5652947320582 | 1 | -0.5
1.459341952240815 | 2 | -0.5
1.5539368436086003 | 2 | -0.5
1.6713699150887071 | 1 | -0.5
1.49581902526904 | 2 | -0.5
1.6906664755514487 | 1 | -0.5
1.4965999801336207 | 2 | -0.5
1.6123534521785523 | 1 | -0.5
1.4425650990827619 | 2 | -0.5
1.5567218966545544 | 1 | -0.5
1.342495072861777 | 2 | -0.5
1.5310088807220066 | 2 | -0.5
1.7816179695812757 | 1 | -0.5
1.515873728390343 | 1 | -0.5
1.2952596563445968 | 2 | -0.5
1.4231394128275723 | 2 | -0.5
1.6016136405788743 | 1 | -0.5
1.299457814429445 | 2 | -0.5
1.6045857318667849 | 1 | -0.5
1.2974875352017352 | 2 | -0.5
1.5814045370545373 | 1 | -0.5
1.251403840750704 | 2 | -0.5
1.5600909538109515 | 0 | 5.0
1.2930786774807603 | 2 | -0.5
1.5632576708508044 | 0 | 5.0
1.1995137378347533 | 0 | 5.0
0.9246795041517806 | 0 | 5.0
0.622386814202752 | 0 | 5.0
0.7902632035281842 | 2 | -0.5
0.7281456090761054 | 0 | 5.0
0.8007099147031599 | 0 | 5.0
0.8418691292318854 | 0 | 5.0
0.9590040709110683 | 0 | 5.0
1.0087940647026543 | 0 | 5.0
1.1204199369287782 | 0 | 5.0
1.1794173065911724 | 0 | 5.0
1.261914551920794 | 0 | 5.0
1.328423866311678 | 0 | 5.0
1.4268823046257963 | 2 | -0.5
1.335193839967568 | 0 | 5.0
1.3522404042040614 | 0 | 5.0
1.3739134671491033 | 0 | 5.0
1.4609153647558737 | 0 | 5.0
1.4970183068933065 | 0 | 5.0
1.5201259664180082 | 0 | 5.0
1.5810817335071343 | 0 | 5.0
1.6197204427373095 | 0 | 5.0
1.6972935750731004 | 0 | 5.0
1.7442309190532215 | 0 | 5.0
1.7559000504569946 | 0 | 5.0
1.8619082215331544 | 0 | 5.0
1.9184765691537684 | 2 | -0.5
1.8808401592615287 | 0 | 5.0
1.8753222223809773 | 0 | 5.0
1.8973317672686087 | 0 | 5.0
1.9218624305147798 | 0 | 5.0
1.9750666030672135 | 0 | 5.0
1.9638171956022872 | 0 | 5.0
2.0381106585532245 | 0 | 5.0
2.0880945714464745 | 0 | 5.0
2.125469335895965 | 0 | 5.0
2.1168450669592653 | 0 | 5.0
2.1600475485817907 | 0 | 5.0
2.1499241523783628 | 0 | 5.0
2.2390440318954092 | 0 | 5.0
2.2473054153188827 | 0 | 5.0
2.2732127961329356 | 2 | -0.5
2.2423515747309506 | 0 | 5.0
2.2264252872047017 | 0 | 5.0
Total reward: 2607.5
