0.5, 0.3, 2.5, 1.3, 6.0, -1.4, 0.1, 0.7, 0.1, -3.3, 2.3, -4.4, 1.0, -0.5, -4.2, -2.2, -4.7, -2.6
parameter ends

state | action | reward
[1.89] | 1 | -0.5
2.3441312126043408 | 1 | -0.5
3.1193843147765903 | 1 | -0.5
3.0847750080299985 | 1 | -0.5
2.9052466539904698 | 1 | -0.5
2.885594130576789 | 1 | -0.5
3.0215491524153846 | 1 | -0.5
3.250926752137601 | 1 | -0.5
3.884170895879469 | 1 | -0.5
4.951439122794484 | 1 | -0.5
6.873185296241298 | 1 | -0.5
9.946714272929098 | 1 | -0.5
9.608034510313306 | 1 | -0.5
1.0964661691455269 | 1 | -0.5
1.1940657291690138 | 1 | -0.5
1.2901827194677313 | 1 | -0.5
1.6063409468561318 | 1 | -0.5
2.1336688933044408 | 1 | -0.5
3.103523710737307 | 1 | -0.5
8.30413855172087 | 1 | -0.5
8.190105454035303 | 1 | -0.5
7.22771316326222 | 1 | -0.5
3.930683496458518 | 1 | -0.5
2.683951714535756 | 1 | -0.5
2.0778971358794984 | 1 | -0.5
1.8115876376970255 | 1 | -0.5
1.6396323573210494 | 1 | -0.5
1.47768206230757 | 1 | -0.5
1.5111317628170517 | 1 | -0.5
1.57050301702377 | 1 | -0.5
1.7319627071777077 | 1 | -0.5
1.9719641506188463 | 1 | -0.5
2.4574394861400473 | 1 | -0.5
3.162799122556714 | 1 | -0.5
3.031951782733639 | 1 | -0.5
2.8587020214831314 | 1 | -0.5
2.8154408089009655 | 1 | -0.5
2.978660794910883 | 1 | -0.5
3.1658181866926833 | 1 | -0.5
3.7057460083992124 | 1 | -0.5
4.673049625385773 | 1 | -0.5
7.134663273833303 | 1 | -0.5
9.783394946513068 | 1 | -0.5
1.0735377977198142 | 1 | -0.5
1.0324065933044684 | 1 | -0.5
1.1481472008225768 | 1 | -0.5
1.2825864345721625 | 1 | -0.5
1.4892863256861621 | 1 | -0.5
2.1017022776043306 | 1 | -0.5
3.601399152872744 | 1 | -0.5
8.367622592396003 | 1 | -0.5
8.273010356079464 | 1 | -0.5
7.15752238158089 | 1 | -0.5
4.1998218169561525 | 1 | -0.5
3.0049653132533116 | 1 | -0.5
2.2665739822598536 | 1 | -0.5
1.9557168936126668 | 1 | -0.5
1.7225568626418606 | 1 | -0.5
1.6733807528877904 | 1 | -0.5
1.6461180244485631 | 1 | -0.5
1.6571260163431392 | 1 | -0.5
1.809786727421558 | 1 | -0.5
2.085918479492936 | 1 | -0.5
2.4996421562758515 | 1 | -0.5
3.3208412175823954 | 1 | -0.5
3.0082677082700453 | 1 | -0.5
2.886601563994859 | 1 | -0.5
2.897933440608815 | 1 | -0.5
3.104539704555393 | 1 | -0.5
3.4365304221938424 | 1 | -0.5
4.075328864884676 | 1 | -0.5
5.300797934856235 | 1 | -0.5
10.323441274192238 | 1 | -0.5
9.660931521634511 | 1 | -0.5
1.0363825712225836 | 1 | -0.5
1.063834513859821 | 1 | -0.5
1.1631308627878807 | 1 | -0.5
1.348290241414614 | 1 | -0.5
1.710935482002471 | 1 | -0.5
2.207435890057987 | 1 | -0.5
3.4361032912972673 | 1 | -0.5
8.27448410623338 | 1 | -0.5
8.182167916984039 | 1 | -0.5
6.714704397952038 | 1 | -0.5
3.6324153712861262 | 1 | -0.5
2.5814132569441752 | 1 | -0.5
2.0968538459612573 | 1 | -0.5
1.7626373296516007 | 1 | -0.5
1.640107747505785 | 1 | -0.5
1.5153223325886522 | 1 | -0.5
1.5497033568829979 | 1 | -0.5
1.6829051160006478 | 1 | -0.5
1.8574307043444287 | 1 | -0.5
2.126511565733279 | 1 | -0.5
2.752668645742239 | 1 | -0.5
3.251760750389369 | 1 | -0.5
3.0348908313559666 | 1 | -0.5
2.8977759888567713 | 1 | -0.5
2.971400532246253 | 1 | -0.5
3.2163573190534733 | 1 | -0.5
3.653492118504843 | 1 | -0.5
4.479465889264647 | 1 | -0.5
6.007900659910479 | 1 | -0.5
10.127321309494192 | 1 | -0.5
9.655707121525442 | 1 | -0.5
1.0134407618541303 | 1 | -0.5
1.0454231384843709 | 1 | -0.5
1.1456749591874993 | 1 | -0.5
1.2662718194701224 | 1 | -0.5
1.5822963905193232 | 1 | -0.5
2.112971099146351 | 1 | -0.5
3.2095374887050028 | 1 | -0.5
8.268611297313534 | 1 | -0.5
8.204408402078403 | 1 | -0.5
7.616633691623143 | 1 | -0.5
4.01587171108573 | 1 | -0.5
2.8226218177875846 | 1 | -0.5
2.2770847762497275 | 1 | -0.5
1.9740103496448593 | 1 | -0.5
1.7199794741178531 | 1 | -0.5
1.628301743380879 | 1 | -0.5
1.6220939749950043 | 1 | -0.5
1.6805250173200033 | 1 | -0.5
1.8563421485539238 | 1 | -0.5
2.149400537967336 | 1 | -0.5
2.6581383050441367 | 1 | -0.5
3.1880325359855597 | 1 | -0.5
2.9401680790507045 | 1 | -0.5
2.8771282456049248 | 1 | -0.5
2.8891380498071384 | 1 | -0.5
3.0313853326567317 | 1 | -0.5
3.36986481114812 | 1 | -0.5
4.017098393307699 | 1 | -0.5
5.16438255722976 | 1 | -0.5
10.329431999354176 | 1 | -0.5
9.655636691441181 | 1 | -0.5
0.9692551131424144 | 1 | -0.5
1.0050243269143122 | 1 | -0.5
1.0474508202199393 | 1 | -0.5
1.1963314395828548 | 1 | -0.5
1.5143661192273887 | 1 | -0.5
1.9222530722246831 | 1 | -0.5
2.9969532760809456 | 1 | -0.5
8.480163239886949 | 1 | -0.5
8.331426459382167 | 1 | -0.5
8.493639667862826 | 1 | -0.5
4.745040886762219 | 1 | -0.5
3.135036560044673 | 1 | -0.5
2.390298851095456 | 1 | -0.5
1.9388847320588511 | 1 | -0.5
1.7292793635962833 | 1 | -0.5
1.6459674747324315 | 1 | -0.5
1.6231924380684195 | 1 | -0.5
1.7421626660461564 | 1 | -0.5
1.939239027561099 | 1 | -0.5
2.3073951739406144 | 1 | -0.5
3.003293260109962 | 1 | -0.5
2.9446490949440807 | 1 | -0.5
2.7555727978698674 | 1 | -0.5
2.6856407764631243 | 1 | -0.5
2.739175824622854 | 1 | -0.5
2.927154487007902 | 1 | -0.5
3.2465878140279782 | 1 | -0.5
3.8153149239900075 | 1 | -0.5
4.747362633367843 | 1 | -0.5
6.50664256626289 | 1 | -0.5
9.736151394874122 | 1 | -0.5
9.481514344748652 | 1 | -0.5
0.8637482295358312 | 1 | -0.5
0.9058038967224064 | 1 | -0.5
1.0341607551642924 | 1 | -0.5
1.205385240207201 | 1 | -0.5
1.5013119980085612 | 1 | -0.5
2.182323943166172 | 1 | -0.5
4.148290055961328 | 1 | -0.5
8.273852097353783 | 1 | -0.5
8.359939371168064 | 1 | -0.5
5.873271262926798 | 1 | -0.5
3.7371389439531097 | 1 | -0.5
2.878473549918352 | 1 | -0.5
2.3775851612486503 | 1 | -0.5
2.067925136074781 | 1 | -0.5
1.8958637476384999 | 1 | -0.5
1.8345803276703254 | 1 | -0.5
1.8623132430097356 | 1 | -0.5
1.9426034608420786 | 1 | -0.5
2.1960383584712777 | 1 | -0.5
2.4933078019126027 | 1 | -0.5
3.2150489742700765 | 1 | -0.5
3.119723203926453 | 1 | -0.5
2.895534328502723 | 1 | -0.5
2.831093540412639 | 1 | -0.5
2.8660821201104647 | 1 | -0.5
2.9788508077441467 | 1 | -0.5
3.3187363397456604 | 1 | -0.5
3.6924673921872553 | 1 | -0.5
4.606834436112554 | 1 | -0.5
6.521640393134695 | 1 | -0.5
9.49112794049661 | 1 | -0.5
9.191391418245063 | 1 | -0.5
0.6241567042475358 | 1 | -0.5
0.6630641530201271 | 1 | -0.5
0.7112136174954649 | 1 | -0.5
0.8420401489940205 | 1 | -0.5
1.0013343723389037 | 1 | -0.5
1.3344553987602696 | 1 | -0.5
2.046936907436837 | 1 | -0.5
8.354165563671767 | 1 | -0.5
8.26271307460723 | 1 | -0.5
6.894615942382688 | 1 | -0.5
4.2331179342922 | 1 | -0.5
3.180154660152129 | 1 | -0.5
2.5502637588433164 | 1 | -0.5
2.2363880860211562 | 1 | -0.5
2.043304012644914 | 1 | -0.5
1.923143546143595 | 1 | -0.5
1.947712802493189 | 1 | -0.5
2.013591392043767 | 1 | -0.5
2.198344419187067 | 1 | -0.5
2.4654498858034635 | 1 | -0.5
3.0724734082495857 | 1 | -0.5
3.0904622319588726 | 1 | -0.5
2.911286076625099 | 1 | -0.5
2.763823693391112 | 1 | -0.5
2.771151684887389 | 1 | -0.5
2.9246911911260365 | 1 | -0.5
3.1774777305235316 | 1 | -0.5
3.737456798232043 | 1 | -0.5
4.715746899638437 | 1 | -0.5
10.184586503130307 | 1 | -0.5
9.46316466143099 | 1 | -0.5
9.242038014217863 | 1 | -0.5
0.7793169874700081 | 1 | -0.5
0.8535221685385093 | 1 | -0.5
0.9793603929453177 | 1 | -0.5
1.19885538161811 | 1 | -0.5
1.8048326463239877 | 1 | -0.5
2.830984258358801 | 1 | -0.5
8.372309824833566 | 1 | -0.5
8.39525502589488 | 1 | -0.5
7.517648196928813 | 1 | -0.5
4.3925382546257055 | 1 | -0.5
3.162071627397916 | 1 | -0.5
2.4653966497190973 | 1 | -0.5
2.152824955039865 | 1 | -0.5
1.9871304002966577 | 1 | -0.5
1.883671281584523 | 1 | -0.5
1.8920368168138928 | 1 | -0.5
1.9649906547927811 | 1 | -0.5
2.1462774039728894 | 1 | -0.5
2.3436776602237823 | 1 | -0.5
2.92258459911906 | 1 | -0.5
3.2606171004659386 | 1 | -0.5
2.9696236075249187 | 1 | -0.5
2.8238888577101156 | 1 | -0.5
2.7765955702869163 | 1 | -0.5
2.8249104963115 | 1 | -0.5
2.991266264378353 | 1 | -0.5
3.316629279232016 | 1 | -0.5
3.949063133208547 | 1 | -0.5
5.092313538241651 | 1 | -0.5
9.940531864801063 | 1 | -0.5
9.49669946274034 | 1 | -0.5
9.244769952180844 | 1 | -0.5
0.771667537753815 | 1 | -0.5
0.7587364740897558 | 1 | -0.5
0.8791813159504083 | 1 | -0.5
1.0208989994795348 | 1 | -0.5
1.3092213221187252 | 1 | -0.5
1.9187227752450857 | 1 | -0.5
2.947309619057704 | 1 | -0.5
8.399807561227059 | 1 | -0.5
8.44270564887239 | 1 | -0.5
6.584902922180736 | 1 | -0.5
4.108558353986111 | 1 | -0.5
3.008230948053212 | 1 | -0.5
2.336930559285806 | 1 | -0.5
2.023983282163362 | 1 | -0.5
1.9164797080420233 | 1 | -0.5
1.8443323615661495 | 1 | -0.5
1.8503439785161246 | 1 | -0.5
1.9971508961745987 | 1 | -0.5
2.290273058758468 | 1 | -0.5
2.7333263102786365 | 1 | -0.5
3.2811990477409543 | 1 | -0.5
2.901572451455667 | 1 | -0.5
2.707840011382439 | 1 | -0.5
2.6284566344396043 | 1 | -0.5
2.6689619828564215 | 1 | -0.5
2.897100325052227 | 1 | -0.5
3.3015614579227037 | 1 | -0.5
3.9993069072094762 | 1 | -0.5
5.642313809486303 | 1 | -0.5
9.622152799783178 | 1 | -0.5
9.24945523012234 | 1 | -0.5
2.237876414050493 | 1 | -0.5
0.7041822347447125 | 1 | -0.5
0.7775088258296872 | 1 | -0.5
0.9212416361244979 | 1 | -0.5
1.1174926599314254 | 1 | -0.5
1.4609224263144722 | 1 | -0.5
2.279109866031361 | 1 | -0.5
4.349065189736244 | 1 | -0.5
8.478754452733895 | 1 | -0.5
8.699334847828553 | 1 | -0.5
5.176116936614445 | 1 | -0.5
3.5101947183027713 | 1 | -0.5
2.6496877652976463 | 1 | -0.5
2.228597325316379 | 1 | -0.5
1.9699873308912879 | 1 | -0.5
1.8779619400072063 | 1 | -0.5
1.8549000706762442 | 1 | -0.5
1.9140451285812274 | 1 | -0.5
2.0841300401357015 | 1 | -0.5
2.385334108266536 | 1 | -0.5
2.9976727382624784 | 1 | -0.5
2.995046009524961 | 1 | -0.5
2.771605602548058 | 1 | -0.5
2.624285274225922 | 1 | -0.5
2.6096614253802124 | 1 | -0.5
2.748126259851172 | 1 | -0.5
3.0532968339725257 | 1 | -0.5
3.511610638411119 | 1 | -0.5
4.526252397873324 | 1 | -0.5
6.644464430176836 | 1 | -0.5
9.398915257381573 | 1 | -0.5
9.22571044677248 | 1 | -0.5
1.0587454324429353 | 1 | -0.5
0.8193769117581737 | 1 | -0.5
0.8915942266300181 | 1 | -0.5
1.0961018211600573 | 1 | -0.5
1.4652981178817608 | 1 | -0.5
2.320863503999113 | 1 | -0.5
8.612436363779743 | 1 | -0.5
8.491372214853776 | 1 | -0.5
8.726343057256733 | 1 | -0.5
4.952695838134033 | 1 | -0.5
3.458042851647686 | 1 | -0.5
2.62274156645704 | 1 | -0.5
2.279640588240319 | 1 | -0.5
2.0575220882862317 | 1 | -0.5
1.9717001549095687 | 1 | -0.5
1.8843405898008798 | 1 | -0.5
1.9909978849876317 | 1 | -0.5
2.1968685696213464 | 1 | -0.5
2.5584189595717697 | 1 | -0.5
3.2373267731677156 | 1 | -0.5
3.0155567288285385 | 1 | -0.5
2.759786836206195 | 1 | -0.5
2.649743641681457 | 1 | -0.5
2.643534437203423 | 1 | -0.5
2.7017715869602736 | 1 | -0.5
2.805127461045344 | 1 | -0.5
3.1567502906112925 | 1 | -0.5
3.893302743186553 | 1 | -0.5
5.195392768979392 | 1 | -0.5
9.693319598907468 | 1 | -0.5
9.1925392580714 | 1 | -0.5
2.1448010780442277 | 1 | -0.5
0.7008070926281369 | 1 | -0.5
0.7274331384892436 | 1 | -0.5
0.8652993809395414 | 1 | -0.5
1.1608545618109471 | 1 | -0.5
1.5857628574488167 | 1 | -0.5
2.4307132085612904 | 1 | -0.5
8.575979755752057 | 1 | -0.5
8.561106312899309 | 1 | -0.5
7.62421543560057 | 1 | -0.5
4.9734467088681615 | 1 | -0.5
3.5288449841050484 | 1 | -0.5
2.7937440248369283 | 1 | -0.5
2.3831773793682918 | 1 | -0.5
2.1960050853161115 | 1 | -0.5
1.9970261535241776 | 1 | -0.5
1.9708839442756751 | 1 | -0.5
1.9953276955074584 | 1 | -0.5
2.1115936218233804 | 1 | -0.5
2.3040909764382795 | 1 | -0.5
2.6894466548150753 | 1 | -0.5
3.3017271531034535 | 1 | -0.5
2.9596476922012447 | 1 | -0.5
2.688380563127019 | 1 | -0.5
2.5757181171915176 | 1 | -0.5
2.5682685173981072 | 1 | -0.5
2.676213576175168 | 1 | -0.5
2.9751338507651917 | 1 | -0.5
3.44292161085346 | 1 | -0.5
4.232442334975108 | 1 | -0.5
5.651497581399906 | 1 | -0.5
9.536389018936328 | 1 | -0.5
9.13865365896966 | 1 | -0.5
1.989177281970487 | 1 | -0.5
0.6862686422970521 | 1 | -0.5
0.7348779230305106 | 1 | -0.5
0.8914823996662362 | 1 | -0.5
1.0897910185098287 | 1 | -0.5
1.53599158776549 | 1 | -0.5
2.939491651264131 | 1 | -0.5
8.621289368387203 | 1 | -0.5
8.700122925737896 | 1 | -0.5
6.351325172705905 | 1 | -0.5
4.155818904229231 | 1 | -0.5
3.1292561716609884 | 1 | -0.5
2.570300963028696 | 1 | -0.5
2.283169325382939 | 1 | -0.5
2.1172714555730106 | 1 | -0.5
2.0211949694302174 | 1 | -0.5
2.088949223337029 | 1 | -0.5
2.1782333666852454 | 1 | -0.5
2.445874856072673 | 1 | -0.5
2.908146619631586 | 1 | -0.5
3.069466537553608 | 1 | -0.5
2.7906675473517075 | 1 | -0.5
2.593855202312959 | 1 | -0.5
2.506417209985093 | 1 | -0.5
2.529041552716584 | 1 | -0.5
2.6322109923509034 | 1 | -0.5
2.9548634174343515 | 1 | -0.5
3.459928007634382 | 1 | -0.5
4.264330234744503 | 1 | -0.5
6.386737539289618 | 1 | -0.5
9.312985065251167 | 1 | -0.5
9.117611610971483 | 1 | -0.5
1.267889169334322 | 1 | -0.5
0.7210958419428769 | 1 | -0.5
0.8064880164855239 | 1 | -0.5
0.9465428329729815 | 1 | -0.5
1.1738289518644773 | 1 | -0.5
1.6768883482480679 | 1 | -0.5
3.2223882932281023 | 1 | -0.5
8.642899199765937 | 1 | -0.5
8.73607789326531 | 1 | -0.5
6.316873152914392 | 1 | -0.5
3.7525255031080484 | 1 | -0.5
2.825261358776301 | 1 | -0.5
2.3463908688471116 | 1 | -0.5
2.0552338319599484 | 1 | -0.5
1.9897760302993481 | 1 | -0.5
1.9291808599562559 | 1 | -0.5
2.032018365110634 | 1 | -0.5
2.1724511427508015 | 1 | -0.5
2.6272130678714705 | 1 | -0.5
3.1953075377927433 | 1 | -0.5
2.9039312083469064 | 1 | -0.5
2.6140260958879953 | 1 | -0.5
2.492370278532495 | 1 | -0.5
2.474977695832008 | 1 | -0.5
2.6270912476384534 | 1 | -0.5
2.86800132470855 | 1 | -0.5
3.3763955000157058 | 1 | -0.5
4.194138652253339 | 1 | -0.5
6.29322928328348 | 1 | -0.5
9.388039231327783 | 1 | -0.5
9.122273508429748 | 1 | -0.5
1.0934036585054303 | 1 | -0.5
0.6957128436529779 | 1 | -0.5
0.8357249937452917 | 1 | -0.5
1.009048450819092 | 1 | -0.5
1.6228531296169229 | 1 | -0.5
3.30628884947011 | 1 | -0.5
8.607219791391787 | 1 | -0.5
8.751858210595225 | 1 | -0.5
5.754456560022151 | 1 | -0.5
3.6409547733650465 | 1 | -0.5
2.945280161501398 | 1 | -0.5
2.3684255057185326 | 1 | -0.5
2.1737796974425634 | 1 | -0.5
2.00068648647319 | 1 | -0.5
2.033479058347086 | 1 | -0.5
2.085433204529369 | 1 | -0.5
2.2754794540009278 | 1 | -0.5
2.6432102372329664 | 1 | -0.5
3.214840400625421 | 1 | -0.5
2.7796143230118573 | 1 | -0.5
2.529495046200507 | 1 | -0.5
2.4418086338739444 | 1 | -0.5
2.5383712073847136 | 1 | -0.5
2.7106563838988844 | 1 | -0.5
3.069815608269065 | 1 | -0.5
3.655763020810267 | 1 | -0.5
4.680448730103313 | 1 | -0.5
6.360336119077463 | 1 | -0.5
9.291525765520808 | 1 | -0.5
9.029929877944745 | 1 | -0.5
2.3550591330155126 | 1 | -0.5
0.8548599110619173 | 1 | -0.5
0.66389513325131 | 1 | -0.5
0.8087739589432132 | 1 | -0.5
1.0515032829842468 | 1 | -0.5
1.4871662405818078 | 1 | -0.5
2.7336573631778824 | 1 | -0.5
8.645583536671284 | 1 | -0.5
8.783104420592993 | 1 | -0.5
5.425849557424845 | 1 | -0.5
3.7260282668882163 | 1 | -0.5
2.8905988045808475 | 1 | -0.5
2.4746979063495433 | 1 | -0.5
2.3266489939521797 | 1 | -0.5
2.1945895597049563 | 1 | -0.5
2.192486163767934 | 1 | -0.5
2.2085554214096463 | 1 | -0.5
2.3402983859944064 | 1 | -0.5
2.6717287297516727 | 1 | -0.5
3.1914533520974757 | 1 | -0.5
3.04778140103784 | 1 | -0.5
2.7399702601832003 | 1 | -0.5
2.5819936094976876 | 1 | -0.5
2.535508271874459 | 1 | -0.5
2.5851761390211205 | 1 | -0.5
2.753070089986001 | 1 | -0.5
3.0798664117844115 | 1 | -0.5
3.516579603962414 | 1 | -0.5
4.4364929901891585 | 1 | -0.5
5.997799244461535 | 1 | -0.5
9.152183065430437 | 1 | -0.5
8.917365422416747 | 1 | -0.5
1.318800843076925 | 1 | -0.5
0.5220534557700847 | 1 | -0.5
0.4968083467914736 | 1 | -0.5
0.6621227203272865 | 1 | -0.5
0.8730968312771015 | 1 | -0.5
1.3271893747063928 | 1 | -0.5
2.9088309399736474 | 1 | -0.5
8.626880067062192 | 1 | -0.5
8.94887364457201 | 1 | -0.5
5.8219494910777545 | 1 | -0.5
4.210517534098551 | 1 | -0.5
3.3270094861239388 | 1 | -0.5
2.7282813337748952 | 1 | -0.5
2.454454201773977 | 1 | -0.5
2.316793080292972 | 1 | -0.5
2.2580833417437463 | 1 | -0.5
2.3245460384807353 | 1 | -0.5
2.4893395840918844 | 1 | -0.5
2.9017139534464276 | 1 | -0.5
3.361457868027035 | 1 | -0.5
2.9203436458102434 | 1 | -0.5
2.5882593551821236 | 1 | -0.5
2.4948760429955628 | 1 | -0.5
2.4587678911514765 | 1 | -0.5
2.551183634219426 | 1 | -0.5
2.753938207729392 | 1 | -0.5
3.0752771789659707 | 1 | -0.5
3.6489203359768254 | 1 | -0.5
4.841480657973257 | 1 | -0.5
9.447885268118311 | 1 | -0.5
8.943111765748633 | 1 | -0.5
6.674354281068863 | 1 | -0.5
1.0220885429133677 | 1 | -0.5
0.5736439303254034 | 1 | -0.5
0.5059891560153386 | 1 | -0.5
0.6054861877937673 | 1 | -0.5
0.8384833180688536 | 1 | -0.5
1.4197307705119047 | 1 | -0.5
4.678995992194 | 1 | -0.5
8.641867633646958 | 1 | -0.5
7.782039904929775 | 1 | -0.5
4.67297433804952 | 1 | -0.5
3.618344088723782 | 1 | -0.5
3.0461715042671873 | 1 | -0.5
2.576402065644815 | 1 | -0.5
2.4093814130762916 | 1 | -0.5
2.310775242906469 | 1 | -0.5
2.3078260609209655 | 1 | -0.5
2.442170939846822 | 1 | -0.5
2.8002374033927193 | 1 | -0.5
3.211159264473627 | 1 | -0.5
2.967473081421313 | 1 | -0.5
2.624753675107699 | 1 | -0.5
2.414211955367454 | 1 | -0.5
2.3722759339505033 | 1 | -0.5
2.4545103332479346 | 1 | -0.5
2.652630300311627 | 1 | -0.5
2.9594682334233755 | 1 | -0.5
3.7223161729340246 | 1 | -0.5
4.851526307368383 | 1 | -0.5
9.124349415728569 | 1 | -0.5
8.81373839172693 | 1 | -0.5
5.172228776551228 | 1 | -0.5
1.27689281357707 | 1 | -0.5
0.6772828967224418 | 1 | -0.5
0.47858280020453514 | 1 | -0.5
0.5022861349622024 | 1 | -0.5
0.6881368329616758 | 1 | -0.5
1.4273244234131994 | 1 | -0.5
8.765242235167838 | 1 | -0.5
8.891432907268902 | 1 | -0.5
7.442024710575863 | 1 | -0.5
4.971052651274573 | 1 | -0.5
3.787112610029346 | 1 | -0.5
3.1255615282600644 | 1 | -0.5
2.8007326908177275 | 1 | -0.5
2.562637448794959 | 1 | -0.5
2.4485546616864085 | 1 | -0.5
2.487244609971095 | 1 | -0.5
2.5653872743120933 | 1 | -0.5
2.828639385754388 | 1 | -0.5
3.3014456044277942 | 1 | -0.5
2.989606680289989 | 1 | -0.5
2.6102923725368177 | 1 | -0.5
2.379125750229516 | 1 | -0.5
2.35276470260353 | 1 | -0.5
2.3673387893126225 | 1 | -0.5
2.516018217296316 | 1 | -0.5
2.8564974353653834 | 1 | -0.5
3.415123095544759 | 1 | -0.5
4.39939172367984 | 1 | -0.5
9.389343227161966 | 1 | -0.5
8.754793196248963 | 1 | -0.5
8.661121347764194 | 1 | -0.5
2.6305304878865763 | 1 | -0.5
1.2002175291560648 | 1 | -0.5
0.7398384875807702 | 1 | -0.5
0.5727454020516705 | 1 | -0.5
0.40532525958069926 | 1 | -0.5
0.6945489868848436 | 1 | -0.5
1.5508840452971502 | 1 | -0.5
8.78735860768178 | 1 | -0.5
9.060229168287588 | 1 | -0.5
5.811894207276949 | 1 | -0.5
4.067753275298059 | 1 | -0.5
3.2848901494678517 | 1 | -0.5
2.780105813067787 | 1 | -0.5
2.5467588618594115 | 1 | -0.5
2.3864310004553317 | 1 | -0.5
2.3781938699547114 | 1 | -0.5
2.4774353839708882 | 1 | -0.5
2.67994483455209 | 1 | -0.5
2.987146340317815 | 1 | -0.5
3.102632436471454 | 1 | -0.5
2.738417011896884 | 1 | -0.5
2.4774390024550104 | 1 | -0.5
2.337501518390999 | 1 | -0.5
2.2770782564229894 | 1 | -0.5
2.334507571470163 | 1 | -0.5
2.5185186335928114 | 1 | -0.5
2.9758509757251623 | 1 | -0.5
3.635774894725863 | 1 | -0.5
4.890265685150752 | 1 | -0.5
9.205858970073153 | 1 | -0.5
8.808431814515362 | 1 | -0.5
8.547230298600173 | 1 | -0.5
1.8029120446428681 | 1 | -0.5
1.057616788855407 | 1 | -0.5
0.6687474429155198 | 1 | -0.5
0.5083001878242721 | 1 | -0.5
0.5791914932304071 | 1 | -0.5
1.0272196972983607 | 1 | -0.5
3.151113115698271 | 1 | -0.5
8.833322057880117 | 1 | -0.5
9.046783905274845 | 1 | -0.5
5.555555404369011 | 1 | -0.5
3.97566021575638 | 1 | -0.5
3.225476756705398 | 1 | -0.5
2.7068383071748285 | 1 | -0.5
2.486480895102627 | 1 | -0.5
2.278418732855529 | 1 | -0.5
2.310097191798668 | 1 | -0.5
2.3556742296191144 | 1 | -0.5
2.574818768435235 | 1 | -0.5
2.893581335955886 | 1 | -0.5
3.0114701322332937 | 1 | -0.5
2.570565977538655 | 1 | -0.5
2.3227851553023395 | 1 | -0.5
2.2109246384472483 | 1 | -0.5
2.211110907198221 | 1 | -0.5
2.2934132456801373 | 1 | -0.5
2.428219701393468 | 1 | -0.5
2.8039027734325135 | 1 | -0.5
3.404117738025678 | 1 | -0.5
4.430052298966587 | 1 | -0.5
9.387547198682906 | 1 | -0.5
8.89710751732301 | 1 | -0.5
8.824036273133325 | 1 | -0.5
2.1714368578824947 | 1 | -0.5
1.1519595957844901 | 1 | -0.5
0.8028836375330256 | 1 | -0.5
0.5664484958249018 | 1 | -0.5
0.8715873050553169 | 1 | -0.5
1.70572596290687 | 1 | -0.5
4.7699938285974905 | 1 | -0.5
8.832575280549088 | 1 | -0.5
8.752372579328075 | 1 | -0.5
4.764989591020477 | 1 | -0.5
3.4704521167574547 | 1 | -0.5
2.818470388722055 | 1 | -0.5
2.477007074045454 | 1 | -0.5
2.2955090825627305 | 1 | -0.5
2.226152822218032 | 1 | -0.5
2.3855071429975188 | 1 | -0.5
2.594689660432771 | 1 | -0.5
3.058034860582842 | 1 | -0.5
2.8398036104669737 | 1 | -0.5
2.412705656755614 | 1 | -0.5
2.248862860153182 | 1 | -0.5
2.2458952150036606 | 1 | -0.5
2.2925815953685467 | 1 | -0.5
2.504666451852896 | 1 | -0.5
2.868771425900993 | 1 | -0.5
3.683726707544761 | 1 | -0.5
5.084043004256759 | 1 | -0.5
9.227550352680272 | 1 | -0.5
8.891004876895375 | 1 | -0.5
3.367990869065574 | 1 | -0.5
1.4078419783289726 | 1 | -0.5
0.9577618549985356 | 1 | -0.5
0.6810423269027311 | 1 | -0.5
0.9308518135025711 | 1 | -0.5
1.3933987154733647 | 1 | -0.5
3.2318416933502405 | 1 | -0.5
8.844899977919711 | 1 | -0.5
9.038474177527625 | 1 | -0.5
6.477605851749685 | 1 | -0.5
4.222578296402541 | 1 | -0.5
3.1015397068358896 | 1 | -0.5
2.6284735826106997 | 1 | -0.5
2.2734004306090863 | 1 | -0.5
2.1341114625695488 | 1 | -0.5
2.1100896307617805 | 1 | -0.5
2.1301439849826687 | 1 | -0.5
2.2834997783400746 | 1 | -0.5
2.5483168922186774 | 1 | -0.5
3.1285871285441518 | 1 | -0.5
2.615961448738575 | 1 | -0.5
2.3621847059125516 | 1 | -0.5
2.2266403772496446 | 1 | -0.5
2.2033096029315766 | 1 | -0.5
2.309397220005152 | 1 | -0.5
2.484074614694065 | 1 | -0.5
2.8021129899245176 | 1 | -0.5
3.312188671872184 | 1 | -0.5
4.508925308303073 | 1 | -0.5
9.581213708443068 | 1 | -0.5
9.044303514544513 | 1 | -0.5
6.6253238931732605 | 1 | -0.5
1.77943955393441 | 1 | -0.5
0.9484197856319996 | 1 | -0.5
0.6719871932740505 | 1 | -0.5
0.8684696214276907 | 1 | -0.5
1.3266460288284974 | 1 | -0.5
2.637780166990206 | 1 | -0.5
8.792559224119438 | 1 | -0.5
8.968089917238778 | 1 | -0.5
5.314930946394752 | 1 | -0.5
3.7810795432234183 | 1 | -0.5
2.95049216469658 | 1 | -0.5
2.6088485725262043 | 1 | -0.5
2.2711446307866257 | 1 | -0.5
2.1629369704866157 | 1 | -0.5
2.116581273347275 | 1 | -0.5
2.227319005490347 | 1 | -0.5
2.382047883193341 | 1 | -0.5
2.7243493249830437 | 1 | -0.5
3.1176229658652823 | 1 | -0.5
2.6826945770042685 | 1 | -0.5
2.3894379041913756 | 1 | -0.5
2.239776778311866 | 1 | -0.5
2.193672598060232 | 1 | -0.5
2.261360264393564 | 1 | -0.5
2.3683931073015523 | 1 | -0.5
2.6950063490498257 | 1 | -0.5
3.2198196009524365 | 1 | -0.5
4.30761104954427 | 1 | -0.5
9.431158053113954 | 1 | -0.5
8.973620020363295 | 1 | -0.5
8.861808801182494 | 1 | -0.5
1.8344993619248855 | 1 | -0.5
0.947362028781479 | 1 | -0.5
0.626720007618315 | 1 | -0.5
0.6084321154231909 | 1 | -0.5
0.8950708378235039 | 1 | -0.5
1.804011038346749 | 1 | -0.5
8.796424667599348 | 1 | -0.5
8.947607957078707 | 1 | -0.5
6.265806419217923 | 1 | -0.5
4.056998746148522 | 1 | -0.5
3.101805157430455 | 1 | -0.5
2.6752138790871416 | 1 | -0.5
2.3757176912336466 | 1 | -0.5
2.249688984826321 | 1 | -0.5
2.213844072397656 | 1 | -0.5
2.244529132185101 | 1 | -0.5
2.448604252379553 | 1 | -0.5
2.8375903826265056 | 1 | -0.5
3.0310106420928955 | 1 | -0.5
2.6286538063313065 | 1 | -0.5
2.377108046892264 | 1 | -0.5
2.317620149312418 | 1 | -0.5
2.277829557177015 | 1 | -0.5
2.438537186646137 | 1 | -0.5
2.7289981296153885 | 1 | -0.5
3.2235982926068107 | 1 | -0.5
4.099672594394811 | 1 | -0.5
5.839260588380265 | 1 | -0.5
9.144834078516947 | 1 | -0.5
8.914156836907694 | 1 | -0.5
1.9083830576571494 | 1 | -0.5
1.1012027296826337 | 1 | -0.5
0.6658051104994641 | 1 | -0.5
0.6746505781657273 | 1 | -0.5
0.8333320303684091 | 1 | -0.5
1.341677689691044 | 1 | -0.5
3.2930326153119864 | 1 | -0.5
8.76252384363291 | 1 | -0.5
8.986989976606864 | 1 | -0.5
5.521706745365329 | 1 | -0.5
3.9111787585456166 | 1 | -0.5
2.9880089008478574 | 1 | -0.5
2.6054803903407593 | 1 | -0.5
2.344456138679255 | 1 | -0.5
2.2907139403080072 | 1 | -0.5
2.277290029796665 | 1 | -0.5
2.4856387561038487 | 1 | -0.5
2.7335335845467275 | 1 | -0.5
3.357285785860308 | 1 | -0.5
2.9261613743769352 | 1 | -0.5
2.6380332703515275 | 1 | -0.5
2.472309250080504 | 1 | -0.5
2.4286458346805198 | 1 | -0.5
2.5277373759022 | 1 | -0.5
2.671104532027365 | 1 | -0.5
3.047768560616872 | 1 | -0.5
3.565352681653964 | 1 | -0.5
4.849429425538632 | 1 | -0.5
9.495400231388299 | 1 | -0.5
8.993871329546309 | 1 | -0.5
8.78930721492286 | 1 | -0.5
1.6923503897630312 | 1 | -0.5
0.90284178337277 | 1 | -0.5
0.6079466175377124 | 1 | -0.5
0.5138003816756127 | 1 | -0.5
0.6590737803339113 | 1 | -0.5
1.0667907750377696 | 1 | -0.5
2.6522801448325555 | 1 | -0.5
8.81821249923692 | 1 | -0.5
9.134464535292858 | 1 | -0.5
5.705006178211028 | 1 | -0.5
4.015816549658067 | 1 | -0.5
3.2333991269945197 | 1 | -0.5
2.7814748099172832 | 1 | -0.5
2.56535817842556 | 1 | -0.5
2.445815732328411 | 1 | -0.5
2.4606501314477303 | 1 | -0.5
2.545806564668679 | 1 | -0.5
2.7888384011518736 | 1 | -0.5
3.1838707611895622 | 1 | -0.5
3.088893675047056 | 1 | -0.5
2.6774143331296743 | 1 | -0.5
2.479138846175236 | 1 | -0.5
2.3369338946640683 | 1 | -0.5
2.394729179910783 | 1 | -0.5
2.4653773050831593 | 1 | -0.5
2.7147045116104818 | 1 | -0.5
3.1431592220408056 | 1 | -0.5
4.055612850349968 | 1 | -0.5
5.512991295008852 | 1 | -0.5
8.981456367978925 | 1 | -0.5
8.68712600677615 | 1 | -0.5
5.271564235336696 | 1 | -0.5
1.6416962233937407 | 1 | -0.5
0.829853130782626 | 1 | -0.5
0.520702537494162 | 1 | -0.5
0.43721520644577627 | 1 | -0.5
0.4394138559436452 | 1 | -0.5
1.0149867522872391 | 1 | -0.5
4.439888575600209 | 1 | -0.5
8.929503193201711 | 1 | -0.5
7.398683842425634 | 1 | -0.5
4.659123044769359 | 1 | -0.5
3.591442672718111 | 1 | -0.5
2.9721284106008508 | 1 | -0.5
2.7299060755425955 | 1 | -0.5
2.526745280449577 | 1 | -0.5
2.4316324325252485 | 1 | -0.5
2.5234266993367727 | 1 | -0.5
2.731179580421817 | 1 | -0.5
3.0607813765512764 | 1 | -0.5
3.0844244891271075 | 1 | -0.5
2.6360091041178864 | 1 | -0.5
2.3823600430497827 | 1 | -0.5
2.2512904991211027 | 1 | -0.5
2.231668980370444 | 1 | -0.5
2.385823010776076 | 1 | -0.5
2.5669988444655596 | 1 | -0.5
2.98466015581868 | 1 | -0.5
3.7177713976184856 | 1 | -0.5
5.083864549786961 | 1 | -0.5
9.037986391312888 | 1 | -0.5
8.709953404332847 | 1 | -0.5
3.6675294117234607 | 1 | -0.5
1.5324654659367445 | 1 | -0.5
0.959904866486651 | 1 | -0.5
0.7293502724480545 | 1 | -0.5
0.5478230447009353 | 1 | -0.5
0.7777639528045964 | 1 | -0.5
1.9029989685015414 | 1 | -0.5
8.889025785207707 | 1 | -0.5
9.087590903702974 | 1 | -0.5
6.030413542181937 | 1 | -0.5
4.199788739862876 | 1 | -0.5
3.3750961479077866 | 1 | -0.5
2.884591065592201 | 1 | -0.5
2.5773687334742243 | 1 | -0.5
2.455602347174226 | 1 | -0.5
2.383678169732641 | 1 | -0.5
2.418153839722236 | 1 | -0.5
2.632783922745806 | 1 | -0.5
2.9537009247081762 | 1 | -0.5
3.2422265239895185 | 1 | -0.5
2.746388110908686 | 1 | -0.5
2.3997807205904276 | 1 | -0.5
2.2462942812730455 | 1 | -0.5
2.1872296137929403 | 1 | -0.5
2.22236993944297 | 1 | -0.5
2.3868971190040043 | 1 | -0.5
2.691566624207558 | 1 | -0.5
3.229848956057137 | 1 | -0.5
4.2358947581445445 | 1 | -0.5
9.337179351005847 | 1 | -0.5
8.84524666765741 | 1 | -0.5
8.722640180084264 | 1 | -0.5
3.018525276403379 | 1 | -0.5
1.359431148393627 | 1 | -0.5
0.8863927933728384 | 1 | -0.5
0.6187843677647097 | 1 | -0.5
0.5578756503966751 | 1 | -0.5
0.9030148686449885 | 1 | -0.5
1.9709292967658585 | 1 | -0.5
8.977793966082263 | 1 | -0.5
9.14181600733606 | 1 | -0.5
6.024056255575045 | 1 | -0.5
4.127869439685857 | 1 | -0.5
3.2741255504847055 | 1 | -0.5
2.856504591161864 | 1 | -0.5
2.5641069053971823 | 1 | -0.5
2.387598091508027 | 1 | -0.5
2.378868193714564 | 1 | -0.5
2.4872734995322445 | 1 | -0.5
2.634782381450905 | 1 | -0.5
2.9188938247787997 | 1 | -0.5
3.1027330962739934 | 1 | -0.5
2.5724867263196436 | 1 | -0.5
2.3389296775391197 | 1 | -0.5
2.245170033620806 | 1 | -0.5
2.232873712061507 | 1 | -0.5
2.2521207275670134 | 1 | -0.5
2.3887289855458347 | 1 | -0.5
2.76593498177092 | 1 | -0.5
3.277123558345396 | 1 | -0.5
4.164504166236641 | 1 | -0.5
5.940171582638801 | 1 | -0.5
8.944763459970384 | 1 | -0.5
8.779828601083198 | 1 | -0.5
2.4534189244798466 | 1 | -0.5
1.2655349259558126 | 1 | -0.5
0.7724944206103711 | 1 | -0.5
0.5978889442631897 | 1 | -0.5
0.6250132839043542 | 1 | -0.5
1.1602390982350943 | 1 | -0.5
2.9384447829775855 | 1 | -0.5
8.871248532626593 | 1 | -0.5
8.234254515504706 | 1 | -0.5
4.899486212228385 | 1 | -0.5
3.5472340911113425 | 1 | -0.5
2.918255405638675 | 1 | -0.5
2.56731671211193 | 1 | -0.5
2.372401429692267 | 1 | -0.5
2.373400122011891 | 1 | -0.5
2.4693192657058765 | 1 | -0.5
2.6456202763608028 | 1 | -0.5
2.9747705999559177 | 1 | -0.5
3.2065092247860627 | 1 | -0.5
2.7793821963419907 | 1 | -0.5
2.4571216449963993 | 1 | -0.5
2.3221090517571 | 1 | -0.5
2.259502183548702 | 1 | -0.5
2.2771852589015564 | 1 | -0.5
2.4803217129011395 | 1 | -0.5
2.7597619125711383 | 1 | -0.5
3.2350219533815032 | 1 | -0.5
4.055001552405664 | 1 | -0.5
5.929575023130876 | 1 | -0.5
8.88006690732448 | 1 | -0.5
8.732523181193251 | 1 | -0.5
3.4014785430625394 | 1 | -0.5
1.4241415097365149 | 1 | -0.5
0.7261264476183897 | 1 | -0.5
0.4569186422047788 | 1 | -0.5
0.4845410005418324 | 1 | -0.5
0.7780123700113921 | 1 | -0.5
1.3182714328121456 | 1 | -0.5
8.758964091080992 | 1 | -0.5
8.862038945923294 | 1 | -0.5
7.187380521452407 | 1 | -0.5
4.7455555919130346 | 1 | -0.5
3.582002229797808 | 1 | -0.5
3.0126034211184267 | 1 | -0.5
2.676656677272108 | 1 | -0.5
2.527060853291037 | 1 | -0.5
2.435652187898214 | 1 | -0.5
Total reward: -500.0
