-1.6, -4.5, 4.0, -2.8, -2.2, -2.6, -4.5, 2.3, 2.3, -1.2, 0.2, 0.0, 1.1, -0.8, -2.3, 5.8, 0.4, 2.2
parameter ends

state | action | reward
[5.96] | 2 | -0.5
6.278762752369195 | 2 | -0.5
2.7874398914517555 | 2 | -0.5
2.16392404368061 | 2 | -0.5
1.9012938512134825 | 2 | -0.5
1.7748904725289631 | 2 | -0.5
1.6646288905865367 | 2 | -0.5
1.69536118567384 | 2 | -0.5
1.7326779524639448 | 2 | -0.5
1.8337929243892372 | 2 | -0.5
2.025655782318256 | 2 | -0.5
2.397020865256899 | 2 | -0.5
3.0476984749325924 | 2 | -0.5
6.535743310411069 | 2 | -0.5
6.190473817367148 | 2 | -0.5
6.125641330276939 | 2 | -0.5
6.334807643726749 | 2 | -0.5
3.8035569114400403 | 2 | -0.5
2.8562802626215817 | 2 | -0.5
2.373812158548127 | 2 | -0.5
2.0269020578225154 | 2 | -0.5
1.8858555895389484 | 2 | -0.5
1.82596682054595 | 2 | -0.5
1.797422999131323 | 2 | -0.5
1.8159820565886464 | 2 | -0.5
1.8765037183752715 | 2 | -0.5
2.053199675276542 | 2 | -0.5
2.3979258680649718 | 2 | -0.5
3.0185874267013233 | 2 | -0.5
4.040460566444338 | 2 | -0.5
6.0489310354454835 | 2 | -0.5
5.903690442138863 | 2 | -0.5
5.997552281781491 | 2 | -0.5
6.383187608652851 | 2 | -0.5
2.879318391625589 | 2 | -0.5
2.2428333000784146 | 2 | -0.5
1.8711679246300774 | 2 | -0.5
1.709538556648132 | 2 | -0.5
1.704951602565534 | 2 | -0.5
1.6456006122092655 | 2 | -0.5
1.6753523576283549 | 2 | -0.5
1.778473763137336 | 2 | -0.5
1.9366017473134243 | 2 | -0.5
2.31241749702391 | 2 | -0.5
3.054809455278266 | 2 | -0.5
6.298557304894521 | 2 | -0.5
6.050043693881574 | 2 | -0.5
6.000551450839814 | 2 | -0.5
5.96503947745281 | 2 | -0.5
3.6838099814259473 | 2 | -0.5
2.6807671054295397 | 2 | -0.5
2.218800797171191 | 2 | -0.5
1.932050277505733 | 2 | -0.5
1.8326185255524214 | 2 | -0.5
1.7722860560863738 | 2 | -0.5
1.8128814406124583 | 2 | -0.5
1.8375374798495463 | 2 | -0.5
1.9909663783741918 | 2 | -0.5
2.317100524753384 | 2 | -0.5
2.7622347555260784 | 2 | -0.5
3.8194043648764024 | 2 | -0.5
5.63044955122508 | 2 | -0.5
5.896453206578319 | 2 | -0.5
5.921300032414329 | 2 | -0.5
6.115732462416612 | 2 | -0.5
2.9897664076724086 | 2 | -0.5
2.3710181181161807 | 2 | -0.5
1.9916422979369486 | 2 | -0.5
1.7988848482812323 | 2 | -0.5
1.6743583188073448 | 2 | -0.5
1.667453172190777 | 2 | -0.5
1.6845118537090125 | 2 | -0.5
1.7587861076283724 | 2 | -0.5
1.8905445887981662 | 2 | -0.5
2.114532743732601 | 2 | -0.5
2.588955676199832 | 2 | -0.5
6.560962519173985 | 2 | -0.5
6.227986051893949 | 2 | -0.5
6.013526486397946 | 2 | -0.5
6.001032119069093 | 2 | -0.5
5.2873152834196455 | 2 | -0.5
3.1038754683283063 | 2 | -0.5
2.5310541010085124 | 2 | -0.5
2.1300835555519964 | 2 | -0.5
1.8716151743138019 | 2 | -0.5
1.7377604454270927 | 2 | -0.5
1.7008658865715234 | 2 | -0.5
1.7061953766656501 | 2 | -0.5
1.7928088113929124 | 2 | -0.5
2.0025871233588286 | 2 | -0.5
2.329537449390221 | 2 | -0.5
2.88437012272213 | 2 | -0.5
4.07530099797595 | 2 | -0.5
6.061156627690143 | 2 | -0.5
5.914629345424544 | 2 | -0.5
5.948365067233809 | 2 | -0.5
6.371452109398987 | 2 | -0.5
2.7916999218542546 | 2 | -0.5
2.2795265532140143 | 2 | -0.5
1.9424051781888343 | 2 | -0.5
1.8195399760039401 | 2 | -0.5
1.7383942028276762 | 2 | -0.5
1.7551944173846779 | 2 | -0.5
1.7598106507674676 | 2 | -0.5
1.8850852557403195 | 2 | -0.5
2.037713491522777 | 2 | -0.5
2.3468483639064734 | 2 | -0.5
2.873091480384718 | 2 | -0.5
6.460244816005093 | 2 | -0.5
6.092519807684834 | 2 | -0.5
6.005948723710249 | 2 | -0.5
6.035025708444667 | 2 | -0.5
3.5323782718044203 | 2 | -0.5
2.7882253362310565 | 2 | -0.5
2.3636102527303406 | 2 | -0.5
1.9914353393722242 | 2 | -0.5
1.8512587033121866 | 2 | -0.5
1.789713270231085 | 2 | -0.5
1.7406936495007514 | 2 | -0.5
1.8289636838271415 | 2 | -0.5
1.9339698046446934 | 2 | -0.5
2.1170250003013704 | 2 | -0.5
2.4974251867006445 | 2 | -0.5
3.1549215907939665 | 2 | -0.5
4.276573693376765 | 2 | -0.5
5.927937863935371 | 2 | -0.5
5.840069954916795 | 2 | -0.5
6.00174496261667 | 2 | -0.5
6.368898441412324 | 2 | -0.5
2.544142766705178 | 2 | -0.5
2.0321681717478954 | 2 | -0.5
1.808693209050941 | 2 | -0.5
1.6673073568564858 | 2 | -0.5
1.5799938971825505 | 2 | -0.5
1.593695376040253 | 2 | -0.5
1.6626334056001792 | 2 | -0.5
1.811378742584348 | 2 | -0.5
2.0831412497820443 | 2 | -0.5
2.507015575679901 | 2 | -0.5
6.740697022040964 | 2 | -0.5
6.192563014518819 | 2 | -0.5
6.008206576858166 | 2 | -0.5
6.113560404860999 | 2 | -0.5
4.760559678129849 | 2 | -0.5
3.35528296278694 | 2 | -0.5
2.5302506787103782 | 2 | -0.5
2.17403557562878 | 2 | -0.5
1.9381814214738187 | 2 | -0.5
1.8342047671115334 | 2 | -0.5
1.7963412198938047 | 2 | -0.5
1.8284612990431206 | 2 | -0.5
1.890743943861888 | 2 | -0.5
2.0646300745105055 | 2 | -0.5
2.460591450373687 | 2 | -0.5
3.1379458009184225 | 2 | -0.5
4.9589624058526045 | 2 | -0.5
5.974659056662337 | 2 | -0.5
5.980479552222845 | 2 | -0.5
6.152546295976702 | 2 | -0.5
6.702364478324718 | 2 | -0.5
2.581084141214174 | 2 | -0.5
2.1750102621390597 | 2 | -0.5
1.9117397497405901 | 2 | -0.5
1.7906208892537596 | 2 | -0.5
1.719349991637303 | 2 | -0.5
1.6647359559487254 | 2 | -0.5
1.7408257756358025 | 2 | -0.5
1.8333629245087262 | 2 | -0.5
2.083583063603943 | 2 | -0.5
2.570934337013219 | 2 | -0.5
3.2954114573251476 | 2 | -0.5
6.296536721847714 | 2 | -0.5
6.063204943932432 | 2 | -0.5
5.977764990723416 | 2 | -0.5
6.187743387090281 | 2 | -0.5
3.4575122245026777 | 2 | -0.5
2.6377159342033534 | 2 | -0.5
2.1834836337724512 | 2 | -0.5
1.8920275286998345 | 2 | -0.5
1.8317751029556006 | 2 | -0.5
1.708425676353779 | 2 | -0.5
1.72295710296721 | 2 | -0.5
1.8239888502706898 | 2 | -0.5
1.943901320495811 | 2 | -0.5
2.2180853958899713 | 2 | -0.5
2.617216453740076 | 2 | -0.5
3.5974773704332423 | 2 | -0.5
6.116549645197324 | 2 | -0.5
5.948442960525691 | 2 | -0.5
5.966479515568503 | 2 | -0.5
6.307784582590812 | 2 | -0.5
3.0483767151806433 | 2 | -0.5
2.3494633484948912 | 2 | -0.5
2.0356255794126676 | 2 | -0.5
1.792521324989938 | 2 | -0.5
1.7089166884498603 | 2 | -0.5
1.6714038238101026 | 2 | -0.5
1.688227455273015 | 2 | -0.5
1.7280875401282412 | 2 | -0.5
1.8346069185819835 | 2 | -0.5
2.058658209729635 | 2 | -0.5
2.468835987913985 | 2 | -0.5
3.180867746053226 | 2 | -0.5
6.3497278958535235 | 2 | -0.5
6.105828456919353 | 2 | -0.5
6.0330631441300895 | 2 | -0.5
6.171105308067824 | 2 | -0.5
3.711592184600253 | 2 | -0.5
2.7383366346503424 | 2 | -0.5
2.2949412359443766 | 2 | -0.5
2.014286495046143 | 2 | -0.5
1.857820615158397 | 2 | -0.5
1.7778831997046052 | 2 | -0.5
1.7967019249370952 | 2 | -0.5
1.8469578538923561 | 2 | -0.5
1.995665445848728 | 2 | -0.5
2.2510915694574174 | 2 | -0.5
2.6917357691191848 | 2 | -0.5
3.3801515988341793 | 2 | -0.5
4.924217627457167 | 2 | -0.5
5.886741175204866 | 2 | -0.5
5.843088879123307 | 2 | -0.5
6.045567889974799 | 2 | -0.5
6.616065465897758 | 2 | -0.5
2.2913176639222015 | 2 | -0.5
1.9513032747382384 | 2 | -0.5
1.719236416318075 | 2 | -0.5
1.634869947410031 | 2 | -0.5
1.6145413432494433 | 2 | -0.5
1.606042480093909 | 2 | -0.5
1.6611310449403203 | 2 | -0.5
1.7951323156873917 | 2 | -0.5
2.041117576289884 | 2 | -0.5
2.4154522753821417 | 2 | -0.5
3.2587353679690088 | 2 | -0.5
6.361626749133915 | 2 | -0.5
6.059619612542979 | 2 | -0.5
6.050397558122963 | 2 | -0.5
6.261713292512839 | 2 | -0.5
3.853352018501144 | 2 | -0.5
2.807616970849138 | 2 | -0.5
2.336143875616945 | 2 | -0.5
2.0644216960267197 | 2 | -0.5
1.8950731899219626 | 2 | -0.5
1.8245293300250571 | 2 | -0.5
1.770444162418812 | 2 | -0.5
1.8664318449988195 | 2 | -0.5
2.0070364511958534 | 2 | -0.5
2.2571178597986488 | 2 | -0.5
2.5810741936580928 | 2 | -0.5
3.3105862157785455 | 2 | -0.5
4.711850858230562 | 2 | -0.5
5.899361177557333 | 2 | -0.5
5.843227113692569 | 2 | -0.5
5.923799500165229 | 2 | -0.5
6.171088389288513 | 2 | -0.5
2.866092024324117 | 2 | -0.5
2.1741827269030143 | 2 | -0.5
1.8993304934027377 | 2 | -0.5
1.6715410715855195 | 2 | -0.5
1.6026640191726733 | 2 | -0.5
1.569832629592189 | 2 | -0.5
1.5727006330843138 | 2 | -0.5
1.6850249532574457 | 2 | -0.5
1.9890365678770803 | 2 | -0.5
2.416973601988055 | 2 | -0.5
2.9638359858024796 | 2 | -0.5
6.3590191076319265 | 2 | -0.5
6.0753118341853005 | 2 | -0.5
6.1156683638432945 | 2 | -0.5
4.519506703427272 | 2 | -0.5
3.0839264530369883 | 2 | -0.5
2.4055596721091606 | 2 | -0.5
2.113603994010317 | 2 | -0.5
1.944717046786731 | 2 | -0.5
1.8464984252018546 | 2 | -0.5
1.8221702172521328 | 2 | -0.5
1.920685777694896 | 2 | -0.5
2.0762859454393565 | 2 | -0.5
2.462315509843558 | 2 | -0.5
3.139975121204679 | 2 | -0.5
4.170822636877503 | 2 | -0.5
5.951090320353703 | 2 | -0.5
5.823585247326468 | 2 | -0.5
5.850976219837379 | 2 | -0.5
6.185483237972414 | 2 | -0.5
2.642888717527389 | 2 | -0.5
2.0429578130934876 | 2 | -0.5
1.8267037404350122 | 2 | -0.5
1.712612423478422 | 2 | -0.5
1.5980104828478185 | 2 | -0.5
1.5640806689727973 | 2 | -0.5
1.5634974976671163 | 2 | -0.5
1.6558934703281385 | 2 | -0.5
1.8239470623370464 | 2 | -0.5
2.0229702323779972 | 2 | -0.5
2.3479925895575704 | 2 | -0.5
3.1716811625340906 | 2 | -0.5
6.393654566504082 | 2 | -0.5
6.142241190983998 | 2 | -0.5
6.172124678559749 | 2 | -0.5
5.2568424081344975 | 2 | -0.5
3.462007388595339 | 2 | -0.5
2.5876535933775036 | 2 | -0.5
2.2179369272892653 | 2 | -0.5
1.9937553648412476 | 2 | -0.5
1.8704520260843975 | 2 | -0.5
1.8533987249934043 | 2 | -0.5
1.8011893689348462 | 2 | -0.5
1.9544879519328537 | 2 | -0.5
2.113761072696414 | 2 | -0.5
2.471292094990349 | 2 | -0.5
2.942391827342628 | 2 | -0.5
4.080604518484808 | 2 | -0.5
5.912234255115124 | 2 | -0.5
5.7941046658186215 | 2 | -0.5
5.737900303048107 | 2 | -0.5
5.989418765505051 | 2 | -0.5
6.431964287148857 | 2 | -0.5
2.482297963508837 | 2 | -0.5
2.046035462585886 | 2 | -0.5
1.8188900431680868 | 2 | -0.5
1.640828557393142 | 2 | -0.5
1.557905572264119 | 2 | -0.5
1.6115462582156834 | 2 | -0.5
1.6993845855838434 | 2 | -0.5
1.7943414185163664 | 2 | -0.5
2.070032374731038 | 2 | -0.5
2.4792393205295147 | 2 | -0.5
3.3708707778846905 | 2 | -0.5
6.320334876930587 | 2 | -0.5
6.117430037632233 | 2 | -0.5
6.182902140767629 | 2 | -0.5
4.562402988602861 | 2 | -0.5
3.0972142907798665 | 2 | -0.5
2.4077113838373703 | 2 | -0.5
2.105167478217947 | 2 | -0.5
1.8663997327294837 | 2 | -0.5
1.7680329191486144 | 2 | -0.5
1.7459811996590617 | 2 | -0.5
1.7794139201298134 | 2 | -0.5
1.8854099752611124 | 2 | -0.5
2.10943483074909 | 2 | -0.5
2.5228993132219837 | 2 | -0.5
3.1865231108243472 | 2 | -0.5
4.71030929293674 | 2 | -0.5
5.762030909435702 | 2 | -0.5
5.738848564619773 | 2 | -0.5
5.880660243351696 | 2 | -0.5
6.285886747390893 | 2 | -0.5
2.5428707269822217 | 2 | -0.5
2.0784255997397327 | 2 | -0.5
1.831785590934112 | 2 | -0.5
1.6860341338817524 | 2 | -0.5
1.6493318988299634 | 2 | -0.5
1.640767360485329 | 2 | -0.5
1.6978452273878164 | 2 | -0.5
1.8708820049582466 | 2 | -0.5
2.1915591749156844 | 2 | -0.5
2.939941519680925 | 2 | -0.5
6.607245982379367 | 2 | -0.5
6.2194126222974 | 2 | -0.5
6.078777078896998 | 2 | -0.5
6.232122972936686 | 2 | -0.5
4.032664463698842 | 2 | -0.5
2.8023326067203076 | 2 | -0.5
2.239468127433185 | 2 | -0.5
1.9267128799489586 | 2 | -0.5
1.7828062805242204 | 2 | -0.5
1.6739231085278703 | 2 | -0.5
1.6686945768556916 | 2 | -0.5
1.7410359453986592 | 2 | -0.5
1.8045874541447078 | 2 | -0.5
2.0450421035482913 | 2 | -0.5
2.5097231486894063 | 2 | -0.5
3.321171291456776 | 2 | -0.5
4.963263165346727 | 2 | -0.5
5.772979981617434 | 2 | -0.5
5.702437814203586 | 2 | -0.5
5.900652743581392 | 2 | -0.5
6.383716044505723 | 2 | -0.5
2.5570482657102906 | 2 | -0.5
2.137747839673986 | 2 | -0.5
1.8880539875104814 | 2 | -0.5
1.7338775844538488 | 2 | -0.5
1.6923342693564567 | 2 | -0.5
1.6820643190500137 | 2 | -0.5
1.7521869317675947 | 2 | -0.5
1.8560590053041905 | 2 | -0.5
2.061136202260673 | 2 | -0.5
2.3950079273485505 | 2 | -0.5
3.365413723411186 | 2 | -0.5
6.576842725800047 | 2 | -0.5
6.304494586927677 | 2 | -0.5
6.269705835892402 | 2 | -0.5
6.3873217891025185 | 2 | -0.5
3.400633853140331 | 2 | -0.5
2.6680294234509234 | 2 | -0.5
2.2567983309165576 | 2 | -0.5
1.9421946221274307 | 2 | -0.5
1.8275860097797312 | 2 | -0.5
1.7944125591187847 | 2 | -0.5
1.7634831081760072 | 2 | -0.5
1.820787167178139 | 2 | -0.5
1.9184818809345754 | 2 | -0.5
2.193190900057227 | 2 | -0.5
2.564416903457757 | 2 | -0.5
3.357155642891228 | 2 | -0.5
5.353075739221381 | 2 | -0.5
5.588247873217918 | 2 | -0.5
5.586336009922213 | 2 | -0.5
5.886445501763021 | 2 | -0.5
2.8954746610695676 | 2 | -0.5
2.2692454775946547 | 2 | -0.5
1.9132485111631574 | 2 | -0.5
1.7555052146166246 | 2 | -0.5
1.60459628410621 | 2 | -0.5
1.582872656439467 | 2 | -0.5
1.6038326298348766 | 2 | -0.5
1.6143735157645924 | 2 | -0.5
1.7514202085666863 | 2 | -0.5
1.9875834447988825 | 2 | -0.5
2.3538406987228853 | 2 | -0.5
3.2065984951019155 | 2 | -0.5
6.3860758783465075 | 2 | -0.5
6.280902550795986 | 2 | -0.5
6.328548159157303 | 2 | -0.5
4.105159153283877 | 2 | -0.5
3.000045292828558 | 2 | -0.5
2.540130122288906 | 2 | -0.5
2.1359096073318202 | 2 | -0.5
1.904238951913288 | 2 | -0.5
1.7873496887867388 | 2 | -0.5
1.8009952481098717 | 2 | -0.5
1.8056760644038734 | 2 | -0.5
1.8950156804616636 | 2 | -0.5
2.0794553897910566 | 2 | -0.5
2.38104182411807 | 2 | -0.5
2.9041711611029393 | 2 | -0.5
3.927859441577889 | 2 | -0.5
5.808362609429061 | 2 | -0.5
5.656909869754199 | 2 | -0.5
5.729499730247909 | 2 | -0.5
6.036764907182109 | 2 | -0.5
2.8429726231016885 | 2 | -0.5
2.2214842402266033 | 2 | -0.5
1.9310268587860855 | 2 | -0.5
1.758706060096586 | 2 | -0.5
1.7232710793083656 | 2 | -0.5
1.6670957683947882 | 2 | -0.5
1.704515440235589 | 2 | -0.5
1.817389750605659 | 2 | -0.5
2.1223058361245464 | 2 | -0.5
2.5407057847498087 | 2 | -0.5
3.174273070476567 | 2 | -0.5
6.684822197317843 | 2 | -0.5
6.340368513749053 | 2 | -0.5
6.265945508378561 | 2 | -0.5
6.057550117760342 | 2 | -0.5
3.6150671656586892 | 2 | -0.5
2.9255375294441825 | 2 | -0.5
2.35105484484268 | 2 | -0.5
2.024589457802222 | 2 | -0.5
1.8450060261252441 | 2 | -0.5
1.7540995293958368 | 2 | -0.5
1.7845575121009907 | 2 | -0.5
1.7898535929685286 | 2 | -0.5
1.9818194376118232 | 2 | -0.5
2.2877868400391894 | 2 | -0.5
2.809406634180467 | 2 | -0.5
3.5340331108197796 | 2 | -0.5
5.763361241896989 | 2 | -0.5
5.588642206366376 | 2 | -0.5
5.604569675857284 | 2 | -0.5
5.876769313556897 | 2 | -0.5
6.390354283822778 | 2 | -0.5
2.354851082671694 | 2 | -0.5
1.9600520919485853 | 2 | -0.5
1.7744705601290314 | 2 | -0.5
1.66977122790175 | 2 | -0.5
1.6450688127227866 | 2 | -0.5
1.5959951425263141 | 2 | -0.5
1.7127107021974934 | 2 | -0.5
1.9315073810173642 | 2 | -0.5
2.181311186819532 | 2 | -0.5
2.75878444890192 | 2 | -0.5
6.969531763146315 | 2 | -0.5
6.502526846627734 | 2 | -0.5
6.418697339307989 | 2 | -0.5
6.484740696316402 | 2 | -0.5
4.397166384198486 | 2 | -0.5
2.995959996688122 | 2 | -0.5
2.430062557015366 | 2 | -0.5
2.088618386841435 | 2 | -0.5
1.9014838456804803 | 2 | -0.5
1.7949105368843739 | 2 | -0.5
1.768444530076295 | 2 | -0.5
1.784322891387512 | 2 | -0.5
1.9048646370254634 | 2 | -0.5
2.060592906603812 | 2 | -0.5
2.3100438743702054 | 2 | -0.5
2.879880109801606 | 2 | -0.5
4.1955771937250015 | 2 | -0.5
5.5364507687122515 | 2 | -0.5
5.460814714762866 | 2 | -0.5
5.647407620636758 | 2 | -0.5
5.963866155898506 | 2 | -0.5
2.5462663070306446 | 2 | -0.5
2.1302337276962193 | 2 | -0.5
1.8983604175282331 | 2 | -0.5
1.685987940030193 | 2 | -0.5
1.5573856881461314 | 2 | -0.5
1.5711941786306483 | 2 | -0.5
1.6249568982986924 | 2 | -0.5
1.6445069692955736 | 2 | -0.5
1.879155202435619 | 2 | -0.5
2.1470457008892363 | 2 | -0.5
2.5616565463860876 | 2 | -0.5
6.920982685159512 | 2 | -0.5
6.53905387719806 | 2 | -0.5
6.4067073653019095 | 2 | -0.5
6.517444844878799 | 2 | -0.5
4.389268113914273 | 2 | -0.5
3.1434335731117584 | 2 | -0.5
2.5538612446114306 | 2 | -0.5
2.240775692858313 | 2 | -0.5
2.0245258355128213 | 2 | -0.5
1.9449565519542489 | 2 | -0.5
1.8990380870727743 | 2 | -0.5
1.9370487194094397 | 2 | -0.5
2.084923657056815 | 2 | -0.5
2.3465448462812675 | 2 | -0.5
2.7419246470337626 | 2 | -0.5
3.7020065037450522 | 2 | -0.5
5.7350110133198395 | 2 | -0.5
5.552756360155832 | 2 | -0.5
5.569833807778595 | 2 | -0.5
5.740029917954686 | 2 | -0.5
6.112668670073962 | 2 | -0.5
2.2641342956693635 | 2 | -0.5
1.8995664334543854 | 2 | -0.5
1.707876566570219 | 2 | -0.5
1.627037969452025 | 2 | -0.5
1.4952521902489808 | 2 | -0.5
1.488764755231723 | 2 | -0.5
1.5766794570636389 | 2 | -0.5
1.6736391198131475 | 2 | -0.5
1.7789182917973736 | 2 | -0.5
2.1215268243432455 | 2 | -0.5
2.7026060140166313 | 2 | -0.5
6.883967137677423 | 2 | -0.5
6.500860230882598 | 2 | -0.5
6.468156545650998 | 2 | -0.5
5.953806643430023 | 2 | -0.5
3.669677066501631 | 2 | -0.5
2.71182343621779 | 2 | -0.5
2.2665360190873383 | 2 | -0.5
2.065887992089482 | 2 | -0.5
1.9536667256432683 | 2 | -0.5
1.9601548880301798 | 2 | -0.5
1.9832978366556488 | 2 | -0.5
2.089869012822756 | 2 | -0.5
2.351003144739068 | 2 | -0.5
2.7665396935769238 | 2 | -0.5
3.650729130244156 | 2 | -0.5
5.651380448337619 | 2 | -0.5
5.460825890081489 | 2 | -0.5
5.456594817734954 | 2 | -0.5
5.592320096502432 | 2 | -0.5
6.0468103006953715 | 2 | -0.5
2.1932782693906314 | 2 | -0.5
1.834579623649104 | 2 | -0.5
1.6100599931022124 | 2 | -0.5
1.5128986143511471 | 2 | -0.5
1.4367003940075878 | 2 | -0.5
1.4396096016989268 | 2 | -0.5
1.4970034663489695 | 2 | -0.5
1.624819043102877 | 2 | -0.5
1.7599571435292236 | 2 | -0.5
2.2205760221596758 | 2 | -0.5
2.9495527383902496 | 2 | -0.5
6.658310724628666 | 2 | -0.5
6.476130942952338 | 2 | -0.5
6.526142972920864 | 2 | -0.5
5.848395806912364 | 2 | -0.5
4.127545098202914 | 2 | -0.5
2.928624531102633 | 2 | -0.5
2.4615564895390984 | 2 | -0.5
2.2526126370985704 | 2 | -0.5
2.143282710261264 | 2 | -0.5
2.0574197677495896 | 2 | -0.5
2.0785933617675507 | 2 | -0.5
2.172936671417206 | 2 | -0.5
2.389562791442054 | 2 | -0.5
2.6796602985593307 | 2 | -0.5
3.28310430835543 | 2 | -0.5
4.629915011430668 | 2 | -0.5
5.591726366414737 | 2 | -0.5
5.463367561260025 | 2 | -0.5
5.483353644807335 | 2 | -0.5
5.791475767218873 | 2 | -0.5
2.309808147375756 | 2 | -0.5
1.780217823741482 | 2 | -0.5
1.5595881276483254 | 2 | -0.5
1.373411020878046 | 2 | -0.5
1.314801168276125 | 2 | -0.5
1.2898760953045376 | 2 | -0.5
1.3549622898252258 | 2 | -0.5
1.4068702548079468 | 2 | -0.5
1.6108894727305316 | 2 | -0.5
1.8779106229570597 | 2 | -0.5
2.271136013487762 | 2 | -0.5
3.250961020339302 | 2 | -0.5
6.563149574791838 | 2 | -0.5
6.456407365565339 | 2 | -0.5
6.695080314035687 | 2 | -0.5
4.4131217488841115 | 2 | -0.5
3.3813464570556415 | 2 | -0.5
2.860654315028982 | 2 | -0.5
2.459731386966606 | 2 | -0.5
2.2903324538602168 | 2 | -0.5
2.1532388480993903 | 2 | -0.5
2.1038089923935277 | 2 | -0.5
2.163559049753394 | 2 | -0.5
2.3205490196831455 | 2 | -0.5
2.576844485471617 | 2 | -0.5
3.1016540043509893 | 2 | -0.5
3.9237877411744875 | 2 | -0.5
5.579125936840509 | 2 | -0.5
5.523741269013458 | 2 | -0.5
5.470185063463378 | 2 | -0.5
5.696763166167093 | 2 | -0.5
2.618314075897492 | 2 | -0.5
1.9963668893273177 | 2 | -0.5
1.6842731680292327 | 2 | -0.5
1.451573549572404 | 2 | -0.5
1.35235511273058 | 2 | -0.5
1.319561938368812 | 2 | -0.5
1.319798128657821 | 2 | -0.5
1.3669508636356822 | 2 | -0.5
1.4645892944460799 | 2 | -0.5
1.6313147918629367 | 2 | -0.5
2.0310796897319205 | 2 | -0.5
2.611414033370548 | 2 | -0.5
6.678918145722107 | 2 | -0.5
6.46459648587736 | 2 | -0.5
6.418580012918136 | 2 | -0.5
6.648494489095797 | 2 | -0.5
4.631897306622048 | 2 | -0.5
3.2245145915842626 | 2 | -0.5
2.728681716831439 | 2 | -0.5
2.386307298596316 | 2 | -0.5
2.268842488640566 | 2 | -0.5
2.175418557250664 | 2 | -0.5
2.1456418361999527 | 2 | -0.5
2.274288554658075 | 2 | -0.5
2.490886031733848 | 2 | -0.5
2.9174883566099705 | 2 | -0.5
3.735533535427094 | 2 | -0.5
5.501029823407903 | 2 | -0.5
5.464059828833081 | 2 | -0.5
5.300876653449301 | 2 | -0.5
5.607889263842493 | 2 | -0.5
2.3558007138934394 | 2 | -0.5
1.7647061899759626 | 2 | -0.5
1.5148453727575812 | 2 | -0.5
1.3569918610900429 | 2 | -0.5
1.2347979209340443 | 2 | -0.5
1.1734327034411993 | 2 | -0.5
1.1701831260196325 | 2 | -0.5
1.2195785953767317 | 2 | -0.5
1.3108751156749259 | 2 | -0.5
1.4621461936513036 | 2 | -0.5
1.6835515347480414 | 2 | -0.5
2.148832017122657 | 2 | -0.5
3.451638030916159 | 2 | -0.5
6.608046146028321 | 2 | -0.5
6.614346904257908 | 2 | -0.5
6.724808944604458 | 2 | -0.5
4.914218898816644 | 2 | -0.5
3.29712645635845 | 2 | -0.5
2.7432064566127536 | 2 | -0.5
2.470468650264237 | 2 | -0.5
2.2614081959056014 | 2 | -0.5
2.2200569156832257 | 2 | -0.5
2.1957744327098236 | 2 | -0.5
2.281583077730592 | 2 | -0.5
2.4930947510272516 | 2 | -0.5
2.8381672891122576 | 2 | -0.5
3.44881001316654 | 2 | -0.5
4.78546996544475 | 2 | -0.5
5.54887256197298 | 2 | -0.5
5.3598169984477675 | 2 | -0.5
5.422509743579056 | 2 | -0.5
5.738633440496605 | 2 | -0.5
2.006142789290032 | 2 | -0.5
1.6181756700812862 | 2 | -0.5
1.3849396521231083 | 2 | -0.5
1.3411441094238943 | 2 | -0.5
1.217324316178162 | 2 | -0.5
1.2620162350430126 | 2 | -0.5
1.240972680012853 | 2 | -0.5
1.3004831937252421 | 2 | -0.5
1.4196205747765236 | 2 | -0.5
1.662618583390066 | 2 | -0.5
1.9943856311016583 | 2 | -0.5
2.7343875936700512 | 2 | -0.5
6.762593140887458 | 2 | -0.5
6.568625879243503 | 2 | -0.5
6.5532524478178 | 2 | -0.5
6.340955730469271 | 2 | -0.5
4.383448532372631 | 2 | -0.5
3.223887852695865 | 2 | -0.5
2.6945925623854534 | 2 | -0.5
2.4277673117102476 | 2 | -0.5
2.278966804147796 | 2 | -0.5
2.14859570552665 | 2 | -0.5
2.137643948763087 | 2 | -0.5
2.1891706763591703 | 2 | -0.5
2.343137804011793 | 2 | -0.5
2.656898840678669 | 2 | -0.5
3.0831612965145814 | 2 | -0.5
3.9601794681824205 | 2 | -0.5
5.6317899040218595 | 2 | -0.5
5.373097944312761 | 2 | -0.5
5.293583901811453 | 2 | -0.5
5.37530947711123 | 2 | -0.5
5.688488105399152 | 2 | -0.5
2.2329684192901595 | 2 | -0.5
1.8190822975436682 | 2 | -0.5
1.5748836610381256 | 2 | -0.5
1.3745553570262423 | 2 | -0.5
1.318352592559351 | 2 | -0.5
1.3241726974921892 | 2 | -0.5
1.3266953264499592 | 2 | -0.5
1.4116951502356168 | 2 | -0.5
1.5018192241482953 | 2 | -0.5
1.7800436371318973 | 2 | -0.5
2.237525181690459 | 2 | -0.5
2.932470599113551 | 2 | -0.5
6.739312070513654 | 2 | -0.5
6.604450516429809 | 2 | -0.5
6.760744398518524 | 2 | -0.5
4.754698857976709 | 2 | -0.5
3.2482361011061824 | 2 | -0.5
2.647771112184251 | 2 | -0.5
2.351489261400764 | 2 | -0.5
2.119588658811003 | 2 | -0.5
2.0121595299905914 | 2 | -0.5
2.0136339976792073 | 2 | -0.5
2.088118344712505 | 2 | -0.5
2.272680971993785 | 2 | -0.5
2.5026478271176313 | 2 | -0.5
3.09257587074524 | 2 | -0.5
4.130138206731123 | 2 | -0.5
5.478391304175075 | 2 | -0.5
5.324991106041853 | 2 | -0.5
5.3463009514650155 | 2 | -0.5
5.563566597751401 | 2 | -0.5
2.5547952405649483 | 2 | -0.5
2.0146851500316583 | 2 | -0.5
1.6638658297830788 | 2 | -0.5
1.4786708387370773 | 2 | -0.5
1.4026352963902948 | 2 | -0.5
1.3446829009964603 | 2 | -0.5
1.3836624083754867 | 2 | -0.5
1.3994784265796198 | 2 | -0.5
1.5502985655590538 | 2 | -0.5
1.7496706319160205 | 2 | -0.5
2.040381807479035 | 2 | -0.5
2.7280630666793444 | 2 | -0.5
6.8344283174237255 | 2 | -0.5
6.565920412395709 | 2 | -0.5
6.561928252095854 | 2 | -0.5
6.361634905077437 | 2 | -0.5
3.8007814107702127 | 2 | -0.5
3.0051568788388647 | 2 | -0.5
2.570356316488774 | 2 | -0.5
2.3233428280120303 | 2 | -0.5
2.1905867950133415 | 2 | -0.5
2.1385610530690142 | 2 | -0.5
2.152418067755567 | 2 | -0.5
2.2441171154313784 | 2 | -0.5
2.468130240779024 | 2 | -0.5
2.867256753675377 | 2 | -0.5
3.6798567495419894 | 2 | -0.5
5.3185036902012905 | 2 | -0.5
5.413338391624451 | 2 | -0.5
5.344519850252832 | 2 | -0.5
5.374357517936048 | 2 | -0.5
5.671702105558036 | 2 | -0.5
2.20674368642454 | 2 | -0.5
1.668702842419351 | 2 | -0.5
1.4947928421292314 | 2 | -0.5
1.3486076616645304 | 2 | -0.5
1.3260879297854917 | 2 | -0.5
1.2939520645002847 | 2 | -0.5
1.3462543257410167 | 2 | -0.5
1.3133672946661958 | 2 | -0.5
1.5350735719787703 | 2 | -0.5
1.7566470168667216 | 2 | -0.5
2.1844595089957353 | 2 | -0.5
3.089401226025833 | 2 | -0.5
6.798203957637994 | 2 | -0.5
6.594848604050694 | 2 | -0.5
6.736695939853322 | 2 | -0.5
4.769468329966112 | 2 | -0.5
3.625563477626755 | 2 | -0.5
2.8362003972289993 | 2 | -0.5
2.4031363189735937 | 2 | -0.5
2.2311134096398453 | 2 | -0.5
2.067640683580311 | 2 | -0.5
2.087931095243245 | 2 | -0.5
2.185807056595351 | 2 | -0.5
2.3058807368981666 | 2 | -0.5
2.6190507360149233 | 2 | -0.5
3.0306473006935906 | 2 | -0.5
3.915010082528394 | 2 | -0.5
5.6282837103830365 | 2 | -0.5
5.4124349144889425 | 2 | -0.5
5.373828802001511 | 2 | -0.5
5.5496390997153 | 2 | -0.5
2.61053066274852 | 2 | -0.5
1.9228069935805379 | 2 | -0.5
1.612091264153346 | 2 | -0.5
1.4528155892972323 | 2 | -0.5
1.3604603631480816 | 2 | -0.5
1.2999441656033137 | 2 | -0.5
1.3396526900999481 | 2 | -0.5
1.3926026814382253 | 2 | -0.5
1.4736002313883048 | 2 | -0.5
1.7209868045647108 | 2 | -0.5
2.021030757888373 | 2 | -0.5
2.487504217099226 | 2 | -0.5
6.9204693905108625 | 2 | -0.5
6.616558234965648 | 2 | -0.5
6.5912661210061785 | 2 | -0.5
6.374983277319848 | 2 | -0.5
4.254665653013088 | 2 | -0.5
3.2218484342305973 | 2 | -0.5
2.7112610577358756 | 2 | -0.5
2.4474901413911594 | 2 | -0.5
2.2636115443385556 | 2 | -0.5
2.173554103884076 | 2 | -0.5
2.140390500317991 | 2 | -0.5
2.1866600980910267 | 2 | -0.5
2.351517836323123 | 2 | -0.5
2.6124748287041744 | 2 | -0.5
3.062678638797791 | 2 | -0.5
3.806517226777776 | 2 | -0.5
5.52350512837992 | 2 | -0.5
5.474323321428357 | 2 | -0.5
5.402043652350202 | 2 | -0.5
5.528626162060233 | 2 | -0.5
5.924093937906642 | 2 | -0.5
1.8845869518112595 | 2 | -0.5
1.4289392101655876 | 2 | -0.5
1.3166015922961678 | 2 | -0.5
1.2402559766204047 | 2 | -0.5
1.197764206823945 | 2 | -0.5
1.2053299585213848 | 2 | -0.5
1.2958429506964024 | 2 | -0.5
1.445807907010632 | 2 | -0.5
1.6724638495153878 | 2 | -0.5
2.0860451913081106 | 2 | -0.5
3.2852450519217062 | 2 | -0.5
6.538115260357847 | 2 | -0.5
6.495038476151868 | 2 | -0.5
6.766104472520121 | 2 | -0.5
4.330867984365587 | 2 | -0.5
3.201490234180527 | 2 | -0.5
2.6865593558536545 | 2 | -0.5
2.3491008935038162 | 2 | -0.5
2.1943488239969495 | 2 | -0.5
2.1527263485911976 | 2 | -0.5
2.176680258985707 | 2 | -0.5
2.2516161941978488 | 2 | -0.5
2.500679391982501 | 2 | -0.5
2.8734294588373936 | 2 | -0.5
3.3982980941203236 | 2 | -0.5
4.937647450208387 | 2 | -0.5
5.560270347177971 | 2 | -0.5
5.4009500470317455 | 2 | -0.5
5.4958329605014695 | 2 | -0.5
5.827306193281999 | 2 | -0.5
1.9835351624075206 | 2 | -0.5
1.6016406155624312 | 2 | -0.5
1.397147825554053 | 2 | -0.5
1.2255795491980923 | 2 | -0.5
1.170586423890645 | 2 | -0.5
1.2062589693829966 | 2 | -0.5
1.2674178529205697 | 2 | -0.5
1.357916476808028 | 2 | -0.5
1.5171878545892776 | 2 | -0.5
1.7051388367887714 | 2 | -0.5
2.278406409603265 | 2 | -0.5
3.428486076135315 | 2 | -0.5
6.552039586020043 | 2 | -0.5
6.544928616401798 | 2 | -0.5
6.6808186276536095 | 2 | -0.5
4.317693374137759 | 2 | -0.5
3.4398525604463734 | 2 | -0.5
2.8021795787599117 | 2 | -0.5
2.544043695302661 | 2 | -0.5
2.387895567883957 | 2 | -0.5
2.2878601493913937 | 2 | -0.5
2.3146575776969605 | 2 | -0.5
2.3481533383902717 | 2 | -0.5
2.4493371679230753 | 2 | -0.5
2.829999193490046 | 2 | -0.5
3.332743804622355 | 2 | -0.5
4.251169323299528 | 2 | -0.5
5.786317415530439 | 2 | -0.5
5.563492371627671 | 2 | -0.5
5.529083528616274 | 2 | -0.5
5.823209694287283 | 2 | -0.5
1.9079929384028969 | 2 | -0.5
1.487227715215621 | 2 | -0.5
1.2884316473370006 | 2 | -0.5
1.2090577549959858 | 2 | -0.5
1.158977931482768 | 2 | -0.5
1.122040771388836 | 2 | -0.5
1.1263342495978352 | 2 | -0.5
1.1962117385273412 | 2 | -0.5
1.3290938682237325 | 2 | -0.5
1.4732811401298511 | 2 | -0.5
1.833561898434872 | 2 | -0.5
2.324240319951171 | 2 | -0.5
6.610128589253645 | 2 | -0.5
6.4531483804679075 | 2 | -0.5
6.496147354921423 | 2 | -0.5
6.614896814649913 | 2 | -0.5
4.352573602407953 | 2 | -0.5
3.4375382357275375 | 2 | -0.5
2.904893829917931 | 2 | -0.5
2.5750595413347694 | 2 | -0.5
2.4169310890176456 | 2 | -0.5
2.3446097317076395 | 2 | -0.5
2.3579784748256625 | 2 | -0.5
2.4425936366885024 | 2 | -0.5
2.57922068878294 | 2 | -0.5
2.902899506196615 | 2 | -0.5
3.3791578013060595 | 2 | -0.5
4.4960035167231 | 2 | -0.5
5.758407688686822 | 2 | -0.5
5.574774950289202 | 2 | -0.5
5.559765000266224 | 2 | -0.5
5.797346536059665 | 2 | -0.5
2.0785281376968316 | 2 | -0.5
1.62108293157566 | 2 | -0.5
1.3591020023985165 | 2 | -0.5
1.1962612361507086 | 2 | -0.5
1.115044771966534 | 2 | -0.5
1.1025418964364841 | 2 | -0.5
1.0790666424160862 | 2 | -0.5
1.0883067180752797 | 2 | -0.5
1.1589395736058865 | 2 | -0.5
1.2431013150560595 | 2 | -0.5
1.3803764368442126 | 2 | -0.5
1.5874314783305894 | 2 | -0.5
2.116370667073678 | 2 | -0.5
3.581758399556676 | 2 | -0.5
6.522790674259669 | 2 | -0.5
6.528241924353651 | 2 | -0.5
6.8069558126154 | 2 | -0.5
4.45859140896961 | 2 | -0.5
3.612038829000714 | 2 | -0.5
3.0844945052339297 | 2 | -0.5
2.7097695870465803 | 2 | -0.5
2.525573811906703 | 2 | -0.5
2.4258203067881974 | 2 | -0.5
2.4279472506133084 | 2 | -0.5
2.4897940993003043 | 2 | -0.5
2.6679207475073428 | 2 | -0.5
2.978914840666721 | 2 | -0.5
3.55207873798141 | 2 | -0.5
4.848265605645158 | 2 | -0.5
5.723503120398267 | 2 | -0.5
5.419346688365677 | 2 | -0.5
5.407384661621397 | 2 | -0.5
5.565745685734042 | 2 | -0.5
1.875100552145033 | 2 | -0.5
1.357972904576959 | 2 | -0.5
1.204705848368205 | 2 | -0.5
1.033640661302257 | 2 | -0.5
0.9491704863039179 | 2 | -0.5
1.0063352964943848 | 2 | -0.5
0.9703172167305729 | 2 | -0.5
1.0253743522069856 | 2 | -0.5
1.1184392665603942 | 2 | -0.5
1.284700412207548 | 2 | -0.5
1.603254713643767 | 2 | -0.5
2.0512661533740264 | 2 | -0.5
3.527812492674166 | 2 | -0.5
6.576684757004317 | 2 | -0.5
6.687488528416916 | 2 | -0.5
5.716202003725808 | 2 | -0.5
4.2174334058147895 | 2 | -0.5
3.293138446631223 | 2 | -0.5
2.8422769635337404 | 2 | -0.5
Total reward: -500.0
