-2.8, -2.8, 3.8, -3.8, 5.8, -4.8, 4.8, 3.8, 5.8, 4.8
parameter ends

state | action | reward
[0.02] | 0 | 1.0
0.023290853947401047 | 0 | 1.0
0.01991012692451477 | 1 | 1.0
0.012627621181309223 | 0 | 1.0
0.009246363304555416 | 1 | 1.0
0.0019580028019845486 | 0 | 1.0
-0.0014345579547807574 | 1 | 1.0
-0.008739364333450794 | 0 | 1.0
-0.0121541116386652 | 1 | 1.0
-0.019486164674162865 | 0 | 1.0
-0.0229343194514513 | 1 | 1.0
-0.03030482493340969 | 0 | 1.0
-0.03379816934466362 | 0 | 1.0
-0.04121892526745796 | 1 | 1.0
-0.052568234503269196 | 0 | 1.0
-0.06005154550075531 | 1 | 1.0
-0.07147035002708435 | 0 | 1.0
-0.07903546094894409 | 0 | 1.0
Total reward: 18.0
-2.8, -2.8, 3.8, -3.8, 5.8, -4.8, 4.8, 3.8, 5.8, 4.8
parameter ends

state | action | reward
[0.04] | 0 | 1.0
0.04223769158124924 | 0 | 1.0
0.03899385780096054 | 1 | 1.0
0.0318400114774704 | 0 | 1.0
0.02857901342213154 | 1 | 1.0
0.02140333317220211 | 0 | 1.0
0.018115036189556122 | 1 | 1.0
0.010907390154898167 | 0 | 1.0
0.007581195328384638 | 1 | 1.0
0.0003309285966679454 | 0 | 1.0
-0.0030444327276200056 | 0 | 1.0
-0.010348661802709103 | 1 | 1.0
-0.021582771092653275 | 0 | 1.0
-0.028952889144420624 | 1 | 1.0
-0.04025956243276596 | 0 | 1.0
Total reward: 15.0
-2.8, -2.8, 3.8, -3.8, 5.8, -4.8, 4.8, 3.8, 5.8, 4.8
parameter ends

state | action | reward
[-0.05] | 0 | 1.0
-0.049270886927843094 | 0 | 1.0
-0.05253250524401665 | 1 | 1.0
-0.05969960242509842 | 0 | 1.0
-0.06296892464160919 | 1 | 1.0
-0.07014839351177216 | 0 | 1.0
-0.07343513518571854 | 1 | 1.0
-0.0806366354227066 | 0 | 1.0
-0.08395079523324966 | 1 | 1.0
-0.09118431806564331 | 0 | 1.0
-0.09453637152910233 | 1 | 1.0
-0.1018124520778656 | 0 | 1.0
-0.10521353036165237 | 0 | 1.0
-0.11254338920116425 | 1 | 1.0
-0.1238030269742012 | 0 | 1.0
-0.1311984807252884 | 1 | 1.0
-0.1425303816795349 | 0 | 1.0
-0.15001024305820465 | 0 | 1.0
Total reward: 18.0
-2.8, -2.8, 3.8, -3.8, 5.8, -4.8, 4.8, 3.8, 5.8, 4.8
parameter ends

state | action | reward
[0.04] | 0 | 1.0
0.042861055582761765 | 0 | 1.0
0.03904934227466583 | 1 | 1.0
0.031328730285167694 | 0 | 1.0
0.02750200219452381 | 1 | 1.0
0.019761333242058754 | 0 | 1.0
0.015908749774098396 | 1 | 1.0
0.008137233555316925 | 0 | 1.0
0.00424753874540329 | 1 | 1.0
-0.0035660883877426386 | 0 | 1.0
-0.007504776585847139 | 0 | 1.0
-0.015372426249086857 | 1 | 1.0
-0.027170106768608093 | 0 | 1.0
-0.03510422259569168 | 1 | 1.0
-0.04697515442967415 | 0 | 1.0
Total reward: 15.0
-2.8, -2.8, 3.8, -3.8, 5.8, -4.8, 4.8, 3.8, 5.8, 4.8
parameter ends

state | action | reward
[0.01] | 0 | 1.0
0.010279994457960129 | 0 | 1.0
0.006023557391017675 | 1 | 1.0
-0.0021444919984787703 | 0 | 1.0
-0.006421602331101894 | 1 | 1.0
-0.014615132473409176 | 0 | 1.0
-0.018923508003354073 | 1 | 1.0
-0.02715311571955681 | 0 | 1.0
-0.03150388225913048 | 1 | 1.0
-0.039780743420124054 | 0 | 1.0
-0.044185761362314224 | 1 | 1.0
-0.05252178758382797 | 0 | 1.0
-0.05699380859732628 | 0 | 1.0
-0.06540174782276154 | 1 | 1.0
-0.07774623483419418 | 0 | 1.0
Total reward: 15.0
-2.8, -2.8, 3.8, -3.8, 5.8, -4.8, 4.8, 3.8, 5.8, 4.8
parameter ends

state | action | reward
[0.05] | 0 | 1.0
0.04572190344333649 | 0 | 1.0
0.04238321632146835 | 1 | 1.0
0.035131629556417465 | 0 | 1.0
0.03176954761147499 | 1 | 1.0
0.024489879608154297 | 0 | 1.0
0.021093949675559998 | 1 | 1.0
0.013775713741779327 | 0 | 1.0
0.01033488754183054 | 0 | 1.0
0.002966968109831214 | 1 | 1.0
-0.008329123258590698 | 0 | 1.0
-0.015758398920297623 | 1 | 1.0
-0.027122657746076584 | 0 | 1.0
-0.03463199362158775 | 0 | 1.0
Total reward: 14.0
-2.8, -2.8, 3.8, -3.8, 5.8, -4.8, 4.8, 3.8, 5.8, 4.8
parameter ends

state | action | reward
[0.04] | 0 | 1.0
0.04036648944020271 | 1 | 1.0
0.0362454354763031 | 0 | 1.0
0.036031339317560196 | 1 | 1.0
0.03191804885864258 | 0 | 1.0
0.0317106619477272 | 1 | 1.0
0.027603022754192352 | 0 | 1.0
0.02740030735731125 | 1 | 1.0
0.023296361789107323 | 0 | 1.0
0.023096423596143723 | 1 | 1.0
0.018994338810443878 | 0 | 1.0
0.018795374780893326 | 1 | 1.0
0.014693383127450943 | 0 | 1.0
0.014493640512228012 | 1 | 1.0
0.01038999855518341 | 0 | 1.0
0.01018772553652525 | 1 | 1.0
0.006080673076212406 | 0 | 1.0
0.005874074995517731 | 1 | 1.0
0.0017617873381823301 | 0 | 1.0
0.0015489853685721755 | 1 | 1.0
-0.0025704698637127876 | 0 | 1.0
-0.002791487844660878 | 1 | 1.0
-0.006920197047293186 | 0 | 1.0
-0.007151623722165823 | 1 | 1.0
-0.011291876435279846 | 0 | 1.0
-0.01153613906353712 | 1 | 1.0
-0.015690483152866364 | 0 | 1.0
-0.015950297936797142 | 0 | 1.0
-0.02012159861624241 | 1 | 1.0
-0.028204308822751045 | 0 | 1.0
-0.032395780086517334 | 1 | 1.0
-0.04050334170460701 | 0 | 1.0
-0.04472527280449867 | 1 | 1.0
-0.05286799371242523 | 0 | 1.0
-0.05713120847940445 | 1 | 1.0
-0.0653199702501297 | 0 | 1.0
-0.0696360170841217 | 1 | 1.0
-0.07788243144750595 | 0 | 1.0
-0.08226374536752701 | 0 | 1.0
-0.0905802845954895 | 1 | 1.0
-0.10283273458480835 | 0 | 1.0
-0.11123242229223251 | 1 | 1.0
Total reward: 42.0
-2.8, -2.8, 3.8, -3.8, 5.8, -4.8, 4.8, 3.8, 5.8, 4.8
parameter ends

state | action | reward
[0.05] | 0 | 1.0
0.04778497293591499 | 1 | 1.0
0.042881421744823456 | 0 | 1.0
0.041868697851896286 | 1 | 1.0
0.036941319704055786 | 0 | 1.0
0.03590315207839012 | 1 | 1.0
0.03094881772994995 | 0 | 1.0
0.02988172508776188 | 0 | 1.0
0.024896694347262383 | 1 | 1.0
0.01599360629916191 | 0 | 1.0
0.010973501019179821 | 1 | 1.0
0.002030368661507964 | 0 | 1.0
-0.003036512527614832 | 1 | 1.0
-0.012031422927975655 | 0 | 1.0
-0.01715756021440029 | 1 | 1.0
-0.026216745376586914 | 0 | 1.0
-0.03141555190086365 | 0 | 1.0
-0.04055236279964447 | 1 | 1.0
Total reward: 18.0
-2.8, -2.8, 3.8, -3.8, 5.8, -4.8, 4.8, 3.8, 5.8, 4.8
parameter ends

state | action | reward
[0.04] | 0 | 1.0
0.03869469091296196 | 0 | 1.0
0.03558063134551048 | 1 | 1.0
0.028564641252160072 | 0 | 1.0
0.025449873879551888 | 1 | 1.0
0.01842811331152916 | 0 | 1.0
0.01530239824205637 | 1 | 1.0
0.008264787495136261 | 0 | 1.0
0.005117771215736866 | 1 | 1.0
-0.001945976633578539 | 0 | 1.0
-0.005124980583786964 | 1 | 1.0
-0.0122255589812994 | 0 | 1.0
-0.015447785146534443 | 0 | 1.0
-0.02259647473692894 | 1 | 1.0
-0.0336727574467659 | 0 | 1.0
-0.04088136553764343 | 1 | 1.0
-0.0520244762301445 | 0 | 1.0
-0.059311822056770325 | 0 | 1.0
Total reward: 18.0
-2.8, -2.8, 3.8, -3.8, 5.8, -4.8, 4.8, 3.8, 5.8, 4.8
parameter ends

state | action | reward
[-0.01] | 0 | 1.0
-0.011891070753335953 | 0 | 1.0
-0.015338694676756859 | 1 | 1.0
-0.022690238431096077 | 0 | 1.0
-0.026142749935388565 | 1 | 1.0
-0.03350457921624184 | 0 | 1.0
-0.03697309270501137 | 1 | 1.0
-0.04435615986585617 | 0 | 1.0
-0.04785199090838432 | 1 | 1.0
-0.05526755005121231 | 0 | 1.0
-0.058802444487810135 | 1 | 1.0
-0.06626223027706146 | 0 | 1.0
-0.06984857469797134 | 0 | 1.0
-0.077364981174469 | 1 | 1.0
-0.08881248533725739 | 0 | 1.0
-0.09639839828014374 | 1 | 1.0
-0.10792215913534164 | 0 | 1.0
Total reward: 17.0
-2.8, -2.8, 3.8, -3.8, 5.8, -4.8, 4.8, 3.8, 5.8, 4.8
parameter ends

state | action | reward
[0.01] | 0 | 1.0
0.0050017074681818485 | 1 | 1.0
0.0007001549820415676 | 0 | 1.0
0.0003003006859216839 | 1 | 1.0
-0.004004236776381731 | 0 | 1.0
-0.0044084470719099045 | 1 | 1.0
-0.008718696422874928 | 0 | 1.0
-0.00913004856556654 | 1 | 1.0
-0.01344884280115366 | 0 | 1.0
-0.013870267197489738 | 1 | 1.0
-0.018200615420937538 | 0 | 1.0
-0.018635256215929985 | 1 | 1.0
-0.02298041619360447 | 0 | 1.0
-0.02343170717358589 | 0 | 1.0
-0.027795255184173584 | 1 | 1.0
-0.036071136593818665 | 0 | 1.0
-0.040457017719745636 | 1 | 1.0
-0.04876020550727844 | 0 | 1.0
-0.053179461508989334 | 1 | 1.0
-0.06152099370956421 | 0 | 1.0
-0.06598522514104843 | 1 | 1.0
-0.07437673956155777 | 0 | 1.0
-0.07889831066131592 | 0 | 1.0
-0.08735218644142151 | 1 | 1.0
-0.09973926097154617 | 0 | 1.0
-0.10826841741800308 | 1 | 1.0
Total reward: 26.0
-2.8, -2.8, 3.8, -3.8, 5.8, -4.8, 4.8, 3.8, 5.8, 4.8
parameter ends

state | action | reward
[0.] | 0 | 1.0
0.00325707346200943 | 1 | 1.0
-0.0015688964631408453 | 0 | 1.0
-0.0024887523613870144 | 1 | 1.0
-0.007308868691325188 | 0 | 1.0
-0.008224290795624256 | 1 | 1.0
-0.01304140780121088 | 0 | 1.0
-0.013955201022326946 | 1 | 1.0
-0.01877206563949585 | 0 | 1.0
-0.01968695968389511 | 1 | 1.0
-0.024506276473402977 | 0 | 1.0
-0.02542499639093876 | 1 | 1.0
-0.030249495059251785 | 0 | 1.0
-0.03117482364177704 | 1 | 1.0
-0.03600732982158661 | 0 | 1.0
-0.03694218397140503 | 1 | 1.0
-0.04178569093346596 | 0 | 1.0
-0.04273318499326706 | 1 | 1.0
-0.04759090766310692 | 0 | 1.0
-0.0485544353723526 | 1 | 1.0
-0.05342990905046463 | 0 | 1.0
-0.054413218051195145 | 1 | 1.0
-0.05931035801768303 | 0 | 1.0
-0.060317639261484146 | 0 | 1.0
-0.06524083763360977 | 1 | 1.0
-0.0740802139043808 | 0 | 1.0
-0.07903438061475754 | 1 | 1.0
-0.08790996670722961 | 0 | 1.0
-0.09290723502635956 | 1 | 1.0
-0.10183116048574448 | 0 | 1.0
-0.10688435286283493 | 1 | 1.0
-0.1158694252371788 | 0 | 1.0
-0.12099222838878632 | 0 | 1.0
-0.13005204498767853 | 1 | 1.0
-0.143049418926239 | 0 | 1.0
Total reward: 35.0
-2.8, -2.8, 3.8, -3.8, 5.8, -4.8, 4.8, 3.8, 5.8, 4.8
parameter ends

state | action | reward
[-0.01] | 0 | 1.0
-0.010813926346600056 | 0 | 1.0
-0.01442287303507328 | 1 | 1.0
-0.021943002939224243 | 0 | 1.0
-0.025571513921022415 | 1 | 1.0
-0.033115677535533905 | 0 | 1.0
-0.036773547530174255 | 1 | 1.0
-0.04435157775878906 | 0 | 1.0
-0.04804913327097893 | 1 | 1.0
-0.05567143112421036 | 0 | 1.0
-0.05941970646381378 | 0 | 1.0
-0.06709740310907364 | 1 | 1.0
-0.07870547473430634 | 0 | 1.0
-0.08645031601190567 | 1 | 1.0
-0.09813210368156433 | 0 | 1.0
Total reward: 15.0
-2.8, -2.8, 3.8, -3.8, 5.8, -4.8, 4.8, 3.8, 5.8, 4.8
parameter ends

state | action | reward
[0.01] | 0 | 1.0
0.008796511217951775 | 1 | 1.0
0.005051278509199619 | 0 | 1.0
0.005214137025177479 | 1 | 1.0
0.0014787513064220548 | 0 | 1.0
0.0016499038320034742 | 1 | 1.0
-0.002078782767057419 | 0 | 1.0
-0.00190239236690104 | 1 | 1.0
-0.005627323407679796 | 0 | 1.0
-0.00544858118519187 | 1 | 1.0
-0.009172570891678333 | 0 | 1.0
-0.00899426732212305 | 1 | 1.0
-0.012720071710646152 | 0 | 1.0
-0.012544972822070122 | 1 | 1.0
-0.01627535931766033 | 0 | 1.0
-0.01610627770423889 | 0 | 1.0
-0.019844090566039085 | 1 | 1.0
-0.027488693594932556 | 0 | 1.0
-0.031236907467246056 | 1 | 1.0
-0.0388965830206871 | 0 | 1.0
-0.04266504570841789 | 1 | 1.0
-0.05034959316253662 | 0 | 1.0
-0.05414847284555435 | 1 | 1.0
-0.0618680864572525 | 0 | 1.0
-0.06570809334516525 | 1 | 1.0
-0.07347354292869568 | 0 | 1.0
-0.07736610621213913 | 0 | 1.0
-0.08518890291452408 | 1 | 1.0
-0.09694289416074753 | 0 | 1.0
-0.1048351526260376 | 1 | 1.0
-0.11666513979434967 | 0 | 1.0
Total reward: 31.0
-2.8, -2.8, 3.8, -3.8, 5.8, -4.8, 4.8, 3.8, 5.8, 4.8
parameter ends

state | action | reward
[-0.] | 0 | 1.0
-0.00339053594507277 | 0 | 1.0
-0.007082586642354727 | 1 | 1.0
-0.014681392349302769 | 0 | 1.0
-0.01838403381407261 | 1 | 1.0
-0.025998594239354134 | 0 | 1.0
-0.02972271852195263 | 1 | 1.0
-0.03736383467912674 | 0 | 1.0
-0.041120659559965134 | 1 | 1.0
-0.048799529671669006 | 0 | 1.0
-0.052600812166929245 | 1 | 1.0
-0.06032920628786087 | 0 | 1.0
-0.0641874447464943 | 0 | 1.0
-0.0719778761267662 | 1 | 1.0
-0.08370140939950943 | 0 | 1.0
-0.09156689792871475 | 1 | 1.0
Total reward: 16.0
-2.8, -2.8, 3.8, -3.8, 5.8, -4.8, 4.8, 3.8, 5.8, 4.8
parameter ends

state | action | reward
[0.02] | 0 | 1.0
0.02113010548055172 | 0 | 1.0
0.01711825467646122 | 1 | 1.0
0.009193751029670238 | 0 | 1.0
0.005158894695341587 | 1 | 1.0
-0.0027935595717281103 | 0 | 1.0
-0.0068624308332800865 | 1 | 1.0
-0.014853845350444317 | 0 | 1.0
-0.018968312069773674 | 1 | 1.0
-0.027010304853320122 | 0 | 1.0
-0.03118271939456463 | 0 | 1.0
-0.039287663996219635 | 1 | 1.0
-0.05132601410150528 | 0 | 1.0
-0.05950682982802391 | 1 | 1.0
Total reward: 14.0
-2.8, -2.8, 3.8, -3.8, 5.8, -4.8, 4.8, 3.8, 5.8, 4.8
parameter ends

state | action | reward
[0.01] | 0 | 1.0
0.008229095488786697 | 0 | 1.0
0.004668621812015772 | 1 | 1.0
-0.002798249013721943 | 0 | 1.0
-0.0063683283515274525 | 1 | 1.0
-0.013849508948624134 | 0 | 1.0
-0.01743907295167446 | 1 | 1.0
-0.024944383651018143 | 0 | 1.0
-0.028563616797327995 | 1 | 1.0
-0.0361032634973526 | 0 | 1.0
-0.039762869477272034 | 1 | 1.0
-0.04734761267900467 | 0 | 1.0
-0.05105900391936302 | 0 | 1.0
-0.058700334280729294 | 1 | 1.0
-0.07027257233858109 | 0 | 1.0
-0.0779825747013092 | 1 | 1.0
-0.08963005989789963 | 0 | 1.0
Total reward: 17.0
-2.8, -2.8, 3.8, -3.8, 5.8, -4.8, 4.8, 3.8, 5.8, 4.8
parameter ends

state | action | reward
[0.05] | 0 | 1.0
0.050018444657325745 | 1 | 1.0
0.046991631388664246 | 0 | 1.0
0.04787759855389595 | 1 | 1.0
0.04487059265375137 | 0 | 1.0
0.04577496275305748 | 1 | 1.0
0.04278486594557762 | 0 | 1.0
0.043704938143491745 | 1 | 1.0
0.04072929918766022 | 0 | 1.0
0.04166280850768089 | 1 | 1.0
0.038699571043252945 | 0 | 1.0
0.03964461758732796 | 1 | 1.0
0.0366920568048954 | 0 | 1.0
0.037647053599357605 | 1 | 1.0
0.03470372408628464 | 0 | 1.0
0.03566735237836838 | 1 | 1.0
0.032732073217630386 | 0 | 1.0
0.03370324894785881 | 1 | 1.0
0.03077504225075245 | 0 | 1.0
0.03175288811326027 | 1 | 1.0
0.02883097156882286 | 0 | 1.0
0.029814787209033966 | 1 | 1.0
0.026898544281721115 | 0 | 1.0
0.02788778766989708 | 1 | 1.0
0.02497675083577633 | 0 | 1.0
0.025971025228500366 | 1 | 1.0
0.02306486666202545 | 0 | 1.0
0.024063903838396072 | 1 | 1.0
0.021162422373890877 | 0 | 1.0
0.02216608077287674 | 1 | 1.0
0.019269192591309547 | 0 | 1.0
0.020277446135878563 | 1 | 1.0
0.01738518476486206 | 0 | 1.0
0.01839812472462654 | 1 | 1.0
0.01551064196974039 | 0 | 1.0
0.016528476029634476 | 1 | 1.0
0.013646038249135017 | 0 | 1.0
0.01466909609735012 | 1 | 1.0
0.011792095378041267 | 0 | 1.0
0.012820830568671227 | 1 | 1.0
0.009949791245162487 | 0 | 1.0
0.010984796099364758 | 1 | 1.0
0.008120385929942131 | 0 | 1.0
0.009162401780486107 | 1 | 1.0
0.00630544638261199 | 0 | 1.0
0.007355382200330496 | 1 | 1.0
0.004506884608417749 | 0 | 1.0
0.00556583609431982 | 1 | 1.0
0.002726999344304204 | 0 | 1.0
0.0037962731439620256 | 1 | 1.0
0.0009685287950560451 | 0 | 1.0
0.0020496733486652374 | 1 | 1.0
-0.0007652867934666574 | 0 | 1.0
0.00032955329515971243 | 1 | 1.0
-0.00247063091956079 | 0 | 1.0
-0.0013599529629573226 | 1 | 1.0
-0.004143024329096079 | 0 | 1.0
-0.003014001064002514 | 1 | 1.0
-0.0057772244326770306 | 0 | 1.0
-0.004626927897334099 | 1 | 1.0
-0.007367107551544905 | 0 | 1.0
-0.006192125380039215 | 1 | 1.0
-0.008905534632503986 | 0 | 1.0
-0.007701898459345102 | 1 | 1.0
-0.010384198278188705 | 0 | 1.0
-0.009147301316261292 | 1 | 1.0
-0.011793449521064758 | 0 | 1.0
-0.010517957620322704 | 1 | 1.0
-0.013122104108333588 | 0 | 1.0
-0.011801857501268387 | 1 | 1.0
-0.01435723528265953 | 1 | 1.0
-0.012985145673155785 | 0 | 1.0
-0.007685049902647734 | 1 | 1.0
-0.006253151688724756 | 0 | 1.0
-0.0008875272469595075 | 1 | 1.0
0.0006195634487085044 | 0 | 1.0
0.006065806373953819 | 1 | 1.0
Total reward: 77.0
-2.8, -2.8, 3.8, -3.8, 5.8, -4.8, 4.8, 3.8, 5.8, 4.8
parameter ends

state | action | reward
[-0.01] | 0 | 1.0
-0.008950338698923588 | 1 | 1.0
-0.013526082038879395 | 0 | 1.0
-0.014209459535777569 | 1 | 1.0
-0.01880614086985588 | 0 | 1.0
-0.01951197348535061 | 0 | 1.0
-0.024132536724209785 | 1 | 1.0
-0.032667793333530426 | 0 | 1.0
-0.03731570020318031 | 1 | 1.0
-0.045882996171712875 | 0 | 1.0
-0.05056891217827797 | 1 | 1.0
-0.059178970754146576 | 0 | 1.0
-0.0639142319560051 | 1 | 1.0
-0.07257845997810364 | 0 | 1.0
-0.07737525552511215 | 0 | 1.0
-0.08610586822032928 | 1 | 1.0
-0.09877108037471771 | 0 | 1.0
-0.10758090019226074 | 1 | 1.0
Total reward: 18.0
-2.8, -2.8, 3.8, -3.8, 5.8, -4.8, 4.8, 3.8, 5.8, 4.8
parameter ends

state | action | reward
[-0.03] | 0 | 1.0
-0.031246205791831017 | 1 | 1.0
-0.035621434450149536 | 0 | 1.0
-0.036090489476919174 | 1 | 1.0
-0.040459632873535156 | 0 | 1.0
-0.04092380404472351 | 1 | 1.0
-0.04528927430510521 | 0 | 1.0
-0.04575091600418091 | 1 | 1.0
-0.05011500045657158 | 0 | 1.0
-0.05057637393474579 | 1 | 1.0
-0.05494130030274391 | 0 | 1.0
-0.055404625833034515 | 1 | 1.0
-0.05977261811494827 | 0 | 1.0
-0.06024014204740524 | 1 | 1.0
-0.0646134614944458 | 0 | 1.0
-0.06508751213550568 | 1 | 1.0
-0.06946853548288345 | 0 | 1.0
-0.06995156407356262 | 1 | 1.0
-0.07434281706809998 | 0 | 1.0
-0.07483748346567154 | 1 | 1.0
-0.07924172282218933 | 0 | 1.0
-0.07975093275308609 | 1 | 1.0
-0.08417120575904846 | 0 | 1.0
-0.08469818532466888 | 0 | 1.0
-0.08913788199424744 | 1 | 1.0
-0.0974903479218483 | 0 | 1.0
-0.10195326060056686 | 1 | 1.0
-0.11033383756875992 | 0 | 1.0
-0.114830881357193 | 1 | 1.0
-0.12325048446655273 | 0 | 1.0
-0.12779314815998077 | 1 | 1.0
-0.13626331090927124 | 0 | 1.0
-0.14086386561393738 | 0 | 1.0
-0.1493968963623047 | 1 | 1.0
-0.1618632972240448 | 0 | 1.0
-0.17047204077243805 | 1 | 1.0
Total reward: 36.0
