1.1, -2.4, 3.4, -0.4, 0.5, -1.1, 5.7, 0.6, 4.2
parameter ends

state | action | reward
[-0.43] | 0 | -1.0
-0.42798954248428345 | 0 | -1.0
-0.43141645193099976 | 0 | -1.0
-0.43652594089508057 | 0 | -1.0
-0.4432811141014099 | 0 | -1.0
-0.4516328275203705 | 0 | -1.0
-0.46152010560035706 | 0 | -1.0
-0.4728702902793884 | 0 | -1.0
-0.48559945821762085 | 0 | -1.0
-0.4996130168437958 | 0 | -1.0
-0.51480633020401 | 0 | -1.0
-0.5310655832290649 | 0 | -1.0
-0.5482687950134277 | 0 | -1.0
-0.5662871599197388 | 0 | -1.0
-0.5849862694740295 | 0 | -1.0
-0.6042275428771973 | 0 | -1.0
-0.6238700151443481 | 0 | -1.0
-0.6437717080116272 | 0 | -1.0
-0.6637914776802063 | 0 | -1.0
-0.6837905645370483 | 0 | -1.0
-0.7036339640617371 | 0 | -1.0
-0.7231917381286621 | 0 | -1.0
-0.7423404455184937 | 0 | -1.0
-0.7609638571739197 | 0 | -1.0
-0.7789536714553833 | 0 | -1.0
-0.7962102293968201 | 0 | -1.0
-0.8126426339149475 | 0 | -1.0
-0.8281688690185547 | 0 | -1.0
-0.8427156209945679 | 0 | -1.0
-0.8562182188034058 | 0 | -1.0
-0.8686200380325317 | 0 | -1.0
-0.8798721432685852 | 0 | -1.0
-0.8899326324462891 | 0 | -1.0
-0.8987662196159363 | 0 | -1.0
-0.9063436388969421 | 0 | -1.0
-0.9126409292221069 | 0 | -1.0
-0.9176391959190369 | 0 | -1.0
-0.9213238954544067 | 0 | -1.0
-0.9236847162246704 | 0 | -1.0
-0.9247152209281921 | 0 | -1.0
-0.9244126081466675 | 0 | -1.0
-0.9227777123451233 | 0 | -1.0
-0.919814944267273 | 0 | -1.0
-0.9155325293540955 | 0 | -1.0
-0.909942626953125 | 0 | -1.0
-0.9030616283416748 | 0 | -1.0
-0.8949107527732849 | 0 | -1.0
-0.8855162858963013 | 0 | -1.0
-0.8749101758003235 | 0 | -1.0
-0.8631306290626526 | 0 | -1.0
-0.850222647190094 | 0 | -1.0
-0.8362386226654053 | 0 | -1.0
-0.8212387561798096 | 0 | -1.0
-0.8052916526794434 | 0 | -1.0
-0.788474440574646 | 0 | -1.0
-0.7708732485771179 | 0 | -1.0
-0.7525830268859863 | 0 | -1.0
-0.7337072491645813 | 0 | -1.0
-0.7143580317497253 | 0 | -1.0
-0.6946548819541931 | 0 | -1.0
-0.6747244000434875 | 0 | -1.0
-0.65469890832901 | 0 | -1.0
-0.6347153782844543 | 0 | -1.0
-0.6149137616157532 | 0 | -1.0
-0.5954357981681824 | 0 | -1.0
-0.5764232873916626 | 0 | -1.0
-0.5580161809921265 | 0 | -1.0
-0.5403514504432678 | 0 | -1.0
-0.5235610604286194 | 0 | -1.0
-0.5077710151672363 | 0 | -1.0
-0.4930996298789978 | 0 | -1.0
-0.4796566665172577 | 0 | -1.0
-0.46754229068756104 | 0 | -1.0
-0.4568463861942291 | 0 | -1.0
-0.4476477801799774 | 0 | -1.0
-0.4400138854980469 | 0 | -1.0
-0.43400031328201294 | 0 | -1.0
-0.4296506941318512 | 0 | -1.0
-0.4269963800907135 | 0 | -1.0
-0.42605647444725037 | 0 | -1.0
-0.4268377423286438 | 0 | -1.0
-0.4293345808982849 | 0 | -1.0
-0.4335290193557739 | 0 | -1.0
-0.43939077854156494 | 0 | -1.0
-0.4468774199485779 | 0 | -1.0
-0.4559343755245209 | 0 | -1.0
-0.4664953649044037 | 0 | -1.0
-0.47848251461982727 | 0 | -1.0
-0.4918070137500763 | 0 | -1.0
-0.5063695907592773 | 0 | -1.0
-0.5220613479614258 | 0 | -1.0
-0.5387645959854126 | 0 | -1.0
-0.5563541650772095 | 0 | -1.0
-0.5746984481811523 | 0 | -1.0
-0.5936610102653503 | 0 | -1.0
-0.6131019592285156 | 0 | -1.0
-0.6328796744346619 | 0 | -1.0
-0.6528523564338684 | 0 | -1.0
-0.6728797554969788 | 0 | -1.0
-0.6928246021270752 | 0 | -1.0
-0.7125540971755981 | 0 | -1.0
-0.7319411039352417 | 0 | -1.0
-0.7508652806282043 | 0 | -1.0
-0.7692140340805054 | 0 | -1.0
-0.7868828773498535 | 0 | -1.0
-0.8037760853767395 | 0 | -1.0
-0.8198068141937256 | 0 | -1.0
-0.8348970413208008 | 0 | -1.0
-0.8489773869514465 | 0 | -1.0
-0.8619868755340576 | 0 | -1.0
-0.8738724589347839 | 0 | -1.0
-0.8845884799957275 | 0 | -1.0
-0.8940960764884949 | 0 | -1.0
-0.9023628234863281 | 0 | -1.0
-0.9093618392944336 | 0 | -1.0
-0.9150716066360474 | 0 | -1.0
-0.9194751381874084 | 0 | -1.0
-0.9225599765777588 | 0 | -1.0
-0.9243175983428955 | 0 | -1.0
-0.924743115901947 | 0 | -1.0
-0.9238355159759521 | 0 | -1.0
-0.9215971231460571 | 0 | -1.0
-0.9180341362953186 | 0 | -1.0
-0.9131564497947693 | 0 | -1.0
-0.906978189945221 | 0 | -1.0
-0.8995179533958435 | 0 | -1.0
-0.8907990455627441 | 0 | -1.0
-0.8808502554893494 | 0 | -1.0
-0.869706392288208 | 0 | -1.0
-0.8574087023735046 | 0 | -1.0
-0.8440053462982178 | 0 | -1.0
-0.8295522928237915 | 0 | -1.0
-0.814113438129425 | 0 | -1.0
-0.7977613210678101 | 0 | -1.0
-0.7805770635604858 | 0 | -1.0
-0.7626507878303528 | 0 | -1.0
-0.744081437587738 | 0 | -1.0
-0.7249764204025269 | 0 | -1.0
-0.7054513096809387 | 0 | -1.0
-0.6856288909912109 | 0 | -1.0
-0.6656386256217957 | 0 | -1.0
-0.6456149220466614 | 0 | -1.0
-0.6256964802742004 | 0 | -1.0
-0.6060242056846619 | 0 | -1.0
-0.5867399573326111 | 0 | -1.0
-0.5679850578308105 | 0 | -1.0
-0.5498982071876526 | 0 | -1.0
-0.5326142907142639 | 0 | -1.0
-0.5162627696990967 | 0 | -1.0
-0.5009663105010986 | 0 | -1.0
-0.4868394434452057 | 0 | -1.0
-0.4739876985549927 | 0 | -1.0
-0.4625066816806793 | 0 | -1.0
-0.45248129963874817 | 0 | -1.0
-0.443985253572464 | 0 | -1.0
-0.43708062171936035 | 0 | -1.0
-0.4318176507949829 | 0 | -1.0
-0.42823436856269836 | 0 | -1.0
-0.42635658383369446 | 0 | -1.0
-0.4261978268623352 | 0 | -1.0
-0.42775923013687134 | 0 | -1.0
-0.4310295581817627 | 0 | -1.0
-0.435985267162323 | 0 | -1.0
-0.44259053468704224 | 0 | -1.0
-0.4507974088191986 | 0 | -1.0
-0.46054595708847046 | 0 | -1.0
-0.47176459431648254 | 0 | -1.0
-0.4843704104423523 | 0 | -1.0
-0.4982697665691376 | 0 | -1.0
-0.5133588910102844 | 0 | -1.0
-0.5295248627662659 | 0 | -1.0
-0.5466463565826416 | 0 | -1.0
-0.564595103263855 | 0 | -1.0
-0.5832371711730957 | 0 | -1.0
-0.6024343371391296 | 0 | -1.0
-0.6220456957817078 | 0 | -1.0
-0.6419294476509094 | 0 | -1.0
-0.6619442105293274 | 0 | -1.0
-0.6819509267807007 | 0 | -1.0
-0.7018141746520996 | 0 | -1.0
-0.7214035987854004 | 0 | -1.0
-0.7405949831008911 | 0 | -1.0
-0.759271502494812 | 0 | -1.0
-0.7773240208625793 | 0 | -1.0
-0.7946521639823914 | 0 | -1.0
-0.811164140701294 | 0 | -1.0
-0.8267771005630493 | 0 | -1.0
-0.8414170145988464 | 0 | -1.0
-0.8550183773040771 | 0 | -1.0
-0.8675238490104675 | 0 | -1.0
-0.8788838386535645 | 0 | -1.0
-0.8890557885169983 | 0 | -1.0
-0.8980038166046143 | 0 | -1.0
-0.9056981801986694 | 0 | -1.0
-0.9121143817901611 | 0 | -1.0
-0.9172330498695374 | 0 | -1.0
-0.9210394024848938 | 0 | -1.0
-0.9235226511955261 | 0 | -1.0
-0.9246760010719299 | 0 | -1.0
-0.9244963526725769 | 0 | -1.0
[-0.57] | 0 | -1.0
-0.5701631307601929 | 0 | -1.0
-0.5714718103408813 | 0 | -1.0
-0.5734226703643799 | 0 | -1.0
-0.5760012865066528 | 0 | -1.0
-0.5791884660720825 | 0 | -1.0
-0.5829606056213379 | 0 | -1.0
-0.5872899293899536 | 0 | -1.0
-0.5921444892883301 | 0 | -1.0
-0.597488522529602 | 0 | -1.0
-0.6032829880714417 | 0 | -1.0
-0.6094854474067688 | 0 | -1.0
-0.6160508394241333 | 0 | -1.0
-0.622931718826294 | 0 | -1.0
-0.6300785541534424 | 0 | -1.0
-0.6374403238296509 | 0 | -1.0
-0.6449648141860962 | 0 | -1.0
-0.6525989770889282 | 0 | -1.0
-0.6602896451950073 | 0 | -1.0
-0.6679836511611938 | 0 | -1.0
-0.6756282448768616 | 0 | -1.0
-0.683171808719635 | 0 | -1.0
-0.6905637383460999 | 0 | -1.0
-0.6977550983428955 | 0 | -1.0
-0.7046989798545837 | 0 | -1.0
-0.7113504409790039 | 0 | -1.0
-0.7176669836044312 | 0 | -1.0
-0.7236089110374451 | 0 | -1.0
-0.7291391491889954 | 0 | -1.0
-0.7342237234115601 | 0 | -1.0
-0.7388315796852112 | 0 | -1.0
-0.7429351210594177 | 0 | -1.0
-0.7465097308158875 | 0 | -1.0
-0.7495344281196594 | 0 | -1.0
-0.7519913911819458 | 0 | -1.0
-0.7538663148880005 | 0 | -1.0
-0.7551483511924744 | 0 | -1.0
-0.7558301091194153 | 0 | -1.0
-0.7559075951576233 | 0 | -1.0
-0.7553805112838745 | 0 | -1.0
-0.7542517185211182 | 0 | -1.0
-0.7525278925895691 | 0 | -1.0
-0.7502188682556152 | 0 | -1.0
-0.7473381161689758 | 0 | -1.0
-0.7439025640487671 | 0 | -1.0
-0.7399324178695679 | 0 | -1.0
-0.7354512810707092 | 0 | -1.0
-0.7304860353469849 | 0 | -1.0
-0.7250669002532959 | 0 | -1.0
-0.7192270755767822 | 0 | -1.0
-0.7130028605461121 | 0 | -1.0
-0.7064332962036133 | 0 | -1.0
-0.6995602250099182 | 0 | -1.0
-0.6924278736114502 | 0 | -1.0
-0.685082733631134 | 0 | -1.0
-0.6775733232498169 | 0 | -1.0
-0.6699497103691101 | 0 | -1.0
-0.6622633934020996 | 0 | -1.0
-0.6545668244361877 | 0 | -1.0
-0.6469130516052246 | 0 | -1.0
-0.6393554210662842 | 0 | -1.0
-0.6319469213485718 | 0 | -1.0
-0.6247400641441345 | 0 | -1.0
-0.6177862286567688 | 0 | -1.0
-0.6111353635787964 | 0 | -1.0
-0.6048354506492615 | 0 | -1.0
-0.5989323258399963 | 0 | -1.0
-0.593468964099884 | 0 | -1.0
-0.5884854197502136 | 0 | -1.0
-0.5840182900428772 | 0 | -1.0
-0.5801005363464355 | 0 | -1.0
-0.57676100730896 | 0 | -1.0
-0.5740244388580322 | 0 | -1.0
-0.571911096572876 | 0 | -1.0
-0.5704367160797119 | 0 | -1.0
-0.5696122050285339 | 0 | -1.0
-0.5694437026977539 | 0 | -1.0
-0.5699324011802673 | 0 | -1.0
-0.5710747241973877 | 0 | -1.0
-0.5728622078895569 | 0 | -1.0
-0.57528156042099 | 0 | -1.0
-0.5783148407936096 | 0 | -1.0
-0.5819395780563354 | 0 | -1.0
-0.5861290097236633 | 0 | -1.0
-0.5908521413803101 | 0 | -1.0
-0.5960743427276611 | 0 | -1.0
-0.601757287979126 | 0 | -1.0
-0.6078593134880066 | 0 | -1.0
-0.6143361926078796 | 0 | -1.0
-0.6211408376693726 | 0 | -1.0
-0.6282243132591248 | 0 | -1.0
-0.6355359554290771 | 0 | -1.0
-0.6430237293243408 | 0 | -1.0
-0.6506348848342896 | 0 | -1.0
-0.6583161354064941 | 0 | -1.0
-0.6660143136978149 | 0 | -1.0
-0.673676609992981 | 0 | -1.0
-0.6812509298324585 | 0 | -1.0
-0.6886864304542542 | 0 | -1.0
-0.6959337592124939 | 0 | -1.0
-0.7029454112052917 | 0 | -1.0
-0.7096759676933289 | 0 | -1.0
-0.7160822749137878 | 0 | -1.0
-0.7221238613128662 | 0 | -1.0
-0.7277629971504211 | 0 | -1.0
-0.732964813709259 | 0 | -1.0
-0.7376976609230042 | 0 | -1.0
-0.7419328689575195 | 0 | -1.0
-0.7456452250480652 | 0 | -1.0
-0.7488126754760742 | 0 | -1.0
-0.7514166235923767 | 0 | -1.0
-0.7534419298171997 | 0 | -1.0
-0.7548767328262329 | 0 | -1.0
-0.7557128667831421 | 0 | -1.0
-0.7559454441070557 | 0 | -1.0
-0.7555730938911438 | 0 | -1.0
-0.754598081111908 | 0 | -1.0
-0.7530258893966675 | 0 | -1.0
-0.7508657574653625 | 0 | -1.0
-0.7481300830841064 | 0 | -1.0
-0.7448348999023438 | 0 | -1.0
-0.7409996390342712 | 0 | -1.0
-0.7366470098495483 | 0 | -1.0
-0.7318031191825867 | 0 | -1.0
-0.7264972925186157 | 0 | -1.0
-0.7207619547843933 | 0 | -1.0
-0.7146326303482056 | 0 | -1.0
-0.7081476449966431 | 0 | -1.0
-0.7013482451438904 | 0 | -1.0
-0.6942780017852783 | 0 | -1.0
-0.6869828701019287 | 0 | -1.0
-0.6795108318328857 | 0 | -1.0
-0.6719115972518921 | 0 | -1.0
-0.6642364263534546 | 0 | -1.0
-0.6565374135971069 | 0 | -1.0
-0.6488676071166992 | 0 | -1.0
-0.6412802934646606 | 0 | -1.0
-0.6338285207748413 | 0 | -1.0
-0.6265650391578674 | 0 | -1.0
-0.6195415258407593 | 0 | -1.0
-0.612808346748352 | 0 | -1.0
-0.6064140796661377 | 0 | -1.0
-0.6004050374031067 | 0 | -1.0
-0.594825029373169 | 0 | -1.0
-0.5897148847579956 | 0 | -1.0
-0.5851120948791504 | 0 | -1.0
-0.5810505747795105 | 0 | -1.0
-0.577560305595398 | 0 | -1.0
-0.5746670961380005 | 0 | -1.0
-0.5723924040794373 | 0 | -1.0
-0.5707530379295349 | 0 | -1.0
-0.5697611570358276 | 0 | -1.0
-0.5694242119789124 | 0 | -1.0
-0.5697446465492249 | 0 | -1.0
-0.5707200765609741 | 0 | -1.0
-0.5723432898521423 | 0 | -1.0
-0.5746021866798401 | 0 | -1.0
-0.5774800777435303 | 0 | -1.0
-0.5809556245803833 | 0 | -1.0
-0.5850030779838562 | 0 | -1.0
-0.5895926356315613 | 0 | -1.0
-0.5946904420852661 | 0 | -1.0
-0.6002591252326965 | 0 | -1.0
-0.6062578558921814 | 0 | -1.0
-0.6126430630683899 | 0 | -1.0
-0.6193682551383972 | 0 | -1.0
-0.6263850927352905 | 0 | -1.0
-0.6336431503295898 | 0 | -1.0
-0.6410908102989197 | 0 | -1.0
-0.6486753821372986 | 0 | -1.0
-0.6563437581062317 | 0 | -1.0
-0.6640426516532898 | 0 | -1.0
-0.6717191338539124 | 0 | -1.0
-0.6793208718299866 | 0 | -1.0
-0.6867967247962952 | 0 | -1.0
-0.6940969228744507 | 0 | -1.0
-0.7011734247207642 | 0 | -1.0
-0.707980215549469 | 0 | -1.0
-0.7144735455513 | 0 | -1.0
-0.7206123471260071 | 0 | -1.0
-0.7263580560684204 | 0 | -1.0
-0.7316750884056091 | 0 | -1.0
-0.7365310192108154 | 0 | -1.0
-0.7408962845802307 | 0 | -1.0
-0.7447448968887329 | 0 | -1.0
-0.7480539083480835 | 0 | -1.0
-0.7508038878440857 | 0 | -1.0
-0.7529786825180054 | 0 | -1.0
-0.7545657753944397 | 0 | -1.0
-0.7555559277534485 | 0 | -1.0
-0.7559434771537781 | 0 | -1.0
-0.7557260990142822 | 0 | -1.0
-0.7549051642417908 | 0 | -1.0
-0.7534853219985962 | 0 | -1.0
-0.7514747977256775 | 0 | -1.0
-0.7488852143287659 | 0 | -1.0
-0.7457317113876343 | 0 | -1.0
-0.7420328259468079 | 0 | -1.0
-0.737810492515564 | 0 | -1.0
-0.7330898642539978 | 0 | -1.0
[-0.4] | 0 | -1.0
-0.4068487584590912 | 0 | -1.0
-0.41057759523391724 | 0 | -1.0
-0.4161379337310791 | 0 | -1.0
-0.42349034547805786 | 0 | -1.0
-0.4325823187828064 | 0 | -1.0
-0.4433484971523285 | 0 | -1.0
-0.4557107388973236 | 0 | -1.0
-0.4695786237716675 | 0 | -1.0
-0.48484987020492554 | 0 | -1.0
-0.5014110803604126 | 0 | -1.0
-0.5191386342048645 | 0 | -1.0
-0.5378996133804321 | 0 | -1.0
-0.5575533509254456 | 0 | -1.0
-0.5779528617858887 | 0 | -1.0
-0.5989465117454529 | 0 | -1.0
-0.6203798651695251 | 0 | -1.0
-0.642097532749176 | 0 | -1.0
-0.6639450788497925 | 0 | -1.0
-0.6857708096504211 | 0 | -1.0
-0.7074276804924011 | 0 | -1.0
-0.7287746667861938 | 0 | -1.0
-0.7496781945228577 | 0 | -1.0
-0.770013153553009 | 0 | -1.0
-0.7896637916564941 | 0 | -1.0
-0.8085241913795471 | 0 | -1.0
-0.8264985084533691 | 0 | -1.0
-0.843501091003418 | 0 | -1.0
-0.8594561219215393 | 0 | -1.0
-0.8742972612380981 | 0 | -1.0
-0.8879672884941101 | 0 | -1.0
-0.900417149066925 | 0 | -1.0
-0.9116054773330688 | 0 | -1.0
-0.9214978218078613 | 0 | -1.0
-0.9300658702850342 | 0 | -1.0
-0.9372866153717041 | 0 | -1.0
-0.9431420564651489 | 0 | -1.0
-0.947618305683136 | 0 | -1.0
-0.950705349445343 | 0 | -1.0
-0.9523963332176208 | 0 | -1.0
-0.9526877999305725 | 0 | -1.0
-0.9515790343284607 | 0 | -1.0
-0.9490724802017212 | 0 | -1.0
-0.9451733827590942 | 0 | -1.0
-0.9398905634880066 | 0 | -1.0
-0.9332361221313477 | 0 | -1.0
-0.9252263903617859 | 0 | -1.0
-0.9158821105957031 | 0 | -1.0
-0.905229389667511 | 0 | -1.0
-0.8932999968528748 | 0 | -1.0
-0.8801323175430298 | 0 | -1.0
-0.8657721877098083 | 0 | -1.0
-0.8502732515335083 | 0 | -1.0
-0.833698034286499 | 0 | -1.0
-0.8161182999610901 | 0 | -1.0
-0.797615647315979 | 0 | -1.0
-0.7782816290855408 | 0 | -1.0
-0.758217990398407 | 0 | -1.0
-0.7375364899635315 | 0 | -1.0
-0.7163583040237427 | 0 | -1.0
-0.6948136687278748 | 0 | -1.0
-0.6730406880378723 | 0 | -1.0
-0.6511840224266052 | 0 | -1.0
-0.6293936371803284 | 0 | -1.0
-0.6078230738639832 | 0 | -1.0
-0.5866275429725647 | 0 | -1.0
-0.5659620761871338 | 0 | -1.0
-0.5459797978401184 | 0 | -1.0
-0.526829719543457 | 0 | -1.0
-0.5086554288864136 | 0 | -1.0
-0.49159321188926697 | 0 | -1.0
-0.47577065229415894 | 0 | -1.0
-0.46130555868148804 | 0 | -1.0
-0.4483049511909485 | 0 | -1.0
-0.4368642568588257 | 0 | -1.0
-0.42706677317619324 | 0 | -1.0
-0.41898319125175476 | 0 | -1.0
-0.41267138719558716 | 0 | -1.0
-0.4081763029098511 | 0 | -1.0
-0.4055296778678894 | 0 | -1.0
-0.40475016832351685 | 0 | -1.0
-0.40584325790405273 | 0 | -1.0
-0.40880125761032104 | 0 | -1.0
-0.4136033058166504 | 0 | -1.0
-0.4202154576778412 | 0 | -1.0
-0.4285905957221985 | 0 | -1.0
-0.43866869807243347 | 0 | -1.0
-0.4503768980503082 | 0 | -1.0
-0.4636298418045044 | 0 | -1.0
-0.478330135345459 | 0 | -1.0
-0.49436891078948975 | 0 | -1.0
-0.511626660823822 | 0 | -1.0
-0.529974102973938 | 0 | -1.0
-0.5492737889289856 | 0 | -1.0
-0.5693811178207397 | 0 | -1.0
-0.5901461243629456 | 0 | -1.0
-0.6114153265953064 | 0 | -1.0
-0.6330335140228271 | 0 | -1.0
-0.654845654964447 | 0 | -1.0
-0.676698625087738 | 0 | -1.0
-0.6984432935714722 | 0 | -1.0
-0.719935953617096 | 0 | -1.0
-0.7410397529602051 | 0 | -1.0
-0.7616259455680847 | 0 | -1.0
-0.7815749049186707 | 0 | -1.0
-0.8007764220237732 | 0 | -1.0
-0.819130539894104 | 0 | -1.0
-0.8365473747253418 | 0 | -1.0
-0.8529469966888428 | 0 | -1.0
-0.8682592511177063 | 0 | -1.0
-0.8824231028556824 | 0 | -1.0
-0.895386278629303 | 0 | -1.0
-0.9071042537689209 | 0 | -1.0
-0.9175398349761963 | 0 | -1.0
-0.9266621470451355 | 0 | -1.0
-0.9344460964202881 | 0 | -1.0
-0.9408717155456543 | 0 | -1.0
-0.9459235072135925 | 0 | -1.0
-0.949589729309082 | 0 | -1.0
-0.9518623948097229 | 0 | -1.0
-0.9527366161346436 | 0 | -1.0
-0.952210545539856 | 0 | -1.0
-0.9502853155136108 | 0 | -1.0
-0.9469649791717529 | 0 | -1.0
-0.9422568082809448 | 0 | -1.0
-0.9361715316772461 | 0 | -1.0
-0.9287236332893372 | 0 | -1.0
-0.9199320077896118 | 0 | -1.0
-0.9098203778266907 | 0 | -1.0
-0.8984180688858032 | 0 | -1.0
-0.8857607245445251 | 0 | -1.0
-0.8718908429145813 | 0 | -1.0
-0.8568587899208069 | 0 | -1.0
-0.8407233953475952 | 0 | -1.0
-0.8235524296760559 | 0 | -1.0
-0.805423378944397 | 0 | -1.0
-0.7864236235618591 | 0 | -1.0
-0.7666506767272949 | 0 | -1.0
-0.7462121248245239 | 0 | -1.0
-0.7252253293991089 | 0 | -1.0
-0.7038168907165527 | 0 | -1.0
-0.6821216940879822 | 0 | -1.0
-0.6602818965911865 | 0 | -1.0
-0.6384454965591431 | 0 | -1.0
-0.6167646050453186 | 0 | -1.0
-0.5953940749168396 | 0 | -1.0
-0.5744892358779907 | 0 | -1.0
-0.5542042255401611 | 0 | -1.0
-0.5346899628639221 | 0 | -1.0
-0.5160925388336182 | 0 | -1.0
-0.4985514283180237 | 0 | -1.0
-0.48219797015190125 | 0 | -1.0
-0.46715423464775085 | 0 | -1.0
-0.45353180170059204 | 0 | -1.0
-0.4414310157299042 | 0 | -1.0
-0.43094027042388916 | 0 | -1.0
-0.42213553190231323 | 0 | -1.0
-0.41508007049560547 | 0 | -1.0
-0.4098242223262787 | 0 | -1.0
-0.40640518069267273 | 0 | -1.0
-0.404847115278244 | 0 | -1.0
-0.40516096353530884 | 0 | -1.0
-0.4073445200920105 | 0 | -1.0
-0.41138240694999695 | 0 | -1.0
-0.41724613308906555 | 0 | -1.0
-0.4248940348625183 | 0 | -1.0
-0.4342714250087738 | 0 | -1.0
-0.4453108012676239 | 0 | -1.0
-0.4579319655895233 | 0 | -1.0
-0.47204241156578064 | 0 | -1.0
-0.48753800988197327 | 0 | -1.0
-0.5043035745620728 | 0 | -1.0
-0.5222136974334717 | 0 | -1.0
-0.5411342978477478 | 0 | -1.0
-0.5609233975410461 | 0 | -1.0
-0.581433117389679 | 0 | -1.0
-0.6025112867355347 | 0 | -1.0
-0.6240031123161316 | 0 | -1.0
-0.6457532644271851 | 0 | -1.0
-0.6676076054573059 | 0 | -1.0
-0.6894151568412781 | 0 | -1.0
-0.7110297679901123 | 0 | -1.0
-0.7323115468025208 | 0 | -1.0
-0.7531282901763916 | 0 | -1.0
-0.7733563780784607 | 0 | -1.0
-0.7928817272186279 | 0 | -1.0
-0.8116000890731812 | 0 | -1.0
-0.8294172883033752 | 0 | -1.0
-0.8462493419647217 | 0 | -1.0
-0.8620221018791199 | 0 | -1.0
-0.8766708374023438 | 0 | -1.0
-0.8901395797729492 | 0 | -1.0
-0.9023807644844055 | 0 | -1.0
-0.913354218006134 | 0 | -1.0
-0.9230265021324158 | 0 | -1.0
-0.931370198726654 | 0 | -1.0
-0.9383633732795715 | 0 | -1.0
-0.943988561630249 | 0 | -1.0
-0.9482326507568359 | 0 | -1.0
-0.951086163520813 | 0 | -1.0
[-0.57] | 0 | -1.0
-0.5725193023681641 | 0 | -1.0
-0.5737928748130798 | 0 | -1.0
-0.5756914019584656 | 0 | -1.0
-0.5782008171081543 | 0 | -1.0
-0.5813025832176208 | 0 | -1.0
-0.5849736928939819 | 0 | -1.0
-0.5891870856285095 | 0 | -1.0
-0.5939117670059204 | 0 | -1.0
-0.5991129875183105 | 0 | -1.0
-0.6047526597976685 | 0 | -1.0
-0.6107897162437439 | 0 | -1.0
-0.6171802282333374 | 0 | -1.0
-0.6238780617713928 | 0 | -1.0
-0.6308351159095764 | 0 | -1.0
-0.6380016803741455 | 0 | -1.0
-0.6453270316123962 | 0 | -1.0
-0.6527594923973083 | 0 | -1.0
-0.6602473258972168 | 0 | -1.0
-0.6677387952804565 | 0 | -1.0
-0.675182580947876 | 0 | -1.0
-0.6825282573699951 | 0 | -1.0
-0.6897266507148743 | 0 | -1.0
-0.6967299580574036 | 0 | -1.0
-0.7034924626350403 | 0 | -1.0
-0.709970235824585 | 0 | -1.0
-0.7161219716072083 | 0 | -1.0
-0.721908688545227 | 0 | -1.0
-0.7272943258285522 | 0 | -1.0
-0.7322455644607544 | 0 | -1.0
-0.7367321252822876 | 0 | -1.0
-0.740726888179779 | 0 | -1.0
-0.7442059516906738 | 0 | -1.0
-0.7471486330032349 | 0 | -1.0
-0.7495375871658325 | 0 | -1.0
-0.7513588070869446 | 0 | -1.0
-0.752601683139801 | 0 | -1.0
-0.7532589435577393 | 0 | -1.0
-0.7533268928527832 | 0 | -1.0
-0.7528049945831299 | 0 | -1.0
-0.7516964077949524 | 0 | -1.0
-0.7500075101852417 | 0 | -1.0
-0.747748076915741 | 0 | -1.0
-0.7449314594268799 | 0 | -1.0
-0.7415741086006165 | 0 | -1.0
-0.7376960515975952 | 0 | -1.0
-0.7333203554153442 | 0 | -1.0
-0.7284734845161438 | 0 | -1.0
-0.7231850028038025 | 0 | -1.0
-0.7174875140190125 | 0 | -1.0
-0.7114164233207703 | 0 | -1.0
-0.7050101161003113 | 0 | -1.0
-0.6983093619346619 | 0 | -1.0
-0.6913574934005737 | 0 | -1.0
-0.6841998100280762 | 0 | -1.0
-0.6768837571144104 | 0 | -1.0
-0.6694580912590027 | 0 | -1.0
-0.6619731187820435 | 0 | -1.0
-0.6544798612594604 | 0 | -1.0
-0.6470299959182739 | 0 | -1.0
-0.6396754384040833 | 0 | -1.0
-0.6324678063392639 | 0 | -1.0
-0.6254581212997437 | 0 | -1.0
-0.6186962723731995 | 0 | -1.0
-0.6122308373451233 | 0 | -1.0
-0.6061084866523743 | 0 | -1.0
-0.6003735661506653 | 0 | -1.0
-0.5950679779052734 | 0 | -1.0
-0.590230405330658 | 0 | -1.0
-0.5858964920043945 | 0 | -1.0
-0.5820980072021484 | 0 | -1.0
-0.5788630247116089 | 0 | -1.0
-0.5762154459953308 | 0 | -1.0
-0.5741749405860901 | 0 | -1.0
-0.5727565288543701 | 0 | -1.0
-0.5719707608222961 | 0 | -1.0
-0.5718234777450562 | 0 | -1.0
-0.5723157525062561 | 0 | -1.0
-0.5734440088272095 | 0 | -1.0
-0.5751997828483582 | 0 | -1.0
-0.5775700807571411 | 0 | -1.0
-0.5805373787879944 | 0 | -1.0
-0.5840796828269958 | 0 | -1.0
-0.5881708860397339 | 0 | -1.0
-0.5927808284759521 | 0 | -1.0
-0.5978755950927734 | 0 | -1.0
-0.6034179329872131 | 0 | -1.0
-0.609367311000824 | 0 | -1.0
-0.615680456161499 | 0 | -1.0
-0.6223117709159851 | 0 | -1.0
-0.6292135119438171 | 0 | -1.0
-0.6363363265991211 | 0 | -1.0
-0.6436296701431274 | 0 | -1.0
-0.651042103767395 | 0 | -1.0
-0.6585217714309692 | 0 | -1.0
-0.6660169959068298 | 0 | -1.0
-0.6734762191772461 | 0 | -1.0
-0.6808488965034485 | 0 | -1.0
-0.6880854368209839 | 0 | -1.0
-0.6951377987861633 | 0 | -1.0
-0.7019596695899963 | 0 | -1.0
-0.7085067629814148 | 0 | -1.0
-0.714737057685852 | 0 | -1.0
-0.7206110954284668 | 0 | -1.0
-0.7260921001434326 | 0 | -1.0
-0.7311460971832275 | 0 | -1.0
-0.7357421517372131 | 0 | -1.0
-0.7398523688316345 | 0 | -1.0
-0.7434520721435547 | 0 | -1.0
-0.7465198636054993 | 0 | -1.0
-0.7490376234054565 | 0 | -1.0
-0.7509905695915222 | 0 | -1.0
-0.7523672580718994 | 0 | -1.0
-0.7531598210334778 | 0 | -1.0
-0.7533635497093201 | 0 | -1.0
-0.7529772520065308 | 0 | -1.0
-0.7520032525062561 | 0 | -1.0
-0.750447154045105 | 0 | -1.0
-0.7483180165290833 | 0 | -1.0
-0.745628297328949 | 0 | -1.0
-0.7423937320709229 | 0 | -1.0
-0.7386335730552673 | 0 | -1.0
-0.7343701720237732 | 0 | -1.0
-0.7296292781829834 | 0 | -1.0
-0.7244396805763245 | 0 | -1.0
-0.7188332676887512 | 0 | -1.0
-0.7128448486328125 | 0 | -1.0
-0.7065121531486511 | 0 | -1.0
-0.6998754143714905 | 0 | -1.0
-0.6929773688316345 | 0 | -1.0
-0.6858629584312439 | 0 | -1.0
-0.6785790920257568 | 0 | -1.0
-0.6711742877960205 | 0 | -1.0
-0.6636984348297119 | 0 | -1.0
-0.656202495098114 | 0 | -1.0
-0.6487380862236023 | 0 | -1.0
-0.6413570046424866 | 0 | -1.0
-0.6341109871864319 | 0 | -1.0
-0.6270512342453003 | 0 | -1.0
-0.6202279925346375 | 0 | -1.0
-0.6136901378631592 | 0 | -1.0
-0.6074848175048828 | 0 | -1.0
-0.6016569137573242 | 0 | -1.0
-0.596248984336853 | 0 | -1.0
-0.5913004279136658 | 0 | -1.0
-0.5868476033210754 | 0 | -1.0
-0.5829232335090637 | 0 | -1.0
-0.5795563459396362 | 0 | -1.0
-0.5767716765403748 | 0 | -1.0
-0.5745899081230164 | 0 | -1.0
-0.5730271935462952 | 0 | -1.0
-0.5720951557159424 | 0 | -1.0
-0.5718006491661072 | 0 | -1.0
-0.572145938873291 | 0 | -1.0
-0.573128342628479 | 0 | -1.0
-0.5747406482696533 | 0 | -1.0
-0.5769709348678589 | 0 | -1.0
-0.5798026323318481 | 0 | -1.0
-0.5832147598266602 | 0 | -1.0
-0.5871821641921997 | 0 | -1.0
-0.5916755795478821 | 0 | -1.0
-0.5966619253158569 | 0 | -1.0
-0.6021047234535217 | 0 | -1.0
-0.6079641580581665 | 0 | -1.0
-0.6141975522041321 | 0 | -1.0
-0.6207598447799683 | 0 | -1.0
-0.6276036500930786 | 0 | -1.0
-0.6346800327301025 | 0 | -1.0
-0.6419386267662048 | 0 | -1.0
-0.6493282318115234 | 0 | -1.0
-0.6567970514297485 | 0 | -1.0
-0.6642932295799255 | 0 | -1.0
-0.6717652678489685 | 0 | -1.0
-0.679162323474884 | 0 | -1.0
-0.6864345073699951 | 0 | -1.0
-0.6935334801673889 | 0 | -1.0
-0.700412392616272 | 0 | -1.0
-0.707026481628418 | 0 | -1.0
-0.7133333086967468 | 0 | -1.0
-0.7192927002906799 | 0 | -1.0
-0.7248672842979431 | 0 | -1.0
-0.7300223708152771 | 0 | -1.0
-0.7347264289855957 | 0 | -1.0
-0.7389507293701172 | 0 | -1.0
-0.7426699995994568 | 0 | -1.0
-0.7458618879318237 | 0 | -1.0
-0.7485076785087585 | 0 | -1.0
-0.7505917549133301 | 0 | -1.0
-0.7521019577980042 | 0 | -1.0
-0.753029465675354 | 0 | -1.0
-0.7533689141273499 | 0 | -1.0
-0.7531183958053589 | 0 | -1.0
-0.7522792816162109 | 0 | -1.0
-0.7508564591407776 | 0 | -1.0
-0.7488582134246826 | 0 | -1.0
-0.746296226978302 | 0 | -1.0
-0.7431855201721191 | 0 | -1.0
-0.7395444512367249 | 0 | -1.0
-0.7353947162628174 | 0 | -1.0
-0.7307612895965576 | 0 | -1.0
[-0.55] | 0 | -1.0
-0.5529206991195679 | 0 | -1.0
-0.5544873476028442 | 0 | -1.0
-0.5568225979804993 | 0 | -1.0
-0.5599091053009033 | 0 | -1.0
-0.5637238621711731 | 0 | -1.0
-0.568238377571106 | 0 | -1.0
-0.5734190940856934 | 0 | -1.0
-0.5792275071144104 | 0 | -1.0
-0.5856207013130188 | 0 | -1.0
-0.5925513505935669 | 0 | -1.0
-0.5999686121940613 | 0 | -1.0
-0.607818067073822 | 0 | -1.0
-0.6160425543785095 | 0 | -1.0
-0.6245825886726379 | 0 | -1.0
-0.6333767771720886 | 0 | -1.0
-0.6423624157905579 | 0 | -1.0
-0.6514760255813599 | 0 | -1.0
-0.6606539487838745 | 0 | -1.0
-0.669832706451416 | 0 | -1.0
-0.6789494752883911 | 0 | -1.0
-0.6879429221153259 | 0 | -1.0
-0.6967530846595764 | 0 | -1.0
-0.7053222060203552 | 0 | -1.0
-0.713594913482666 | 0 | -1.0
-0.7215185761451721 | 0 | -1.0
-0.7290434837341309 | 0 | -1.0
-0.7361233234405518 | 0 | -1.0
-0.742715060710907 | 0 | -1.0
-0.7487792372703552 | 0 | -1.0
-0.7542800903320312 | 0 | -1.0
-0.7591856718063354 | 0 | -1.0
-0.7634678483009338 | 0 | -1.0
-0.7671022415161133 | 0 | -1.0
-0.7700685858726501 | 0 | -1.0
-0.7723502516746521 | 0 | -1.0
-0.7739346623420715 | 0 | -1.0
-0.774813175201416 | 0 | -1.0
-0.7749809622764587 | 0 | -1.0
-0.7744370102882385 | 0 | -1.0
-0.7731844186782837 | 0 | -1.0
-0.7712299823760986 | 0 | -1.0
-0.7685844898223877 | 0 | -1.0
-0.7652626037597656 | 0 | -1.0
-0.7612829208374023 | 0 | -1.0
-0.7566678524017334 | 0 | -1.0
-0.7514438033103943 | 0 | -1.0
-0.7456408739089966 | 0 | -1.0
-0.7392930388450623 | 0 | -1.0
-0.7324380874633789 | 0 | -1.0
-0.7251173257827759 | 0 | -1.0
-0.7173755764961243 | 0 | -1.0
-0.7092610001564026 | 0 | -1.0
-0.7008247971534729 | 0 | -1.0
-0.6921212077140808 | 0 | -1.0
-0.6832067966461182 | 0 | -1.0
-0.6741405725479126 | 0 | -1.0
-0.6649832725524902 | 0 | -1.0
-0.6557971239089966 | 0 | -1.0
-0.6466452479362488 | 0 | -1.0
-0.6375913023948669 | 0 | -1.0
-0.6286990642547607 | 0 | -1.0
-0.6200315356254578 | 0 | -1.0
-0.6116507649421692 | 0 | -1.0
-0.6036173105239868 | 0 | -1.0
-0.595989465713501 | 0 | -1.0
-0.5888229012489319 | 0 | -1.0
-0.582170307636261 | 0 | -1.0
-0.5760806798934937 | 0 | -1.0
-0.5705990791320801 | 0 | -1.0
-0.5657660961151123 | 0 | -1.0
-0.5616177320480347 | 0 | -1.0
-0.5581848621368408 | 0 | -1.0
-0.5554929971694946 | 0 | -1.0
-0.553562343120575 | 0 | -1.0
-0.5524072647094727 | 0 | -1.0
-0.5520363450050354 | 0 | -1.0
-0.5524524450302124 | 0 | -1.0
-0.5536524057388306 | 0 | -1.0
-0.5556272864341736 | 0 | -1.0
-0.5583623051643372 | 0 | -1.0
-0.5618370771408081 | 0 | -1.0
-0.5660256743431091 | 0 | -1.0
-0.5708969235420227 | 0 | -1.0
-0.5764146447181702 | 0 | -1.0
-0.5825378894805908 | 0 | -1.0
-0.5892214179039001 | 0 | -1.0
-0.5964159369468689 | 0 | -1.0
-0.6040686368942261 | 0 | -1.0
-0.6121236681938171 | 0 | -1.0
-0.6205225586891174 | 0 | -1.0
-0.6292046904563904 | 0 | -1.0
-0.6381080150604248 | 0 | -1.0
-0.6471692323684692 | 0 | -1.0
-0.6563248038291931 | 0 | -1.0
-0.6655110120773315 | 0 | -1.0
-0.6746647953987122 | 0 | -1.0
-0.6837239265441895 | 0 | -1.0
-0.6926277279853821 | 0 | -1.0
-0.7013174891471863 | 0 | -1.0
-0.7097366452217102 | 0 | -1.0
-0.7178311944007874 | 0 | -1.0
-0.7255499958992004 | 0 | -1.0
-0.7328451871871948 | 0 | -1.0
-0.739672064781189 | 0 | -1.0
-0.7459895014762878 | 0 | -1.0
-0.7517600655555725 | 0 | -1.0
-0.7569499015808105 | 0 | -1.0
-0.7615291476249695 | 0 | -1.0
-0.7654715776443481 | 0 | -1.0
-0.7687550783157349 | 0 | -1.0
-0.7713611721992493 | 0 | -1.0
-0.7732754945755005 | 0 | -1.0
-0.7744875550270081 | 0 | -1.0
-0.7749905586242676 | 0 | -1.0
-0.7747818827629089 | 0 | -1.0
-0.7738626599311829 | 0 | -1.0
-0.7722378969192505 | 0 | -1.0
-0.7699164748191833 | 0 | -1.0
-0.7669112682342529 | 0 | -1.0
-0.7632390260696411 | 0 | -1.0
-0.7589203119277954 | 0 | -1.0
-0.7539797425270081 | 0 | -1.0
-0.7484455704689026 | 0 | -1.0
-0.7423501014709473 | 0 | -1.0
-0.7357292175292969 | 0 | -1.0
-0.7286226153373718 | 0 | -1.0
-0.7210734486579895 | 0 | -1.0
-0.7131283283233643 | 0 | -1.0
-0.7048371434211731 | 0 | -1.0
-0.6962526440620422 | 0 | -1.0
-0.6874303221702576 | 0 | -1.0
-0.6784282326698303 | 0 | -1.0
-0.6693061590194702 | 0 | -1.0
-0.6601257920265198 | 0 | -1.0
-0.6509498357772827 | 0 | -1.0
-0.6418418288230896 | 0 | -1.0
-0.6328654289245605 | 0 | -1.0
-0.6240841746330261 | 0 | -1.0
-0.6155606508255005 | 0 | -1.0
-0.6073561310768127 | 0 | -1.0
-0.5995299816131592 | 0 | -1.0
-0.5921393036842346 | 0 | -1.0
-0.5852381587028503 | 0 | -1.0
-0.5788773894309998 | 0 | -1.0
-0.5731039047241211 | 0 | -1.0
-0.5679604411125183 | 0 | -1.0
-0.563485324382782 | 0 | -1.0
-0.559711754322052 | 0 | -1.0
-0.5566678047180176 | 0 | -1.0
-0.5543763041496277 | 0 | -1.0
-0.5528542995452881 | 0 | -1.0
-0.5521131157875061 | 0 | -1.0
-0.5521584153175354 | 0 | -1.0
-0.5529897212982178 | 0 | -1.0
-0.5546008944511414 | 0 | -1.0
-0.5569798946380615 | 0 | -1.0
-0.5601089000701904 | 0 | -1.0
-0.5639646649360657 | 0 | -1.0
-0.5685184597969055 | 0 | -1.0
-0.573736310005188 | 0 | -1.0
-0.5795795917510986 | 0 | -1.0
-0.5860049724578857 | 0 | -1.0
-0.5929650664329529 | 0 | -1.0
-0.6004086136817932 | 0 | -1.0
-0.6082811951637268 | 0 | -1.0
-0.6165254712104797 | 0 | -1.0
-0.6250817775726318 | 0 | -1.0
-0.6338886618614197 | 0 | -1.0
-0.6428834199905396 | 0 | -1.0
-0.6520024538040161 | 0 | -1.0
-0.661182165145874 | 0 | -1.0
-0.6703590154647827 | 0 | -1.0
-0.6794703602790833 | 0 | -1.0
-0.6884548664093018 | 0 | -1.0
-0.6972526907920837 | 0 | -1.0
-0.7058062553405762 | 0 | -1.0
-0.7140603065490723 | 0 | -1.0
-0.7219623923301697 | 0 | -1.0
-0.7294629812240601 | 0 | -1.0
-0.7365158796310425 | 0 | -1.0
-0.7430782914161682 | 0 | -1.0
-0.749110996723175 | 0 | -1.0
-0.7545784711837769 | 0 | -1.0
-0.7594489455223083 | 0 | -1.0
-0.7636945247650146 | 0 | -1.0
-0.7672910690307617 | 0 | -1.0
-0.7702184319496155 | 0 | -1.0
-0.7724602818489075 | 0 | -1.0
-0.774004340171814 | 0 | -1.0
-0.7748420834541321 | 0 | -1.0
-0.7749689221382141 | 0 | -1.0
-0.7743841409683228 | 0 | -1.0
-0.7730910181999207 | 0 | -1.0
-0.7710965275764465 | 0 | -1.0
-0.7684116959571838 | 0 | -1.0
-0.7650514841079712 | 0 | -1.0
-0.7610346078872681 | 0 | -1.0
-0.7563838362693787 | 0 | -1.0
-0.7511255741119385 | 0 | -1.0
Total reward: -200.0
