-3.4, 0.6, -1.5, 0.1, -3.2, 0.5, -0.8, 4.1, -4.9, 0.6, 5.5, -4.0, -0.3, -4.4, 1.2, -6.0, 1.5, 2.3, -1.8, 2.0, 1.2, 1.9
parameter ends

state | action | reward
[1.] | [-2.8   2.25] | -13.09983510815057
0.9993430705260931 | [ 3.25 -3.97] | -26.51810569110302
0.9971892400594327 | [-2.7   2.64] | -14.49092882374879
0.9935955885628471 | [ 3.35 -3.59] | -24.352661257076218
0.9887024615599302 | [-2.59  3.01] | -15.957126239696827
0.9825277873233502 | [ 3.48 -3.23] | -22.775712202350814
0.9752459146404141 | [-2.45  3.35] | -17.487138218809605
0.9668306334043291 | [ 3.62 -2.9 ] | -21.728160538687494
0.9574877795482143 | [-2.3   3.68] | -19.070111669087737
0.9471486743354146 | [ 3.78 -2.58] | -21.15338423516005
0.9360483042699475 | [-2.14  3.99] | -20.69541086929959
0.9240774588069196 | [ 3.94 -2.29] | -20.99747765323671
0.9114981014689957 | [-1.97  4.27] | -22.35257689905734
0.8981626106265621 | [ 4.12 -2.01] | -21.209479294457807
0.8843579015229798 | [-1.8   4.54] | -24.031377541425837
0.8699001768709539 | [ 4.29 -1.76] | -21.741563828478625
0.8550994136019933 | [-1.62  4.78] | -25.721905733030614
0.8397379321811829 | [ 4.47 -1.52] | -22.549184576547265
0.8241470051565448 | [-1.44  5.01] | -27.414696415553177
0.8080773763827569 | [ 4.66 -1.3 ] | -23.59116007970532
0.7918799621305471 | [-1.25  5.22] | -29.100841354893287
0.7752762112526601 | [ 4.84 -1.09] | -24.829704034637693
0.7586351375713861 | [-1.07  5.42] | -30.772089154120973
0.7416511243885449 | [ 5.02 -0.9 ] | -26.23008358713546
0.7247089113835494 | [-0.43  3.29] | -11.223239920746785
0.7233842159363741 | [  4.86 -12.92] | -190.86481565674245
0.7377222051239964 | [-1.26 -6.1 ] | -39.06454149845034
0.7513047379231087 | [-4.91 35.14] | -1258.9141676288255
0.7109562646969273 | [ 1.41 27.95] | -783.2566172705373
0.6691645058176581 | [  5.24 -13.64] | -213.7299161973363
0.6857093137001802 | [-0.9 -6.8] | -47.29801695736053
0.7043858645003148 | [-4.69 32.63] | -1086.6730429930437
0.6683880361790073 | [ 1.58 25.49] | -652.4835048490813
0.6316940758324252 | [  5.36 -16.04] | -286.14908576876036
0.6560045273285185 | [-0.81 -9.13] | -84.33606812767154
0.6844897368825811 | [-4.76 28.9 ] | -858.0514174904979
0.6592652388193574 | [ 1.44 21.85] | -479.83515909357595
0.6339791840480894 | [  5.15 -19.58] | -410.1080077070859
0.6693351636283842 | [ -1.09 -12.58] | -159.813233816977
0.7024125441184549 | [-4.85 28.8 ] | -853.2528811786558
0.6774034365069252 | [ 1.36 21.75] | -475.3030386615845
0.6522820732209624 | [  5.07 -19.67] | -412.9716488289194
0.6865574649094293 | [ -1.18 -12.67] | -162.27652648211114
0.7185725792297646 | [-4.93 28.71] | -848.7541215081491
0.6937906087369516 | [ 1.28 21.66] | -471.0898094510109
0.6688480237268767 | [  5.   -19.76] | -415.7047818961908
0.7021221164658329 | [ -1.25 -12.76] | -164.61133585946746
0.7331546925426677 | [-5.   28.62] | -844.5435717275558
0.7086067173796797 | [ 1.21 21.57] | -467.17680365366306
0.6838521761514782 | [  4.93 -19.84] | -418.30420771458046
Total reward: -12633.660276944032
-3.4, 0.6, -1.5, 0.1, -3.2, 0.5, -0.8, 4.1, -4.9, 0.6, 5.5, -4.0, -0.3, -4.4, 1.2, -6.0, 1.5, 2.3, -1.8, 2.0, 1.2, 1.9
parameter ends

state | action | reward
[1.] | [-4.46  4.13] | -37.31587240131398
0.9999906204248419 | [ 1.58 -2.09] | -7.157672376760372
0.9994084337195174 | [-4.38  4.52] | -39.962498235492475
0.9973639438697885 | [ 1.67 -1.71] | -6.020387918544104
0.9939745079382096 | [-4.27  4.89] | -42.51624937059738
0.9892783407387274 | [ 1.79 -1.35] | -5.323905785785667
0.9834274289044636 | [-4.15  5.24] | -44.979296190342446
0.9764160602729645 | [ 1.92 -1.01] | -5.022164134190662
0.9684283708786683 | [-4.    5.57] | -47.35429187092456
0.9594162248174957 | [ 2.07 -0.69] | -5.072030491876313
0.9495921094379937 | [-2.4  -1.37] | -7.919255410792154
0.938877559119419 | [-5.82 39.78] | -1616.2947942586668
0.8949440820068589 | [ 0.69 32.51] | -1057.6704555727847
0.8345949043984976 | [ 5.1  -3.71] | -40.03439540932569
0.8050678358138931 | [-0.76  2.98] | -9.684347158106899
0.7799193093513239 | [ 5.06 -7.38] | -80.24191551578198
0.7603794628530823 | [-0.88 -0.6 ] | -1.3891449407054013
0.7435913035341329 | [-2.59 29.07] | -851.7459728564714
0.6736247255655743 | [ 3.85 22.13] | -504.8519465637998
0.59878024559827 | [  7.78 -19.16] | -428.08830079423643
0.5858224739088221 | [  1.76 -12.05] | -148.58147731007253
0.6359825400784883 | [-4.52 -5.25] | -48.30954022659213
0.6825002423827059 | [-8.32 35.93] | -1360.1615929854452
0.6689008933387649 | [-2.14 28.67] | -826.6881029092192
0.5935770572768493 | [ 4.29 21.74] | -491.2442944250361
0.5144966785545186 | [  8.21 -19.55] | -449.812503869983
0.5023781026589385 | [  2.18 -12.43] | -159.57411609389933
0.5577753978655821 | [-4.11 -5.63] | -48.782135590385316
0.6095798643127465 | [-7.91 35.56] | -1327.519046435386
0.5963717643064816 | [-1.74 28.31] | -804.947655058406
0.5172160141067029 | [ 4.67 21.39] | -479.6304490544932
0.43526878718835493 | [  8.57 -19.89] | -469.45213013092985
0.4241701915098585 | [  2.54 -12.77] | -169.812091488999
0.4839375347315277 | [-3.75 -5.96] | -49.79932326182093
0.5402114758796656 | [-7.55 35.24] | -1299.0555808699448
0.5276311017271683 | [-1.4 28. ] | -786.098080757162
0.44580701106234194 | [ 5.   21.08] | -469.6783198547903
0.36201624688757433 | [  8.88 -20.2 ] | -487.0665066737062
0.35201156531246014 | [  2.85 -13.07] | -179.22571345541834
0.4153908451292629 | [-3.44 -6.26] | -51.16868188773077
0.4754109420940666 | [-7.24 34.95] | -1274.2638342228622
0.46358829301578647 | [-1.1  27.72] | -769.748137605429
0.37997176841209285 | [ 5.28 20.81] | -461.11212910162146
0.2950906020009226 | [  9.15 -20.47] | -502.77077765537564
0.28618414076175236 | [  3.11 -13.34] | -187.79673057555294
0.3525267420052769 | [-3.17 -6.52] | -52.74276907132436
0.4156667821873347 | [-6.97 34.7 ] | -1252.6741822190102
0.4046588789706935 | [-0.84 27.47] | -755.5520377367568
0.3258538771692203 | [ 5.3  17.82] | -345.8685671555481
0.2526145646157369 | [  9.11 -23.38] | -629.9898935896856
Total reward: -21177.77129852908
-3.4, 0.6, -1.5, 0.1, -3.2, 0.5, -0.8, 4.1, -4.9, 0.6, 5.5, -4.0, -0.3, -4.4, 1.2, -6.0, 1.5, 2.3, -1.8, 2.0, 1.2, 1.9
parameter ends

state | action | reward
[1.] | [-3.98  3.23] | -26.43342742510717
0.9997709408924466 | [ 2.06 -2.99] | -13.354015502965797
0.9981945872505155 | [-3.88  3.62] | -28.327210888377987
0.9951732009928603 | [ 2.17 -2.61] | -11.699518551342006
0.990838491405891 | [-3.76  3.99] | -30.18653849646198
0.9852156565804531 | [ 2.31 -2.26] | -10.556702492551587
0.978470607722058 | [-3.62  4.33] | -32.00913540671307
0.9705845250621864 | [ 2.46 -1.92] | -9.871712907267023
0.9617550254986421 | [-3.47  4.65] | -33.79338245335997
0.9519208801558832 | [ 2.62 -1.61] | -9.593540634230934
0.941309091292221 | [-3.3   4.95] | -35.537852965733876
0.9298179027291119 | [ 2.79 -1.32] | -9.674065449052184
0.9177015416628687 | [-3.12  5.23] | -37.241088141006266
0.9048197962946043 | [ 2.97 -1.05] | -10.06812324359118
0.891452103920626 | [-2.94  5.49] | -38.901505650890684
0.8774219893376559 | [ 3.15 -0.81] | -10.733325320294524
0.8630308067949798 | [-1.83  1.15] | -4.818096550865083
0.8480679330176623 | [ 4.24 -5.01] | -43.24373752550703
0.8328591638467975 | [-1.68  1.65] | -5.672179254339301
0.8171622418722865 | [ 4.4  -4.53] | -40.03913573529644
0.8013215201638045 | [-1.51  2.11] | -6.880156267574503
0.785065240651948 | [ 4.57 -4.09] | -37.72999895764705
0.768756145594361 | [-1.34  2.53] | -8.354584453649942
0.752095184199698 | [ 4.74 -3.68] | -36.186171834111285
0.7354620411160299 | [-1.17  2.92] | -10.020206178028033
0.7185325115602867 | [ 4.92 -3.31] | -35.2903536550887
0.701701866475738 | [-0.99  3.27] | -11.813344175134418
0.6847987577504816 | [ 5.09 -3.08] | -35.492029924152156
0.6682391638990065 | [-0.83  3.49] | -12.970217134560176
0.6566321046643686 | [ 5.02 -5.75] | -58.39726085383191
0.650457984526293 | [-0.96  0.88] | -1.8001883482169172
0.6454853949818853 | [ 4.44 -3.24] | -30.294708140250272
0.6421062308318044 | [-1.55  3.32] | -13.545779803276474
0.6385789240785564 | [ 4.46 -2.95] | -28.683364034942397
0.6353122137114129 | [-1.53  3.61] | -15.446148046242948
0.6318947571550241 | [ 4.49 -2.67] | -27.366831797575415
0.6287382362430097 | [-1.5   3.87] | -17.36025364167897
0.6254283845813405 | [ 4.52 -2.41] | -26.303398271784946
0.6223796859515751 | [-1.47  4.12] | -19.2689665729711
0.6191750982113275 | [ 4.54 -2.17] | -25.456733608501413
0.6162317734288965 | [-1.44  4.36] | -21.156916119032694
0.6131300335017775 | [ 4.57 -1.94] | -24.795262663121
0.6102895719736425 | [-1.41  4.57] | -23.011928531499795
0.6072882067881017 | [ 4.6  -1.73] | -24.291593470985575
0.6045480526366341 | [-1.38  4.78] | -24.82453287999161
0.6016445482026076 | [ 4.63 -1.54] | -23.922003413771723
0.5990021151342042 | [-1.35  4.97] | -26.5875297991678
0.596193930676014 | [ 4.66 -1.35] | -23.66598012894088
0.5936466150489471 | [-1.32  5.14] | -28.29561746524741
0.5909311954211361 | [ 4.69 -1.18] | -23.50581348701222
Total reward: -1144.4721682529434
-3.4, 0.6, -1.5, 0.1, -3.2, 0.5, -0.8, 4.1, -4.9, 0.6, 5.5, -4.0, -0.3, -4.4, 1.2, -6.0, 1.5, 2.3, -1.8, 2.0, 1.2, 1.9
parameter ends

state | action | reward
[1.] | [-1.5   2.39] | -8.307602514487673
0.9958047528667087 | [ 4.55 -3.83] | -35.77009880347269
0.9915335470581829 | [-1.39  2.77] | -9.983474659414863
0.9858700446969058 | [ 4.67 -3.46] | -34.16253373956109
0.9789845462473846 | [-1.26  3.14] | -11.791765808327163
0.9708665999073877 | [ 4.82 -3.1 ] | -33.18137318595063
0.9617194219368234 | [-1.11  3.48] | -13.710394153350432
0.9514884643519793 | [ 4.97 -2.77] | -32.75690456121476
0.9404073293448225 | [-0.95  3.8 ] | -15.718405376650102
0.9291614405406435 | [ 5.07 -3.38] | -37.472462507314106
0.9181700659233197 | [-0.87  3.2 ] | -11.374039775994364
0.908788652747935 | [ 5.02 -5.38] | -54.49873786331441
0.9015435498664598 | [-0.95  1.26] | -2.8469206939496314
0.894904426987438 | [ 5.01 -5.76] | -58.67197141224845
0.8891700277706884 | [-0.98  0.88] | -2.086390437823917
0.8837169825072493 | [ 4.44 -2.92] | -28.608466972365484
0.8788147020602309 | [-1.54  3.63] | -15.929023505217137
0.8737894886470358 | [ 4.48 -2.65] | -27.476973906941858
0.8689020052845101 | [-1.5   3.89] | -17.75845590985219
0.863894811426073 | [ 4.52 -2.4 ] | -26.57057298921071
0.8590374246184654 | [-1.46  4.14] | -19.60844169427567
0.8540627710679554 | [ 4.57 -2.16] | -25.86256203411912
0.8492488035131611 | [-1.41  4.37] | -21.465641974813952
0.8443193206271986 | [ 4.61 -1.93] | -25.328861482780102
0.8395603099963543 | [-1.37  4.59] | -23.318685474835437
0.8346869219021279 | [ 4.65 -1.72] | -24.947821265805395
0.8299927967957704 | [-1.33  4.8 ] | -25.157960462024608
0.8251848902594643 | [ 4.7  -1.51] | -24.700025869291103
0.8205641313429042 | [-1.28  5.  ] | -26.975419536999613
0.8158297103068242 | [ 4.74 -1.32] | -24.56810508042837
0.8112894975963563 | [-1.24  5.19] | -28.764398523018443
0.8066353243471661 | [ 4.78 -1.14] | -24.536552890923303
0.8021816716053021 | [-1.19  5.36] | -30.519450016811
0.7976133955166135 | [ 4.83 -0.97] | -24.5914640870034
0.7932510267877267 | [-1.    4.79] | -24.281127184928806
0.7887728123151417 | [ 5.02 -1.52] | -27.8500047224771
0.7845057894655827 | [-0.96  4.99] | -26.16205589377385
0.7810527147436316 | [ 5.01 -1.98] | -29.319338061043133
0.778739327218351 | [-0.99  4.54] | -21.96757575339418
0.7765787386833136 | [ 5.   -1.96] | -29.204590464136558
0.7749014184526649 | [-1.    4.56] | -22.15419099541964
0.7731946753926592 | [ 5.   -1.82] | -28.66545212368494
0.7717935306016506 | [-1.   4.7] | -23.411515336365085
0.7703071167415592 | [ 5.   -1.65] | -28.078513841759353
0.7690732163511277 | [-1.    4.86] | -24.967836136372213
0.7677343013981733 | [ 5.   -1.48] | -27.54170206431065
0.7666301391442147 | [-1.    5.03] | -26.602718834543847
0.7654114589350693 | [ 5.   -1.32] | -27.074207716215465
0.7644196699740534 | [-1.    5.19] | -28.25075059515124
0.7633069786577138 | [ 5.   -1.16] | -26.675509237214513
Total reward: -1251.2290481305815
-3.4, 0.6, -1.5, 0.1, -3.2, 0.5, -0.8, 4.1, -4.9, 0.6, 5.5, -4.0, -0.3, -4.4, 1.2, -6.0, 1.5, 2.3, -1.8, 2.0, 1.2, 1.9
parameter ends

state | action | reward
[1.] | [-4.62  2.89] | -29.744727414612107
0.996629561975675 | [ 1.43 -3.33] | -13.19420604676213
0.9927163057941493 | [-4.51  3.28] | -31.191978447890897
0.9874002369149255 | [ 1.55 -2.95] | -11.15176442816134
0.9808467205385292 | [-4.39  3.65] | -32.6242223042234
0.973050285441968 | [ 1.68 -2.59] | -9.595990465211337
0.9642094274430142 | [-4.25  3.99] | -34.04454769376461
0.9542745271152294 | [ 1.83 -2.26] | -8.482715337356767
0.9434746782550645 | [-4.09  4.32] | -35.454697018217495
0.9317179664527162 | [ 1.99 -1.94] | -7.768551769848891
0.9192617361241523 | [-3.93  4.63] | -36.85502753408675
0.9059738712153476 | [ 2.16 -1.65] | -7.4112953556542385
0.8921377871978237 | [-3.75  4.91] | -38.244650771841776
0.8775834188567733 | [ 2.34 -1.37] | -7.370301617486325
0.8626182254389897 | [-3.57  5.18] | -39.62164167646631
0.8470365372971526 | [ 2.52 -1.11] | -7.606811013058753
0.831167968886111 | [-3.39  5.43] | -40.98327440200651
0.8147736286840684 | [ 2.7  -0.87] | -8.08395490541753
0.7982024110534364 | [-2.6   2.65] | -13.83810039179735
0.7811845074171938 | [ 3.48 -3.56] | -24.799298726693348
0.764089833299089 | [-2.44  3.05] | -15.30510101417818
0.7466201108872921 | [ 3.64 -3.18] | -23.35992968615993
0.7291613756458197 | [-2.28  3.42] | -16.92485007699743
0.7113891004474631 | [ 3.8  -2.82] | -22.45194373738664
0.6937051033637434 | [-2.11  3.76] | -18.651394784988753
0.6757607947398062 | [ 3.97 -2.49] | -21.997139932105316
0.6579724321672956 | [-1.95  4.08] | -20.445170428934166
0.6399694510673662 | [ 4.14 -2.19] | -21.925052353020373
0.6221812933249751 | [-1.78  4.37] | -22.272642785945894
0.604217398575641 | [ 4.3  -1.91] | -22.172768450302883
0.5865192204478982 | [-1.62  4.63] | -24.10583743091523
0.5686780679074236 | [ 4.46 -1.66] | -22.68458275514002
0.5511463117744616 | [-1.46  4.88] | -25.92181106111123
0.5334988788632242 | [ 4.62 -1.42] | -23.411544868882313
0.5161980363516612 | [-1.3  5.1] | -27.702102669053296
0.4988039606016998 | [ 4.78 -1.21] | -24.310946728460717
0.4817878640686122 | [-1.15  5.3 ] | -29.432190728517174
0.4646966891443248 | [ 4.93 -1.02] | -25.345781716175203
0.4480097085215162 | [-1.    5.48] | -31.100965363972847
0.43130274252359047 | [ 5.07 -0.86] | -26.501475093495024
0.41506101602665774 | [-0.2   2.36] | -5.651225243861545
0.427826826397122 | [  4.77 -17.84] | -341.1533932839553
0.4687303605771352 | [ -1.43 -10.93] | -121.54274415553483
0.5076615545938359 | [-5.22 30.57] | -961.5342622861676
0.4768444112371525 | [ 0.95 23.63] | -559.1919513512471
0.44433060163888743 | [  4.76 -16.92] | -309.1354684659465
0.4807419425593668 | [ -1.43 -10.03] | -102.69177853591177
0.5154367542330429 | [-5.19 31.44] | -1015.2378642412624
0.4808315745211392 | [ 1.   24.47] | -599.9260743444881
0.44625253934993475 | [  4.76 -16.98] | -311.12511755801427
Total reward: -5231.280868452691
-3.4, 0.6, -1.5, 0.1, -3.2, 0.5, -0.8, 4.1, -4.9, 0.6, 5.5, -4.0, -0.3, -4.4, 1.2, -6.0, 1.5, 2.3, -1.8, 2.0, 1.2, 1.9
parameter ends

state | action | reward
[1.] | [-4.16  3.27] | -28.13621348080262
0.9992872196857353 | [ 1.88 -2.95] | -12.43949252760786
0.999999634684746 | [-4.08  3.66] | -30.26415360058349
0.9992408444245471 | [ 1.96 -2.57] | -10.649718876461971
0.9971085701724105 | [-3.98  4.03] | -32.342822181148115
0.9936573577461342 | [ 2.07 -2.2 ] | -9.356889429618654
0.9890199341703523 | [-3.87  4.39] | -34.37061625898626
0.9832072616497879 | [ 2.2  -1.86] | -8.510967046020339
0.9763846419414182 | [-3.73  4.72] | -36.34684653062815
0.9685208195073635 | [ 2.34 -1.54] | -8.064467653526458
0.9598114034549943 | [-3.58  5.03] | -38.2711700288423
0.9501845860963543 | [ 2.5  -1.24] | -7.972458694495291
0.9398641659695238 | [-3.42  5.31] | -40.143282652872294
0.9287396645756312 | [ 2.66 -0.97] | -8.192613903837653
0.9170608828745059 | [-3.09  4.78] | -32.56846615883434
0.9046806650789443 | [ 2.99 -1.49] | -11.319683673898954
0.8918735777148428 | [-2.93  5.08] | -34.55008254005946
0.8784579641434643 | [ 3.16 -1.2 ] | -11.562355822420026
0.8647308077727168 | [-2.76  5.36] | -36.5125848662514
0.8504780696534884 | [ 3.33 -0.92] | -12.094210530962421
0.8360171245910917 | [-2.23  3.84] | -19.92107239198068
0.8211036587471654 | [ 3.85 -2.39] | -20.731007766183435
0.8060756891708115 | [-2.07  4.19] | -22.027159539564735
0.7906608206667765 | [ 4.01 -2.06] | -20.51406555840168
0.7752144976097466 | [-1.9   4.51] | -24.178123006629097
0.7594382801985785 | [ 4.18 -1.75] | -20.68157046577455
0.7437042612640069 | [-1.74  4.81] | -26.343320670623058
0.727689955456801 | [ 4.34 -1.46] | -21.17150052333008
0.7117828295311529 | [-1.57  5.09] | -28.49715091083558
0.6956382679228563 | [ 4.51 -1.2 ] | -21.928620087088188
0.6796579140744519 | [-1.41  5.34] | -30.61860332063377
0.6634768450237467 | [ 4.67 -0.96] | -22.9040830219911
0.6475094008773693 | [-1.06  4.63] | -22.703471764496438
0.6313720712101525 | [ 5.02 -1.65] | -28.082548648290846
0.6154919371921888 | [-0.9   4.89] | -24.864720244211675
0.6025787026464633 | [ 5.04 -3.1 ] | -35.188684003332874
0.5930958125041212 | [-0.92  3.47] | -13.017888692915307
0.5861457747689666 | [ 5.01 -4.21] | -43.018116803054276
0.5821379394509216 | [-0.98  2.38] | -6.768950717064172
0.5787512992941404 | [ 5.   -4.27] | -43.404497927177175
0.5764050953374238 | [-0.99  2.33] | -6.529628077782234
0.574217720879519 | [ 5.   -4.09] | -41.90025423888501
0.5726173327852773 | [-0.99  2.49] | -7.350153778709545
0.5710198476746208 | [ 5.   -3.85] | -39.99996099132709
0.5698576247050524 | [-1.    2.72] | -8.542737963453298
0.5686386066963021 | [ 5.  -3.6] | -38.150467708739114
0.567797261607777 | [-1.    2.96] | -9.892482112627382
0.5668681661783843 | [ 5.   -3.36] | -36.459196293992505
0.5662870971530877 | [-1.    3.19] | -11.324021767378168
0.5655970699153353 | [ 5.   -3.13] | -34.94272188263042
Total reward: -1175.3258773369616
-3.4, 0.6, -1.5, 0.1, -3.2, 0.5, -0.8, 4.1, -4.9, 0.6, 5.5, -4.0, -0.3, -4.4, 1.2, -6.0, 1.5, 2.3, -1.8, 2.0, 1.2, 1.9
parameter ends

state | action | reward
[1.] | [-2.66  3.47] | -19.463506786080362
0.9999319591439607 | [ 3.39 -2.75] | -19.394989008808462
0.9987376211145841 | [-2.57  3.86] | -21.858302708578503
0.9961006316746452 | [ 3.49 -2.37] | -18.14987730088428
0.9921466055644867 | [-2.45  4.23] | -24.27433814834975
0.9869052552021058 | [ 3.61 -2.01] | -17.45242028445055
0.9805364548191406 | [-2.32  4.58] | -26.69843417423439
0.9730260693886819 | [ 3.75 -1.68] | -17.241106440726853
0.9645657616025646 | [-2.17  4.9 ] | -29.119109576389725
0.9550991182986037 | [ 3.9  -1.36] | -17.45804882262733
0.9448472916843794 | [-2.02  5.21] | -31.526106505434942
0.9337134341570485 | [ 4.07 -1.07] | -18.049005159905036
0.921946045108933 | [-1.85  5.49] | -33.91012940243872
0.9094098780048713 | [ 4.24 -0.79] | -18.96335531219516
0.896377406255851 | [-0.69  0.86] | -1.5733981826543928
0.8884089307083459 | [ 4.29 -7.39] | -73.44090819858094
0.8861997662667773 | [-1.73 -0.67] | -3.8045798805433613
0.8839028618944489 | [-3.69 32.67] | -1081.1521527361135
0.8415690734367565 | [ 2.71 25.59] | -662.7706062809592
0.7944581481082756 | [  6.6  -15.84] | -294.855062980261
0.7936541632415682 | [ 0.53 -8.86] | -79.20078969157107
0.8283436474573241 | [-5.15  5.88] | -61.461957305176306
0.8498393382757768 | [ 0.7  -0.51] | -1.0970443693299496
0.8637329601712723 | [-2.7  -0.41] | -7.800228014678615
0.8707954324803776 | [-3.46 26.64] | -721.8617931356856
0.8369004072002513 | [ 2.84 19.73] | -397.75879301896543
0.8003612503576975 | [  6.65 -21.55] | -508.7272595487329
0.8102516007997125 | [  0.5  -14.41] | -208.37420152385752
0.8521345425366034 | [-5.22  1.16] | -28.97284414721639
0.8790476392147281 | [ 0.55 -5.1 ] | -26.626485722603626
0.8953154844281266 | [-5.05  9.23] | -111.06169421522496
0.9026303359907131 | [0.89 2.78] | -8.856634574729576
0.9079093679398934 | [  4.49 -36.25] | -1334.6748229712864
0.9409488981817538 | [ -1.95 -28.77] | -831.8475546155495
0.9663436773305976 | [-5.89 13.1 ] | -206.77337673871696
0.9674623121094085 | [0.11 6.57] | -43.48657560968513
0.959211006919646 | [  4.84 -18.94] | -382.51101926672834
0.9630286473502163 | [ -1.28 -11.9 ] | -143.62856353470028
0.9665312851765794 | [-4.91 29.57] | -899.0677243006219
0.9474845798212959 | [ 1.37 22.65] | -515.0723429709659
0.9248915103336021 | [  5.19 -18.72] | -377.8871393653904
0.9308119106457492 | [ -0.92 -11.7 ] | -138.19136589066366
0.9373565463951913 | [-4.68 28.46] | -832.0303162895799
0.9155192918793118 | [ 1.59 21.56] | -467.70229531992345
0.8912162029043826 | [  5.39 -19.8 ] | -421.49617713204657
0.9016177417676458 | [ -0.75 -12.77] | -163.98025268307737
0.9152376720419747 | [-4.78 24.44] | -620.6373435778532
0.8995284667812236 | [ 1.4  17.65] | -313.85711041597204
0.8830206970275751 | [  5.12 -23.63] | -584.9206925574163
0.902562341771584 | [ -1.1  -16.52] | -274.4248629589267
Total reward: -13145.144699357092
-3.4, 0.6, -1.5, 0.1, -3.2, 0.5, -0.8, 4.1, -4.9, 0.6, 5.5, -4.0, -0.3, -4.4, 1.2, -6.0, 1.5, 2.3, -1.8, 2.0, 1.2, 1.9
parameter ends

state | action | reward
[1.] | [-4.29  2.91] | -26.957523889895047
0.9999983907538884 | [ 1.76 -3.31] | -14.092519687012272
0.9991781613811059 | [-4.2  3.3] | -28.61976465777191
0.9968974361474068 | [ 1.86 -2.93] | -12.100303719231412
0.9932771594353484 | [-4.08  3.67] | -30.24517405219226
0.9883525506239688 | [ 1.98 -2.57] | -10.615276625216431
0.9822791105134261 | [-3.95  4.02] | -31.83443613772847
0.9750480733188317 | [ 2.12 -2.23] | -9.587570585265892
0.9668470073964646 | [-3.8   4.34] | -33.38844738599607
0.9576246900255101 | [ 2.28 -1.92] | -8.96957004164153
0.9475984417723131 | [-3.64  4.64] | -34.90787264762575
0.9366763959957191 | [ 2.44 -1.63] | -8.715989907445524
0.9251034680568967 | [-3.47  4.93] | -36.392948370005655
0.9127491610632334 | [ 2.62 -1.36] | -8.783985385674335
0.8998839716676469 | [-3.29  5.19] | -37.84342491234006
0.8863409166979714 | [ 2.8  -1.11] | -9.133264632073733
0.8724141921253066 | [-3.11  5.43] | -39.25859856970761
0.8579025447948364 | [ 2.98 -0.87] | -9.725827052269954
0.8431211240098646 | [-2.32  2.64] | -12.449129944852539
0.8278365637117652 | [ 3.76 -3.58] | -27.00948501064025
0.812386308870358 | [-2.16  3.03] | -13.938448261911807
0.7965072482919312 | [ 3.92 -3.2 ] | -25.725776462612554
0.7805546109208902 | [-1.99  3.39] | -15.565613269436575
0.7642376615741056 | [ 4.09 -2.85] | -24.974594131230095
0.7479289274292699 | [-1.82  3.73] | -17.286387489406913
0.7313121737349508 | [ 4.26 -2.53] | -24.676605612215944
0.7147758651717988 | [-1.65  4.03] | -19.063054821221886
0.6979803111049965 | [ 4.43 -2.24] | -24.760618565559295
0.6813286376201227 | [-1.48  4.31] | -20.863955893366086
0.6644596493161529 | [ 4.6  -1.97] | -25.163285369436245
0.6477899374459551 | [-1.31  4.57] | -22.662941601863555
0.6309386525320346 | [ 4.77 -1.73] | -25.82866917972641
0.6143347303152423 | [-1.15  4.8 ] | -24.438791704411493
0.5975794128671444 | [ 4.94 -1.5 ] | -26.707723720995464
0.5811129313632758 | [-0.98  5.01] | -26.17455464189711
0.5650901754900751 | [ 5.07 -1.6 ] | -28.389909771465337
0.5499682639942607 | [-0.85  4.91] | -24.929887638462887
0.539663285105693 | [ 5.02 -3.95] | -40.86133370242142
0.5346105304477916 | [-0.96  2.62] | -7.8509796578396935
0.530650860768746 | [ 5.01 -4.28] | -43.44880479583525
0.5282120352917077 | [-0.99  2.29] | -6.303500756255853
0.5260687107735588 | [ 5.  -4.2] | -42.7752146571498
0.52466248822138 | [-0.99  2.36] | -6.63602499051225
0.5232788472462286 | [ 5.   -4.01] | -41.14857362004835
0.5223659544635977 | [-1.    2.55] | -7.559360388237414
0.5213824070202708 | [ 5.   -3.79] | -39.394896442479755
0.5207790869680797 | [-1.    2.77] | -8.700632658607638
0.5200653953353563 | [ 5.   -3.56] | -37.73698250423037
0.5196935631998985 | [-1.    2.98] | -9.940381929638574
0.5191890268884748 | [ 5.   -3.34] | -36.227047092099724
Total reward: -1150.3656645451624
-3.4, 0.6, -1.5, 0.1, -3.2, 0.5, -0.8, 4.1, -4.9, 0.6, 5.5, -4.0, -0.3, -4.4, 1.2, -6.0, 1.5, 2.3, -1.8, 2.0, 1.2, 1.9
parameter ends

state | action | reward
[1.] | [-4.29  3.34] | -29.631463620643725
0.9995294373386164 | [ 1.76 -2.88] | -11.492749179546143
0.9999680403511788 | [-4.19  3.73] | -31.621324966680582
0.9989344762014722 | [ 1.86 -2.5 ] | -9.82964848545054
0.9965308216772495 | [-4.08  4.1 ] | -33.53200652969237
0.99280827942667 | [ 1.99 -2.14] | -8.670071067660105
0.9879038913727127 | [-3.94  4.44] | -35.363382375727575
0.9818251603697243 | [ 2.14 -1.81] | -7.959170530122991
0.9747416463232267 | [-3.79  4.76] | -37.116898404088445
0.9666185462129582 | [ 2.3 -1.5] | -7.645841570664947
0.9576556567953513 | [-3.62  5.06] | -38.794796173913056
0.9477775614821441 | [ 2.47 -1.22] | -7.682514057315948
0.9372121642768297 | [-3.44  5.33] | -40.39963052325602
0.9258453414284206 | [ 2.65 -0.96] | -8.024933674500915
0.9139308563221915 | [-3.05  4.55] | -30.157213321136275
0.9013178868108782 | [ 3.03 -1.71] | -12.253606617206497
0.8882849665361562 | [-2.88  4.85] | -31.875023652602565
0.874646785224808 | [ 3.22 -1.43] | -12.495515698403556
0.8607041379650678 | [-2.69  5.12] | -33.567310655357325
0.8462393584631525 | [ 3.4  -1.17] | -13.041133364595359
0.8315741079128781 | [-2.51  5.37] | -35.223408071180586
0.8164605338984953 | [ 3.59 -0.93] | -13.842893919450207
0.8012390583496107 | [-1.97  3.88] | -19.070063510366097
0.7856337457225107 | [ 4.12 -2.37] | -22.694073659520818
0.7700040622629944 | [-1.79  4.19] | -20.868991342016177
0.7540481137116223 | [ 4.3  -2.08] | -22.888224084282953
0.7381413311683191 | [-1.61  4.47] | -22.677583438777894
0.7219578587418535 | [ 4.47 -1.81] | -23.40999567245698
0.7058883750593593 | [-1.44  4.72] | -24.47125001766074
0.6895849878817002 | [ 4.65 -1.57] | -24.20141621729562
0.6734524244702599 | [-1.26  4.95] | -26.23033306464696
0.657122587428301 | [ 4.83 -1.35] | -25.211708511661232
0.6410131276394005 | [-1.09  5.16] | -27.939480616604378
0.6247374742521687 | [ 5.   -1.15] | -26.396680123128572
0.608725146912685 | [-0.92  5.35] | -29.586848773636543
0.5952050990100644 | [ 5.05 -2.4 ] | -31.378891205853066
0.5846414283823584 | [-0.89  4.13] | -17.93980893680998
0.5773843529619809 | [ 5.01 -3.99] | -41.1407607934948
0.5738414029431023 | [-0.97  2.58] | -7.660395491893019
0.5710401218164571 | [ 5.   -4.16] | -42.46700824316622
0.5693989060445571 | [-0.99  2.4 ] | -6.830971153457012
0.5679159843957485 | [ 5.   -4.04] | -41.418856435830264
0.5670212281486756 | [-0.99  2.52] | -7.415461734622748
0.5660951106979386 | [ 5.   -3.83] | -39.78853507786912
0.5655723175715852 | [-1.    2.72] | -8.446423108747476
0.5649526710730389 | [ 5.   -3.61] | -38.138324297216414
0.5646728000163297 | [-1.    2.93] | -9.640358788323379
0.5642667559509327 | [ 5.  -3.4] | -36.60864908895341
0.5641721195094873 | [-1.    3.14] | -10.905469663420828
0.5639336062570255 | [ 5.   -3.19] | -35.2262921975292
Total reward: -1180.8733917084373
-3.4, 0.6, -1.5, 0.1, -3.2, 0.5, -0.8, 4.1, -4.9, 0.6, 5.5, -4.0, -0.3, -4.4, 1.2, -6.0, 1.5, 2.3, -1.8, 2.0, 1.2, 1.9
parameter ends

state | action | reward
[1.] | [-4.38  3.73] | -33.22562910984084
0.9974024012425705 | [ 1.68 -2.49] | -9.193493925274485
0.9938841700647584 | [-4.26  4.12] | -35.284396187939926
0.9889624489488114 | [ 1.8  -2.12] | -7.889460324443527
0.9827965542617949 | [-4.13  4.48] | -37.282187318993785
0.9753857528583016 | [ 1.95 -1.76] | -7.057372623237343
0.9669226045159359 | [-3.97  4.82] | -39.219901333294054
0.9573623465021378 | [ 2.11 -1.43] | -6.64649656503539
0.946928269367324 | [-3.81  5.14] | -41.09851256187509
0.9355333925495565 | [ 2.28 -1.12] | -6.608581190602618
0.9234294066240338 | [-3.63  5.44] | -42.91873616213039
0.91048916778424 | [ 2.46 -0.84] | -6.8981967277969165
0.896989538425637 | [-2.68  1.89] | -10.90160803988684
0.8827652795153106 | [ 3.4  -4.27] | -29.951184578705476
0.86811961844594 | [-2.52  2.39] | -12.19202248045391
0.8528518114248588 | [ 3.56 -3.8 ] | -27.241480839506547
0.8372864145688306 | [-2.35  2.84] | -13.758440620566398
0.8211893859098685 | [ 3.73 -3.36] | -25.349103890244965
0.8049058754341324 | [-2.18  3.26] | -15.5273411737402
0.7881708950173895 | [ 3.91 -2.96] | -24.157275679611633
0.7713485489872899 | [-2.    3.65] | -17.43502418223884
0.7541452186376404 | [ 4.09 -2.59] | -23.559853897561037
0.7369424295557852 | [-1.82  4.  ] | -19.427306419640438
0.7194201852471526 | [ 4.28 -2.25] | -23.46150857598767
0.7019759985379952 | [-1.63  4.32] | -21.458930623898244
0.6842656655108914 | [ 4.46 -1.94] | -23.77750722746779
0.6667013448271355 | [-1.45  4.61] | -23.492800825279893
0.6489166990024748 | [ 4.64 -1.67] | -24.43322897689122
0.631337278067435 | [-1.27  4.88] | -25.49912704246688
0.6135765788146818 | [ 4.82 -1.41] | -25.363503781711252
0.5960723700516621 | [-1.09  5.11] | -27.454541545366297
0.5784198388983305 | [ 5.   -1.19] | -26.511851123116887
0.5610678776441174 | [-0.91  5.33] | -29.34159000656464
0.5464819124029549 | [ 5.05 -2.49] | -31.833911972928394
0.535137709995387 | [-0.89  4.06] | -17.341286326174753
0.5273473068268922 | [ 5.01 -4.11] | -42.09010631893304
0.5235275349588415 | [-0.97  2.47] | -7.163063343180706
0.5205507811717128 | [ 5.01 -4.29] | -43.55392662768578
0.5188501778139711 | [-0.99  2.29] | -6.3192520621252415
0.5173598092665165 | [ 5.   -4.17] | -42.48353501750815
0.5165254157769986 | [-0.99  2.41] | -6.874033820416446
0.5156836840584645 | [ 5.   -3.95] | -40.74961085423724
0.5152857455764017 | [-1.    2.61] | -7.8951291026682275
0.5148016489517913 | [ 5.   -3.72] | -38.97634767423274
0.5146846796499658 | [-1.    2.83] | -9.097473665706621
0.5144450695813273 | [ 5.  -3.5] | -37.32791440551705
0.5145371091839572 | [-1.    3.05] | -10.384118191671826
0.5144843581218651 | [ 5.   -3.28] | -35.838860180856095
0.5147416476058716 | [-1.    3.26] | -11.714899046587275
0.5148377633669354 | [ 5.   -3.07] | -34.507448991005134
Total reward: -1167.7691131628064
-3.4, 0.6, -1.5, 0.1, -3.2, 0.5, -0.8, 4.1, -4.9, 0.6, 5.5, -4.0, -0.3, -4.4, 1.2, -6.0, 1.5, 2.3, -1.8, 2.0, 1.2, 1.9
parameter ends

state | action | reward
[1.] | [-1.93  1.99] | -7.98539835284812
0.9961290051545112 | [ 4.12 -4.23] | -35.159215221954064
0.9919886677380105 | [-1.82  2.38] | -9.258503165066289
0.9864491201300961 | [ 4.25 -3.85] | -33.16169588618144
0.9796790205371452 | [-1.69  2.74] | -10.661397141568033
0.9716699571517079 | [ 4.39 -3.5 ] | -31.792313830338514
0.962623617854944 | [-1.54  3.09] | -12.175628695396659
0.9524874265023392 | [ 4.54 -3.17] | -30.984256439687567
0.9414935633370147 | [-1.37  3.41] | -13.783479219759274
0.9295471643450681 | [ 4.71 -2.86] | -30.673824804724056
0.9169085511558672 | [-1.2  3.7] | -15.467869286677239
0.9034426855913991 | [ 4.89 -2.57] | -30.800726581046387
0.8894358483833358 | [-1.02  3.98] | -17.212396042259115
0.8747150973056139 | [ 5.07 -2.3 ] | -31.30832424030224
0.8595906429579844 | [-0.84  4.24] | -19.000674543153597
0.8472905358420051 | [ 5.03 -4.87] | -49.305486494941704
0.838423015505367 | [-0.93  1.74] | -4.200575117459103
0.8308758481271934 | [ 5.01 -5.68] | -57.65948127609936
0.8250027204723428 | [-0.97  0.95] | -2.147759735886507
0.8195801309998476 | [ 4.75 -4.45] | -42.73376375189228
0.8149218511206999 | [-1.23  2.13] | -6.367644743720498
0.8101495785549804 | [ 4.78 -4.12] | -40.09763256538027
0.8055753745080955 | [-1.21  2.46] | -7.789862895290193
0.8008867732587085 | [ 4.8  -3.81] | -37.84781838363509
0.7964023665059361 | [-1.18  2.76] | -9.317707098663966
0.7918028035145025 | [ 4.83 -3.51] | -35.939678756456814
0.7874128941246996 | [-1.15  3.05] | -10.92476102851539
0.7829067623300685 | [ 4.86 -3.23] | -34.333039436534484
0.7786151388159572 | [-1.12  3.32] | -12.588256402776116
0.7742059622504897 | [ 4.89 -2.96] | -32.99185781668235
0.7700156012828182 | [-1.09  3.58] | -14.28869453022232
0.7657061304468735 | [ 4.92 -2.71] | -31.88388572493805
0.7616192872596605 | [-1.06  3.82] | -16.009488467465722
0.7574115855631354 | [ 4.96 -2.48] | -30.98033988394656
0.7534298758160884 | [-1.03  4.05] | -17.736629343300734
0.7493253978279956 | [ 4.99 -2.26] | -30.25558556884248
0.7454498716437409 | [-1.    4.26] | -19.458357238406894
0.7415728674891333 | [ 5.02 -2.13] | -29.957811804096956
0.738049678056881 | [-0.97  4.39] | -20.486687652748856
0.7352072585643754 | [ 5.   -2.45] | -31.3063941189172
0.7333946530015619 | [-0.99  4.08] | -17.877717981382826
0.7316478441656615 | [ 5.   -2.37] | -30.90378992780383
0.7303250250504736 | [-1.    4.15] | -18.50873176623765
0.7289368363811269 | [ 5.   -2.22] | -30.19348604288861
0.7278453386675786 | [-1.   4.3] | -19.76328291524672
0.7266460380063171 | [ 5.   -2.05] | -29.46892525939249
0.7257031220487484 | [-1.    4.46] | -21.199167201478133
0.7246366234549126 | [ 5.   -1.88] | -28.80640051231015
0.7238121774560341 | [-1.    4.63] | -22.679879971102583
0.7228557921429474 | [ 5.   -1.72] | -28.21876740274881
Total reward: -1203.6550522683742
-3.4, 0.6, -1.5, 0.1, -3.2, 0.5, -0.8, 4.1, -4.9, 0.6, 5.5, -4.0, -0.3, -4.4, 1.2, -6.0, 1.5, 2.3, -1.8, 2.0, 1.2, 1.9
parameter ends

state | action | reward
[1.] | [-2.68  3.83] | -22.197079035891132
0.9999637711847912 | [ 3.37 -2.39] | -17.45807555292114
0.9988851764760663 | [-2.58  4.22] | -24.817115835531116
0.9963528611400018 | [ 3.48 -2.01] | -16.547084077328556
0.992491348149117 | [-2.46  4.58] | -27.4275137764994
0.987332354033975 | [ 3.61 -1.66] | -16.175892311962134
0.9810348204769295 | [-2.32  4.93] | -30.015435987623516
0.9735864893214964 | [ 3.76 -1.33] | -16.27984000028523
0.9651782328198778 | [-2.16  5.25] | -32.57039419307991
0.9557553739657103 | [ 3.92 -1.02] | -16.79878619301612
0.9455384013529542 | [-1.99  5.54] | -35.08359826521207
0.9344320550741751 | [ 4.1  -0.73] | -17.676865931631788
0.9226827456249549 | [-0.55 -0.5 ] | -0.9227988621347343
0.917497243989691 | [-2.24 21.02] | -447.28422549668323
0.8855028205422127 | [ 4.06 14.31] | -221.69753870756026
0.8495382573818443 | [  7.86 -26.77] | -778.9721719348832
0.8537779446848134 | [  1.72 -19.47] | -382.30300049020536
0.895823403752522 | [ -4.67 -12.49] | -178.12564301981314
0.9303636345162553 | [-8.56 28.88] | -907.881581530498
0.931937580771404 | [-2.49 21.83] | -483.11745789673216
0.9021820733290888 | [ 3.82 15.11] | -243.14807037806858
0.86821808596741 | [  7.63 -26.01] | -734.8907801146514
0.8718509245905797 | [  1.5  -18.73] | -353.5130098858676
0.9108524272174021 | [ -4.89 -11.77] | -162.82150291594556
0.9424136224296371 | [-8.77 29.59] | -953.0824550618185
0.9436236671518995 | [-2.7  22.54] | -515.6123786022423
0.9159330105718944 | [ 3.61 15.8 ] | -263.07088403113033
0.8838226565267586 | [  7.43 -25.34] | -697.4486391317125
0.8869510364777589 | [  1.31 -18.09] | -329.3566049935126
0.9232483622019608 | [ -5.07 -11.15] | -150.35566254322208
0.9521720747850937 | [-8.95 30.21] | -993.4214002060528
0.9530945947860859 | [-2.89 23.16] | -544.9255529460198
0.9272961689915018 | [ 3.42 16.41] | -281.3932707182192
0.8968911550394707 | [  7.25 -24.75] | -665.5330370478057
0.8995996574520262 | [  1.14 -17.53] | -308.9947177595858
0.9334977515138704 | [ -5.23 -10.6 ] | -140.14196914793254
0.9600883219221621 | [-9.11 30.76] | -1029.3358011825708
0.9607840765877762 | [-3.04 23.7 ] | -571.2628576391045
0.9367107843420577 | [ 3.27 16.94] | -298.1181363184539
0.9078657134276031 | [  7.1  -24.24] | -638.2343938348534
0.9102241211846507 | [  1.   -17.04] | -291.75487891063347
0.9419954442256611 | [ -5.37 -10.13] | -131.72454353409762
0.9665231509169034 | [-9.25 31.23] | -1061.2555861391745
0.9670403426757843 | [-3.18 24.17] | -594.8540852838339
0.944533241565449 | [ 3.13 17.41] | -313.2971562888566
0.9171084513443755 | [  6.97 -23.79] | -614.8078627616468
0.9191743210890285 | [  0.88 -16.61] | -277.0965332492161
0.9474968050304592 | [-5.32 -7.55] | -85.6938864131178
0.968203121583858 | [-9.15 33.75] | -1223.3642557272883
0.9661879939747907 | [-3.05 26.64] | -719.5538025035597
Total reward: -18861.415814369684
-3.4, 0.6, -1.5, 0.1, -3.2, 0.5, -0.8, 4.1, -4.9, 0.6, 5.5, -4.0, -0.3, -4.4, 1.2, -6.0, 1.5, 2.3, -1.8, 2.0, 1.2, 1.9
parameter ends

state | action | reward
[1.] | [-3.57  2.67] | -19.953947214320223
0.9987631992170317 | [ 2.48 -3.56] | -18.937956514524934
0.9960972115088057 | [-3.46  3.05] | -21.41776990808407
0.9920076982882835 | [ 2.6  -3.18] | -17.016107649915888
0.9866419548370858 | [-3.33  3.42] | -22.898002917860364
0.9800107549223607 | [ 2.74 -2.83] | -15.645290327285004
0.972295083544198 | [-3.18  3.76] | -24.38892880591151
0.9634616541898392 | [ 2.9 -2.5] | -14.768170643332423
0.9537226325518886 | [-3.02  4.08] | -25.885267589847974
0.9430023952001262 | [ 3.07 -2.19] | -14.330236374668072
0.9315419591684093 | [-2.85  4.37] | -27.381853593008884
0.9192253442215484 | [ 3.24 -1.9 ] | -14.279932834612488
0.9063202524516901 | [-2.67  4.65] | -28.87351566938193
0.892672501763737 | [ 3.43 -1.64] | -14.568798764993725
0.8785744612866977 | [-2.48  4.9 ] | -30.35506503993463
0.8638360088335975 | [ 3.61 -1.39] | -15.15157998657876
0.8487722978106789 | [-2.29  5.14] | -31.821347577897512
0.8331595789129038 | [ 3.81 -1.16] | -15.986306893001409
0.8173340310245532 | [-2.1   5.36] | -33.26732877313268
0.8010405971524577 | [ 4.   -0.96] | -17.03415805225421
0.7846344627123515 | [-1.7   4.52] | -23.473593023276646
0.7678315299716097 | [ 4.39 -1.77] | -22.575798712616837
0.7510055937811623 | [-1.52  4.77] | -25.163337332602328
0.733845781818264 | [ 4.57 -1.54] | -23.4340642375917
0.7167419227032105 | [-1.34  4.99] | -26.844676724574306
0.6993585150066806 | [ 4.75 -1.32] | -24.503331237103396
0.6821004426733235 | [-1.16  5.2 ] | -28.504525944387968
0.6646096413766328 | [ 4.93 -1.12] | -25.7444102393552
0.6473047882111059 | [-0.98  5.39] | -30.1318511963773
0.6304267783404377 | [ 5.08 -1.29] | -27.616054358833374
0.6144218792035787 | [-0.84  5.22] | -28.111387720658165
0.6032741933337464 | [ 5.02 -3.84] | -40.07273591175558
0.5974391046554395 | [-0.96  2.73] | -8.532367886218275
0.592703611742767 | [ 5.01 -4.2 ] | -42.84599094191602
0.5894782878329505 | [-0.99  2.38] | -6.772520452421196
0.5865497010400669 | [ 5.   -4.12] | -42.18905196634041
0.5843394204032357 | [-0.99  2.45] | -7.119836255675604
0.5821636850939325 | [ 5.   -3.92] | -40.567850075265234
0.5804502663433275 | [-1.    2.64] | -8.097522799717272
0.5786851304589425 | [ 5.  -3.7] | -38.825496495426435
0.5772990367934392 | [-1.    2.86] | -9.302140175570859
0.5758253948847232 | [ 5.   -3.47] | -37.18166375881355
0.5746967576794064 | [-1.    3.08] | -10.609336945735244
0.5734603027389569 | [ 5.   -3.25] | -35.685546374890826
0.5725498818667923 | [-1.    3.29] | -11.97247948181692
0.5715168028644484 | [ 5.   -3.03] | -34.34015678699512
0.5707959539396558 | [-1.   3.5] | -13.370030042153699
0.5699400749031671 | [ 5.   -2.83] | -33.13667290204965
0.5693849094261023 | [-1.   3.7] | -14.789007364011526
0.5686838971118053 | [ 5.   -2.63] | -32.06369409910896
Total reward: -1177.5386965738064
-3.4, 0.6, -1.5, 0.1, -3.2, 0.5, -0.8, 4.1, -4.9, 0.6, 5.5, -4.0, -0.3, -4.4, 1.2, -6.0, 1.5, 2.3, -1.8, 2.0, 1.2, 1.9
parameter ends

state | action | reward
[1.] | [-4.8   2.88] | -31.38283763052177
0.9996301036846321 | [ 1.24 -3.34] | -12.748697341110994
0.9999348165271312 | [-4.72  3.28] | -33.104398946468585
0.9987733792591745 | [ 1.32 -2.95] | -10.54521332424459
0.9962495500762293 | [-4.62  3.65] | -34.76821872588649
0.9924126127161395 | [ 1.43 -2.59] | -8.827577872360495
0.987401187524396 | [-4.5  4. ] | -36.37790067577814
0.981220897796551 | [ 1.56 -2.25] | -7.55117523609338
0.974042784359298 | [-4.37  4.33] | -37.93704295315907
0.9658302196980099 | [ 1.71 -1.92] | -6.673030802180166
0.9567843891323938 | [-4.22  4.65] | -39.44878613248836
0.9468281186635856 | [ 1.86 -1.62] | -6.151921505444151
0.936190613311977 | [-4.06  4.94] | -40.915614988602826
0.9247560678412863 | [ 2.02 -1.34] | -5.948521969701627
0.9127797202811369 | [-3.89  5.21] | -42.339302909621885
0.9001091900131881 | [ 2.19 -1.08] | -6.025556235055592
0.8870238878789987 | [-3.72  5.46] | -43.720949225451406
0.8733369961558136 | [ 2.37 -0.84] | -6.3478227588186105
0.859349136647225 | [-2.77  1.85] | -11.149942163059015
0.8448411156754837 | [ 3.3  -4.34] | -29.7485195265798
0.8301368250174462 | [-2.63  2.3 ] | -12.245616919633607
0.8149870571023743 | [ 3.45 -3.9 ] | -27.14491787336169
0.7997337789777443 | [-2.47  2.73] | -13.581967332191985
0.7840998101287945 | [ 3.61 -3.49] | -25.245434527986436
0.7684449399809877 | [-2.31  3.12] | -15.096431656354914
0.7524660971094493 | [ 3.77 -3.12] | -23.951046074273563
0.7365395371717962 | [-2.15  3.47] | -16.73504318860674
0.7203383064419678 | [ 3.93 -2.77] | -23.17222812485901
0.7042538529572268 | [-1.99  3.8 ] | -18.451997932021015
0.6879372633576554 | [ 4.09 -2.46] | -22.828856654343028
0.671793982004998 | [-1.83  4.1 ] | -20.209042053077486
0.6554549641038083 | [ 4.26 -2.17] | -22.849853622717006
0.6393385280253086 | [-1.66  4.38] | -21.974760227871375
0.623057225991696 | [ 4.42 -1.91] | -23.172662840823257
0.607041198095127 | [-1.5   4.63] | -23.723822443921602
0.590886219624672 | [ 4.58 -1.67] | -23.74262330207562
0.5750332666847903 | [-1.35  4.86] | -25.436231205265795
0.559062860696061 | [ 4.73 -1.45] | -24.51229096240519
0.5434258914076323 | [-1.19  5.07] | -27.096598027176924
0.5276890474945147 | [ 4.88 -1.25] | -25.44074601998837
0.5123122702476419 | [-1.04  5.25] | -28.693467087536337
0.49684973706412816 | [ 5.03 -1.07] | -26.49291054149838
0.48176963599174305 | [-0.9   5.42] | -30.21820875575564
0.47028856161815785 | [ 5.03 -2.73] | -32.783298798335345
0.46285674766586715 | [-0.93  3.8 ] | -15.34784078010683
0.4576538110034655 | [ 5.01 -3.65] | -38.3994482366567
0.45511008854716917 | [-0.98  2.9 ] | -9.404729699495828
0.453105301017158 | [ 5.   -3.73] | -38.939942688239775
0.4520965070969399 | [-0.99  2.82] | -8.9491298803203
0.45117272541746 | [ 5.  -3.6] | -37.993151525808884
Total reward: -1155.5473299053351
-3.4, 0.6, -1.5, 0.1, -3.2, 0.5, -0.8, 4.1, -4.9, 0.6, 5.5, -4.0, -0.3, -4.4, 1.2, -6.0, 1.5, 2.3, -1.8, 2.0, 1.2, 1.9
parameter ends

state | action | reward
[1.] | [-3.15  3.36] | -21.560175984459605
0.9999994049847516 | [ 2.88 -2.86] | -16.83488629425449
0.9992089583602065 | [-3.08  3.75] | -23.868779057983915
0.9969624002447051 | [ 2.97 -2.48] | -15.315887071941154
0.9933799264200464 | [-2.97  4.12] | -26.190284770996968
0.9884968940522003 | [ 3.08 -2.11] | -14.325113282455035
0.9824680079729599 | [-2.85  4.48] | -28.515501614488283
0.9752847166143088 | [ 3.21 -1.77] | -13.80771804056286
0.9671337557294432 | [-2.72  4.81] | -30.836152157260276
0.9579641910237752 | [ 3.36 -1.45] | -13.71138742777972
0.9479924832332336 | [-2.57  5.12] | -33.14449386601275
0.9371271243077206 | [ 3.51 -1.15] | -13.986477751674547
0.925612150789189 | [-2.41  5.41] | -35.43315361143728
0.9133174891601027 | [ 3.68 -0.86] | -14.586239549499343
0.9005118453226948 | [-1.6   2.48] | -9.019961267657685
0.8870285950701315 | [ 4.47 -3.7 ] | -34.04716248905088
0.8731619511757858 | [-1.45  2.94] | -11.0909274469021
0.8587111832407313 | [ 4.62 -3.26] | -32.266277154410034
0.8439915847557148 | [-1.3   3.37] | -13.39204489492964
0.8287704275790916 | [ 4.77 -2.84] | -31.174953164402474
0.8133833059272735 | [-1.15  3.77] | -15.86162312427423
0.7975677166157172 | [ 4.93 -2.46] | -30.676558913114714
0.7816780120688503 | [-0.99  4.14] | -18.445435889851996
0.7657751989432052 | [ 5.08 -2.34] | -31.547491393511525
0.7502516062630834 | [-0.85  4.25] | -19.10628470773342
0.7385721008582741 | [ 5.02 -4.66] | -47.251409072267634
0.7312345805358309 | [-0.96  1.98] | -5.1463724593762175
0.7249077875422332 | [ 5.01 -4.93] | -49.70414625131938
0.7199611721040177 | [-0.98  1.71] | -4.211912710353846
0.7153800163879277 | [ 5.   -4.78] | -48.21052910394589
0.7115322128865825 | [-0.99  1.86] | -4.731799629748367
0.7078332247624021 | [ 5.   -4.51] | -45.71928318002135
0.7046550471529195 | [-0.99  2.11] | -5.749639045552157
0.7015467110474095 | [ 5.   -4.22] | -43.17102732156837
0.698883762518377 | [-0.99  2.39] | -7.008495785089339
0.6962505589564915 | [ 5.   -3.93] | -40.800555138265636
0.694025560833695 | [-0.99  2.67] | -8.418919962204106
0.6918021865138141 | [ 5.   -3.65] | -38.65652881063297
0.6899613581418246 | [-1.    2.94] | -9.939991612156733
0.6880985900439971 | [ 5.   -3.38] | -36.73877859312969
0.6865969106670148 | [-1.   3.2] | -11.547196246407374
0.6850522865520479 | [ 5.   -3.12] | -35.03457561382819
0.6838495459954236 | [-1.    3.45] | -13.221958472831858
0.6825848638826666 | [ 5.   -2.87] | -33.52813640932815
0.6816445934883786 | [-1.   3.7] | -14.948346002789492
0.6806252078967401 | [ 5.   -2.63] | -32.2032252070283
0.6799143365034257 | [-1.    3.93] | -16.71208438443872
0.6791088921518325 | [ 5.  -2.4] | -31.04395702977545
0.6785975555169914 | [-1.    4.15] | -18.500279088870343
0.6779778036556827 | [ 5.   -2.18] | -30.035105829459752
Total reward: -1180.9792238870339
-3.4, 0.6, -1.5, 0.1, -3.2, 0.5, -0.8, 4.1, -4.9, 0.6, 5.5, -4.0, -0.3, -4.4, 1.2, -6.0, 1.5, 2.3, -1.8, 2.0, 1.2, 1.9
parameter ends

state | action | reward
[1.] | [-5.15  3.2 ] | -36.83875132039217
0.9996788924496995 | [ 0.89 -3.02] | -10.017644620980294
0.9976690619700911 | [-4.91  5.46] | -54.047544476645314
0.9934055876498588 | [ 1.17 -0.81] | -2.1122712260546685
0.9871734577239396 | [-3.86  1.37] | -16.86066678988507
0.9790331216629203 | [ 2.21 -4.76] | -27.65582911876167
0.9692120252681384 | [-3.71  1.92] | -17.53875660007667
0.9577174170848364 | [ 2.38 -4.23] | -23.598211338969975
0.9448141949576955 | [-3.53  2.44] | -18.498123996020965
0.9304573436505401 | [ 2.56 -3.73] | -20.563371309048264
0.9149456708099339 | [-3.34  2.92] | -19.690330879749204
0.898183906732436 | [ 2.77 -3.27] | -18.43814282194464
0.880501262072999 | [-3.12  3.36] | -21.06859137909318
0.8617547125435923 | [ 2.99 -2.85] | -17.11191464332548
0.8423007022843371 | [-2.89  3.77] | -22.588831772756723
0.8219512943955553 | [ 3.22 -2.46] | -16.47876199876231
0.8010872953014427 | [-2.66  4.14] | -24.21047179655153
0.7794789156895777 | [ 3.46 -2.11] | -16.439018608164403
0.7575287168992265 | [-2.42  4.47] | -25.896958317260495
0.7349682341409968 | [ 3.7  -1.78] | -16.90036650154693
0.7122194100772543 | [-2.18  4.78] | -27.616094081691422
0.6889783165093024 | [ 3.94 -1.49] | -17.77852731122402
0.6656841117125581 | [-1.94  5.06] | -29.340189340631042
0.6420005870113986 | [ 4.18 -1.23] | -18.99757337451156
0.6183821363194525 | [-1.7  5.3] | -31.04592489656929
0.5944633748827524 | [ 4.41 -1.  ] | -20.489686201403554
0.5707120806159472 | [-1.45  5.43] | -31.589844997051003
0.5467366806869276 | [ 4.66 -0.88] | -22.534376856060252
0.5230156869406475 | [-0.65  2.8 ] | -8.297458856510424
0.5109983663748766 | [ 4.98 -9.46] | -114.21216021761373
0.5111341495679526 | [-1.04 -2.74] | -8.579415310151273
0.511058477062203 | [-4.62 38.53] | -1506.1484143113103
0.44143181453065106 | [ 1.74 31.37] | -987.2920706906559
0.3707173273822835 | [  5.65 -10.31] | -138.29802898097847
0.37373893921249574 | [-0.37 -3.57] | -12.938668027211612
0.3993860701248383 | [-4.83 26.84] | -743.8729840024971
0.3743237143257129 | [ 1.3  19.98] | -400.73722330259005
0.3497157298473654 | [  4.99 -21.42] | -483.823638589696
0.39909348963910873 | [ -1.24 -14.4 ] | -209.001101171844
0.44617930683294366 | [-5.05 27.16] | -763.1620981027422
0.42076647718249494 | [ 1.08 20.29] | -412.75626048845277
0.3957541065830811 | [  4.78 -21.12] | -468.85135777921806
0.44320203713259193 | [ -1.45 -14.11] | -201.0933957428537
0.4883246458899575 | [-5.26 27.45] | -781.2721732946591
0.4626873084710049 | [ 0.88 20.57] | -424.0990632649113
0.433089474120187 | [  4.75 -18.75] | -374.0520352996204
0.47049768198957126 | [ -1.44 -11.79] | -141.21370192175692
0.5061535989818969 | [-5.21 29.71] | -909.5394921709453
0.472070437851679 | [ 0.98 22.77] | -519.5516047259285
0.4373496601120436 | [  4.76 -18.29] | -357.23788009951363
Total reward: -10591.977002926793
-3.4, 0.6, -1.5, 0.1, -3.2, 0.5, -0.8, 4.1, -4.9, 0.6, 5.5, -4.0, -0.3, -4.4, 1.2, -6.0, 1.5, 2.3, -1.8, 2.0, 1.2, 1.9
parameter ends

state | action | reward
[1.] | [-2.34  3.19] | -15.943725565519532
0.9927741929402717 | [ 3.72 -3.03] | -23.377892966004335
0.9873941232624982 | [-2.22  3.57] | -18.00629304365448
0.9806366340016928 | [ 3.85 -2.66] | -22.22351078527756
0.9726882311055399 | [-2.08  3.94] | -20.137686937088706
0.9635243538114039 | [ 4.   -2.31] | -21.623424143189126
0.9533639467992904 | [-1.92  4.28] | -22.323012000529772
0.9421382417554794 | [ 4.16 -1.98] | -21.515372408647462
0.9300960631543305 | [-1.76  4.6 ] | -24.547915548939788
0.9171264386909372 | [ 4.33 -1.67] | -21.84002974568031
0.9035057055170941 | [-1.58  4.9 ] | -26.798511638594583
0.8890829115468327 | [ 4.51 -1.38] | -22.54130451019122
0.8741597128026916 | [-1.4   5.18] | -29.061443062161576
0.8585475424282635 | [ 4.69 -1.11] | -23.566593669487155
0.8425713384831853 | [-1.21  5.43] | -31.323994938657254
0.8260073595655875 | [ 4.88 -0.86] | -24.866876147276848
0.8092007256260398 | [-0.36  2.35] | -5.982954006373523
0.8072020862254919 | [  4.84 -14.98] | -248.20858012542197
0.8201401850496631 | [-1.31 -8.07] | -67.1723118608915
0.8322978742824233 | [-4.96 33.22] | -1128.599001769692
0.7987870793097123 | [ 1.35 26.09] | -682.916784135316
0.7634858485497081 | [  5.16 -15.41] | -264.34167998256356
0.7785496010220485 | [-0.99 -8.49] | -73.29532131569121
0.7929471211802414 | [-4.66 32.67] | -1089.6191417657265
0.757614815827019 | [ 1.65 25.55] | -655.9608534531379
0.7208395331959783 | [  5.44 -15.94] | -283.89046947153787
0.7383205739159714 | [-0.72 -9.  ] | -81.83599601093665
0.7621463286541397 | [-4.77 27.41] | -774.2662504327516
0.7406113573340893 | [ 1.43 20.42] | -419.2596671103501
0.7188993353649875 | [  5.12 -20.94] | -464.9363526468678
0.7514159658525682 | [ -1.14 -13.87] | -194.12917107851368
0.7814643306805841 | [-4.91 27.56] | -784.1190161156608
0.7602942573152023 | [ 1.29 20.57] | -425.15367976617574
0.738885344145812 | [  4.99 -20.79] | -457.3603173961602
0.7699896370032074 | [ -1.27 -13.73] | -190.40100607831087
0.7986584424278002 | [-5.03 27.71] | -793.2684759668856
0.7778669931409135 | [ 1.17 20.71] | -430.655456489623
0.7567775524244122 | [  4.87 -20.65] | -450.4471297676234
0.7865772289813392 | [ -1.39 -13.59] | -187.03451803511598
0.813974296507868 | [-5.15 27.84] | -801.7580332314207
0.7935681942800761 | [ 1.06 20.84] | -435.7850565881695
0.7728077349321829 | [  4.76 -20.52] | -444.13553232554875
0.8014036179598077 | [ -1.5  -13.47] | -183.99086172640742
0.8276293753671558 | [-5.26 27.96] | -809.6297076318571
0.8076096764333297 | [ 0.95 20.96] | -440.5625874638326
0.7860008630156124 | [  4.72 -19.57] | -405.5724082256623
0.8113560091200611 | [ -1.52 -12.54] | -159.87675904294355
0.8346815597665976 | [-5.25 28.86] | -861.0604586713288
0.812662539702005 | [ 0.97 21.84] | -478.393797828118
0.7893592462246339 | [  4.73 -19.07] | -386.18845549964374
Total reward: -15929.505380127157
-3.4, 0.6, -1.5, 0.1, -3.2, 0.5, -0.8, 4.1, -4.9, 0.6, 5.5, -4.0, -0.3, -4.4, 1.2, -6.0, 1.5, 2.3, -1.8, 2.0, 1.2, 1.9
parameter ends

state | action | reward
[1.] | [-2.65  2.73] | -14.749448428615581
0.9978041376620372 | [ 3.4  -3.49] | -23.958057191721355
0.9944985188194545 | [-2.55  3.12] | -16.446813505722197
0.989778259036686 | [ 3.52 -3.11] | -22.314131168152013
0.9838000215656021 | [-2.41  3.48] | -18.20381442327425
0.9765663562655675 | [ 3.66 -2.76] | -21.246032275805977
0.9682673521206326 | [-2.27  3.82] | -20.007749263872284
0.9588614237242643 | [ 3.81 -2.43] | -20.691245582327976
0.9485695610915524 | [-2.11  4.14] | -21.846770036649033
0.9373078336284314 | [ 3.98 -2.12] | -20.590460490767118
0.9253257906469831 | [-1.93  4.44] | -23.709625020244626
0.9124991953920468 | [ 4.16 -1.83] | -20.887741842500947
0.8991039805995744 | [-1.75  4.72] | -25.585576631145567
0.8849778097172102 | [ 4.34 -1.57] | -21.530684496499756
0.8704209736785764 | [-1.57  4.98] | -27.464407223316545
0.8552353422444785 | [ 4.53 -1.32] | -22.47053155455143
0.8397436766332819 | [-1.38  5.21] | -29.33647305480773
0.8237144036486792 | [ 4.71 -1.09] | -23.662244895954977
0.8074909926165905 | [-1.19  5.43] | -31.192777957325887
0.7908107785130667 | [ 4.9  -0.88] | -25.06421042424026
0.7740352243621056 | [-0.42  2.77] | -8.090073033048418
0.771598095507139 | [  4.87 -13.44] | -204.65380602440538
0.7836580353324534 | [-1.26 -6.6 ] | -45.35550366430066
0.795056257076283 | [-4.9  34.66] | -1225.6297660705707
0.7566518757906281 | [ 1.43 27.49] | -758.2402299301948
0.7164458635467361 | [  5.26 -14.07] | -225.78957900529474
0.7308130620538913 | [-0.87 -7.2 ] | -52.914920723150146
0.7478630603344014 | [-4.7  31.81] | -1034.2512083625033
0.7143245019954697 | [ 1.57 24.71] | -613.288031757017
0.6799451739402784 | [  5.35 -16.78] | -310.5481141777227
0.7031300675013246 | [-0.83 -9.85] | -97.97379611627687
0.7296334093880465 | [-4.76 28.53] | -836.6371727872174
0.7051441378838564 | [ 1.44 21.5 ] | -464.7708946186645
0.6804656650445041 | [  5.16 -19.9 ] | -423.0732691498824
0.7131419927154242 | [ -1.09 -12.89] | -167.63253680406302
0.7435775591153172 | [-4.84 28.52] | -836.8890346710938
0.7193303967210023 | [ 1.37 21.49] | -464.11392656401136
0.6948487806752704 | [  5.08 -19.91] | -422.6299262523721
0.7266200992148216 | [ -1.16 -12.9 ] | -167.990675316536
0.7561699375967305 | [-4.92 28.51] | -837.1005992478636
0.732166061556614 | [ 1.3  21.48] | -463.4993210099355
0.7078849236274215 | [  5.01 -19.92] | -422.250728978378
0.738819606848946 | [ -1.23 -12.91] | -168.3429549773729
0.7675517815061084 | [-4.98 28.5 ] | -837.2775629704432
0.7437894405516031 | [ 1.23 21.47] | -462.9248951414018
0.7197094506816647 | [  4.95 -19.93] | -421.9266355086347
0.749871180996022 | [ -1.3  -12.91] | -168.68656921657433
0.7778488855739408 | [-5.05 28.49] | -837.4248155420307
0.7543240192411244 | [ 1.17 21.47] | -462.3884753632712
0.7304434907368917 | [  4.89 -19.94] | -421.6498408835123
Total reward: -14314.90365933524
-3.4, 0.6, -1.5, 0.1, -3.2, 0.5, -0.8, 4.1, -4.9, 0.6, 5.5, -4.0, -0.3, -4.4, 1.2, -6.0, 1.5, 2.3, -1.8, 2.0, 1.2, 1.9
parameter ends

state | action | reward
[1.] | [-4.39  4.36] | -38.52292760386293
0.9999258225523883 | [ 1.66 -1.86] | -6.516812174010347
0.998707304318488 | [-4.29  4.74] | -41.16878949744694
0.9960400913307115 | [ 1.77 -1.49] | -5.640391105033967
0.9920505601792099 | [-4.16  5.11] | -43.698526029381945
0.9867684541203606 | [ 1.91 -1.14] | -5.203675477681031
0.980354477212155 | [-4.02  5.45] | -46.114703539271
0.9727944249058887 | [ 2.06 -0.81] | -5.156725708006902
0.9642800676290894 | [-2.96  1.26] | -10.601291382112167
0.9547545800104504 | [ 3.1  -4.86] | -33.5439528482416
0.9444407972212985 | [-2.83  1.84] | -11.679447303477446
0.9332416140996833 | [ 3.24 -4.3 ] | -29.22960755884579
0.9214065578280908 | [-2.69  2.38] | -13.173511071241956
0.9088000161120197 | [ 3.39 -3.78] | -26.014758082375778
0.8956968963731945 | [-2.53  2.89] | -14.983412044993417
0.8819252453663916 | [ 3.56 -3.29] | -23.75178830811244
0.8677834735956824 | [-2.36  3.35] | -17.02093171737585
0.8530655205099424 | [ 3.73 -2.85] | -22.304239644283957
0.8380915430703714 | [-2.18  3.77] | -19.209949482784484
0.8226236281288922 | [ 3.91 -2.45] | -21.547915381150993
0.8070020336822755 | [-2.    4.15] | -21.486111300082147
0.7909592328042159 | [ 4.1  -2.08] | -21.371257259589093
0.7748540422477527 | [-1.81  4.5 ] | -23.796107897069543
0.7583915153863089 | [ 4.29 -1.75] | -21.675189652988504
0.7419475816071075 | [-1.62  4.82] | -26.0967102276953
0.7252020019420797 | [ 4.48 -1.45] | -22.372593599487246
0.7085464623571816 | [-1.43  5.11] | -28.35367760882312
0.6916374759666526 | [ 4.67 -1.17] | -23.387540673662762
0.6748812139654391 | [-1.24  5.36] | -30.540624882117157
0.6579128916021006 | [ 4.85 -0.93] | -24.654424424798574
0.6411514391659402 | [-0.72  3.93] | -16.146164457208116
0.632980190420553 | [ 4.98 -7.27] | -77.90436401538695
0.6338094626280361 | [-1.03 -0.6 ] | -1.6454684104014314
0.6344295025402199 | [-2.7  31.12] | -976.1734065817171
0.571975570761598 | [ 3.67 24.19] | -598.972524589632
0.5075585463982091 | [  7.6  -17.32] | -358.0341742930078
0.5110816701534661 | [  1.57 -10.44] | -111.65220833471814
0.5807239162665951 | [-4.8  -3.66] | -36.676575825180215
0.6449053839277605 | [-8.76 37.73] | -1500.6415856638996
0.6453119249395952 | [-2.74 30.66] | -948.0201767417797
0.5833081643754854 | [ 3.62 23.74] | -576.8075447153376
0.5192374232240923 | [  7.55 -17.75] | -372.2770979979043
0.5225010224227382 | [  1.52 -10.84] | -119.9481365530157
0.5913161775512819 | [-4.85 -4.05] | -40.17749488276557
0.6546441744318433 | [-8.8  37.32] | -1470.664347732332
0.6548554099732787 | [-2.78 30.24] | -922.240935002411
0.5932650534825494 | [ 3.59 23.32] | -556.7000434882676
0.5295149918285535 | [  7.51 -18.15] | -385.9243119776789
0.5325510943520089 | [  1.48 -11.21] | -127.97173820839011
0.6006259417530684 | [-4.89 -4.41] | -43.64839104910316
Total reward: -9921.044284006142
-3.4, 0.6, -1.5, 0.1, -3.2, 0.5, -0.8, 4.1, -4.9, 0.6, 5.5, -4.0, -0.3, -4.4, 1.2, -6.0, 1.5, 2.3, -1.8, 2.0, 1.2, 1.9
parameter ends

state | action | reward
[1.] | [-2.72  2.38] | -13.287038937691278
0.9997412073771107 | [ 3.32 -3.84] | -26.01162822380409
0.999872635709366 | [-2.64  2.77] | -14.875122546658266
0.9985331946701647 | [ 3.41 -3.46] | -23.85621334637108
0.9958296807001745 | [-2.54  3.14] | -16.52161490278826
0.9918094617521747 | [ 3.52 -3.1 ] | -22.298680598864465
0.9866142190831143 | [-2.41  3.49] | -18.213660140967235
0.980247525909601 | [ 3.66 -2.77] | -21.277118565228694
0.9728834876220079 | [-2.27  3.81] | -19.939898243381144
0.9644833096390786 | [ 3.81 -2.45] | -20.732967569999246
0.955251229079345 | [-2.12  4.12] | -21.689981279440627
0.945107806189428 | [ 3.96 -2.15] | -20.611055818908174
0.934285270874412 | [-1.95  4.4 ] | -23.45430738129045
0.9226654721092222 | [ 4.13 -1.88] | -20.85965373843953
0.9105066337204754 | [-1.78  4.67] | -25.2238843650734
0.8976539677662989 | [ 4.31 -1.62] | -21.430523154022172
0.8843898213441159 | [-1.61  4.91] | -26.990278495891047
0.8705249258266239 | [ 4.48 -1.39] | -22.278945376726192
0.8563639987694722 | [-1.43  5.14] | -28.745614436955982
0.8416854812303031 | [ 4.66 -1.17] | -23.363718726090056
0.8268148172400597 | [-1.25  5.35] | -30.482601569397602
0.8115003437739378 | [ 4.84 -0.96] | -24.647007427670033
0.7960863686502498 | [-0.89  4.65] | -22.702714652396942
0.7831120415053096 | [ 5.04 -3.62] | -38.78512086251934
0.7730785173897039 | [-0.91  2.96] | -9.864514189606545
0.7651574625585955 | [ 5.01 -4.83] | -48.75331641144062
0.7597344044686961 | [-0.97  1.77] | -4.349016703655484
0.7548830622218328 | [ 5.01 -4.91] | -49.435071433875464
0.750951167593381 | [-0.99  1.7 ] | -4.104507290595853
0.7471988119732706 | [ 5.   -4.73] | -47.65363777966962
0.7439765251709237 | [-0.99  1.87] | -4.735206739818251
0.7408042549981027 | [ 5.   -4.48] | -45.33186203823584
0.7380366401334469 | [-0.99  2.11] | -5.700435545091074
0.7352705271521527 | [ 5.   -4.22] | -43.0376417778098
0.7328639749781244 | [-1.    2.37] | -6.837498985580692
0.7304336260530305 | [ 5.   -3.96] | -40.91036339763182
0.7283404311153563 | [-1.    2.62] | -8.086031624388777
0.7262053473307291 | [ 5.  -3.7] | -38.97588064015631
0.7243918368853405 | [-1.    2.86] | -9.417363680162367
0.7225211057686299 | [ 5.   -3.46] | -37.23031734786447
0.7209588201184468 | [-1.   3.1] | -10.81366343523212
0.7193255259096905 | [ 5.   -3.23] | -35.662287379645974
0.7179888252743291 | [-1.    3.32] | -12.261150062962939
0.7165685304335665 | [ 5. -3.] | -34.258760634659225
0.7154339389955009 | [-1.    3.54] | -13.747953034586509
0.7142042543842012 | [ 5.   -2.79] | -33.00666693320749
0.7132502520573826 | [-1.    3.75] | -15.263455264186875
0.7121906804618133 | [ 5.   -2.58] | -31.893377761811916
0.7113975959790734 | [-1.    3.95] | -16.79808808776973
0.7104894326438485 | [ 5.   -2.38] | -30.906877618678944
Total reward: -1187.3142961589
